0 0.58368 0.500891 0.000465564
1 0.58368 0.501808 0.00060532
2 0.592987 0.507166 0.00083937
3 0.592987 0.50498 0.000529199
4 0.592987 0.502932 0.00066762
5 0.612051 0.502028 0.000939107
6 0.612051 0.502522 0.000715353
7 0.619514 0.502933 0.00108046
8 0.653368 0.500817 0.00126467
9 0.653368 0.503977 0.00134714
10 0.653368 0.505976 0.0012923
11 0.653368 0.509261 0.00132913
12 0.653368 0.507415 0.00189778
13 0.653368 0.506854 0.00178155
14 0.653368 0.509284 0.00184038
15 0.653368 0.504982 0.00167495
16 0.653368 0.504674 0.00159144
17 0.653368 0.504364 0.00147399
18 0.653368 0.508838 0.00222584
19 0.653368 0.508182 0.00163545
20 0.657524 0.509002 0.00209388
21 0.657524 0.506239 0.00181455
22 0.657524 0.511487 0.00160134
23 0.657524 0.50483 0.0019488
24 0.657524 0.50563 0.001632
25 0.657524 0.51125 0.00186326
26 0.668301 0.511026 0.00198823
27 0.668301 0.511639 0.0021759
28 0.668301 0.510211 0.0030126
29 0.668301 0.520506 0.00263559
30 0.668301 0.508434 0.00235021
31 0.668301 0.507001 0.00225481
32 0.715832 0.508899 0.00269041
33 0.715832 0.507828 0.00241484
34 0.715832 0.505003 0.00242251
35 0.715832 0.512075 0.00269898
36 0.715832 0.511117 0.00327607
37 0.715832 0.518498 0.00290811
38 0.715832 0.509873 0.00262492
39 0.715832 0.511122 0.00276377
40 0.715832 0.516076 0.00288934
41 0.715832 0.508642 0.00331773
42 0.715832 0.509807 0.00281781
43 0.715832 0.50925 0.00322577
44 0.715832 0.510155 0.00262822
45 0.715832 0.507463 0.00252465
46 0.715832 0.512484 0.00335815
47 0.715832 0.511173 0.00292374
48 0.715832 0.517655 0.00300362
49 0.715832 0.515603 0.00359793
50 0.715832 0.511279 0.00340752
51 0.715832 0.509142 0.00377219
52 0.715832 0.509531 0.00343794
53 0.715832 0.508288 0.00395295
54 0.715832 0.516513 0.00353618
55 0.715832 0.509585 0.00410387
56 0.715832 0.517957 0.00390315
57 0.715832 0.518707 0.00377661
58 0.715832 0.512266 0.00340612
59 0.715832 0.514889 0.00356056
60 0.715832 0.516154 0.00334552
61 0.715832 0.511622 0.00374137
62 0.715832 0.511567 0.00374439
63 0.715832 0.511471 0.00380129
64 0.715832 0.516065 0.00408319
65 0.715832 0.51534 0.00392545
66 0.715832 0.517856 0.00408901
67 0.715832 0.511677 0.00408849
68 0.715832 0.51198 0.00359841
69 0.715832 0.516618 0.00396799
70 0.715832 0.507329 0.00383251
71 0.715832 0.514234 0.00344516
72 0.715832 0.517853 0.00350715
73 0.715832 0.519203 0.00384886
74 0.715832 0.520199 0.00440879
75 0.715832 0.516059 0.00399564
76 0.715832 0.515737 0.00376947
77 0.715832 0.521475 0.00444464
78 0.715832 0.522234 0.00444461
79 0.715832 0.519626 0.00422001
80 0.715832 0.520423 0.0036003
81 0.715832 0.526456 0.00381049
82 0.715832 0.521529 0.00405604
83 0.715832 0.519957 0.00382505
84 0.715832 0.510826 0.00360468
85 0.715832 0.515445 0.00312952
86 0.715832 0.519322 0.00468679
87 0.715832 0.519174 0.00489702
88 0.715832 0.515508 0.00431216
89 0.715832 0.516231 0.00465232
90 0.715832 0.511762 0.00517297
91 0.715832 0.514926 0.00440817
92 0.715832 0.514299 0.00410402
93 0.715832 0.50624 0.00341827
94 0.74249 0.510581 0.00491533
95 0.74249 0.517186 0.00461505
96 0.74249 0.512564 0.00481295
97 0.74249 0.517166 0.00541264
98 0.74249 0.517031 0.00463523
99 0.74249 0.524301 0.00490228
100 0.74249 0.522608 0.00500612
101 0.74249 0.514969 0.00519902
102 0.74249 0.515603 0.00482202
103 0.74249 0.519933 0.00405792
104 0.74249 0.52186 0.00455003
105 0.74249 0.514452 0.00488744
106 0.74249 0.516223 0.00452421
107 0.74249 0.515266 0.00548246
108 0.74249 0.525861 0.00537562
109 0.74249 0.527938 0.00479285
110 0.74249 0.516005 0.0048445
111 0.74249 0.511094 0.00510895
112 0.74249 0.522978 0.005019
113 0.750269 0.525611 0.0056268
114 0.750269 0.518191 0.00512459
115 0.750269 0.517183 0.00472419
116 0.750269 0.518055 0.00520242
117 0.750269 0.521577 0.00483359
118 0.750269 0.517 0.00470851
119 0.750269 0.520017 0.00526546
120 0.750269 0.517646 0.00459394
121 0.750269 0.518939 0.00539433
122 0.750269 0.529049 0.0049061
123 0.750269 0.525823 0.00468556
124 0.750269 0.531164 0.00474199
125 0.750269 0.523154 0.00402991
126 0.750269 0.522215 0.00426859
127 0.750269 0.526021 0.00453111
128 0.750269 0.529459 0.0055074
129 0.750269 0.522199 0.00528728
130 0.750269 0.52847 0.0047606
131 0.750269 0.524 0.00511554
132 0.750269 0.527562 0.0039651
133 0.750269 0.527849 0.0041835
134 0.750269 0.528692 0.00467066
135 0.750269 0.525223 0.00480464
136 0.750269 0.525242 0.00463378
137 0.750269 0.52053 0.00519745
138 0.750269 0.52762 0.00412091
139 0.750269 0.519181 0.00404947
140 0.750269 0.526957 0.00503598
141 0.750269 0.524024 0.00481489
142 0.750269 0.52756 0.00447912
143 0.750269 0.525908 0.00422298
144 0.750269 0.515947 0.00504133
145 0.750269 0.519146 0.0056323
146 0.750269 0.521532 0.00486123
147 0.750269 0.516943 0.00479657
148 0.750269 0.524562 0.00397373
149 0.750269 0.523284 0.00469475
150 0.750269 0.523887 0.0056153
151 0.750269 0.522338 0.00524705
152 0.750269 0.520004 0.00537896
153 0.750269 0.52487 0.00489198
154 0.750269 0.524412 0.00450986
155 0.750269 0.513089 0.00486842
156 0.750269 0.515765 0.00525143
157 0.750269 0.518417 0.00472737
158 0.750269 0.52195 0.00413223
159 0.750269 0.517346 0.00514497
160 0.750269 0.514948 0.00439197
161 0.750269 0.527992 0.0048728
162 0.750269 0.517525 0.00452177
163 0.750269 0.523497 0.00452356
164 0.750269 0.512485 0.00568954
165 0.750269 0.525678 0.00443259
166 0.750269 0.516037 0.00453025
167 0.750269 0.525133 0.00505004
168 0.750269 0.52159 0.00535067
169 0.750269 0.519967 0.00639516
170 0.750269 0.517577 0.00492443
171 0.750269 0.519534 0.00512586
172 0.750269 0.517294 0.00535939
173 0.750269 0.522587 0.00509578
174 0.750269 0.521864 0.00440346
175 0.750269 0.518077 0.00492579
176 0.750269 0.516635 0.00435619
177 0.750269 0.524766 0.00422192
178 0.750269 0.51881 0.00597831
179 0.750269 0.521107 0.00511882
180 0.750269 0.510972 0.00402304
181 0.750269 0.513216 0.004347
182 0.750269 0.523403 0.00472993
183 0.750269 0.521653 0.00433198
184 0.750269 0.519193 0.00560637
185 0.750269 0.521079 0.00544214
186 0.750269 0.519212 0.00547819
187 0.750269 0.52616 0.00529588
188 0.750269 0.515131 0.00565917
189 0.750269 0.519232 0.00454232
190 0.750269 0.525521 0.00441077
191 0.750269 0.521019 0.00533714
192 0.750269 0.516997 0.00469244
193 0.756806 0.514938 0.00562464
194 0.756806 0.513151 0.00489444
195 0.756806 0.508749 0.00519889
196 0.756806 0.523641 0.0055125
197 0.756806 0.519102 0.00551032
198 0.756806 0.516651 0.00469044
199 0.756806 0.525316 0.00559791
200 0.756806 0.530535 0.00545449
201 0.756806 0.530008 0.00490201
202 0.756806 0.519128 0.00601272
203 0.756806 0.517015 0.00472033
204 0.756806 0.514325 0.00503177
205 0.756806 0.517609 0.00523587
206 0.756806 0.519556 0.00511344
207 0.756806 0.52118 0.00605725
208 0.756806 0.519601 0.00460443
209 0.756806 0.516258 0.00469317
210 0.756806 0.524006 0.00505705
211 0.756806 0.523182 0.00552593
212 0.756806 0.521174 0.00460413
213 0.756806 0.522611 0.00485036
214 0.756806 0.522553 0.00502096
215 0.756806 0.513338 0.0044471
216 0.756806 0.516388 0.00456555
217 0.756806 0.531778 0.0044517
218 0.756806 0.524675 0.00440406
219 0.756806 0.528514 0.00453109
220 0.756806 0.522244 0.00467937
221 0.756806 0.521318 0.00440249
222 0.756806 0.533532 0.00424879
223 0.756806 0.529586 0.00542026
224 0.756806 0.52418 0.00465969
225 0.756806 0.523081 0.00516124
226 0.756806 0.52361 0.0048011
227 0.756806 0.518008 0.00547126
228 0.756806 0.522127 0.00467142
229 0.756806 0.515807 0.00460005
230 0.756806 0.527231 0.00569287
231 0.756806 0.524553 0.00496247
232 0.756806 0.519454 0.00652333
233 0.756806 0.516742 0.00570144
234 0.756806 0.526686 0.0062027
235 0.756806 0.517223 0.00668563
236 0.756806 0.522187 0.00528439
237 0.756806 0.516921 0.00519605
238 0.756806 0.51654 0.00565701
239 0.756806 0.528889 0.00475896
240 0.756806 0.518344 0.00529064
241 0.756806 0.52954 0.00514188
242 0.756806 0.536827 0.00558409
243 0.756806 0.526204 0.00486447
244 0.756806 0.523888 0.00496605
245 0.756806 0.526066 0.00537921
246 0.756806 0.522192 0.00516489
247 0.756806 0.512538 0.00532583
248 0.756806 0.51589 0.00497901
249 0.756806 0.531046 0.00428889
250 0.756806 0.519874 0.00451113
251 0.756806 0.521177 0.00536004
252 0.756806 0.518986 0.00552604
253 0.756806 0.529453 0.00500959
254 0.756806 0.524836 0.00540397
255 0.756806 0.531089 0.00603087
256 0.756806 0.531903 0.00519248
257 0.756806 0.528394 0.0051009
258 0.756806 0.519703 0.00430516
259 0.756806 0.520229 0.0052028
260 0.756806 0.528503 0.00555163
261 0.756806 0.51983 0.00556033
262 0.756806 0.516532 0.00523088
263 0.756806 0.527819 0.00474192
264 0.756806 0.525787 0.0052113
265 0.756806 0.520391 0.00469436
266 0.756806 0.528928 0.00475869
267 0.756806 0.518354 0.00513299
268 0.756806 0.524229 0.00530448
269 0.756806 0.522094 0.00453347
270 0.756806 0.523685 0.00492699
271 0.756806 0.522723 0.00565056
272 0.756806 0.527468 0.00505653
273 0.756806 0.524015 0.0049999
274 0.756806 0.527541 0.00564671
275 0.756806 0.526301 0.00537413
276 0.756806 0.522073 0.00555965
277 0.756806 0.529656 0.00549513
278 0.756806 0.522436 0.00464318
279 0.756806 0.533774 0.00483507
280 0.756806 0.532065 0.0049916
281 0.756806 0.534159 0.003825
282 0.756806 0.525868 0.0047672
283 0.756806 0.528842 0.00452199
284 0.756806 0.53085 0.00587153
285 0.756806 0.52069 0.00575096
286 0.756806 0.531577 0.00519218
287 0.756806 0.525697 0.00473518
288 0.756806 0.524869 0.00456117
289 0.756806 0.518224 0.0047948
290 0.756806 0.521285 0.00533746
291 0.756806 0.525101 0.00436574
292 0.756806 0.52406 0.00454934
293 0.756806 0.522328 0.00547417
294 0.756806 0.530734 0.00481125
295 0.756806 0.529085 0.00506374
296 0.756806 0.532742 0.00499513
297 0.756806 0.521235 0.00491087
298 0.756806 0.51175 0.00472998
299 0.756806 0.520664 0.00493945
300 0.756806 0.521043 0.00435515
301 0.756806 0.52444 0.00490958
302 0.759594 0.533527 0.0051615
303 0.759594 0.528179 0.00545087
304 0.759594 0.524685 0.00434882
305 0.759594 0.520175 0.00460215
306 0.759594 0.527614 0.0050859
307 0.759594 0.526188 0.00488231
308 0.759594 0.52669 0.00464626
309 0.759594 0.521702 0.00600255
310 0.759594 0.533229 0.00543353
311 0.759594 0.531301 0.00528684
312 0.759594 0.524704 0.00451508
313 0.759594 0.523562 0.00560345
314 0.759594 0.518837 0.00514967
315 0.759594 0.530972 0.00511204
316 0.759594 0.522758 0.00423995
317 0.759594 0.527128 0.00480597
318 0.759594 0.529228 0.00492512
319 0.759594 0.522715 0.00490364
320 0.759594 0.518712 0.00560461
321 0.759594 0.526253 0.00463
322 0.759594 0.533759 0.00536451
323 0.759594 0.539642 0.00410258
324 0.759594 0.524808 0.00467291
325 0.759594 0.53096 0.005193
326 0.759594 0.529942 0.00520523
327 0.759594 0.524885 0.00484695
328 0.759594 0.534971 0.00482006
329 0.759594 0.530035 0.00597364
330 0.759594 0.523025 0.00626113
331 0.759594 0.526102 0.00513536
332 0.759594 0.521691 0.00454949
333 0.759594 0.522302 0.00493273
334 0.759594 0.524632 0.00506801
335 0.759594 0.532955 0.00496014
336 0.759594 0.528932 0.00476457
337 0.759594 0.532276 0.00505596
338 0.759594 0.522544 0.00611171
339 0.759594 0.528684 0.00496893
340 0.759594 0.531265 0.00473545
341 0.759594 0.524994 0.00518177
342 0.759594 0.526155 0.00478461
343 0.759594 0.528782 0.00487726
344 0.759594 0.522568 0.00448467
345 0.759594 0.518048 0.00464106
346 0.759594 0.518927 0.00461958
347 0.759594 0.524893 0.00444948
348 0.759594 0.531532 0.00483331
349 0.759594 0.53343 0.00505042
350 0.759594 0.524542 0.00433347
351 0.759594 0.53429 0.00464025
352 0.759594 0.530673 0.00513988
353 0.766392 0.525482 0.00556203
354 0.766392 0.531507 0.00435694
355 0.766392 0.533392 0.00528873
356 0.766392 0.526708 0.00491315
357 0.766392 0.525536 0.00508782
358 0.766392 0.534483 0.00489663
359 0.766392 0.537877 0.00495635
360 0.766392 0.520416 0.00538034
361 0.766392 0.517001 0.00533805
362 0.766392 0.525618 0.004967
363 0.766392 0.525699 0.00514404
364 0.766392 0.517715 0.00543182
365 0.766392 0.519158 0.00505162
366 0.766392 0.522959 0.00570891
367 0.766392 0.520801 0.00493868
368 0.766392 0.525175 0.0055958
369 0.766392 0.530506 0.0049888
370 0.766392 0.531079 0.00534229
371 0.766392 0.530417 0.0049806
372 0.766392 0.526945 0.00567031
373 0.766392 0.527087 0.00671613
374 0.766392 0.522024 0.00590179
375 0.766392 0.531014 0.00489506
376 0.766392 0.522584 0.00505344
377 0.766392 0.527061 0.00550701
378 0.766392 0.519779 0.00552137
379 0.766392 0.522797 0.00623704
380 0.766392 0.534659 0.00499776
381 0.766392 0.5279 0.00537732
382 0.766392 0.529551 0.00552048
383 0.766392 0.525901 0.00479709
384 0.766392 0.526844 0.00502473
385 0.766392 0.526217 0.00473139
386 0.766392 0.524366 0.00579107
387 0.766392 0.521825 0.00555718
388 0.766392 0.523604 0.0056031
389 0.766392 0.528222 0.00445539
390 0.766392 0.52293 0.00535266
391 0.766392 0.525355 0.00523391
392 0.766392 0.530468 0.00523202
393 0.766392 0.529308 0.00512226
394 0.766392 0.527238 0.00574291
395 0.766392 0.522792 0.00579396
396 0.766392 0.523698 0.00497778
397 0.766392 0.522176 0.00572803
398 0.766392 0.523627 0.00615601
399 0.766392 0.530486 0.00522467
400 0.766392 0.529659 0.00426993
401 0.766392 0.513813 0.0052349
402 0.766392 0.531361 0.00477127
403 0.766392 0.520378 0.00533141
404 0.766392 0.523086 0.00497277
405 0.766392 0.527574 0.00479649
406 0.766392 0.522656 0.00583586
407 0.766392 0.522282 0.00452672
408 0.766392 0.519187 0.00549696
409 0.766392 0.52242 0.00555931
410 0.766392 0.529218 0.00697199
411 0.766392 0.532032 0.00510851
412 0.766392 0.517388 0.00485993
413 0.766392 0.52096 0.00498256
414 0.766392 0.521946 0.00536369
415 0.776566 0.529164 0.00569393
416 0.776566 0.521162 0.00507413
417 0.776566 0.521411 0.00491336
418 0.776566 0.517169 0.00520797
419 0.776566 0.524387 0.00536577
420 0.776566 0.525751 0.00626514
421 0.776566 0.527371 0.00575182
422 0.776566 0.527606 0.00489442
423 0.776566 0.513773 0.00511764
424 0.776566 0.523205 0.00578485
425 0.776566 0.522083 0.00638806
426 0.776566 0.530773 0.0050974
427 0.776566 0.524708 0.00521925
428 0.776566 0.519629 0.00536978
429 0.776566 0.517853 0.00524553
430 0.776566 0.522667 0.00509363
431 0.776566 0.523978 0.00502175
432 0.776566 0.529256 0.00507915
433 0.776566 0.522365 0.00553469
434 0.776566 0.528542 0.00530621
435 0.776566 0.52133 0.00558741
436 0.776566 0.514819 0.00562649
437 0.776566 0.523033 0.00590947
438 0.776566 0.528655 0.00522147
439 0.776566 0.53519 0.0053621
440 0.776566 0.526837 0.00604199
441 0.776566 0.532034 0.00536332
442 0.776566 0.529299 0.00531828
443 0.776566 0.525596 0.00497698
444 0.776566 0.527796 0.00593282
445 0.776566 0.522837 0.00473303
446 0.776566 0.524119 0.0052194
447 0.776566 0.526187 0.00503788
448 0.776566 0.518365 0.00509418
449 0.776566 0.528706 0.00519691
450 0.776566 0.527586 0.00522484
451 0.776566 0.525502 0.00518372
452 0.776566 0.520422 0.00545809
453 0.776566 0.531149 0.00564556
454 0.776566 0.532902 0.00461551
455 0.776566 0.522451 0.00482108
456 0.776566 0.528675 0.00512129
457 0.776566 0.527089 0.00535268
458 0.776566 0.517788 0.00580662
459 0.776566 0.518534 0.00470259
460 0.776566 0.521762 0.00517959
461 0.776566 0.519507 0.00516505
462 0.776566 0.52085 0.0047282
463 0.776566 0.516964 0.00518715
464 0.776566 0.516249 0.00483425
465 0.776566 0.530861 0.0053522
466 0.776566 0.534484 0.00509293
467 0.776566 0.532904 0.00454847
468 0.776566 0.530254 0.00460689
469 0.776566 0.530118 0.0047675
470 0.776566 0.528453 0.0052657
471 0.776566 0.526999 0.00484412
472 0.776566 0.53007 0.00453938
473 0.776566 0.52988 0.00507975
474 0.776566 0.536915 0.00527931
475 0.776566 0.531172 0.00528846
476 0.776566 0.527075 0.00618234
477 0.776566 0.5253 0.00537224
478 0.776566 0.530968 0.00471932
479 0.776566 0.524741 0.00504656
480 0.776566 0.53136 0.0054306
481 0.776566 0.529637 0.0052535
482 0.776566 0.53579 0.00569072
483 0.776566 0.531067 0.0046635
484 0.776566 0.525795 0.0049223
485 0.776566 0.524795 0.00468288
486 0.776566 0.527426 0.00489438
487 0.776566 0.517325 0.00582719
488 0.776566 0.523293 0.00516404
489 0.776566 0.520005 0.00485478
490 0.776566 0.514206 0.00573495
491 0.776566 0.523047 0.00523451
492 0.776566 0.523993 0.00505538
493 0.776566 0.528064 0.00499889
494 0.776566 0.527536 0.0043423
495 0.776566 0.520493 0.00508884
496 0.776566 0.518594 0.00569605
497 0.776566 0.513675 0.00579573
498 0.776566 0.530904 0.00559131
499 0.776566 0.529785 0.00532863
500 0.776566 0.52617 0.00522881
501 0.776566 0.52147 0.00592334
502 0.776566 0.52133 0.00534563
503 0.776566 0.524973 0.00484735
504 0.776566 0.522177 0.00458954
505 0.776566 0.52088 0.00571508
506 0.776566 0.535817 0.00587258
507 0.776566 0.531447 0.00627227
508 0.776566 0.529021 0.00508235
509 0.776566 0.525593 0.00490242
510 0.776566 0.526294 0.00598843
511 0.776566 0.53034 0.00589549
512 0.776566 0.52866 0.00544156
513 0.776566 0.523133 0.00487555
514 0.776566 0.518082 0.00605549
515 0.776566 0.531665 0.00595951
516 0.776566 0.513069 0.00581034
517 0.776566 0.525869 0.00585917
518 0.776566 0.522962 0.00606573
519 0.776566 0.518285 0.00576749
520 0.776566 0.531441 0.00557775
521 0.776566 0.529105 0.00534237
522 0.776566 0.527957 0.00526815
523 0.776566 0.531106 0.0047954
524 0.776566 0.521594 0.0054191
525 0.776566 0.528673 0.0063868
526 0.776566 0.523162 0.00454194
527 0.776566 0.528773 0.00453052
528 0.776566 0.530558 0.0048429
529 0.776566 0.535481 0.00545896
530 0.776566 0.526715 0.00521734
531 0.776566 0.522854 0.00468094
532 0.776566 0.520534 0.00549393
533 0.776566 0.516582 0.00488999
534 0.776566 0.528318 0.00476961
535 0.776566 0.53324 0.00540716
536 0.776566 0.524104 0.0056231
537 0.776566 0.523857 0.00566191
538 0.776566 0.525676 0.00505971
539 0.776566 0.529365 0.00500728
540 0.776566 0.521713 0.00483752
541 0.776566 0.52343 0.00429956
542 0.776566 0.524827 0.00501541
543 0.776566 0.519569 0.00481624
544 0.776566 0.532098 0.00555109
545 0.776566 0.529037 0.00567907
546 0.776566 0.530151 0.00493936
547 0.776566 0.524539 0.00491635
548 0.776566 0.528474 0.00514992
549 0.776566 0.526878 0.00559674
550 0.776566 0.52271 0.00551088
551 0.776566 0.522267 0.00522473
552 0.776566 0.522434 0.00643199
553 0.776566 0.515865 0.00634029
554 0.776566 0.52555 0.00569501
555 0.776566 0.520591 0.00585497
556 0.776566 0.530792 0.00474945
557 0.776566 0.529451 0.00527396
558 0.776566 0.541303 0.00536146
559 0.776566 0.539173 0.0054889
560 0.776566 0.527918 0.00560933
561 0.776566 0.534692 0.00577193
562 0.776566 0.543901 0.00495485
563 0.776566 0.534191 0.00448771
564 0.776566 0.525685 0.00542933
565 0.776566 0.530848 0.00480551
566 0.776566 0.536459 0.00561166
567 0.776566 0.522464 0.00557228
568 0.776566 0.526833 0.00496697
569 0.776566 0.524678 0.00533534
570 0.776566 0.52398 0.00494361
571 0.776566 0.517511 0.00499467
572 0.776566 0.522925 0.00516944
573 0.776566 0.525506 0.00544499
574 0.776566 0.520105 0.00542182
575 0.776566 0.520703 0.00504273
576 0.776566 0.522868 0.00619548
577 0.776566 0.527168 0.00517998
578 0.776566 0.528274 0.00587518
579 0.776566 0.527329 0.0051833
580 0.776566 0.523029 0.00547803
581 0.776566 0.532257 0.00537081
582 0.776566 0.5188 0.00552284
583 0.776566 0.527003 0.00543671
584 0.776566 0.522259 0.00575425
585 0.776566 0.526469 0.00473374
586 0.776566 0.521458 0.00527311
587 0.776566 0.527653 0.0056564
588 0.776566 0.531722 0.00631124
589 0.776566 0.523081 0.00494448
590 0.776566 0.523996 0.00642889
591 0.776566 0.525529 0.00562063
592 0.776566 0.526459 0.00537107
593 0.776566 0.519823 0.00550893
594 0.776566 0.517988 0.00547902
595 0.776566 0.522848 0.00540492
596 0.776566 0.519916 0.00510665
597 0.776566 0.531754 0.00585803
598 0.776566 0.523987 0.00609374
599 0.776566 0.525578 0.00516322
600 0.776566 0.523858 0.00534384
601 0.776566 0.530751 0.00574888
602 0.776566 0.533481 0.00554577
603 0.776566 0.535121 0.00513119
604 0.776566 0.52827 0.00482089
605 0.776566 0.527813 0.00517066
606 0.776566 0.534289 0.00574705
607 0.776566 0.533426 0.00516489
608 0.776566 0.532815 0.00541343
609 0.776566 0.537919 0.00507261
610 0.776566 0.534803 0.00397452
611 0.776566 0.530662 0.00631861
612 0.776566 0.530408 0.00551813
613 0.776566 0.530108 0.00546574
614 0.776566 0.535725 0.00511188
615 0.776566 0.542757 0.00523342
616 0.776566 0.528607 0.0053335
617 0.776566 0.529697 0.00482488
618 0.776566 0.530211 0.00579696
619 0.776566 0.527456 0.00521619
620 0.776566 0.529248 0.00463496
621 0.776566 0.540887 0.00592796
622 0.776566 0.512408 0.00733109
623 0.776566 0.521947 0.00611908
624 0.776566 0.526228 0.00509912
625 0.776566 0.524862 0.00635617
626 0.776566 0.528537 0.0055167
627 0.776566 0.519394 0.00508258
628 0.776566 0.52429 0.00500229
629 0.776566 0.532163 0.0054772
630 0.776566 0.53149 0.00468364
631 0.776566 0.530292 0.0051478
632 0.776566 0.521359 0.00478132
633 0.776566 0.526706 0.00539376
634 0.776566 0.521119 0.00487922
635 0.776566 0.518426 0.00518316
636 0.776566 0.525219 0.00477791
637 0.776566 0.520248 0.00521552
638 0.776566 0.530148 0.00556333
639 0.776566 0.521007 0.0053921
640 0.776566 0.525188 0.0055149
641 0.776566 0.523774 0.00485025
642 0.776566 0.51926 0.0057513
643 0.776566 0.519619 0.00573394
644 0.776566 0.520353 0.00448284
645 0.776566 0.51709 0.00518728
646 0.776566 0.523135 0.00554585
647 0.776566 0.534407 0.00525669
648 0.776566 0.520491 0.00605773
649 0.776566 0.524483 0.0057778
650 0.776566 0.530122 0.00519325
651 0.776566 0.527487 0.0064338
652 0.776566 0.529723 0.0063588
653 0.776566 0.53013 0.00457462
654 0.776566 0.526729 0.00495087
655 0.776566 0.526343 0.00560234
656 0.776566 0.516072 0.00552158
657 0.776566 0.519703 0.00549616
658 0.776566 0.530061 0.00534103
659 0.776566 0.528288 0.00517304
660 0.776566 0.52232 0.0060251
661 0.776566 0.523499 0.0054553
662 0.776566 0.520949 0.0051259
663 0.776566 0.525588 0.00541745
664 0.776566 0.520078 0.00542049
665 0.776566 0.521588 0.00609831
666 0.776566 0.516857 0.00568409
667 0.776566 0.522974 0.0056559
668 0.776566 0.519959 0.00513252
669 0.776566 0.515996 0.00514799
670 0.776566 0.522533 0.0046485
671 0.776566 0.523519 0.00511336
672 0.776566 0.527744 0.00554311
673 0.776566 0.528309 0.00592559
674 0.776566 0.51383 0.00556431
675 0.776566 0.517647 0.00485163
676 0.776566 0.527419 0.0050146
677 0.776566 0.526061 0.00601457
678 0.776566 0.526474 0.00533564
679 0.776566 0.530211 0.00610567
680 0.776566 0.525346 0.00501655
681 0.776566 0.521887 0.00535192
682 0.776566 0.527173 0.0059969
683 0.776566 0.529081 0.00592339
684 0.776566 0.527128 0.00577564
685 0.776566 0.519978 0.00517452
686 0.776566 0.525259 0.0051832
687 0.776566 0.519873 0.00555331
688 0.776566 0.522374 0.00506349
689 0.776566 0.5163 0.00648495
690 0.776566 0.522301 0.00471341
691 0.776566 0.532188 0.00443806
692 0.776566 0.515303 0.00579487
693 0.776566 0.522181 0.00495813
694 0.776566 0.516413 0.00487593
695 0.776566 0.519783 0.00579579
696 0.776566 0.514771 0.00558556
697 0.776566 0.525997 0.00498727
698 0.776566 0.527334 0.00620843
699 0.776566 0.523962 0.00625295
700 0.776566 0.520821 0.00521085
701 0.776566 0.52439 0.00503223
702 0.776566 0.524781 0.00555955
703 0.776566 0.526449 0.00497345
704 0.776566 0.51758 0.00430186
705 0.776566 0.519857 0.00504397
706 0.776566 0.52775 0.00587002
707 0.776566 0.531867 0.0065212
708 0.776566 0.534662 0.00556282
709 0.776566 0.530833 0.00562099
710 0.776566 0.52008 0.00551204
711 0.776566 0.526034 0.00585288
712 0.776566 0.532476 0.00548259
713 0.776566 0.528051 0.00506015
714 0.776566 0.529726 0.00519533
715 0.776566 0.525727 0.00494404
716 0.776566 0.523247 0.00648146
717 0.776566 0.526798 0.00589689
718 0.776566 0.527575 0.00507793
719 0.776566 0.532902 0.00539195
720 0.776566 0.531996 0.00515704
721 0.776566 0.533366 0.00560167
722 0.776566 0.530506 0.00626291
723 0.776566 0.518885 0.00604177
724 0.776566 0.530559 0.00588511
725 0.776566 0.531769 0.00600869
726 0.776566 0.533779 0.00496434
727 0.776566 0.528564 0.00587895
728 0.776566 0.519264 0.00557288
729 0.776566 0.528738 0.00564596
730 0.776566 0.522666 0.00653282
731 0.776566 0.525707 0.00631393
732 0.776566 0.521359 0.00599135
733 0.776566 0.531243 0.00499975
734 0.776566 0.538764 0.00543782
735 0.776566 0.532237 0.00557299
736 0.776566 0.533997 0.00536655
737 0.776566 0.533286 0.00529163
738 0.776566 0.529933 0.00542731
739 0.776566 0.532721 0.00538802
740 0.776566 0.532485 0.00482009
741 0.776566 0.536247 0.00574536
742 0.776566 0.529001 0.00491398
743 0.776566 0.527059 0.00407211
744 0.776566 0.52306 0.00556577
745 0.776566 0.532166 0.00525883
746 0.776566 0.525934 0.00643992
747 0.776566 0.51806 0.00520363
748 0.776566 0.525164 0.00585683
749 0.776566 0.527904 0.0052425
750 0.776566 0.531548 0.00489503
751 0.776566 0.528533 0.00486697
752 0.776566 0.531916 0.00541124
753 0.776566 0.522322 0.00546152
754 0.776566 0.523999 0.00566343
755 0.776566 0.523711 0.00550715
756 0.776566 0.534306 0.00491987
757 0.776566 0.53484 0.00680109
758 0.776566 0.526855 0.00598894
759 0.776566 0.526845 0.00454949
760 0.776566 0.528407 0.00519081
761 0.776566 0.529516 0.00523629
762 0.776566 0.529054 0.00614046
763 0.776566 0.531377 0.00539262
764 0.776566 0.529253 0.00606042
765 0.776566 0.528783 0.00539169
766 0.776566 0.531373 0.00540684
767 0.776566 0.526595 0.00561647
768 0.776566 0.519467 0.00523088
769 0.776566 0.519054 0.00545588
770 0.776566 0.516319 0.00540686
771 0.776566 0.524971 0.00605747
772 0.776566 0.525811 0.00577813
773 0.776566 0.527577 0.00488793
774 0.776566 0.522629 0.00468089
775 0.776566 0.517343 0.00548882
776 0.776566 0.511433 0.00696728
777 0.776566 0.519909 0.00613235
778 0.776566 0.529926 0.00613557
779 0.776566 0.527869 0.0055472
780 0.776566 0.52838 0.00498294
781 0.776566 0.525153 0.00683591
782 0.776566 0.528226 0.0056714
783 0.776566 0.526889 0.00557533
784 0.776566 0.520873 0.00596219
785 0.776566 0.516338 0.00573369
786 0.776566 0.519469 0.00506584
787 0.776566 0.519586 0.00577793
788 0.776566 0.514752 0.00570517
789 0.776566 0.521134 0.00572094
790 0.776566 0.517229 0.0056727
791 0.776566 0.515125 0.00535749
792 0.776566 0.524616 0.00585539
793 0.776566 0.521991 0.00492532
794 0.776566 0.519247 0.0050497
795 0.776566 0.515211 0.00596706
796 0.776566 0.520245 0.00550682
797 0.776566 0.528121 0.0052337
798 0.776566 0.519374 0.00583621
799 0.776566 0.5246 0.00571834
800 0.776566 0.527906 0.00546158
801 0.776566 0.516727 0.00530301
802 0.776566 0.526571 0.00571461
803 0.776566 0.516297 0.00525146
804 0.776566 0.522725 0.00651992
805 0.776566 0.51965 0.00505566
806 0.776566 0.516665 0.00564754
807 0.776566 0.513171 0.00540011
808 0.776566 0.52385 0.00540951
809 0.776566 0.518564 0.00514788
810 0.776566 0.517602 0.0053123
811 0.776566 0.534015 0.00452311
812 0.776566 0.522627 0.00546628
813 0.776566 0.528864 0.0052586
814 0.776566 0.521925 0.00550249
815 0.776566 0.516244 0.00571538
816 0.776566 0.528369 0.00574405
817 0.776566 0.527622 0.00597211
818 0.776566 0.532931 0.00515582
819 0.776566 0.528301 0.00538351
820 0.776566 0.521701 0.005741
821 0.776566 0.531031 0.0049748
822 0.776566 0.529889 0.00439665
823 0.776566 0.535696 0.00523047
824 0.776566 0.535218 0.00437895
825 0.776566 0.535903 0.00532556
826 0.776566 0.52689 0.00491283
827 0.776566 0.523345 0.00462061
828 0.776566 0.528199 0.00530215
829 0.776566 0.515951 0.00537261
830 0.776566 0.525785 0.00461734
831 0.776566 0.519926 0.00555364
832 0.776566 0.527854 0.00496498
833 0.776566 0.533116 0.00475647
834 0.776566 0.526497 0.00502899
835 0.776566 0.530585 0.00523443
836 0.776566 0.522117 0.00488528
837 0.776566 0.537465 0.00526842
838 0.776566 0.535394 0.00473116
839 0.776566 0.530749 0.0045504
840 0.776566 0.52378 0.00540418
841 0.776566 0.519916 0.0059676
842 0.776566 0.529951 0.00524127
843 0.776566 0.526755 0.00506772
844 0.776566 0.519211 0.00487886
845 0.776566 0.522406 0.00480771
846 0.776566 0.521685 0.00540794
847 0.776566 0.533187 0.00509648
848 0.776566 0.526852 0.00463736
849 0.776566 0.518502 0.00561268
850 0.776566 0.516454 0.00520187
851 0.776566 0.529284 0.0051878
852 0.776566 0.522915 0.00530379
853 0.776566 0.520086 0.00536047
854 0.776566 0.527517 0.00614019
855 0.776566 0.530917 0.00534096
856 0.776566 0.530128 0.00450633
857 0.776566 0.518597 0.00524301
858 0.776566 0.523999 0.00523962
859 0.776566 0.52562 0.00581386
860 0.776566 0.528109 0.00632479
861 0.776566 0.524962 0.00486187
862 0.776566 0.531867 0.00521244
863 0.776566 0.522119 0.00594063
864 0.776566 0.529927 0.00560138
865 0.776566 0.526039 0.00544935
866 0.776566 0.526302 0.00489927
867 0.776566 0.528537 0.0057924
868 0.776566 0.514769 0.00527205
869 0.776566 0.519092 0.00606384
870 0.776566 0.526486 0.00561431
871 0.776566 0.525472 0.00483454
872 0.776566 0.515156 0.00514329
873 0.776566 0.527218 0.00507938
874 0.776566 0.520462 0.00520577
875 0.776566 0.522431 0.00584574
876 0.776566 0.534879 0.00583331
877 0.776566 0.526608 0.00581774
878 0.776566 0.523915 0.00536349
879 0.776566 0.528187 0.00466406
880 0.776566 0.527321 0.00546333
881 0.776566 0.534017 0.00530564
882 0.776566 0.526595 0.00462744
883 0.776566 0.527036 0.00534538
884 0.776566 0.528352 0.00563676
885 0.776566 0.526261 0.00594564
886 0.776566 0.520906 0.00417654
887 0.776566 0.522649 0.00553776
888 0.776566 0.529711 0.00497432
889 0.776566 0.533013 0.00498992
890 0.776566 0.53565 0.00486405
891 0.776566 0.529644 0.00475245
892 0.776566 0.527385 0.00484578
893 0.776566 0.515505 0.0051829
894 0.776566 0.525558 0.00497716
895 0.776566 0.529353 0.00509791
896 0.776566 0.525615 0.00490682
897 0.776566 0.525386 0.00476738
898 0.776566 0.52444 0.00458144
899 0.776566 0.523258 0.00459466
900 0.776566 0.522114 0.00489024
901 0.776566 0.524817 0.00486983
902 0.776566 0.534114 0.0051548
903 0.776566 0.529012 0.00489038
904 0.776566 0.524674 0.00516653
905 0.776566 0.535085 0.00518959
906 0.776566 0.530183 0.00582399
907 0.776566 0.532274 0.0046075
908 0.776566 0.530085 0.00490948
909 0.776566 0.536209 0.00523831
910 0.776566 0.528752 0.0053018
911 0.776566 0.527917 0.00553014
912 0.776566 0.522853 0.00559937
913 0.776566 0.526899 0.0055349
914 0.776566 0.520018 0.00625257
915 0.776566 0.516558 0.00588971
916 0.776566 0.526112 0.00503228
917 0.776566 0.518002 0.00611227
918 0.776566 0.511778 0.00579497
919 0.776566 0.524915 0.0053341
920 0.776566 0.528332 0.00536576
921 0.776566 0.526879 0.00515438
922 0.776566 0.527994 0.00601185
923 0.776566 0.529107 0.00518454
924 0.776566 0.523142 0.0054669
925 0.776566 0.526634 0.00527869
926 0.776566 0.525378 0.00441055
927 0.776566 0.527591 0.00573273
928 0.776566 0.536608 0.00492199
929 0.776566 0.52357 0.00608067
930 0.776566 0.526993 0.00521486
931 0.776566 0.524945 0.00508948
932 0.776566 0.529728 0.00522211
933 0.776566 0.521669 0.00535599
934 0.776566 0.519468 0.00616178
935 0.776566 0.516251 0.00606759
936 0.776566 0.512323 0.00574357
937 0.776566 0.523099 0.00579048
938 0.776566 0.526592 0.00555319
939 0.776566 0.530511 0.00665801
940 0.776566 0.525593 0.00557124
941 0.776566 0.520758 0.00583533
942 0.776566 0.527364 0.00648118
943 0.776566 0.52147 0.00561403
944 0.776566 0.522545 0.00532289
945 0.776566 0.52616 0.00507823
946 0.776566 0.529033 0.005452
947 0.776566 0.523123 0.00543421
948 0.776566 0.526046 0.00533353
949 0.776566 0.527676 0.0061206
950 0.776566 0.525497 0.00636274
951 0.776566 0.534752 0.00550315
952 0.776566 0.527237 0.00515395
953 0.776566 0.515935 0.00539074
954 0.776566 0.528852 0.00461669
955 0.776566 0.521997 0.00539493
956 0.776566 0.527484 0.00512261
957 0.776566 0.529491 0.00502921
958 0.776566 0.520249 0.00492872
959 0.776566 0.531934 0.00523826
960 0.776566 0.524971 0.0056134
961 0.776566 0.527487 0.00475858
962 0.776566 0.524997 0.00560674
963 0.776566 0.523494 0.00565343
964 0.776566 0.532804 0.00504382
965 0.776566 0.520574 0.00615027
966 0.776566 0.522901 0.00508916
967 0.776566 0.52478 0.00517045
968 0.776566 0.516318 0.00520113
969 0.776566 0.52521 0.00507068
970 0.776566 0.527947 0.00515474
971 0.776566 0.533625 0.00581505
972 0.776566 0.528275 0.00536866
973 0.776566 0.532605 0.00514164
974 0.776566 0.52348 0.00546374
975 0.776566 0.526982 0.00507436
976 0.776566 0.531503 0.0055075
977 0.776566 0.535146 0.0050214
978 0.776566 0.52507 0.00565971
979 0.776566 0.529588 0.00502391
980 0.776566 0.52518 0.00648719
981 0.776566 0.516269 0.00527629
982 0.776566 0.510839 0.00587465
983 0.776566 0.517286 0.00473307
984 0.776566 0.515436 0.00611318
985 0.776566 0.522182 0.00726552
986 0.776566 0.532374 0.00616927
987 0.776566 0.522915 0.00595097
988 0.776566 0.541537 0.0048411
989 0.776566 0.521501 0.00537618
990 0.776566 0.524996 0.00500175
991 0.776566 0.526401 0.00529124
992 0.776566 0.52931 0.00515685
993 0.776566 0.536926 0.00609432
994 0.776566 0.517343 0.00585779
995 0.776566 0.533293 0.00611495
996 0.776566 0.521642 0.0053285
997 0.776566 0.530724 0.005416
998 0.776566 0.522929 0.0059136
999 0.776566 0.520262 0.00591158
1000 0.776566 0.525356 0.00541085
1001 0.776566 0.525724 0.006548
1002 0.776566 0.512713 0.00584089
1003 0.776566 0.523946 0.00701702
1004 0.776566 0.533326 0.00572201
1005 0.776566 0.52594 0.00573544
1006 0.776566 0.51761 0.00556878
1007 0.776566 0.520763 0.0055895
1008 0.776566 0.522087 0.0055254
1009 0.776566 0.51322 0.00575403
1010 0.776566 0.524817 0.00549796
1011 0.776566 0.530554 0.00546555
1012 0.776566 0.523903 0.00657868
1013 0.776566 0.525089 0.0050638
1014 0.776566 0.527781 0.00552267
1015 0.776566 0.527215 0.00565763
1016 0.776566 0.523252 0.00482896
1017 0.776566 0.520894 0.00542505
1018 0.776566 0.525091 0.00512123
1019 0.776566 0.519324 0.005802
1020 0.776566 0.513576 0.00575665
1021 0.776566 0.521051 0.00533364
1022 0.776566 0.523825 0.00543951
1023 0.776566 0.520295 0.00508093
1024 0.776566 0.531057 0.00603813
1025 0.776566 0.523575 0.00650329
1026 0.776566 0.527087 0.0060202
1027 0.776566 0.51904 0.00556185
1028 0.776566 0.523611 0.00547591
1029 0.776566 0.519267 0.00587969
1030 0.776566 0.523066 0.00569059
1031 0.776566 0.518534 0.00519956
1032 0.776566 0.5219 0.00590969
1033 0.776566 0.518141 0.00550651
1034 0.776566 0.523773 0.00521531
1035 0.776566 0.521678 0.00526269
1036 0.776566 0.526109 0.0050582
1037 0.776566 0.525668 0.00628655
1038 0.776566 0.519523 0.00630991
1039 0.776566 0.517179 0.00586137
1040 0.776566 0.512865 0.00623732
1041 0.776566 0.515085 0.00542492
1042 0.776566 0.52859 0.00538735
1043 0.776566 0.524203 0.00571027
1044 0.776566 0.522381 0.00631776
1045 0.776566 0.532134 0.00565466
1046 0.776566 0.53355 0.00527947
1047 0.776566 0.517082 0.00508459
1048 0.776566 0.525926 0.00531404
1049 0.776566 0.522196 0.00545561
1050 0.776566 0.528931 0.00575227
1051 0.776566 0.52372 0.00530424
1052 0.776566 0.522715 0.00504637
1053 0.776566 0.525551 0.00507878
1054 0.776566 0.532356 0.00492263
1055 0.776566 0.521461 0.0049369
1056 0.776566 0.523761 0.00530951
1057 0.776566 0.532561 0.00542267
1058 0.776566 0.526295 0.00539625
1059 0.776566 0.528329 0.00509396
1060 0.776566 0.520195 0.00543507
1061 0.776566 0.527164 0.00528183
1062 0.776566 0.524496 0.00686426
1063 0.776566 0.542377 0.00528432
1064 0.776566 0.520801 0.00649873
1065 0.776566 0.524436 0.00625269
1066 0.776566 0.522905 0.00634941
1067 0.776566 0.516741 0.00599911
1068 0.776566 0.515256 0.00572342
1069 0.776566 0.524613 0.00633146
1070 0.776566 0.517059 0.00557767
1071 0.776566 0.528749 0.00491191
1072 0.776566 0.525321 0.0050524
1073 0.776566 0.518042 0.0049233
1074 0.776566 0.523427 0.00601926
1075 0.776566 0.519725 0.00533575
1076 0.776566 0.525385 0.00583446
1077 0.776566 0.523779 0.00589084
1078 0.776566 0.524127 0.00539773
1079 0.776566 0.516436 0.00516567
1080 0.776566 0.521233 0.00581228
1081 0.776566 0.526884 0.00491045
1082 0.776566 0.52743 0.00461794
1083 0.776566 0.525261 0.00569932
1084 0.776566 0.523454 0.00513786
1085 0.776566 0.512868 0.00646123
1086 0.776566 0.518355 0.00570931
1087 0.776566 0.53019 0.0051458
1088 0.776566 0.523868 0.00575346
1089 0.776566 0.52136 0.00567878
1090 0.776566 0.524887 0.00506217
1091 0.776566 0.52335 0.00644193
1092 0.776566 0.519791 0.00562822
1093 0.776566 0.535225 0.00540724
1094 0.776566 0.528378 0.00506859
1095 0.776566 0.53009 0.0051801
1096 0.776566 0.519686 0.00528692
1097 0.776566 0.52398 0.00518037
1098 0.776566 0.531307 0.00543754
1099 0.776566 0.528036 0.00573769
1100 0.776566 0.518868 0.00574476
1101 0.776566 0.527863 0.00583044
1102 0.776566 0.525847 0.00593526
1103 0.776566 0.531573 0.00653911
1104 0.776566 0.529092 0.00552866
1105 0.776566 0.523168 0.00533993
1106 0.776566 0.524851 0.00516744
1107 0.776566 0.523236 0.00597371
1108 0.776566 0.519725 0.00582309
1109 0.776566 0.515706 0.00546736
1110 0.776566 0.527525 0.00518212
1111 0.776566 0.531114 0.00559628
1112 0.776566 0.524364 0.00507946
1113 0.776566 0.521472 0.00528013
1114 0.776566 0.52579 0.00548744
1115 0.776566 0.529569 0.00488065
1116 0.776566 0.532327 0.00597262
1117 0.776566 0.524938 0.00613878
1118 0.776566 0.533856 0.00543124
1119 0.776566 0.534748 0.00519594
1120 0.776566 0.531977 0.00492267
1121 0.776566 0.519597 0.00514685
1122 0.776566 0.528272 0.0055608
1123 0.776566 0.523956 0.00587156
1124 0.776566 0.522684 0.00560455
1125 0.776566 0.521873 0.0057515
1126 0.776566 0.520477 0.00562946
1127 0.776566 0.524034 0.00598406
1128 0.776566 0.530303 0.0066608
1129 0.776566 0.522117 0.0058458
1130 0.776566 0.525091 0.00506597
1131 0.776566 0.522253 0.005523
1132 0.776566 0.524 0.00589608
1133 0.776566 0.518813 0.00519938
1134 0.776566 0.531342 0.00431685
1135 0.776566 0.531033 0.00520854
1136 0.776566 0.518248 0.00532199
1137 0.776566 0.517831 0.00555962
1138 0.776566 0.519057 0.00633305
1139 0.776566 0.533445 0.00578224
1140 0.776566 0.526854 0.00490557
1141 0.776566 0.52026 0.00533466
1142 0.776566 0.52204 0.00557679
1143 0.776566 0.525818 0.00545806
1144 0.776566 0.534552 0.00531244
1145 0.776566 0.539025 0.00487206
1146 0.776566 0.526606 0.00492439
1147 0.776566 0.52857 0.00570677
1148 0.776566 0.522157 0.0053988
1149 0.776566 0.528478 0.00525451
1150 0.776566 0.530368 0.00457963
1151 0.776566 0.521392 0.00581572
1152 0.776566 0.519329 0.00605983
1153 0.776566 0.527407 0.00540452
1154 0.776566 0.522056 0.00508958
1155 0.776566 0.524816 0.00586682
1156 0.776566 0.513267 0.00552088
1157 0.776566 0.520798 0.00519623
1158 0.776566 0.51836 0.00575212
1159 0.776566 0.521559 0.00553929
1160 0.776566 0.521104 0.00502664
1161 0.776566 0.527155 0.00500019
1162 0.776566 0.533419 0.00659604
1163 0.776566 0.520603 0.00518041
1164 0.776566 0.518602 0.00517686
1165 0.776566 0.518862 0.00612871
1166 0.776566 0.523785 0.00594515
1167 0.776566 0.534234 0.005077
1168 0.776566 0.530896 0.00585433
1169 0.776566 0.536168 0.00552057
1170 0.776566 0.526805 0.00567389
1171 0.776566 0.529765 0.00623243
1172 0.776566 0.52159 0.00520019
1173 0.776566 0.535663 0.00596052
1174 0.776566 0.533052 0.0059693
1175 0.776566 0.538992 0.00539735
1176 0.776566 0.524043 0.00536934
1177 0.776566 0.528636 0.00605695
1178 0.776566 0.522226 0.00615367
1179 0.776566 0.526845 0.00579293
1180 0.776566 0.526402 0.0053077
1181 0.776566 0.525017 0.005326
1182 0.776566 0.525574 0.00493434
1183 0.776566 0.522097 0.00522141
1184 0.776566 0.530448 0.00536357
1185 0.776566 0.53122 0.00551929
1186 0.776566 0.527842 0.00519754
1187 0.776566 0.533005 0.0051893
1188 0.776566 0.52189 0.00532794
1189 0.776566 0.515433 0.00546002
1190 0.776566 0.523012 0.00487922
1191 0.776566 0.531293 0.00593183
1192 0.776566 0.517504 0.00578189
1193 0.776566 0.516975 0.00492445
1194 0.776566 0.5289 0.00640993
1195 0.776566 0.523225 0.00505297
1196 0.776566 0.520088 0.0056736
1197 0.776566 0.526845 0.00563942
1198 0.776566 0.527992 0.00561798
1199 0.776566 0.520453 0.00504346
1200 0.776566 0.524984 0.00644528
1201 0.776566 0.528681 0.00508975
1202 0.776566 0.528097 0.00548945
1203 0.776566 0.531268 0.00578651
1204 0.776566 0.526985 0.005413
1205 0.776566 0.53609 0.00484177
1206 0.776566 0.528151 0.00579288
1207 0.776566 0.530735 0.00612294
1208 0.776566 0.522395 0.00488041
1209 0.776566 0.519627 0.00522099
1210 0.776566 0.511771 0.00487945
1211 0.776566 0.529157 0.00520248
1212 0.776566 0.528639 0.00493388
1213 0.776566 0.520953 0.00497315
1214 0.776566 0.530566 0.00601355
1215 0.776566 0.532344 0.00546328
1216 0.776566 0.524851 0.00552062
1217 0.776566 0.521163 0.00475577
1218 0.776566 0.52898 0.00451087
1219 0.776566 0.534516 0.00506125
1220 0.776566 0.528469 0.00550234
1221 0.776566 0.524756 0.00506726
1222 0.776566 0.52897 0.00476266
1223 0.776566 0.530284 0.00479638
1224 0.776566 0.524555 0.00484142
1225 0.776566 0.52289 0.00559349
1226 0.776566 0.535314 0.00503126
1227 0.776566 0.530046 0.00486957
1228 0.776566 0.52982 0.00488517
1229 0.776566 0.53345 0.00490787
1230 0.776566 0.530569 0.00581718
1231 0.776566 0.52662 0.00546372
1232 0.776566 0.531294 0.00481732
1233 0.776566 0.526523 0.00507631
1234 0.776566 0.520966 0.00575917
1235 0.776566 0.521824 0.0058568
1236 0.776566 0.519607 0.00554628
1237 0.776566 0.528951 0.00522658
1238 0.776566 0.527851 0.00487965
1239 0.776566 0.52196 0.00503609
1240 0.776566 0.524191 0.00673656
1241 0.776566 0.534148 0.00520981
1242 0.776566 0.528712 0.00488219
1243 0.776566 0.531151 0.0060737
1244 0.776566 0.526053 0.00566015
1245 0.776566 0.530356 0.00483778
1246 0.776566 0.534472 0.00558816
1247 0.776566 0.521621 0.00543985
1248 0.776566 0.521176 0.00491057
1249 0.776566 0.53249 0.00533358
1250 0.776566 0.529854 0.00539074
1251 0.776566 0.524282 0.00536163
1252 0.776566 0.521129 0.00572402
1253 0.776566 0.530306 0.00527297
1254 0.776566 0.52823 0.00509515
1255 0.776566 0.525353 0.00490657
1256 0.776566 0.523124 0.00553845
1257 0.776566 0.522968 0.00517855
1258 0.776566 0.532464 0.00498226
1259 0.776566 0.525217 0.00601792
1260 0.776566 0.532924 0.00570043
1261 0.776566 0.526674 0.00491869
1262 0.776566 0.531447 0.00516257
1263 0.776566 0.528958 0.00552152
1264 0.776566 0.52261 0.00540716
1265 0.776566 0.516809 0.00528308
1266 0.776566 0.524987 0.0047226
1267 0.776566 0.526735 0.00554838
1268 0.776566 0.532746 0.00519488
1269 0.776566 0.523972 0.00571155
1270 0.776566 0.534309 0.00569384
1271 0.776566 0.524039 0.00644986
1272 0.776566 0.527305 0.00588578
1273 0.776566 0.532586 0.00466968
1274 0.776566 0.536935 0.00524767
1275 0.776566 0.529689 0.0054422
1276 0.776566 0.535011 0.00518006
1277 0.776566 0.531416 0.00580842
1278 0.776566 0.529472 0.00584255
1279 0.776566 0.525883 0.00671073
1280 0.776566 0.532939 0.00530572
1281 0.776566 0.531028 0.00531087
1282 0.776566 0.534106 0.00584655
1283 0.776566 0.533292 0.00590788
1284 0.776566 0.526178 0.00555525
1285 0.776566 0.533008 0.00527154
1286 0.776566 0.531208 0.00516545
1287 0.776566 0.52296 0.00526067
1288 0.776566 0.525649 0.00609386
1289 0.776566 0.524875 0.00633598
1290 0.776566 0.525263 0.00576448
1291 0.776566 0.534343 0.00557424
1292 0.776566 0.534513 0.00544125
1293 0.776566 0.530713 0.00485138
1294 0.776566 0.51854 0.00562662
1295 0.776566 0.523492 0.0049737
1296 0.776566 0.526366 0.00550795
1297 0.776566 0.530906 0.00554346
1298 0.776566 0.536377 0.0058515
1299 0.776566 0.5304 0.0061703
1300 0.776566 0.523408 0.00570654
1301 0.776566 0.53459 0.00477628
1302 0.776566 0.539193 0.00464589
1303 0.776566 0.529894 0.00617693
1304 0.776566 0.528518 0.00541214
1305 0.776566 0.527728 0.00500035
1306 0.776566 0.535287 0.00604377
1307 0.776566 0.532203 0.00545378
1308 0.776566 0.536427 0.00575312
1309 0.776566 0.529996 0.00573246
1310 0.776566 0.524946 0.00506518
1311 0.776566 0.52892 0.00519332
1312 0.776566 0.523389 0.00609982
1313 0.776566 0.523972 0.00603433
1314 0.776566 0.525492 0.00504738
1315 0.776566 0.526681 0.00594479
1316 0.776566 0.528696 0.00580027
1317 0.776566 0.529723 0.00528201
1318 0.776566 0.530018 0.00553874
1319 0.776566 0.533234 0.00613433
1320 0.776566 0.536896 0.00581662
1321 0.776566 0.532207 0.00494756
1322 0.776566 0.528464 0.00481822
1323 0.776566 0.53 0.00617724
1324 0.776566 0.529841 0.0051711
1325 0.776566 0.519396 0.00575364
1326 0.776566 0.515215 0.00537682
1327 0.776566 0.517965 0.00547657
1328 0.776566 0.521977 0.00522215
1329 0.776566 0.534472 0.00489751
1330 0.776566 0.521184 0.00688342
1331 0.776566 0.527574 0.0058996
1332 0.776566 0.513543 0.00613868
1333 0.776566 0.525182 0.00585558
1334 0.776566 0.526012 0.00519938
1335 0.776566 0.526514 0.00576308
1336 0.776566 0.531724 0.00536601
1337 0.776566 0.527187 0.00537707
1338 0.776566 0.526768 0.00484684
1339 0.776566 0.524921 0.00593477
1340 0.776566 0.520794 0.0055384
1341 0.776566 0.527764 0.00469669
1342 0.776566 0.523776 0.00507428
1343 0.776566 0.530576 0.00544087
1344 0.776566 0.529472 0.00564775
1345 0.776566 0.537255 0.00533642
1346 0.776566 0.534704 0.0057704
1347 0.776566 0.531024 0.00509224
1348 0.776566 0.531109 0.00489247
1349 0.776566 0.529001 0.0051499
1350 0.776566 0.52162 0.00588787
1351 0.776566 0.528858 0.00496897
1352 0.776566 0.52498 0.0054076
1353 0.776566 0.526584 0.00468046
1354 0.776566 0.519957 0.0051176
1355 0.776566 0.514276 0.00559704
1356 0.776566 0.526227 0.0051264
1357 0.776566 0.528332 0.00517352
1358 0.776566 0.531228 0.00434933
1359 0.776566 0.532273 0.00519842
1360 0.776566 0.531836 0.00594172
1361 0.776566 0.532721 0.00569076
1362 0.776566 0.534113 0.00527637
1363 0.776566 0.532339 0.005254
1364 0.776566 0.536209 0.00450513
1365 0.776566 0.5296 0.00591353
1366 0.776566 0.542526 0.00515081
1367 0.776566 0.53977 0.00570429
1368 0.776566 0.527664 0.00525799
1369 0.776566 0.52626 0.00589032
1370 0.776566 0.531057 0.00513535
1371 0.776566 0.530266 0.00487607
1372 0.776566 0.53014 0.0058392
1373 0.776566 0.526292 0.00508572
1374 0.776566 0.528862 0.00525177
1375 0.776566 0.520755 0.00475206
1376 0.776566 0.533395 0.00498006
1377 0.776566 0.523551 0.00560678
1378 0.776566 0.524547 0.00572956
1379 0.776566 0.523933 0.00579854
1380 0.776566 0.533664 0.00470756
1381 0.776566 0.526421 0.00518171
1382 0.776566 0.515213 0.00538557
1383 0.776566 0.521777 0.0053311
1384 0.776566 0.520992 0.00501141
1385 0.776566 0.525031 0.00519225
1386 0.776566 0.531975 0.00487689
1387 0.776566 0.517267 0.00542004
1388 0.776566 0.527434 0.00452853
1389 0.776566 0.522728 0.00572669
1390 0.776566 0.528888 0.00477572
1391 0.776566 0.52444 0.00508661
1392 0.776566 0.527894 0.00460383
1393 0.776566 0.529438 0.00482041
1394 0.776566 0.526119 0.00541912
1395 0.776566 0.50928 0.0052641
1396 0.776566 0.516534 0.00516877
1397 0.776566 0.524228 0.00517438
1398 0.776566 0.52514 0.00561607
1399 0.776566 0.523195 0.00523379
1400 0.776566 0.527081 0.00624299
1401 0.776566 0.528108 0.00595538
1402 0.776566 0.527466 0.00506728
1403 0.776566 0.523311 0.00587617
1404 0.776566 0.532931 0.00596784
1405 0.776566 0.526137 0.00495135
1406 0.776566 0.525105 0.00495096
1407 0.776566 0.524329 0.00554863
1408 0.776566 0.540353 0.0054582
1409 0.776566 0.539917 0.00549622
1410 0.776566 0.535305 0.00503325
1411 0.776566 0.530276 0.00548929
1412 0.776566 0.526072 0.00583301
1413 0.776566 0.532933 0.0042697
1414 0.776566 0.528458 0.00501062
1415 0.776566 0.530683 0.00516165
1416 0.776566 0.528006 0.00544205
1417 0.776566 0.518302 0.00552635
1418 0.776566 0.52757 0.00604159
1419 0.776566 0.522863 0.00499035
1420 0.776566 0.515473 0.00505721
1421 0.776566 0.521485 0.00539324
1422 0.776566 0.523337 0.00577911
1423 0.776566 0.531806 0.00527487
1424 0.776566 0.526683 0.00506048
1425 0.776566 0.522852 0.00571036
1426 0.776566 0.531925 0.00495946
1427 0.776566 0.531519 0.00516129
1428 0.776566 0.527009 0.00585129
1429 0.776567 0.52616 0.00579903
1430 0.776567 0.527579 0.00558655
1431 0.776567 0.520179 0.00650238
1432 0.776567 0.519506 0.00649702
1433 0.776567 0.52316 0.00596995
1434 0.776567 0.520817 0.00601699
1435 0.776567 0.520649 0.00697028
1436 0.776567 0.519482 0.00575168
1437 0.776567 0.515906 0.0059211
1438 0.776567 0.516912 0.00602785
1439 0.776567 0.518952 0.00574198
1440 0.776567 0.527103 0.00551304
1441 0.776567 0.526829 0.00555729
1442 0.776567 0.524598 0.00509741
1443 0.776567 0.517669 0.00617965
1444 0.776567 0.527381 0.00695473
1445 0.776567 0.533547 0.00587838
1446 0.776567 0.519538 0.00531845
1447 0.776567 0.510594 0.00475564
1448 0.776567 0.518115 0.00545982
1449 0.776567 0.518899 0.00545623
1450 0.776567 0.530536 0.00520481
1451 0.776567 0.535735 0.00563975
1452 0.776567 0.512092 0.00662842
1453 0.776567 0.509128 0.00584324
1454 0.776567 0.526955 0.00560207
1455 0.776567 0.527206 0.00561184
1456 0.776567 0.525707 0.0057667
1457 0.776567 0.531955 0.00556135
1458 0.776567 0.521947 0.00486255
1459 0.776567 0.522965 0.00560202
1460 0.776567 0.528218 0.00451259
1461 0.776567 0.532551 0.00541913
1462 0.776567 0.535051 0.00541676
1463 0.776567 0.527806 0.00521038
1464 0.776567 0.522358 0.00588631
1465 0.776567 0.528614 0.00568253
1466 0.776567 0.531401 0.00536705
1467 0.776567 0.528151 0.00524521
1468 0.776567 0.521588 0.00640147
1469 0.776567 0.521177 0.00533381
1470 0.776567 0.526605 0.00623547
1471 0.776567 0.522735 0.00684729
1472 0.776567 0.523234 0.00556549
1473 0.776567 0.529843 0.00585101
1474 0.776567 0.526375 0.00667109
1475 0.776567 0.540788 0.00581828
1476 0.776567 0.526174 0.00567179
1477 0.776567 0.52707 0.00550884
1478 0.776567 0.522211 0.00555503
1479 0.776567 0.515789 0.00515334
1480 0.776567 0.519109 0.00523036
1481 0.776567 0.523807 0.00586167
1482 0.776567 0.525172 0.00535098
1483 0.776567 0.530691 0.0049371
1484 0.776567 0.524743 0.00565512
1485 0.776567 0.519156 0.00512161
1486 0.776567 0.516972 0.00538939
1487 0.776567 0.520832 0.00507246
1488 0.776567 0.525538 0.00524064
1489 0.776567 0.529322 0.00582998
1490 0.776567 0.519177 0.00474651
1491 0.776567 0.521196 0.00591573
1492 0.776567 0.517062 0.00590251
1493 0.776567 0.525161 0.00580656
1494 0.776567 0.5286 0.00595595
1495 0.776567 0.522092 0.00567004
1496 0.776567 0.518201 0.00578306
1497 0.776567 0.52033 0.005467
1498 0.776567 0.525867 0.00558704
1499 0.776567 0.524999 0.00526262
1500 0.776567 0.527025 0.00502042
1501 0.776567 0.529066 0.00532613
1502 0.776567 0.524706 0.00593114
1503 0.776567 0.520071 0.00561024
1504 0.776567 0.515485 0.00534323
1505 0.776567 0.520307 0.0065219
1506 0.776567 0.514662 0.00635716
1507 0.776567 0.521185 0.00546957
1508 0.776567 0.529613 0.00589809
1509 0.776567 0.530311 0.0061027
1510 0.776567 0.524684 0.00562952
1511 0.776567 0.524525 0.00516982
1512 0.776567 0.512986 0.00482398
1513 0.776567 0.519892 0.00527031
1514 0.776567 0.523334 0.00586703
1515 0.776567 0.525114 0.0060937
1516 0.776567 0.52271 0.00633115
1517 0.776567 0.529185 0.00503932
1518 0.776567 0.529309 0.00565835
1519 0.776567 0.532356 0.00562855
1520 0.77657 0.529758 0.0056347
1521 0.77657 0.531877 0.00515087
1522 0.77657 0.524156 0.00470361
1523 0.77657 0.524202 0.00582578
1524 0.77657 0.522949 0.0057676
1525 0.77657 0.5195 0.0058218
1526 0.77657 0.527872 0.00513041
1527 0.77657 0.524677 0.00578522
1528 0.77657 0.527514 0.0052385
1529 0.77657 0.525472 0.00586192
1530 0.77657 0.528433 0.00489229
1531 0.77657 0.529979 0.00489214
1532 0.77657 0.535985 0.00492557
1533 0.77657 0.533391 0.00511403
1534 0.77657 0.533754 0.00529154
1535 0.77657 0.536783 0.0053184
1536 0.77657 0.534468 0.00501537
1537 0.77657 0.53138 0.00549341
1538 0.77657 0.531696 0.00501323
1539 0.77657 0.52079 0.00577414
1540 0.77657 0.52369 0.00541546
1541 0.77657 0.521656 0.00468857
1542 0.77657 0.534937 0.00488271
1543 0.77657 0.527054 0.00537251
1544 0.77657 0.528521 0.00492684
1545 0.77657 0.529991 0.00535371
1546 0.77657 0.519564 0.00604666
1547 0.77657 0.521118 0.00613101
1548 0.77657 0.520299 0.00530552
1549 0.77657 0.510917 0.00618747
1550 0.77657 0.523122 0.00542134
1551 0.77657 0.52517 0.00521258
1552 0.77657 0.524377 0.0051464
1553 0.77657 0.534729 0.00612765
1554 0.77657 0.517637 0.00520986
1555 0.77657 0.524899 0.00503403
1556 0.77657 0.521806 0.00558087
1557 0.77657 0.526903 0.00527056
1558 0.77657 0.520191 0.00481145
1559 0.77657 0.523305 0.00498505
1560 0.77657 0.518377 0.00526943
1561 0.77657 0.521713 0.00628266
1562 0.77657 0.527301 0.00553401
1563 0.77657 0.51531 0.00592381
1564 0.77657 0.525383 0.00598868
1565 0.77657 0.521006 0.00567689
1566 0.77657 0.520723 0.00559354
1567 0.77657 0.525603 0.00641963
1568 0.77657 0.514582 0.00646494
1569 0.77657 0.513103 0.0054533
1570 0.77657 0.528995 0.00478862
1571 0.77657 0.52763 0.00595432
1572 0.77657 0.525825 0.00546419
1573 0.77657 0.531522 0.00538814
1574 0.77657 0.532842 0.0053282
1575 0.77657 0.52363 0.00602815
1576 0.77657 0.533093 0.00471218
1577 0.77657 0.522712 0.00560775
1578 0.77657 0.538269 0.00555135
1579 0.77657 0.529058 0.00525371
1580 0.77657 0.527812 0.0065118
1581 0.77657 0.535325 0.00549086
1582 0.77657 0.524564 0.00560235
1583 0.77657 0.525728 0.00568338
1584 0.77657 0.521522 0.00574738
1585 0.77657 0.52431 0.00642057
1586 0.77657 0.528696 0.00521118
1587 0.77657 0.518796 0.00487852
1588 0.77657 0.521514 0.00507739
1589 0.77657 0.52206 0.00544715
1590 0.77657 0.52741 0.00608106
1591 0.77657 0.518502 0.005536
1592 0.77657 0.528092 0.00516874
1593 0.77657 0.517357 0.00548791
1594 0.77657 0.518608 0.00591065
1595 0.77657 0.519362 0.00628198
1596 0.77657 0.522912 0.00622876
1597 0.77657 0.530591 0.00498149
1598 0.77657 0.532285 0.00515486
1599 0.77657 0.522923 0.00618692
1600 0.77657 0.524698 0.00526175
1601 0.77657 0.522477 0.005218
1602 0.77657 0.529364 0.00570372
1603 0.77657 0.517009 0.00576334
1604 0.77657 0.526372 0.00542336
1605 0.77657 0.520651 0.00524571
1606 0.77657 0.531516 0.00501058
1607 0.77657 0.527703 0.00455892
1608 0.77657 0.520196 0.00455321
1609 0.77657 0.521698 0.00576811
1610 0.77657 0.525182 0.00567463
1611 0.77657 0.533456 0.0042664
1612 0.77657 0.533306 0.00497454
1613 0.77657 0.529911 0.00540581
1614 0.77657 0.523843 0.00584549
1615 0.77657 0.517416 0.00529357
1616 0.77657 0.525929 0.00497338
1617 0.77657 0.51712 0.00539443
1618 0.77657 0.524755 0.00533964
1619 0.77657 0.53383 0.00538915
1620 0.77657 0.519653 0.00608783
1621 0.77657 0.528254 0.00580391
1622 0.77657 0.540199 0.005711
1623 0.77657 0.530964 0.00536268
1624 0.77657 0.522884 0.00505165
1625 0.77657 0.519436 0.00544527
1626 0.77657 0.527541 0.00605849
1627 0.77657 0.528923 0.00540474
1628 0.77657 0.523152 0.00475547
1629 0.77657 0.5163 0.00579913
1630 0.77657 0.522529 0.00561322
1631 0.77657 0.531628 0.00550492
1632 0.77657 0.519536 0.00551582
1633 0.77657 0.519469 0.00518506
1634 0.77657 0.529945 0.00550613
1635 0.77657 0.524105 0.00524607
1636 0.77657 0.526803 0.0056834
1637 0.77657 0.520617 0.00563044
1638 0.77657 0.531304 0.0064235
1639 0.77657 0.524852 0.00700549
1640 0.77657 0.521688 0.00480418
1641 0.77657 0.517715 0.00512267
1642 0.77657 0.537469 0.00589535
1643 0.77657 0.532973 0.00508021
1644 0.77657 0.528925 0.00514705
1645 0.77657 0.529581 0.00706453
1646 0.77657 0.523751 0.00538553
1647 0.77657 0.530624 0.00533908
1648 0.77657 0.526685 0.00588345
1649 0.77657 0.51699 0.00509122
1650 0.77657 0.526038 0.00593203
1651 0.77657 0.525503 0.00635767
1652 0.77657 0.52508 0.00511595
1653 0.77657 0.526064 0.00523824
1654 0.77657 0.527811 0.00524145
1655 0.77657 0.524509 0.00483915
1656 0.77657 0.533281 0.00561808
1657 0.77657 0.53198 0.00486539
1658 0.77657 0.524859 0.00569536
1659 0.77657 0.529507 0.00593461
1660 0.77657 0.52916 0.004545
1661 0.77657 0.522781 0.00495144
1662 0.77657 0.525186 0.00572877
1663 0.77657 0.533276 0.00598136
1664 0.77657 0.532921 0.00547344
1665 0.77657 0.524593 0.00526338
1666 0.77657 0.526785 0.00467865
1667 0.77657 0.525333 0.00518059
1668 0.77657 0.524717 0.0055566
1669 0.77657 0.522003 0.00614448
1670 0.77657 0.535963 0.00607643
1671 0.77657 0.526305 0.00488635
1672 0.77657 0.525663 0.00600717
1673 0.77657 0.528001 0.00589961
1674 0.77657 0.529086 0.00483767
1675 0.77657 0.529809 0.00504755
1676 0.77657 0.513013 0.00542589
1677 0.77657 0.525871 0.00560015
1678 0.77657 0.533432 0.00587314
1679 0.77657 0.536051 0.00523006
1680 0.77657 0.530271 0.00599164
1681 0.77657 0.533566 0.00577183
1682 0.77657 0.52879 0.00533469
1683 0.77657 0.529984 0.0055786
1684 0.77657 0.529192 0.00517806
1685 0.77657 0.531732 0.00567693
1686 0.77657 0.534067 0.00499606
1687 0.77657 0.528495 0.00515142
1688 0.77657 0.521503 0.00562269
1689 0.77657 0.532902 0.00545143
1690 0.77657 0.529193 0.00628482
1691 0.77657 0.52762 0.00613358
1692 0.77657 0.523851 0.00495915
1693 0.77657 0.524438 0.00506584
1694 0.77657 0.531799 0.00466569
1695 0.77657 0.521805 0.00597406
1696 0.77657 0.526368 0.00515102
1697 0.77657 0.526136 0.00593282
1698 0.77657 0.523461 0.00566109
1699 0.77657 0.5299 0.00647712
1700 0.77657 0.523255 0.00641362
1701 0.77657 0.52369 0.00586472
1702 0.77657 0.52683 0.00624815
1703 0.77657 0.52487 0.00553135
1704 0.77657 0.527294 0.00521156
1705 0.77657 0.527273 0.0058183
1706 0.77657 0.526923 0.00498645
1707 0.77657 0.520551 0.00509298
1708 0.77657 0.513561 0.00610844
1709 0.77657 0.522802 0.00554675
1710 0.77657 0.529055 0.00523599
1711 0.77657 0.520702 0.00564632
1712 0.77657 0.517284 0.00582121
1713 0.77657 0.518585 0.00543242
1714 0.77657 0.519265 0.00515851
1715 0.77657 0.518045 0.00615105
1716 0.77657 0.522987 0.00476038
1717 0.77657 0.512837 0.00515896
1718 0.77657 0.516086 0.00648725
1719 0.778228 0.525495 0.00689838
1720 0.778228 0.527383 0.00633578
1721 0.778228 0.532806 0.00582567
1722 0.778228 0.535409 0.00610626
1723 0.778228 0.527485 0.00586785
1724 0.778228 0.529205 0.00540679
1725 0.778228 0.53038 0.00580136
1726 0.778228 0.526015 0.00663512
1727 0.778228 0.519683 0.00585126
1728 0.778228 0.519174 0.00634111
1729 0.778228 0.513607 0.00547363
1730 0.778228 0.519598 0.00562511
1731 0.778228 0.523939 0.00495211
1732 0.778228 0.522572 0.00505667
1733 0.778228 0.520484 0.00517649
1734 0.778228 0.522369 0.00597424
1735 0.778228 0.52568 0.00565245
1736 0.778228 0.524592 0.00553671
1737 0.778228 0.517166 0.00577692
1738 0.778228 0.527096 0.00460108
1739 0.778228 0.526713 0.00570211
1740 0.778228 0.522586 0.00551672
1741 0.778228 0.515593 0.00467873
1742 0.778228 0.521184 0.00649065
1743 0.778228 0.514845 0.00654376
1744 0.778228 0.524591 0.0059592
1745 0.778228 0.533781 0.0062262
1746 0.778228 0.51688 0.00569061
1747 0.778228 0.521946 0.00589058
1748 0.778228 0.51602 0.005344
1749 0.778228 0.519753 0.00555707
1750 0.778228 0.520276 0.00586711
1751 0.778228 0.523566 0.00489443
1752 0.778228 0.529339 0.00585145
1753 0.778228 0.535635 0.00525342
1754 0.778228 0.52756 0.0064464
1755 0.778228 0.523309 0.00590827
1756 0.778228 0.523435 0.00675752
1757 0.778228 0.538867 0.00659353
1758 0.778228 0.532748 0.00614972
1759 0.778228 0.528827 0.00588885
1760 0.778228 0.522687 0.00563998
1761 0.778228 0.521645 0.0049347
1762 0.778228 0.516033 0.00590956
1763 0.778228 0.525809 0.00555993
1764 0.778228 0.515513 0.00532269
1765 0.778228 0.520601 0.00607478
1766 0.778228 0.528923 0.00491782
1767 0.778228 0.514836 0.00544939
1768 0.778228 0.524914 0.00635406
1769 0.778228 0.526473 0.00498375
1770 0.778228 0.523429 0.00624313
1771 0.778228 0.524758 0.00496434
1772 0.778228 0.521893 0.00608415
1773 0.778228 0.52953 0.00562964
1774 0.778228 0.531277 0.00566605
1775 0.778228 0.528884 0.00567499
1776 0.778228 0.536474 0.0045283
1777 0.778228 0.533266 0.00588028
1778 0.778228 0.527962 0.00604333
1779 0.778228 0.530425 0.00575427
1780 0.778228 0.527011 0.00537516
1781 0.778228 0.519932 0.00539341
1782 0.778228 0.523208 0.00456548
1783 0.778228 0.527807 0.00666986
1784 0.778228 0.521949 0.00623531
1785 0.778228 0.520837 0.00616823
1786 0.778228 0.51716 0.00587652
1787 0.778228 0.519038 0.00526048
1788 0.778228 0.529913 0.0055845
1789 0.778228 0.525261 0.00560321
1790 0.778228 0.530596 0.00549918
1791 0.778228 0.523152 0.00592336
1792 0.778228 0.525018 0.00560611
1793 0.778228 0.526815 0.00563973
1794 0.778228 0.524083 0.00535265
1795 0.778228 0.533797 0.00490614
1796 0.778228 0.528543 0.00510038
1797 0.778228 0.531104 0.00630224
1798 0.778228 0.529856 0.00619365
1799 0.778228 0.531178 0.00562899
1800 0.778228 0.526357 0.00510269
1801 0.778228 0.517397 0.00587418
1802 0.778228 0.514841 0.00517333
1803 0.778228 0.520692 0.00604383
1804 0.778228 0.522198 0.00601966
1805 0.778228 0.53072 0.00487038
1806 0.778228 0.531671 0.00614603
1807 0.778228 0.526873 0.00559734
1808 0.778228 0.530581 0.00590419
1809 0.778228 0.526274 0.0057948
1810 0.778228 0.534073 0.00483427
1811 0.778228 0.53433 0.00497949
1812 0.778228 0.532825 0.00459
1813 0.778228 0.532197 0.00537652
1814 0.778228 0.536362 0.00527501
1815 0.778228 0.531016 0.00573722
1816 0.778228 0.531975 0.00577297
1817 0.778228 0.531768 0.00616988
1818 0.778228 0.531349 0.00585244
1819 0.778228 0.522815 0.00611056
1820 0.778228 0.52563 0.00527692
1821 0.778228 0.527304 0.00624368
1822 0.778228 0.533737 0.00618887
1823 0.778228 0.536528 0.00521803
1824 0.778228 0.523613 0.00492403
1825 0.778228 0.529223 0.00552048
1826 0.778228 0.527003 0.00537836
1827 0.778228 0.520784 0.00546555
1828 0.778228 0.533174 0.00589467
1829 0.778228 0.522303 0.00618974
1830 0.778228 0.519807 0.00627558
1831 0.778228 0.515559 0.00568765
1832 0.778228 0.520573 0.00587533
1833 0.778228 0.516486 0.00697528
1834 0.778228 0.52459 0.00505019
1835 0.778228 0.533022 0.00525336
1836 0.778228 0.523997 0.00599818
1837 0.778228 0.521221 0.00590283
1838 0.778228 0.523376 0.00553108
1839 0.778228 0.532237 0.00453181
1840 0.778228 0.53205 0.00521528
1841 0.778228 0.523759 0.00490762
1842 0.778228 0.528365 0.00551999
1843 0.778228 0.528691 0.00551786
1844 0.778228 0.532806 0.0055261
1845 0.778228 0.528406 0.00596069
1846 0.778228 0.519766 0.00665517
1847 0.778228 0.524828 0.00714803
1848 0.778228 0.520913 0.00631911
1849 0.778228 0.5371 0.00506672
1850 0.778228 0.530499 0.00533739
1851 0.778228 0.532067 0.00608517
1852 0.778228 0.534142 0.00606873
1853 0.778228 0.530553 0.00678433
1854 0.778228 0.520575 0.00656002
1855 0.778228 0.525156 0.00626835
1856 0.778228 0.531381 0.00506737
1857 0.778228 0.530121 0.00532637
1858 0.778228 0.528837 0.00523159
1859 0.778228 0.525456 0.00537302
1860 0.778228 0.521673 0.00505168
1861 0.778228 0.525453 0.00603468
1862 0.778228 0.522813 0.00574494
1863 0.778228 0.522173 0.00560311
1864 0.778228 0.526082 0.00522564
1865 0.778228 0.528744 0.00484531
1866 0.778228 0.524166 0.00573134
1867 0.778228 0.530247 0.0056807
1868 0.778228 0.520785 0.00550234
1869 0.778228 0.530864 0.00544405
1870 0.778228 0.525325 0.00527499
1871 0.778228 0.527121 0.00592957
1872 0.778228 0.522236 0.00516285
1873 0.778228 0.511204 0.00587441
1874 0.778228 0.519033 0.00578749
1875 0.778228 0.531769 0.00471475
1876 0.778228 0.529003 0.00503465
1877 0.778228 0.528235 0.00570974
1878 0.778228 0.53284 0.00487983
1879 0.778228 0.526757 0.00522755
1880 0.778228 0.528348 0.00454258
1881 0.778228 0.524245 0.00519882
1882 0.778228 0.527077 0.00515607
1883 0.778228 0.527616 0.00482801
1884 0.778228 0.520291 0.00543463
1885 0.778228 0.5203 0.00573989
1886 0.778228 0.530913 0.00527774
1887 0.778228 0.530549 0.00488761
1888 0.778228 0.526516 0.00452559
1889 0.778228 0.523108 0.00542608
1890 0.778228 0.522128 0.00558904
1891 0.778228 0.518292 0.00582756
1892 0.778228 0.528071 0.00502957
1893 0.778228 0.528128 0.00475758
1894 0.778228 0.527118 0.00525419
1895 0.778228 0.524333 0.00452251
1896 0.778228 0.523625 0.00619482
1897 0.778228 0.524083 0.00584024
1898 0.778228 0.533366 0.00653941
1899 0.778228 0.523882 0.00587685
1900 0.778228 0.525967 0.00571064
1901 0.778228 0.523987 0.00648931
1902 0.778228 0.522374 0.00666156
1903 0.778228 0.515716 0.00570208
1904 0.778228 0.523937 0.00481375
1905 0.778228 0.533822 0.00486567
1906 0.778228 0.539301 0.00521826
1907 0.778228 0.523858 0.0051227
1908 0.778228 0.530401 0.00539374
1909 0.778228 0.53093 0.00491724
1910 0.778228 0.531185 0.00486592
1911 0.778228 0.522583 0.00492764
1912 0.778228 0.519939 0.00492071
1913 0.778228 0.525592 0.00524235
1914 0.778228 0.521805 0.00546833
1915 0.778228 0.515291 0.00593142
1916 0.778228 0.518328 0.00538998
1917 0.778228 0.532336 0.00503785
1918 0.778228 0.520679 0.00521159
1919 0.778228 0.517718 0.00515165
1920 0.778228 0.522995 0.00586459
1921 0.778228 0.523733 0.00523421
1922 0.778228 0.532315 0.0055833
1923 0.778228 0.519594 0.0056801
1924 0.778228 0.518239 0.00611657
1925 0.778228 0.520975 0.00550785
1926 0.778228 0.519163 0.006021
1927 0.778228 0.534006 0.00574513
1928 0.778228 0.521828 0.00654899
1929 0.778228 0.531013 0.00589205
1930 0.778228 0.525545 0.00650495
1931 0.778228 0.531092 0.00564762
1932 0.778228 0.53266 0.0059217
1933 0.778228 0.529943 0.0057408
1934 0.778228 0.528222 0.00490466
1935 0.778228 0.533463 0.00550255
1936 0.778228 0.531085 0.00670606
1937 0.778228 0.524431 0.00593593
1938 0.778228 0.522901 0.00685511
1939 0.778228 0.53222 0.00612444
1940 0.778228 0.542335 0.00528958
1941 0.778228 0.544368 0.00598739
1942 0.778228 0.526373 0.00652962
1943 0.778228 0.535161 0.00635151
1944 0.778228 0.534548 0.00582203
1945 0.778228 0.530537 0.00488076
1946 0.778228 0.531648 0.00566427
1947 0.778228 0.519416 0.00627903
1948 0.778228 0.522603 0.00536952
1949 0.778228 0.528921 0.00552973
1950 0.778228 0.533689 0.00612668
1951 0.778228 0.521143 0.00592511
1952 0.778228 0.523871 0.00619652
1953 0.778228 0.530633 0.00515797
1954 0.778228 0.527723 0.00514042
1955 0.778228 0.53635 0.00566583
1956 0.778228 0.530886 0.00542335
1957 0.778228 0.527485 0.00598247
1958 0.778228 0.535118 0.00540277
1959 0.778228 0.519438 0.00651905
1960 0.778228 0.524171 0.00596797
1961 0.778228 0.525426 0.00606679
1962 0.778228 0.527553 0.00529783
1963 0.778228 0.517468 0.00516912
1964 0.778228 0.518392 0.00615961
1965 0.778228 0.518643 0.00524171
1966 0.778228 0.53186 0.00595404
1967 0.778228 0.526355 0.0058651
1968 0.778228 0.519923 0.005328
1969 0.778228 0.527097 0.00557157
1970 0.778228 0.525729 0.00544985
1971 0.778228 0.52861 0.00528799
1972 0.778228 0.529743 0.00477008
1973 0.778228 0.529896 0.00470284
1974 0.778228 0.530452 0.00486032
1975 0.778228 0.522866 0.00464153
1976 0.778228 0.520692 0.00561188
1977 0.778228 0.514524 0.00519614
1978 0.778228 0.524324 0.00523796
1979 0.778228 0.523111 0.00498256
1980 0.778228 0.527296 0.00597954
1981 0.778228 0.521766 0.00554104
1982 0.778228 0.521977 0.00576461
1983 0.778228 0.517929 0.00562875
1984 0.778228 0.524197 0.00551572
1985 0.778228 0.527975 0.00575775
1986 0.778228 0.532434 0.00510396
1987 0.778228 0.518436 0.00499114
1988 0.778228 0.519935 0.00521606
1989 0.778228 0.529731 0.00451579
1990 0.778228 0.52891 0.00584086
1991 0.778228 0.528588 0.0054945
1992 0.778228 0.522991 0.00574809
1993 0.778228 0.523693 0.00532982
1994 0.778228 0.526213 0.00532868
1995 0.778228 0.515204 0.00649032
1996 0.778228 0.522839 0.00536141
1997 0.778228 0.520684 0.00487461
1998 0.778228 0.519005 0.00688878
1999 0.778228 0.51823 0.00603623
2000 0.778228 0.51634 0.0063587
