0 0.570718 0.497922 0.000451194
1 0.586147 0.502306 0.00053183
2 0.586147 0.501359 0.000691595
3 0.586147 0.499869 0.000562105
4 0.586147 0.499855 0.000756316
5 0.586147 0.49917 0.000737808
6 0.586147 0.50012 0.00067186
7 0.586147 0.500303 0.00103558
8 0.586147 0.500368 0.000762737
9 0.597267 0.502406 0.000836923
10 0.609569 0.50326 0.000901009
11 0.609569 0.499627 0.0011369
12 0.609569 0.500398 0.000817417
13 0.609569 0.498205 0.00125682
14 0.609569 0.501319 0.000957593
15 0.609569 0.506164 0.000869861
16 0.609569 0.500035 0.00111216
17 0.609569 0.51231 0.00113161
18 0.609569 0.509073 0.00116968
19 0.609569 0.50023 0.00114999
20 0.609569 0.50559 0.00100957
21 0.609569 0.50383 0.000917832
22 0.609569 0.50347 0.00113937
23 0.609569 0.49679 0.00112197
24 0.623922 0.505068 0.00136865
25 0.623922 0.505408 0.000980613
26 0.623922 0.503787 0.00101133
27 0.623922 0.499045 0.0013667
28 0.623922 0.503597 0.00119301
29 0.623922 0.504218 0.0016002
30 0.635125 0.503 0.00139328
31 0.635125 0.505258 0.00137446
32 0.635125 0.502624 0.00137614
33 0.635125 0.505433 0.00111462
34 0.635125 0.502363 0.00137049
35 0.635125 0.503922 0.00112427
36 0.635125 0.501967 0.00170197
37 0.635125 0.505991 0.00178968
38 0.635125 0.50326 0.00150398
39 0.635125 0.497749 0.00208573
40 0.635125 0.502117 0.0018956
41 0.635125 0.498042 0.0021147
42 0.635125 0.505328 0.00167573
43 0.635125 0.50239 0.0020079
44 0.635125 0.500271 0.00182656
45 0.635125 0.503706 0.00160107
46 0.635125 0.506625 0.00153115
47 0.635125 0.494644 0.00200215
48 0.640984 0.505299 0.00180414
49 0.640984 0.501054 0.00148951
50 0.640984 0.504452 0.00173122
51 0.640984 0.502874 0.00170918
52 0.640984 0.507347 0.00174158
53 0.640984 0.502623 0.00175407
54 0.640984 0.503874 0.00225658
55 0.640984 0.496773 0.00189648
56 0.640984 0.500344 0.00198062
57 0.640984 0.502976 0.0018436
58 0.640984 0.504155 0.00220981
59 0.640984 0.495839 0.00232439
60 0.640984 0.499167 0.00222712
61 0.640984 0.502381 0.00217558
62 0.651118 0.500216 0.00213526
63 0.651118 0.503073 0.00229045
64 0.651118 0.500177 0.0022982
65 0.651118 0.503343 0.00197456
66 0.651118 0.49928 0.00190088
67 0.651118 0.498523 0.00231236
68 0.651118 0.496993 0.00242083
69 0.651118 0.503262 0.00242802
70 0.651118 0.506614 0.00231113
71 0.651118 0.503854 0.00270254
72 0.651118 0.510151 0.00204486
73 0.651118 0.501042 0.00201393
74 0.651118 0.503154 0.00279431
75 0.651118 0.505188 0.00248232
76 0.651118 0.499866 0.00268617
77 0.651118 0.502185 0.00213861
78 0.651118 0.50216 0.00213656
79 0.651118 0.502914 0.00240492
80 0.651118 0.50134 0.00243641
81 0.651118 0.501547 0.00260646
82 0.651118 0.49982 0.0026009
83 0.651118 0.506083 0.00210598
84 0.651118 0.502477 0.00230536
85 0.651118 0.494694 0.00269644
86 0.651118 0.504396 0.0020803
87 0.651118 0.50216 0.00230452
88 0.651118 0.503218 0.0024179
89 0.651118 0.50207 0.00208853
90 0.651118 0.498684 0.00225207
91 0.651118 0.505764 0.00219983
92 0.651118 0.503282 0.00205126
93 0.651118 0.496308 0.00246015
94 0.651118 0.503337 0.00220418
95 0.651118 0.496166 0.0025066
96 0.668373 0.502427 0.00263215
97 0.668373 0.499177 0.00246022
98 0.668373 0.496876 0.00252904
99 0.668373 0.500464 0.00233268
100 0.668373 0.497563 0.00206437
101 0.668373 0.497717 0.00244659
102 0.668373 0.502283 0.00201432
103 0.668373 0.50177 0.00228966
104 0.668373 0.50147 0.0025267
105 0.668373 0.500899 0.00240177
106 0.668373 0.502726 0.00229051
107 0.668373 0.497043 0.00240419
108 0.668373 0.495971 0.00222225
109 0.668373 0.50019 0.00236683
110 0.668373 0.50259 0.00217749
111 0.668373 0.50707 0.00207102
112 0.668373 0.502297 0.00264539
113 0.668373 0.497739 0.00278647
114 0.668373 0.501625 0.00220322
115 0.668373 0.499479 0.00259264
116 0.668373 0.503947 0.00234519
117 0.668373 0.498554 0.00280044
118 0.668373 0.504423 0.00250199
119 0.668373 0.499101 0.00239572
120 0.668373 0.493914 0.00256559
121 0.668373 0.49594 0.00241742
122 0.668373 0.503572 0.00199698
123 0.668373 0.501635 0.00263882
124 0.668373 0.497541 0.00245553
125 0.668373 0.503866 0.00266359
126 0.668373 0.500205 0.00256542
127 0.668373 0.499873 0.00282549
128 0.668373 0.503098 0.00252572
129 0.668373 0.495937 0.00286709
130 0.668373 0.502099 0.00243904
131 0.668373 0.505548 0.00243718
132 0.668373 0.505731 0.00240629
133 0.668373 0.497802 0.00246617
134 0.668373 0.509797 0.00200707
135 0.668373 0.51046 0.00246401
136 0.668373 0.501889 0.00261989
137 0.668373 0.504218 0.00284987
138 0.668373 0.498971 0.00257593
139 0.668373 0.50014 0.00248393
140 0.668373 0.504502 0.00272868
141 0.668373 0.507824 0.00192954
142 0.668373 0.502944 0.00275776
143 0.668373 0.506558 0.00252225
144 0.668373 0.500633 0.00309593
145 0.668373 0.498271 0.00292002
146 0.668373 0.505016 0.00276467
147 0.668373 0.501851 0.00276554
148 0.668373 0.502453 0.00236645
149 0.668373 0.494561 0.00278641
150 0.668373 0.499168 0.00302243
151 0.668373 0.502725 0.00304466
152 0.668373 0.504836 0.00286457
153 0.668373 0.502861 0.00291703
154 0.668373 0.502951 0.002759
155 0.668373 0.504404 0.00227148
156 0.668373 0.492123 0.00250387
157 0.680428 0.499365 0.00313302
158 0.680428 0.506635 0.00296023
159 0.680428 0.497511 0.00303219
160 0.680428 0.494796 0.00257059
161 0.680428 0.503217 0.0029497
162 0.680428 0.502616 0.00288714
163 0.680428 0.508801 0.00316855
164 0.680428 0.496142 0.00346063
165 0.680428 0.500532 0.00320841
166 0.680428 0.497461 0.00314259
167 0.680428 0.500088 0.00322396
168 0.680428 0.507201 0.00298084
169 0.680428 0.496417 0.00301874
170 0.680428 0.501638 0.00279156
171 0.680428 0.50369 0.00264584
172 0.680428 0.49916 0.00327209
173 0.680428 0.503815 0.00283563
174 0.680428 0.501458 0.00294864
175 0.680428 0.491482 0.00331162
176 0.680428 0.498194 0.00318821
177 0.680428 0.504807 0.00354731
178 0.680428 0.498631 0.00303908
179 0.680428 0.504269 0.0034896
180 0.680428 0.504473 0.00302167
181 0.680428 0.502656 0.0027419
182 0.680428 0.501034 0.00276771
183 0.680428 0.496384 0.00321131
184 0.680428 0.502266 0.00295653
185 0.680428 0.503901 0.0028691
186 0.680428 0.505387 0.00306613
187 0.680428 0.496392 0.002913
188 0.680428 0.501982 0.00383673
189 0.680428 0.497683 0.00391124
190 0.680428 0.503377 0.00293192
191 0.680428 0.49911 0.0034737
192 0.680428 0.501541 0.00366941
193 0.680428 0.503004 0.00292196
194 0.680428 0.500854 0.00249459
195 0.680428 0.499679 0.00298151
196 0.680428 0.501761 0.00309516
197 0.680428 0.500622 0.00348876
198 0.680428 0.51166 0.00272528
199 0.680428 0.500845 0.00324235
200 0.680428 0.499876 0.00330351
201 0.680428 0.485626 0.00392194
202 0.680428 0.496641 0.00362998
203 0.680428 0.497059 0.00288119
204 0.680428 0.494438 0.00338003
205 0.680428 0.502219 0.00317366
206 0.680428 0.499858 0.00306415
207 0.680428 0.494534 0.00320816
208 0.680428 0.501854 0.00291465
209 0.680428 0.496754 0.00316493
210 0.680428 0.496546 0.00312471
211 0.680428 0.503138 0.00354102
212 0.680428 0.488459 0.00376659
213 0.680428 0.502865 0.00276649
214 0.680428 0.502888 0.00261736
215 0.680428 0.501772 0.00247578
216 0.680428 0.497512 0.00308705
217 0.680428 0.500986 0.00319696
218 0.680428 0.497492 0.00323092
219 0.680428 0.49943 0.0034052
220 0.680428 0.49624 0.00351905
221 0.680428 0.496437 0.00313015
222 0.680428 0.494161 0.00312573
223 0.680428 0.502816 0.00288003
224 0.680428 0.500484 0.00380389
225 0.680428 0.497885 0.003182
226 0.688973 0.497744 0.00350606
227 0.688973 0.502137 0.0037648
228 0.688973 0.503557 0.00309466
229 0.688973 0.498794 0.00324928
230 0.688973 0.500966 0.00348338
231 0.688973 0.499531 0.00382552
232 0.688973 0.502427 0.00331644
233 0.688973 0.506815 0.00285168
234 0.688973 0.499915 0.00301146
235 0.688973 0.499037 0.00354124
236 0.688973 0.493551 0.00364581
237 0.688973 0.503995 0.00330902
238 0.688973 0.50037 0.00399233
239 0.688973 0.491886 0.0036616
240 0.688973 0.489907 0.00321646
241 0.688973 0.498246 0.00326322
242 0.703414 0.5005 0.00326777
243 0.703414 0.510887 0.00330912
244 0.703414 0.501114 0.00347072
245 0.703414 0.506871 0.00320797
246 0.703414 0.508073 0.00317172
247 0.703414 0.499146 0.00360162
248 0.703414 0.494456 0.00378301
249 0.703414 0.50497 0.00324396
250 0.703414 0.500236 0.00330859
251 0.703414 0.501439 0.00307397
252 0.703414 0.501925 0.00326862
253 0.703414 0.505163 0.00316072
254 0.703414 0.500781 0.00327977
255 0.703414 0.497129 0.00356347
256 0.703414 0.508182 0.00307681
257 0.703414 0.504681 0.00362766
258 0.703414 0.501392 0.00368476
259 0.703414 0.50492 0.00340141
260 0.703414 0.498342 0.00390733
261 0.703414 0.502784 0.00310789
262 0.703414 0.505973 0.00287829
263 0.703414 0.504193 0.00392931
264 0.703414 0.509717 0.00429377
265 0.703414 0.500749 0.00340548
266 0.703414 0.512456 0.00340152
267 0.703414 0.504821 0.00392963
268 0.703414 0.510028 0.00357264
269 0.703414 0.503589 0.00340678
270 0.703414 0.506239 0.00375781
271 0.703414 0.510525 0.00383776
272 0.703414 0.502944 0.00339392
273 0.703414 0.507898 0.00333833
274 0.703414 0.512627 0.00342143
275 0.703414 0.501657 0.003887
276 0.703414 0.499774 0.00354034
277 0.703414 0.510055 0.00375089
278 0.703414 0.50599 0.00321845
279 0.703414 0.502901 0.00393927
280 0.703414 0.504926 0.00282038
281 0.703414 0.506622 0.00303467
282 0.703414 0.501121 0.00336513
283 0.703414 0.50897 0.0030723
284 0.703414 0.505406 0.0031322
285 0.703414 0.502207 0.00398252
286 0.703414 0.498997 0.00386961
287 0.703414 0.508624 0.00319945
288 0.703414 0.497301 0.00388327
289 0.703414 0.507395 0.0036062
290 0.703414 0.495638 0.00322463
291 0.703414 0.499914 0.00395289
292 0.703414 0.507006 0.00373712
293 0.703414 0.502303 0.00404009
294 0.703414 0.496021 0.00377932
295 0.703414 0.498737 0.0035385
296 0.703414 0.498945 0.00368873
297 0.703414 0.509935 0.00393564
298 0.703414 0.506891 0.00372058
299 0.703414 0.500462 0.00464604
300 0.703414 0.499141 0.00363287
301 0.703414 0.50544 0.00330682
302 0.703414 0.504477 0.00348684
303 0.703414 0.499163 0.0042049
304 0.703414 0.500607 0.00388996
305 0.703414 0.508453 0.00311368
306 0.703414 0.488872 0.0035673
307 0.703414 0.498439 0.00382591
308 0.703414 0.499459 0.00447706
309 0.703414 0.495967 0.00371666
310 0.703414 0.503955 0.00367974
311 0.703414 0.511706 0.00319824
312 0.703414 0.508202 0.00456242
313 0.703414 0.505914 0.00381669
314 0.703414 0.495819 0.00345288
315 0.703414 0.502173 0.00375598
316 0.703414 0.505216 0.00360402
317 0.703414 0.499367 0.00367239
318 0.703414 0.496155 0.00460461
319 0.703414 0.498894 0.00376822
320 0.703414 0.500962 0.0036096
321 0.703414 0.507055 0.00321362
322 0.703414 0.509545 0.00383893
323 0.703414 0.508285 0.00375956
324 0.703414 0.504103 0.00342799
325 0.703414 0.500519 0.00367529
326 0.703414 0.504651 0.00367684
327 0.703414 0.499701 0.0039235
328 0.703414 0.505082 0.0038896
329 0.703414 0.512546 0.00302952
330 0.703414 0.509327 0.00322583
331 0.703414 0.50621 0.00271473
332 0.703414 0.507862 0.00289029
333 0.703414 0.501764 0.00314355
334 0.703414 0.516228 0.00355775
335 0.703414 0.501905 0.00294656
336 0.703414 0.488238 0.00351563
337 0.703414 0.504787 0.00331456
338 0.703414 0.504922 0.00306582
339 0.703414 0.502522 0.00315032
340 0.703414 0.50062 0.00300433
341 0.703414 0.501513 0.00329024
342 0.703414 0.497406 0.00359711
343 0.703414 0.5026 0.00327176
344 0.703414 0.506765 0.00366448
345 0.703414 0.505099 0.00297982
346 0.703414 0.500373 0.00371522
347 0.703414 0.50196 0.00371553
348 0.703414 0.503878 0.00375676
349 0.703414 0.507396 0.00303195
350 0.703414 0.505866 0.00302772
351 0.703414 0.501163 0.00295551
352 0.703414 0.506371 0.00356447
353 0.703414 0.506313 0.00329047
354 0.703414 0.50762 0.0032639
355 0.703414 0.49675 0.00376961
356 0.703414 0.509827 0.00386159
357 0.703414 0.50844 0.0032628
358 0.703414 0.503732 0.00347866
359 0.703414 0.511268 0.00346295
360 0.703414 0.505302 0.00365215
361 0.703414 0.502212 0.00330758
362 0.703414 0.504761 0.00307275
363 0.703414 0.498287 0.00379043
364 0.703414 0.506656 0.0033034
365 0.703414 0.502094 0.00398908
366 0.703414 0.506392 0.00374959
367 0.703414 0.507754 0.00431421
368 0.703414 0.510004 0.00381533
369 0.703414 0.507861 0.00327395
370 0.703414 0.503734 0.00320889
371 0.703414 0.500859 0.00322807
372 0.703414 0.507993 0.00386981
373 0.703414 0.508094 0.0032724
374 0.703414 0.506825 0.0034681
375 0.703414 0.502679 0.0034606
376 0.703414 0.509157 0.00387269
377 0.703414 0.495903 0.00357889
378 0.703414 0.508713 0.00337381
379 0.703414 0.503498 0.00375553
380 0.723329 0.500712 0.00443274
381 0.723329 0.502312 0.00407968
382 0.723329 0.507148 0.00357956
383 0.723329 0.508534 0.00336571
384 0.723329 0.502792 0.00397372
385 0.723329 0.506182 0.00351178
386 0.723329 0.509327 0.00378947
387 0.723329 0.514742 0.00359101
388 0.723329 0.497967 0.00360823
389 0.723329 0.502628 0.0038989
390 0.723329 0.513033 0.00364738
391 0.723329 0.503976 0.00408495
392 0.723329 0.505648 0.00362098
393 0.723329 0.502722 0.00349945
394 0.723329 0.506371 0.00397875
395 0.723329 0.501362 0.00364577
396 0.723329 0.500243 0.00381447
397 0.723329 0.501599 0.00353919
398 0.723329 0.505504 0.00321193
399 0.723329 0.510379 0.00342909
400 0.723329 0.50195 0.00383827
401 0.723329 0.507885 0.00369435
402 0.723329 0.506615 0.00331685
403 0.723329 0.498975 0.00330595
404 0.723329 0.503404 0.00327187
405 0.723329 0.505647 0.00338487
406 0.723329 0.506965 0.00405456
407 0.723329 0.50484 0.00334774
408 0.723329 0.50635 0.0032145
409 0.723329 0.500913 0.00360381
410 0.723329 0.501268 0.00331948
411 0.723329 0.503159 0.00368434
412 0.723329 0.507571 0.00352244
413 0.723329 0.509451 0.00372563
414 0.723329 0.501874 0.00298359
415 0.723329 0.503237 0.0037588
416 0.723329 0.50132 0.00423339
417 0.723329 0.508513 0.00338965
418 0.723329 0.505043 0.00365812
419 0.723329 0.511497 0.00345686
420 0.723329 0.509834 0.00341701
421 0.723329 0.502382 0.00367851
422 0.723329 0.506168 0.0035337
423 0.723329 0.499035 0.00315862
424 0.723329 0.501094 0.00364339
425 0.723329 0.503616 0.00369434
426 0.723329 0.501859 0.00366736
427 0.723329 0.502347 0.00328433
428 0.723329 0.500456 0.00337205
429 0.723329 0.506398 0.00363694
430 0.723329 0.499808 0.0040151
431 0.723329 0.507784 0.00393123
432 0.723329 0.50192 0.00337415
433 0.723329 0.500208 0.00384542
434 0.723329 0.509206 0.00394331
435 0.723329 0.508085 0.00322177
436 0.723329 0.502737 0.00359947
437 0.723329 0.501464 0.00419694
438 0.723329 0.508553 0.00406452
439 0.723329 0.501978 0.00374894
440 0.723329 0.510285 0.00408828
441 0.723329 0.508864 0.00346895
442 0.723329 0.508451 0.00316388
443 0.723329 0.502668 0.00401876
444 0.723329 0.51007 0.00352031
445 0.723329 0.509532 0.00379414
446 0.723329 0.507888 0.0033926
447 0.723329 0.502844 0.00434553
448 0.723329 0.50519 0.00381892
449 0.723329 0.501422 0.00346705
450 0.723329 0.50381 0.00336853
451 0.723329 0.503569 0.00340868
452 0.723329 0.505367 0.00331333
453 0.723329 0.507081 0.00346514
454 0.723329 0.502891 0.00338151
455 0.723329 0.506021 0.00338174
456 0.723329 0.513396 0.00354677
457 0.723329 0.505163 0.0033874
458 0.723329 0.502323 0.00392869
459 0.723329 0.510087 0.00353016
460 0.723329 0.510623 0.00304026
461 0.723329 0.505483 0.00290331
462 0.723329 0.504298 0.00309269
463 0.723329 0.506067 0.00362684
464 0.723329 0.508596 0.00290085
465 0.723329 0.502767 0.00354103
466 0.723329 0.500949 0.0032485
467 0.723329 0.507994 0.0033328
468 0.723329 0.502743 0.00383267
469 0.723329 0.503582 0.00358689
470 0.723329 0.498887 0.00380734
471 0.723329 0.504748 0.00356684
472 0.723329 0.506956 0.0033692
473 0.723329 0.504758 0.00369757
474 0.723329 0.508608 0.00304347
475 0.723329 0.500844 0.0042928
476 0.723329 0.507101 0.00346095
477 0.723329 0.505262 0.00330795
478 0.723329 0.510512 0.00323037
479 0.723329 0.501211 0.00361215
480 0.723329 0.504134 0.00385127
481 0.723329 0.505912 0.00291895
482 0.723329 0.499602 0.00318509
483 0.723329 0.497386 0.00367235
484 0.723329 0.505696 0.00313807
485 0.723329 0.50051 0.00366135
486 0.723329 0.502025 0.00364174
487 0.723329 0.502465 0.00310231
488 0.723329 0.504066 0.00398706
489 0.723329 0.500431 0.00378557
490 0.723329 0.509092 0.0031061
491 0.723329 0.496963 0.00408832
492 0.723329 0.515895 0.00365146
493 0.723329 0.503414 0.00394823
494 0.723329 0.503218 0.00343573
495 0.723329 0.505919 0.00317479
496 0.723329 0.499761 0.00380222
497 0.723329 0.500262 0.0038481
498 0.723329 0.508784 0.00334513
499 0.723329 0.494319 0.00401476
500 0.723329 0.504188 0.00332433
501 0.723329 0.505295 0.00376459
502 0.723329 0.503409 0.00393093
503 0.723329 0.50559 0.00292884
504 0.723329 0.501963 0.00396506
505 0.723329 0.5092 0.00339458
506 0.723329 0.504797 0.00331799
507 0.723329 0.506694 0.0031343
508 0.723329 0.507673 0.00386235
509 0.723329 0.504831 0.00308765
510 0.723329 0.501701 0.00402772
511 0.723329 0.503263 0.0041275
512 0.723329 0.504481 0.00352293
513 0.723329 0.499203 0.00360513
514 0.723329 0.506035 0.0038667
515 0.725473 0.502887 0.00429084
516 0.725473 0.512026 0.00390861
517 0.725473 0.51362 0.00395399
518 0.725473 0.510926 0.00374564
519 0.725473 0.51593 0.00324344
520 0.725473 0.502915 0.00426195
521 0.725473 0.507961 0.00366313
522 0.725473 0.506328 0.00384762
523 0.725473 0.505714 0.0040872
524 0.725473 0.503609 0.00335045
525 0.725473 0.501924 0.00390864
526 0.725473 0.510329 0.00373279
527 0.725473 0.512182 0.00335118
528 0.725473 0.495913 0.00436914
529 0.725473 0.506298 0.00407532
530 0.725473 0.502999 0.00412754
531 0.725473 0.503785 0.0034254
532 0.725473 0.49786 0.00399085
533 0.725473 0.503792 0.00362375
534 0.725473 0.501901 0.00353321
535 0.725473 0.507527 0.0035445
536 0.725473 0.506376 0.00407355
537 0.725473 0.500879 0.00354554
538 0.725473 0.5069 0.00340756
539 0.725473 0.50436 0.00433498
540 0.725473 0.504416 0.00382458
541 0.725473 0.502218 0.00417284
542 0.725473 0.51138 0.00311654
543 0.725473 0.505309 0.00339915
544 0.725473 0.508526 0.00408055
545 0.725473 0.499836 0.0039387
546 0.725473 0.505279 0.00373681
547 0.725473 0.507245 0.00331214
548 0.725473 0.504757 0.00355327
549 0.725473 0.510829 0.00421936
550 0.725473 0.50863 0.00424891
551 0.725473 0.513558 0.00366561
552 0.725473 0.500412 0.00381717
553 0.725473 0.504804 0.00351677
554 0.725473 0.510032 0.00432894
555 0.725473 0.519583 0.00328637
556 0.725473 0.506609 0.00401222
557 0.725473 0.504998 0.00308307
558 0.725473 0.510269 0.00359656
559 0.725473 0.511777 0.00349837
560 0.725473 0.504423 0.00404914
561 0.725473 0.504285 0.00349195
562 0.725473 0.503586 0.00400242
563 0.725473 0.509072 0.00367456
564 0.725473 0.503527 0.00412932
565 0.725473 0.506294 0.00399014
566 0.725473 0.497972 0.00347335
567 0.725473 0.508004 0.00371049
568 0.725473 0.506664 0.00401017
569 0.725473 0.51012 0.00341842
570 0.725473 0.508579 0.00338543
571 0.725473 0.501291 0.00400426
572 0.725473 0.506189 0.00373933
573 0.725473 0.503139 0.00385492
574 0.725473 0.503789 0.00371478
575 0.725473 0.509126 0.00371457
576 0.725473 0.513971 0.00365063
577 0.725473 0.50641 0.00444429
578 0.725473 0.498997 0.00421128
579 0.725473 0.510435 0.00412292
580 0.725473 0.504531 0.00473706
581 0.725473 0.507657 0.00414502
582 0.725473 0.500849 0.0042843
583 0.725473 0.502074 0.00401895
584 0.725473 0.501661 0.0039949
585 0.725473 0.499291 0.00424973
586 0.725473 0.496552 0.00381282
587 0.725473 0.500914 0.00370837
588 0.725473 0.507213 0.00348185
589 0.725473 0.506577 0.00375474
590 0.725473 0.5036 0.00355702
591 0.725473 0.504636 0.00338503
592 0.725473 0.507144 0.00364655
593 0.725473 0.504931 0.00353787
594 0.725473 0.496073 0.00402514
595 0.725473 0.50502 0.00405123
596 0.725473 0.501914 0.00389959
597 0.725473 0.505587 0.00367208
598 0.725473 0.496046 0.00408207
599 0.725473 0.496699 0.00384375
600 0.725473 0.505102 0.00363596
601 0.725473 0.500029 0.00387987
602 0.725473 0.507528 0.00357987
603 0.725473 0.500735 0.0036853
604 0.725473 0.504406 0.00417163
605 0.725473 0.505949 0.00378144
606 0.725473 0.511972 0.00319254
607 0.725473 0.511502 0.00359501
608 0.725473 0.504889 0.00327082
609 0.725473 0.50242 0.00390781
610 0.725473 0.511517 0.00463031
611 0.725473 0.509279 0.00366558
612 0.725473 0.506472 0.00392473
613 0.725473 0.498636 0.0046403
614 0.725473 0.504504 0.00369479
615 0.725473 0.498257 0.00447767
616 0.725473 0.507361 0.0040283
617 0.725473 0.500467 0.00448363
618 0.725473 0.504432 0.0040459
619 0.725473 0.508825 0.00397938
620 0.725473 0.506805 0.00462961
621 0.725473 0.513794 0.00422956
622 0.725473 0.507768 0.0039608
623 0.725473 0.503045 0.00415663
624 0.725473 0.502594 0.00354176
625 0.725473 0.503771 0.00351223
626 0.725473 0.505163 0.00410969
627 0.725473 0.498164 0.00401767
628 0.725473 0.508602 0.00407256
629 0.725473 0.509388 0.00356459
630 0.725473 0.511719 0.00355241
631 0.725473 0.511929 0.00439184
632 0.725473 0.509747 0.00402127
633 0.725473 0.504372 0.00446125
634 0.725473 0.502387 0.00428124
635 0.725473 0.510308 0.00378629
636 0.725473 0.506204 0.00472868
637 0.725473 0.503163 0.00447947
638 0.725473 0.504594 0.00388902
639 0.725473 0.504779 0.0034089
640 0.725473 0.512624 0.00316038
641 0.725473 0.501271 0.00443673
642 0.725473 0.510825 0.0038139
643 0.725473 0.506178 0.00392654
644 0.725473 0.505699 0.00445504
645 0.725473 0.505512 0.00387048
646 0.725473 0.507955 0.00359801
647 0.725473 0.509152 0.00395943
648 0.725473 0.506047 0.00399783
649 0.725473 0.509449 0.00400584
650 0.725473 0.506741 0.00364432
651 0.725473 0.510457 0.00358604
652 0.725473 0.507391 0.00455961
653 0.725473 0.507096 0.0042169
654 0.725473 0.50697 0.00383168
655 0.725473 0.502956 0.00378466
656 0.725473 0.500887 0.00430091
657 0.725473 0.507239 0.00379222
658 0.725473 0.499779 0.00334246
659 0.725473 0.505747 0.00418122
660 0.725473 0.506066 0.0037601
661 0.725473 0.499653 0.0040238
662 0.725473 0.498508 0.00445497
663 0.725473 0.499628 0.0050019
664 0.725473 0.502574 0.00413953
665 0.725473 0.500587 0.00513838
666 0.725473 0.500288 0.00416221
667 0.725473 0.494772 0.00411254
668 0.725473 0.50602 0.00481972
669 0.725473 0.506397 0.00405541
670 0.725473 0.508792 0.00384032
671 0.725473 0.50884 0.00448377
672 0.725473 0.507688 0.0040548
673 0.725473 0.510034 0.00389531
674 0.725473 0.509733 0.00384231
675 0.725473 0.507446 0.00407661
676 0.725473 0.498345 0.00415931
677 0.725473 0.502585 0.00402188
678 0.725473 0.502072 0.0047699
679 0.725473 0.508384 0.00371995
680 0.725473 0.50592 0.00445873
681 0.725473 0.499894 0.00411211
682 0.725473 0.508587 0.00436715
683 0.725473 0.507749 0.0040074
684 0.725473 0.503917 0.00418287
685 0.725473 0.505192 0.00408614
686 0.725473 0.500612 0.00428768
687 0.725473 0.500135 0.00396187
688 0.725473 0.500309 0.00423894
689 0.725473 0.508422 0.00353279
690 0.725473 0.50994 0.0037545
691 0.725473 0.508347 0.00344275
692 0.725473 0.50606 0.0041589
693 0.725473 0.502898 0.00489055
694 0.725473 0.510921 0.00363025
695 0.725473 0.505395 0.0036741
696 0.725473 0.509473 0.00356001
697 0.725473 0.507169 0.0040029
698 0.725473 0.505197 0.00365442
699 0.725473 0.50462 0.00443308
700 0.725473 0.502741 0.00348855
701 0.725473 0.509188 0.00415636
702 0.725473 0.504099 0.0038706
703 0.725473 0.510336 0.00348256
704 0.725473 0.497695 0.00446467
705 0.725473 0.501102 0.00334851
706 0.725473 0.507618 0.00390116
707 0.725473 0.500832 0.00353369
708 0.725473 0.506992 0.00420081
709 0.725473 0.500932 0.00406952
710 0.725473 0.506604 0.0033868
711 0.725473 0.502177 0.00365003
712 0.725473 0.503451 0.00380192
713 0.725473 0.503377 0.00471155
714 0.725473 0.492979 0.00399688
715 0.725473 0.506959 0.00442815
716 0.725473 0.505153 0.00438005
717 0.725473 0.501651 0.00434276
718 0.725473 0.505699 0.00426805
719 0.725473 0.50451 0.00395389
720 0.725473 0.507501 0.00543901
721 0.725473 0.509416 0.0041617
722 0.725473 0.497429 0.00453869
723 0.725473 0.511861 0.00466002
724 0.725473 0.50523 0.00446814
725 0.725473 0.508638 0.0039788
726 0.725473 0.509618 0.00430135
727 0.725473 0.504755 0.00433729
728 0.725473 0.505052 0.00376937
729 0.725473 0.505439 0.00420811
730 0.725473 0.514135 0.00384248
731 0.725473 0.509294 0.00348745
732 0.725473 0.507025 0.00366138
733 0.725473 0.508696 0.00451217
734 0.725473 0.502233 0.00362277
735 0.725473 0.503928 0.00456638
736 0.725473 0.500732 0.00422064
737 0.725473 0.505729 0.00490694
738 0.725473 0.507246 0.00448401
739 0.725473 0.506589 0.00476894
740 0.725473 0.50953 0.00467959
741 0.725473 0.498705 0.00399212
742 0.725473 0.512576 0.0041429
743 0.725473 0.512996 0.00468976
744 0.725473 0.510274 0.00400537
745 0.725473 0.510556 0.00374497
746 0.725473 0.5113 0.00430896
747 0.725473 0.496987 0.00395431
748 0.725473 0.509205 0.0046676
749 0.725473 0.504459 0.00455524
750 0.725473 0.506058 0.0045488
751 0.725473 0.505153 0.00357497
752 0.725473 0.501648 0.00392801
753 0.725473 0.500877 0.00460724
754 0.725473 0.504899 0.0043442
755 0.725473 0.501059 0.00413507
756 0.725473 0.502144 0.00425659
757 0.725473 0.505269 0.00426474
758 0.725473 0.506835 0.00403725
759 0.725473 0.505337 0.0039977
760 0.725473 0.504011 0.00407777
761 0.725473 0.503664 0.00483572
762 0.725473 0.506469 0.00411505
763 0.725473 0.50778 0.00454007
764 0.725473 0.505447 0.00433184
765 0.725473 0.508177 0.00414856
766 0.725473 0.509589 0.00378712
767 0.725473 0.501833 0.00425756
768 0.725473 0.50802 0.00441317
769 0.725473 0.504106 0.00430281
770 0.725473 0.505666 0.00447478
771 0.725473 0.505872 0.00391524
772 0.725473 0.50986 0.00418379
773 0.725473 0.502408 0.00423697
774 0.725473 0.505418 0.00376194
775 0.725473 0.506284 0.00373753
776 0.725473 0.508762 0.00366102
777 0.725473 0.503715 0.0043028
778 0.725473 0.5019 0.00412155
779 0.725473 0.506317 0.00352712
780 0.725473 0.508616 0.00396103
781 0.725473 0.509498 0.00406188
782 0.725473 0.505515 0.00408564
783 0.725473 0.498472 0.00401263
784 0.725473 0.511002 0.00322946
785 0.725473 0.507973 0.0037357
786 0.725473 0.509473 0.00371519
787 0.725473 0.501363 0.00349132
788 0.725473 0.506767 0.00391177
789 0.725473 0.504535 0.00421857
790 0.725473 0.499487 0.00414822
791 0.725473 0.512075 0.00363197
792 0.725473 0.510904 0.0034919
793 0.725473 0.497974 0.00471844
794 0.725473 0.513039 0.00425152
795 0.725473 0.513926 0.00443122
796 0.725473 0.511363 0.00470634
797 0.725473 0.50688 0.00424549
798 0.725473 0.511431 0.00349982
799 0.725473 0.509193 0.00403091
800 0.725473 0.495526 0.00390003
801 0.725473 0.498547 0.00438696
802 0.725473 0.505039 0.00445945
803 0.725473 0.500656 0.00392149
804 0.725473 0.506877 0.00380701
805 0.725473 0.512545 0.00417886
806 0.725473 0.506118 0.00461091
807 0.725473 0.50979 0.00394051
808 0.725473 0.512897 0.00357376
809 0.725473 0.505064 0.00355164
810 0.725473 0.505496 0.00458331
811 0.725473 0.510636 0.00443965
812 0.725473 0.504465 0.00399752
813 0.725473 0.507933 0.00398443
814 0.725473 0.503053 0.00389545
815 0.725473 0.505599 0.00422584
816 0.725473 0.510808 0.00441853
817 0.725473 0.512033 0.0040694
818 0.725473 0.50487 0.00392174
819 0.725473 0.504835 0.00400176
820 0.725473 0.503943 0.00456291
821 0.725473 0.50547 0.0045951
822 0.725473 0.511771 0.00447988
823 0.725473 0.504176 0.00436517
824 0.725473 0.505776 0.00402365
825 0.725473 0.507401 0.00407237
826 0.725473 0.50809 0.00443867
827 0.725473 0.502358 0.00470131
828 0.725473 0.506919 0.00481326
829 0.725473 0.511549 0.00425783
830 0.725473 0.505136 0.00398444
831 0.725473 0.506127 0.00371678
832 0.725473 0.505958 0.00448978
833 0.725473 0.500998 0.00542964
834 0.725473 0.50637 0.00373996
835 0.725473 0.511035 0.00388894
836 0.725473 0.509271 0.00357608
837 0.725473 0.507643 0.00395641
838 0.725473 0.498782 0.00363646
839 0.725473 0.501309 0.00407131
840 0.725473 0.501421 0.0040892
841 0.725473 0.493663 0.00473184
842 0.725473 0.506533 0.00353129
843 0.725473 0.505625 0.00403986
844 0.725473 0.505627 0.00355583
845 0.725473 0.510615 0.00403738
846 0.725473 0.51073 0.00362848
847 0.725473 0.505362 0.00367993
848 0.725473 0.505675 0.00394947
849 0.725473 0.505971 0.00402941
850 0.725473 0.506222 0.0043534
851 0.725473 0.501608 0.00407918
852 0.725473 0.504 0.00391401
853 0.725473 0.498719 0.00426682
854 0.725473 0.507161 0.00427106
855 0.725473 0.510157 0.00425691
856 0.725473 0.502229 0.00346894
857 0.725473 0.499156 0.00404331
858 0.725473 0.50987 0.00398028
859 0.725473 0.505101 0.00487674
860 0.725473 0.505014 0.00421585
861 0.725473 0.502592 0.00439544
862 0.725473 0.509839 0.00424353
863 0.725473 0.503898 0.00438973
864 0.725473 0.498491 0.00453482
865 0.725473 0.50915 0.0037761
866 0.725473 0.509558 0.00384682
867 0.725473 0.505428 0.00399152
868 0.725473 0.507245 0.00390771
869 0.725473 0.508492 0.00405791
870 0.725473 0.504782 0.00376497
871 0.725473 0.506578 0.00427802
872 0.725473 0.504163 0.00396829
873 0.725473 0.502542 0.00421008
874 0.725473 0.503322 0.00422772
875 0.725473 0.503797 0.00409046
876 0.725473 0.501008 0.0049541
877 0.725473 0.512013 0.00356454
878 0.725473 0.503312 0.00398294
879 0.725473 0.506932 0.00442985
880 0.725473 0.496571 0.00400122
881 0.725473 0.511119 0.00404668
882 0.725473 0.513113 0.00402329
883 0.725473 0.500571 0.00434343
884 0.725473 0.51376 0.00342562
885 0.725473 0.509922 0.00419431
886 0.744717 0.504912 0.00484185
887 0.744717 0.507136 0.00516659
888 0.744717 0.505767 0.00477965
889 0.744717 0.505987 0.00406715
890 0.744717 0.508646 0.00432706
891 0.744717 0.509793 0.00454584
892 0.744717 0.511513 0.00378659
893 0.744717 0.505663 0.00402745
894 0.744717 0.518034 0.00459498
895 0.744717 0.502621 0.00456114
896 0.744717 0.504838 0.00519241
897 0.751562 0.507351 0.00527006
898 0.751562 0.499017 0.00467868
899 0.751562 0.508349 0.00445275
900 0.751562 0.505865 0.00489405
901 0.751562 0.50695 0.0046025
902 0.751562 0.501782 0.00453661
903 0.751562 0.502744 0.00484658
904 0.751562 0.507903 0.00507691
905 0.751562 0.503472 0.00455697
906 0.751562 0.504526 0.0046653
907 0.751562 0.508358 0.00447884
908 0.751562 0.506928 0.00430953
909 0.751562 0.501325 0.00491142
910 0.751562 0.513837 0.00434061
911 0.751562 0.511884 0.00553324
912 0.751562 0.503063 0.0046992
913 0.751562 0.497281 0.00479937
914 0.751562 0.50661 0.00424073
915 0.751562 0.506852 0.00472694
916 0.751562 0.49994 0.00450633
917 0.751562 0.519779 0.00417057
918 0.751562 0.509638 0.00416519
919 0.751562 0.510167 0.00398626
920 0.751562 0.511012 0.00498118
921 0.751562 0.502876 0.00454987
922 0.751562 0.500898 0.00449267
923 0.751562 0.511742 0.00371849
924 0.751562 0.504707 0.00420832
925 0.751562 0.516036 0.00427469
926 0.751562 0.508365 0.00428761
927 0.751562 0.503008 0.00502778
928 0.751562 0.510214 0.00425477
929 0.751562 0.507138 0.00466603
930 0.751562 0.496746 0.00418446
931 0.751562 0.505716 0.00437712
932 0.751562 0.502488 0.00444722
933 0.751562 0.499381 0.00472429
934 0.751562 0.505137 0.00409266
935 0.751562 0.506039 0.00432442
936 0.751562 0.513175 0.00416943
937 0.751562 0.504023 0.00469863
938 0.751562 0.500674 0.00448025
939 0.751562 0.510565 0.00475511
940 0.751562 0.503787 0.00478284
941 0.751562 0.498295 0.00447974
942 0.751562 0.504707 0.00483537
943 0.751562 0.515112 0.00467425
944 0.751562 0.506276 0.0043488
945 0.751562 0.50886 0.00404716
946 0.751562 0.505896 0.00482494
947 0.751562 0.506359 0.00442214
948 0.751562 0.512809 0.00464888
949 0.751562 0.508037 0.00398661
950 0.751562 0.508402 0.00421462
951 0.751562 0.511405 0.00557651
952 0.751562 0.504026 0.00549704
953 0.751562 0.508888 0.00399152
954 0.751562 0.497209 0.00404466
955 0.751562 0.5056 0.00405629
956 0.751562 0.50617 0.0045957
957 0.751562 0.510033 0.00510434
958 0.751562 0.507818 0.00473785
959 0.751562 0.508025 0.0045845
960 0.751562 0.505422 0.00429419
961 0.751562 0.514664 0.00384592
962 0.751562 0.505875 0.00531856
963 0.751562 0.499342 0.00483542
964 0.751562 0.509555 0.0051798
965 0.751562 0.502765 0.00439348
966 0.751562 0.499606 0.00422131
967 0.751562 0.505608 0.00461157
968 0.751562 0.50381 0.00462333
969 0.751562 0.503393 0.0044509
970 0.751562 0.50677 0.00474564
971 0.751562 0.515811 0.0042908
972 0.751562 0.508326 0.00463648
973 0.751562 0.505342 0.00475293
974 0.751562 0.510571 0.00503659
975 0.751562 0.504736 0.0042785
976 0.751562 0.507772 0.00495043
977 0.751562 0.501228 0.00496984
978 0.751562 0.510109 0.00435698
979 0.751562 0.510101 0.00409981
980 0.751562 0.505069 0.00363316
981 0.751562 0.49504 0.00404185
982 0.751562 0.505104 0.00424922
983 0.751562 0.508692 0.00424379
984 0.751562 0.504688 0.00496009
985 0.751562 0.504147 0.00498771
986 0.751562 0.507952 0.00494912
987 0.751562 0.506898 0.00433622
988 0.751562 0.504353 0.00401422
989 0.751562 0.510437 0.00480889
990 0.751562 0.503347 0.00403066
991 0.751562 0.492888 0.00454221
992 0.751562 0.501472 0.00569334
993 0.751562 0.501709 0.0044139
994 0.751562 0.519308 0.00420242
995 0.751562 0.501373 0.00438983
996 0.751562 0.507492 0.00425769
997 0.751562 0.508848 0.00406433
998 0.751562 0.51354 0.00449295
999 0.751562 0.515835 0.00437085
1000 0.751562 0.50824 0.00527116
1001 0.751562 0.504867 0.0043304
1002 0.751562 0.496601 0.00429262
1003 0.751562 0.509613 0.00419939
1004 0.751562 0.504543 0.00466907
1005 0.751562 0.51083 0.00490115
1006 0.751562 0.506436 0.00422772
1007 0.751562 0.510681 0.00399761
1008 0.751562 0.502453 0.00440636
1009 0.751562 0.505052 0.00423991
1010 0.751562 0.502124 0.00396222
1011 0.751562 0.514023 0.0038829
1012 0.751562 0.49978 0.00521106
1013 0.751562 0.504169 0.0045363
1014 0.751562 0.514223 0.00505788
1015 0.751562 0.503097 0.00528348
1016 0.751562 0.504702 0.00509932
1017 0.751562 0.509408 0.00532606
1018 0.751562 0.504739 0.00408517
1019 0.751562 0.51243 0.00486581
1020 0.751562 0.510018 0.0043855
1021 0.751562 0.512756 0.00467521
1022 0.751562 0.505495 0.00503611
1023 0.751562 0.506092 0.00456348
1024 0.751562 0.505651 0.00441349
1025 0.751562 0.504284 0.00550174
1026 0.751562 0.511765 0.0039858
1027 0.751562 0.51464 0.00374835
1028 0.751562 0.5156 0.00417093
1029 0.751562 0.507795 0.00406386
1030 0.751562 0.507654 0.0048397
1031 0.751562 0.50425 0.00423328
1032 0.751562 0.51302 0.00388513
1033 0.751562 0.510269 0.00379991
1034 0.751562 0.50981 0.00495024
1035 0.751562 0.519419 0.00502395
1036 0.751562 0.515413 0.00537857
1037 0.751562 0.505462 0.00477784
1038 0.751562 0.510504 0.00563253
1039 0.751562 0.501705 0.00452786
1040 0.751562 0.506718 0.0048505
1041 0.751562 0.512254 0.00506471
1042 0.751562 0.500752 0.00466288
1043 0.751562 0.503964 0.00489379
1044 0.751562 0.498351 0.00508851
1045 0.751562 0.502985 0.00499794
1046 0.751562 0.504703 0.00414687
1047 0.751562 0.506749 0.00419093
1048 0.751562 0.506978 0.00439865
1049 0.751562 0.504653 0.00427777
1050 0.751562 0.50158 0.00504358
1051 0.751562 0.505724 0.00399333
1052 0.751562 0.505343 0.00438448
1053 0.751562 0.499193 0.00431785
1054 0.751562 0.508576 0.00387682
1055 0.751562 0.515001 0.00399155
1056 0.751562 0.506009 0.00386827
1057 0.751562 0.505284 0.00529209
1058 0.751562 0.503774 0.00408899
1059 0.751562 0.4998 0.00477603
1060 0.751562 0.506687 0.00455515
1061 0.751562 0.509777 0.00440255
1062 0.751562 0.504258 0.00415498
1063 0.751562 0.508392 0.00431056
1064 0.751562 0.509161 0.00464933
1065 0.751562 0.507091 0.00467517
1066 0.751562 0.505709 0.00411396
1067 0.751562 0.508755 0.00418495
1068 0.751562 0.506749 0.00441693
1069 0.751562 0.498436 0.0045135
1070 0.751562 0.5089 0.00452353
1071 0.751562 0.499966 0.00430034
1072 0.751562 0.50702 0.00434927
1073 0.751562 0.501507 0.00375045
1074 0.751562 0.50488 0.00389403
1075 0.751562 0.50548 0.00422155
1076 0.751562 0.516394 0.00418082
1077 0.751562 0.507034 0.00414313
1078 0.751562 0.504234 0.00446741
1079 0.751562 0.501442 0.00451757
1080 0.751562 0.501927 0.00422
1081 0.751562 0.499871 0.00396999
1082 0.751562 0.510537 0.00417948
1083 0.751562 0.499833 0.00484492
1084 0.751562 0.513521 0.0042539
1085 0.751562 0.502561 0.00433186
1086 0.751562 0.509266 0.00447367
1087 0.751562 0.51931 0.00486528
1088 0.751562 0.514721 0.00560501
1089 0.751562 0.514739 0.00423929
1090 0.751562 0.509328 0.00456449
1091 0.751562 0.50626 0.00426747
1092 0.751562 0.50989 0.00450654
1093 0.751562 0.502135 0.00498187
1094 0.751562 0.506131 0.0061098
1095 0.751562 0.504023 0.00486496
1096 0.751562 0.511942 0.00444911
1097 0.751562 0.508601 0.00464032
1098 0.751562 0.500687 0.00394371
1099 0.751562 0.506291 0.0044338
1100 0.751562 0.513886 0.00391632
1101 0.751562 0.510039 0.00485417
1102 0.751562 0.502481 0.0043282
1103 0.751562 0.512491 0.0041933
1104 0.751562 0.508347 0.00453477
1105 0.751562 0.518281 0.00431613
1106 0.751562 0.504107 0.0043265
1107 0.751562 0.507462 0.00459171
1108 0.751562 0.512417 0.0041923
1109 0.751562 0.507776 0.00394285
1110 0.751562 0.5077 0.00372236
1111 0.751562 0.513976 0.00369378
1112 0.751562 0.512181 0.00405004
1113 0.751562 0.503292 0.00440022
1114 0.751562 0.508264 0.00446333
1115 0.751562 0.509617 0.0041907
1116 0.751562 0.512249 0.00397562
1117 0.751562 0.512148 0.00393425
1118 0.751562 0.505235 0.00441007
1119 0.751562 0.501386 0.00392634
1120 0.751562 0.503433 0.00473387
1121 0.751562 0.503403 0.00403482
1122 0.751562 0.496462 0.00467003
1123 0.751562 0.505546 0.00479655
1124 0.751562 0.511312 0.00377272
1125 0.751562 0.509981 0.00451143
1126 0.751562 0.510827 0.00456292
1127 0.751562 0.50193 0.00423747
1128 0.751562 0.508575 0.00432316
1129 0.751562 0.509569 0.0041501
1130 0.751562 0.512039 0.00390684
1131 0.751562 0.507732 0.00371377
1132 0.751562 0.507924 0.00457735
1133 0.751562 0.505867 0.00401853
1134 0.751562 0.509075 0.00434628
1135 0.751562 0.505974 0.00397835
1136 0.751562 0.508301 0.00515799
1137 0.751562 0.506686 0.00405488
1138 0.751562 0.507897 0.00456029
1139 0.751562 0.502348 0.00413197
1140 0.751562 0.502892 0.00569292
1141 0.751562 0.501246 0.00475565
1142 0.751562 0.507305 0.00410179
1143 0.751562 0.501252 0.00437216
1144 0.751562 0.505248 0.0050203
1145 0.751562 0.509152 0.00468211
1146 0.751562 0.5015 0.00495366
1147 0.751562 0.507692 0.00465093
1148 0.751562 0.505892 0.00456257
1149 0.751562 0.513977 0.00455598
1150 0.751562 0.50872 0.00464391
1151 0.751562 0.500843 0.00495746
1152 0.751562 0.50834 0.00457224
1153 0.751562 0.499768 0.0055668
1154 0.751562 0.503749 0.004294
1155 0.751562 0.506797 0.00537928
1156 0.751562 0.506585 0.00517154
1157 0.751562 0.507942 0.00452499
1158 0.751562 0.504272 0.00447943
1159 0.751562 0.507338 0.00473998
1160 0.751562 0.515089 0.00447848
1161 0.751562 0.509074 0.0049878
1162 0.751562 0.504517 0.00438958
1163 0.751562 0.506529 0.00418495
1164 0.751562 0.507391 0.00472359
1165 0.751562 0.508765 0.00438547
1166 0.751562 0.506775 0.00425172
1167 0.751562 0.500335 0.00519016
1168 0.751562 0.507698 0.00535394
1169 0.751562 0.50645 0.00470724
1170 0.751562 0.498473 0.0053516
1171 0.751562 0.50325 0.00452326
1172 0.751562 0.497558 0.00509943
1173 0.751562 0.501044 0.0049423
1174 0.751562 0.50372 0.00457089
1175 0.751562 0.504517 0.00435094
1176 0.751562 0.503499 0.00439154
1177 0.751562 0.501912 0.00468145
1178 0.751562 0.509126 0.00477374
1179 0.751562 0.508083 0.00434151
1180 0.751562 0.501116 0.00489584
1181 0.751562 0.50316 0.00443516
1182 0.751562 0.509521 0.00425286
1183 0.751562 0.5093 0.00396395
1184 0.751562 0.505345 0.00423731
1185 0.751562 0.508678 0.00417568
1186 0.751562 0.506926 0.00463254
1187 0.751562 0.502412 0.00491519
1188 0.751562 0.509126 0.00426652
1189 0.751562 0.504884 0.00399419
1190 0.751562 0.506375 0.00421897
1191 0.751562 0.507917 0.00426694
1192 0.751562 0.504078 0.00435281
1193 0.751562 0.510364 0.00445907
1194 0.751562 0.513005 0.00389118
1195 0.751562 0.506989 0.00482095
1196 0.751562 0.505597 0.00474379
1197 0.751562 0.506742 0.00429683
1198 0.751562 0.502217 0.00467287
1199 0.751562 0.504154 0.00483913
1200 0.751562 0.50615 0.00405804
1201 0.751562 0.507631 0.00444196
1202 0.751562 0.502823 0.00490833
1203 0.751562 0.503308 0.00491905
1204 0.751562 0.509698 0.00449616
1205 0.751562 0.50836 0.00468931
1206 0.751562 0.512777 0.00413625
1207 0.751562 0.505801 0.00427186
1208 0.751562 0.511933 0.00490374
1209 0.751562 0.50632 0.0044748
1210 0.751562 0.503063 0.00429611
1211 0.751562 0.510843 0.00463605
1212 0.751562 0.499686 0.00412011
1213 0.751562 0.510097 0.00435387
1214 0.751562 0.507967 0.00432302
1215 0.751562 0.511016 0.00465565
1216 0.751562 0.498698 0.00477831
1217 0.751562 0.509656 0.00468523
1218 0.751562 0.496896 0.00464098
1219 0.751562 0.501125 0.00481091
1220 0.751562 0.500546 0.00474463
1221 0.751562 0.509673 0.00483686
1222 0.751562 0.501824 0.0047474
1223 0.751562 0.505162 0.00463191
1224 0.751562 0.514171 0.004088
1225 0.751562 0.508055 0.00424337
1226 0.751562 0.504734 0.0047472
1227 0.751562 0.495294 0.00548486
1228 0.751562 0.502524 0.00468994
1229 0.751562 0.506101 0.00535619
1230 0.751562 0.502821 0.00465758
1231 0.751562 0.508638 0.00448094
1232 0.751562 0.502321 0.00461939
1233 0.751562 0.506698 0.00445731
1234 0.751562 0.502343 0.00438543
1235 0.751562 0.507944 0.00400556
1236 0.751562 0.510511 0.00410501
1237 0.751562 0.511517 0.00535119
1238 0.751562 0.513787 0.00433634
1239 0.751562 0.508529 0.00508076
1240 0.751562 0.509264 0.00430399
1241 0.751562 0.50885 0.00449024
1242 0.751562 0.505502 0.00435634
1243 0.751562 0.506685 0.00443798
1244 0.751562 0.502539 0.00480647
1245 0.751562 0.50983 0.00486947
1246 0.751562 0.510256 0.0043198
1247 0.751562 0.511204 0.00466138
1248 0.751562 0.50764 0.00411384
1249 0.751562 0.508459 0.00468693
1250 0.751562 0.509675 0.00399115
1251 0.751562 0.506498 0.00419789
1252 0.751562 0.503387 0.00417503
1253 0.751562 0.505434 0.00408366
1254 0.751562 0.503735 0.00449742
1255 0.751562 0.509806 0.00433157
1256 0.751562 0.506653 0.00523258
1257 0.751562 0.5046 0.00425744
1258 0.751562 0.513801 0.00434246
1259 0.751562 0.516594 0.00475662
1260 0.751562 0.502508 0.00497554
1261 0.751562 0.511068 0.00439062
1262 0.751562 0.499056 0.00502399
1263 0.751562 0.493924 0.0050474
1264 0.751562 0.499304 0.00497441
1265 0.751562 0.503579 0.00419869
1266 0.751562 0.507535 0.00446917
1267 0.751562 0.509069 0.00468223
1268 0.751562 0.508524 0.00441186
1269 0.751562 0.501747 0.00450653
1270 0.751562 0.497361 0.00472205
1271 0.751562 0.505259 0.00360472
1272 0.751562 0.506634 0.00424447
1273 0.751562 0.510052 0.00384665
1274 0.751562 0.512597 0.00360788
1275 0.751562 0.505434 0.00426311
1276 0.751562 0.50707 0.00467295
1277 0.751562 0.500697 0.00448714
1278 0.751562 0.508483 0.00431931
1279 0.751562 0.513883 0.00413126
1280 0.751562 0.510372 0.0042115
1281 0.751562 0.515896 0.00498791
1282 0.751562 0.508809 0.00493732
1283 0.751562 0.506493 0.00433766
1284 0.751562 0.511832 0.00397338
1285 0.751562 0.507824 0.0041821
1286 0.751562 0.505091 0.004292
1287 0.751562 0.508251 0.0038628
1288 0.751562 0.507138 0.00437315
1289 0.751562 0.507871 0.00439558
1290 0.751562 0.505286 0.00439132
1291 0.751562 0.50527 0.00453975
1292 0.751562 0.499621 0.00462058
1293 0.751562 0.505722 0.00430941
1294 0.751562 0.500874 0.00427361
1295 0.751562 0.511692 0.00427984
1296 0.751562 0.504471 0.00443523
1297 0.751562 0.508108 0.00386001
1298 0.751562 0.504586 0.00416046
1299 0.751562 0.504003 0.00403278
1300 0.751562 0.501689 0.00456905
1301 0.751562 0.504392 0.00493584
1302 0.751562 0.514503 0.00413688
1303 0.751562 0.510762 0.0047398
1304 0.751562 0.50368 0.00496501
1305 0.751562 0.506104 0.00516375
1306 0.751562 0.50807 0.00498706
1307 0.751562 0.514529 0.00438747
1308 0.751562 0.50335 0.00442232
1309 0.751562 0.514528 0.00411086
1310 0.751562 0.491675 0.00453755
1311 0.751562 0.501483 0.00502125
1312 0.751562 0.518974 0.00443133
1313 0.751562 0.506857 0.0043227
1314 0.751562 0.506801 0.00429072
1315 0.751562 0.511603 0.00394049
1316 0.751562 0.504465 0.00428589
1317 0.751562 0.508277 0.00434276
1318 0.751562 0.509915 0.00437284
1319 0.751562 0.507098 0.00471662
1320 0.751562 0.510382 0.00485171
1321 0.751562 0.508477 0.00441153
1322 0.751562 0.513086 0.00453826
1323 0.751562 0.501585 0.00406943
1324 0.751562 0.506966 0.00428286
1325 0.751562 0.50128 0.00486192
1326 0.751562 0.510011 0.00500662
1327 0.751562 0.504012 0.00448634
1328 0.751562 0.492645 0.00474574
1329 0.751562 0.506052 0.00415196
1330 0.751562 0.507806 0.00436278
1331 0.751562 0.508709 0.0043779
1332 0.751562 0.510729 0.00398187
1333 0.751562 0.505842 0.00502022
1334 0.751562 0.510375 0.00438781
1335 0.751562 0.49749 0.00477176
1336 0.751562 0.507611 0.0038641
1337 0.751562 0.509899 0.00425399
1338 0.751562 0.505003 0.00417475
1339 0.751562 0.502428 0.00458435
1340 0.751562 0.500088 0.0048948
1341 0.751562 0.501348 0.00425855
1342 0.751562 0.497217 0.00514192
1343 0.751562 0.503989 0.00416728
1344 0.751562 0.516162 0.00442671
1345 0.751562 0.505008 0.00432239
1346 0.751562 0.507494 0.00434163
1347 0.751562 0.508223 0.00407179
1348 0.751562 0.490993 0.00501058
1349 0.751562 0.498454 0.0050809
1350 0.751562 0.501372 0.00513734
1351 0.751562 0.507579 0.00439906
1352 0.751562 0.50259 0.00458687
1353 0.751562 0.500949 0.00444689
1354 0.751562 0.511475 0.00465945
1355 0.751562 0.507632 0.00578186
1356 0.751562 0.506135 0.00432587
1357 0.751562 0.503252 0.00440815
1358 0.751562 0.513275 0.00435221
1359 0.751562 0.511881 0.00472026
1360 0.751562 0.510017 0.00464022
1361 0.751562 0.508605 0.004719
1362 0.751562 0.510317 0.00519911
1363 0.751562 0.505882 0.00441161
1364 0.751562 0.512979 0.00526454
1365 0.751562 0.503135 0.00462322
1366 0.751562 0.510775 0.00496372
1367 0.751562 0.509735 0.00425587
1368 0.751562 0.50763 0.00445583
1369 0.751562 0.511528 0.00444021
1370 0.751562 0.51563 0.00439631
1371 0.751562 0.502836 0.00430207
1372 0.751562 0.506647 0.00472898
1373 0.751562 0.498533 0.00474996
1374 0.751562 0.513726 0.00404327
1375 0.751562 0.507981 0.00447063
1376 0.751562 0.502359 0.0046562
1377 0.751562 0.510141 0.00435608
1378 0.751562 0.502758 0.00455443
1379 0.751562 0.512427 0.00434093
1380 0.751562 0.507755 0.00435131
1381 0.751562 0.508514 0.00444564
1382 0.751562 0.513158 0.0036966
1383 0.751562 0.498703 0.0041125
1384 0.751562 0.508607 0.00452319
1385 0.751562 0.502031 0.00492507
1386 0.751562 0.500431 0.00447332
1387 0.751562 0.506582 0.00510632
1388 0.751562 0.503629 0.00521297
1389 0.751562 0.512103 0.00494219
1390 0.751562 0.505338 0.00442035
1391 0.751562 0.50489 0.00424159
1392 0.751562 0.501102 0.00480635
1393 0.751562 0.507917 0.00491688
1394 0.751562 0.505029 0.00475668
1395 0.751562 0.511252 0.0044897
1396 0.751562 0.506254 0.00455009
1397 0.751562 0.507929 0.00461235
1398 0.751562 0.504157 0.00466018
1399 0.751562 0.509925 0.00427453
1400 0.751562 0.502386 0.00498818
1401 0.751562 0.510144 0.00449483
1402 0.751562 0.501594 0.00489572
1403 0.751562 0.506729 0.00436138
1404 0.751562 0.515099 0.0049769
1405 0.751562 0.512043 0.00508066
1406 0.751562 0.509439 0.00436888
1407 0.751562 0.509113 0.00477665
1408 0.751562 0.502761 0.0048105
1409 0.751562 0.510284 0.00485445
1410 0.751562 0.503124 0.0050731
1411 0.751562 0.514992 0.00400322
1412 0.751562 0.511681 0.00409423
1413 0.751562 0.507292 0.00437546
1414 0.751562 0.504098 0.00409082
1415 0.751562 0.506517 0.00371047
1416 0.751562 0.516022 0.0047019
1417 0.751562 0.507089 0.00418783
1418 0.751562 0.50954 0.00389046
1419 0.751562 0.501568 0.00453821
1420 0.751562 0.508381 0.0041971
1421 0.751562 0.512089 0.00420764
1422 0.751562 0.510215 0.00487308
1423 0.751562 0.505833 0.00505207
1424 0.751562 0.511306 0.00453733
1425 0.751562 0.513284 0.00413909
1426 0.751562 0.500075 0.00512852
1427 0.751562 0.515428 0.00509061
1428 0.751562 0.506283 0.00455098
1429 0.751562 0.51521 0.00403674
1430 0.751562 0.507815 0.00481791
1431 0.751562 0.513433 0.00454983
1432 0.751562 0.510598 0.00428893
1433 0.751562 0.503351 0.00417049
1434 0.751562 0.500881 0.00430281
1435 0.751562 0.51015 0.00478957
1436 0.751562 0.507099 0.0045556
1437 0.751562 0.516375 0.00392553
1438 0.751562 0.505942 0.00491925
1439 0.751562 0.497138 0.00465203
1440 0.751562 0.50881 0.00415023
1441 0.751562 0.501061 0.0048722
1442 0.751562 0.508139 0.00440287
1443 0.751562 0.506808 0.00465904
1444 0.751562 0.503427 0.00493709
1445 0.751562 0.51217 0.00496444
1446 0.751562 0.513233 0.00415846
1447 0.751562 0.502699 0.00487731
1448 0.751562 0.502058 0.00462527
1449 0.751562 0.505711 0.00438495
1450 0.751562 0.507039 0.00562799
1451 0.751562 0.507447 0.00382454
1452 0.751562 0.507509 0.00419835
1453 0.751562 0.5042 0.00452195
1454 0.751562 0.506195 0.00423098
1455 0.751562 0.506109 0.00374941
1456 0.751562 0.511811 0.00468855
1457 0.751562 0.508726 0.00437263
1458 0.751562 0.514385 0.0041836
1459 0.751562 0.502005 0.00435569
1460 0.751562 0.506507 0.00427105
1461 0.751562 0.509596 0.0034268
1462 0.751562 0.508208 0.0044079
1463 0.751562 0.506296 0.00402102
1464 0.751562 0.510685 0.00436378
1465 0.751562 0.510087 0.0039939
1466 0.751562 0.502961 0.00448742
1467 0.751562 0.510241 0.00382345
1468 0.751562 0.503025 0.00460861
1469 0.751562 0.507403 0.00430219
1470 0.751562 0.500503 0.00442672
1471 0.751562 0.508339 0.00402842
1472 0.751562 0.508603 0.00388896
1473 0.751562 0.508227 0.00346036
1474 0.751562 0.507111 0.00446736
1475 0.751562 0.498941 0.0044278
1476 0.751562 0.508403 0.00431187
1477 0.751562 0.505684 0.0048403
1478 0.751562 0.504867 0.00494679
1479 0.751562 0.508443 0.00459743
1480 0.751562 0.503161 0.0041822
1481 0.751562 0.505788 0.004157
1482 0.751562 0.50003 0.0041962
1483 0.751562 0.502333 0.00482628
1484 0.751562 0.502804 0.00556617
1485 0.751562 0.50421 0.00473385
1486 0.751562 0.508117 0.00476002
1487 0.751562 0.508163 0.00425242
1488 0.751562 0.505195 0.00412991
1489 0.751562 0.511219 0.00454987
1490 0.751562 0.503622 0.00425032
1491 0.751562 0.506342 0.00413495
1492 0.751562 0.499415 0.00399794
1493 0.751562 0.50847 0.00384392
1494 0.751562 0.509391 0.00481954
1495 0.751562 0.497545 0.00449033
1496 0.751562 0.505595 0.00384895
1497 0.751562 0.509586 0.00378099
1498 0.751562 0.502256 0.00426142
1499 0.751562 0.506667 0.00452358
1500 0.751562 0.506766 0.00444039
1501 0.751562 0.511703 0.00376946
1502 0.751562 0.51082 0.00404755
1503 0.751562 0.504142 0.00444248
1504 0.751562 0.510402 0.00439466
1505 0.751562 0.503195 0.00436153
1506 0.751562 0.499634 0.00473705
1507 0.751562 0.516389 0.00492449
1508 0.751562 0.507741 0.00480366
1509 0.751562 0.508871 0.00487223
1510 0.751562 0.510294 0.00462045
1511 0.751562 0.495908 0.004611
1512 0.751562 0.505784 0.00464932
1513 0.751562 0.511283 0.00404579
1514 0.751562 0.512755 0.00427591
1515 0.751562 0.506129 0.00420346
1516 0.751562 0.506096 0.00445076
1517 0.751562 0.499608 0.00470169
1518 0.751562 0.503876 0.00501058
1519 0.751562 0.508865 0.00467985
1520 0.751562 0.509046 0.00436976
1521 0.751562 0.50402 0.00448142
1522 0.751562 0.508625 0.0046719
1523 0.751562 0.509307 0.00489584
1524 0.751562 0.49511 0.00489856
1525 0.751562 0.509026 0.0044875
1526 0.751562 0.50577 0.00453967
1527 0.751562 0.503671 0.00442063
1528 0.751562 0.504088 0.00469269
1529 0.751562 0.505459 0.00459291
1530 0.751562 0.510212 0.00380582
1531 0.751562 0.509112 0.0040691
1532 0.751562 0.513127 0.00462818
1533 0.751562 0.504415 0.00402601
1534 0.751562 0.505955 0.0046268
1535 0.751562 0.499804 0.00427367
1536 0.751562 0.507338 0.0039315
1537 0.751562 0.507577 0.00489339
1538 0.751562 0.500928 0.00431231
1539 0.751562 0.507786 0.00417115
1540 0.751562 0.514473 0.00494659
1541 0.751562 0.506125 0.00543203
1542 0.751562 0.504561 0.00487428
1543 0.751562 0.516744 0.00419465
1544 0.751562 0.500922 0.00451829
1545 0.751562 0.505323 0.00481506
1546 0.751562 0.507686 0.00475281
1547 0.751562 0.50316 0.0046195
1548 0.751562 0.509192 0.00412128
1549 0.751562 0.509276 0.00437703
1550 0.751562 0.520167 0.00474231
1551 0.751562 0.514184 0.00490853
1552 0.751562 0.511496 0.00482046
1553 0.751562 0.506882 0.00524123
1554 0.751562 0.509888 0.00432675
1555 0.751562 0.513124 0.00438836
1556 0.751562 0.513081 0.00428847
1557 0.751562 0.510307 0.00386209
1558 0.751562 0.511319 0.0049859
1559 0.751562 0.515887 0.0039945
1560 0.751562 0.506059 0.00453834
1561 0.751562 0.503921 0.00439697
1562 0.751562 0.507616 0.00430532
1563 0.751562 0.508955 0.00417467
1564 0.751562 0.507649 0.00491708
1565 0.751562 0.514846 0.00450179
1566 0.751562 0.50815 0.00503922
1567 0.751562 0.500868 0.00527812
1568 0.751562 0.505099 0.00436615
1569 0.751562 0.511314 0.00419189
1570 0.751562 0.509395 0.00481344
1571 0.751562 0.504412 0.00464423
1572 0.751562 0.500276 0.00407831
1573 0.751562 0.506335 0.00519037
1574 0.751562 0.502764 0.00498886
1575 0.751562 0.509674 0.0041373
1576 0.751562 0.509665 0.00470692
1577 0.751562 0.502951 0.00456767
1578 0.751562 0.5138 0.0043477
1579 0.751562 0.501518 0.0044641
1580 0.751562 0.511107 0.00412603
1581 0.751562 0.508809 0.0041244
1582 0.751562 0.504695 0.00418601
1583 0.751562 0.509304 0.0041536
1584 0.751562 0.508086 0.00454001
1585 0.751562 0.507022 0.00532831
1586 0.751562 0.50573 0.00413673
1587 0.751562 0.504641 0.00433657
1588 0.751562 0.50773 0.00484467
1589 0.751562 0.50424 0.0041151
1590 0.751562 0.505702 0.00515653
1591 0.751562 0.505624 0.00422458
1592 0.751562 0.5113 0.0046624
1593 0.751562 0.506964 0.00437559
1594 0.751562 0.511255 0.00440304
1595 0.751562 0.505855 0.00446306
1596 0.751562 0.504038 0.00489273
1597 0.751562 0.514518 0.00444325
1598 0.751562 0.509954 0.00466366
1599 0.751562 0.510705 0.00426354
1600 0.751562 0.506719 0.00449701
1601 0.751562 0.505711 0.00542921
1602 0.751562 0.503346 0.00455151
1603 0.751562 0.504368 0.00522509
1604 0.751562 0.493609 0.0041546
1605 0.751562 0.512938 0.0045144
1606 0.751562 0.508944 0.00428788
1607 0.751562 0.505563 0.00420047
1608 0.751562 0.510892 0.00483646
1609 0.751562 0.509179 0.00472988
1610 0.751562 0.50586 0.00500774
1611 0.751562 0.507746 0.00486377
1612 0.751562 0.508322 0.00414512
1613 0.751562 0.512861 0.00486082
1614 0.751562 0.506357 0.00467725
1615 0.751562 0.50809 0.00479184
1616 0.751562 0.501571 0.00432502
1617 0.751562 0.510454 0.00406295
1618 0.751562 0.500078 0.00498185
1619 0.751562 0.513875 0.00511288
1620 0.751562 0.502033 0.00570534
1621 0.751562 0.506006 0.00482501
1622 0.751562 0.508049 0.00461216
1623 0.751562 0.506228 0.00457237
1624 0.751562 0.50398 0.0039592
1625 0.751562 0.511821 0.00512083
1626 0.751562 0.507915 0.00467951
1627 0.751562 0.507951 0.00475242
1628 0.765769 0.505894 0.00498648
1629 0.765769 0.513806 0.00511164
1630 0.765769 0.503367 0.00525622
1631 0.765769 0.508388 0.00395307
1632 0.765769 0.508648 0.00501129
1633 0.765769 0.506296 0.00412906
1634 0.765769 0.499832 0.00463424
1635 0.765769 0.504327 0.00509048
1636 0.765769 0.50778 0.0040111
1637 0.765769 0.507702 0.0042954
1638 0.765769 0.51164 0.00418421
1639 0.765769 0.501891 0.00466566
1640 0.765769 0.500231 0.00462166
1641 0.765769 0.510753 0.00419639
1642 0.765769 0.503176 0.00462991
1643 0.765769 0.509507 0.00404982
1644 0.765769 0.509352 0.00396292
1645 0.765769 0.508246 0.0042204
1646 0.765769 0.502437 0.00386492
1647 0.765769 0.508997 0.00397369
1648 0.765769 0.507482 0.00402812
1649 0.765769 0.51064 0.00413356
1650 0.765769 0.504803 0.00400723
1651 0.765769 0.505198 0.00461871
1652 0.765769 0.508013 0.00414359
1653 0.765769 0.503218 0.00406231
1654 0.765769 0.507418 0.00451871
1655 0.765769 0.500239 0.00456916
1656 0.765769 0.508235 0.00414542
1657 0.765769 0.50326 0.00476817
1658 0.765769 0.508162 0.00498759
1659 0.765769 0.5138 0.00431682
1660 0.765769 0.511395 0.00430638
1661 0.765769 0.507562 0.00448174
1662 0.765769 0.512901 0.00456467
1663 0.765769 0.507065 0.00458259
1664 0.765769 0.505244 0.00435857
1665 0.765769 0.50845 0.00412978
1666 0.765769 0.499914 0.00451532
1667 0.765769 0.50652 0.00450055
1668 0.765769 0.498866 0.00444184
1669 0.765769 0.500444 0.00449131
1670 0.765769 0.518008 0.00371892
1671 0.765769 0.503867 0.00463333
1672 0.765769 0.510771 0.00459398
1673 0.765769 0.507521 0.00525968
1674 0.765769 0.506979 0.00412631
1675 0.765769 0.505304 0.00432117
1676 0.765769 0.503273 0.00429757
1677 0.765769 0.502757 0.0039399
1678 0.765769 0.509254 0.00422398
1679 0.765769 0.506344 0.00509925
1680 0.765769 0.509236 0.00451222
1681 0.765769 0.500193 0.00440318
1682 0.765769 0.503358 0.0044532
1683 0.765769 0.510687 0.00494617
1684 0.765769 0.499065 0.00466533
1685 0.765769 0.507269 0.0048987
1686 0.765769 0.515643 0.0046778
1687 0.765769 0.508502 0.00515641
1688 0.765769 0.507093 0.00473809
1689 0.765769 0.49956 0.00454418
1690 0.765769 0.50666 0.00522333
1691 0.765769 0.506588 0.00477697
1692 0.765769 0.504837 0.00476415
1693 0.765769 0.502317 0.00426418
1694 0.765769 0.507246 0.00390192
1695 0.765769 0.504096 0.00436623
1696 0.765769 0.506373 0.00469981
1697 0.765769 0.498071 0.00501617
1698 0.765769 0.505229 0.00521145
1699 0.765769 0.514667 0.0047816
1700 0.765769 0.501569 0.00453375
1701 0.765769 0.508728 0.00438183
1702 0.765769 0.512913 0.00478842
1703 0.765769 0.502126 0.00463716
1704 0.765769 0.513631 0.00455092
1705 0.765769 0.509056 0.00405629
1706 0.765769 0.505799 0.00519953
1707 0.765769 0.513337 0.00467521
1708 0.765769 0.504612 0.00415698
1709 0.765769 0.502228 0.0043444
1710 0.765769 0.503125 0.00454381
1711 0.765769 0.510798 0.0038239
1712 0.765769 0.509463 0.00447531
1713 0.765769 0.511732 0.00487962
1714 0.765769 0.507577 0.00466464
1715 0.765769 0.504811 0.00447161
1716 0.765769 0.508946 0.00456956
1717 0.765769 0.506362 0.00415441
1718 0.765769 0.511845 0.00482233
1719 0.765769 0.505777 0.00418468
1720 0.765769 0.504774 0.00391935
1721 0.765769 0.50406 0.00406449
1722 0.765769 0.507124 0.00384682
1723 0.765769 0.511513 0.00429162
1724 0.765769 0.513494 0.00434187
1725 0.765769 0.510311 0.00465188
1726 0.765769 0.51024 0.00518047
1727 0.765769 0.50634 0.00409412
1728 0.765769 0.502683 0.00409292
1729 0.765769 0.508499 0.00389972
1730 0.765769 0.504866 0.00391688
1731 0.765769 0.516598 0.00445699
1732 0.765769 0.503305 0.00428112
1733 0.765769 0.512452 0.00412138
1734 0.765769 0.511037 0.0039071
1735 0.765769 0.504879 0.00503031
1736 0.765769 0.499726 0.00460586
1737 0.765769 0.500183 0.00449557
1738 0.765769 0.505103 0.00440765
1739 0.765769 0.503456 0.00501439
1740 0.765769 0.50489 0.00495349
1741 0.765769 0.500083 0.00512347
1742 0.765769 0.504837 0.00531585
1743 0.765769 0.504773 0.00512996
1744 0.765769 0.511144 0.00435256
1745 0.765769 0.504033 0.0042286
1746 0.765769 0.50274 0.00465459
1747 0.765769 0.507948 0.00510653
1748 0.765769 0.505807 0.00416312
1749 0.765769 0.509554 0.00537453
1750 0.765769 0.506963 0.00529804
1751 0.765769 0.503476 0.0056963
1752 0.765769 0.507579 0.00472542
1753 0.765769 0.511241 0.0048311
1754 0.765769 0.510683 0.00586653
1755 0.765769 0.506464 0.00445993
1756 0.765769 0.506839 0.00429649
1757 0.765769 0.507974 0.00426955
1758 0.765769 0.513571 0.00413511
1759 0.765769 0.509456 0.00518108
1760 0.765769 0.506127 0.00513596
1761 0.765769 0.510717 0.0040715
1762 0.765769 0.496926 0.00486539
1763 0.765769 0.509087 0.00453956
1764 0.765769 0.506959 0.00477242
1765 0.765769 0.498038 0.00640692
1766 0.765769 0.502232 0.0048158
1767 0.771795 0.509741 0.00558389
1768 0.771795 0.508446 0.00510676
1769 0.771795 0.50803 0.00556581
1770 0.771795 0.504715 0.00510222
1771 0.787256 0.507147 0.00620835
1772 0.787256 0.497446 0.00502212
1773 0.787256 0.514056 0.00480759
1774 0.787256 0.510735 0.00631285
1775 0.787256 0.511498 0.00479594
1776 0.787256 0.505066 0.00544355
1777 0.787256 0.508713 0.00561492
1778 0.787256 0.509144 0.00480036
1779 0.787256 0.512706 0.00521011
1780 0.787256 0.514018 0.00423479
1781 0.787256 0.50414 0.0053898
1782 0.787256 0.50239 0.00475008
1783 0.787256 0.498044 0.00508122
1784 0.787256 0.505378 0.00432152
1785 0.787256 0.509341 0.00492537
1786 0.787256 0.503052 0.00539365
1787 0.787256 0.506696 0.00542213
1788 0.787256 0.507818 0.00558387
1789 0.787256 0.512726 0.00503968
1790 0.787256 0.508149 0.00538469
1791 0.787256 0.506028 0.00460192
1792 0.787256 0.505995 0.0048369
1793 0.787256 0.500693 0.00467737
1794 0.787256 0.507722 0.00485419
1795 0.787256 0.50796 0.00541234
1796 0.787256 0.49892 0.0049729
1797 0.787256 0.510118 0.00553373
1798 0.787256 0.508884 0.00478113
1799 0.787256 0.50325 0.0051233
1800 0.787256 0.505571 0.00556867
1801 0.787256 0.500584 0.0055231
1802 0.787256 0.511407 0.00552707
1803 0.787256 0.505161 0.00522251
1804 0.787256 0.495668 0.00517615
1805 0.787256 0.50072 0.00597679
1806 0.787256 0.515765 0.00485159
1807 0.787256 0.513548 0.00557137
1808 0.787256 0.503624 0.00567279
1809 0.787256 0.504987 0.00464944
1810 0.787256 0.506509 0.00543666
1811 0.787256 0.504682 0.00574898
1812 0.787256 0.51107 0.00518706
1813 0.787256 0.504345 0.00524616
1814 0.787256 0.505772 0.00540055
1815 0.787256 0.50787 0.00557675
1816 0.787256 0.500568 0.00558842
1817 0.787256 0.503985 0.00462689
1818 0.787256 0.502359 0.00479071
1819 0.787256 0.500738 0.005368
1820 0.787256 0.498772 0.0057571
1821 0.787256 0.509194 0.00586426
1822 0.787256 0.505852 0.00506434
1823 0.787256 0.501848 0.00542069
1824 0.787256 0.507675 0.00535283
1825 0.787256 0.51002 0.00580212
1826 0.787256 0.514127 0.00490324
1827 0.787256 0.511109 0.00529025
1828 0.787256 0.504684 0.00584251
1829 0.787256 0.503449 0.00618317
1830 0.787256 0.514304 0.00534754
1831 0.787256 0.502242 0.00495726
1832 0.787256 0.502625 0.00611885
1833 0.787256 0.507954 0.00575384
1834 0.787256 0.514244 0.00513376
1835 0.787256 0.511329 0.00542285
1836 0.787256 0.512823 0.004793
1837 0.787256 0.503444 0.00541387
1838 0.787256 0.512078 0.00526995
1839 0.787256 0.516958 0.00541651
1840 0.787256 0.503188 0.00552776
1841 0.787256 0.508555 0.00530184
1842 0.787256 0.509791 0.00619782
1843 0.787256 0.517475 0.00473267
1844 0.787256 0.499544 0.00634579
1845 0.787256 0.5085 0.00623459
1846 0.787256 0.504081 0.00511586
1847 0.787256 0.509117 0.00492482
1848 0.787256 0.505348 0.00562833
1849 0.787256 0.514964 0.00462728
1850 0.787256 0.508701 0.00519917
1851 0.787256 0.508506 0.00587281
1852 0.787256 0.508936 0.00472073
1853 0.787256 0.514382 0.00521262
1854 0.787256 0.511502 0.00549131
1855 0.787256 0.508385 0.00569104
1856 0.787256 0.505803 0.0056311
1857 0.787256 0.508875 0.00539824
1858 0.787256 0.512556 0.0056654
1859 0.787256 0.508871 0.00480652
1860 0.787256 0.507898 0.00506072
1861 0.787256 0.500613 0.0055576
1862 0.787256 0.503213 0.00502806
1863 0.787256 0.504237 0.00513581
1864 0.787256 0.512647 0.00505507
1865 0.787256 0.510225 0.00565035
1866 0.787256 0.505212 0.00469338
1867 0.787256 0.501371 0.00539323
1868 0.787256 0.50567 0.00617882
1869 0.787256 0.502838 0.0053977
1870 0.787256 0.50299 0.00505196
1871 0.787256 0.507207 0.00526777
1872 0.787256 0.500408 0.00526008
1873 0.787256 0.507998 0.0058789
1874 0.787256 0.505682 0.00545021
1875 0.787256 0.502123 0.00542566
1876 0.787256 0.506871 0.00448316
1877 0.787256 0.510172 0.00502126
1878 0.787256 0.505608 0.00456537
1879 0.787256 0.503848 0.00470473
1880 0.787256 0.506044 0.0060035
1881 0.787256 0.504729 0.00568047
1882 0.787256 0.49933 0.00540688
1883 0.787256 0.503232 0.00537712
1884 0.787256 0.501598 0.00634349
1885 0.787256 0.500943 0.00533201
1886 0.787256 0.506468 0.00569926
1887 0.787256 0.502664 0.00512428
1888 0.787256 0.502563 0.00594032
1889 0.787256 0.511206 0.00600151
1890 0.787256 0.510403 0.00497732
1891 0.787256 0.515561 0.00576003
1892 0.787256 0.509429 0.00509989
1893 0.787256 0.501887 0.00601911
1894 0.787256 0.495679 0.00582975
1895 0.787256 0.499252 0.00491682
1896 0.787256 0.501754 0.00536301
1897 0.804431 0.513031 0.00603902
1898 0.804431 0.500037 0.00619203
1899 0.804431 0.503064 0.0058918
1900 0.804431 0.501337 0.00578516
1901 0.804431 0.501351 0.00627226
1902 0.804431 0.505527 0.00519158
1903 0.804431 0.500424 0.0064876
1904 0.804431 0.504074 0.00534087
1905 0.804431 0.505728 0.00622412
1906 0.804431 0.513852 0.00653281
1907 0.804431 0.510494 0.00565911
1908 0.804431 0.50066 0.00568757
1909 0.804431 0.510109 0.00675689
1910 0.804431 0.513162 0.00565163
1911 0.804431 0.506779 0.00629475
1912 0.804431 0.50617 0.00591572
1913 0.804431 0.507373 0.00564331
1914 0.804431 0.507382 0.00537119
1915 0.804431 0.503468 0.00626707
1916 0.804431 0.510484 0.00639917
1917 0.804431 0.505153 0.00563842
1918 0.804431 0.501543 0.0057012
1919 0.804431 0.500794 0.00561016
1920 0.804431 0.513534 0.00542371
1921 0.804431 0.507495 0.00616265
1922 0.804431 0.514011 0.0064844
1923 0.804431 0.49747 0.00622598
1924 0.804431 0.504705 0.0053825
1925 0.804431 0.508459 0.00505238
1926 0.804431 0.504783 0.00575063
1927 0.804431 0.504735 0.00564163
1928 0.804431 0.505084 0.00586193
1929 0.804431 0.501527 0.00505849
1930 0.810173 0.50167 0.00652748
1931 0.810173 0.502759 0.0063358
1932 0.810173 0.50388 0.00560704
1933 0.810173 0.506909 0.00590744
1934 0.810173 0.508318 0.00644467
1935 0.810173 0.512157 0.00579033
1936 0.810173 0.511125 0.00592596
1937 0.810173 0.499564 0.00550087
1938 0.810173 0.512822 0.0066727
1939 0.810173 0.516492 0.00614443
1940 0.810173 0.510754 0.00578472
1941 0.810173 0.514966 0.00481914
1942 0.810173 0.506732 0.00642308
1943 0.810173 0.50098 0.00586825
1944 0.810173 0.504569 0.00571415
1945 0.810173 0.501525 0.00562722
1946 0.810173 0.513119 0.00525295
1947 0.810173 0.503614 0.00591508
1948 0.810173 0.497903 0.00593929
1949 0.810173 0.510903 0.00604347
1950 0.810173 0.506201 0.00623557
1951 0.810173 0.505882 0.00521557
1952 0.810173 0.505782 0.00560416
1953 0.810173 0.503061 0.00564299
1954 0.810173 0.509993 0.00589425
1955 0.810173 0.506359 0.00542555
1956 0.810173 0.514879 0.00545333
1957 0.810173 0.509499 0.00684032
1958 0.810173 0.503312 0.00563881
1959 0.810173 0.499607 0.00573516
1960 0.810173 0.506708 0.00540067
1961 0.810173 0.510596 0.0058262
1962 0.822751 0.50948 0.00668628
1963 0.822751 0.517037 0.00626547
1964 0.822751 0.510071 0.00549545
1965 0.822751 0.506785 0.00555744
1966 0.822751 0.508323 0.00582313
1967 0.822751 0.510405 0.00572995
1968 0.822751 0.510731 0.00534608
1969 0.822751 0.503396 0.00605835
1970 0.822751 0.514023 0.00536524
1971 0.822751 0.50743 0.00541423
1972 0.822751 0.507163 0.00519597
1973 0.822751 0.508489 0.00565197
1974 0.822751 0.511477 0.00580694
1975 0.822751 0.503185 0.00662365
1976 0.822751 0.509882 0.00541045
1977 0.822751 0.514301 0.00592106
1978 0.822751 0.507632 0.0054509
1979 0.822751 0.508588 0.00557486
1980 0.822751 0.512521 0.00513509
1981 0.822751 0.507748 0.00537129
1982 0.822751 0.50739 0.00557331
1983 0.822751 0.515394 0.00542579
1984 0.822751 0.498554 0.00544432
1985 0.822751 0.512535 0.00583961
1986 0.822751 0.5093 0.0052635
1987 0.822751 0.51337 0.00568164
1988 0.822751 0.502306 0.00620285
1989 0.822751 0.502384 0.00558163
1990 0.822751 0.503552 0.00604738
1991 0.822751 0.50303 0.00628498
1992 0.822751 0.506826 0.00622644
1993 0.822751 0.509747 0.00696385
1994 0.822751 0.503772 0.00580423
1995 0.822751 0.500625 0.00609771
1996 0.822751 0.508855 0.00575643
1997 0.822751 0.50077 0.00603941
1998 0.822751 0.504472 0.00654563
1999 0.822751 0.499156 0.0064371
2000 0.822751 0.497418 0.00606675
2001 0.822751 0.506378 0.00595219
2002 0.822751 0.509265 0.00584848
2003 0.822751 0.509606 0.00533379
2004 0.822751 0.50879 0.00560131
2005 0.822751 0.507942 0.00620096
2006 0.822751 0.506712 0.00605534
2007 0.822751 0.51202 0.00579671
2008 0.822751 0.502671 0.00652922
2009 0.822751 0.504813 0.00639632
2010 0.822751 0.504294 0.00536652
2011 0.822751 0.506118 0.00556603
2012 0.822751 0.506514 0.00656284
2013 0.822751 0.498258 0.00564689
2014 0.822751 0.498051 0.00682605
2015 0.822751 0.520046 0.00604227
2016 0.822751 0.502984 0.0058186
2017 0.822751 0.512236 0.00619382
2018 0.822751 0.511423 0.00648184
2019 0.822751 0.512018 0.00553827
2020 0.822751 0.518608 0.00580315
2021 0.822751 0.516425 0.005872
2022 0.822751 0.50871 0.00577628
2023 0.822751 0.509128 0.00565735
2024 0.822751 0.505018 0.00600576
2025 0.822751 0.517191 0.00614542
2026 0.822751 0.508818 0.00613777
2027 0.822751 0.509314 0.00560322
2028 0.822751 0.50599 0.00644297
2029 0.822751 0.502725 0.00579723
2030 0.822751 0.510404 0.00688253
2031 0.822751 0.510715 0.00638158
2032 0.822751 0.505797 0.00663028
2033 0.822751 0.498806 0.00612685
2034 0.822751 0.507639 0.00575166
2035 0.822751 0.515479 0.00613226
2036 0.822751 0.510406 0.00618689
2037 0.822751 0.503812 0.00680003
2038 0.822751 0.512141 0.00637261
2039 0.822751 0.513405 0.00713039
2040 0.822751 0.505711 0.00585726
2041 0.822751 0.507442 0.00605246
2042 0.822751 0.512851 0.00617829
2043 0.822751 0.507898 0.00605856
2044 0.822751 0.512994 0.00594262
2045 0.822751 0.509862 0.0057363
2046 0.822751 0.505745 0.0071284
2047 0.822751 0.50696 0.00659616
2048 0.822751 0.509702 0.00601763
2049 0.822751 0.512889 0.00571174
2050 0.822751 0.504982 0.00577561
2051 0.822751 0.5015 0.00627472
2052 0.822751 0.506691 0.00656215
2053 0.822751 0.505471 0.00739646
2054 0.822751 0.506476 0.00676116
2055 0.822751 0.515049 0.00597744
2056 0.822751 0.508145 0.00567331
2057 0.822751 0.507985 0.00620082
2058 0.822751 0.510114 0.00657524
2059 0.822751 0.502607 0.00667182
2060 0.822751 0.500829 0.00640455
2061 0.822751 0.50505 0.00610398
2062 0.822751 0.513205 0.00539474
2063 0.822751 0.511753 0.005972
2064 0.822751 0.495027 0.0067684
2065 0.822751 0.496716 0.00684931
2066 0.822751 0.504895 0.00702918
2067 0.822751 0.50332 0.00652914
2068 0.822751 0.514772 0.00611266
2069 0.822751 0.519909 0.00584387
2070 0.822751 0.5101 0.00660791
2071 0.822751 0.50808 0.00632193
2072 0.822751 0.504732 0.00629164
2073 0.822751 0.49856 0.00653954
2074 0.822751 0.505081 0.00592963
2075 0.822751 0.503151 0.00607942
2076 0.822751 0.506266 0.0071141
2077 0.822751 0.501656 0.00638415
2078 0.822751 0.505037 0.00647338
2079 0.822751 0.509291 0.00556866
2080 0.822751 0.502467 0.00609058
2081 0.822751 0.507778 0.00683313
2082 0.822751 0.509442 0.00616409
2083 0.822751 0.504136 0.00588688
2084 0.822751 0.511243 0.00607552
2085 0.825189 0.504485 0.00736335
2086 0.825189 0.509645 0.00653837
2087 0.825189 0.519682 0.00563836
2088 0.825189 0.506837 0.00724931
2089 0.825189 0.507225 0.00660322
2090 0.825189 0.517198 0.00682525
2091 0.825189 0.50518 0.00668259
2092 0.825189 0.498509 0.00748548
2093 0.825189 0.512773 0.00674572
2094 0.825189 0.50216 0.00635853
2095 0.825189 0.515302 0.0060478
2096 0.825189 0.507982 0.0067756
2097 0.825189 0.510703 0.0063956
2098 0.825189 0.503623 0.00605194
2099 0.825189 0.505018 0.00605133
2100 0.825189 0.5102 0.00623753
2101 0.825189 0.506507 0.00591307
2102 0.825189 0.509765 0.00605511
2103 0.825189 0.514778 0.00665873
2104 0.825189 0.498311 0.00645229
2105 0.825189 0.509309 0.00696244
2106 0.825189 0.514039 0.00682505
2107 0.825189 0.510316 0.0060944
2108 0.825189 0.508719 0.00701726
2109 0.825189 0.50828 0.00594959
2110 0.825189 0.503405 0.00657793
2111 0.825189 0.508158 0.00568479
2112 0.825189 0.509072 0.00610294
2113 0.825189 0.514113 0.00622314
2114 0.825189 0.508093 0.00630792
2115 0.825189 0.50877 0.00608774
2116 0.825189 0.50789 0.00664308
2117 0.825189 0.505685 0.00645497
2118 0.825189 0.510411 0.00719951
2119 0.825189 0.500384 0.00688072
2120 0.825189 0.504742 0.00644504
2121 0.825189 0.505437 0.00604362
2122 0.825189 0.507768 0.00657896
2123 0.825189 0.506939 0.00587508
2124 0.825189 0.507054 0.00625548
2125 0.825189 0.509706 0.0066768
2126 0.825189 0.50722 0.00729756
2127 0.825189 0.50003 0.0074663
2128 0.825189 0.508747 0.00603885
2129 0.825189 0.510537 0.00593541
2130 0.825189 0.50385 0.00598606
2131 0.825189 0.512594 0.00668548
2132 0.825189 0.510481 0.00638218
2133 0.825189 0.507973 0.00642125
2134 0.825189 0.506156 0.00630379
2135 0.825189 0.520273 0.00571793
2136 0.825189 0.509581 0.00577291
2137 0.825189 0.509232 0.0066686
2138 0.825189 0.503666 0.00667296
2139 0.825189 0.501268 0.00649251
2140 0.825189 0.508124 0.00652195
2141 0.825189 0.506918 0.00588621
2142 0.825189 0.507005 0.00680928
2143 0.825189 0.504595 0.00567219
2144 0.825189 0.501911 0.00593948
2145 0.825189 0.504606 0.00610033
2146 0.825189 0.515642 0.00546961
2147 0.825189 0.507284 0.00575532
2148 0.825189 0.512535 0.00624476
2149 0.825189 0.510426 0.0057819
2150 0.825189 0.51441 0.00581905
2151 0.825189 0.502893 0.00662762
2152 0.825189 0.503604 0.00582968
2153 0.825189 0.50597 0.00555283
2154 0.825189 0.50002 0.00592804
2155 0.825189 0.502898 0.00611412
2156 0.825189 0.513311 0.00602163
2157 0.825189 0.508523 0.00612028
2158 0.825189 0.512231 0.00614466
2159 0.825189 0.500912 0.00622316
2160 0.825189 0.505371 0.00567476
2161 0.825189 0.508115 0.0062536
2162 0.825189 0.493553 0.00645943
2163 0.825189 0.503082 0.00679401
2164 0.825189 0.509875 0.00589969
2165 0.825189 0.507974 0.00609098
2166 0.825189 0.510481 0.00590444
2167 0.825189 0.508626 0.00625575
2168 0.825189 0.515563 0.00617183
2169 0.825189 0.512989 0.00703313
2170 0.825189 0.50813 0.00662903
2171 0.825189 0.519033 0.00678958
2172 0.825189 0.509854 0.0070729
2173 0.825189 0.508601 0.00607542
2174 0.825189 0.506424 0.0059341
2175 0.825189 0.50652 0.00620858
2176 0.825189 0.508679 0.00645365
2177 0.825189 0.501872 0.00562999
2178 0.825189 0.499653 0.00730132
2179 0.825189 0.500937 0.00694314
2180 0.825189 0.515454 0.00685559
2181 0.825189 0.514782 0.00692675
2182 0.825189 0.493644 0.00628438
2183 0.825189 0.502871 0.00629782
2184 0.825189 0.507286 0.00716924
2185 0.825189 0.512629 0.00762826
2186 0.825189 0.512089 0.0063304
2187 0.825189 0.503218 0.00560056
2188 0.825189 0.507227 0.00677753
2189 0.825189 0.502597 0.00649786
2190 0.825189 0.505356 0.00702264
2191 0.825189 0.508751 0.00612507
2192 0.825189 0.503018 0.00626756
2193 0.825189 0.500324 0.00693259
2194 0.825189 0.506326 0.00616655
2195 0.825189 0.509823 0.0068229
2196 0.825189 0.507575 0.00737201
2197 0.825189 0.51387 0.00612559
2198 0.825189 0.504463 0.00677318
2199 0.825189 0.515923 0.00603355
2200 0.825189 0.509678 0.00674728
2201 0.825189 0.504365 0.00614583
2202 0.825189 0.515471 0.00640703
2203 0.825189 0.516199 0.00626806
2204 0.825189 0.50616 0.00668225
2205 0.825189 0.515397 0.00666176
2206 0.825189 0.512186 0.00642025
2207 0.825189 0.509141 0.00630274
2208 0.825189 0.506551 0.0068647
2209 0.825189 0.500556 0.00694266
2210 0.825189 0.510699 0.00695566
2211 0.825189 0.50639 0.00729082
2212 0.825189 0.511167 0.00632673
2213 0.825189 0.509958 0.00590523
2214 0.827862 0.507389 0.00781527
2215 0.827862 0.506681 0.00630015
2216 0.827862 0.515263 0.0069692
2217 0.827862 0.505702 0.00709182
2218 0.827862 0.501455 0.00626669
2219 0.827862 0.500667 0.00661174
2220 0.827862 0.516578 0.00663608
2221 0.827862 0.500978 0.00708597
2222 0.827862 0.502985 0.00658689
2223 0.827862 0.499639 0.00662811
2224 0.827862 0.506443 0.00650315
2225 0.827862 0.506784 0.00636945
2226 0.827862 0.512663 0.00638483
2227 0.827862 0.51096 0.00635269
2228 0.827862 0.512471 0.00573267
2229 0.827862 0.512683 0.00752401
2230 0.827862 0.506221 0.00767724
2231 0.827862 0.505756 0.0069859
2232 0.827862 0.508668 0.00627453
2233 0.827862 0.512562 0.00585878
2234 0.827862 0.513108 0.00696195
2235 0.827862 0.511915 0.00620619
2236 0.827862 0.509327 0.006469
2237 0.827862 0.506994 0.0062001
2238 0.827862 0.514188 0.00625739
2239 0.827862 0.509868 0.00686711
2240 0.827862 0.514836 0.00633466
2241 0.827862 0.513357 0.006525
2242 0.827862 0.508122 0.00663848
2243 0.827862 0.503273 0.00660952
2244 0.827862 0.514475 0.00692312
2245 0.827862 0.507379 0.00677145
2246 0.827862 0.505444 0.00646583
2247 0.827862 0.503842 0.00717588
2248 0.827862 0.50074 0.0063043
2249 0.827862 0.512472 0.00617003
2250 0.827862 0.513433 0.00642097
2251 0.827862 0.51507 0.00708686
2252 0.827862 0.508597 0.00632241
2253 0.827862 0.508627 0.00618905
2254 0.827862 0.510859 0.00658745
2255 0.827862 0.506625 0.00595151
2256 0.827862 0.509831 0.00618328
2257 0.827862 0.507287 0.00635567
2258 0.827862 0.510399 0.006531
2259 0.827862 0.509885 0.00651542
2260 0.827862 0.509976 0.00652311
2261 0.827862 0.503993 0.00722723
2262 0.827862 0.505898 0.00790086
2263 0.827862 0.503723 0.00678029
2264 0.827862 0.504467 0.0065806
2265 0.827862 0.51063 0.00619679
2266 0.827862 0.503257 0.0071583
2267 0.827862 0.504189 0.00713118
2268 0.827862 0.497921 0.00681483
2269 0.827862 0.506611 0.00646284
2270 0.827862 0.508019 0.00604744
2271 0.827862 0.511461 0.00630596
2272 0.827862 0.498156 0.00667328
2273 0.827862 0.517485 0.00674264
2274 0.827862 0.513634 0.00635158
2275 0.827862 0.512441 0.00662883
2276 0.827862 0.509371 0.00605288
2277 0.827862 0.501115 0.00656088
2278 0.827862 0.509237 0.00633036
2279 0.827862 0.505841 0.00650113
2280 0.827862 0.499075 0.00641264
2281 0.827862 0.499355 0.00641823
2282 0.827862 0.507201 0.00605146
2283 0.827862 0.501342 0.00710947
2284 0.827862 0.510709 0.00594504
2285 0.830772 0.514069 0.00788541
2286 0.830772 0.50658 0.00670026
2287 0.830772 0.511744 0.00660225
2288 0.830772 0.513988 0.00645613
2289 0.830772 0.514494 0.00668887
2290 0.830772 0.511695 0.00695161
2291 0.830772 0.512564 0.00659759
2292 0.830772 0.509822 0.00679609
2293 0.830772 0.508067 0.0069234
2294 0.830772 0.516142 0.00690794
2295 0.83088 0.517026 0.0080767
2296 0.83088 0.51581 0.00691152
2297 0.83088 0.510242 0.00677849
2298 0.83088 0.514891 0.0066527
2299 0.83088 0.506176 0.00737182
2300 0.83088 0.50879 0.00698452
2301 0.83088 0.515734 0.00680123
2302 0.83088 0.502356 0.00704996
2303 0.83088 0.517117 0.00716706
2304 0.83088 0.508717 0.00722872
2305 0.83088 0.506823 0.00706561
2306 0.83088 0.506724 0.00680928
2307 0.83088 0.503916 0.00626177
2308 0.83088 0.512096 0.00686119
2309 0.83088 0.508677 0.00720729
2310 0.83088 0.510914 0.00675634
2311 0.83088 0.516026 0.00694799
2312 0.83088 0.514328 0.00754954
2313 0.83088 0.502672 0.00662383
2314 0.83088 0.501522 0.00659923
2315 0.83088 0.509659 0.00688448
2316 0.83088 0.505586 0.00624573
2317 0.83088 0.503447 0.00874193
2318 0.83088 0.515341 0.00718163
2319 0.83088 0.501681 0.00761152
2320 0.83088 0.502668 0.00758372
2321 0.83088 0.514643 0.0067607
2322 0.83088 0.509388 0.0078048
2323 0.83088 0.5049 0.00684707
2324 0.83088 0.506993 0.00615914
2325 0.83088 0.513522 0.0058085
2326 0.83088 0.503721 0.00764686
2327 0.83088 0.504092 0.00726487
2328 0.83088 0.502941 0.006688
2329 0.83088 0.519534 0.00657391
2330 0.83088 0.501857 0.00716479
2331 0.83088 0.51197 0.00668504
2332 0.83088 0.506893 0.00808568
2333 0.83088 0.511103 0.00655214
2334 0.83088 0.512922 0.00730773
2335 0.83088 0.501125 0.00639331
2336 0.83088 0.511139 0.00666398
2337 0.83088 0.504927 0.00750687
2338 0.83088 0.510818 0.00725381
2339 0.83088 0.511819 0.00632047
2340 0.83088 0.515376 0.00629849
2341 0.83088 0.50863 0.00743962
2342 0.83088 0.508377 0.00697316
2343 0.83088 0.498506 0.00694018
2344 0.83088 0.508187 0.00666538
2345 0.83088 0.506407 0.00649678
2346 0.83088 0.511704 0.00694971
2347 0.83088 0.510625 0.00632961
2348 0.83088 0.505901 0.00604758
2349 0.83088 0.505278 0.00783954
2350 0.83088 0.511596 0.00715243
2351 0.83088 0.517621 0.00667083
2352 0.83088 0.513636 0.00641122
2353 0.83088 0.502294 0.00678836
2354 0.83088 0.50961 0.00675166
2355 0.83088 0.512859 0.00609806
2356 0.83088 0.515016 0.00642974
2357 0.83088 0.51631 0.00755864
2358 0.83088 0.507584 0.00671799
2359 0.83088 0.503331 0.00686878
2360 0.83088 0.509162 0.00625393
2361 0.83088 0.506583 0.00648247
2362 0.83088 0.503336 0.00634848
2363 0.83088 0.509232 0.00626193
2364 0.83088 0.510107 0.00617369
2365 0.83088 0.511821 0.00681514
2366 0.83088 0.511032 0.00735276
2367 0.83088 0.512994 0.0063391
2368 0.83088 0.501772 0.00660635
2369 0.83088 0.504593 0.00637504
2370 0.83088 0.502913 0.00688105
2371 0.83088 0.507736 0.00657048
2372 0.83088 0.50197 0.00626587
2373 0.83088 0.518764 0.00551444
2374 0.83088 0.510166 0.00576079
2375 0.83088 0.514455 0.00651203
2376 0.83088 0.514054 0.00665709
2377 0.83088 0.509981 0.00665479
2378 0.83088 0.502941 0.00670223
2379 0.83088 0.508223 0.00691574
2380 0.83088 0.514359 0.00596501
2381 0.83088 0.506001 0.0061821
2382 0.83088 0.510556 0.00692384
2383 0.83088 0.511447 0.0065589
2384 0.83088 0.515156 0.00679354
2385 0.83088 0.507882 0.00608922
2386 0.83088 0.509039 0.00655754
2387 0.83088 0.512123 0.00656639
2388 0.83088 0.500531 0.00668801
2389 0.83088 0.503526 0.00630068
2390 0.83088 0.502722 0.0068644
2391 0.83088 0.502294 0.00680059
2392 0.83088 0.511129 0.00717948
2393 0.83088 0.515559 0.00605674
2394 0.83088 0.506137 0.00637018
2395 0.83088 0.512874 0.00675578
2396 0.83088 0.501257 0.00704519
2397 0.83088 0.50761 0.00639329
2398 0.83088 0.506107 0.00686326
2399 0.83088 0.514827 0.00670548
2400 0.83088 0.508402 0.00733523
2401 0.83088 0.501959 0.00651921
2402 0.83088 0.502443 0.00698066
2403 0.83088 0.512084 0.00775899
2404 0.83088 0.512967 0.00690928
2405 0.83088 0.505239 0.00707777
2406 0.83088 0.511548 0.00601777
2407 0.83088 0.504884 0.00685767
2408 0.83088 0.499035 0.00691674
2409 0.83088 0.510888 0.00675226
2410 0.83088 0.50696 0.00664227
2411 0.83088 0.504577 0.0068232
2412 0.83088 0.510871 0.00665763
2413 0.83088 0.509099 0.00640181
2414 0.83088 0.502344 0.00713104
2415 0.83088 0.504898 0.00624861
2416 0.83088 0.495991 0.00692367
2417 0.83088 0.5057 0.00594918
2418 0.83088 0.507776 0.00661595
2419 0.83088 0.503097 0.00598594
2420 0.83088 0.497306 0.00706721
2421 0.83088 0.508307 0.00671199
2422 0.83088 0.508305 0.00643526
2423 0.83088 0.504212 0.00683379
2424 0.83088 0.510339 0.00659841
2425 0.83088 0.499194 0.00714899
2426 0.83088 0.507816 0.00832995
2427 0.83088 0.507165 0.00787913
2428 0.83088 0.510421 0.00621749
2429 0.83088 0.498604 0.00725427
2430 0.83088 0.500796 0.00735623
2431 0.83088 0.511628 0.00626276
2432 0.83088 0.504085 0.00666105
2433 0.83088 0.507631 0.00640443
2434 0.83088 0.51001 0.00713654
2435 0.83088 0.51441 0.00688419
2436 0.83088 0.503872 0.00617768
2437 0.83088 0.505806 0.00627088
2438 0.83088 0.504441 0.00751451
2439 0.83088 0.50781 0.00637774
2440 0.83088 0.518153 0.00594352
2441 0.83088 0.508058 0.00616528
2442 0.83088 0.505214 0.00652328
2443 0.83088 0.510472 0.00705972
2444 0.83088 0.509811 0.00645871
2445 0.83088 0.501118 0.00716701
2446 0.83088 0.506351 0.00677955
2447 0.83088 0.506807 0.0078831
2448 0.84097 0.50769 0.00832205
2449 0.84097 0.505535 0.0065516
2450 0.84097 0.5021 0.00665431
2451 0.84097 0.507878 0.00622447
2452 0.84097 0.505061 0.00736088
2453 0.84097 0.515791 0.00680395
2454 0.84097 0.504511 0.00612391
2455 0.84097 0.508621 0.00653163
2456 0.84097 0.510096 0.00732426
2457 0.84097 0.511382 0.00635235
2458 0.84097 0.511604 0.00707708
2459 0.84097 0.515106 0.00657614
2460 0.84097 0.508138 0.00725818
2461 0.84097 0.505255 0.00659432
2462 0.84097 0.509452 0.00696861
2463 0.84097 0.504194 0.00687561
2464 0.84097 0.502715 0.00647707
2465 0.84097 0.512571 0.00666594
2466 0.84097 0.51008 0.00596451
2467 0.84097 0.510307 0.00670403
2468 0.84097 0.509349 0.0076403
2469 0.84097 0.511931 0.00679119
2470 0.84097 0.516231 0.00653823
2471 0.84097 0.508783 0.00644636
2472 0.84097 0.511046 0.00663316
2473 0.84097 0.510994 0.00636143
2474 0.84097 0.509142 0.00667713
2475 0.84097 0.507017 0.00619145
2476 0.84097 0.517246 0.00596617
2477 0.84097 0.505297 0.00647054
2478 0.84097 0.519738 0.00651483
2479 0.84097 0.505242 0.00706746
2480 0.84097 0.513033 0.00660632
2481 0.84097 0.502375 0.00655145
2482 0.84097 0.506852 0.00698427
2483 0.84097 0.510801 0.00644415
2484 0.84097 0.503077 0.0063366
2485 0.84097 0.509386 0.00599227
2486 0.84097 0.506612 0.00630216
2487 0.84097 0.513523 0.00664264
2488 0.84097 0.519667 0.00691106
2489 0.84097 0.515352 0.00708096
2490 0.84097 0.493218 0.00737622
2491 0.84097 0.506463 0.00670415
2492 0.84097 0.509311 0.00672149
2493 0.84097 0.502833 0.00670132
2494 0.84097 0.505312 0.00715431
2495 0.84097 0.510646 0.0071237
2496 0.84097 0.509488 0.00729171
2497 0.84097 0.503408 0.00625584
2498 0.84097 0.509866 0.0066956
2499 0.84097 0.496189 0.00773363
2500 0.84097 0.502916 0.00667039
2501 0.84097 0.517351 0.00792847
2502 0.84097 0.513872 0.00661271
2503 0.84097 0.512528 0.00644294
2504 0.84097 0.509662 0.00724207
2505 0.84097 0.512821 0.00578413
2506 0.84097 0.507678 0.00625227
2507 0.84097 0.510067 0.00722466
2508 0.84097 0.505834 0.00654526
2509 0.84097 0.503958 0.00759549
2510 0.84097 0.511031 0.00722556
2511 0.84097 0.506401 0.00659837
2512 0.84097 0.509608 0.00678613
2513 0.84097 0.506458 0.00636156
2514 0.84097 0.509898 0.0063755
2515 0.84097 0.504927 0.00668094
2516 0.84097 0.511774 0.00628198
2517 0.84097 0.500979 0.00657994
2518 0.84097 0.507404 0.00641377
2519 0.84097 0.511544 0.00668847
2520 0.84097 0.506398 0.00713171
2521 0.84097 0.513581 0.00674151
2522 0.84097 0.497866 0.00697876
2523 0.84097 0.507057 0.00610236
2524 0.84097 0.507595 0.00670581
2525 0.84097 0.50249 0.00765274
2526 0.84097 0.506641 0.00668283
2527 0.84097 0.502542 0.00636026
2528 0.84097 0.520194 0.00726622
2529 0.84097 0.520077 0.00667809
2530 0.84097 0.510421 0.00682728
2531 0.84097 0.505298 0.00710935
2532 0.84097 0.502602 0.0081501
2533 0.84097 0.501496 0.00772702
2534 0.84097 0.507768 0.0065847
2535 0.84097 0.49853 0.00709063
2536 0.84097 0.508346 0.00735357
2537 0.84097 0.510699 0.00769234
2538 0.84097 0.507278 0.00700231
2539 0.84097 0.513885 0.00690658
2540 0.84097 0.505172 0.00847055
2541 0.84097 0.50903 0.00735666
2542 0.84097 0.506504 0.00701498
2543 0.84097 0.50662 0.00745515
2544 0.84097 0.507444 0.00691696
2545 0.84097 0.500394 0.00757523
2546 0.84097 0.503516 0.00688167
2547 0.84097 0.503554 0.00640322
2548 0.84097 0.509359 0.00669611
2549 0.84097 0.511009 0.00619202
2550 0.84097 0.509886 0.0069256
2551 0.84097 0.503646 0.00703562
2552 0.84097 0.50527 0.00651349
2553 0.84097 0.50973 0.00702007
2554 0.84097 0.499114 0.00677867
2555 0.84097 0.49748 0.00736566
2556 0.84097 0.5082 0.00740752
2557 0.84097 0.501251 0.00854543
2558 0.84097 0.504853 0.00706034
2559 0.84097 0.507137 0.00722807
2560 0.84097 0.504498 0.00721659
2561 0.84097 0.496814 0.00715751
2562 0.84097 0.509856 0.00719106
2563 0.84097 0.509907 0.00751582
2564 0.84097 0.509981 0.00683652
2565 0.84097 0.502289 0.00677897
2566 0.84097 0.510435 0.00652163
2567 0.84097 0.515345 0.00657157
2568 0.84097 0.505786 0.00665153
2569 0.84097 0.511974 0.007635
2570 0.84097 0.50586 0.00672176
2571 0.84097 0.51127 0.0067835
2572 0.84097 0.514934 0.00722713
2573 0.84097 0.505392 0.00687535
2574 0.84097 0.508029 0.00615505
2575 0.84097 0.515891 0.006057
2576 0.84097 0.510248 0.0070551
2577 0.84097 0.51164 0.00649144
2578 0.84097 0.503953 0.00712557
2579 0.84097 0.508366 0.00683539
2580 0.84097 0.506421 0.00781932
2581 0.84097 0.502355 0.00654541
2582 0.84097 0.507443 0.00681697
2583 0.84097 0.510926 0.00684552
2584 0.84097 0.509346 0.00663436
2585 0.84097 0.506686 0.00655363
2586 0.84097 0.497897 0.00716572
2587 0.84097 0.502272 0.0074469
2588 0.84097 0.498873 0.00803443
2589 0.84097 0.502969 0.00721745
2590 0.84097 0.505905 0.00701697
2591 0.84097 0.504482 0.00835005
2592 0.84097 0.505135 0.00638186
2593 0.84097 0.505784 0.00679614
2594 0.84097 0.507007 0.00635659
2595 0.84097 0.505622 0.00701375
2596 0.84097 0.508108 0.00647086
2597 0.84097 0.503224 0.0062344
2598 0.84097 0.505034 0.00683151
2599 0.84097 0.510027 0.00617517
2600 0.84097 0.507711 0.00638955
2601 0.84097 0.508996 0.00627974
2602 0.84097 0.506168 0.0068704
2603 0.84097 0.505462 0.0064093
2604 0.84097 0.504974 0.00626296
2605 0.84097 0.503391 0.00606732
2606 0.84097 0.510256 0.006309
2607 0.84097 0.505027 0.00698458
2608 0.84097 0.515562 0.00609609
2609 0.84097 0.512938 0.0058795
2610 0.84097 0.51172 0.00767243
2611 0.84097 0.512044 0.0069808
2612 0.84097 0.511999 0.00766622
2613 0.84097 0.50752 0.0069518
2614 0.84097 0.506042 0.00689633
2615 0.84097 0.503901 0.00685961
2616 0.84097 0.50567 0.00835862
2617 0.84097 0.505094 0.00729452
2618 0.84097 0.509554 0.00613731
2619 0.84097 0.508982 0.0066266
2620 0.84097 0.514423 0.00656207
2621 0.84097 0.503177 0.00669634
2622 0.84097 0.506555 0.00658748
2623 0.84097 0.503683 0.00641087
2624 0.84097 0.512897 0.00739657
2625 0.84097 0.504374 0.00699626
2626 0.84097 0.515353 0.00741309
2627 0.84097 0.511258 0.00883044
2628 0.84097 0.501005 0.00614442
2629 0.84097 0.511861 0.00582632
2630 0.84097 0.508799 0.00602783
2631 0.84097 0.507743 0.00624106
2632 0.84097 0.5112 0.006033
2633 0.84097 0.508251 0.00626116
2634 0.84097 0.511365 0.00611521
2635 0.84097 0.50389 0.00620968
2636 0.84097 0.506623 0.00669226
2637 0.84097 0.517624 0.00723959
2638 0.84097 0.511388 0.00652653
2639 0.84097 0.505098 0.00639204
2640 0.84097 0.511094 0.00643031
2641 0.84097 0.507166 0.00635233
2642 0.84097 0.50927 0.00785628
2643 0.84097 0.507867 0.00667342
2644 0.84097 0.510481 0.00694182
2645 0.84097 0.516503 0.0078519
2646 0.84097 0.503526 0.00740922
2647 0.84097 0.508852 0.00668869
2648 0.84097 0.50366 0.00671552
2649 0.84097 0.509945 0.00701191
2650 0.84097 0.508247 0.0068584
2651 0.84097 0.501179 0.00615441
2652 0.84097 0.508614 0.00722318
2653 0.84097 0.507361 0.00721185
2654 0.84097 0.509448 0.00664114
2655 0.84097 0.515249 0.00689542
2656 0.84097 0.511959 0.00651797
2657 0.84097 0.518588 0.00642737
2658 0.84097 0.518271 0.00658826
2659 0.84097 0.508435 0.00671441
2660 0.84097 0.508795 0.00632597
2661 0.84097 0.509419 0.00605243
2662 0.84097 0.507369 0.00667204
2663 0.84097 0.509045 0.00780982
2664 0.84097 0.51169 0.00622847
2665 0.84097 0.504255 0.00646133
2666 0.84097 0.516 0.00594996
2667 0.84097 0.513915 0.00652664
2668 0.84097 0.502398 0.00722885
2669 0.84097 0.50786 0.00724154
2670 0.84097 0.509969 0.00685511
2671 0.84097 0.498481 0.00741594
2672 0.84097 0.505316 0.00803195
2673 0.84097 0.506727 0.00679032
2674 0.84097 0.506918 0.00791959
2675 0.84097 0.510743 0.00681631
2676 0.84097 0.507901 0.00679306
2677 0.84097 0.514974 0.00759332
2678 0.84097 0.516841 0.00685541
2679 0.84097 0.507445 0.00705863
2680 0.84097 0.508148 0.00725047
2681 0.84097 0.509604 0.00690545
2682 0.84097 0.504447 0.00768271
2683 0.84097 0.5101 0.00752396
2684 0.84097 0.514045 0.00694106
2685 0.84097 0.511147 0.00709848
2686 0.84097 0.514433 0.00677961
2687 0.84097 0.507624 0.0080858
2688 0.84097 0.501178 0.00737087
2689 0.84097 0.505356 0.00735743
2690 0.84097 0.508938 0.00682754
2691 0.84097 0.50901 0.0062265
2692 0.84097 0.506202 0.00686039
2693 0.84097 0.507428 0.00632131
2694 0.84097 0.505125 0.00698287
2695 0.84097 0.505679 0.00776049
2696 0.84097 0.50597 0.00706701
2697 0.84097 0.511269 0.00729241
2698 0.84097 0.505511 0.00632731
2699 0.84097 0.511831 0.00577827
2700 0.84097 0.517657 0.00649075
2701 0.84097 0.516205 0.00683637
2702 0.84097 0.516765 0.00682519
2703 0.84097 0.519 0.00640405
2704 0.84097 0.509954 0.00628223
2705 0.84097 0.506771 0.00640677
2706 0.84097 0.511879 0.00747335
2707 0.84097 0.513113 0.00630227
2708 0.84097 0.502931 0.00756935
2709 0.84097 0.514055 0.0061138
2710 0.84097 0.509484 0.00695497
2711 0.84097 0.506642 0.006739
2712 0.84097 0.501353 0.00708219
2713 0.84097 0.502578 0.0069051
2714 0.84097 0.509276 0.0065054
2715 0.84097 0.503022 0.00791269
2716 0.84097 0.5082 0.00712995
2717 0.84097 0.50465 0.00610737
2718 0.84097 0.512255 0.00622377
2719 0.84097 0.507527 0.00657978
2720 0.84097 0.515045 0.00716456
2721 0.84097 0.511669 0.00824286
2722 0.84097 0.508973 0.00617483
2723 0.84097 0.506488 0.00594278
2724 0.84097 0.519072 0.0070083
2725 0.84097 0.513491 0.0061664
2726 0.84097 0.511073 0.00709728
2727 0.84097 0.503237 0.00705776
2728 0.84097 0.504084 0.00716688
2729 0.84097 0.50811 0.0062779
2730 0.84097 0.497798 0.00669416
2731 0.84097 0.509942 0.00604559
2732 0.84097 0.514766 0.00670087
2733 0.84097 0.506577 0.00641454
2734 0.84097 0.508572 0.00701394
2735 0.84097 0.499563 0.00671912
2736 0.84097 0.508386 0.00635213
2737 0.84097 0.516873 0.00518121
2738 0.84097 0.514841 0.0062331
2739 0.84097 0.507016 0.0061425
2740 0.84097 0.502506 0.00727691
2741 0.84097 0.508458 0.00673358
2742 0.84097 0.514461 0.00615986
2743 0.84097 0.514812 0.0074158
2744 0.84097 0.509886 0.00606561
2745 0.84097 0.512423 0.00606722
2746 0.84097 0.515001 0.00630841
2747 0.84097 0.509603 0.00715199
2748 0.84097 0.508844 0.00674054
2749 0.84097 0.500887 0.00658364
2750 0.84097 0.511843 0.00698506
2751 0.84097 0.51141 0.0078751
2752 0.84097 0.511886 0.00620315
2753 0.84097 0.509119 0.00660269
2754 0.84097 0.510362 0.00620247
2755 0.84097 0.50626 0.00654882
2756 0.84097 0.513649 0.00677343
2757 0.84097 0.513039 0.00772333
2758 0.84097 0.51319 0.00677526
2759 0.84097 0.517847 0.00641436
2760 0.84097 0.509511 0.00653692
2761 0.84097 0.503539 0.00645082
2762 0.84097 0.510424 0.00711113
2763 0.84097 0.496075 0.0073823
2764 0.84097 0.519399 0.00707045
2765 0.84097 0.521835 0.00858883
2766 0.84097 0.513343 0.00650361
2767 0.84097 0.50575 0.00682737
2768 0.84097 0.504187 0.00628621
2769 0.84097 0.494736 0.00725589
2770 0.84097 0.509132 0.00694354
2771 0.84097 0.510447 0.00806662
2772 0.84097 0.507208 0.00636065
2773 0.84097 0.509254 0.00809492
2774 0.84097 0.502417 0.00631912
2775 0.84097 0.507173 0.00773924
2776 0.84097 0.504063 0.00662213
2777 0.84097 0.504023 0.00631536
2778 0.84097 0.50852 0.00722259
2779 0.84097 0.51621 0.00728778
2780 0.84097 0.513908 0.00692115
2781 0.84097 0.513686 0.00770776
2782 0.84097 0.514447 0.00682475
2783 0.84097 0.513489 0.00656892
2784 0.84097 0.505169 0.00814092
2785 0.84097 0.511243 0.00688448
2786 0.84097 0.517404 0.00698585
2787 0.84097 0.513784 0.00776168
2788 0.84097 0.501607 0.006979
2789 0.84097 0.513948 0.00766409
2790 0.84097 0.510369 0.00651462
2791 0.84097 0.501576 0.00809001
2792 0.84097 0.50684 0.00746044
2793 0.84097 0.512616 0.00741403
2794 0.84097 0.508794 0.0077539
2795 0.84097 0.506951 0.00739283
2796 0.84097 0.507694 0.00783666
2797 0.84097 0.495113 0.00724055
2798 0.84097 0.498253 0.0075363
2799 0.84097 0.508816 0.00705146
2800 0.84097 0.503699 0.00750806
2801 0.84097 0.508645 0.00742115
2802 0.84097 0.511126 0.00633439
2803 0.84097 0.511336 0.00859884
2804 0.84097 0.516352 0.00734428
2805 0.84097 0.506648 0.00736044
2806 0.84097 0.501936 0.0071312
2807 0.84097 0.502526 0.00662873
2808 0.84097 0.500695 0.00716287
2809 0.84097 0.511228 0.00604387
2810 0.84097 0.504097 0.00692367
2811 0.84097 0.500116 0.00713398
2812 0.84097 0.509466 0.00744144
2813 0.84097 0.506529 0.00675286
2814 0.84097 0.516043 0.00688802
2815 0.84097 0.510273 0.00727635
2816 0.84097 0.502544 0.00669253
2817 0.84097 0.50722 0.0068568
2818 0.84097 0.514608 0.00681633
2819 0.84097 0.509677 0.00683646
2820 0.84097 0.512426 0.0077849
2821 0.84097 0.506514 0.00706654
2822 0.84097 0.514579 0.00777061
2823 0.84097 0.515431 0.00705172
2824 0.84097 0.501885 0.00715039
2825 0.84097 0.50948 0.00712171
2826 0.84097 0.510781 0.00715123
2827 0.84097 0.510179 0.00749322
2828 0.84097 0.508635 0.00715562
2829 0.84097 0.512983 0.00708955
2830 0.84097 0.511891 0.00576229
2831 0.84097 0.505712 0.00625252
2832 0.84097 0.506711 0.00651862
2833 0.84097 0.503745 0.0065614
2834 0.84097 0.502086 0.00710078
2835 0.84097 0.509503 0.00813582
2836 0.84097 0.509357 0.00638317
2837 0.84097 0.502728 0.00640754
2838 0.84097 0.518955 0.0075849
2839 0.84097 0.507673 0.00776032
2840 0.84097 0.507001 0.00670628
2841 0.84097 0.501448 0.00686135
2842 0.84097 0.505354 0.00636791
2843 0.84097 0.504769 0.00666012
2844 0.84097 0.506578 0.00659952
2845 0.84097 0.508222 0.0065432
2846 0.84097 0.504862 0.00681634
2847 0.84097 0.506812 0.00648349
2848 0.84097 0.508589 0.00616057
2849 0.84097 0.511756 0.00708234
2850 0.84097 0.505797 0.00680932
2851 0.84097 0.510189 0.00670439
2852 0.84097 0.51063 0.00616277
2853 0.84097 0.5133 0.00637346
2854 0.84097 0.519715 0.00642441
2855 0.84097 0.513846 0.0065786
2856 0.84097 0.508831 0.00679541
2857 0.84097 0.518314 0.00576037
2858 0.84097 0.505554 0.00954576
2859 0.84097 0.505649 0.00693328
2860 0.84097 0.518453 0.00643532
2861 0.84097 0.511614 0.00593226
2862 0.84097 0.517292 0.00650336
2863 0.84097 0.50483 0.00736976
2864 0.84097 0.502665 0.00633847
2865 0.84097 0.517604 0.00593509
2866 0.84097 0.510871 0.00655283
2867 0.84097 0.502444 0.00711819
2868 0.84097 0.504853 0.00787508
2869 0.84097 0.512029 0.00711718
2870 0.84097 0.506414 0.00634189
2871 0.84097 0.505228 0.00722331
2872 0.84097 0.505648 0.00662878
2873 0.84097 0.506227 0.00679599
2874 0.84097 0.507249 0.00692105
2875 0.84097 0.491208 0.00697314
2876 0.84097 0.504018 0.00733619
2877 0.84097 0.512713 0.00663143
2878 0.84097 0.509955 0.00802845
2879 0.84097 0.50994 0.00671972
2880 0.84097 0.510251 0.00767757
2881 0.84097 0.509175 0.00701698
2882 0.84097 0.501987 0.0080874
2883 0.84097 0.50308 0.00694694
2884 0.84097 0.506178 0.00769115
2885 0.84097 0.513002 0.00778081
2886 0.84097 0.514428 0.00750922
2887 0.84097 0.516179 0.0068933
2888 0.84097 0.505927 0.00674225
2889 0.84097 0.515575 0.00621277
2890 0.84097 0.511801 0.00657669
2891 0.84097 0.517708 0.00669506
2892 0.84097 0.504426 0.00657121
2893 0.84097 0.504954 0.00704997
2894 0.84097 0.500094 0.00780607
2895 0.84097 0.509438 0.00690002
2896 0.84097 0.512717 0.00610723
2897 0.84097 0.510456 0.00733172
2898 0.84097 0.504735 0.00699137
2899 0.84097 0.506453 0.00746786
2900 0.84097 0.508144 0.00709759
2901 0.84097 0.508023 0.00699148
2902 0.84097 0.514064 0.00684872
2903 0.84097 0.506432 0.00750286
2904 0.84097 0.511853 0.00674883
2905 0.84097 0.515547 0.00720356
2906 0.84097 0.517921 0.00597756
2907 0.84097 0.52163 0.0065424
2908 0.84097 0.509827 0.00661944
2909 0.84097 0.521302 0.00605591
2910 0.84097 0.508946 0.00667087
2911 0.84097 0.505288 0.00711703
2912 0.84097 0.502454 0.00754774
2913 0.84097 0.513093 0.00661621
2914 0.84097 0.507191 0.00653332
2915 0.84097 0.504406 0.00635989
2916 0.84097 0.506207 0.00677746
2917 0.84097 0.506788 0.00644873
2918 0.84097 0.508536 0.00675039
2919 0.84097 0.508137 0.0070226
2920 0.84097 0.50696 0.0062694
2921 0.84097 0.506382 0.00640577
2922 0.84097 0.519663 0.00655834
2923 0.84097 0.51313 0.00681131
2924 0.84097 0.510644 0.00696473
2925 0.84097 0.511616 0.00594949
2926 0.84097 0.505805 0.00671937
2927 0.84097 0.51144 0.00674541
2928 0.84097 0.518762 0.00695756
2929 0.84097 0.517445 0.00608756
2930 0.84097 0.505919 0.00703127
2931 0.84097 0.5097 0.00620214
2932 0.84097 0.498689 0.00776703
2933 0.84097 0.512193 0.00662385
2934 0.84097 0.514011 0.00661538
2935 0.84097 0.50249 0.0063024
2936 0.84097 0.509242 0.00675574
2937 0.84097 0.506609 0.00722032
2938 0.84097 0.519866 0.00760574
2939 0.84097 0.508151 0.00737485
2940 0.84097 0.509959 0.00672394
2941 0.84097 0.503301 0.00688614
2942 0.84097 0.509869 0.00710884
2943 0.84097 0.512409 0.00689677
2944 0.84097 0.505911 0.00635218
2945 0.84097 0.50874 0.00692712
2946 0.84097 0.49835 0.00656171
2947 0.84097 0.508776 0.00640636
2948 0.84097 0.504617 0.00775204
2949 0.84097 0.50855 0.00724405
2950 0.84097 0.50606 0.00663638
2951 0.84097 0.506117 0.00666544
2952 0.84097 0.505811 0.0074658
2953 0.84097 0.504069 0.00701605
2954 0.84097 0.50948 0.00780743
2955 0.84097 0.503724 0.00685591
2956 0.84097 0.507449 0.00707039
2957 0.84097 0.501604 0.00712227
2958 0.84097 0.503263 0.00701487
2959 0.84097 0.505594 0.00740836
2960 0.84097 0.501443 0.00716073
2961 0.84097 0.511619 0.00693704
2962 0.84097 0.507506 0.00654058
2963 0.84097 0.496593 0.00825326
2964 0.84097 0.508648 0.0071595
2965 0.84097 0.518642 0.00666569
2966 0.84097 0.507396 0.00614132
2967 0.84097 0.513236 0.00621772
2968 0.84097 0.507279 0.00716852
2969 0.84097 0.506305 0.00732476
2970 0.84097 0.511701 0.00650788
2971 0.84097 0.517177 0.00750402
2972 0.84097 0.510549 0.00661968
2973 0.84097 0.507759 0.00695619
2974 0.84097 0.506089 0.00726769
2975 0.84097 0.50978 0.00635043
2976 0.84097 0.5092 0.00688139
2977 0.84097 0.509889 0.00811518
2978 0.84097 0.513618 0.00702236
2979 0.84097 0.505144 0.00718541
2980 0.84097 0.506612 0.00670946
2981 0.84097 0.508987 0.00664083
2982 0.84097 0.500479 0.00693552
2983 0.84097 0.513036 0.00666155
2984 0.84097 0.512264 0.00660009
2985 0.84097 0.508878 0.00732997
2986 0.84097 0.503175 0.00731984
2987 0.84097 0.502452 0.00615846
2988 0.84097 0.506971 0.00684286
2989 0.84097 0.508391 0.00654371
2990 0.84097 0.500275 0.00674078
2991 0.84097 0.506421 0.00686555
2992 0.84097 0.510983 0.00649853
2993 0.84097 0.503702 0.00674225
2994 0.84097 0.510324 0.00693718
2995 0.84097 0.505635 0.00713381
2996 0.84097 0.509694 0.00670454
2997 0.84097 0.50532 0.00675073
2998 0.84097 0.509207 0.00795593
2999 0.84097 0.513221 0.00653027
3000 0.84097 0.514129 0.00669055
