0 0.544298 0.498752 6.70768e-05
1 0.544298 0.499746 8.82885e-05
2 0.544298 0.49959 0.00010735
3 0.544298 0.498894 0.000168018
4 0.549805 0.501039 0.000164688
5 0.549805 0.499618 0.000197341
6 0.549805 0.500548 0.000210124
7 0.549805 0.499416 0.000218331
8 0.549805 0.500888 0.000167563
9 0.549805 0.501463 0.000187481
10 0.549805 0.50173 0.000145772
11 0.549805 0.501628 0.000157453
12 0.567183 0.502158 0.00028296
13 0.567183 0.502843 0.000252157
14 0.567183 0.503553 0.000241243
15 0.567183 0.502814 0.000274523
16 0.567183 0.503453 0.000292465
17 0.567183 0.50216 0.000375045
18 0.567183 0.502614 0.000300734
19 0.567183 0.500749 0.000323593
20 0.574875 0.501724 0.000413617
21 0.603069 0.503546 0.000418098
22 0.603069 0.504275 0.000469166
23 0.603069 0.50152 0.000486887
24 0.603069 0.501766 0.000458757
25 0.603069 0.501648 0.000495374
26 0.603069 0.502365 0.000561747
27 0.603069 0.503965 0.000411256
28 0.603069 0.504112 0.000608335
29 0.603069 0.502829 0.000668699
30 0.603069 0.503588 0.000759637
31 0.603069 0.501869 0.00059714
32 0.603069 0.503751 0.00054284
33 0.603069 0.505383 0.000685815
34 0.603069 0.505455 0.000673102
35 0.603577 0.506544 0.000794715
36 0.603577 0.507887 0.000680736
37 0.603577 0.503987 0.000603572
38 0.603577 0.506422 0.000670285
39 0.603577 0.505187 0.000618923
40 0.603577 0.50607 0.000498135
41 0.603577 0.503225 0.000534799
42 0.603577 0.507788 0.000629969
43 0.603577 0.506616 0.000727729
44 0.605622 0.506382 0.000742114
45 0.605622 0.507885 0.000709159
46 0.605622 0.506198 0.000588804
47 0.605622 0.504658 0.000623804
48 0.605622 0.504563 0.000706162
49 0.605622 0.506722 0.000740476
50 0.612387 0.508249 0.000772046
51 0.612387 0.50703 0.000816595
52 0.612387 0.510719 0.000752522
53 0.612387 0.505142 0.000695958
54 0.612387 0.503392 0.000671368
55 0.612387 0.505697 0.000690833
56 0.612387 0.50683 0.000800259
57 0.612387 0.509172 0.000990943
58 0.612387 0.508253 0.000764074
59 0.612387 0.507965 0.000877849
60 0.612387 0.508075 0.000891301
61 0.612387 0.508931 0.00105116
62 0.612387 0.50605 0.000744726
63 0.612387 0.509379 0.000878647
64 0.612387 0.509322 0.000868948
65 0.612387 0.508585 0.000789126
66 0.612387 0.508314 0.000768052
67 0.617388 0.512964 0.00111307
68 0.617388 0.51354 0.00102354
69 0.617388 0.512739 0.00116124
70 0.617388 0.511826 0.000964032
71 0.620107 0.513509 0.00120559
72 0.620107 0.514192 0.00114289
73 0.620107 0.513859 0.00115307
74 0.620107 0.519623 0.00115769
75 0.620107 0.520536 0.00136997
76 0.620107 0.519012 0.00144627
77 0.620107 0.525016 0.0012034
78 0.620107 0.521794 0.0012717
79 0.620107 0.519424 0.0013372
80 0.620107 0.521806 0.00118751
81 0.621577 0.519295 0.0014554
82 0.621577 0.52167 0.00147228
83 0.621577 0.519573 0.00155569
84 0.630353 0.519005 0.00129504
85 0.637931 0.525772 0.00174858
86 0.637931 0.52195 0.00148726
87 0.637931 0.52355 0.00143867
88 0.637931 0.526107 0.00152509
89 0.637931 0.52462 0.00164942
90 0.637931 0.528296 0.00176021
91 0.637931 0.527142 0.00178578
92 0.637931 0.527709 0.0013707
93 0.637931 0.529774 0.00184816
94 0.637931 0.528907 0.00151187
95 0.637931 0.524851 0.0015857
96 0.637931 0.524395 0.0015061
97 0.637931 0.529857 0.00152813
98 0.637931 0.531154 0.00150775
99 0.637931 0.52841 0.00125827
100 0.637931 0.529582 0.00144196
101 0.637931 0.531033 0.00162986
102 0.637931 0.528613 0.00147297
103 0.637931 0.524364 0.00153472
104 0.637931 0.528703 0.00163785
105 0.637931 0.533969 0.00160779
106 0.637931 0.535547 0.00143442
107 0.637931 0.530563 0.00177154
108 0.637931 0.531199 0.00145436
109 0.637931 0.530198 0.00158873
110 0.637931 0.529565 0.00162971
111 0.64514 0.526008 0.00169194
112 0.64514 0.533336 0.00137112
113 0.64514 0.531369 0.00178776
114 0.64514 0.532617 0.00181165
115 0.64514 0.52719 0.00143764
116 0.64514 0.534719 0.00149246
117 0.64514 0.531925 0.00190344
118 0.64514 0.528822 0.00145118
119 0.64514 0.529923 0.00157901
120 0.64514 0.524907 0.00162821
121 0.64514 0.527656 0.00166178
122 0.64514 0.528164 0.00168075
123 0.64514 0.532368 0.00158321
124 0.64514 0.526756 0.00154727
125 0.64514 0.525945 0.00171531
126 0.64514 0.527319 0.00157725
127 0.64514 0.530556 0.00160159
128 0.64514 0.526018 0.00181084
129 0.64514 0.529435 0.00163019
130 0.64514 0.528388 0.00156829
131 0.64514 0.531444 0.00151841
132 0.64514 0.530325 0.00156417
133 0.64514 0.536308 0.00148185
134 0.64514 0.541566 0.00162188
135 0.64514 0.537651 0.00167072
136 0.64514 0.536346 0.00159669
137 0.64514 0.533037 0.00150732
138 0.64514 0.525732 0.00166301
139 0.64514 0.525528 0.00167207
140 0.64514 0.527839 0.00145636
141 0.64514 0.530382 0.00147377
142 0.64514 0.526957 0.00172829
143 0.64514 0.526812 0.00163658
144 0.64514 0.529123 0.0019085
145 0.64514 0.532785 0.00160907
146 0.64514 0.532046 0.00165117
147 0.64514 0.532052 0.00160925
148 0.64514 0.530899 0.00172721
149 0.64514 0.534336 0.00163057
150 0.64514 0.53296 0.00173
151 0.64514 0.533425 0.0017245
152 0.64514 0.530299 0.00197863
153 0.64514 0.534841 0.00179476
154 0.64514 0.528719 0.0017858
155 0.64514 0.523625 0.0017377
156 0.64514 0.531398 0.00174196
157 0.64514 0.531369 0.00156513
158 0.64514 0.531993 0.00155624
159 0.64514 0.535048 0.001607
160 0.64514 0.53062 0.00160024
161 0.64514 0.529325 0.001592
162 0.64514 0.531118 0.00177694
163 0.646536 0.529918 0.00164013
164 0.646536 0.534203 0.00178954
165 0.64792 0.534261 0.00187438
166 0.64792 0.528407 0.0017922
167 0.64792 0.531051 0.00186077
168 0.64792 0.536799 0.00213521
169 0.64792 0.537837 0.00178569
170 0.64792 0.53406 0.00172193
171 0.64792 0.531651 0.00168723
172 0.64792 0.534398 0.00143503
173 0.64792 0.531897 0.001807
174 0.64792 0.532628 0.00193911
175 0.64792 0.532876 0.00181271
176 0.64792 0.536544 0.00210725
177 0.64792 0.535328 0.00167469
178 0.64792 0.533098 0.00161908
179 0.64792 0.536802 0.00174674
180 0.64792 0.543005 0.00182975
181 0.64792 0.534477 0.0015575
182 0.64792 0.538194 0.00198944
183 0.64792 0.540039 0.00202008
184 0.661491 0.543384 0.00231044
185 0.661491 0.531044 0.00238221
186 0.661491 0.532656 0.00188426
187 0.661491 0.543514 0.00196854
188 0.661491 0.540375 0.00194402
189 0.661491 0.537727 0.00188395
190 0.661491 0.541476 0.00187811
191 0.661491 0.541616 0.00192204
192 0.661491 0.530559 0.00163315
193 0.661491 0.539273 0.00177303
194 0.661491 0.538792 0.00215957
195 0.661491 0.539251 0.00176009
196 0.661491 0.538337 0.00174091
197 0.661491 0.542538 0.00184545
198 0.661491 0.534284 0.00202672
199 0.661491 0.537157 0.00210868
200 0.661491 0.536473 0.00175251
201 0.661491 0.541706 0.00193973
202 0.661491 0.534369 0.00161296
203 0.661491 0.538239 0.00167491
204 0.661491 0.536844 0.00221341
205 0.661491 0.534487 0.00176682
206 0.661491 0.536964 0.00206833
207 0.661491 0.533385 0.00193512
208 0.661491 0.525692 0.00177014
209 0.661491 0.540627 0.00203236
210 0.661491 0.540023 0.00155533
211 0.661491 0.535892 0.00201909
212 0.661491 0.543234 0.001931
213 0.661491 0.533459 0.00181869
214 0.661491 0.53401 0.00226346
215 0.661491 0.536033 0.00187785
216 0.661491 0.539701 0.00185102
217 0.661491 0.534641 0.00189176
218 0.661491 0.535173 0.00200049
219 0.661491 0.541062 0.00189916
220 0.661491 0.533003 0.00193552
221 0.661491 0.535274 0.00212853
222 0.661491 0.533964 0.0018879
223 0.661491 0.532148 0.00184309
224 0.661491 0.533927 0.00180215
225 0.661491 0.537697 0.00161204
226 0.661491 0.536927 0.00176014
227 0.661491 0.525571 0.00157488
228 0.661491 0.53473 0.00202406
229 0.661491 0.537648 0.00195903
230 0.661491 0.534933 0.00179075
231 0.661491 0.529021 0.00212091
232 0.661491 0.538202 0.00186311
233 0.661491 0.536408 0.00202367
234 0.661491 0.537736 0.00197112
235 0.661491 0.537597 0.00195895
236 0.661491 0.539888 0.00177066
237 0.661491 0.535583 0.00164256
238 0.661491 0.53716 0.00223418
239 0.661491 0.541768 0.00173666
240 0.661491 0.534378 0.00176281
241 0.661491 0.53746 0.00172631
242 0.661491 0.53589 0.00204048
243 0.661491 0.5306 0.00194033
244 0.661491 0.533758 0.00200667
245 0.661491 0.530858 0.00204112
246 0.661491 0.533129 0.00200208
247 0.661491 0.537247 0.00201176
248 0.661491 0.537055 0.00179244
249 0.661491 0.535224 0.00179793
250 0.661491 0.53498 0.0018843
251 0.661491 0.533364 0.00202565
252 0.661491 0.536065 0.00170765
253 0.661491 0.53486 0.00188898
254 0.661491 0.543938 0.00205525
255 0.661491 0.540561 0.00189081
256 0.661491 0.546069 0.00186439
257 0.661491 0.544161 0.00179041
258 0.661491 0.5388 0.00155964
259 0.661491 0.536194 0.00187952
260 0.661491 0.540034 0.00198164
261 0.661491 0.541032 0.00189866
262 0.661491 0.536809 0.00192014
263 0.661491 0.537707 0.00191343
264 0.661491 0.546773 0.00188093
265 0.661491 0.527898 0.00178444
266 0.661491 0.53747 0.00206053
267 0.661491 0.530335 0.00181497
268 0.661491 0.536578 0.00206631
269 0.661491 0.536413 0.00209123
270 0.661491 0.536933 0.00187223
271 0.661491 0.5363 0.00210539
272 0.661491 0.538437 0.00198957
273 0.661491 0.535408 0.00219481
274 0.661491 0.534761 0.00194369
275 0.661491 0.531588 0.0018878
276 0.661491 0.535512 0.00176839
277 0.661491 0.534372 0.00180588
278 0.661491 0.532441 0.00184897
279 0.661491 0.540461 0.00185713
280 0.661491 0.540075 0.00184442
281 0.661491 0.540354 0.00198483
282 0.661491 0.538861 0.0022317
283 0.661491 0.54189 0.00176366
284 0.661491 0.542972 0.001892
285 0.661491 0.535657 0.00200557
286 0.661491 0.534686 0.00179589
287 0.661491 0.535327 0.00184415
288 0.661491 0.537459 0.00230326
289 0.661491 0.530714 0.00192842
290 0.661491 0.533227 0.00213408
291 0.661491 0.531205 0.00200758
292 0.661491 0.531449 0.0018215
293 0.661491 0.52657 0.00176731
294 0.661491 0.525821 0.00191754
295 0.661491 0.527844 0.00186786
296 0.661491 0.534971 0.00181542
297 0.661491 0.522242 0.00201077
298 0.661491 0.528518 0.00195127
299 0.661491 0.527818 0.00189785
300 0.661491 0.533378 0.00213087
301 0.661491 0.53368 0.00202682
302 0.661491 0.533103 0.0016397
303 0.661491 0.534097 0.00201822
304 0.661491 0.529134 0.00212721
305 0.661491 0.534365 0.0019749
306 0.661491 0.531662 0.00179162
307 0.661491 0.536489 0.00188768
308 0.661491 0.538038 0.00202177
309 0.661491 0.543385 0.002259
310 0.661491 0.540188 0.00176644
311 0.661491 0.53769 0.0018581
312 0.661491 0.541156 0.00198149
313 0.661491 0.53654 0.00173422
314 0.661491 0.534073 0.0019695
315 0.661491 0.525081 0.00225283
316 0.661491 0.529546 0.00190379
317 0.661491 0.527857 0.00199698
318 0.661491 0.541889 0.00201219
319 0.661491 0.530935 0.00214728
320 0.661491 0.530396 0.0020229
321 0.661491 0.533789 0.00215859
322 0.661491 0.534111 0.00197172
323 0.661491 0.532309 0.00184706
324 0.661491 0.530352 0.00192901
325 0.661491 0.529772 0.00160591
326 0.661491 0.532206 0.00211131
327 0.661491 0.528639 0.00174327
328 0.661491 0.526551 0.00177885
329 0.661491 0.528741 0.00191609
330 0.661491 0.530976 0.00228416
331 0.661491 0.532463 0.00193172
332 0.661491 0.527634 0.00200674
333 0.661491 0.527807 0.00187277
334 0.661491 0.532121 0.00201455
335 0.661491 0.535702 0.00167711
336 0.661491 0.528506 0.00182599
337 0.661491 0.526744 0.00176144
338 0.661491 0.532812 0.00212245
339 0.661491 0.527106 0.00199004
340 0.661491 0.529458 0.00173476
341 0.661491 0.531475 0.00205061
342 0.661491 0.532182 0.00196572
343 0.661491 0.527913 0.00177756
344 0.661491 0.533834 0.00192172
345 0.661491 0.527492 0.00187555
346 0.661491 0.530248 0.0020297
347 0.661491 0.531887 0.00174748
348 0.661491 0.526804 0.00194907
349 0.661491 0.528063 0.00188805
350 0.661491 0.523813 0.00187137
351 0.661491 0.527928 0.00195009
352 0.661491 0.532689 0.00205163
353 0.661491 0.533557 0.00205021
354 0.661491 0.532287 0.00209633
355 0.661491 0.535601 0.00203426
356 0.661491 0.528932 0.00178911
357 0.661491 0.531923 0.00196815
358 0.661491 0.530938 0.00199756
359 0.661491 0.53658 0.00190229
360 0.661491 0.540858 0.00215375
361 0.661491 0.533942 0.00182886
362 0.661491 0.528942 0.00204743
363 0.661491 0.533559 0.00239518
364 0.661491 0.534677 0.00199928
365 0.661491 0.542141 0.0022365
366 0.661491 0.537996 0.00188552
367 0.661491 0.538757 0.00192156
368 0.661491 0.539746 0.00172661
369 0.661491 0.540031 0.00193275
370 0.661491 0.534294 0.00211805
371 0.661491 0.531253 0.00195501
372 0.661491 0.543122 0.00223731
373 0.661491 0.533682 0.00185299
374 0.661491 0.531737 0.00181861
375 0.661491 0.529056 0.00202198
376 0.661491 0.536556 0.00201666
377 0.661491 0.534537 0.00226453
378 0.661491 0.534534 0.00211796
379 0.661491 0.535722 0.00211643
380 0.661491 0.535448 0.0015737
381 0.661856 0.530603 0.0019574
382 0.661856 0.532215 0.00191015
383 0.661856 0.536465 0.00180033
384 0.661856 0.53607 0.00215698
385 0.661856 0.540475 0.00206812
386 0.661856 0.537866 0.00188855
387 0.661856 0.53295 0.00190953
388 0.661856 0.53515 0.00208359
389 0.661856 0.537334 0.00223451
390 0.661856 0.535627 0.00197423
391 0.661856 0.536388 0.0018469
392 0.661856 0.530294 0.00190482
393 0.661856 0.532513 0.00175923
394 0.661856 0.539026 0.00190789
395 0.661856 0.532911 0.00204503
396 0.661856 0.533792 0.00211032
397 0.661856 0.532454 0.00218309
398 0.661856 0.535018 0.00187378
399 0.661856 0.535775 0.00206321
400 0.661856 0.534575 0.00203065
401 0.661856 0.535749 0.00227208
402 0.661856 0.536004 0.00191171
403 0.661856 0.52881 0.00221038
404 0.661856 0.537298 0.00203763
405 0.661856 0.540493 0.00196531
406 0.661856 0.53771 0.00193994
407 0.661856 0.539849 0.00176262
408 0.661856 0.533451 0.00165835
409 0.661856 0.535296 0.00211679
410 0.661856 0.537642 0.00212266
411 0.661856 0.539324 0.00221575
412 0.661856 0.534298 0.00223567
413 0.661856 0.535664 0.00205836
414 0.661856 0.536979 0.00198641
415 0.661856 0.534691 0.00191743
416 0.661856 0.534283 0.00203977
417 0.661856 0.53056 0.00210314
418 0.661856 0.532235 0.00191106
419 0.661856 0.526935 0.00180555
420 0.661856 0.531542 0.00199348
421 0.661856 0.531656 0.00179884
422 0.661856 0.530019 0.00193136
423 0.661856 0.529698 0.0022279
424 0.661856 0.52525 0.00183736
425 0.661856 0.529037 0.00193832
426 0.661856 0.528884 0.00200109
427 0.661856 0.5301 0.00195039
428 0.661856 0.529021 0.00196222
429 0.661856 0.528788 0.00180994
430 0.661856 0.532017 0.00204026
431 0.661856 0.534147 0.00198009
432 0.661856 0.530505 0.00208387
433 0.661856 0.534123 0.00191416
434 0.661856 0.532612 0.00211156
435 0.661856 0.530959 0.00204976
436 0.661856 0.53215 0.00212819
437 0.661856 0.534369 0.00222221
438 0.661856 0.541685 0.00243631
439 0.661856 0.543625 0.00213207
440 0.661856 0.540485 0.00201299
441 0.661856 0.539892 0.00189059
442 0.661856 0.536556 0.00201067
443 0.661856 0.539185 0.00216316
444 0.661856 0.533089 0.00215333
445 0.661856 0.533723 0.00221427
446 0.661856 0.532592 0.00226587
447 0.661856 0.533204 0.00207098
448 0.661856 0.531817 0.00213405
449 0.661856 0.530432 0.00203345
450 0.661856 0.533154 0.00196659
451 0.661856 0.526777 0.00179885
452 0.661856 0.535167 0.00188018
453 0.661856 0.538134 0.0022677
454 0.661856 0.533644 0.00222166
455 0.661856 0.53783 0.00203491
456 0.661856 0.532885 0.00196886
457 0.661856 0.532309 0.00193082
458 0.661856 0.536001 0.00200323
459 0.661856 0.534483 0.00197126
460 0.661856 0.540996 0.0021063
461 0.661856 0.538646 0.00235597
462 0.661856 0.533728 0.00204704
463 0.661856 0.543448 0.00214159
464 0.661856 0.535657 0.00205973
465 0.661856 0.532452 0.00191948
466 0.661856 0.537492 0.00201721
467 0.661856 0.536792 0.00209854
468 0.661856 0.540489 0.00228672
469 0.661856 0.537991 0.00215445
470 0.661856 0.538798 0.00208285
471 0.661856 0.537488 0.00214499
472 0.661856 0.539177 0.00190038
473 0.661856 0.540417 0.00196328
474 0.661856 0.545539 0.00209255
475 0.661856 0.541632 0.00203213
476 0.661856 0.539765 0.00236475
477 0.661856 0.538738 0.00217806
478 0.661856 0.540089 0.001973
479 0.661856 0.535907 0.00193868
480 0.661856 0.540318 0.00211193
481 0.661856 0.536552 0.00186837
482 0.661856 0.539963 0.00196132
483 0.661856 0.538992 0.00196906
484 0.661856 0.540669 0.00218302
485 0.661856 0.539477 0.00208209
486 0.661856 0.532796 0.00193289
487 0.661856 0.543793 0.00212667
488 0.661856 0.540193 0.00225879
489 0.661856 0.535924 0.0018376
490 0.661856 0.538115 0.00211487
491 0.661856 0.541422 0.00188489
492 0.661856 0.541006 0.00180328
493 0.661856 0.538056 0.00192174
494 0.661856 0.539194 0.00196636
495 0.661856 0.539744 0.00197545
496 0.661856 0.540945 0.00191142
497 0.661856 0.539599 0.00172484
498 0.661856 0.545209 0.00198626
499 0.661856 0.541672 0.002041
500 0.661856 0.549315 0.00207567
501 0.661856 0.543756 0.00198833
502 0.661856 0.54225 0.00180484
503 0.661856 0.545834 0.00198102
504 0.661856 0.543818 0.00180609
505 0.661856 0.544628 0.00179178
506 0.661856 0.539452 0.00215297
507 0.661856 0.541805 0.00170975
508 0.661856 0.536452 0.00201835
509 0.661856 0.538306 0.00201829
510 0.661856 0.542763 0.00208675
511 0.661856 0.542103 0.00221979
512 0.661856 0.540721 0.00213616
513 0.661856 0.542964 0.00179434
514 0.661856 0.544582 0.00181178
515 0.661856 0.538306 0.0021379
516 0.661856 0.544209 0.00196044
517 0.661856 0.539085 0.00223066
518 0.661856 0.535451 0.00182898
519 0.661856 0.543645 0.00193661
520 0.661856 0.540927 0.00192045
521 0.661856 0.542862 0.00215053
522 0.661856 0.541581 0.00221121
523 0.661856 0.538206 0.0018867
524 0.661856 0.541381 0.00206632
525 0.661856 0.542297 0.00183145
526 0.661856 0.546918 0.00210002
527 0.661856 0.541223 0.00189262
528 0.687182 0.542499 0.00225257
529 0.687182 0.544118 0.00220416
530 0.687182 0.540235 0.00234016
531 0.687182 0.539239 0.00216776
532 0.687182 0.542084 0.00213658
533 0.687182 0.543476 0.00198241
534 0.687182 0.545116 0.0022551
535 0.687182 0.541618 0.00230256
536 0.687182 0.542926 0.00196839
537 0.687182 0.545494 0.00194359
538 0.687182 0.546054 0.00207025
539 0.687182 0.541771 0.00218848
540 0.687182 0.54292 0.0021168
541 0.687182 0.534597 0.00215995
542 0.687182 0.540402 0.0020263
543 0.687182 0.538853 0.00200856
544 0.687182 0.533314 0.00204059
545 0.687182 0.540578 0.00227539
546 0.687182 0.534543 0.00207621
547 0.687182 0.536155 0.00229816
548 0.687182 0.538811 0.00207717
549 0.687182 0.544537 0.00231923
550 0.687182 0.545214 0.00185505
551 0.687182 0.538783 0.00212382
552 0.687182 0.54342 0.00237766
553 0.687182 0.54405 0.00217049
554 0.687182 0.542982 0.00218575
555 0.687182 0.544313 0.00196249
556 0.687182 0.546496 0.0020864
557 0.687182 0.540267 0.00193183
558 0.687182 0.537041 0.00193142
559 0.687182 0.534714 0.00202542
560 0.687182 0.536758 0.00202393
561 0.687182 0.534695 0.00240579
562 0.687182 0.534508 0.00228012
563 0.687182 0.534529 0.00195669
564 0.687182 0.537915 0.00203966
565 0.687182 0.541002 0.00228577
566 0.687182 0.542716 0.00195368
567 0.687182 0.546364 0.00244112
568 0.687182 0.543265 0.00220635
569 0.687182 0.539365 0.00206779
570 0.687182 0.538151 0.0022064
571 0.687182 0.546532 0.00230734
572 0.687182 0.54262 0.00241136
573 0.687182 0.534771 0.00203637
574 0.687182 0.534426 0.00191251
575 0.687182 0.541054 0.00195795
576 0.687182 0.541584 0.00216496
577 0.687182 0.532738 0.00229208
578 0.687182 0.534041 0.00179971
579 0.687182 0.537175 0.0018412
580 0.687182 0.534099 0.00222146
581 0.687182 0.535083 0.00201353
582 0.687182 0.534142 0.00197255
583 0.687182 0.536467 0.00239926
584 0.687182 0.542045 0.00232735
585 0.687182 0.540544 0.00195642
586 0.687182 0.53729 0.00212795
587 0.687182 0.538028 0.00205323
588 0.687182 0.536576 0.00234067
589 0.687182 0.537305 0.00179738
590 0.687182 0.530932 0.00226522
591 0.687182 0.534979 0.00199589
592 0.687182 0.541146 0.00209738
593 0.687182 0.539969 0.00230045
594 0.687182 0.542113 0.00225907
595 0.687182 0.539334 0.00268255
596 0.687182 0.537757 0.00252419
597 0.687182 0.536694 0.0021473
598 0.687182 0.536319 0.0020996
599 0.687182 0.542091 0.00228811
600 0.687182 0.538799 0.001975
601 0.687182 0.54812 0.00186429
602 0.687182 0.540149 0.00232724
603 0.687182 0.544834 0.00196012
604 0.687182 0.546139 0.00199807
605 0.687182 0.546106 0.00197911
606 0.687182 0.540507 0.00198176
607 0.687182 0.545464 0.00179526
608 0.687182 0.544144 0.00203857
609 0.687182 0.539874 0.00223816
610 0.687182 0.546805 0.00230055
611 0.687182 0.539878 0.00215807
612 0.687182 0.541088 0.00237048
613 0.687182 0.539346 0.00206501
614 0.687182 0.535576 0.00198928
615 0.687182 0.537788 0.00221013
616 0.687182 0.537025 0.00216483
617 0.687182 0.536451 0.00195971
618 0.687182 0.538775 0.00197837
619 0.687182 0.538764 0.00231679
620 0.687182 0.539646 0.00190155
621 0.687182 0.538185 0.00216343
622 0.687182 0.540986 0.00174994
623 0.687182 0.532717 0.00199543
624 0.687182 0.54138 0.00176531
625 0.687182 0.541346 0.00208314
626 0.687182 0.54303 0.002335
627 0.687182 0.536903 0.00222363
628 0.687182 0.537579 0.00196465
629 0.687182 0.541362 0.00212716
630 0.687182 0.546772 0.00185764
631 0.687182 0.545749 0.00201576
632 0.687182 0.550773 0.00211679
633 0.687182 0.546207 0.00249537
634 0.687182 0.5416 0.00202425
635 0.687182 0.546259 0.00213973
636 0.687182 0.543585 0.00221216
637 0.687182 0.54263 0.00221696
638 0.687182 0.538268 0.00199747
639 0.687182 0.544177 0.00251917
640 0.687182 0.541838 0.00199421
641 0.687182 0.539184 0.00201206
642 0.687182 0.538833 0.00217617
643 0.687182 0.535642 0.00236429
644 0.687182 0.539445 0.00242432
645 0.687182 0.541286 0.0025123
646 0.687182 0.536263 0.0022604
647 0.687182 0.537922 0.00203945
648 0.687182 0.541235 0.0023635
649 0.687182 0.538363 0.00218271
650 0.687182 0.542506 0.00207942
651 0.687182 0.540715 0.00223052
652 0.687182 0.545818 0.00238759
653 0.687182 0.537873 0.00196963
654 0.687182 0.535029 0.0020678
655 0.687182 0.541401 0.00259206
656 0.687182 0.544817 0.00227013
657 0.687182 0.548716 0.00229735
658 0.687182 0.547516 0.00208211
659 0.687182 0.544687 0.00182575
660 0.687182 0.54585 0.00222489
661 0.687182 0.552151 0.00210716
662 0.687182 0.554458 0.00208605
663 0.687182 0.550318 0.00204285
664 0.687182 0.545589 0.00227027
665 0.687182 0.545182 0.00192544
666 0.687182 0.547361 0.00214308
667 0.687182 0.549969 0.00202724
668 0.687182 0.550069 0.00200175
669 0.687182 0.553392 0.00189049
670 0.687182 0.550503 0.00227888
671 0.687182 0.550914 0.00197967
672 0.687182 0.546434 0.00222741
673 0.687182 0.548403 0.00185707
674 0.687182 0.551922 0.0020907
675 0.687182 0.556814 0.00194319
676 0.687182 0.552792 0.00211429
677 0.687182 0.54926 0.00208058
678 0.687182 0.544802 0.00233025
679 0.687182 0.547451 0.00234984
680 0.687182 0.546367 0.00215697
681 0.687182 0.54969 0.00215379
682 0.687182 0.547365 0.00204785
683 0.687182 0.548032 0.00205194
684 0.687182 0.552448 0.0022401
685 0.687182 0.55077 0.00204107
686 0.687182 0.548561 0.00209692
687 0.687182 0.540796 0.0018822
688 0.687182 0.545886 0.00224117
689 0.687182 0.548486 0.00196951
690 0.687182 0.557267 0.0021014
691 0.687182 0.550011 0.00182909
692 0.687182 0.548865 0.00206096
693 0.687182 0.548827 0.00172306
694 0.687182 0.550841 0.00221168
695 0.687182 0.550441 0.0021706
696 0.687182 0.553365 0.00192871
697 0.687182 0.551466 0.00231278
698 0.687182 0.544913 0.00209377
699 0.687182 0.553213 0.00204894
700 0.687182 0.552121 0.00223105
701 0.687182 0.544968 0.00248471
702 0.687182 0.551634 0.00237631
703 0.687182 0.549054 0.0021739
704 0.687182 0.54721 0.00191944
705 0.687182 0.54623 0.00225047
706 0.687182 0.547393 0.00236808
707 0.687182 0.547161 0.00228596
708 0.687182 0.547256 0.00233877
709 0.687182 0.54765 0.00198902
710 0.687182 0.549376 0.0024519
711 0.687182 0.547563 0.00203455
712 0.687182 0.549859 0.00221718
713 0.687182 0.544796 0.00233999
714 0.687182 0.548875 0.00239465
715 0.687182 0.548019 0.00251442
716 0.687182 0.553135 0.00237439
717 0.687182 0.545448 0.00220937
718 0.687182 0.546512 0.0020038
719 0.687182 0.548505 0.00253433
720 0.687182 0.5423 0.00202228
721 0.687182 0.536708 0.0021626
722 0.687182 0.543749 0.00243312
723 0.687182 0.546877 0.00203997
724 0.687182 0.543279 0.00213142
725 0.687182 0.544662 0.0019735
726 0.687182 0.546548 0.00207486
727 0.687182 0.546985 0.00218413
728 0.687182 0.551692 0.00206838
729 0.687182 0.548265 0.00219709
730 0.687182 0.54495 0.00210862
731 0.687182 0.548309 0.00200923
732 0.687182 0.550633 0.00194473
733 0.687182 0.546585 0.00210979
734 0.687182 0.548842 0.00232725
735 0.687182 0.543517 0.00206613
736 0.687182 0.548107 0.00230933
737 0.687182 0.548587 0.00199324
738 0.687182 0.544893 0.00224149
739 0.687182 0.543873 0.00226901
740 0.687182 0.548827 0.00273528
741 0.687182 0.543948 0.00223939
742 0.687182 0.545741 0.00232687
743 0.687182 0.543823 0.00225752
744 0.687182 0.54504 0.00189188
745 0.687182 0.545703 0.00235794
746 0.687182 0.545486 0.00227342
747 0.687182 0.544492 0.00240591
748 0.687182 0.550001 0.00194226
749 0.687182 0.545438 0.00236624
750 0.687182 0.544667 0.00218646
751 0.687182 0.546383 0.00201909
752 0.687182 0.544939 0.00221922
753 0.687182 0.542723 0.00195673
754 0.687182 0.54091 0.0021618
755 0.687182 0.541676 0.0023717
756 0.687182 0.547604 0.00196711
757 0.687182 0.541529 0.00229381
758 0.687182 0.54841 0.00211125
759 0.687182 0.543517 0.00224067
760 0.687182 0.543977 0.00236719
761 0.687182 0.543277 0.00221842
762 0.687182 0.543656 0.00207534
763 0.687182 0.544374 0.00236077
764 0.687182 0.549009 0.00217322
765 0.687182 0.548951 0.00245663
766 0.687182 0.546758 0.00239585
767 0.687182 0.54351 0.00239426
768 0.687182 0.546241 0.0024192
769 0.687182 0.542559 0.00240042
770 0.687182 0.541548 0.00247664
771 0.687182 0.538422 0.00211835
772 0.687182 0.542466 0.00245817
773 0.687182 0.544125 0.00222917
774 0.687182 0.549609 0.00235143
775 0.687182 0.555536 0.00241279
776 0.687182 0.553122 0.00255253
777 0.687182 0.55124 0.00216335
778 0.687182 0.551972 0.00245034
779 0.687182 0.552255 0.0021667
780 0.687182 0.55345 0.00217644
781 0.687182 0.555235 0.00222929
782 0.687182 0.550401 0.00215506
783 0.687182 0.549453 0.00218162
784 0.687182 0.546258 0.00206031
785 0.687182 0.54446 0.00245594
786 0.687182 0.544956 0.00225098
787 0.687182 0.547442 0.00263383
788 0.687182 0.554112 0.00217361
789 0.687182 0.54582 0.00231776
790 0.687182 0.54614 0.00258452
791 0.687182 0.548262 0.00226415
792 0.687182 0.544758 0.00243263
793 0.687182 0.544198 0.00228132
794 0.687182 0.54671 0.00265504
795 0.687182 0.546367 0.00257645
796 0.687182 0.549413 0.00208302
797 0.687182 0.547805 0.00244751
798 0.687182 0.551129 0.00228022
799 0.687182 0.545447 0.0023855
800 0.687182 0.556899 0.00224377
801 0.687182 0.553053 0.00217339
802 0.687182 0.558501 0.00213206
803 0.687182 0.546133 0.00205815
804 0.687182 0.549053 0.00230819
805 0.687182 0.547093 0.00257156
806 0.687182 0.549416 0.00237107
807 0.687182 0.547679 0.00269197
808 0.687182 0.551082 0.00246369
809 0.687182 0.553409 0.00220965
810 0.687182 0.552962 0.0017539
811 0.687182 0.547577 0.00239263
812 0.687182 0.543486 0.00243389
813 0.687182 0.540786 0.00257966
814 0.687182 0.546443 0.00225697
815 0.687182 0.548568 0.0024293
816 0.687182 0.547027 0.00255612
817 0.687182 0.551705 0.00199423
818 0.687182 0.557535 0.00247038
819 0.687182 0.552106 0.0024201
820 0.687182 0.553106 0.00208769
821 0.687182 0.546146 0.00203828
822 0.687182 0.547787 0.00219563
823 0.687182 0.543953 0.00176805
824 0.687182 0.54829 0.00212919
825 0.687182 0.546186 0.00207642
826 0.687182 0.549146 0.00243816
827 0.687182 0.554343 0.00187012
828 0.687182 0.548762 0.00228328
829 0.687182 0.543478 0.00215975
830 0.687182 0.555091 0.00209274
831 0.687182 0.554196 0.0019635
832 0.687182 0.54437 0.00217904
833 0.687182 0.543293 0.00248179
834 0.687182 0.550103 0.0022861
835 0.687182 0.553769 0.00231829
836 0.687182 0.546156 0.00222212
837 0.687182 0.55304 0.00224369
838 0.687182 0.552583 0.00197158
839 0.687182 0.55759 0.00218896
840 0.687182 0.557742 0.00221537
841 0.687182 0.549492 0.00220963
842 0.687182 0.551442 0.00232683
843 0.687182 0.555832 0.00213139
844 0.687182 0.549346 0.00223892
845 0.687182 0.546821 0.00218022
846 0.687182 0.544428 0.00234129
847 0.687182 0.546689 0.00242356
848 0.687182 0.549086 0.0026121
849 0.687182 0.550651 0.00208725
850 0.687182 0.547527 0.00223081
851 0.687182 0.544669 0.00224861
852 0.687182 0.551105 0.00235066
853 0.687182 0.547203 0.00217639
854 0.687182 0.55288 0.00239509
855 0.687182 0.546456 0.00213758
856 0.687182 0.545903 0.00219837
857 0.687182 0.550006 0.00241078
858 0.687182 0.55399 0.00234369
859 0.687182 0.54989 0.00251267
860 0.687182 0.546835 0.00251991
861 0.687182 0.549755 0.00230013
862 0.687182 0.546853 0.00239973
863 0.687182 0.545979 0.00206399
864 0.687182 0.547383 0.00217957
865 0.687182 0.54462 0.00205784
866 0.687182 0.54578 0.00224526
867 0.687182 0.547575 0.00223363
868 0.687182 0.545881 0.00219675
869 0.687182 0.543477 0.00227616
870 0.687182 0.543767 0.00233434
871 0.687182 0.550536 0.00253994
872 0.687182 0.537812 0.0023329
873 0.687182 0.551113 0.00238262
874 0.687182 0.55216 0.00215775
875 0.687182 0.549686 0.00231722
876 0.687182 0.547212 0.00253456
877 0.687182 0.542987 0.00263841
878 0.687182 0.542614 0.00236745
879 0.687182 0.543716 0.0021649
880 0.687182 0.549058 0.00261589
881 0.687182 0.541969 0.00220642
882 0.687182 0.548926 0.00236726
883 0.687182 0.54753 0.00224207
884 0.687182 0.548655 0.00218514
885 0.687182 0.544739 0.00261569
886 0.687182 0.548399 0.00281733
887 0.687182 0.54239 0.00235838
888 0.687182 0.546417 0.00245413
889 0.687182 0.548185 0.00215413
890 0.687182 0.547814 0.00216472
891 0.687182 0.549428 0.00215039
892 0.687182 0.55294 0.00210305
893 0.687182 0.557024 0.00172815
894 0.687182 0.558393 0.0021519
895 0.687182 0.554509 0.00224312
896 0.687182 0.556312 0.00242049
897 0.687182 0.55145 0.00213339
898 0.687182 0.542446 0.00228154
899 0.687182 0.548038 0.00241967
900 0.687182 0.55111 0.00242625
901 0.687182 0.550218 0.00205101
902 0.687182 0.552284 0.00215279
903 0.687182 0.553159 0.00222111
904 0.687182 0.554312 0.00191821
905 0.687182 0.549479 0.00223275
906 0.687182 0.552528 0.00246798
907 0.687182 0.549813 0.00251915
908 0.687182 0.550479 0.00242199
909 0.687182 0.55779 0.00203757
910 0.687182 0.55861 0.00240711
911 0.687182 0.544616 0.00226026
912 0.687182 0.54594 0.00218606
913 0.687182 0.550568 0.00239441
914 0.687182 0.552915 0.00246577
915 0.687182 0.542149 0.00246816
916 0.687182 0.549273 0.00258761
917 0.687182 0.552087 0.00230915
918 0.687182 0.552524 0.00244786
919 0.687182 0.550245 0.00237343
920 0.687182 0.551725 0.00215333
921 0.687182 0.545212 0.00204743
922 0.687182 0.555113 0.0023515
923 0.687182 0.549772 0.0022414
924 0.687182 0.549502 0.00232319
925 0.687182 0.550151 0.00221773
926 0.687182 0.546232 0.0021026
927 0.687182 0.54792 0.0025121
928 0.693005 0.547812 0.0026859
929 0.693005 0.548165 0.00263392
930 0.693005 0.545347 0.00254741
931 0.693005 0.548968 0.00249388
932 0.693005 0.548439 0.00247355
933 0.693005 0.546791 0.00273932
934 0.693005 0.544146 0.00264839
935 0.693005 0.546259 0.00241686
936 0.693005 0.540788 0.00264162
937 0.693005 0.543343 0.00228199
938 0.693005 0.546098 0.00249916
939 0.693005 0.541742 0.00232017
940 0.693005 0.549441 0.00241284
941 0.693005 0.550329 0.00235745
942 0.693005 0.549332 0.00281192
943 0.693005 0.537848 0.00263585
944 0.693005 0.542129 0.00234888
945 0.693005 0.549065 0.00240578
946 0.693005 0.550835 0.00244184
947 0.693005 0.545831 0.00268102
948 0.693005 0.551284 0.00271331
949 0.693005 0.548203 0.00271816
950 0.693005 0.538886 0.00262571
951 0.693005 0.543428 0.00224163
952 0.693005 0.541613 0.00222323
953 0.693005 0.549495 0.00250766
954 0.693005 0.55555 0.00247568
955 0.693005 0.550769 0.00232161
956 0.693005 0.549765 0.00223793
957 0.693005 0.543741 0.00253881
958 0.693005 0.54444 0.00284736
959 0.693005 0.544745 0.00234073
960 0.693005 0.549108 0.00238769
961 0.693005 0.546211 0.00260933
962 0.693005 0.547548 0.00265477
963 0.693005 0.546149 0.00240218
964 0.693005 0.542046 0.0025432
965 0.693005 0.546845 0.00260294
966 0.693005 0.552588 0.00274746
967 0.693005 0.54509 0.00277974
968 0.693005 0.546166 0.00261307
969 0.693005 0.545209 0.00230913
970 0.693005 0.555035 0.00230543
971 0.693005 0.552753 0.00254231
972 0.693005 0.540425 0.00224053
973 0.693005 0.543249 0.00233789
974 0.693005 0.556057 0.00253557
975 0.693005 0.551367 0.00247041
976 0.693005 0.544535 0.00247617
977 0.693005 0.551424 0.00229553
978 0.693005 0.549406 0.00240167
979 0.693005 0.540997 0.00225069
980 0.693005 0.543639 0.00214355
981 0.693005 0.545238 0.00252158
982 0.693005 0.545331 0.002824
983 0.693005 0.550136 0.00250453
984 0.693005 0.549952 0.0024113
985 0.693005 0.545749 0.00249633
986 0.693005 0.543419 0.00257228
987 0.693005 0.546734 0.00249395
988 0.693005 0.545229 0.00243733
989 0.693005 0.548855 0.00240465
990 0.693005 0.553979 0.00240369
991 0.693005 0.546707 0.00266909
992 0.693005 0.550369 0.0024481
993 0.693005 0.554669 0.0027979
994 0.693005 0.545446 0.00241417
995 0.693005 0.545081 0.00209485
996 0.693005 0.546714 0.00230237
997 0.693005 0.548007 0.00229471
998 0.693005 0.542079 0.00231712
999 0.693005 0.543866 0.00264872
1000 0.693005 0.549078 0.00228664
1001 0.693005 0.540725 0.00232658
1002 0.693005 0.540951 0.00229699
1003 0.693005 0.543642 0.00250336
1004 0.693005 0.539163 0.00253744
1005 0.693005 0.551016 0.00267925
1006 0.693005 0.54659 0.00262652
1007 0.693005 0.539776 0.00296711
1008 0.693005 0.540877 0.00259126
1009 0.693005 0.547459 0.00263911
1010 0.693005 0.548565 0.00283581
1011 0.693005 0.551266 0.00248604
1012 0.693005 0.550856 0.00250493
1013 0.693005 0.553274 0.00258107
1014 0.693005 0.552745 0.00229359
1015 0.693005 0.546324 0.00222058
1016 0.693005 0.545131 0.00239447
1017 0.693005 0.553242 0.00239632
1018 0.693005 0.54592 0.00235347
1019 0.693005 0.549792 0.00261041
1020 0.693005 0.550837 0.00243544
1021 0.693005 0.545514 0.00275134
1022 0.693005 0.546123 0.00254947
1023 0.693005 0.550713 0.00259023
1024 0.693005 0.545733 0.00263101
1025 0.693005 0.555077 0.00255311
1026 0.693005 0.545996 0.0025961
1027 0.693005 0.543805 0.00248361
1028 0.693005 0.543618 0.00245929
1029 0.693005 0.543199 0.00242268
1030 0.693005 0.550256 0.00214134
1031 0.693005 0.543907 0.0023227
1032 0.693005 0.543083 0.00239629
1033 0.693005 0.548355 0.00231039
1034 0.693005 0.54546 0.00238208
1035 0.693005 0.546816 0.00238182
1036 0.693005 0.547429 0.00235529
1037 0.693005 0.547449 0.00275094
1038 0.693005 0.54356 0.00258076
1039 0.693005 0.547878 0.00289631
1040 0.693005 0.543218 0.00241597
1041 0.693005 0.554544 0.00241809
1042 0.693005 0.54344 0.00254279
1043 0.693005 0.546798 0.00251384
1044 0.693005 0.54085 0.00254321
1045 0.693005 0.545475 0.00259726
1046 0.693005 0.540676 0.00273527
1047 0.693005 0.543401 0.00211326
1048 0.693005 0.5469 0.00241492
1049 0.693005 0.553354 0.00241026
1050 0.693005 0.549625 0.00229315
1051 0.693005 0.547176 0.00256541
1052 0.693005 0.545847 0.00266524
1053 0.693005 0.545233 0.00266361
1054 0.693005 0.542929 0.00252806
1055 0.693005 0.542738 0.00259082
1056 0.693005 0.55142 0.0025165
1057 0.693005 0.54633 0.00232276
1058 0.693005 0.543437 0.00222994
1059 0.693005 0.548155 0.00248542
1060 0.693005 0.544136 0.00245912
1061 0.693005 0.547569 0.00265772
1062 0.693005 0.55004 0.00249099
1063 0.693005 0.54629 0.00256033
1064 0.693005 0.544165 0.00229812
1065 0.693005 0.546411 0.00232082
1066 0.693005 0.547106 0.00204774
1067 0.693005 0.540502 0.00255487
1068 0.693005 0.540628 0.0023365
1069 0.693005 0.542262 0.00219771
1070 0.693005 0.543656 0.00230402
1071 0.693005 0.532613 0.0022124
1072 0.693005 0.536044 0.00234476
1073 0.693005 0.54175 0.00224181
1074 0.693005 0.543698 0.00245785
1075 0.693005 0.543929 0.00248526
1076 0.693005 0.544746 0.00241184
1077 0.693005 0.548654 0.00272974
1078 0.693005 0.543684 0.00219414
1079 0.693005 0.545688 0.00258575
1080 0.693005 0.545771 0.00224267
1081 0.693005 0.539419 0.00261895
1082 0.693005 0.542932 0.00244014
1083 0.693005 0.545921 0.00232158
1084 0.693005 0.549814 0.0025142
1085 0.693005 0.547871 0.00238346
1086 0.693005 0.554459 0.00262637
1087 0.693005 0.547848 0.00239955
1088 0.693005 0.546655 0.00215226
1089 0.693005 0.5465 0.00235707
1090 0.693005 0.54048 0.00267863
1091 0.693005 0.545542 0.00252185
1092 0.693005 0.549852 0.00276776
1093 0.693005 0.550572 0.00217343
1094 0.693005 0.544693 0.00221244
1095 0.693005 0.549343 0.00233975
1096 0.693005 0.546275 0.00236224
1097 0.693005 0.54519 0.00236241
1098 0.693005 0.547293 0.00248102
1099 0.693005 0.546249 0.00248482
1100 0.693005 0.545858 0.00218326
1101 0.70054 0.556417 0.0030784
1102 0.70054 0.548576 0.00224368
1103 0.70054 0.549102 0.00243541
1104 0.70054 0.547879 0.00223663
1105 0.70054 0.551076 0.00251524
1106 0.70054 0.550433 0.00262593
1107 0.70054 0.547602 0.00292594
1108 0.70054 0.545808 0.00230781
1109 0.70054 0.550409 0.00272402
1110 0.70054 0.545727 0.00265397
1111 0.70054 0.548074 0.00260675
1112 0.70054 0.547689 0.00263549
1113 0.70054 0.536444 0.00271591
1114 0.70054 0.543709 0.00227838
1115 0.70054 0.545765 0.00217253
1116 0.70054 0.550206 0.00231348
1117 0.70054 0.548607 0.00279327
1118 0.70054 0.549315 0.00277258
1119 0.70054 0.542611 0.00242056
1120 0.70054 0.549034 0.00266064
1121 0.70054 0.545744 0.0022628
1122 0.70054 0.550129 0.00242358
1123 0.70054 0.548389 0.00265315
1124 0.70054 0.544691 0.00280089
1125 0.70054 0.544892 0.00267835
1126 0.70054 0.539666 0.0022931
1127 0.70054 0.546448 0.00253858
1128 0.70054 0.543717 0.00255254
1129 0.70054 0.545008 0.00273135
1130 0.70054 0.546978 0.002506
1131 0.70054 0.547447 0.00233698
1132 0.70054 0.544127 0.00249076
1133 0.70054 0.541784 0.00270101
1134 0.70054 0.538743 0.00267445
1135 0.70054 0.53778 0.00279619
1136 0.70054 0.538318 0.00261113
1137 0.70054 0.540054 0.00276111
1138 0.70054 0.538713 0.00254167
1139 0.70054 0.541292 0.00253619
1140 0.70054 0.538556 0.00231645
1141 0.70054 0.536943 0.00292795
1142 0.70054 0.545688 0.00253753
1143 0.70054 0.543747 0.0025069
1144 0.70054 0.542092 0.00254168
1145 0.70054 0.538598 0.0024783
1146 0.70054 0.543201 0.00252243
1147 0.70054 0.538956 0.00303052
1148 0.70054 0.541727 0.00256996
1149 0.70054 0.540407 0.00282517
1150 0.70054 0.548045 0.00263087
1151 0.70054 0.540173 0.00261677
1152 0.70054 0.537793 0.00260303
1153 0.70054 0.546287 0.00263248
1154 0.70054 0.547 0.00254237
1155 0.70054 0.545016 0.0027439
1156 0.70054 0.541146 0.00263091
1157 0.70054 0.54303 0.00279434
1158 0.70054 0.542971 0.00275017
1159 0.70054 0.542817 0.00255543
1160 0.70054 0.545004 0.00238814
1161 0.70054 0.547427 0.00240568
1162 0.70054 0.545839 0.00246018
1163 0.70054 0.546431 0.00259634
1164 0.70054 0.543401 0.00262013
1165 0.70054 0.54013 0.002182
1166 0.70054 0.54639 0.0023302
1167 0.70054 0.541457 0.00272047
1168 0.70054 0.542853 0.00235211
1169 0.70054 0.539688 0.00240147
1170 0.70054 0.539015 0.00288074
1171 0.70054 0.540002 0.00276256
1172 0.70054 0.540004 0.0023333
1173 0.70054 0.538232 0.00251433
1174 0.70054 0.539606 0.00261323
1175 0.70054 0.543315 0.00277811
1176 0.70054 0.545283 0.00285042
1177 0.70054 0.53575 0.00260886
1178 0.70054 0.545396 0.0024504
1179 0.70054 0.540842 0.00225371
1180 0.70054 0.541562 0.00240626
1181 0.70054 0.539778 0.0022706
1182 0.70054 0.540962 0.00257021
1183 0.70054 0.538955 0.00230019
1184 0.70054 0.544628 0.00236032
1185 0.70054 0.536858 0.00246608
1186 0.70054 0.536452 0.00274062
1187 0.70054 0.53512 0.00246169
1188 0.70054 0.537967 0.00270071
1189 0.70054 0.54452 0.00263156
1190 0.70054 0.543678 0.00264843
1191 0.70054 0.540832 0.0027664
1192 0.70054 0.541624 0.00250844
1193 0.70054 0.538497 0.00245768
1194 0.70054 0.544554 0.00263109
1195 0.70054 0.537924 0.00275474
1196 0.70054 0.535914 0.00262383
1197 0.70054 0.536722 0.00272459
1198 0.70054 0.545205 0.00255654
1199 0.70054 0.547769 0.00217858
1200 0.70054 0.540637 0.00257639
1201 0.70054 0.542366 0.0025883
1202 0.70054 0.536918 0.00229614
1203 0.70054 0.538162 0.00247344
1204 0.70054 0.546733 0.0023554
1205 0.70054 0.544902 0.00249736
1206 0.70054 0.54308 0.00242614
1207 0.70054 0.540063 0.0021372
1208 0.70054 0.547833 0.00241402
1209 0.70054 0.538876 0.00245818
1210 0.70054 0.543988 0.00276413
1211 0.70054 0.54206 0.0027552
1212 0.70054 0.540016 0.00260168
1213 0.70054 0.544861 0.00274159
1214 0.70054 0.547852 0.00270031
1215 0.70054 0.545081 0.00258206
1216 0.70054 0.541668 0.00225576
1217 0.70054 0.547468 0.0026207
1218 0.70054 0.547811 0.00252706
1219 0.70054 0.54555 0.00240687
1220 0.70054 0.54574 0.00259612
1221 0.70054 0.543163 0.00259174
1222 0.70054 0.542678 0.00243594
1223 0.70054 0.544306 0.00235146
1224 0.70054 0.545276 0.00253714
1225 0.70054 0.547041 0.00232015
1226 0.70054 0.541867 0.00242836
1227 0.70054 0.541441 0.00252952
1228 0.70054 0.541972 0.00256411
1229 0.70054 0.540348 0.00288986
1230 0.70054 0.538652 0.00273489
1231 0.70054 0.540079 0.00260724
1232 0.70054 0.53969 0.00256818
1233 0.70054 0.532515 0.00248928
1234 0.70054 0.531934 0.00256083
1235 0.70054 0.53609 0.00244887
1236 0.70054 0.532991 0.00254921
1237 0.70054 0.53645 0.00258749
1238 0.70054 0.536602 0.0027656
1239 0.70054 0.534577 0.00259712
1240 0.70054 0.537223 0.00236189
1241 0.70054 0.543098 0.00239506
1242 0.70054 0.542162 0.00228515
1243 0.70054 0.543101 0.00265538
1244 0.70054 0.541918 0.00256264
1245 0.70054 0.543351 0.00231237
1246 0.70054 0.541837 0.00242356
1247 0.70054 0.541011 0.0023714
1248 0.70054 0.53834 0.00263373
1249 0.70054 0.541713 0.00300884
1250 0.70054 0.537029 0.00220973
1251 0.70054 0.54615 0.0027687
1252 0.70054 0.548926 0.0026125
1253 0.70054 0.541732 0.00249574
1254 0.70054 0.541795 0.0021745
1255 0.70054 0.541674 0.00215437
1256 0.70054 0.543584 0.00222728
1257 0.70054 0.537081 0.00218788
1258 0.70054 0.542216 0.00271993
1259 0.70054 0.542144 0.0027778
1260 0.70054 0.539358 0.00257663
1261 0.70054 0.533712 0.00238195
1262 0.70054 0.537265 0.00247897
1263 0.70054 0.54468 0.00246058
1264 0.70054 0.543869 0.00243082
1265 0.70054 0.548559 0.00267347
1266 0.70054 0.544914 0.00273644
1267 0.70054 0.544969 0.00266031
1268 0.70054 0.541239 0.00259881
1269 0.70054 0.543638 0.00254467
1270 0.70054 0.535661 0.00254996
1271 0.70054 0.540864 0.00268907
1272 0.70054 0.539192 0.00240292
1273 0.70054 0.545203 0.00258725
1274 0.70054 0.531102 0.00218371
1275 0.70054 0.533942 0.00241645
1276 0.70054 0.536112 0.0022677
1277 0.70054 0.537584 0.00243257
1278 0.70054 0.542193 0.00234335
1279 0.70054 0.54342 0.00264335
1280 0.70054 0.541099 0.00213344
1281 0.70054 0.53938 0.00305135
1282 0.70054 0.541123 0.00233125
1283 0.70054 0.544484 0.00270087
1284 0.70054 0.540138 0.00252273
1285 0.70054 0.540746 0.00268372
1286 0.70054 0.537604 0.0024585
1287 0.70054 0.533263 0.00274361
1288 0.70054 0.537568 0.00248098
1289 0.70054 0.538262 0.00259307
1290 0.70054 0.541462 0.00240078
1291 0.70054 0.54304 0.00250812
1292 0.70054 0.541302 0.00311417
1293 0.70054 0.536396 0.00249111
1294 0.70054 0.535737 0.00247675
1295 0.70054 0.537955 0.00240562
1296 0.70054 0.539731 0.00232227
1297 0.70054 0.543335 0.00227976
1298 0.70054 0.546457 0.00242076
1299 0.70054 0.548423 0.00249018
1300 0.70054 0.544577 0.00265963
1301 0.70054 0.541857 0.00284868
1302 0.70054 0.540122 0.00234391
1303 0.70054 0.539354 0.00254337
1304 0.70054 0.540399 0.00237772
1305 0.70054 0.55109 0.0023586
1306 0.70054 0.545188 0.00215466
1307 0.70054 0.544501 0.00242632
1308 0.70054 0.537731 0.00219772
1309 0.70054 0.546506 0.00229951
1310 0.70054 0.534808 0.00248479
1311 0.70054 0.538154 0.00264448
1312 0.70054 0.5459 0.00242026
1313 0.70054 0.541793 0.00265184
1314 0.70054 0.544525 0.00252854
1315 0.70054 0.545462 0.00246982
1316 0.70054 0.546273 0.00260917
1317 0.70054 0.550033 0.0026783
1318 0.70054 0.546078 0.00263294
1319 0.70054 0.543586 0.00270198
1320 0.70054 0.541955 0.00260878
1321 0.70054 0.54335 0.00233296
1322 0.70054 0.54591 0.0022314
1323 0.70054 0.541161 0.00245504
1324 0.70054 0.539457 0.00209653
1325 0.70054 0.540823 0.00270635
1326 0.70054 0.538299 0.00242243
1327 0.70054 0.535121 0.00222088
1328 0.70054 0.539153 0.00253614
1329 0.70054 0.53681 0.00254249
1330 0.70054 0.537448 0.00231143
1331 0.70054 0.540311 0.00235582
1332 0.70054 0.541685 0.00267506
1333 0.70054 0.545622 0.0024131
1334 0.70054 0.541514 0.00233418
1335 0.70054 0.539837 0.00256383
1336 0.70054 0.53984 0.00275012
1337 0.70054 0.54073 0.00242418
1338 0.70054 0.538668 0.0025536
1339 0.70054 0.538374 0.00294854
1340 0.70054 0.540758 0.00265198
1341 0.70054 0.54329 0.0021903
1342 0.70054 0.538288 0.00267732
1343 0.70054 0.537788 0.00232819
1344 0.70054 0.539816 0.00261647
1345 0.70054 0.537153 0.00239923
1346 0.70054 0.541585 0.00270571
1347 0.70054 0.540254 0.00226771
1348 0.70054 0.539631 0.00263604
1349 0.70054 0.536317 0.00262582
1350 0.70054 0.539778 0.0024917
1351 0.70054 0.530084 0.00232571
1352 0.70054 0.535821 0.00280713
1353 0.70054 0.530416 0.00278012
1354 0.70054 0.537903 0.00221625
1355 0.70054 0.53478 0.00250287
1356 0.70054 0.537533 0.00244165
1357 0.70054 0.549638 0.00249274
1358 0.70054 0.541491 0.00266424
1359 0.70054 0.544828 0.00277524
1360 0.70054 0.544198 0.00251076
1361 0.70054 0.543049 0.00306513
1362 0.70054 0.537885 0.0025337
1363 0.70054 0.53727 0.00296213
1364 0.70054 0.543033 0.00263532
1365 0.70054 0.539287 0.00272613
1366 0.70054 0.544505 0.00264336
1367 0.70054 0.543198 0.00249983
1368 0.70054 0.543899 0.00253856
1369 0.70054 0.539402 0.00275021
1370 0.70054 0.544896 0.00241339
1371 0.70054 0.534985 0.00270129
1372 0.70054 0.54264 0.00252711
1373 0.70054 0.543595 0.00260821
1374 0.70054 0.54092 0.00273343
1375 0.70054 0.535849 0.00269508
1376 0.70054 0.540408 0.00242827
1377 0.70054 0.533968 0.00269149
1378 0.70054 0.532169 0.00265375
1379 0.70054 0.541845 0.00300079
1380 0.70054 0.53918 0.00265814
1381 0.70054 0.536818 0.00274195
1382 0.70054 0.536453 0.00278664
1383 0.70054 0.533738 0.00270193
1384 0.70054 0.536281 0.00263339
1385 0.70054 0.532577 0.00229748
1386 0.70054 0.535536 0.00256569
1387 0.70054 0.534986 0.00243827
1388 0.70054 0.530414 0.00240024
1389 0.70054 0.536995 0.00262469
1390 0.70054 0.534632 0.00267526
1391 0.70054 0.537053 0.00262084
1392 0.70054 0.541588 0.00278345
1393 0.70054 0.540119 0.00279915
1394 0.70054 0.540664 0.002513
1395 0.70054 0.535385 0.00264516
1396 0.70054 0.541617 0.00257137
1397 0.70054 0.534902 0.00298113
1398 0.70054 0.541943 0.00254301
1399 0.70054 0.543795 0.00267462
1400 0.70054 0.546782 0.00268108
1401 0.70054 0.545907 0.00281272
1402 0.70054 0.543451 0.00286838
1403 0.70054 0.542095 0.00229699
1404 0.70054 0.550197 0.00285062
1405 0.70054 0.542319 0.0025065
1406 0.70054 0.54091 0.00258528
1407 0.70054 0.534749 0.0027722
1408 0.70054 0.537234 0.00267626
1409 0.70054 0.534759 0.00258856
1410 0.70054 0.546048 0.00277545
1411 0.70054 0.54237 0.00274736
1412 0.70054 0.548973 0.00278877
1413 0.70054 0.548826 0.00249378
1414 0.70054 0.542352 0.00281608
1415 0.70054 0.54346 0.00283477
1416 0.70054 0.543179 0.0023984
1417 0.70054 0.537201 0.00295401
1418 0.70054 0.535705 0.00303762
1419 0.70054 0.532439 0.00250137
1420 0.70054 0.532614 0.00261053
1421 0.70054 0.536092 0.00236263
1422 0.70054 0.530183 0.00264222
1423 0.70054 0.532332 0.00268109
1424 0.70054 0.537865 0.00233821
1425 0.70054 0.539721 0.00268543
1426 0.70054 0.536737 0.00245378
1427 0.70054 0.536184 0.00249478
1428 0.70054 0.535319 0.00268356
1429 0.70054 0.538986 0.00236904
1430 0.70054 0.541201 0.00262287
1431 0.70054 0.536771 0.00255987
1432 0.70054 0.532524 0.00235461
1433 0.70054 0.53364 0.00252508
1434 0.70054 0.538219 0.00264658
1435 0.70054 0.533714 0.00277047
1436 0.70054 0.532222 0.00231941
1437 0.70054 0.533979 0.00231266
1438 0.70054 0.535243 0.00267789
1439 0.70054 0.537311 0.00284358
1440 0.70054 0.5348 0.00252241
1441 0.70054 0.533437 0.00270452
1442 0.70054 0.542735 0.00256146
1443 0.70054 0.541833 0.00294427
1444 0.70054 0.540913 0.00262706
1445 0.70054 0.539985 0.00256112
1446 0.70054 0.53927 0.00267263
1447 0.70054 0.533969 0.00255764
1448 0.70054 0.534961 0.00237684
1449 0.70054 0.538114 0.00254314
1450 0.70054 0.534442 0.00251359
1451 0.70054 0.535827 0.00256142
1452 0.70054 0.541408 0.00301579
1453 0.70054 0.539488 0.00252291
1454 0.70054 0.539317 0.00282238
1455 0.70054 0.538459 0.00278659
1456 0.70054 0.531442 0.00275024
1457 0.70054 0.545919 0.0028284
1458 0.70054 0.538079 0.00283392
1459 0.70054 0.538389 0.00281375
1460 0.70054 0.539836 0.00286866
1461 0.70054 0.545224 0.00258952
1462 0.70054 0.541543 0.00255515
1463 0.70054 0.547294 0.00256058
1464 0.70054 0.541795 0.00251815
1465 0.70054 0.540236 0.00243437
1466 0.70054 0.541228 0.00274239
1467 0.70054 0.538148 0.00265013
1468 0.70054 0.54819 0.00262216
1469 0.70054 0.538637 0.00286022
1470 0.70054 0.545988 0.00279553
1471 0.70054 0.542383 0.00263356
1472 0.70054 0.543946 0.00218493
1473 0.70054 0.542706 0.00299281
1474 0.70054 0.546426 0.00256274
1475 0.70054 0.539831 0.00247834
1476 0.70054 0.55071 0.00261274
1477 0.70054 0.539588 0.00253522
1478 0.70054 0.537317 0.00254318
1479 0.70054 0.543755 0.00261587
1480 0.70054 0.542489 0.00283488
1481 0.70054 0.545871 0.00291336
1482 0.70054 0.544936 0.00274164
1483 0.70054 0.541838 0.00231956
1484 0.70054 0.545509 0.0028584
1485 0.70054 0.544576 0.0025181
1486 0.70054 0.545934 0.00262287
1487 0.70054 0.543269 0.0022936
1488 0.70054 0.543371 0.00250551
1489 0.70054 0.551019 0.00269477
1490 0.70054 0.547294 0.00242623
1491 0.70054 0.546925 0.0027983
1492 0.70054 0.548779 0.00281515
1493 0.70054 0.543149 0.00273836
1494 0.70054 0.545173 0.0028284
1495 0.70054 0.537453 0.00299734
1496 0.70054 0.540358 0.00328942
1497 0.70054 0.540199 0.00287783
1498 0.70054 0.545121 0.00280866
1499 0.70054 0.541334 0.00265878
1500 0.70054 0.543598 0.00294821
1501 0.70054 0.544362 0.0029295
1502 0.70054 0.542498 0.00254495
1503 0.70054 0.547196 0.0027677
1504 0.70054 0.544677 0.00260127
1505 0.70054 0.548731 0.00228686
1506 0.70054 0.550943 0.00260375
1507 0.70054 0.543154 0.00251885
1508 0.70054 0.543516 0.00265876
1509 0.70054 0.542467 0.00265812
1510 0.70054 0.542149 0.00260026
1511 0.70054 0.543759 0.00251369
1512 0.70054 0.543487 0.00252135
1513 0.70054 0.542761 0.00255589
1514 0.70054 0.537319 0.00276466
1515 0.70054 0.542559 0.00292876
1516 0.70054 0.537706 0.00242196
1517 0.70054 0.536742 0.00245229
1518 0.70054 0.544333 0.00284486
1519 0.70054 0.540038 0.00276369
1520 0.70054 0.532257 0.00263291
1521 0.70054 0.54344 0.00250641
1522 0.70054 0.541685 0.00305958
1523 0.70054 0.539993 0.00271379
1524 0.70054 0.548641 0.00252994
1525 0.70054 0.546724 0.00303822
1526 0.70054 0.543093 0.00237582
1527 0.70054 0.540918 0.00245745
1528 0.70054 0.545172 0.00281553
1529 0.70054 0.543937 0.00248304
1530 0.70054 0.540413 0.00262756
1531 0.70054 0.542478 0.00273424
1532 0.70054 0.541943 0.00247291
1533 0.70054 0.545916 0.00276865
1534 0.70054 0.550948 0.00282457
1535 0.70054 0.54259 0.00293169
1536 0.70054 0.546385 0.00239088
1537 0.70054 0.541489 0.00247238
1538 0.70054 0.54739 0.00255592
1539 0.70054 0.540659 0.00244219
1540 0.70054 0.540538 0.00272543
1541 0.70054 0.541 0.00272098
1542 0.70054 0.544566 0.00325688
1543 0.70054 0.538923 0.00254296
1544 0.70054 0.540416 0.00278518
1545 0.70054 0.539418 0.00275855
1546 0.70054 0.543692 0.0025641
1547 0.70054 0.549284 0.00278702
1548 0.70054 0.553385 0.00275352
1549 0.70054 0.550728 0.00299308
1550 0.70054 0.553004 0.00263541
1551 0.70054 0.547992 0.00264087
1552 0.70054 0.543813 0.00269839
1553 0.70054 0.542006 0.00264076
1554 0.70054 0.541879 0.00252641
1555 0.70054 0.545855 0.00254414
1556 0.70054 0.548825 0.00259227
1557 0.70054 0.534691 0.00290101
1558 0.70054 0.542027 0.00262512
1559 0.70054 0.547684 0.00230229
1560 0.70054 0.542607 0.0026135
1561 0.70054 0.544206 0.00286624
1562 0.70054 0.537124 0.0026232
1563 0.70054 0.547061 0.00285184
1564 0.70054 0.543937 0.00282542
1565 0.70054 0.544355 0.00271362
1566 0.70054 0.530246 0.00271396
1567 0.70054 0.540709 0.00260739
1568 0.70054 0.539353 0.00285535
1569 0.70054 0.536273 0.00277709
1570 0.70054 0.538514 0.00279806
1571 0.70054 0.53479 0.0026361
1572 0.70054 0.538117 0.00244993
1573 0.70054 0.543319 0.00290883
1574 0.70054 0.542796 0.00243291
1575 0.70054 0.545364 0.002506
1576 0.70054 0.54068 0.0026094
1577 0.70054 0.543513 0.00292494
1578 0.70054 0.546442 0.00278103
1579 0.70054 0.546554 0.00236607
1580 0.70054 0.545644 0.00261294
1581 0.70054 0.536907 0.00257659
1582 0.70054 0.541573 0.00267993
1583 0.70054 0.541154 0.00257393
1584 0.70054 0.542405 0.00297304
1585 0.70054 0.540074 0.0024597
1586 0.70054 0.544986 0.00245691
1587 0.70054 0.540974 0.00242413
1588 0.70054 0.541316 0.00239673
1589 0.70054 0.547263 0.00280938
1590 0.70054 0.54251 0.0026865
1591 0.70054 0.543281 0.00254914
1592 0.70054 0.547601 0.0027364
1593 0.70054 0.549564 0.0025427
1594 0.70054 0.546759 0.00268188
1595 0.70054 0.551956 0.00285393
1596 0.70054 0.543782 0.002605
1597 0.70054 0.543854 0.00230795
1598 0.70054 0.547729 0.00243706
1599 0.70054 0.547011 0.00257963
1600 0.70054 0.546853 0.00246325
1601 0.70054 0.550678 0.00237176
1602 0.70054 0.54701 0.00260283
1603 0.70054 0.551392 0.00252452
1604 0.70054 0.541908 0.00253115
1605 0.70054 0.54871 0.00277617
1606 0.70054 0.547249 0.00281193
1607 0.70054 0.541057 0.00245079
1608 0.70054 0.543342 0.00288331
1609 0.70054 0.53399 0.00236006
1610 0.70054 0.545197 0.00275206
1611 0.70054 0.540107 0.00261854
1612 0.70054 0.535883 0.00257287
1613 0.70054 0.546886 0.00309189
1614 0.70054 0.54493 0.00250935
1615 0.70054 0.544569 0.0027365
1616 0.70054 0.542763 0.0026964
1617 0.70054 0.542515 0.00277436
1618 0.70054 0.543104 0.00289878
1619 0.70054 0.537343 0.00255734
1620 0.70054 0.542285 0.00267759
1621 0.70054 0.540602 0.00279594
1622 0.70054 0.537563 0.00256182
1623 0.70054 0.539351 0.0025881
1624 0.70054 0.543683 0.00267413
1625 0.70054 0.54241 0.00245521
1626 0.70054 0.548787 0.0028584
1627 0.70054 0.55057 0.00289002
1628 0.70054 0.544568 0.00278538
1629 0.70054 0.545643 0.00298795
1630 0.70054 0.54494 0.00327761
1631 0.70054 0.54955 0.00248963
1632 0.70054 0.536229 0.00254847
1633 0.70054 0.54758 0.00259688
1634 0.70054 0.541409 0.00272455
1635 0.70054 0.540988 0.00307199
1636 0.70054 0.54358 0.00270445
1637 0.70054 0.538135 0.00268891
1638 0.70054 0.540436 0.00247894
1639 0.70054 0.539943 0.00275778
1640 0.70054 0.543996 0.00305128
1641 0.70054 0.536674 0.0026012
1642 0.70054 0.533978 0.00266797
1643 0.70054 0.533806 0.00248195
1644 0.70054 0.53883 0.00344101
1645 0.70054 0.541831 0.00281394
1646 0.70054 0.542271 0.00245749
1647 0.70054 0.541663 0.00289999
1648 0.70054 0.538827 0.00251169
1649 0.70054 0.552108 0.00250578
1650 0.70054 0.548337 0.00248826
1651 0.70054 0.540147 0.00243477
1652 0.70054 0.546147 0.00267964
1653 0.70054 0.543153 0.00262978
1654 0.70054 0.537163 0.00245324
1655 0.70054 0.540168 0.00289228
1656 0.70054 0.547312 0.00260406
1657 0.70054 0.541028 0.00279755
1658 0.70054 0.540796 0.00253475
1659 0.70054 0.545369 0.00274199
1660 0.70054 0.543289 0.00249822
1661 0.70054 0.541267 0.00262047
1662 0.70054 0.541144 0.00259774
1663 0.70054 0.539982 0.00234187
1664 0.70054 0.539368 0.0025466
1665 0.70054 0.544559 0.00263954
1666 0.70054 0.548508 0.00246442
1667 0.70054 0.542528 0.0030701
1668 0.70054 0.546748 0.00278312
1669 0.70054 0.543685 0.00282194
1670 0.70054 0.539079 0.00269211
1671 0.70054 0.544423 0.00263801
1672 0.70054 0.532755 0.0025012
1673 0.70054 0.541141 0.00281913
1674 0.70054 0.546605 0.00250934
1675 0.70054 0.546971 0.00270386
1676 0.70054 0.545096 0.00255425
1677 0.70054 0.541993 0.0030944
1678 0.70054 0.543482 0.00282574
1679 0.70054 0.541504 0.0025065
1680 0.70054 0.543297 0.0026411
1681 0.70054 0.543686 0.00256783
1682 0.70054 0.542265 0.00271069
1683 0.70054 0.543569 0.00263244
1684 0.70054 0.542821 0.00253765
1685 0.70054 0.541015 0.00278664
1686 0.70054 0.541284 0.0025289
1687 0.70054 0.538566 0.00288133
1688 0.70054 0.542826 0.00266906
1689 0.70054 0.541944 0.00273314
1690 0.70054 0.53938 0.00263257
1691 0.70054 0.544333 0.00307369
1692 0.70054 0.541814 0.00285332
1693 0.70054 0.541833 0.00296367
1694 0.70054 0.541503 0.00297445
1695 0.70054 0.54198 0.00234091
1696 0.70054 0.546881 0.00247875
1697 0.70054 0.540346 0.00261999
1698 0.70054 0.539187 0.00273847
1699 0.70054 0.539229 0.00213641
1700 0.70054 0.535897 0.00265149
1701 0.70054 0.540138 0.0025675
1702 0.70054 0.537895 0.00257747
1703 0.70054 0.54362 0.0028147
1704 0.70054 0.541787 0.00247257
1705 0.70054 0.544594 0.00257672
1706 0.70054 0.543454 0.0029211
1707 0.70054 0.54876 0.00295679
1708 0.70054 0.542329 0.00251862
1709 0.70054 0.538544 0.00254746
1710 0.70054 0.539466 0.00250868
1711 0.70054 0.53858 0.00272365
1712 0.70054 0.532432 0.00230419
1713 0.70054 0.534775 0.00262107
1714 0.70054 0.540124 0.00283293
1715 0.70054 0.538235 0.00258113
1716 0.70054 0.540516 0.00312735
1717 0.70054 0.540684 0.00286928
1718 0.70054 0.538283 0.00285839
1719 0.70054 0.542014 0.00272796
1720 0.70054 0.541938 0.00332296
1721 0.70054 0.542951 0.00277107
1722 0.70054 0.544383 0.00324651
1723 0.70054 0.546371 0.00269044
1724 0.70054 0.53715 0.00309206
1725 0.70054 0.539381 0.00293237
1726 0.70054 0.539251 0.00292232
1727 0.70054 0.534183 0.00281011
1728 0.70054 0.540283 0.00255221
1729 0.70054 0.542014 0.00276321
1730 0.70054 0.541458 0.00289015
1731 0.70054 0.53761 0.00238154
1732 0.70054 0.539643 0.00291882
1733 0.70054 0.536152 0.00279136
1734 0.70054 0.534974 0.0030772
1735 0.70054 0.5352 0.00273336
1736 0.70054 0.541664 0.00278663
1737 0.70054 0.539463 0.0025129
1738 0.70054 0.540397 0.00298605
1739 0.70054 0.540008 0.00258945
1740 0.70054 0.535364 0.00257486
1741 0.70054 0.543443 0.00245626
1742 0.70054 0.53909 0.00273404
1743 0.70054 0.543281 0.00254152
1744 0.70054 0.540921 0.00288136
1745 0.70054 0.544996 0.00273796
1746 0.70054 0.547336 0.00288873
1747 0.70054 0.545919 0.00273683
1748 0.70054 0.543762 0.00277009
1749 0.70054 0.55004 0.00297457
1750 0.70054 0.546656 0.0026821
1751 0.70054 0.544114 0.00267154
1752 0.70054 0.542746 0.00286782
1753 0.70054 0.539886 0.00289427
1754 0.70054 0.543888 0.00322966
1755 0.70054 0.54455 0.00278147
1756 0.70054 0.543531 0.0028581
1757 0.70054 0.540061 0.00279979
1758 0.70054 0.542364 0.00260941
1759 0.70054 0.536785 0.00251503
1760 0.70054 0.535199 0.00263214
1761 0.70054 0.538581 0.00268716
1762 0.70054 0.54282 0.0027107
1763 0.70054 0.532915 0.00247773
1764 0.70054 0.545693 0.00280241
1765 0.70054 0.547938 0.00254062
1766 0.70054 0.537734 0.00273878
1767 0.70054 0.540575 0.00295355
1768 0.70054 0.542603 0.00247791
1769 0.70054 0.545128 0.00247748
1770 0.70054 0.545182 0.00277578
1771 0.70054 0.54623 0.00292536
1772 0.70054 0.549421 0.00289213
1773 0.70054 0.545213 0.0027577
1774 0.70054 0.543807 0.00265926
1775 0.70054 0.549296 0.00272244
1776 0.70054 0.545447 0.00265502
1777 0.70054 0.544688 0.00234058
1778 0.70054 0.54598 0.00265376
1779 0.70054 0.539866 0.00243323
1780 0.70054 0.548115 0.0024137
1781 0.70054 0.552803 0.00278462
1782 0.70054 0.544602 0.00251222
1783 0.70054 0.538734 0.00271204
1784 0.70054 0.546398 0.00248816
1785 0.70054 0.541727 0.00257084
1786 0.70054 0.549667 0.00271758
1787 0.70054 0.551193 0.00231342
1788 0.70054 0.551201 0.00227952
1789 0.70054 0.546357 0.00275209
1790 0.70054 0.552987 0.00265344
1791 0.70054 0.546137 0.00258265
1792 0.70054 0.544565 0.00202492
1793 0.70054 0.547785 0.00283161
1794 0.70054 0.545137 0.00222868
1795 0.70054 0.553764 0.00214554
1796 0.70054 0.548608 0.00241779
1797 0.70054 0.548363 0.00254158
1798 0.70054 0.551175 0.00250514
1799 0.70054 0.549933 0.00261024
1800 0.70054 0.546574 0.00247514
1801 0.70054 0.553677 0.00282771
1802 0.70054 0.548202 0.00251483
1803 0.70054 0.548231 0.00314263
1804 0.70054 0.5521 0.00299765
1805 0.70054 0.554125 0.00251242
1806 0.70054 0.552656 0.00276215
1807 0.70054 0.548358 0.00272164
1808 0.70054 0.55281 0.00236712
1809 0.70054 0.552067 0.00246064
1810 0.70054 0.553869 0.00246527
1811 0.70054 0.547105 0.00222977
1812 0.70054 0.546995 0.00296696
1813 0.70054 0.54498 0.00295482
1814 0.70054 0.544372 0.00279128
1815 0.70054 0.546537 0.00255206
1816 0.70054 0.551729 0.00266783
1817 0.70054 0.539483 0.00240353
1818 0.70054 0.542504 0.00255252
1819 0.70054 0.541993 0.00294131
1820 0.70054 0.541869 0.00287574
1821 0.70054 0.537447 0.00260851
1822 0.70054 0.537867 0.00272309
1823 0.70054 0.538458 0.00303208
1824 0.70054 0.541427 0.00304496
1825 0.70054 0.533997 0.0028015
1826 0.70054 0.545847 0.00275295
1827 0.70054 0.545599 0.00268261
1828 0.70054 0.536698 0.00264132
1829 0.70054 0.535351 0.00252989
1830 0.70054 0.538954 0.00241838
1831 0.70054 0.547387 0.00267584
1832 0.70054 0.53974 0.00266111
1833 0.70054 0.539718 0.00237921
1834 0.70054 0.535098 0.0025369
1835 0.70054 0.533201 0.0026745
1836 0.70054 0.535459 0.00251591
1837 0.70054 0.536765 0.00251541
1838 0.70054 0.538909 0.00261287
1839 0.70054 0.540017 0.00262406
1840 0.70054 0.539493 0.00264837
1841 0.70054 0.538456 0.0029714
1842 0.70054 0.542021 0.00273313
1843 0.70054 0.542541 0.00247757
1844 0.70054 0.545225 0.00240014
1845 0.70054 0.541568 0.00250116
1846 0.70054 0.540984 0.00281716
1847 0.70054 0.545773 0.00266634
1848 0.70054 0.540635 0.0026182
1849 0.70054 0.541037 0.0024225
1850 0.70054 0.534137 0.00243736
1851 0.70054 0.536941 0.002594
1852 0.70054 0.542664 0.00276608
1853 0.70054 0.540397 0.00270416
1854 0.70054 0.5421 0.00243657
1855 0.70054 0.545874 0.00302744
1856 0.70054 0.546507 0.00273651
1857 0.70054 0.543636 0.00251481
1858 0.70054 0.542682 0.00257885
1859 0.70054 0.545454 0.00248341
1860 0.70054 0.541666 0.00251718
1861 0.70054 0.543414 0.0024324
1862 0.70054 0.537241 0.00249817
1863 0.70054 0.544304 0.00250291
1864 0.70054 0.551293 0.00265004
1865 0.70054 0.550872 0.00238664
1866 0.70054 0.543655 0.002779
1867 0.70054 0.542093 0.00236635
1868 0.70054 0.541834 0.00281687
1869 0.70054 0.543407 0.00245514
1870 0.70054 0.540726 0.00251663
1871 0.70054 0.549166 0.00261267
1872 0.70054 0.546847 0.00231526
1873 0.70054 0.543248 0.00258628
1874 0.70054 0.547528 0.00244194
1875 0.70054 0.547572 0.00277258
1876 0.70054 0.550916 0.0025174
1877 0.70054 0.549499 0.00230116
1878 0.70054 0.550677 0.00242362
1879 0.70054 0.547017 0.00235498
1880 0.70054 0.549298 0.0026154
1881 0.70054 0.550171 0.0024627
1882 0.70054 0.544302 0.00261449
1883 0.70054 0.549873 0.00266356
1884 0.70054 0.544887 0.00259462
1885 0.70054 0.542625 0.00255416
1886 0.70054 0.540441 0.00247447
1887 0.70054 0.546515 0.0026514
1888 0.70054 0.5431 0.00253308
1889 0.70054 0.538671 0.00246113
1890 0.70054 0.543168 0.00238947
1891 0.70054 0.541842 0.00269365
1892 0.70054 0.542386 0.0028674
1893 0.70054 0.545428 0.00260978
1894 0.70054 0.542987 0.00246892
1895 0.70054 0.542176 0.00241846
1896 0.70054 0.54389 0.0026061
1897 0.70054 0.545072 0.00264171
1898 0.70054 0.542519 0.00266595
1899 0.70054 0.540713 0.00279415
1900 0.70054 0.544511 0.002579
1901 0.70054 0.546824 0.00271945
1902 0.70054 0.539202 0.00266779
1903 0.70054 0.545402 0.00257154
1904 0.70054 0.540629 0.00256356
1905 0.70054 0.544361 0.00242472
1906 0.70054 0.544705 0.00231893
1907 0.70054 0.545631 0.00244928
1908 0.70054 0.541589 0.00281092
1909 0.70054 0.545685 0.00245111
1910 0.70054 0.552898 0.00262203
1911 0.70054 0.546629 0.00253796
1912 0.70054 0.550485 0.00246883
1913 0.70054 0.551042 0.00249832
1914 0.70054 0.55032 0.0029356
1915 0.70054 0.546736 0.00263405
1916 0.70054 0.546481 0.00280266
1917 0.70054 0.54791 0.00273315
1918 0.70054 0.552271 0.00275548
1919 0.70054 0.549854 0.00245767
1920 0.70054 0.545556 0.00276402
1921 0.70054 0.54528 0.00273448
1922 0.70054 0.546567 0.00261638
1923 0.70054 0.542682 0.00287563
1924 0.70054 0.541508 0.00257811
1925 0.70054 0.543641 0.00248111
1926 0.70054 0.547787 0.00308422
1927 0.70054 0.544222 0.00286289
1928 0.70054 0.544638 0.00263672
1929 0.70054 0.546372 0.00279105
1930 0.70054 0.540778 0.00277115
1931 0.70054 0.541377 0.00225524
1932 0.70054 0.541635 0.00274462
1933 0.70054 0.54657 0.00249027
1934 0.70054 0.546022 0.00283343
1935 0.70054 0.551335 0.0026028
1936 0.70054 0.550084 0.00251453
1937 0.70054 0.54793 0.00256524
1938 0.70054 0.542505 0.00263468
1939 0.70054 0.541893 0.00270005
1940 0.70054 0.548366 0.00251918
1941 0.70054 0.546541 0.00281201
1942 0.70054 0.54312 0.00255822
1943 0.70054 0.54579 0.00244558
1944 0.70054 0.537818 0.0023989
1945 0.70054 0.54639 0.00285553
1946 0.70054 0.53974 0.00264181
1947 0.70054 0.543298 0.00298642
1948 0.70054 0.54126 0.00261459
1949 0.70054 0.539485 0.00304658
1950 0.70054 0.541028 0.0028805
1951 0.70054 0.538829 0.00254747
1952 0.70054 0.528356 0.00269107
1953 0.70054 0.54078 0.00295612
1954 0.70054 0.545744 0.00295986
1955 0.70054 0.538059 0.002819
1956 0.70054 0.540446 0.00274197
1957 0.70054 0.542559 0.00253556
1958 0.70054 0.539248 0.00266199
1959 0.70054 0.548311 0.00254642
1960 0.70054 0.546516 0.00255269
1961 0.70054 0.540008 0.00232728
1962 0.70054 0.54677 0.00266215
1963 0.70054 0.544126 0.00273102
1964 0.70054 0.537632 0.00250392
1965 0.70054 0.542547 0.00227172
1966 0.70054 0.543028 0.00255681
1967 0.70054 0.542515 0.00248174
1968 0.70054 0.542684 0.00238743
1969 0.70054 0.545442 0.00245171
1970 0.70054 0.540875 0.00258605
1971 0.70054 0.540851 0.00254122
1972 0.70054 0.548065 0.00279763
1973 0.70054 0.538994 0.00263444
1974 0.70054 0.537308 0.00274266
1975 0.70054 0.542674 0.00254396
1976 0.70054 0.545504 0.00254016
1977 0.70054 0.541698 0.00223415
1978 0.70054 0.545286 0.00251251
1979 0.70054 0.541833 0.00247637
1980 0.70054 0.543475 0.00256682
1981 0.70054 0.543691 0.0022403
1982 0.70054 0.541349 0.00256256
1983 0.70054 0.539044 0.00270622
1984 0.70054 0.539474 0.00248914
1985 0.70054 0.545151 0.00236734
1986 0.70054 0.543593 0.00276824
1987 0.70054 0.541764 0.00252837
1988 0.70054 0.54389 0.0027505
1989 0.70054 0.54293 0.00250379
1990 0.70054 0.54486 0.00259172
1991 0.70054 0.534241 0.00296421
1992 0.70054 0.537355 0.0025052
1993 0.70054 0.541147 0.00292516
1994 0.70054 0.539684 0.00285281
1995 0.70054 0.540702 0.00275184
1996 0.70054 0.537411 0.0026511
1997 0.70054 0.533888 0.00258748
1998 0.70054 0.538448 0.00262287
1999 0.70054 0.543933 0.00261661
2000 0.70054 0.543739 0.00258228
