0 0.542565 0.498957 0.000156512
1 0.542565 0.499937 0.000276661
2 0.558586 0.500797 0.000194312
3 0.574309 0.499985 0.000295577
4 0.582064 0.500936 0.000372582
5 0.582064 0.501347 0.000291397
6 0.582064 0.499686 0.000472952
7 0.582064 0.501766 0.000338801
8 0.582064 0.502194 0.000275162
9 0.582064 0.500956 0.00026384
10 0.582064 0.500193 0.00037882
11 0.582064 0.501897 0.000359302
12 0.582064 0.500979 0.000427088
13 0.582064 0.502274 0.000399801
14 0.60998 0.502186 0.000492505
15 0.60998 0.502672 0.000494275
16 0.60998 0.503483 0.000448594
17 0.60998 0.503016 0.000352469
18 0.60998 0.502328 0.000522812
19 0.60998 0.504023 0.000372633
20 0.60998 0.505709 0.000508714
21 0.60998 0.503798 0.000422309
22 0.60998 0.502997 0.000406105
23 0.60998 0.502322 0.000420701
24 0.60998 0.501874 0.00044993
25 0.60998 0.503218 0.000412355
26 0.60998 0.503024 0.000488695
27 0.60998 0.504126 0.00051977
28 0.60998 0.503155 0.000491377
29 0.60998 0.503442 0.000504404
30 0.611226 0.5047 0.000627578
31 0.611226 0.502209 0.000567625
32 0.611226 0.503565 0.000565382
33 0.611226 0.504296 0.000576703
34 0.611226 0.506384 0.000748854
35 0.611226 0.50433 0.000577022
36 0.611226 0.506854 0.000580051
37 0.611226 0.504887 0.00069286
38 0.611226 0.508049 0.000613235
39 0.611226 0.504003 0.00061572
40 0.611226 0.50661 0.000667926
41 0.611226 0.505193 0.000508746
42 0.611226 0.505879 0.000619984
43 0.611226 0.50302 0.000668134
44 0.611226 0.505101 0.000545524
45 0.611226 0.502799 0.00065078
46 0.611226 0.503152 0.000625846
47 0.611226 0.503898 0.000558456
48 0.611226 0.504062 0.000649949
49 0.611226 0.507287 0.000640207
50 0.611226 0.504556 0.000478779
51 0.611226 0.507062 0.000615316
52 0.611226 0.504933 0.000560943
53 0.611226 0.506514 0.000677655
54 0.611226 0.504915 0.000623427
55 0.611226 0.505274 0.000630716
56 0.611226 0.50467 0.000596474
57 0.611226 0.506706 0.000533977
58 0.611226 0.506078 0.000706535
59 0.611226 0.506931 0.000636084
60 0.611226 0.503763 0.000730918
61 0.611226 0.505146 0.000633553
62 0.611226 0.505991 0.000559548
63 0.611226 0.504038 0.000599459
64 0.611226 0.505061 0.000700739
65 0.611226 0.505791 0.000492706
66 0.611226 0.507318 0.000553581
67 0.611226 0.504326 0.000624485
68 0.611226 0.50429 0.00065495
69 0.611226 0.505913 0.000577211
70 0.611226 0.505474 0.00054396
71 0.611226 0.506552 0.000609016
72 0.611226 0.505345 0.000652706
73 0.611226 0.505432 0.000637839
74 0.611226 0.505331 0.000653171
75 0.611226 0.507643 0.000808013
76 0.611226 0.505349 0.000617239
77 0.611226 0.505591 0.000570485
78 0.611226 0.507264 0.000675748
79 0.611226 0.507591 0.000736775
80 0.611226 0.504952 0.000592
81 0.611226 0.505615 0.000533233
82 0.611226 0.503585 0.000698887
83 0.611226 0.506303 0.000594881
84 0.611226 0.50483 0.000559993
85 0.611226 0.505138 0.000626572
86 0.611226 0.506101 0.000563745
87 0.611226 0.504014 0.000723477
88 0.611226 0.50489 0.000630241
89 0.611226 0.505366 0.000689999
90 0.611226 0.504652 0.00065595
91 0.611226 0.504906 0.00053453
92 0.611226 0.50631 0.000537965
93 0.611226 0.504605 0.000613111
94 0.611226 0.506739 0.000578449
95 0.611226 0.503255 0.000591337
96 0.611226 0.504203 0.00049139
97 0.611226 0.504567 0.00055227
98 0.611226 0.503678 0.000539294
99 0.611226 0.504147 0.000578654
100 0.611226 0.505303 0.000522092
101 0.611226 0.50479 0.000510863
102 0.611226 0.506648 0.000579264
103 0.611226 0.50501 0.000541805
104 0.611226 0.50521 0.000480601
105 0.611226 0.504078 0.000600385
106 0.611226 0.506632 0.000532716
107 0.611226 0.504959 0.00060931
108 0.611226 0.505363 0.000596082
109 0.611226 0.504846 0.000580885
110 0.611226 0.503575 0.000612901
111 0.611226 0.507599 0.000667896
112 0.611226 0.508935 0.000692872
113 0.611226 0.511394 0.000717367
114 0.611226 0.508685 0.000609866
115 0.611226 0.50848 0.00061573
116 0.611226 0.511117 0.000673369
117 0.611226 0.507762 0.000584099
118 0.611226 0.50548 0.000569306
119 0.611226 0.506767 0.00061668
120 0.611226 0.507901 0.000659319
121 0.611226 0.505022 0.000554023
122 0.611226 0.506784 0.000533737
123 0.611226 0.507354 0.000684003
124 0.611226 0.503656 0.000575649
125 0.611226 0.507205 0.000563817
126 0.611226 0.506544 0.000616325
127 0.611226 0.507202 0.000617293
128 0.611226 0.507849 0.000740187
129 0.611226 0.505215 0.000641654
130 0.611226 0.509202 0.00065202
131 0.611226 0.507111 0.000706294
132 0.611226 0.513088 0.00086178
133 0.611226 0.507651 0.000784217
134 0.611226 0.50844 0.000699881
135 0.611226 0.509484 0.000726938
136 0.611226 0.509352 0.00075672
137 0.611226 0.507616 0.000749502
138 0.611226 0.507645 0.000632968
139 0.611226 0.506849 0.000626628
140 0.611226 0.509616 0.000813496
141 0.611226 0.508905 0.000645317
142 0.611226 0.509552 0.00068749
143 0.611226 0.507251 0.00071814
144 0.611226 0.50644 0.000735379
145 0.611226 0.507509 0.000815331
146 0.611226 0.507633 0.000794493
147 0.611226 0.508249 0.000539228
148 0.611226 0.506172 0.000567198
149 0.611226 0.507164 0.000664615
150 0.611226 0.508779 0.000721883
151 0.611226 0.512042 0.000767212
152 0.611226 0.514003 0.000813217
153 0.611226 0.509689 0.000792669
154 0.611226 0.506814 0.000776544
155 0.611226 0.512609 0.000735533
156 0.611226 0.509147 0.000744046
157 0.611226 0.508367 0.000806659
158 0.611226 0.50995 0.000825978
159 0.611226 0.509016 0.000736089
160 0.611226 0.513897 0.00086371
161 0.611226 0.50658 0.000768371
162 0.611226 0.510581 0.000660768
163 0.611226 0.509016 0.000765603
164 0.611226 0.509188 0.000847766
165 0.611226 0.510623 0.000836361
166 0.611226 0.506588 0.000734048
167 0.623977 0.510712 0.000906531
168 0.623977 0.510388 0.000937443
169 0.623977 0.511196 0.000735038
170 0.623977 0.513287 0.000681401
171 0.623977 0.513809 0.000932277
172 0.623977 0.509482 0.000761975
173 0.623977 0.512196 0.000987302
174 0.623977 0.510042 0.000874745
175 0.623977 0.511569 0.000915472
176 0.623977 0.511483 0.00087023
177 0.623977 0.508551 0.000821592
178 0.623977 0.51346 0.000876645
179 0.623977 0.510876 0.00092204
180 0.623977 0.505795 0.000810032
181 0.623977 0.507826 0.00101465
182 0.623977 0.508548 0.00111911
183 0.623977 0.508564 0.000999341
184 0.623977 0.508728 0.000975676
185 0.623977 0.510798 0.000977767
186 0.623977 0.511795 0.000838569
187 0.623977 0.511588 0.000815552
188 0.623977 0.508456 0.00109021
189 0.623977 0.508019 0.000949881
190 0.623977 0.50961 0.00109973
191 0.623977 0.508922 0.000947766
192 0.623977 0.511611 0.000767379
193 0.623977 0.51211 0.000821226
194 0.623977 0.511726 0.000899529
195 0.623977 0.509181 0.00106682
196 0.623977 0.510202 0.00101321
197 0.623977 0.50937 0.000835583
198 0.623977 0.511328 0.000889264
199 0.623977 0.505724 0.000795415
200 0.623977 0.510222 0.000826532
201 0.623977 0.513653 0.000945053
202 0.623977 0.509897 0.000917375
203 0.623977 0.509952 0.000891954
204 0.623977 0.509796 0.000882124
205 0.623977 0.508484 0.000878475
206 0.623977 0.513242 0.000794071
207 0.623977 0.508796 0.00103293
208 0.623977 0.510752 0.000717513
209 0.623977 0.513552 0.000832889
210 0.623977 0.511865 0.000745943
211 0.623977 0.513189 0.000861022
212 0.623977 0.513194 0.000876165
213 0.623977 0.507312 0.000793806
214 0.623977 0.508175 0.000790609
215 0.623977 0.512569 0.000784928
216 0.623977 0.512615 0.00080578
217 0.623977 0.511453 0.000912538
218 0.623977 0.508763 0.000992814
219 0.623977 0.509156 0.000975919
220 0.623977 0.513938 0.000832096
221 0.623977 0.513789 0.000986219
222 0.623977 0.510961 0.000975765
223 0.623977 0.50861 0.000913896
224 0.623977 0.512377 0.000897623
225 0.623977 0.509025 0.000859864
226 0.623977 0.510328 0.000880371
227 0.623977 0.510196 0.000811875
228 0.623977 0.511545 0.00085566
229 0.623977 0.508552 0.000856086
230 0.623977 0.510237 0.000942226
231 0.623977 0.512685 0.000767304
232 0.623977 0.506322 0.000960629
233 0.623977 0.510668 0.00103163
234 0.623977 0.509652 0.000778264
235 0.623977 0.508765 0.00080962
236 0.623977 0.507974 0.000921931
237 0.623977 0.508197 0.000921345
238 0.623977 0.512433 0.00100057
239 0.623977 0.510998 0.000872424
240 0.623977 0.50999 0.000796244
241 0.623977 0.50796 0.000832821
242 0.623977 0.506108 0.000786324
243 0.623977 0.508028 0.000870197
244 0.623977 0.50937 0.000902097
245 0.623977 0.508544 0.000902394
246 0.623977 0.512386 0.00085468
247 0.623977 0.508101 0.000884493
248 0.623977 0.510331 0.00087036
249 0.623977 0.510311 0.000786619
250 0.623977 0.508123 0.000880809
251 0.623977 0.509369 0.000926651
252 0.623977 0.508329 0.000827538
253 0.623977 0.509821 0.00101034
254 0.623977 0.51303 0.000698511
255 0.623977 0.511018 0.00090139
256 0.623977 0.509163 0.000896901
257 0.623977 0.509374 0.000979755
258 0.623977 0.509161 0.000956938
259 0.623977 0.510893 0.000923765
260 0.623977 0.507957 0.000978039
261 0.623977 0.510488 0.00116882
262 0.623977 0.510139 0.000876809
263 0.623977 0.513854 0.000983615
264 0.623977 0.512878 0.000929265
265 0.623977 0.507982 0.000830607
266 0.623977 0.510406 0.00083951
267 0.623977 0.51023 0.000877439
268 0.623977 0.509472 0.000987246
269 0.623977 0.512669 0.000959298
270 0.623977 0.511011 0.000983841
271 0.623977 0.511039 0.000976059
272 0.623977 0.510951 0.000983525
273 0.623977 0.511999 0.00108622
274 0.623977 0.510843 0.000805848
275 0.623977 0.514928 0.00112511
276 0.623977 0.514605 0.00113408
277 0.623977 0.513253 0.00114701
278 0.623977 0.509828 0.00107288
279 0.623977 0.509119 0.000991982
280 0.623977 0.511513 0.00104307
281 0.623977 0.514467 0.00112773
282 0.623977 0.512061 0.00107215
283 0.623977 0.512882 0.000957155
284 0.623977 0.513791 0.000937524
285 0.623977 0.516361 0.000927361
286 0.623977 0.511181 0.00105156
287 0.623977 0.511223 0.00102682
288 0.623977 0.514458 0.00088343
289 0.623977 0.515737 0.000909683
290 0.623977 0.510462 0.00114676
291 0.623977 0.509852 0.000957372
292 0.623977 0.51396 0.00099191
293 0.623977 0.513997 0.000993751
294 0.623977 0.509764 0.000993294
295 0.623977 0.512299 0.000959663
296 0.623977 0.513649 0.00114582
297 0.623977 0.511088 0.000915438
298 0.623977 0.510968 0.000952303
299 0.623977 0.512615 0.00108476
300 0.623977 0.5088 0.00106444
301 0.623977 0.509897 0.000973058
302 0.623977 0.513164 0.000849301
303 0.623977 0.511318 0.00121138
304 0.623977 0.509868 0.000792921
305 0.623977 0.510186 0.000840053
306 0.623977 0.513288 0.000992862
307 0.623977 0.510208 0.000880244
308 0.623977 0.513092 0.000925696
309 0.623977 0.510947 0.000878344
310 0.623977 0.50919 0.000939928
311 0.623977 0.510598 0.00103762
312 0.623977 0.509786 0.00101105
313 0.623977 0.508499 0.000905015
314 0.623977 0.512818 0.00104916
315 0.623977 0.511204 0.000935889
316 0.623977 0.510632 0.000912888
317 0.623977 0.51331 0.000891541
318 0.623977 0.514673 0.000974573
319 0.623977 0.51177 0.000896397
320 0.623977 0.508732 0.000950337
321 0.623977 0.509776 0.00095658
322 0.623977 0.508955 0.00088799
323 0.623977 0.51068 0.00080635
324 0.623977 0.511611 0.000840199
325 0.623977 0.510077 0.000806828
326 0.625025 0.515835 0.00107135
327 0.625025 0.510642 0.00094604
328 0.625025 0.513996 0.000986159
329 0.625025 0.511935 0.000939125
330 0.625025 0.512058 0.000995635
331 0.625025 0.514292 0.00101886
332 0.625025 0.512326 0.000876982
333 0.625025 0.513855 0.00105985
334 0.625025 0.509476 0.000971378
335 0.625025 0.512372 0.00100506
336 0.625025 0.513891 0.000870876
337 0.625025 0.508368 0.00100123
338 0.625025 0.512323 0.0011538
339 0.625025 0.514024 0.000918966
340 0.625025 0.512206 0.000903366
341 0.625025 0.511176 0.000944361
342 0.625025 0.511242 0.000942303
343 0.625025 0.50954 0.00101719
344 0.625025 0.510805 0.000965602
345 0.625025 0.508952 0.000966598
346 0.625025 0.50906 0.000919464
347 0.625025 0.50922 0.000804873
348 0.625025 0.513796 0.000879735
349 0.625025 0.517981 0.00101465
350 0.625025 0.511349 0.00115258
351 0.625025 0.512427 0.000889479
352 0.625025 0.51379 0.000958442
353 0.625025 0.509601 0.000960984
354 0.625025 0.510725 0.000965572
355 0.625025 0.513091 0.000904896
356 0.625025 0.511443 0.00101493
357 0.625025 0.510161 0.000932962
358 0.625025 0.513829 0.000896731
359 0.625025 0.5146 0.00117064
360 0.625025 0.509875 0.00100506
361 0.625025 0.513404 0.000942974
362 0.625025 0.512358 0.00110169
363 0.625025 0.510991 0.00107277
364 0.625025 0.505649 0.000858759
365 0.625025 0.512502 0.000878805
366 0.625025 0.514458 0.000843735
367 0.625025 0.512429 0.000827218
368 0.625025 0.51427 0.00100316
369 0.625025 0.513621 0.000925445
370 0.625025 0.510978 0.000896345
371 0.625025 0.510454 0.0011707
372 0.625025 0.513271 0.00106677
373 0.625025 0.514835 0.00101528
374 0.625025 0.514491 0.000964718
375 0.625025 0.511229 0.000939485
376 0.625025 0.509435 0.000926038
377 0.625025 0.512693 0.000922946
378 0.625025 0.512207 0.00115873
379 0.625025 0.512168 0.000923254
380 0.625025 0.513862 0.000944116
381 0.625025 0.514109 0.00120309
382 0.625025 0.517092 0.00104474
383 0.626917 0.516754 0.00124954
384 0.636712 0.514533 0.0012704
385 0.636712 0.518561 0.00104978
386 0.636712 0.517457 0.00112291
387 0.636712 0.519881 0.00112916
388 0.636712 0.514553 0.000982301
389 0.636712 0.514378 0.0012361
390 0.636712 0.51879 0.00114531
391 0.636712 0.518288 0.00125611
392 0.636712 0.516788 0.00102853
393 0.636712 0.514156 0.00103901
394 0.636712 0.513543 0.00118343
395 0.636712 0.517982 0.00121432
396 0.636712 0.51832 0.0012292
397 0.636712 0.514223 0.00124901
398 0.636712 0.514001 0.00123241
399 0.636712 0.514548 0.00135206
400 0.636712 0.516721 0.00131386
401 0.636712 0.515275 0.000987035
402 0.636712 0.51193 0.00121778
403 0.636712 0.514307 0.00114408
404 0.636712 0.515524 0.00120674
405 0.636712 0.513655 0.00131779
406 0.636712 0.516687 0.00121802
407 0.636712 0.514824 0.00116812
408 0.636712 0.517084 0.00112516
409 0.636712 0.517359 0.00120263
410 0.636712 0.512457 0.00111591
411 0.636712 0.515131 0.00127281
412 0.636712 0.517206 0.00109824
413 0.636712 0.516746 0.00115646
414 0.636712 0.515706 0.00108309
415 0.636712 0.51453 0.00106042
416 0.636712 0.517299 0.00127683
417 0.636712 0.516627 0.00108868
418 0.636712 0.516231 0.00116155
419 0.636712 0.513446 0.00133655
420 0.636712 0.512793 0.00118073
421 0.636712 0.513706 0.00107804
422 0.636712 0.513611 0.00101887
423 0.636712 0.51878 0.00133799
424 0.636712 0.515289 0.00118802
425 0.636712 0.518057 0.00122256
426 0.636712 0.515198 0.00146593
427 0.636712 0.520762 0.00110203
428 0.636712 0.516455 0.00111828
429 0.636712 0.518265 0.00122572
430 0.636712 0.514609 0.00110828
431 0.636712 0.516317 0.00116409
432 0.636712 0.519007 0.00134042
433 0.636712 0.517342 0.00144481
434 0.636712 0.52038 0.00108614
435 0.636712 0.521856 0.00132507
436 0.636712 0.519306 0.00128007
437 0.636712 0.516419 0.00116336
438 0.636712 0.515474 0.00112654
439 0.636712 0.521166 0.00145565
440 0.636712 0.517177 0.00130367
441 0.636712 0.520955 0.00122761
442 0.636712 0.521317 0.00116186
443 0.636712 0.51943 0.00131731
444 0.636712 0.515975 0.00122176
445 0.636712 0.514842 0.00115547
446 0.636712 0.514532 0.00128596
447 0.636712 0.520773 0.0013394
448 0.636712 0.519485 0.00138425
449 0.636712 0.514789 0.00131274
450 0.636712 0.513137 0.00131196
451 0.636712 0.511988 0.00130921
452 0.636712 0.517991 0.0012853
453 0.636712 0.518564 0.00114862
454 0.636712 0.517716 0.000872874
455 0.636712 0.520652 0.0014894
456 0.636712 0.513832 0.00120834
457 0.636712 0.519546 0.00127685
458 0.636712 0.516746 0.00132329
459 0.636712 0.516072 0.00154664
460 0.638555 0.518796 0.00149191
461 0.638555 0.518424 0.00151947
462 0.638555 0.519201 0.0011121
463 0.638555 0.5206 0.001453
464 0.638555 0.517993 0.00117453
465 0.638555 0.516359 0.00137834
466 0.638555 0.516784 0.00124516
467 0.638555 0.520681 0.00117681
468 0.638555 0.519952 0.00110399
469 0.638555 0.51639 0.0011973
470 0.638555 0.520064 0.00117042
471 0.638555 0.517228 0.00122299
472 0.638555 0.517744 0.00117436
473 0.638555 0.514195 0.00120433
474 0.638555 0.518673 0.00143376
475 0.638555 0.518977 0.00135144
476 0.638555 0.520248 0.00112564
477 0.638555 0.518055 0.00121876
478 0.638555 0.517927 0.00124586
479 0.638555 0.519029 0.00115903
480 0.638555 0.515326 0.00115162
481 0.638555 0.515837 0.00113235
482 0.638555 0.520812 0.00115011
483 0.638555 0.519426 0.00136408
484 0.638555 0.517427 0.00118462
485 0.638555 0.520723 0.00145031
486 0.638555 0.520193 0.00115279
487 0.638555 0.51657 0.00122631
488 0.638555 0.515417 0.0012788
489 0.638555 0.515485 0.00164499
490 0.638555 0.515996 0.00155164
491 0.638555 0.515938 0.00123063
492 0.643481 0.518498 0.00131042
493 0.643481 0.519915 0.00123715
494 0.643481 0.525204 0.00139359
495 0.643481 0.521496 0.00130602
496 0.643481 0.521291 0.0014453
497 0.643481 0.522592 0.00128199
498 0.643481 0.516932 0.00150468
499 0.643481 0.51791 0.00148627
500 0.643481 0.515316 0.00130839
501 0.643481 0.514055 0.00108489
502 0.643481 0.519585 0.00158949
503 0.643481 0.520804 0.00155884
504 0.643481 0.517147 0.00125281
505 0.643481 0.515351 0.0012231
506 0.643481 0.514903 0.00157884
507 0.643481 0.516787 0.00169708
508 0.643481 0.514333 0.00138995
509 0.643481 0.518668 0.00118169
510 0.643481 0.519863 0.00132465
511 0.651636 0.520136 0.00135016
512 0.651636 0.519031 0.00160057
513 0.655544 0.520283 0.00178313
514 0.655544 0.523804 0.00153636
515 0.655544 0.521483 0.0014334
516 0.655544 0.520223 0.00124219
517 0.655544 0.520665 0.00139228
518 0.655544 0.520273 0.0014393
519 0.655544 0.516707 0.00137971
520 0.655544 0.518888 0.00158609
521 0.655544 0.518604 0.00134265
522 0.655544 0.516157 0.00173629
523 0.655544 0.521992 0.00171476
524 0.655544 0.522739 0.00142176
525 0.655544 0.527387 0.00159358
526 0.655544 0.522214 0.00161429
527 0.655544 0.518618 0.00150483
528 0.655544 0.517687 0.00146939
529 0.658508 0.519411 0.00159588
530 0.658508 0.524054 0.00171313
531 0.658508 0.520453 0.00148581
532 0.658508 0.515762 0.00148446
533 0.658508 0.522748 0.00131809
534 0.658508 0.519904 0.00147778
535 0.658508 0.519243 0.00141277
536 0.658508 0.516407 0.00171545
537 0.658508 0.518614 0.00162196
538 0.658508 0.521747 0.00175308
539 0.658508 0.524706 0.00167608
540 0.658508 0.522982 0.0015123
541 0.658508 0.518023 0.00146889
542 0.658508 0.51894 0.00163526
543 0.658508 0.516543 0.00160681
544 0.658508 0.517555 0.00163949
545 0.658508 0.524526 0.0015432
546 0.658508 0.521436 0.00142944
547 0.658508 0.523805 0.0015279
548 0.658508 0.519415 0.00151148
549 0.658508 0.518768 0.00146843
550 0.658508 0.517081 0.00164104
551 0.658508 0.518675 0.00172695
552 0.658508 0.520466 0.00132655
553 0.658508 0.520494 0.00159889
554 0.658508 0.518131 0.00137829
555 0.658508 0.516977 0.00161624
556 0.658508 0.520051 0.00133664
557 0.658508 0.523107 0.00161266
558 0.658508 0.518994 0.00156696
559 0.658508 0.52242 0.00149445
560 0.658508 0.521055 0.00190737
561 0.658508 0.520156 0.00199253
562 0.658508 0.520789 0.0016665
563 0.658508 0.51778 0.00153644
564 0.658508 0.515636 0.00187844
565 0.658508 0.517334 0.00160838
566 0.658508 0.518931 0.0016943
567 0.658508 0.519723 0.0017575
568 0.658508 0.518885 0.00141462
569 0.658508 0.523561 0.00199019
570 0.658508 0.520585 0.00160519
571 0.658508 0.521722 0.00147943
572 0.658508 0.522377 0.00162537
573 0.658508 0.520056 0.00195896
574 0.658508 0.517803 0.00149921
575 0.658508 0.52111 0.00156778
576 0.658508 0.522249 0.00155916
577 0.658508 0.527285 0.0017994
578 0.658508 0.522801 0.00152764
579 0.658508 0.52335 0.00139968
580 0.658508 0.525655 0.0014542
581 0.658508 0.520959 0.00169171
582 0.658508 0.525814 0.00154207
583 0.658508 0.522408 0.00171076
584 0.658508 0.52546 0.00175741
585 0.658508 0.519159 0.0015814
586 0.658508 0.520969 0.00141889
587 0.658508 0.521598 0.00167458
588 0.658508 0.523508 0.00148425
589 0.658508 0.519287 0.00147483
590 0.658508 0.519458 0.00150484
591 0.658508 0.521595 0.00168116
592 0.658508 0.524925 0.00161536
593 0.658508 0.521132 0.00141317
594 0.658508 0.523199 0.00130966
595 0.658508 0.525053 0.00142855
596 0.658508 0.522309 0.00155199
597 0.658508 0.525612 0.00168135
598 0.658508 0.518732 0.0015169
599 0.658508 0.515592 0.001385
600 0.658508 0.520306 0.00132528
601 0.658508 0.520791 0.00134607
602 0.658508 0.517324 0.00130754
603 0.658508 0.519018 0.00149162
604 0.658508 0.520158 0.00134463
605 0.658508 0.521954 0.00148535
606 0.658508 0.517472 0.00132587
607 0.658508 0.517652 0.00140164
608 0.658508 0.51629 0.00137174
609 0.658508 0.518059 0.00164048
610 0.658508 0.518948 0.0013587
611 0.658508 0.520199 0.00156327
612 0.658508 0.522428 0.00139251
613 0.658508 0.517149 0.00146034
614 0.658508 0.515347 0.00126766
615 0.658508 0.515906 0.00131147
616 0.658508 0.517646 0.00138191
617 0.658508 0.519556 0.00150435
618 0.658508 0.517411 0.00125787
619 0.658508 0.520835 0.00142681
620 0.658508 0.522831 0.00125443
621 0.658508 0.51974 0.00140504
622 0.658508 0.518167 0.00141422
623 0.658508 0.52032 0.00160654
624 0.658508 0.518149 0.001709
625 0.658508 0.521004 0.00133881
626 0.658508 0.524057 0.00157742
627 0.658508 0.519323 0.00163111
628 0.658508 0.520032 0.00169222
629 0.658508 0.521619 0.0015631
630 0.658508 0.518921 0.00165597
631 0.658508 0.519234 0.0016252
632 0.658508 0.520158 0.0013981
633 0.658508 0.516525 0.00159396
634 0.658508 0.519493 0.0014994
635 0.658508 0.519558 0.00155836
636 0.658508 0.52231 0.00192025
637 0.658508 0.52076 0.00151063
638 0.658508 0.519747 0.00176139
639 0.658508 0.518182 0.00156479
640 0.658508 0.526352 0.00166373
641 0.658508 0.520225 0.00167749
642 0.658508 0.521845 0.00133559
643 0.658508 0.516605 0.00122298
644 0.658508 0.519242 0.00160837
645 0.658508 0.517692 0.00126836
646 0.658508 0.525372 0.00150506
647 0.658508 0.519667 0.00161364
648 0.658508 0.522362 0.00138704
649 0.658508 0.516069 0.00146956
650 0.658508 0.517863 0.00171039
651 0.658508 0.524524 0.00166981
652 0.658508 0.521367 0.00159851
653 0.658508 0.51976 0.00141665
654 0.658508 0.522422 0.00155555
655 0.658508 0.515991 0.00151284
656 0.658508 0.518338 0.00141502
657 0.658508 0.518971 0.00138648
658 0.658508 0.519339 0.00156394
659 0.658508 0.522477 0.00154565
660 0.658508 0.517754 0.00139733
661 0.658508 0.520829 0.00180323
662 0.658508 0.520173 0.00147616
663 0.658508 0.521203 0.00174616
664 0.658508 0.525477 0.00171006
665 0.658508 0.523765 0.00157553
666 0.658508 0.518472 0.00149349
667 0.658508 0.521876 0.00166442
668 0.658508 0.524546 0.00160363
669 0.658508 0.523303 0.00164128
670 0.658508 0.522347 0.00167993
671 0.658508 0.517264 0.00127475
672 0.658508 0.525615 0.00158704
673 0.658508 0.516859 0.00140755
674 0.658508 0.519872 0.00153646
675 0.658508 0.518138 0.00148889
676 0.658508 0.517437 0.00152007
677 0.658508 0.519862 0.00143272
678 0.658508 0.519063 0.00150942
679 0.658508 0.520282 0.00142099
680 0.659498 0.523655 0.00165403
681 0.659498 0.522789 0.00173754
682 0.659498 0.519553 0.00186861
683 0.659498 0.522093 0.00175078
684 0.659498 0.523443 0.001411
685 0.659498 0.523581 0.00173628
686 0.659498 0.526367 0.00203577
687 0.659498 0.519769 0.00172446
688 0.659498 0.527614 0.00203367
689 0.659498 0.52424 0.00199733
690 0.659498 0.523544 0.00166022
691 0.659498 0.525845 0.00154373
692 0.659498 0.520815 0.00160451
693 0.659498 0.521156 0.00160398
694 0.659498 0.517681 0.00144185
695 0.659498 0.51671 0.00135968
696 0.659498 0.524568 0.00170934
697 0.659498 0.517506 0.00168616
698 0.659498 0.51938 0.00152049
699 0.659498 0.521375 0.0014855
700 0.659498 0.525439 0.00183387
701 0.659498 0.520376 0.00146767
702 0.659498 0.522766 0.00159366
703 0.659498 0.52008 0.00151619
704 0.659498 0.518439 0.00166309
705 0.659498 0.520009 0.00179312
706 0.659498 0.525745 0.00183616
707 0.659498 0.52112 0.00153344
708 0.659498 0.518615 0.00146365
709 0.659498 0.522573 0.00155861
710 0.659498 0.522501 0.00140284
711 0.659498 0.52426 0.00154518
712 0.659498 0.523143 0.00157555
713 0.659498 0.523447 0.00153229
714 0.659498 0.521996 0.00136203
715 0.659498 0.525295 0.00151119
716 0.659498 0.526013 0.00163593
717 0.659498 0.524452 0.00163421
718 0.659498 0.518516 0.00161739
719 0.659498 0.520925 0.00154013
720 0.659498 0.516765 0.00149827
721 0.659498 0.52357 0.00148383
722 0.659498 0.519533 0.00157113
723 0.659498 0.516932 0.00180849
724 0.659498 0.516547 0.00156853
725 0.659498 0.52325 0.0017368
726 0.659498 0.518815 0.00183009
727 0.659498 0.524683 0.00166624
728 0.659498 0.517165 0.0017327
729 0.659498 0.517273 0.00155066
730 0.659498 0.516636 0.00141016
731 0.659498 0.518952 0.00145707
732 0.659498 0.517636 0.00145672
733 0.659498 0.518123 0.00154279
734 0.659498 0.526358 0.00175564
735 0.659498 0.526467 0.00172448
736 0.659498 0.527843 0.00182958
737 0.659498 0.525224 0.00169421
738 0.659498 0.524814 0.00150805
739 0.659498 0.524853 0.00175269
740 0.659498 0.521039 0.00171488
741 0.659498 0.519854 0.00162983
742 0.659498 0.526451 0.00181682
743 0.659498 0.522593 0.00202025
744 0.659498 0.521492 0.0018336
745 0.659498 0.521303 0.00162824
746 0.659498 0.521709 0.00136538
747 0.659498 0.519113 0.00193886
748 0.659498 0.521879 0.00150143
749 0.659498 0.519273 0.00146102
750 0.659498 0.517329 0.00149703
751 0.659498 0.520821 0.00159439
752 0.659498 0.516142 0.00147557
753 0.659498 0.521829 0.00170837
754 0.66039 0.519554 0.00159427
755 0.66039 0.517061 0.00153153
756 0.66039 0.516418 0.00157196
757 0.66039 0.518566 0.00150937
758 0.66039 0.523116 0.0017382
759 0.66039 0.521352 0.00177702
760 0.66039 0.516068 0.00163841
761 0.66039 0.520276 0.00165666
762 0.66039 0.519586 0.00163568
763 0.66039 0.517176 0.00155309
764 0.66039 0.521531 0.00165282
765 0.66039 0.521955 0.00195355
766 0.66039 0.521035 0.00163205
767 0.66039 0.515872 0.00180385
768 0.66039 0.517906 0.00201681
769 0.66039 0.522614 0.00140709
770 0.66039 0.517544 0.00181159
771 0.66039 0.513364 0.00153626
772 0.66039 0.517992 0.00172615
773 0.66039 0.522162 0.00172767
774 0.667681 0.52166 0.00159428
775 0.667681 0.516489 0.00147082
776 0.667681 0.516904 0.00169454
777 0.667681 0.519115 0.00138589
778 0.667681 0.521953 0.00175525
779 0.667681 0.515821 0.00165233
780 0.667681 0.51522 0.00151402
781 0.667681 0.51851 0.00171549
782 0.667681 0.514462 0.00176169
783 0.667681 0.520928 0.00181755
784 0.667681 0.517021 0.00158904
785 0.667681 0.518227 0.00171076
786 0.667681 0.519331 0.00178269
787 0.667681 0.517059 0.00150208
788 0.667681 0.519219 0.00161924
789 0.667681 0.520687 0.00164244
790 0.667681 0.518531 0.00159927
791 0.667681 0.515295 0.00158803
792 0.667681 0.520156 0.00183327
793 0.667681 0.520724 0.00188007
794 0.667681 0.52174 0.00183781
795 0.667681 0.522168 0.00188533
796 0.667681 0.521631 0.00182114
797 0.667681 0.52113 0.0016716
798 0.667681 0.525453 0.00161455
799 0.667681 0.521792 0.00158982
800 0.667681 0.522145 0.00160554
801 0.667681 0.518994 0.00155064
802 0.678654 0.522092 0.00177868
803 0.678654 0.5225 0.00158584
804 0.678654 0.519789 0.00213185
805 0.678654 0.51945 0.00201463
806 0.678654 0.518196 0.00206812
807 0.678654 0.521719 0.00158251
808 0.678654 0.521254 0.00159298
809 0.678654 0.520281 0.00173263
810 0.678654 0.519712 0.00153575
811 0.678654 0.51879 0.0015491
812 0.678654 0.521113 0.00170161
813 0.678654 0.520559 0.00191716
814 0.678654 0.519371 0.00178008
815 0.678654 0.518065 0.00132898
816 0.678654 0.517682 0.00157807
817 0.678654 0.523131 0.00192139
818 0.678654 0.519675 0.00182233
819 0.678654 0.514763 0.00169515
820 0.678654 0.517142 0.00183417
821 0.678654 0.517595 0.00192999
822 0.678654 0.516291 0.00175329
823 0.678654 0.513749 0.0017317
824 0.678654 0.520328 0.00187016
825 0.678654 0.519663 0.0017602
826 0.678654 0.517914 0.00163392
827 0.678654 0.51941 0.00153024
828 0.678654 0.521448 0.00195132
829 0.678654 0.512484 0.00182773
830 0.678654 0.517311 0.00175168
831 0.678654 0.517785 0.00166256
832 0.678654 0.515785 0.00171559
833 0.678654 0.521464 0.00202202
834 0.678654 0.520464 0.00164448
835 0.678654 0.520852 0.00148457
836 0.678654 0.520509 0.00158973
837 0.678654 0.520258 0.00185392
838 0.678654 0.521694 0.00167596
839 0.678654 0.523593 0.00193218
840 0.678654 0.525208 0.00168021
841 0.678654 0.517181 0.00200464
842 0.678654 0.520262 0.00171605
843 0.678654 0.523978 0.0020107
844 0.678654 0.519524 0.00189808
845 0.678654 0.517795 0.00170137
846 0.678654 0.520432 0.00229501
847 0.678654 0.520357 0.0016232
848 0.678654 0.519101 0.00175156
849 0.678654 0.518558 0.00161625
850 0.678654 0.519517 0.00172186
851 0.678654 0.52075 0.00159735
852 0.678654 0.515356 0.00201653
853 0.678654 0.522433 0.00196754
854 0.678654 0.51968 0.00183338
855 0.678654 0.523476 0.00176867
856 0.678654 0.520157 0.00207071
857 0.678654 0.522227 0.00187422
858 0.678654 0.520526 0.00170379
859 0.678654 0.52271 0.00178084
860 0.678654 0.517485 0.00188287
861 0.678654 0.51942 0.00182977
862 0.678654 0.52644 0.00185864
863 0.678654 0.528458 0.00212032
864 0.678654 0.521166 0.00240311
865 0.678654 0.521851 0.00207705
866 0.678654 0.521492 0.00180012
867 0.678654 0.522466 0.00215973
868 0.678654 0.521681 0.00206897
869 0.678654 0.520673 0.00194422
870 0.678654 0.519522 0.00236092
871 0.678654 0.521633 0.00193203
872 0.678654 0.522846 0.00184639
873 0.678654 0.518441 0.00217947
874 0.678654 0.521795 0.00199101
875 0.678654 0.51731 0.0021046
876 0.678654 0.519667 0.00205139
877 0.678654 0.520485 0.0018516
878 0.678654 0.519928 0.00208578
879 0.678654 0.521705 0.00177032
880 0.678654 0.515897 0.00169367
881 0.678654 0.519468 0.00169942
882 0.678654 0.521912 0.00195421
883 0.678654 0.515478 0.00156345
884 0.678654 0.518993 0.00197111
885 0.678654 0.518243 0.00197572
886 0.678654 0.518126 0.00194645
887 0.678654 0.514456 0.0016998
888 0.678654 0.517806 0.00175725
889 0.678654 0.518543 0.00158404
890 0.678654 0.523286 0.00216754
891 0.678654 0.52052 0.0019313
892 0.678654 0.520537 0.00178091
893 0.678654 0.518777 0.00171124
894 0.678654 0.521602 0.00194487
895 0.678654 0.524468 0.00183218
896 0.678654 0.523672 0.00182935
897 0.678654 0.52486 0.00169568
898 0.678654 0.521414 0.00179983
899 0.678654 0.520803 0.00166098
900 0.678654 0.523592 0.00222004
901 0.678654 0.525618 0.0018206
902 0.678654 0.526836 0.00205917
903 0.678654 0.522158 0.00208992
904 0.678654 0.523627 0.00210989
905 0.678654 0.519809 0.00180667
906 0.678654 0.515698 0.00179796
907 0.678654 0.519074 0.00186626
908 0.678654 0.515223 0.00182783
909 0.678654 0.520701 0.00180484
910 0.678654 0.518072 0.00217394
911 0.678654 0.523707 0.00177741
912 0.678654 0.520497 0.0018243
913 0.678654 0.524036 0.00161476
914 0.678654 0.515717 0.00171574
915 0.678654 0.517503 0.00189315
916 0.678654 0.523281 0.00190283
917 0.678654 0.524678 0.00190629
918 0.678654 0.522431 0.00199884
919 0.678654 0.521222 0.00221543
920 0.678654 0.519994 0.00171125
921 0.678654 0.523803 0.00188106
922 0.678654 0.522635 0.00185725
923 0.678654 0.522126 0.00185201
924 0.678654 0.524598 0.00190208
925 0.678654 0.520098 0.00186912
926 0.678654 0.523271 0.00181029
927 0.678654 0.521855 0.00177424
928 0.678654 0.519173 0.00200441
929 0.678654 0.517751 0.00189097
930 0.678654 0.516505 0.00160179
931 0.678654 0.516783 0.00195945
932 0.678654 0.521304 0.00208677
933 0.678654 0.519461 0.00211949
934 0.678654 0.522127 0.00184886
935 0.678654 0.524607 0.00237915
936 0.678654 0.521612 0.0017625
937 0.678654 0.522934 0.00199148
938 0.678654 0.524876 0.00188523
939 0.678654 0.524018 0.00191541
940 0.678654 0.523683 0.00199753
941 0.678654 0.52271 0.00214326
942 0.678654 0.526714 0.00186424
943 0.678654 0.528464 0.00201595
944 0.678654 0.521561 0.00198867
945 0.678654 0.522857 0.00195316
946 0.678654 0.521057 0.00177717
947 0.678654 0.521071 0.00187235
948 0.678654 0.518822 0.00170454
949 0.678654 0.5148 0.00190497
950 0.678654 0.523425 0.00176886
951 0.678654 0.521091 0.00176203
952 0.678654 0.520836 0.00177873
953 0.678654 0.523086 0.00182802
954 0.678654 0.524626 0.00201674
955 0.678654 0.520774 0.00193296
956 0.678654 0.515956 0.00201624
957 0.678654 0.519252 0.00187513
958 0.678654 0.520378 0.0019201
959 0.678654 0.5169 0.00185959
960 0.678654 0.524034 0.00191178
961 0.678654 0.527335 0.0019826
962 0.678654 0.521211 0.0020622
963 0.678654 0.523998 0.00192464
964 0.678654 0.522732 0.00167778
965 0.678654 0.526185 0.0018813
966 0.678654 0.524483 0.0017732
967 0.678654 0.522577 0.00183939
968 0.678654 0.522536 0.00181955
969 0.678654 0.518569 0.00188352
970 0.678654 0.518305 0.00164872
971 0.678654 0.521422 0.00175338
972 0.678654 0.521104 0.0017481
973 0.678654 0.517822 0.00202019
974 0.678654 0.516602 0.00191737
975 0.678654 0.522218 0.00219635
976 0.678654 0.518315 0.0020376
977 0.678654 0.518373 0.00231783
978 0.678654 0.51758 0.00195082
979 0.678654 0.521883 0.00205545
980 0.678654 0.517982 0.00155857
981 0.678654 0.519852 0.00182889
982 0.678654 0.521116 0.00172902
983 0.678654 0.520455 0.0018147
984 0.678654 0.525605 0.00166498
985 0.678654 0.522361 0.00171694
986 0.678654 0.520765 0.0016631
987 0.678654 0.527335 0.00196295
988 0.678654 0.520491 0.00200108
989 0.678654 0.525428 0.00181711
990 0.678654 0.526885 0.00165772
991 0.678654 0.523389 0.00166748
992 0.678654 0.520613 0.00153683
993 0.678654 0.521334 0.00187463
994 0.678654 0.523956 0.001985
995 0.678654 0.524615 0.00183479
996 0.678654 0.527675 0.0018418
997 0.678654 0.521779 0.00172391
998 0.678654 0.52169 0.00203963
999 0.678654 0.525839 0.00216647
1000 0.678654 0.518348 0.00178202
1001 0.678654 0.52277 0.00159173
1002 0.678654 0.520206 0.00193183
1003 0.678654 0.527317 0.00198703
1004 0.678654 0.526896 0.00188857
1005 0.678654 0.527704 0.00205492
1006 0.678654 0.529758 0.0018314
1007 0.678654 0.533731 0.00181939
1008 0.678654 0.524828 0.00171859
1009 0.678654 0.52386 0.0018715
1010 0.678654 0.523312 0.0020451
1011 0.678654 0.527351 0.00186577
1012 0.678654 0.522623 0.00178859
1013 0.678654 0.521003 0.00190938
1014 0.678654 0.523461 0.00152669
1015 0.678654 0.524328 0.00165209
1016 0.678654 0.525374 0.00178357
1017 0.678654 0.522354 0.0017431
1018 0.678654 0.522831 0.00168378
1019 0.678654 0.519217 0.00166052
1020 0.678654 0.519412 0.00190834
1021 0.678654 0.52142 0.00195738
1022 0.678654 0.522407 0.00176492
1023 0.678654 0.519371 0.00171407
1024 0.678654 0.520477 0.00192624
1025 0.678654 0.521801 0.0020126
1026 0.678654 0.523867 0.00212294
1027 0.678654 0.525699 0.00169253
1028 0.678654 0.520495 0.00167917
1029 0.678654 0.527952 0.00186155
1030 0.678654 0.518068 0.00175574
1031 0.678654 0.518022 0.00164823
1032 0.678654 0.524025 0.00163513
1033 0.678654 0.519127 0.00159912
1034 0.678654 0.519314 0.00195192
1035 0.678654 0.524749 0.00199687
1036 0.678654 0.519292 0.00184275
1037 0.678654 0.519074 0.00171456
1038 0.678654 0.521743 0.00157737
1039 0.678654 0.523768 0.00223237
1040 0.678654 0.521546 0.00167906
1041 0.678654 0.521414 0.00182387
1042 0.678654 0.522545 0.00195041
1043 0.678654 0.5223 0.001975
1044 0.678654 0.517143 0.00188278
1045 0.678654 0.518011 0.00175615
1046 0.678654 0.526482 0.00194049
1047 0.678654 0.522049 0.00173277
1048 0.678654 0.528207 0.00193959
1049 0.678654 0.521776 0.00173412
1050 0.678654 0.520801 0.00190632
1051 0.678654 0.520102 0.00160064
1052 0.678654 0.520127 0.00171224
1053 0.678654 0.521724 0.00183097
1054 0.678654 0.518656 0.00154873
1055 0.678654 0.5147 0.001555
1056 0.678654 0.520238 0.00192939
1057 0.678654 0.520171 0.00161318
1058 0.678654 0.519133 0.00213651
1059 0.678654 0.513279 0.00190606
1060 0.678654 0.520261 0.00166359
1061 0.678654 0.524478 0.00212239
1062 0.678654 0.517252 0.00165293
1063 0.678654 0.520487 0.00166779
1064 0.678654 0.517886 0.00161449
1065 0.678654 0.51683 0.00177294
1066 0.678654 0.519199 0.00195714
1067 0.678654 0.523395 0.00211114
1068 0.678654 0.515553 0.00185751
1069 0.678654 0.513651 0.00172133
1070 0.678654 0.517672 0.00216836
1071 0.678654 0.518105 0.00184483
1072 0.678654 0.519734 0.00171595
1073 0.678654 0.518073 0.00204359
1074 0.678654 0.518434 0.00193457
1075 0.678654 0.518209 0.00204254
1076 0.678654 0.521752 0.00205564
1077 0.678654 0.518414 0.00171893
1078 0.678654 0.518516 0.00216796
1079 0.678654 0.523381 0.00183507
1080 0.678654 0.521788 0.00175825
1081 0.678654 0.524114 0.00169997
1082 0.678654 0.521962 0.00190474
1083 0.678654 0.524872 0.00188828
1084 0.678654 0.520482 0.00166884
1085 0.678654 0.522805 0.00194374
1086 0.678654 0.523827 0.00185966
1087 0.678654 0.522403 0.00184124
1088 0.678654 0.518482 0.00177402
1089 0.678654 0.520078 0.00162873
1090 0.678654 0.519046 0.00159508
1091 0.678654 0.516241 0.00159739
1092 0.678654 0.517433 0.0017085
1093 0.678654 0.517146 0.00178864
1094 0.678654 0.519226 0.00184266
1095 0.678654 0.520406 0.0017718
1096 0.678654 0.517352 0.00180587
1097 0.678654 0.517158 0.00189626
1098 0.678654 0.515132 0.00179207
1099 0.678654 0.515604 0.00170362
1100 0.678654 0.515622 0.00152893
1101 0.678654 0.520066 0.00169266
1102 0.678654 0.517751 0.00178699
1103 0.678654 0.517414 0.00171225
1104 0.678654 0.515375 0.00179313
1105 0.678654 0.519953 0.00177771
1106 0.678654 0.514363 0.00176143
1107 0.678654 0.516969 0.00184198
1108 0.678654 0.517214 0.00174285
1109 0.678654 0.51809 0.00190842
1110 0.678654 0.519176 0.00188992
1111 0.678654 0.524959 0.00195089
1112 0.678654 0.520789 0.00195824
1113 0.678654 0.521478 0.00207941
1114 0.678654 0.522335 0.00183691
1115 0.678654 0.516703 0.00164445
1116 0.678654 0.511639 0.00175829
1117 0.678654 0.512735 0.00185978
1118 0.678654 0.516229 0.00184881
1119 0.678654 0.517376 0.00164004
1120 0.678654 0.518899 0.00203011
1121 0.678654 0.520143 0.00185958
1122 0.678654 0.513843 0.00176878
1123 0.678654 0.517525 0.00172854
1124 0.678654 0.510807 0.00167203
1125 0.678654 0.514643 0.00189977
1126 0.678654 0.515708 0.00173064
1127 0.678654 0.518181 0.00180714
1128 0.678654 0.516982 0.00180464
1129 0.678654 0.51786 0.00177782
1130 0.678654 0.515401 0.00179279
1131 0.678654 0.518071 0.0019881
1132 0.678654 0.518796 0.00197377
1133 0.678654 0.518758 0.00221175
1134 0.678654 0.523397 0.00207807
1135 0.678654 0.521495 0.00218034
1136 0.678654 0.517276 0.00249265
1137 0.678654 0.519865 0.00203476
1138 0.678654 0.519799 0.00198006
1139 0.678654 0.521787 0.00204858
1140 0.678654 0.518741 0.00182628
1141 0.678654 0.52159 0.00188497
1142 0.678654 0.520073 0.0018505
1143 0.678654 0.521563 0.00183389
1144 0.678654 0.519739 0.00177859
1145 0.678654 0.518629 0.00184704
1146 0.678654 0.522894 0.00195553
1147 0.678654 0.522151 0.00190313
1148 0.678654 0.520218 0.00182133
1149 0.678654 0.521781 0.00194857
1150 0.678654 0.516961 0.00219841
1151 0.678654 0.517992 0.00154995
1152 0.678654 0.518669 0.00207216
1153 0.678654 0.52341 0.0020097
1154 0.678654 0.522603 0.00182467
1155 0.678654 0.52407 0.00235437
1156 0.678654 0.523164 0.00193153
1157 0.678654 0.520756 0.00201694
1158 0.678654 0.523872 0.00165632
1159 0.678654 0.523421 0.00175875
1160 0.678654 0.517922 0.00205716
1161 0.678654 0.52339 0.00189626
1162 0.678654 0.520267 0.00191373
1163 0.678654 0.526695 0.0018514
1164 0.678654 0.520148 0.00171037
1165 0.678654 0.520491 0.00187834
1166 0.678654 0.519647 0.00190961
1167 0.678654 0.523053 0.00192979
1168 0.678654 0.516358 0.00195718
1169 0.678654 0.516681 0.00194921
1170 0.678654 0.517572 0.00197627
1171 0.678654 0.520771 0.00193155
1172 0.678654 0.517641 0.00194702
1173 0.678654 0.520776 0.0024192
1174 0.678654 0.520236 0.00230089
1175 0.678654 0.515041 0.00224622
1176 0.678654 0.519014 0.00224908
1177 0.678654 0.518406 0.00183791
1178 0.678654 0.518251 0.00180497
1179 0.678654 0.521731 0.00212057
1180 0.678654 0.524179 0.00212129
1181 0.678654 0.516971 0.00235312
1182 0.678654 0.522408 0.00222174
1183 0.678654 0.517114 0.00186912
1184 0.678654 0.518197 0.0018651
1185 0.678654 0.518473 0.00184465
1186 0.678654 0.522846 0.00181274
1187 0.678654 0.524155 0.00197379
1188 0.678654 0.517994 0.00181643
1189 0.678654 0.520091 0.00187163
1190 0.678654 0.519309 0.0017656
1191 0.678654 0.523927 0.00173522
1192 0.678654 0.518093 0.0016972
1193 0.678654 0.516259 0.00176095
1194 0.678654 0.520388 0.00180217
1195 0.678654 0.518634 0.00177379
1196 0.678654 0.519445 0.00164524
1197 0.678654 0.522159 0.0020808
1198 0.678654 0.520089 0.00175691
1199 0.678654 0.519821 0.00221185
1200 0.678654 0.519306 0.00197398
1201 0.678654 0.520428 0.00201899
1202 0.678654 0.519246 0.00177052
1203 0.678654 0.515822 0.0018685
1204 0.678654 0.518969 0.00165799
1205 0.678654 0.521613 0.00146042
1206 0.678654 0.517345 0.00145857
1207 0.678654 0.519547 0.00149163
1208 0.678654 0.521183 0.00167798
1209 0.678654 0.522661 0.00184348
1210 0.678654 0.523908 0.00179013
1211 0.678654 0.523484 0.00186462
1212 0.678654 0.522386 0.00164514
1213 0.678654 0.52496 0.001611
1214 0.678654 0.521935 0.00190876
1215 0.678654 0.526241 0.00181796
1216 0.678654 0.521004 0.00161849
1217 0.678654 0.519931 0.00168467
1218 0.678654 0.520597 0.00184426
1219 0.678654 0.524661 0.00170969
1220 0.678654 0.518546 0.00157119
1221 0.678654 0.524851 0.00160146
1222 0.678654 0.527791 0.00204927
1223 0.678654 0.523089 0.00171355
1224 0.678654 0.523193 0.00197002
1225 0.678654 0.525767 0.00183741
1226 0.678654 0.522111 0.00173007
1227 0.678654 0.52085 0.00176136
1228 0.678654 0.523018 0.00159592
1229 0.678654 0.523106 0.00171489
1230 0.678654 0.518718 0.00178541
1231 0.678654 0.520234 0.00166209
1232 0.678654 0.518034 0.00172699
1233 0.678654 0.52344 0.00183793
1234 0.678654 0.5197 0.00169164
1235 0.678654 0.522309 0.00178787
1236 0.678654 0.520726 0.00195999
1237 0.678654 0.518459 0.00179383
1238 0.678654 0.518169 0.00175919
1239 0.678654 0.519091 0.0017795
1240 0.678654 0.520076 0.00217952
1241 0.678654 0.520644 0.00172796
1242 0.678654 0.520829 0.00199606
1243 0.678654 0.521164 0.00181989
1244 0.678654 0.523968 0.00180818
1245 0.678654 0.522057 0.00178631
1246 0.678654 0.520548 0.00189798
1247 0.678654 0.520152 0.00201209
1248 0.678654 0.522071 0.00168469
1249 0.678654 0.52519 0.00168064
1250 0.678654 0.520721 0.00158442
1251 0.678654 0.523443 0.00191174
1252 0.678654 0.523619 0.00176825
1253 0.678654 0.52199 0.0015942
1254 0.678654 0.518992 0.00178864
1255 0.678654 0.522794 0.00166143
1256 0.678654 0.523343 0.00198421
1257 0.678654 0.520862 0.00206537
1258 0.678654 0.519909 0.00171187
1259 0.678654 0.518283 0.00173675
1260 0.678654 0.519191 0.00170409
1261 0.678654 0.517341 0.00188429
1262 0.678654 0.518629 0.00205914
1263 0.678654 0.521061 0.00195315
1264 0.678654 0.524481 0.00224943
1265 0.678654 0.526229 0.0021066
1266 0.678654 0.527541 0.00200112
1267 0.678654 0.524612 0.0017876
1268 0.678654 0.518969 0.00201226
1269 0.678654 0.521378 0.00181699
1270 0.678654 0.523108 0.00177519
1271 0.678654 0.518741 0.00178137
1272 0.678654 0.52286 0.00203233
1273 0.678654 0.521293 0.00168348
1274 0.678654 0.521027 0.0018571
1275 0.678654 0.522236 0.00181849
1276 0.678654 0.522894 0.00186603
1277 0.678654 0.520601 0.00195785
1278 0.678654 0.518548 0.00157994
1279 0.678654 0.52264 0.00171515
1280 0.678654 0.517512 0.00190228
1281 0.678654 0.519345 0.00194125
1282 0.678654 0.521693 0.0021698
1283 0.678654 0.522645 0.00185131
1284 0.678654 0.524886 0.00196681
1285 0.678654 0.520855 0.00195547
1286 0.678654 0.518892 0.00163937
1287 0.678654 0.520177 0.00196214
1288 0.678654 0.522595 0.0018367
1289 0.678654 0.519538 0.00188156
1290 0.678654 0.519818 0.00169921
1291 0.678654 0.520552 0.0020031
1292 0.678654 0.519385 0.00179268
1293 0.678654 0.520213 0.00190861
1294 0.678654 0.522278 0.00183478
1295 0.678654 0.520962 0.0019744
1296 0.678654 0.52528 0.00202003
1297 0.678654 0.514519 0.00173783
1298 0.678654 0.515812 0.00159874
1299 0.678654 0.519581 0.00210046
1300 0.678654 0.515838 0.00198099
1301 0.678654 0.51681 0.00178399
1302 0.678654 0.519185 0.00187031
1303 0.678654 0.523592 0.00172845
1304 0.678654 0.524009 0.00204981
1305 0.678654 0.520425 0.00182802
1306 0.678654 0.522102 0.00191224
1307 0.678654 0.526303 0.00190036
1308 0.678654 0.524155 0.00160014
1309 0.678654 0.521077 0.00168017
1310 0.678654 0.523741 0.00184147
1311 0.678654 0.522534 0.00179492
1312 0.678654 0.525244 0.00177854
1313 0.678654 0.5223 0.00172783
1314 0.678654 0.52698 0.00202877
1315 0.678654 0.516863 0.00166149
1316 0.678654 0.515495 0.00178314
1317 0.678654 0.514899 0.00210042
1318 0.678654 0.519816 0.00200492
1319 0.678654 0.521843 0.00187754
1320 0.678654 0.518149 0.00175198
1321 0.678654 0.520622 0.00182052
1322 0.678654 0.517285 0.00180903
1323 0.678654 0.523095 0.00186617
1324 0.678654 0.519752 0.00188596
1325 0.678654 0.522175 0.00190021
1326 0.678654 0.526623 0.00213408
1327 0.678654 0.525498 0.00198398
1328 0.678654 0.524923 0.00175597
1329 0.678654 0.525228 0.00189501
1330 0.678654 0.524005 0.00213829
1331 0.678654 0.521144 0.001815
1332 0.678654 0.518293 0.00189444
1333 0.678654 0.522002 0.00185964
1334 0.678654 0.523125 0.00180528
1335 0.678654 0.522266 0.00191214
1336 0.678654 0.519935 0.00203948
1337 0.678654 0.520906 0.00190954
1338 0.678654 0.525051 0.00200158
1339 0.678654 0.523458 0.0016979
1340 0.678654 0.518312 0.00171284
1341 0.678654 0.518997 0.00239204
1342 0.678654 0.524191 0.00196229
1343 0.678654 0.523771 0.00185696
1344 0.678654 0.519136 0.00222419
1345 0.678654 0.521354 0.00190316
1346 0.678654 0.521731 0.002143
1347 0.678654 0.521359 0.00164841
1348 0.678654 0.518295 0.00171703
1349 0.678654 0.516999 0.00212175
1350 0.678654 0.522603 0.00195384
1351 0.678654 0.520315 0.00174741
1352 0.678654 0.521266 0.00178385
1353 0.678654 0.519908 0.00166543
1354 0.678654 0.523878 0.00200268
1355 0.678654 0.524802 0.00208242
1356 0.678654 0.521102 0.00185983
1357 0.678654 0.52389 0.00174451
1358 0.678654 0.521001 0.00176419
1359 0.678654 0.52065 0.00186263
1360 0.678654 0.520182 0.00219063
1361 0.678654 0.523145 0.00191505
1362 0.678654 0.522499 0.00195
1363 0.678654 0.516553 0.00172371
1364 0.678654 0.525682 0.00214116
1365 0.678654 0.517385 0.00191398
1366 0.678654 0.524508 0.00176299
1367 0.678654 0.523758 0.00177572
1368 0.678654 0.520903 0.00207987
1369 0.678654 0.526098 0.00179368
1370 0.678654 0.52573 0.00176696
1371 0.678654 0.522536 0.00167433
1372 0.678654 0.527012 0.00209768
1373 0.678654 0.521099 0.00186529
1374 0.678654 0.51612 0.00190816
1375 0.678654 0.51627 0.00213786
1376 0.678654 0.519729 0.00189917
1377 0.678654 0.517442 0.00230534
1378 0.678654 0.516447 0.00203274
1379 0.678654 0.517172 0.00173814
1380 0.678654 0.519479 0.00188032
1381 0.678654 0.520085 0.00200141
1382 0.678654 0.518957 0.00205068
1383 0.678654 0.514236 0.0015902
1384 0.678654 0.515292 0.00171651
1385 0.678654 0.51171 0.00186951
1386 0.678654 0.517235 0.00236651
1387 0.678654 0.519646 0.00232757
1388 0.678654 0.517003 0.0020678
1389 0.678654 0.519569 0.00209901
1390 0.678654 0.523893 0.00207116
1391 0.678654 0.523205 0.00204704
1392 0.678654 0.519958 0.00221491
1393 0.678654 0.521987 0.0018132
1394 0.678654 0.520497 0.00203325
1395 0.678654 0.521206 0.00201035
1396 0.678654 0.521167 0.00188732
1397 0.678654 0.521668 0.0022444
1398 0.678654 0.52442 0.00182133
1399 0.678654 0.523168 0.00173194
1400 0.678654 0.522436 0.00184744
1401 0.678654 0.518714 0.00204434
1402 0.678654 0.518169 0.00220871
1403 0.678654 0.521926 0.0019511
1404 0.678654 0.523671 0.00201422
1405 0.678654 0.521453 0.0020218
1406 0.678654 0.518428 0.00194807
1407 0.678654 0.522008 0.00183928
1408 0.678654 0.523884 0.00219291
1409 0.678654 0.525817 0.00219945
1410 0.678654 0.518259 0.00214512
1411 0.678654 0.517253 0.00177262
1412 0.678654 0.522941 0.00173554
1413 0.678654 0.523921 0.00206108
1414 0.678654 0.522043 0.00181778
1415 0.678654 0.521421 0.00170216
1416 0.678654 0.523991 0.00195172
1417 0.678654 0.524818 0.00222389
1418 0.678654 0.52414 0.00208364
1419 0.678654 0.524924 0.00182224
1420 0.678654 0.523279 0.00207623
1421 0.678654 0.529761 0.00191388
1422 0.678654 0.525425 0.00213927
1423 0.678654 0.521239 0.00187205
1424 0.678654 0.519662 0.00190232
1425 0.678654 0.524202 0.00170654
1426 0.678654 0.524718 0.00207456
1427 0.678654 0.524408 0.001951
1428 0.678654 0.523708 0.00227072
1429 0.678654 0.529063 0.00218284
1430 0.678654 0.527498 0.00202973
1431 0.678654 0.52672 0.0020434
1432 0.678654 0.528522 0.00205109
1433 0.678654 0.536514 0.00197727
1434 0.678654 0.525993 0.00212452
1435 0.678654 0.526988 0.00199103
1436 0.678654 0.525882 0.00193504
1437 0.678654 0.530197 0.00207939
1438 0.678654 0.52377 0.0020876
1439 0.678654 0.514473 0.00193469
1440 0.678654 0.520979 0.00196125
1441 0.678654 0.527553 0.00188103
1442 0.678654 0.522845 0.0022722
1443 0.678654 0.522347 0.00209303
1444 0.678654 0.518101 0.00161939
1445 0.678654 0.520498 0.00179176
1446 0.678654 0.524419 0.00178649
1447 0.678654 0.52173 0.00197399
1448 0.678654 0.52357 0.00181028
1449 0.678654 0.521251 0.00179187
1450 0.678654 0.519111 0.00215512
1451 0.678654 0.521134 0.0018841
1452 0.678654 0.522315 0.00205426
1453 0.678654 0.522666 0.00193782
1454 0.678654 0.519521 0.00176034
1455 0.678654 0.521272 0.001775
1456 0.678654 0.52275 0.00168651
1457 0.678654 0.520709 0.00183629
1458 0.678654 0.522525 0.00173366
1459 0.678654 0.5247 0.0017665
1460 0.678654 0.520805 0.0017796
1461 0.678654 0.522158 0.0017207
1462 0.678654 0.516234 0.00173935
1463 0.678654 0.520653 0.00190478
1464 0.678654 0.519468 0.001819
1465 0.678654 0.518112 0.00206111
1466 0.678654 0.518585 0.00197819
1467 0.678654 0.521234 0.00208803
1468 0.678654 0.520864 0.00193511
1469 0.678654 0.518076 0.00180578
1470 0.678654 0.52088 0.00205889
1471 0.678654 0.517881 0.00209701
1472 0.678654 0.519849 0.00199283
1473 0.678654 0.519672 0.0018312
1474 0.678654 0.520391 0.00208582
1475 0.678654 0.514952 0.00195104
1476 0.678654 0.517526 0.00186185
1477 0.678654 0.523057 0.00206279
1478 0.678654 0.524199 0.00199668
1479 0.678654 0.520453 0.00169838
1480 0.678654 0.518036 0.00179546
1481 0.678654 0.522343 0.001687
1482 0.678654 0.52462 0.0022925
1483 0.678654 0.526037 0.00179724
1484 0.678654 0.523522 0.00195698
1485 0.678654 0.523412 0.00177848
1486 0.678654 0.520728 0.0016855
1487 0.678654 0.522447 0.00192085
1488 0.678654 0.52244 0.00237277
1489 0.678654 0.522653 0.00175582
1490 0.678654 0.521582 0.00189975
1491 0.678654 0.520925 0.00199168
1492 0.678654 0.519226 0.00167991
1493 0.678654 0.518633 0.00167597
1494 0.678654 0.51955 0.00194144
1495 0.678654 0.523158 0.00201431
1496 0.678654 0.523987 0.00186039
1497 0.678654 0.525363 0.0020858
1498 0.678654 0.522744 0.00197417
1499 0.678654 0.516308 0.00199405
1500 0.678654 0.519144 0.00191098
1501 0.678654 0.51697 0.00189352
1502 0.678654 0.521696 0.00181393
1503 0.678654 0.518338 0.00157993
1504 0.678654 0.522559 0.00199483
1505 0.678654 0.522168 0.00213774
1506 0.678654 0.531936 0.00215969
1507 0.678654 0.522001 0.00210942
1508 0.678654 0.523605 0.00188888
1509 0.678654 0.518151 0.00204609
1510 0.678654 0.521091 0.0017411
1511 0.678654 0.52288 0.00176635
1512 0.678654 0.522531 0.00179768
1513 0.678654 0.523385 0.00162771
1514 0.678654 0.522305 0.00173063
1515 0.678654 0.521124 0.00171946
1516 0.678654 0.521081 0.00187612
1517 0.678654 0.520162 0.00182789
1518 0.678654 0.520898 0.00198515
1519 0.678654 0.523521 0.00182284
1520 0.678654 0.525981 0.00171456
1521 0.678654 0.520133 0.00172025
1522 0.678654 0.526338 0.002002
1523 0.678654 0.521514 0.00201508
1524 0.678654 0.522908 0.00199602
1525 0.678654 0.521211 0.00193795
1526 0.678654 0.522695 0.00199348
1527 0.678654 0.5256 0.00219371
1528 0.678654 0.529208 0.00230427
1529 0.678654 0.524979 0.00194991
1530 0.678654 0.520382 0.00179864
1531 0.678654 0.522321 0.00208823
1532 0.678654 0.524889 0.00219786
1533 0.678654 0.519806 0.00208917
1534 0.678654 0.520153 0.00204602
1535 0.678654 0.522809 0.00191507
1536 0.678654 0.52857 0.00240643
1537 0.678654 0.517992 0.00199664
1538 0.678654 0.52115 0.00195798
1539 0.678654 0.522621 0.00210462
1540 0.678654 0.51972 0.0021016
1541 0.678654 0.524389 0.00187326
1542 0.678654 0.523575 0.0020539
1543 0.678654 0.524765 0.00188483
1544 0.678654 0.52528 0.00205513
1545 0.678654 0.519868 0.00234456
1546 0.678654 0.524687 0.00211165
1547 0.678654 0.525536 0.00206782
1548 0.678654 0.519071 0.00208067
1549 0.678654 0.525735 0.00222934
1550 0.678654 0.526184 0.00209568
1551 0.678654 0.520335 0.00195249
1552 0.678654 0.519447 0.00202163
1553 0.678654 0.522912 0.00202643
1554 0.678654 0.514919 0.00178779
1555 0.678654 0.518469 0.00215743
1556 0.678654 0.516656 0.00175162
1557 0.678654 0.523351 0.00206374
1558 0.678654 0.517698 0.00181099
1559 0.678654 0.522422 0.00197077
1560 0.678654 0.521848 0.00231829
1561 0.678654 0.521982 0.00196408
1562 0.678654 0.51986 0.00224418
1563 0.678654 0.517759 0.00214349
1564 0.678654 0.521309 0.00214984
1565 0.678654 0.52246 0.00201411
1566 0.678654 0.518282 0.00188353
1567 0.678654 0.519866 0.00204861
1568 0.678654 0.523027 0.00205182
1569 0.678654 0.52183 0.00178869
1570 0.678654 0.522347 0.00190354
1571 0.678654 0.518573 0.00200808
1572 0.678654 0.519867 0.00226855
1573 0.678654 0.516161 0.0023138
1574 0.678654 0.517121 0.00214371
1575 0.678654 0.520629 0.0018821
1576 0.678654 0.514797 0.0017309
1577 0.678654 0.516686 0.00186646
1578 0.678654 0.518787 0.00176821
1579 0.678654 0.520657 0.00180225
1580 0.678654 0.519938 0.00180123
1581 0.678654 0.523717 0.00234753
1582 0.678654 0.520648 0.00194943
1583 0.678654 0.523244 0.00159548
1584 0.678654 0.519563 0.0017855
1585 0.678654 0.518663 0.00174975
1586 0.678654 0.520135 0.00160408
1587 0.678654 0.518589 0.00193629
1588 0.678654 0.51984 0.00167025
1589 0.678654 0.521113 0.00211568
1590 0.678654 0.517178 0.00224404
1591 0.678654 0.51881 0.00230702
1592 0.678654 0.516335 0.00168285
1593 0.678654 0.518101 0.00168634
1594 0.678654 0.527636 0.00209693
1595 0.678654 0.524568 0.00190606
1596 0.678654 0.517581 0.00193929
1597 0.678654 0.521941 0.00201437
1598 0.678654 0.521453 0.00187247
1599 0.678654 0.518594 0.00195634
1600 0.678654 0.517509 0.00186867
1601 0.678654 0.515086 0.00197371
1602 0.678654 0.517537 0.00195507
1603 0.678654 0.52478 0.00184878
1604 0.678654 0.523086 0.00173751
1605 0.678654 0.515972 0.00218401
1606 0.678654 0.519857 0.0018174
1607 0.678654 0.522187 0.00178082
1608 0.678654 0.519907 0.00179959
1609 0.678654 0.525135 0.00212699
1610 0.678654 0.520417 0.00215092
1611 0.678654 0.523656 0.00195466
1612 0.678654 0.514844 0.00183439
1613 0.678654 0.520216 0.00210336
1614 0.678654 0.516196 0.00214041
1615 0.678654 0.516963 0.0017529
1616 0.678654 0.515638 0.00165522
1617 0.678654 0.51553 0.00180907
1618 0.678654 0.516523 0.00171752
1619 0.678654 0.518845 0.00164633
1620 0.678654 0.522189 0.00173851
1621 0.678654 0.519266 0.00178243
1622 0.678654 0.519545 0.00186438
1623 0.678654 0.518167 0.00184034
1624 0.678654 0.522598 0.00202771
1625 0.678654 0.517555 0.00184491
1626 0.678654 0.517328 0.00181938
1627 0.678654 0.520591 0.00232148
1628 0.678654 0.521187 0.00186717
1629 0.678654 0.517048 0.00202383
1630 0.678654 0.515463 0.00197698
1631 0.678654 0.52296 0.0018962
1632 0.678654 0.516256 0.00195456
1633 0.678654 0.521077 0.00199221
1634 0.678654 0.518575 0.00208746
1635 0.678654 0.518241 0.00178098
1636 0.678654 0.526772 0.00216032
1637 0.678654 0.521008 0.00180138
1638 0.678654 0.528269 0.00193629
1639 0.678654 0.523343 0.00208294
1640 0.678654 0.521753 0.00188152
1641 0.678654 0.520875 0.00175148
1642 0.678654 0.527132 0.00202302
1643 0.678654 0.526603 0.00181479
1644 0.678654 0.523225 0.00178412
1645 0.678654 0.524066 0.00193974
1646 0.678654 0.517187 0.00210153
1647 0.678654 0.518955 0.00207045
1648 0.678654 0.520667 0.00202156
1649 0.678654 0.52151 0.00188419
1650 0.678654 0.519237 0.00214614
1651 0.678654 0.523936 0.0019678
1652 0.678654 0.522689 0.00236261
1653 0.678654 0.522104 0.00181862
1654 0.678654 0.522081 0.00201127
1655 0.678654 0.519572 0.00175427
1656 0.678654 0.521143 0.00195031
1657 0.678654 0.517812 0.00189007
1658 0.678654 0.522233 0.00176195
1659 0.678654 0.521686 0.00188134
1660 0.678654 0.521746 0.00175322
1661 0.678654 0.518984 0.00201879
1662 0.678654 0.517258 0.00190697
1663 0.679689 0.518595 0.00212294
1664 0.679689 0.51644 0.00182347
1665 0.679689 0.521403 0.00165067
1666 0.679689 0.522463 0.00196022
1667 0.679689 0.521529 0.00211414
1668 0.679689 0.528667 0.00204814
1669 0.679689 0.52651 0.00183616
1670 0.679689 0.521831 0.00191864
1671 0.679689 0.520781 0.00208917
1672 0.679689 0.523371 0.00190535
1673 0.679689 0.524996 0.00208187
1674 0.679689 0.521456 0.0017128
1675 0.679689 0.526491 0.00174664
1676 0.679689 0.523045 0.00211172
1677 0.679689 0.519777 0.00186037
1678 0.679689 0.52389 0.00177042
1679 0.679689 0.522203 0.00162176
1680 0.679689 0.520254 0.00163337
1681 0.679689 0.520746 0.00158358
1682 0.679689 0.526457 0.00197743
1683 0.679689 0.521189 0.00169329
1684 0.679689 0.523099 0.00219855
1685 0.679689 0.521587 0.00177159
1686 0.679689 0.519487 0.00187458
1687 0.679689 0.519924 0.00169075
1688 0.679689 0.522982 0.00199561
1689 0.679689 0.521904 0.001809
1690 0.679689 0.525151 0.00221343
1691 0.679689 0.523484 0.00189023
1692 0.679689 0.522368 0.00209067
1693 0.679689 0.517493 0.00194013
1694 0.679689 0.519251 0.00173167
1695 0.679689 0.516421 0.002083
1696 0.679689 0.516957 0.00195695
1697 0.679689 0.522134 0.00187452
1698 0.679689 0.519698 0.00203158
1699 0.679689 0.519937 0.00219219
1700 0.679689 0.52226 0.00190738
1701 0.679689 0.520235 0.00169415
1702 0.679689 0.521367 0.00201298
1703 0.679689 0.519836 0.00170905
1704 0.679689 0.523403 0.00189225
1705 0.679689 0.521798 0.00196091
1706 0.679689 0.517413 0.00167142
1707 0.679689 0.515915 0.00183903
1708 0.679689 0.518904 0.00199986
1709 0.679689 0.516871 0.00178303
1710 0.679689 0.520552 0.00164001
1711 0.679689 0.514886 0.00193436
1712 0.679689 0.524403 0.00193646
1713 0.679689 0.524621 0.00203998
1714 0.679689 0.524245 0.00164674
1715 0.679689 0.519627 0.00170453
1716 0.679689 0.521461 0.00186298
1717 0.679689 0.521849 0.00178124
1718 0.679689 0.520934 0.00206051
1719 0.679689 0.520218 0.00181848
1720 0.679689 0.52081 0.00201356
1721 0.679689 0.522893 0.0017892
1722 0.679689 0.519995 0.00165766
1723 0.679689 0.521243 0.00205695
1724 0.679689 0.52272 0.00187945
1725 0.679689 0.518049 0.00195731
1726 0.679689 0.519762 0.00183804
1727 0.679689 0.525446 0.00188026
1728 0.679689 0.51776 0.0018496
1729 0.679689 0.517513 0.00193052
1730 0.679689 0.515517 0.00203517
1731 0.679689 0.516764 0.0016469
1732 0.679689 0.51912 0.00207274
1733 0.679689 0.515942 0.00169896
1734 0.679689 0.518184 0.0017179
1735 0.679689 0.518658 0.0018584
1736 0.679689 0.517547 0.00181464
1737 0.679689 0.517151 0.00186724
1738 0.679689 0.519919 0.00185289
1739 0.679689 0.519996 0.00176378
1740 0.679689 0.515017 0.00207755
1741 0.679689 0.519816 0.00182941
1742 0.679689 0.518389 0.00174403
1743 0.679689 0.51787 0.00175068
1744 0.679689 0.516694 0.00173611
1745 0.679689 0.514207 0.00185046
1746 0.679689 0.519467 0.00196133
1747 0.679689 0.517235 0.00174233
1748 0.679689 0.519002 0.00182034
1749 0.679689 0.520516 0.00186972
1750 0.679689 0.514649 0.00195375
1751 0.679689 0.523673 0.00178458
1752 0.679689 0.521778 0.00185688
1753 0.679689 0.521244 0.00175119
1754 0.679689 0.523598 0.0019748
1755 0.679689 0.520602 0.0017518
1756 0.679689 0.520207 0.0018406
1757 0.679689 0.523044 0.00203084
1758 0.679689 0.523789 0.00210293
1759 0.679689 0.523775 0.00196953
1760 0.679689 0.525905 0.00199832
1761 0.679689 0.525427 0.00181657
1762 0.679689 0.523902 0.00171729
1763 0.679689 0.528451 0.00217773
1764 0.679689 0.528222 0.00210914
1765 0.679689 0.52327 0.00183528
1766 0.679689 0.522843 0.00188494
1767 0.679689 0.528351 0.0019309
1768 0.679689 0.526903 0.00185908
1769 0.679689 0.527576 0.00183405
1770 0.679689 0.523858 0.00193188
1771 0.679689 0.521065 0.0020116
1772 0.679689 0.519581 0.00222201
1773 0.679689 0.52481 0.00181562
1774 0.679689 0.52028 0.00172253
1775 0.679689 0.525712 0.00181276
1776 0.679689 0.52356 0.00186943
1777 0.679689 0.523434 0.00200154
1778 0.679689 0.522658 0.00174093
1779 0.679689 0.51976 0.00158288
1780 0.679689 0.523762 0.0017292
1781 0.679689 0.522783 0.00173204
1782 0.679689 0.521183 0.00170239
1783 0.679689 0.521333 0.00160848
1784 0.679689 0.517846 0.00182624
1785 0.679689 0.520408 0.00184455
1786 0.679689 0.51876 0.00173711
1787 0.679689 0.521359 0.00175396
1788 0.679689 0.520578 0.00178847
1789 0.679689 0.520714 0.00175577
1790 0.679689 0.517697 0.00176654
1791 0.679689 0.523123 0.00184762
1792 0.679689 0.524792 0.00189545
1793 0.679689 0.527763 0.00216291
1794 0.679689 0.52448 0.00186047
1795 0.679689 0.5195 0.00198374
1796 0.679689 0.523378 0.00179522
1797 0.679689 0.524844 0.00199463
1798 0.679689 0.524135 0.00200366
1799 0.679689 0.524725 0.00168414
1800 0.679689 0.524102 0.00165597
1801 0.679689 0.52425 0.00177006
1802 0.679693 0.52592 0.00201626
1803 0.679693 0.522788 0.00185605
1804 0.679693 0.518493 0.00182741
1805 0.679693 0.521815 0.00178859
1806 0.679693 0.522802 0.0016835
1807 0.679693 0.519921 0.0019499
1808 0.679693 0.521185 0.00192405
1809 0.679693 0.519713 0.0018125
1810 0.679693 0.521088 0.0016779
1811 0.679693 0.523192 0.00199674
1812 0.679693 0.52836 0.00198266
1813 0.679693 0.524148 0.00211426
1814 0.679693 0.525561 0.00225989
1815 0.679693 0.525032 0.00212895
1816 0.679693 0.517426 0.00193624
1817 0.679693 0.524397 0.00214111
1818 0.679693 0.521108 0.00211835
1819 0.679693 0.520046 0.00186428
1820 0.679693 0.517971 0.00185449
1821 0.679693 0.520794 0.00211475
1822 0.679693 0.522864 0.00202895
1823 0.679693 0.51531 0.00200925
1824 0.679693 0.522499 0.00209506
1825 0.679693 0.522762 0.00182899
1826 0.679693 0.525378 0.00185178
1827 0.679693 0.524107 0.00180126
1828 0.679693 0.520969 0.00204356
1829 0.679693 0.519239 0.00229261
1830 0.679693 0.522376 0.00210172
1831 0.679693 0.520288 0.00184921
1832 0.679693 0.523307 0.00208973
1833 0.679693 0.520719 0.00183346
1834 0.679693 0.523619 0.00175382
1835 0.679693 0.521108 0.00182159
1836 0.679693 0.522947 0.00192668
1837 0.679693 0.52741 0.00187553
1838 0.679693 0.526197 0.00189347
1839 0.679693 0.522165 0.00189265
1840 0.679693 0.52259 0.00180676
1841 0.679693 0.519038 0.00158238
1842 0.679693 0.518333 0.00166023
1843 0.679693 0.520924 0.00170954
1844 0.679693 0.523142 0.00188915
1845 0.679693 0.5204 0.00178064
1846 0.679693 0.520947 0.00151387
1847 0.679693 0.518124 0.00199275
1848 0.679693 0.517615 0.00210708
1849 0.679693 0.515193 0.00158733
1850 0.679693 0.517811 0.0017909
1851 0.679693 0.517399 0.00162201
1852 0.679693 0.524241 0.00202503
1853 0.679693 0.519024 0.0020552
1854 0.679693 0.51834 0.00199688
1855 0.679693 0.514003 0.00171921
1856 0.679693 0.517377 0.0017999
1857 0.679693 0.518534 0.0016018
1858 0.679693 0.522727 0.00181079
1859 0.679693 0.522355 0.00196029
1860 0.679693 0.521078 0.00202698
1861 0.679693 0.523399 0.0019812
1862 0.679693 0.51819 0.00156246
1863 0.679693 0.518479 0.00172152
1864 0.679693 0.516301 0.00202658
1865 0.679693 0.518633 0.00191621
1866 0.679693 0.521447 0.00210486
1867 0.679693 0.520694 0.00176119
1868 0.679693 0.519964 0.00197431
1869 0.679693 0.52304 0.00252719
1870 0.679693 0.525963 0.00193787
1871 0.679693 0.526668 0.00189053
1872 0.679693 0.523843 0.00195081
1873 0.679693 0.522185 0.00198701
1874 0.679693 0.521797 0.00210573
1875 0.679693 0.525824 0.00188548
1876 0.679693 0.526224 0.00167879
1877 0.679693 0.527019 0.00198288
1878 0.679693 0.525096 0.00192801
1879 0.679693 0.520872 0.00199661
1880 0.679693 0.525012 0.00171346
1881 0.679693 0.525421 0.0019771
1882 0.679693 0.520954 0.00188593
1883 0.679693 0.520878 0.00210557
1884 0.679693 0.520573 0.00203957
1885 0.679693 0.521739 0.00186401
1886 0.679693 0.517765 0.00203069
1887 0.679693 0.518054 0.0016202
1888 0.679693 0.517784 0.00187683
1889 0.679693 0.524835 0.00198767
1890 0.679693 0.520534 0.00181565
1891 0.679693 0.519373 0.0018969
1892 0.679693 0.52278 0.0021765
1893 0.679693 0.518178 0.00178948
1894 0.679693 0.522364 0.00203062
1895 0.679693 0.520646 0.00192024
1896 0.679693 0.518688 0.0020395
1897 0.679693 0.523655 0.00230272
1898 0.679693 0.519463 0.00214432
1899 0.679693 0.519761 0.00193602
1900 0.679693 0.522665 0.00242802
1901 0.679693 0.521018 0.00209725
1902 0.679693 0.521397 0.00182855
1903 0.679693 0.51793 0.00204108
1904 0.679693 0.524309 0.00194245
1905 0.679693 0.523987 0.001923
1906 0.679693 0.524638 0.00179518
1907 0.679693 0.52189 0.00180163
1908 0.679693 0.525545 0.00184306
1909 0.679693 0.523167 0.00229382
1910 0.679693 0.515119 0.00189177
1911 0.679693 0.523047 0.00191351
1912 0.679693 0.521194 0.00189303
1913 0.679693 0.520477 0.00180815
1914 0.679693 0.519749 0.00215067
1915 0.679693 0.522073 0.00180012
1916 0.679693 0.519065 0.00193815
1917 0.679693 0.522318 0.00205245
1918 0.679693 0.522378 0.00203686
1919 0.679693 0.519453 0.00167212
1920 0.679693 0.519837 0.00214561
1921 0.679693 0.523108 0.00206362
1922 0.679693 0.521711 0.00216058
1923 0.679693 0.520672 0.00183781
1924 0.679693 0.521416 0.00208681
1925 0.679693 0.521933 0.00193819
1926 0.679693 0.518902 0.00214627
1927 0.679693 0.517871 0.00184544
1928 0.679693 0.520008 0.00178394
1929 0.679693 0.51867 0.00181107
1930 0.679693 0.513706 0.00187141
1931 0.679693 0.517685 0.00203686
1932 0.679693 0.520886 0.00207191
1933 0.679693 0.524467 0.00167779
1934 0.679693 0.518947 0.00164431
1935 0.679693 0.51987 0.00193281
1936 0.679693 0.521653 0.0017475
1937 0.679693 0.519145 0.00199811
1938 0.679693 0.517826 0.00166316
1939 0.679693 0.523405 0.00182869
1940 0.679693 0.524797 0.00206174
1941 0.679693 0.524125 0.00176118
1942 0.679693 0.523184 0.00226965
1943 0.679693 0.520153 0.00173441
1944 0.679693 0.517524 0.00165134
1945 0.679693 0.524097 0.00186779
1946 0.679693 0.518226 0.00161261
1947 0.679693 0.521558 0.00191338
1948 0.679693 0.526347 0.00211352
1949 0.679693 0.523517 0.00198852
1950 0.679693 0.526447 0.00207404
1951 0.679693 0.520589 0.00190264
1952 0.679693 0.518463 0.00185376
1953 0.679693 0.5199 0.00199903
1954 0.679693 0.519047 0.00172724
1955 0.679693 0.520505 0.0018447
1956 0.679693 0.522547 0.00174426
1957 0.679693 0.518746 0.00172179
1958 0.679693 0.518983 0.00180409
1959 0.679693 0.519042 0.00164561
1960 0.679693 0.520237 0.00207725
1961 0.679693 0.519895 0.00163478
1962 0.679693 0.518727 0.00168035
1963 0.679693 0.520941 0.00162565
1964 0.679693 0.52224 0.00151221
1965 0.679693 0.521087 0.00170223
1966 0.679693 0.524026 0.00186636
1967 0.679693 0.519931 0.00184701
1968 0.679693 0.522755 0.00206977
1969 0.679693 0.515155 0.00200567
1970 0.679693 0.520937 0.00171253
1971 0.679693 0.5238 0.00208293
1972 0.679693 0.522143 0.00179368
1973 0.679693 0.521531 0.00173587
1974 0.679693 0.517719 0.0019063
1975 0.679693 0.524701 0.00158775
1976 0.679693 0.522349 0.00182902
1977 0.679693 0.517356 0.00172417
1978 0.679693 0.525774 0.00186524
1979 0.679693 0.519692 0.00163808
1980 0.679693 0.51724 0.00150496
1981 0.679693 0.517681 0.00162784
1982 0.679693 0.516856 0.00158255
1983 0.679693 0.519555 0.00168017
1984 0.679693 0.517157 0.00170359
1985 0.679693 0.518451 0.00178431
1986 0.679693 0.520012 0.00190242
1987 0.679693 0.518344 0.00197696
1988 0.679693 0.518751 0.00152047
1989 0.679693 0.521423 0.00154744
1990 0.679693 0.518961 0.00162849
1991 0.679693 0.517616 0.00148896
1992 0.679693 0.518559 0.00165455
1993 0.679693 0.516899 0.00182355
1994 0.679693 0.515482 0.00202492
1995 0.679693 0.516573 0.00177791
1996 0.679693 0.521706 0.00186915
1997 0.679693 0.526493 0.00193755
1998 0.679693 0.518159 0.00191298
1999 0.679693 0.521426 0.00181732
2000 0.679693 0.520954 0.00171992
