0 0.557237 0.496781 0.000376308
1 0.557237 0.501209 0.000560431
2 0.557237 0.499367 0.000522184
3 0.575644 0.498292 0.000662113
4 0.600051 0.503031 0.000813427
5 0.600051 0.501501 0.00082795
6 0.600051 0.501006 0.000834401
7 0.600051 0.505158 0.000691004
8 0.600051 0.503696 0.00070499
9 0.605242 0.504569 0.000810315
10 0.611458 0.506924 0.00100993
11 0.611458 0.506744 0.000934483
12 0.611458 0.505537 0.00111995
13 0.612024 0.505167 0.00106479
14 0.612024 0.50388 0.00116233
15 0.624235 0.508392 0.00137293
16 0.647796 0.504397 0.00113062
17 0.647796 0.508658 0.00160836
18 0.647796 0.508075 0.00149994
19 0.647796 0.501886 0.0012764
20 0.647796 0.505352 0.00118646
21 0.677721 0.508862 0.00180645
22 0.677721 0.506417 0.00199998
23 0.680567 0.509799 0.00197699
24 0.680567 0.509731 0.00202303
25 0.680567 0.510747 0.0018247
26 0.680567 0.511015 0.00179333
27 0.680567 0.511555 0.00224448
28 0.688299 0.513105 0.00237513
29 0.688299 0.513313 0.0024149
30 0.688299 0.510461 0.00211795
31 0.688299 0.509293 0.00221556
32 0.688299 0.512266 0.00276871
33 0.688299 0.510233 0.00215801
34 0.688299 0.508128 0.00217082
35 0.688299 0.509613 0.00217927
36 0.688299 0.511964 0.00223162
37 0.688299 0.511139 0.0021981
38 0.688299 0.509902 0.0019209
39 0.688299 0.513226 0.00218161
40 0.68878 0.513505 0.00231219
41 0.68878 0.515225 0.00272473
42 0.68878 0.513421 0.00292276
43 0.693891 0.516787 0.00252235
44 0.693891 0.513363 0.00274724
45 0.693891 0.510747 0.002312
46 0.693891 0.509281 0.00260886
47 0.693891 0.521883 0.00254636
48 0.693891 0.517982 0.00280479
49 0.693891 0.513739 0.00280579
50 0.693891 0.511555 0.00301574
51 0.693891 0.513768 0.00230265
52 0.693891 0.515649 0.00259048
53 0.693891 0.513179 0.00252066
54 0.693891 0.507527 0.00297681
55 0.693891 0.513686 0.00256438
56 0.693891 0.516335 0.00326571
57 0.693891 0.513526 0.00323195
58 0.706193 0.517468 0.00323435
59 0.706193 0.521514 0.00313911
60 0.706193 0.520995 0.00295247
61 0.706193 0.518201 0.00274541
62 0.706193 0.518482 0.00281844
63 0.706193 0.513178 0.00301242
64 0.706193 0.520879 0.00255173
65 0.706193 0.517547 0.00347903
66 0.706193 0.51286 0.00344155
67 0.706193 0.513501 0.00298162
68 0.706193 0.512097 0.0033096
69 0.706193 0.524118 0.00320584
70 0.706193 0.516969 0.00306192
71 0.706193 0.518148 0.00279006
72 0.706193 0.515413 0.00330336
73 0.706193 0.511738 0.00284279
74 0.706193 0.51576 0.00322655
75 0.706193 0.518249 0.00279761
76 0.706193 0.519349 0.00306985
77 0.706193 0.518662 0.00292409
78 0.706193 0.522465 0.00320489
79 0.706193 0.520328 0.00340365
80 0.706193 0.515366 0.0035532
81 0.706193 0.506386 0.00367291
82 0.706193 0.512569 0.00369218
83 0.706193 0.509638 0.00318554
84 0.706193 0.518121 0.0037562
85 0.706193 0.514101 0.00342537
86 0.706193 0.521449 0.00314135
87 0.706193 0.515723 0.00360003
88 0.706193 0.524967 0.00308939
89 0.706193 0.519128 0.00223456
90 0.706193 0.514433 0.00297215
91 0.706193 0.512834 0.00362275
92 0.706193 0.516381 0.00363402
93 0.706193 0.517017 0.00323965
94 0.706193 0.521602 0.00370184
95 0.706193 0.522315 0.00322139
96 0.706193 0.523103 0.00318828
97 0.706193 0.519541 0.00306427
98 0.706193 0.513451 0.00346799
99 0.706193 0.511842 0.00376596
100 0.706193 0.512547 0.00321639
101 0.706193 0.511848 0.00371966
102 0.709823 0.516429 0.0042014
103 0.709823 0.510937 0.00352076
104 0.709823 0.513398 0.00315147
105 0.709823 0.518271 0.00300131
106 0.709823 0.517318 0.00282704
107 0.709823 0.520333 0.00316763
108 0.709823 0.523563 0.00340537
109 0.709823 0.519826 0.00316692
110 0.709823 0.525688 0.00259135
111 0.709823 0.517948 0.00277411
112 0.709823 0.518036 0.0031508
113 0.709823 0.5142 0.00341765
114 0.709823 0.521776 0.00328225
115 0.709823 0.514075 0.00308716
116 0.709823 0.518661 0.00308497
117 0.709823 0.523669 0.00340691
118 0.709823 0.522404 0.00360011
119 0.709823 0.521686 0.00326263
120 0.709823 0.532635 0.00365631
121 0.709823 0.522253 0.00350943
122 0.709823 0.526608 0.00329891
123 0.709823 0.518628 0.0029157
124 0.709823 0.520797 0.00296467
125 0.709823 0.522125 0.00351369
126 0.709823 0.523046 0.00323199
127 0.709823 0.526692 0.00354242
128 0.709823 0.52746 0.00313382
129 0.709823 0.518637 0.00309791
130 0.709823 0.528807 0.00334559
131 0.709823 0.529722 0.00388492
132 0.709823 0.522311 0.00347469
133 0.709823 0.533089 0.00407706
134 0.709823 0.52106 0.003546
135 0.709823 0.518771 0.00317323
136 0.709823 0.522299 0.00273236
137 0.709823 0.518744 0.0035306
138 0.709823 0.525119 0.00345719
139 0.709823 0.526422 0.00358234
140 0.709823 0.526735 0.0034316
141 0.709823 0.524096 0.00336656
142 0.709823 0.524578 0.00429629
143 0.709823 0.52196 0.00309674
144 0.709823 0.52517 0.00376299
145 0.709823 0.520713 0.00345872
146 0.709823 0.520451 0.00328763
147 0.709823 0.52212 0.00361264
148 0.709823 0.521426 0.00353471
149 0.709823 0.518429 0.00340614
150 0.709823 0.522913 0.0029165
151 0.709823 0.517983 0.00302899
152 0.709823 0.516835 0.0036385
153 0.709823 0.523288 0.00343713
154 0.709823 0.512518 0.00392884
155 0.709823 0.523254 0.00292104
156 0.709823 0.524034 0.00300385
157 0.709823 0.532809 0.00356243
158 0.709823 0.528476 0.00303768
159 0.709823 0.51734 0.00354063
160 0.709823 0.519418 0.00327609
161 0.709823 0.51633 0.00335279
162 0.709823 0.520459 0.00376524
163 0.709823 0.519316 0.00393472
164 0.709823 0.519654 0.00367005
165 0.709823 0.52058 0.00317987
166 0.709823 0.518712 0.00359223
167 0.709823 0.533813 0.00393452
168 0.709823 0.516188 0.00330819
169 0.709823 0.521544 0.00346571
170 0.709823 0.530551 0.00329852
171 0.709823 0.526146 0.00377729
172 0.709823 0.52174 0.00332878
173 0.714477 0.524099 0.0039193
174 0.714477 0.526419 0.00327686
175 0.714477 0.521652 0.00302667
176 0.714477 0.516028 0.00293792
177 0.714477 0.518314 0.00310474
178 0.714477 0.530056 0.00306114
179 0.714477 0.524442 0.00372808
180 0.714477 0.524423 0.00321251
181 0.714477 0.515031 0.00282069
182 0.714477 0.519955 0.00295486
183 0.714477 0.510964 0.00307425
184 0.714477 0.51483 0.00355209
185 0.714477 0.51512 0.00303049
186 0.714477 0.518464 0.00341655
187 0.714477 0.516001 0.00333896
188 0.714477 0.523693 0.00353276
189 0.714477 0.520678 0.00350879
190 0.714477 0.522284 0.00259825
191 0.714477 0.524649 0.00299895
192 0.714477 0.526502 0.00358281
193 0.714477 0.524176 0.00304987
194 0.714477 0.528141 0.00407385
195 0.714477 0.53629 0.00367885
196 0.714477 0.525946 0.00430258
197 0.714477 0.521154 0.00394635
198 0.714477 0.526259 0.00339531
199 0.714477 0.524207 0.0034688
200 0.714477 0.523092 0.00390982
201 0.714477 0.518423 0.00335375
202 0.714477 0.518448 0.00389524
203 0.714477 0.522239 0.00399798
204 0.714477 0.522803 0.00328827
205 0.714477 0.517154 0.0034758
206 0.714477 0.527279 0.00349656
207 0.714477 0.529069 0.00317002
208 0.714477 0.525609 0.00290571
209 0.714477 0.519251 0.00302388
210 0.714477 0.526409 0.00304439
211 0.714477 0.527493 0.00385145
212 0.714477 0.527772 0.00374379
213 0.714477 0.5198 0.00365378
214 0.714477 0.52424 0.00323991
215 0.714477 0.516335 0.00322285
216 0.714477 0.521696 0.00292344
217 0.714477 0.515579 0.00306424
218 0.714477 0.517664 0.00320936
219 0.714477 0.5192 0.00280321
220 0.714477 0.518599 0.00269589
221 0.714477 0.515285 0.00331879
222 0.714477 0.524649 0.00244521
223 0.714477 0.521328 0.00294203
224 0.714477 0.518567 0.00358887
225 0.714477 0.516747 0.00352829
226 0.714477 0.520659 0.00380534
227 0.714477 0.519914 0.00314681
228 0.714477 0.523988 0.00321294
229 0.714477 0.518266 0.00356312
230 0.714477 0.521735 0.00355495
231 0.714477 0.525808 0.00327941
232 0.714477 0.527451 0.00363005
233 0.714477 0.527478 0.00363927
234 0.714477 0.51867 0.00349055
235 0.714477 0.520582 0.00313477
236 0.714477 0.518444 0.00332251
237 0.714477 0.523032 0.00360295
238 0.714477 0.523427 0.00334304
239 0.714477 0.52125 0.00322167
240 0.714477 0.525274 0.00345555
241 0.714477 0.523691 0.00339014
242 0.714477 0.523339 0.00322744
243 0.714477 0.523842 0.00323625
244 0.714477 0.525453 0.00339979
245 0.714477 0.521346 0.00323626
246 0.714477 0.526519 0.00342514
247 0.714477 0.524855 0.00383306
248 0.714477 0.523573 0.00325729
249 0.714477 0.522434 0.00359136
250 0.714477 0.516042 0.00348656
251 0.714477 0.516481 0.00347736
252 0.714477 0.520095 0.00364081
253 0.714477 0.521494 0.00351332
254 0.714477 0.530008 0.00420644
255 0.714477 0.522637 0.00334192
256 0.714477 0.52627 0.00281645
257 0.714477 0.520851 0.00399837
258 0.714477 0.527148 0.00363013
259 0.714477 0.524524 0.00354684
260 0.714477 0.522829 0.00323952
261 0.714477 0.522075 0.00333358
262 0.714477 0.524528 0.00395001
263 0.714477 0.524484 0.00401776
264 0.714477 0.527823 0.00397756
265 0.714477 0.511684 0.00356308
266 0.714477 0.516014 0.00362062
267 0.714477 0.521222 0.0040663
268 0.714477 0.517502 0.00361704
269 0.714477 0.518514 0.00366741
270 0.714477 0.521977 0.00310652
271 0.714477 0.526375 0.00374694
272 0.714477 0.526067 0.00354997
273 0.714477 0.527608 0.00352794
274 0.714477 0.529073 0.00351287
275 0.714477 0.521988 0.00326152
276 0.714477 0.525939 0.00383381
277 0.714477 0.529803 0.00309021
278 0.714477 0.526515 0.00426112
279 0.714477 0.52099 0.00366804
280 0.714477 0.526024 0.00335017
281 0.714477 0.526474 0.00333211
282 0.714477 0.524454 0.00346482
283 0.714477 0.520287 0.00312853
284 0.714477 0.519566 0.00358374
285 0.714477 0.518833 0.00334786
286 0.714477 0.528189 0.00293519
287 0.714477 0.516632 0.00361062
288 0.714477 0.526956 0.00362298
289 0.714477 0.517783 0.00342917
290 0.714477 0.531102 0.0035271
291 0.714915 0.528025 0.00355966
292 0.714915 0.525779 0.00418098
293 0.714915 0.529299 0.00348608
294 0.714915 0.526098 0.00297025
295 0.714915 0.524934 0.00333581
296 0.714915 0.53306 0.00336977
297 0.714915 0.527705 0.00337949
298 0.714915 0.519558 0.00366228
299 0.714915 0.523278 0.00366507
300 0.714915 0.529125 0.00350389
301 0.714915 0.527015 0.00297288
302 0.714915 0.528127 0.00328322
303 0.714915 0.528018 0.00303419
304 0.714915 0.52068 0.00332125
305 0.714915 0.534793 0.00386022
306 0.714915 0.534106 0.00381817
307 0.714915 0.530908 0.00334419
308 0.714915 0.521054 0.00377672
309 0.714915 0.521217 0.00501033
310 0.714915 0.520635 0.00411715
311 0.714915 0.518174 0.00346951
312 0.714915 0.526052 0.00323345
313 0.714915 0.524942 0.00388796
314 0.714915 0.524831 0.00401896
315 0.714915 0.530687 0.00394958
316 0.714915 0.522228 0.00280362
317 0.714915 0.52047 0.00373361
318 0.714915 0.525548 0.00380719
319 0.714915 0.515621 0.00401979
320 0.714915 0.526865 0.00354345
321 0.714915 0.521336 0.00396743
322 0.714915 0.528001 0.00377252
323 0.714915 0.530337 0.00366812
324 0.714915 0.526641 0.00333025
325 0.714915 0.532548 0.00334497
326 0.714915 0.530373 0.00382998
327 0.714915 0.530782 0.00318605
328 0.714915 0.520466 0.00283572
329 0.714915 0.521733 0.00350822
330 0.714915 0.524844 0.00401505
331 0.714915 0.52852 0.00393453
332 0.714915 0.521011 0.00297945
333 0.714915 0.526899 0.00268168
334 0.714915 0.527508 0.00276961
335 0.714915 0.532001 0.0034751
336 0.714915 0.531304 0.00392568
337 0.714915 0.541996 0.00315043
338 0.714915 0.529805 0.0035431
339 0.714915 0.52444 0.00364602
340 0.714915 0.519274 0.00326958
341 0.714915 0.520639 0.00379788
342 0.714915 0.517497 0.00370837
343 0.714915 0.528685 0.00350714
344 0.714915 0.522613 0.00281542
345 0.714915 0.523669 0.00357935
346 0.714915 0.521171 0.0037354
347 0.714915 0.518844 0.00341395
348 0.714915 0.525249 0.00327998
349 0.714915 0.52244 0.00330663
350 0.714915 0.521443 0.00367267
351 0.714915 0.520967 0.00338893
352 0.714915 0.529166 0.00359612
353 0.714915 0.522248 0.00348981
354 0.714915 0.51815 0.00428733
355 0.714915 0.525141 0.00400392
356 0.714915 0.514361 0.00351873
357 0.714915 0.522501 0.00370239
358 0.714915 0.519153 0.00453125
359 0.714915 0.516187 0.0038641
360 0.714915 0.526079 0.0030656
361 0.714915 0.518624 0.00333328
362 0.714915 0.527356 0.00391553
363 0.714915 0.524765 0.00391302
364 0.714915 0.52353 0.00384255
365 0.714915 0.522349 0.0040245
366 0.714915 0.519255 0.00380678
367 0.714915 0.524263 0.00294012
368 0.714915 0.520325 0.00394755
369 0.714915 0.518605 0.00383175
370 0.714915 0.525044 0.00310798
371 0.714915 0.519875 0.00335211
372 0.714915 0.522213 0.00470391
373 0.714915 0.523062 0.00364321
374 0.714915 0.526528 0.00368274
375 0.714915 0.52352 0.00341442
376 0.714915 0.523762 0.00305077
377 0.714915 0.521733 0.00313732
378 0.714915 0.521466 0.00339655
379 0.714915 0.520197 0.00403188
380 0.714915 0.523115 0.00368253
381 0.714915 0.52605 0.00394583
382 0.714915 0.517932 0.00319073
383 0.714915 0.522081 0.00347225
384 0.714915 0.520101 0.00344937
385 0.714915 0.518048 0.00344528
386 0.714915 0.524475 0.00345271
387 0.714915 0.515347 0.00300541
388 0.714915 0.525694 0.00321914
389 0.714915 0.518958 0.00357297
390 0.714915 0.518489 0.00358872
391 0.714915 0.524279 0.00346416
392 0.714915 0.516955 0.00306723
393 0.714915 0.52536 0.0030289
394 0.714915 0.5167 0.00347203
395 0.714915 0.523346 0.00390371
396 0.714915 0.530514 0.003633
397 0.714915 0.527228 0.00349598
398 0.714915 0.535615 0.00361259
399 0.714915 0.528398 0.0033334
400 0.714915 0.533763 0.00359723
401 0.714915 0.539381 0.00352117
402 0.714915 0.527888 0.00392994
403 0.714915 0.524139 0.00384148
404 0.714915 0.525541 0.00370001
405 0.714915 0.52836 0.00333072
406 0.714915 0.521599 0.00357019
407 0.714915 0.526012 0.00335413
408 0.714915 0.526653 0.00337228
409 0.714915 0.516232 0.00313221
410 0.714915 0.527623 0.00326529
411 0.714915 0.522081 0.00336906
412 0.714915 0.52088 0.00281196
413 0.714915 0.519502 0.00346694
414 0.714915 0.530422 0.00307323
415 0.714915 0.525744 0.00347236
416 0.714915 0.521219 0.00335175
417 0.714915 0.523155 0.00349423
418 0.714915 0.520019 0.00395745
419 0.714915 0.522775 0.00382159
420 0.714915 0.523023 0.00374928
421 0.714915 0.521824 0.00309325
422 0.724708 0.52617 0.00370887
423 0.724708 0.521146 0.00300189
424 0.724708 0.51549 0.00366991
425 0.724708 0.511895 0.00364585
426 0.724708 0.516341 0.00342182
427 0.724708 0.520508 0.00364316
428 0.724708 0.523139 0.00335014
429 0.724708 0.525216 0.00334117
430 0.724708 0.52591 0.00317951
431 0.724708 0.520767 0.00307275
432 0.724708 0.516136 0.00348838
433 0.724708 0.515561 0.00353581
434 0.724708 0.517254 0.00415485
435 0.724708 0.524695 0.0032544
436 0.724708 0.521062 0.00308131
437 0.724708 0.525743 0.00303091
438 0.724708 0.517005 0.00333488
439 0.724708 0.513365 0.00338473
440 0.724708 0.519685 0.00329265
441 0.724708 0.519622 0.00323276
442 0.724708 0.518578 0.00325408
443 0.724708 0.519546 0.00395775
444 0.724708 0.519809 0.0032671
445 0.724708 0.518955 0.00365168
446 0.724708 0.518761 0.00360725
447 0.724708 0.518736 0.00314221
448 0.724708 0.522947 0.00362613
449 0.724708 0.52094 0.00329465
450 0.724708 0.517857 0.00360123
451 0.724708 0.520748 0.00309544
452 0.724708 0.521891 0.00371257
453 0.724708 0.516742 0.00355853
454 0.724708 0.521478 0.00375303
455 0.724708 0.517605 0.00346356
456 0.724708 0.520561 0.00350222
457 0.724708 0.517979 0.00356312
458 0.724708 0.520989 0.00361974
459 0.724708 0.514711 0.00356394
460 0.724708 0.513285 0.00357062
461 0.724708 0.521905 0.00330952
462 0.724708 0.520714 0.00324218
463 0.724708 0.517474 0.0039156
464 0.724708 0.519035 0.00341571
465 0.724708 0.515034 0.003436
466 0.724708 0.512348 0.00343585
467 0.724708 0.521723 0.00278711
468 0.724708 0.523809 0.0036528
469 0.724708 0.526001 0.00309424
470 0.724708 0.527256 0.00275629
471 0.724708 0.525709 0.00360965
472 0.724708 0.517951 0.0036549
473 0.724708 0.523099 0.0034511
474 0.724708 0.522463 0.00320343
475 0.724708 0.521057 0.00301203
476 0.724708 0.52073 0.00338484
477 0.724708 0.523489 0.00378981
478 0.724708 0.522162 0.00308871
479 0.724708 0.523345 0.00336661
480 0.724708 0.530668 0.0034619
481 0.724708 0.522833 0.00373121
482 0.724708 0.52954 0.00328979
483 0.724708 0.52719 0.00351186
484 0.724708 0.52365 0.00316502
485 0.724708 0.522734 0.00368611
486 0.724708 0.515064 0.00384989
487 0.724708 0.527703 0.00359574
488 0.724708 0.518545 0.00360031
489 0.724708 0.519595 0.00336055
490 0.724708 0.524972 0.00329281
491 0.724708 0.525528 0.00331687
492 0.724708 0.529885 0.00349329
493 0.724708 0.522664 0.00333386
494 0.724708 0.517026 0.00315246
495 0.724708 0.526159 0.00335691
496 0.724708 0.52029 0.0040149
497 0.724708 0.521325 0.00334402
498 0.724708 0.514839 0.00354224
499 0.724708 0.522448 0.00346387
500 0.724708 0.520249 0.0036848
501 0.724708 0.516043 0.00324973
502 0.724708 0.530104 0.00405915
503 0.724708 0.527825 0.00285487
504 0.724708 0.517812 0.00308592
505 0.724708 0.523663 0.00298746
506 0.724708 0.527158 0.00361988
507 0.724708 0.524289 0.00366114
508 0.724708 0.523646 0.00368026
509 0.724708 0.51853 0.0034477
510 0.724708 0.521083 0.00379815
511 0.724708 0.528307 0.00408285
512 0.724708 0.517851 0.00367995
513 0.724708 0.520651 0.0040642
514 0.724708 0.514452 0.0035141
515 0.724708 0.526974 0.00337649
516 0.724708 0.519398 0.00345619
517 0.724708 0.527181 0.00367801
518 0.724708 0.516891 0.00362165
519 0.724708 0.522179 0.0031499
520 0.724708 0.522295 0.00361947
521 0.724708 0.522333 0.0042859
522 0.724708 0.527958 0.00318519
523 0.724708 0.521872 0.00381009
524 0.724708 0.523241 0.00392532
525 0.724708 0.528185 0.00340462
526 0.724708 0.520879 0.00309038
527 0.724708 0.528504 0.00317975
528 0.724708 0.525639 0.00335618
529 0.724708 0.527575 0.00330034
530 0.724708 0.521476 0.00300895
531 0.724708 0.522225 0.00358591
532 0.724708 0.52071 0.00317248
533 0.724708 0.521615 0.00319496
534 0.724708 0.530587 0.00379134
535 0.724708 0.523509 0.003971
536 0.724708 0.521238 0.00367596
537 0.724708 0.518829 0.00318135
538 0.724708 0.529454 0.00345339
539 0.724708 0.528519 0.00305384
540 0.724708 0.521679 0.00322442
541 0.724708 0.518806 0.00351811
542 0.724708 0.530206 0.00286206
543 0.724708 0.52489 0.00347221
544 0.724708 0.521363 0.00371312
545 0.724708 0.527844 0.00349662
546 0.724708 0.52186 0.00347924
547 0.724708 0.52051 0.00315014
548 0.724708 0.522997 0.00306581
549 0.724708 0.524577 0.00406236
550 0.724708 0.528368 0.0038045
551 0.724708 0.526444 0.00346456
552 0.724708 0.525118 0.00334604
553 0.724708 0.516906 0.00329981
554 0.724708 0.522499 0.00310209
555 0.724708 0.529095 0.003663
556 0.724708 0.521596 0.00354841
557 0.724708 0.526789 0.00341013
558 0.724708 0.523868 0.00376324
559 0.724708 0.521992 0.0032559
560 0.724708 0.519663 0.00361024
561 0.724708 0.521889 0.00315956
562 0.724708 0.526918 0.00329995
563 0.724708 0.531946 0.00361332
564 0.724708 0.524665 0.00320365
565 0.724708 0.51973 0.00399342
566 0.724708 0.520555 0.00365598
567 0.724708 0.517791 0.0042835
568 0.724708 0.523984 0.00334921
569 0.724708 0.52086 0.00410327
570 0.724708 0.521614 0.00370938
571 0.724708 0.516427 0.00329735
572 0.724708 0.525934 0.00304812
573 0.724708 0.521785 0.00318768
574 0.724708 0.515251 0.00414002
575 0.724708 0.514053 0.00351618
576 0.724708 0.527014 0.00347306
577 0.724708 0.532479 0.00394924
578 0.724708 0.519072 0.00397991
579 0.724708 0.515264 0.00353741
580 0.724708 0.522872 0.00328806
581 0.724708 0.530348 0.00344155
582 0.724708 0.525612 0.00350532
583 0.724708 0.526297 0.0039099
584 0.724708 0.521653 0.00378761
585 0.724708 0.526582 0.00374331
586 0.724708 0.527405 0.00403745
587 0.724708 0.526213 0.00371463
588 0.724708 0.521055 0.00357202
589 0.724708 0.517021 0.00325211
590 0.724708 0.52151 0.00349102
591 0.724708 0.522688 0.00355517
592 0.724708 0.513968 0.00371382
593 0.724708 0.519025 0.00348758
594 0.724708 0.519162 0.00316299
595 0.724708 0.515378 0.00358579
596 0.724708 0.521769 0.0037427
597 0.724708 0.522599 0.00373287
598 0.724708 0.517801 0.00359481
599 0.724708 0.517792 0.00362547
600 0.724708 0.51879 0.00342625
601 0.724708 0.520718 0.00313373
602 0.724708 0.516901 0.00336489
603 0.724708 0.522611 0.00329554
604 0.724708 0.518877 0.00354986
605 0.724708 0.526902 0.00340655
606 0.724708 0.52369 0.00298798
607 0.724708 0.526818 0.00373994
608 0.724708 0.527245 0.00449091
609 0.724708 0.524475 0.00355762
610 0.724708 0.524722 0.00356837
611 0.724708 0.5321 0.00363071
612 0.724708 0.525104 0.00407667
613 0.724708 0.527095 0.00391201
614 0.724708 0.533286 0.00355546
615 0.724708 0.526428 0.00365823
616 0.724708 0.523992 0.00428783
617 0.724708 0.522918 0.00354847
618 0.724708 0.526619 0.00368365
619 0.724708 0.515173 0.00336645
620 0.724708 0.527622 0.00321941
621 0.724708 0.528979 0.00360827
622 0.724708 0.522668 0.00354005
623 0.724708 0.523607 0.00370695
624 0.724708 0.528628 0.00316724
625 0.724708 0.520455 0.00383565
626 0.724708 0.523177 0.00340889
627 0.724708 0.525426 0.00401072
628 0.724708 0.523061 0.00342444
629 0.724708 0.53068 0.00359296
630 0.724708 0.521325 0.00298846
631 0.724708 0.522978 0.00362317
632 0.724708 0.521459 0.00340914
633 0.724708 0.523271 0.00307882
634 0.724708 0.516726 0.00325226
635 0.724708 0.528602 0.00333927
636 0.724708 0.5217 0.00354269
637 0.724708 0.515764 0.00382537
638 0.724708 0.517782 0.00392522
639 0.724708 0.522831 0.00312928
640 0.724708 0.523005 0.00374551
641 0.724708 0.514832 0.00423067
642 0.724708 0.525618 0.00363377
643 0.724708 0.516325 0.00353234
644 0.724708 0.525372 0.00381423
645 0.724708 0.522412 0.00361851
646 0.724708 0.531261 0.00399876
647 0.724708 0.522463 0.00367109
648 0.724708 0.523324 0.00336257
649 0.724708 0.519406 0.0031848
650 0.724708 0.519817 0.00329227
651 0.724708 0.515553 0.00372536
652 0.724708 0.513973 0.00384205
653 0.724708 0.517235 0.00416579
654 0.724708 0.515901 0.004051
655 0.724708 0.523 0.00368782
656 0.724708 0.523942 0.0037924
657 0.724708 0.523365 0.00310204
658 0.724708 0.527124 0.00310055
659 0.724708 0.524264 0.0038972
660 0.724708 0.524278 0.00351753
661 0.724708 0.519138 0.00386768
662 0.724708 0.517126 0.00410136
663 0.724708 0.528709 0.00348252
664 0.724708 0.519216 0.00356634
665 0.728957 0.511808 0.00439748
666 0.728957 0.523955 0.0037137
667 0.730663 0.527446 0.00439624
668 0.730663 0.517992 0.00369437
669 0.730663 0.527941 0.00415086
670 0.730663 0.530439 0.00388264
671 0.730663 0.522966 0.00444778
672 0.730663 0.524596 0.00427305
673 0.730663 0.523621 0.00477962
674 0.730663 0.521092 0.00370192
675 0.730663 0.520554 0.00338855
676 0.730663 0.520426 0.00412921
677 0.730663 0.519102 0.00467235
678 0.730663 0.532349 0.00376044
679 0.730663 0.525405 0.00369148
680 0.730663 0.515776 0.00358123
681 0.730663 0.523746 0.00372849
682 0.730663 0.526833 0.00368626
683 0.730663 0.526353 0.00395012
684 0.730663 0.51754 0.00379951
685 0.730663 0.517025 0.00401299
686 0.730663 0.529364 0.00433028
687 0.730663 0.524035 0.00394348
688 0.730663 0.521728 0.00405436
689 0.730663 0.52459 0.00362483
690 0.730663 0.522092 0.00393121
691 0.730663 0.51686 0.00455528
692 0.730663 0.515761 0.0036847
693 0.730663 0.514598 0.00370101
694 0.730663 0.519467 0.00408622
695 0.730663 0.522135 0.00444013
696 0.730663 0.521221 0.00362168
697 0.730663 0.513882 0.00394765
698 0.730663 0.514515 0.00374707
699 0.730663 0.518528 0.00395584
700 0.730663 0.524557 0.003565
701 0.730663 0.522533 0.00350569
702 0.730663 0.522276 0.00386129
703 0.730663 0.521366 0.00329188
704 0.730663 0.521295 0.00360813
705 0.730663 0.521778 0.00410953
706 0.730663 0.516894 0.00394278
707 0.730663 0.522327 0.00353126
708 0.730663 0.524899 0.00391537
709 0.730663 0.528524 0.00343805
710 0.730663 0.520818 0.00426211
711 0.730663 0.5288 0.00371238
712 0.730663 0.519624 0.00373535
713 0.730663 0.51969 0.00361115
714 0.730663 0.519737 0.00317177
715 0.730663 0.518437 0.00320129
716 0.730663 0.510809 0.00361627
717 0.730663 0.509973 0.00397582
718 0.730663 0.507344 0.00353989
719 0.730663 0.511942 0.00333056
720 0.730663 0.517172 0.00358817
721 0.730663 0.518561 0.00337733
722 0.730663 0.516957 0.00394667
723 0.730663 0.519024 0.00278642
724 0.730663 0.516087 0.00332047
725 0.730663 0.524938 0.00358331
726 0.730663 0.527959 0.00400259
727 0.730663 0.526485 0.00338227
728 0.730663 0.526338 0.0037907
729 0.730663 0.520867 0.00370231
730 0.734301 0.520515 0.00350512
731 0.734301 0.508073 0.00323801
732 0.734301 0.519569 0.00387686
733 0.734301 0.509049 0.00348427
734 0.734301 0.526705 0.00348104
735 0.734301 0.524413 0.00351411
736 0.734301 0.513995 0.00334004
737 0.734301 0.514102 0.00351117
738 0.734301 0.517913 0.00368129
739 0.734301 0.516297 0.00346123
740 0.734301 0.514416 0.00323714
741 0.734301 0.522063 0.00348297
742 0.734301 0.516536 0.00328853
743 0.734301 0.523719 0.00302429
744 0.734301 0.515333 0.00370314
745 0.734301 0.515995 0.00375352
746 0.734301 0.525706 0.00320801
747 0.734301 0.527905 0.00335128
748 0.734301 0.520892 0.00355329
749 0.734301 0.526737 0.00377691
750 0.734301 0.51845 0.0032872
751 0.734301 0.519593 0.00384476
752 0.734301 0.516919 0.00392199
753 0.734301 0.524826 0.00356968
754 0.734301 0.526385 0.0045096
755 0.734301 0.522702 0.00373462
756 0.734301 0.522443 0.0039929
757 0.734301 0.522054 0.00410957
758 0.734301 0.526697 0.00413386
759 0.734301 0.517682 0.00396926
760 0.734301 0.522112 0.00373377
761 0.734301 0.526773 0.00375614
762 0.734301 0.52596 0.00351054
763 0.734301 0.523745 0.00394694
764 0.734301 0.519181 0.00412394
765 0.734301 0.520087 0.00337982
766 0.734301 0.522575 0.00334872
767 0.734301 0.520538 0.00393843
768 0.734301 0.527086 0.00339299
769 0.734301 0.517716 0.00380762
770 0.734301 0.52069 0.00330523
771 0.734301 0.521449 0.0032863
772 0.734301 0.518998 0.00399163
773 0.734301 0.520755 0.00352231
774 0.734301 0.517995 0.00363718
775 0.734301 0.525756 0.00369468
776 0.734301 0.516837 0.00362273
777 0.734301 0.520897 0.00350186
778 0.734301 0.523616 0.0035362
779 0.734301 0.532175 0.00316527
780 0.734301 0.528437 0.00318701
781 0.734301 0.523653 0.00353286
782 0.734301 0.526048 0.00396408
783 0.734301 0.527525 0.00357419
784 0.734301 0.530416 0.00346051
785 0.734301 0.534406 0.00424703
786 0.734301 0.532844 0.00350639
787 0.734301 0.527229 0.00347172
788 0.734301 0.526893 0.00405316
789 0.734301 0.530046 0.00391725
790 0.734301 0.52827 0.00359783
791 0.734301 0.53033 0.00379195
792 0.734301 0.524061 0.00373924
793 0.734301 0.525003 0.00412385
794 0.734301 0.522844 0.00341315
795 0.734301 0.526453 0.00346997
796 0.734301 0.525829 0.00377475
797 0.734301 0.528018 0.00465028
798 0.734301 0.524799 0.00303741
799 0.734301 0.526734 0.00367101
800 0.734301 0.527475 0.00348982
801 0.734301 0.531155 0.00392875
802 0.734301 0.533269 0.00349585
803 0.734301 0.528868 0.00375462
804 0.734301 0.527291 0.00384821
805 0.734301 0.528161 0.00373951
806 0.734301 0.525964 0.00414038
807 0.734301 0.533955 0.00411365
808 0.734301 0.522677 0.00433731
809 0.734301 0.523483 0.00394475
810 0.734301 0.528428 0.0038534
811 0.734301 0.522681 0.00355116
812 0.734301 0.525142 0.0037676
813 0.734301 0.526874 0.00433751
814 0.734301 0.523267 0.00374316
815 0.734301 0.531492 0.00339774
816 0.734301 0.5259 0.00387957
817 0.734301 0.517339 0.00391034
818 0.734301 0.524024 0.00389632
819 0.734301 0.52491 0.00316166
820 0.734301 0.527483 0.00352489
821 0.734301 0.525731 0.00356569
822 0.734301 0.522308 0.0036915
823 0.734301 0.519243 0.00349516
824 0.734301 0.529602 0.00366038
825 0.734301 0.523414 0.00338542
826 0.734301 0.517018 0.00388314
827 0.734301 0.523833 0.00359183
828 0.734301 0.521543 0.00324055
829 0.734301 0.52802 0.00338281
830 0.734301 0.520649 0.00333346
831 0.734301 0.52374 0.00321574
832 0.734301 0.521665 0.00352976
833 0.734301 0.519049 0.00323288
834 0.734301 0.528072 0.00364565
835 0.734301 0.51807 0.00338245
836 0.734301 0.516633 0.00352921
837 0.734301 0.5179 0.00334231
838 0.734301 0.520217 0.00388302
839 0.734301 0.514848 0.00403159
840 0.734301 0.517008 0.00345065
841 0.734301 0.508564 0.0038292
842 0.734301 0.520804 0.00343915
843 0.734301 0.52099 0.00329297
844 0.734301 0.521671 0.00373107
845 0.734301 0.520841 0.00396522
846 0.734301 0.522066 0.00365675
847 0.734301 0.518939 0.00346611
848 0.734301 0.521667 0.00370868
849 0.734301 0.522693 0.00352522
850 0.734301 0.516767 0.00390859
851 0.734301 0.514419 0.00365869
852 0.734301 0.514927 0.0038381
853 0.734301 0.512887 0.00353475
854 0.734301 0.516648 0.00311846
855 0.734301 0.512436 0.00333642
856 0.734301 0.512961 0.00405548
857 0.734301 0.514628 0.00371148
858 0.734301 0.525354 0.00377236
859 0.734301 0.521703 0.00461606
860 0.734301 0.517055 0.00425204
861 0.734301 0.514595 0.0037772
862 0.734301 0.518878 0.00367935
863 0.734301 0.513672 0.00405462
864 0.734301 0.51187 0.00484391
865 0.734301 0.520319 0.00384189
866 0.734301 0.512343 0.00465537
867 0.734301 0.51243 0.00385882
868 0.734301 0.51423 0.00372169
869 0.734301 0.511153 0.00414177
870 0.734301 0.518931 0.00369382
871 0.734301 0.512912 0.00375756
872 0.734301 0.519422 0.00378732
873 0.734301 0.515836 0.00442351
874 0.734301 0.511135 0.00438499
875 0.734301 0.515367 0.00450335
876 0.734301 0.519247 0.0043447
877 0.734301 0.515988 0.0039268
878 0.734301 0.520825 0.00372796
879 0.734301 0.524048 0.00342531
880 0.734301 0.519678 0.00423861
881 0.734301 0.518011 0.00368631
882 0.734301 0.513532 0.0035828
883 0.734301 0.514425 0.00397485
884 0.734301 0.520574 0.00357923
885 0.734301 0.517457 0.00358091
886 0.734301 0.515315 0.00422456
887 0.734301 0.520008 0.00335134
888 0.734301 0.518396 0.00337921
889 0.734301 0.518571 0.00367093
890 0.734301 0.528004 0.00347028
891 0.734301 0.525069 0.00393155
892 0.734301 0.521445 0.00390123
893 0.734301 0.519207 0.00406884
894 0.734301 0.521743 0.00374237
895 0.734301 0.523322 0.00337721
896 0.734301 0.519659 0.00309822
897 0.734301 0.516068 0.00357329
898 0.734301 0.517082 0.00376926
899 0.734301 0.524175 0.00401615
900 0.734301 0.532912 0.0041953
901 0.734301 0.527981 0.00375528
902 0.734301 0.528397 0.00324069
903 0.734301 0.522061 0.00445097
904 0.734301 0.52177 0.00383825
905 0.734301 0.509096 0.00390971
906 0.734301 0.510951 0.00371697
907 0.734301 0.513681 0.00371509
908 0.734301 0.51133 0.00385751
909 0.734301 0.518618 0.0034641
910 0.734301 0.517428 0.00348967
911 0.734301 0.518171 0.00332709
912 0.734301 0.523312 0.00385336
913 0.734301 0.517347 0.00367129
914 0.734301 0.520063 0.00428581
915 0.734301 0.525575 0.00407836
916 0.734301 0.525571 0.00397704
917 0.734301 0.519702 0.00433655
918 0.734301 0.518781 0.00410698
919 0.734301 0.512672 0.00363152
920 0.734301 0.529549 0.00359761
921 0.734301 0.524982 0.00349744
922 0.734301 0.515422 0.00409153
923 0.734301 0.527934 0.00426817
924 0.734301 0.519724 0.00442696
925 0.734301 0.520672 0.00485057
926 0.734301 0.514717 0.00345023
927 0.734301 0.519086 0.00379759
928 0.734301 0.519979 0.00360813
929 0.734301 0.516569 0.00345762
930 0.734301 0.513607 0.00382571
931 0.734301 0.518265 0.00382319
932 0.734301 0.513251 0.00378093
933 0.734301 0.518598 0.00340722
934 0.734301 0.510153 0.00366243
935 0.734301 0.519777 0.00323203
936 0.734301 0.520079 0.0041662
937 0.734301 0.521597 0.00457984
938 0.734301 0.526783 0.00352627
939 0.734301 0.517915 0.00501891
940 0.734301 0.522327 0.00387862
941 0.734301 0.522619 0.00386558
942 0.734301 0.523356 0.0039263
943 0.734301 0.517829 0.00349401
944 0.734301 0.519717 0.00407712
945 0.734301 0.521701 0.00325281
946 0.734301 0.52232 0.00406847
947 0.734301 0.518535 0.00434698
948 0.734301 0.518258 0.00398994
949 0.734301 0.527365 0.00373712
950 0.734301 0.517705 0.0046505
951 0.734301 0.525593 0.00351784
952 0.734301 0.52929 0.00319196
953 0.734301 0.530544 0.00413459
954 0.734301 0.527682 0.0040107
955 0.734301 0.524054 0.00362572
956 0.734301 0.52544 0.00348183
957 0.734301 0.518018 0.00341888
958 0.734301 0.531195 0.00360831
959 0.734301 0.527478 0.00364118
960 0.734301 0.527845 0.00438693
961 0.734301 0.526841 0.00349489
962 0.734301 0.521401 0.00344325
963 0.734301 0.521384 0.00386242
964 0.734301 0.52508 0.00341822
965 0.734301 0.522992 0.0034184
966 0.734301 0.520654 0.00423752
967 0.734301 0.524031 0.00384108
968 0.734301 0.512236 0.00358647
969 0.734301 0.523499 0.00306451
970 0.734301 0.523671 0.00383915
971 0.734301 0.517072 0.00405933
972 0.734301 0.521435 0.00291649
973 0.734301 0.525324 0.00346857
974 0.734301 0.525417 0.00392868
975 0.734301 0.529617 0.00362024
976 0.734301 0.52553 0.00372291
977 0.734301 0.525578 0.00342694
978 0.734301 0.530412 0.00371548
979 0.734301 0.525277 0.00413438
980 0.734301 0.527971 0.00373957
981 0.734301 0.524126 0.00342555
982 0.734301 0.524433 0.00360422
983 0.734301 0.519183 0.0035091
984 0.734301 0.521434 0.00308525
985 0.734301 0.521909 0.00329985
986 0.734301 0.528755 0.00402448
987 0.734301 0.523074 0.00458974
988 0.734301 0.52468 0.00394534
989 0.734301 0.525646 0.00311532
990 0.734301 0.529504 0.00386289
991 0.734301 0.521362 0.00357388
992 0.734301 0.529766 0.0034173
993 0.734301 0.527883 0.00351273
994 0.734301 0.528241 0.00335791
995 0.734301 0.525124 0.00370612
996 0.734301 0.53024 0.00369218
997 0.734301 0.531934 0.00350883
998 0.734301 0.524189 0.00388677
999 0.734301 0.527301 0.00352508
1000 0.734301 0.525916 0.00368353
1001 0.734301 0.525513 0.00427162
1002 0.734301 0.533273 0.00390557
1003 0.734301 0.527179 0.00352866
1004 0.734301 0.524196 0.00412122
1005 0.734301 0.517237 0.00361513
1006 0.734301 0.526267 0.00441818
1007 0.734301 0.525894 0.00413675
1008 0.734301 0.519732 0.00341209
1009 0.734301 0.527551 0.00470446
1010 0.734301 0.534792 0.0039817
1011 0.734301 0.529247 0.00355976
1012 0.734301 0.528396 0.00374745
1013 0.734301 0.528302 0.00358581
1014 0.734301 0.533114 0.00374732
1015 0.734301 0.532149 0.00367507
1016 0.734301 0.532008 0.00382313
1017 0.734301 0.526305 0.00381409
1018 0.734301 0.52662 0.00353983
1019 0.734301 0.526827 0.00428891
1020 0.734301 0.523567 0.00422647
1021 0.734301 0.526601 0.00431873
1022 0.734301 0.536742 0.00325516
1023 0.734301 0.523577 0.004035
1024 0.734301 0.536386 0.00392794
1025 0.734301 0.528941 0.00387582
1026 0.734301 0.527956 0.00365598
1027 0.734301 0.524007 0.00356896
1028 0.734301 0.528036 0.00375837
1029 0.734301 0.521058 0.00376364
1030 0.734301 0.521574 0.00395617
1031 0.734301 0.523965 0.00345732
1032 0.734301 0.529391 0.00338828
1033 0.734301 0.525459 0.00386216
1034 0.734301 0.533022 0.00367771
1035 0.734301 0.530978 0.00417536
1036 0.734301 0.527177 0.00333456
1037 0.734301 0.526406 0.00316914
1038 0.734301 0.523661 0.00397223
1039 0.734301 0.526911 0.00337152
1040 0.734301 0.52357 0.00364183
1041 0.734301 0.527084 0.00355807
1042 0.734301 0.521961 0.00372508
1043 0.734301 0.523971 0.00411353
1044 0.734301 0.526045 0.00358374
1045 0.734301 0.524975 0.00380143
1046 0.734301 0.52994 0.00352439
1047 0.734301 0.532381 0.00352954
1048 0.734301 0.529846 0.00379091
1049 0.734301 0.528772 0.00342447
1050 0.734301 0.521873 0.00357678
1051 0.734301 0.524701 0.00348187
1052 0.734301 0.522946 0.0040404
1053 0.734301 0.517373 0.00349174
1054 0.734301 0.518136 0.00528733
1055 0.734301 0.525375 0.00350321
1056 0.734301 0.52138 0.00357149
1057 0.734301 0.524516 0.00365559
1058 0.734301 0.521594 0.00391207
1059 0.734301 0.524522 0.00347792
1060 0.734301 0.519436 0.00406367
1061 0.734301 0.522191 0.0034559
1062 0.734301 0.524635 0.00362789
1063 0.734301 0.514377 0.00388255
1064 0.734301 0.522922 0.00355534
1065 0.734301 0.526248 0.00335614
1066 0.734301 0.52013 0.00447154
1067 0.734301 0.528146 0.00396102
1068 0.734301 0.525023 0.00340154
1069 0.734301 0.519908 0.00405305
1070 0.734301 0.518312 0.00373095
1071 0.734301 0.513162 0.0038346
1072 0.734301 0.51605 0.00369075
1073 0.734301 0.520153 0.00323576
1074 0.734301 0.517561 0.00327327
1075 0.734301 0.518472 0.00364684
1076 0.734301 0.518357 0.00344233
1077 0.734301 0.513102 0.00375304
1078 0.734301 0.521165 0.00408191
1079 0.734301 0.518197 0.00398927
1080 0.734301 0.521798 0.00323032
1081 0.734301 0.518905 0.00426668
1082 0.734301 0.523186 0.00410672
1083 0.734301 0.519334 0.00364423
1084 0.734301 0.526409 0.00336134
1085 0.734301 0.52296 0.00441194
1086 0.734301 0.517105 0.00410238
1087 0.734301 0.527584 0.00401206
1088 0.734301 0.522799 0.00433576
1089 0.734301 0.524881 0.00428959
1090 0.734301 0.525693 0.00372476
1091 0.734301 0.511874 0.00351226
1092 0.734301 0.505663 0.00392726
1093 0.734301 0.516575 0.00385709
1094 0.734301 0.515551 0.00372671
1095 0.734301 0.516914 0.00372486
1096 0.734301 0.523919 0.00441053
1097 0.734301 0.526426 0.00379765
1098 0.734301 0.523716 0.00399475
1099 0.734301 0.517596 0.0044517
1100 0.734301 0.522236 0.00358791
1101 0.734301 0.519655 0.00330695
1102 0.734301 0.52389 0.00384577
1103 0.734301 0.532138 0.0040767
1104 0.734301 0.521705 0.00403243
1105 0.734301 0.521642 0.00441025
1106 0.734301 0.518846 0.00396177
1107 0.734301 0.522301 0.00383582
1108 0.734301 0.516745 0.00386823
1109 0.734301 0.515523 0.00343936
1110 0.734301 0.52161 0.00350718
1111 0.734301 0.521159 0.00403433
1112 0.734301 0.520214 0.00426054
1113 0.734301 0.525015 0.00354875
1114 0.734301 0.522737 0.00342505
1115 0.734301 0.525566 0.00413427
1116 0.734301 0.525854 0.00405442
1117 0.734301 0.51591 0.0055828
1118 0.734301 0.512374 0.00419867
1119 0.734301 0.520526 0.00400337
1120 0.734301 0.52846 0.00479397
1121 0.734301 0.520478 0.00493536
1122 0.734301 0.511417 0.00419328
1123 0.734301 0.520965 0.00397679
1124 0.734301 0.521697 0.00330803
1125 0.734301 0.519192 0.00441835
1126 0.734301 0.514669 0.0042272
1127 0.734301 0.518311 0.00403356
1128 0.734301 0.52019 0.00364564
1129 0.734301 0.52231 0.00401829
1130 0.734301 0.523188 0.00390054
1131 0.734301 0.522586 0.0029678
1132 0.734301 0.52207 0.00344948
1133 0.734301 0.522114 0.00396933
1134 0.734301 0.511589 0.0036084
1135 0.734301 0.511553 0.00395504
1136 0.734301 0.51115 0.00380085
1137 0.734301 0.522325 0.00385216
1138 0.734301 0.518964 0.0040248
1139 0.734301 0.517282 0.00364232
1140 0.734301 0.523518 0.00348213
1141 0.734301 0.5274 0.00359769
1142 0.734301 0.529484 0.00387403
1143 0.734301 0.521251 0.00402447
1144 0.734301 0.520586 0.00353474
1145 0.734301 0.526567 0.00340981
1146 0.734301 0.521328 0.00359988
1147 0.734301 0.525176 0.00331377
1148 0.734301 0.524992 0.00362948
1149 0.734301 0.528968 0.00329094
1150 0.734301 0.521345 0.00358155
1151 0.734301 0.5217 0.00415579
1152 0.734301 0.517804 0.0036308
1153 0.734301 0.524915 0.00361331
1154 0.734301 0.521691 0.00391439
1155 0.734301 0.523266 0.00400428
1156 0.734301 0.517743 0.0034574
1157 0.734301 0.520944 0.00402802
1158 0.734301 0.521522 0.0033148
1159 0.734301 0.530002 0.00393943
1160 0.734301 0.522663 0.00384274
1161 0.734301 0.523461 0.00380224
1162 0.734301 0.526909 0.00368499
1163 0.734301 0.527169 0.00354837
1164 0.734301 0.520203 0.00350279
1165 0.734301 0.519839 0.00403247
1166 0.734301 0.519068 0.00408656
1167 0.734301 0.519635 0.003926
1168 0.734301 0.520866 0.00375737
1169 0.734301 0.526751 0.00373448
1170 0.734301 0.522465 0.00461356
1171 0.734301 0.522799 0.00372831
1172 0.734301 0.520269 0.0039504
1173 0.734301 0.522687 0.00350523
1174 0.734301 0.525166 0.00371537
1175 0.734301 0.530923 0.0036233
1176 0.734301 0.524938 0.0039957
1177 0.734301 0.524007 0.00387652
1178 0.734301 0.521559 0.00422081
1179 0.734301 0.514409 0.0039915
1180 0.734301 0.522908 0.00342659
1181 0.734301 0.517815 0.0040307
1182 0.734301 0.526825 0.00420349
1183 0.734301 0.523185 0.0042182
1184 0.734301 0.520041 0.00380445
1185 0.734301 0.515496 0.00369159
1186 0.734301 0.51686 0.00488217
1187 0.734301 0.520547 0.00421941
1188 0.734301 0.522699 0.00345011
1189 0.734301 0.517619 0.00369776
1190 0.734301 0.52243 0.00328168
1191 0.734301 0.520457 0.00337599
1192 0.734301 0.519519 0.00378871
1193 0.734301 0.514974 0.00351208
1194 0.734301 0.519306 0.0035143
1195 0.734301 0.519659 0.00363404
1196 0.734301 0.517287 0.00365509
1197 0.734301 0.520296 0.00388747
1198 0.734301 0.528358 0.0035813
1199 0.734301 0.528627 0.00340777
1200 0.734301 0.51634 0.00370651
1201 0.734301 0.52559 0.00417599
1202 0.734301 0.523886 0.00370379
1203 0.734301 0.513557 0.00414398
1204 0.734301 0.524845 0.00368257
1205 0.734301 0.520489 0.00456118
1206 0.734301 0.524808 0.00413265
1207 0.734301 0.515706 0.00391368
1208 0.734301 0.524317 0.00375624
1209 0.734301 0.519556 0.00431045
1210 0.734301 0.527458 0.00381692
1211 0.734301 0.521889 0.00345595
1212 0.734301 0.523655 0.00397008
1213 0.734301 0.518962 0.00399221
1214 0.734301 0.516386 0.00407927
1215 0.734301 0.524256 0.00427364
1216 0.734301 0.518308 0.00387027
1217 0.734301 0.518895 0.00396204
1218 0.734301 0.526015 0.00388515
1219 0.734301 0.51997 0.00391783
1220 0.734301 0.525462 0.00444051
1221 0.734301 0.520802 0.00338333
1222 0.734301 0.51488 0.00370989
1223 0.734301 0.517549 0.00357948
1224 0.734301 0.525324 0.00391013
1225 0.734301 0.520699 0.00373076
1226 0.734301 0.52049 0.00404999
1227 0.734301 0.524005 0.00388795
1228 0.734301 0.527026 0.00438126
1229 0.734301 0.52203 0.00419668
1230 0.734301 0.527278 0.00383422
1231 0.734301 0.534084 0.00364315
1232 0.734301 0.525795 0.00411191
1233 0.734301 0.526423 0.00348894
1234 0.734301 0.523393 0.0039858
1235 0.734301 0.522779 0.00369853
1236 0.734301 0.529709 0.00386996
1237 0.734301 0.531984 0.00378729
1238 0.734301 0.529955 0.00465078
1239 0.734301 0.533518 0.00415226
1240 0.734301 0.527963 0.00390601
1241 0.734301 0.525975 0.00347492
1242 0.734301 0.526789 0.00346757
1243 0.734301 0.52448 0.00423726
1244 0.734301 0.52786 0.00360693
1245 0.734301 0.525803 0.0039197
1246 0.734301 0.519992 0.00384195
1247 0.734301 0.522175 0.00349537
1248 0.734301 0.528123 0.00440201
1249 0.734301 0.523073 0.00384356
1250 0.734301 0.521821 0.00409288
1251 0.734301 0.519301 0.00414085
1252 0.734301 0.523955 0.00423511
1253 0.734301 0.526938 0.00347675
1254 0.734301 0.524902 0.00338975
1255 0.734301 0.522908 0.00383777
1256 0.734301 0.527455 0.00363214
1257 0.734301 0.519344 0.00351366
1258 0.734301 0.527675 0.00376585
1259 0.734301 0.526101 0.00361567
1260 0.734301 0.525461 0.00355774
1261 0.734301 0.518894 0.00374618
1262 0.734301 0.522121 0.00336263
1263 0.734301 0.522965 0.00335602
1264 0.734301 0.528768 0.00322177
1265 0.734301 0.522148 0.00310156
1266 0.734301 0.522697 0.00338111
1267 0.734301 0.525555 0.00373617
1268 0.734301 0.524458 0.00354447
1269 0.734301 0.525555 0.00340316
1270 0.734301 0.522566 0.0031888
1271 0.734301 0.521187 0.00330682
1272 0.734301 0.524341 0.00342038
1273 0.734301 0.52161 0.00348484
1274 0.734301 0.524828 0.00365424
1275 0.734301 0.515354 0.00398841
1276 0.734301 0.522933 0.00357587
1277 0.734301 0.520531 0.0031226
1278 0.734301 0.513175 0.00400062
1279 0.734301 0.520653 0.00364669
1280 0.734301 0.527618 0.00400656
1281 0.734301 0.52222 0.00367135
1282 0.734301 0.529912 0.00383873
1283 0.734301 0.52193 0.00372117
1284 0.734301 0.531191 0.0035821
1285 0.734301 0.520154 0.0045238
1286 0.734301 0.511426 0.00371597
1287 0.734301 0.518331 0.0032488
1288 0.734301 0.52337 0.00440045
1289 0.734301 0.522058 0.00397979
1290 0.734301 0.527215 0.00455905
1291 0.734301 0.522462 0.00401255
1292 0.734301 0.517868 0.00354086
1293 0.734301 0.522965 0.00371777
1294 0.734301 0.517115 0.00339267
1295 0.734301 0.51704 0.00386315
1296 0.734301 0.52181 0.00385625
1297 0.734301 0.522458 0.00326365
1298 0.734301 0.519942 0.00333005
1299 0.734301 0.513024 0.00401811
1300 0.734301 0.519815 0.00393396
1301 0.734301 0.528449 0.0038651
1302 0.734301 0.524582 0.00396364
1303 0.734301 0.525209 0.0037841
1304 0.734301 0.522526 0.00341648
1305 0.734301 0.523909 0.00372291
1306 0.734301 0.526179 0.00360544
1307 0.734301 0.528231 0.00352136
1308 0.734301 0.531172 0.0038476
1309 0.734301 0.522541 0.0038791
1310 0.734301 0.523686 0.00404498
1311 0.734301 0.522608 0.00390974
1312 0.734301 0.525554 0.00390129
1313 0.734301 0.52308 0.00388467
1314 0.734301 0.522297 0.00366832
1315 0.734301 0.51891 0.00398472
1316 0.734302 0.526105 0.00444791
1317 0.734302 0.522534 0.00426301
1318 0.734302 0.525561 0.00443496
1319 0.734302 0.530555 0.00398926
1320 0.734302 0.52725 0.00361501
1321 0.734302 0.521249 0.00344759
1322 0.734302 0.520192 0.00364391
1323 0.734302 0.525249 0.00326829
1324 0.734302 0.516729 0.00368751
1325 0.734302 0.52699 0.00361513
1326 0.734302 0.524901 0.00349978
1327 0.734302 0.534519 0.00365298
1328 0.734334 0.523123 0.00429027
1329 0.734334 0.525622 0.00329375
1330 0.734334 0.533315 0.00328799
1331 0.734334 0.527196 0.00370854
1332 0.734334 0.522724 0.00331527
1333 0.734334 0.529977 0.00365196
1334 0.734334 0.533388 0.00334714
1335 0.734334 0.534009 0.00387979
1336 0.734334 0.526578 0.00305219
1337 0.734334 0.52904 0.00350886
1338 0.734334 0.523775 0.00345573
1339 0.734334 0.52754 0.00366816
1340 0.734334 0.530477 0.00346011
1341 0.734334 0.523542 0.00356675
1342 0.734334 0.530987 0.00374895
1343 0.734334 0.52888 0.00372015
1344 0.734334 0.530301 0.0041701
1345 0.734334 0.523562 0.0043621
1346 0.734334 0.515855 0.00405007
1347 0.734334 0.518762 0.00386702
1348 0.734334 0.520971 0.00401607
1349 0.734334 0.531689 0.00367659
1350 0.734334 0.519172 0.00452071
1351 0.734334 0.520724 0.00430483
1352 0.734334 0.525146 0.00409818
1353 0.734334 0.520533 0.00329976
1354 0.734334 0.520628 0.00433065
1355 0.734334 0.525003 0.00376652
1356 0.734334 0.528369 0.00423833
1357 0.734334 0.519561 0.00433272
1358 0.734334 0.518468 0.00390448
1359 0.734334 0.517295 0.00413917
1360 0.734334 0.518509 0.00449812
1361 0.734334 0.522571 0.00383139
1362 0.734334 0.516959 0.00361917
1363 0.734334 0.520483 0.00359644
1364 0.734334 0.519204 0.00413154
1365 0.734334 0.519698 0.00468677
1366 0.734334 0.521837 0.00354426
1367 0.734334 0.516043 0.00403492
1368 0.734334 0.517054 0.0040492
1369 0.734334 0.518184 0.00475714
1370 0.734334 0.518274 0.00398543
1371 0.734334 0.527274 0.00419484
1372 0.734334 0.517983 0.00396565
1373 0.734334 0.523068 0.00486054
1374 0.734334 0.517105 0.0045302
1375 0.734334 0.528675 0.00437542
1376 0.734334 0.529617 0.0039447
1377 0.734334 0.5274 0.00427891
1378 0.734334 0.523251 0.00406482
1379 0.734334 0.525943 0.00477531
1380 0.734334 0.52465 0.00386389
1381 0.734334 0.527468 0.00409015
1382 0.734334 0.511057 0.00410863
1383 0.734334 0.513529 0.00409161
1384 0.734334 0.515878 0.00448613
1385 0.734334 0.519768 0.0044431
1386 0.734334 0.512137 0.0043231
1387 0.734334 0.524181 0.0039958
1388 0.734334 0.517611 0.00446148
1389 0.734334 0.518644 0.00381944
1390 0.734334 0.520202 0.00396654
1391 0.734334 0.519173 0.00370016
1392 0.734334 0.526646 0.0041568
1393 0.734334 0.530781 0.00400294
1394 0.734334 0.521236 0.00334123
1395 0.734334 0.518524 0.0032232
1396 0.734334 0.525914 0.00375472
1397 0.734334 0.522998 0.00387711
1398 0.734334 0.527516 0.00401202
1399 0.734334 0.525641 0.00364495
1400 0.734334 0.522184 0.00376633
1401 0.734334 0.526895 0.00368867
1402 0.734334 0.519483 0.00442774
1403 0.734334 0.525692 0.00432967
1404 0.734334 0.525826 0.00407393
1405 0.734334 0.517957 0.00399066
1406 0.734334 0.528885 0.00389499
1407 0.734334 0.523567 0.00353366
1408 0.734334 0.524886 0.00332031
1409 0.734334 0.526983 0.00349444
1410 0.734334 0.528487 0.00366925
1411 0.734334 0.522591 0.00360537
1412 0.734334 0.524473 0.00396374
1413 0.734334 0.521814 0.00394295
1414 0.734334 0.520773 0.00406883
1415 0.734334 0.521133 0.00364069
1416 0.734334 0.527422 0.00348958
1417 0.734334 0.522119 0.00411724
1418 0.734334 0.517799 0.00388735
1419 0.734334 0.518204 0.00465399
1420 0.734334 0.523771 0.00393441
1421 0.734334 0.523015 0.00396981
1422 0.734334 0.521422 0.00397804
1423 0.734334 0.52289 0.00356399
1424 0.734334 0.526081 0.00428275
1425 0.734334 0.530865 0.00336463
1426 0.734334 0.528472 0.0037881
1427 0.734334 0.523944 0.00388703
1428 0.734334 0.527256 0.00368101
1429 0.734334 0.521294 0.00354225
1430 0.734334 0.529227 0.00428461
1431 0.734334 0.527207 0.00467959
1432 0.734334 0.519503 0.00472141
1433 0.734334 0.524533 0.00356033
1434 0.734334 0.526544 0.00341672
1435 0.734334 0.523753 0.00436891
1436 0.734334 0.52304 0.00355827
1437 0.734334 0.521665 0.00369202
1438 0.734334 0.52811 0.00394568
1439 0.734334 0.524479 0.00453603
1440 0.734334 0.528815 0.00356842
1441 0.734334 0.523159 0.0034811
1442 0.734334 0.525865 0.0036211
1443 0.734334 0.524386 0.00346574
1444 0.734334 0.521891 0.00287356
1445 0.734334 0.521212 0.00352436
1446 0.734334 0.523075 0.00322341
1447 0.734334 0.526795 0.00365676
1448 0.734334 0.515324 0.00389246
1449 0.734334 0.520511 0.00401638
1450 0.734334 0.520268 0.00400747
1451 0.734334 0.523419 0.00377939
1452 0.734334 0.530178 0.00347066
1453 0.734334 0.528273 0.00310103
1454 0.734334 0.519916 0.0036676
1455 0.734334 0.517315 0.00395496
1456 0.734334 0.525233 0.00382228
1457 0.734334 0.519735 0.00369736
1458 0.734334 0.515789 0.0041445
1459 0.734334 0.513166 0.00403583
1460 0.734334 0.513969 0.00391803
1461 0.734334 0.517311 0.00381221
1462 0.734334 0.518343 0.00375712
1463 0.734334 0.515683 0.00407551
1464 0.734334 0.519492 0.00461522
1465 0.734334 0.528931 0.004372
1466 0.734334 0.530282 0.00339231
1467 0.734334 0.524623 0.00339137
1468 0.734334 0.526888 0.00393203
1469 0.734334 0.524534 0.00382848
1470 0.734334 0.519875 0.00382971
1471 0.734334 0.529499 0.00354682
1472 0.734334 0.528498 0.00354343
1473 0.734334 0.524123 0.00375396
1474 0.734334 0.524882 0.00383171
1475 0.734334 0.520692 0.00349022
1476 0.734334 0.527604 0.00353222
1477 0.734334 0.519657 0.00367653
1478 0.734334 0.527161 0.00450602
1479 0.734334 0.518648 0.00369232
1480 0.734334 0.524944 0.00331821
1481 0.734334 0.517638 0.00392051
1482 0.734334 0.520221 0.00322232
1483 0.734334 0.518484 0.00351339
1484 0.734334 0.523849 0.00358019
1485 0.734334 0.529247 0.00425759
1486 0.734334 0.519922 0.00348444
1487 0.734334 0.522335 0.00380235
1488 0.734334 0.528402 0.00402201
1489 0.734334 0.527902 0.00393081
1490 0.734334 0.527673 0.00346989
1491 0.734334 0.527215 0.00410683
1492 0.734334 0.530686 0.00377644
1493 0.734334 0.521251 0.00373712
1494 0.734334 0.528676 0.00374675
1495 0.734334 0.524358 0.0046204
1496 0.734334 0.520793 0.00347461
1497 0.734334 0.525144 0.00394727
1498 0.734334 0.527191 0.00302654
1499 0.734334 0.524225 0.00352394
1500 0.734334 0.520245 0.00403582
1501 0.734334 0.521446 0.00387248
1502 0.734334 0.519339 0.00403243
1503 0.734334 0.520385 0.00377414
1504 0.734334 0.524132 0.00329393
1505 0.734334 0.52803 0.00348527
1506 0.734334 0.526139 0.003597
1507 0.734334 0.516446 0.00406451
1508 0.734334 0.515757 0.00391239
1509 0.734334 0.517814 0.00404792
1510 0.734334 0.524532 0.00329807
1511 0.734334 0.5252 0.00381762
1512 0.734334 0.519106 0.00388501
1513 0.734334 0.519648 0.00382603
1514 0.734334 0.524147 0.00366274
1515 0.734334 0.525241 0.00424006
1516 0.734334 0.528087 0.00415024
1517 0.734334 0.527806 0.00438985
1518 0.734334 0.519848 0.00405394
1519 0.734334 0.53066 0.00421603
1520 0.734334 0.529498 0.00418481
1521 0.734334 0.532055 0.00409755
1522 0.734334 0.531827 0.00414569
1523 0.734334 0.520128 0.00363161
1524 0.734334 0.521739 0.00400668
1525 0.734334 0.523871 0.00436354
1526 0.734334 0.519271 0.00392879
1527 0.734334 0.524584 0.00398336
1528 0.734334 0.52379 0.00395546
1529 0.734334 0.52604 0.00397222
1530 0.734334 0.523398 0.0045493
1531 0.734334 0.519994 0.00428317
1532 0.734334 0.521947 0.00399936
1533 0.734334 0.519069 0.00458428
1534 0.734334 0.525647 0.00372547
1535 0.734334 0.524097 0.00353832
1536 0.734334 0.522351 0.00333357
1537 0.734334 0.522705 0.00391422
1538 0.734334 0.517519 0.00369054
1539 0.734334 0.522011 0.00397829
1540 0.734334 0.527537 0.00408304
1541 0.734334 0.522208 0.00358278
1542 0.734334 0.523465 0.00461759
1543 0.734334 0.519925 0.00392031
1544 0.734334 0.521956 0.00336539
1545 0.734334 0.524356 0.00338246
1546 0.734334 0.523409 0.00438708
1547 0.734334 0.526196 0.00390313
1548 0.734334 0.521414 0.00412889
1549 0.734334 0.520441 0.00435296
1550 0.734334 0.521431 0.00369774
1551 0.734334 0.526949 0.00367347
1552 0.734334 0.518307 0.0036973
1553 0.734334 0.526906 0.00422837
1554 0.734334 0.525598 0.00335697
1555 0.734334 0.521068 0.00323445
1556 0.734334 0.522723 0.0045631
1557 0.734334 0.52047 0.00333387
1558 0.734334 0.524212 0.00358642
1559 0.734334 0.522042 0.00353728
1560 0.734334 0.518557 0.00390506
1561 0.734334 0.523537 0.00360313
1562 0.734334 0.521657 0.00379924
1563 0.734334 0.52677 0.00374985
1564 0.734334 0.525247 0.00394599
1565 0.734334 0.522677 0.00396315
1566 0.734334 0.518576 0.00395589
1567 0.734334 0.528226 0.00393438
1568 0.734334 0.525374 0.00394233
1569 0.734334 0.525667 0.00353049
1570 0.734334 0.520764 0.00410395
1571 0.734334 0.519526 0.00375049
1572 0.734334 0.518214 0.00436807
1573 0.734334 0.519075 0.00481261
1574 0.734334 0.52126 0.00368148
1575 0.734334 0.522256 0.0040752
1576 0.734334 0.530325 0.00330082
1577 0.734334 0.515605 0.00372488
1578 0.734334 0.517838 0.00393888
1579 0.734334 0.514115 0.00419257
1580 0.734334 0.518033 0.00360726
1581 0.734334 0.520143 0.00336845
1582 0.734334 0.520987 0.00400386
1583 0.734334 0.523211 0.00369625
1584 0.734334 0.524786 0.00385377
1585 0.734334 0.515593 0.00368012
1586 0.734334 0.518932 0.00326708
1587 0.734334 0.521126 0.00333587
1588 0.734334 0.523998 0.00316628
1589 0.734334 0.522403 0.00339002
1590 0.734334 0.520759 0.00312941
1591 0.734334 0.519046 0.00334163
1592 0.734334 0.526102 0.0032098
1593 0.734334 0.525029 0.00351919
1594 0.734334 0.52096 0.0030959
1595 0.734334 0.520596 0.00338831
1596 0.734334 0.52316 0.00326251
1597 0.734334 0.52715 0.00395432
1598 0.734334 0.525243 0.00341555
1599 0.734334 0.524571 0.00401952
1600 0.734334 0.519827 0.0037763
1601 0.734334 0.523125 0.00363872
1602 0.734334 0.5303 0.00327466
1603 0.734334 0.530676 0.00327181
1604 0.734334 0.525056 0.00348268
1605 0.734334 0.529335 0.00363564
1606 0.734334 0.523357 0.0035443
1607 0.734334 0.527459 0.0041341
1608 0.736654 0.52568 0.00358824
1609 0.736654 0.530708 0.00335106
1610 0.736654 0.526754 0.00314509
1611 0.736654 0.522921 0.00313173
1612 0.736654 0.527802 0.00349028
1613 0.746041 0.518841 0.00414843
1614 0.746041 0.522041 0.00358116
1615 0.746041 0.524994 0.00354729
1616 0.746041 0.529229 0.00392726
1617 0.746041 0.516805 0.00345413
1618 0.746041 0.516369 0.00325953
1619 0.746041 0.52348 0.00418212
1620 0.746041 0.521396 0.00389362
1621 0.746041 0.515359 0.00402534
1622 0.746041 0.519039 0.00403586
1623 0.746041 0.52274 0.00349845
1624 0.746041 0.516126 0.00355423
1625 0.746041 0.51856 0.00381842
1626 0.746041 0.520376 0.00392097
1627 0.746041 0.517097 0.0045227
1628 0.746041 0.524027 0.00369344
1629 0.746041 0.52456 0.00401713
1630 0.746041 0.525059 0.00426847
1631 0.746041 0.521596 0.00374361
1632 0.746041 0.523497 0.00437019
1633 0.746041 0.515966 0.00408114
1634 0.746041 0.521234 0.00381303
1635 0.746041 0.518611 0.00329604
1636 0.746041 0.524906 0.00358798
1637 0.746041 0.510213 0.0039974
1638 0.746041 0.523066 0.00342871
1639 0.746041 0.522247 0.00402688
1640 0.746041 0.526036 0.00436315
1641 0.746041 0.516563 0.00409914
1642 0.746041 0.518728 0.00345182
1643 0.746041 0.518384 0.00405172
1644 0.746041 0.515972 0.00432747
1645 0.746041 0.521516 0.00387133
1646 0.746041 0.528197 0.00357216
1647 0.746041 0.522425 0.00413031
1648 0.746041 0.519498 0.00404896
1649 0.746041 0.522109 0.00466926
1650 0.746041 0.523199 0.00416832
1651 0.746041 0.513587 0.00435746
1652 0.746041 0.524743 0.00385417
1653 0.746041 0.523934 0.00362502
1654 0.746041 0.519725 0.00456069
1655 0.746041 0.526851 0.00363622
1656 0.746041 0.520097 0.00400286
1657 0.746041 0.52067 0.00347229
1658 0.746041 0.521381 0.00391951
1659 0.746041 0.523293 0.00382211
1660 0.746041 0.521299 0.00370382
1661 0.746041 0.529807 0.00364898
1662 0.746041 0.526621 0.00421542
1663 0.746041 0.525984 0.00423222
1664 0.746041 0.519546 0.00421938
1665 0.746041 0.515042 0.00439373
1666 0.746041 0.513649 0.00378345
1667 0.746041 0.524805 0.00355729
1668 0.746041 0.524408 0.00333224
1669 0.746041 0.519254 0.00377009
1670 0.746041 0.507283 0.00448335
1671 0.746041 0.506922 0.0040398
1672 0.746041 0.521172 0.00436746
1673 0.746041 0.52417 0.00382059
1674 0.746041 0.525228 0.00376836
1675 0.746041 0.522526 0.00372685
1676 0.746041 0.524661 0.00371805
1677 0.746041 0.524457 0.00338743
1678 0.746041 0.534204 0.00364768
1679 0.746041 0.529902 0.00420547
1680 0.746041 0.517121 0.00348821
1681 0.746041 0.524657 0.0040182
1682 0.746041 0.521095 0.0044149
1683 0.746041 0.519856 0.00369735
1684 0.746041 0.519802 0.00371513
1685 0.746041 0.522845 0.00398892
1686 0.746041 0.518129 0.00368126
1687 0.746041 0.517362 0.00344535
1688 0.746041 0.520587 0.00409772
1689 0.746041 0.51549 0.00418522
1690 0.746041 0.515034 0.00407679
1691 0.746041 0.521241 0.00363372
1692 0.746041 0.524627 0.0034073
1693 0.746041 0.531906 0.00413371
1694 0.746041 0.526687 0.00384128
1695 0.746041 0.521899 0.00370203
1696 0.746041 0.523448 0.00404421
1697 0.746041 0.525788 0.00346105
1698 0.746041 0.516204 0.00399581
1699 0.746041 0.519069 0.0040167
1700 0.746041 0.526134 0.00366404
1701 0.746041 0.527381 0.00346444
1702 0.746041 0.523672 0.00357345
1703 0.746041 0.533371 0.00367056
1704 0.746041 0.528904 0.00377086
1705 0.746041 0.526885 0.00380472
1706 0.746041 0.526132 0.00325936
1707 0.746041 0.533534 0.00393979
1708 0.746041 0.534824 0.003574
1709 0.746041 0.529726 0.00366363
1710 0.746041 0.522234 0.00330626
1711 0.746041 0.526307 0.0032292
1712 0.746041 0.527988 0.00427297
1713 0.746041 0.52728 0.00324201
1714 0.746041 0.526787 0.00343832
1715 0.746041 0.524454 0.0038314
1716 0.746041 0.519748 0.00357732
1717 0.746041 0.52112 0.00388016
1718 0.746041 0.515274 0.00420502
1719 0.746041 0.527558 0.00404759
1720 0.746041 0.531669 0.00415856
1721 0.746041 0.522848 0.0036155
1722 0.749555 0.524714 0.00447901
1723 0.749555 0.525976 0.00364519
1724 0.749555 0.52562 0.00433465
1725 0.749555 0.524272 0.00396846
1726 0.749555 0.517972 0.00357628
1727 0.749555 0.513172 0.00399649
1728 0.749555 0.516428 0.00377235
1729 0.749555 0.517866 0.00424615
1730 0.749555 0.522135 0.00457728
1731 0.749555 0.51945 0.00388162
1732 0.749555 0.510174 0.00391152
1733 0.749555 0.518422 0.00397756
1734 0.749555 0.520621 0.00404758
1735 0.749555 0.518599 0.00387144
1736 0.749555 0.516895 0.00373822
1737 0.749555 0.511394 0.00417436
1738 0.749555 0.524382 0.003793
1739 0.749555 0.524421 0.0044183
1740 0.749555 0.526946 0.00497037
1741 0.749555 0.526483 0.0046234
1742 0.749555 0.520977 0.00383919
1743 0.749555 0.515852 0.00431944
1744 0.749555 0.525255 0.00419865
1745 0.749555 0.525808 0.00391474
1746 0.749555 0.528358 0.00381484
1747 0.749555 0.52748 0.00408245
1748 0.749555 0.525874 0.00431749
1749 0.749555 0.525695 0.00498674
1750 0.749555 0.530749 0.00368187
1751 0.749555 0.529817 0.00398676
1752 0.749555 0.530525 0.00378956
1753 0.749555 0.520555 0.00456329
1754 0.749555 0.530136 0.0046344
1755 0.749555 0.53593 0.00463724
1756 0.749555 0.52269 0.00410526
1757 0.749555 0.52656 0.00419253
1758 0.749555 0.526626 0.00462968
1759 0.749555 0.524562 0.00344905
1760 0.749555 0.524094 0.00426392
1761 0.749555 0.517089 0.00412563
1762 0.749555 0.521268 0.00442808
1763 0.749555 0.519846 0.00409321
1764 0.749555 0.523779 0.00422851
1765 0.749555 0.521728 0.00339207
1766 0.749555 0.526351 0.00358681
1767 0.751099 0.529271 0.00426373
1768 0.751099 0.524644 0.00389984
1769 0.751099 0.522989 0.00376534
1770 0.751099 0.517684 0.00394319
1771 0.751099 0.516018 0.00411088
1772 0.751099 0.518326 0.00407665
1773 0.751099 0.529153 0.00423998
1774 0.751099 0.524181 0.00373214
1775 0.751099 0.527269 0.00398434
1776 0.751573 0.536352 0.00441644
1777 0.751573 0.528938 0.00402521
1778 0.751573 0.52438 0.00410222
1779 0.751573 0.527446 0.00395546
1780 0.751573 0.528185 0.00410336
1781 0.751573 0.526856 0.00354415
1782 0.751573 0.524399 0.00396389
1783 0.751573 0.526127 0.00383408
1784 0.751573 0.523405 0.00412493
1785 0.751573 0.524632 0.00377162
1786 0.751573 0.523696 0.0040364
1787 0.751573 0.513851 0.00367875
1788 0.751573 0.522151 0.00400812
1789 0.751573 0.512751 0.00418951
1790 0.751573 0.522489 0.00442336
1791 0.751573 0.52579 0.00421393
1792 0.751573 0.525252 0.00452212
1793 0.751573 0.520097 0.004469
1794 0.751573 0.516094 0.00432415
1795 0.751573 0.521957 0.00391137
1796 0.751573 0.52397 0.00416989
1797 0.751573 0.52066 0.00421906
1798 0.751573 0.523839 0.00363567
1799 0.751573 0.527228 0.0033782
1800 0.751573 0.521204 0.00388416
1801 0.751573 0.523692 0.00376242
1802 0.751573 0.531814 0.00401621
1803 0.751573 0.524776 0.00418372
1804 0.751573 0.525948 0.00394125
1805 0.751573 0.52417 0.00423913
1806 0.751573 0.522818 0.00448493
1807 0.751573 0.522083 0.00423669
1808 0.751573 0.522874 0.0037266
1809 0.751573 0.529764 0.00362937
1810 0.751573 0.536575 0.00455529
1811 0.751573 0.531333 0.00399763
1812 0.751573 0.530623 0.00409248
1813 0.751573 0.5213 0.00398733
1814 0.751573 0.523327 0.00442752
1815 0.751573 0.52255 0.00373194
1816 0.751573 0.522676 0.00398717
1817 0.751573 0.519154 0.00451512
1818 0.751573 0.513868 0.0044729
1819 0.751573 0.519213 0.00431436
1820 0.751573 0.513947 0.00424996
1821 0.751573 0.520854 0.00424131
1822 0.751573 0.522096 0.00365169
1823 0.751573 0.525687 0.00390355
1824 0.751573 0.524346 0.00375848
1825 0.751573 0.520853 0.00385808
1826 0.751573 0.526514 0.00362609
1827 0.751573 0.523294 0.00335786
1828 0.751573 0.525957 0.00358331
1829 0.751573 0.531476 0.00353684
1830 0.751573 0.528412 0.00384528
1831 0.751573 0.534414 0.00365456
1832 0.751573 0.533707 0.00454207
1833 0.751573 0.533575 0.00474092
1834 0.751573 0.528845 0.00373517
1835 0.751573 0.525353 0.00423916
1836 0.751573 0.532904 0.00368617
1837 0.751573 0.526294 0.00401321
1838 0.751573 0.527901 0.00404985
1839 0.751573 0.519252 0.00403061
1840 0.751573 0.524732 0.00527298
1841 0.751573 0.530711 0.00378219
1842 0.751573 0.529032 0.00347398
1843 0.751573 0.531103 0.00361865
1844 0.751573 0.522365 0.00434365
1845 0.751573 0.523653 0.00410415
1846 0.751573 0.519849 0.00460237
1847 0.751573 0.528037 0.00362578
1848 0.751573 0.526287 0.00463775
1849 0.751573 0.526212 0.00423377
1850 0.751573 0.523046 0.00362807
1851 0.751573 0.524702 0.00447867
1852 0.751573 0.520668 0.00410262
1853 0.751573 0.529498 0.00377761
1854 0.751573 0.531734 0.00373731
1855 0.751573 0.529039 0.00345784
1856 0.751573 0.521292 0.00345779
1857 0.751573 0.518412 0.00425483
1858 0.751573 0.519265 0.00445711
1859 0.751573 0.524031 0.00439106
1860 0.751573 0.519559 0.00399881
1861 0.751573 0.524012 0.00468089
1862 0.751573 0.528216 0.00417428
1863 0.751573 0.525984 0.00427703
1864 0.751573 0.525071 0.00459012
1865 0.751573 0.522996 0.00434184
1866 0.751573 0.530128 0.00422871
1867 0.751573 0.528606 0.00401338
1868 0.751573 0.529154 0.00445003
1869 0.751573 0.529021 0.00465501
1870 0.751573 0.52389 0.00430305
1871 0.751573 0.521857 0.00437662
1872 0.751573 0.532035 0.00370437
1873 0.751573 0.531456 0.00378038
1874 0.751573 0.53006 0.00417063
1875 0.751573 0.532744 0.00394732
1876 0.751573 0.524929 0.00397606
1877 0.751573 0.530198 0.00359046
1878 0.751573 0.526431 0.00380635
1879 0.751573 0.530736 0.00398663
1880 0.751573 0.527584 0.00329372
1881 0.751573 0.523308 0.00427176
1882 0.751573 0.528745 0.00363149
1883 0.751573 0.522662 0.00420077
1884 0.751573 0.519526 0.00437846
1885 0.751573 0.515408 0.00395824
1886 0.751573 0.521558 0.00386405
1887 0.751573 0.523081 0.00429493
1888 0.751573 0.525766 0.00450803
1889 0.751573 0.524814 0.00402668
1890 0.751573 0.524723 0.00466041
1891 0.751573 0.522183 0.0043351
1892 0.751573 0.52257 0.00458414
1893 0.751573 0.527365 0.00465217
1894 0.751573 0.523589 0.00442761
1895 0.751573 0.519858 0.00420575
1896 0.751573 0.530395 0.00409079
1897 0.751573 0.52795 0.00426518
1898 0.751573 0.517426 0.00458027
1899 0.751573 0.524926 0.00450825
1900 0.751573 0.522527 0.00395868
1901 0.751573 0.519073 0.00472178
1902 0.751573 0.522993 0.0035618
1903 0.751573 0.527671 0.00381858
1904 0.751573 0.524483 0.00468689
1905 0.751573 0.522919 0.00399019
1906 0.751573 0.532634 0.00443704
1907 0.751573 0.519507 0.00414081
1908 0.751573 0.519805 0.00383129
1909 0.751573 0.52097 0.00453001
1910 0.751573 0.523145 0.00472737
1911 0.751573 0.522308 0.00398649
1912 0.751573 0.522586 0.00448486
1913 0.751573 0.521753 0.00430784
1914 0.751573 0.518836 0.00445379
1915 0.751573 0.517953 0.00407927
1916 0.751573 0.521313 0.00453987
1917 0.751573 0.521268 0.00441877
1918 0.751573 0.521763 0.00422266
1919 0.751573 0.521088 0.00424996
1920 0.751573 0.526997 0.00378109
1921 0.751573 0.534431 0.0045132
1922 0.751573 0.527827 0.00425555
1923 0.751573 0.530837 0.00414072
1924 0.751573 0.525946 0.00402363
1925 0.751573 0.529975 0.00362933
1926 0.751573 0.519847 0.00432419
1927 0.751573 0.522062 0.00340767
1928 0.751573 0.529249 0.00352297
1929 0.751573 0.523072 0.00362581
1930 0.751573 0.524391 0.00389931
1931 0.751573 0.521673 0.00400718
1932 0.751573 0.520453 0.00463158
1933 0.751573 0.525243 0.00392623
1934 0.751573 0.526037 0.00461766
1935 0.751573 0.522041 0.00433045
1936 0.751573 0.522339 0.00408485
1937 0.751573 0.520021 0.00460063
1938 0.751573 0.52506 0.00351248
1939 0.751573 0.529925 0.00349517
1940 0.751573 0.52402 0.00448241
1941 0.751573 0.518641 0.00398734
1942 0.751573 0.523857 0.00409397
1943 0.751573 0.523363 0.00480273
1944 0.751573 0.522429 0.00547323
1945 0.751573 0.520304 0.00489526
1946 0.751573 0.52421 0.00424371
1947 0.751573 0.525645 0.00390148
1948 0.751573 0.527324 0.00400685
1949 0.751573 0.535248 0.00368116
1950 0.751573 0.524993 0.00444778
1951 0.751573 0.526179 0.00411413
1952 0.751573 0.525978 0.00432102
1953 0.751573 0.52495 0.00460364
1954 0.751573 0.522211 0.00456306
1955 0.751573 0.527228 0.00446816
1956 0.751573 0.523236 0.0039704
1957 0.751573 0.526259 0.00362231
1958 0.751573 0.524737 0.00429242
1959 0.751573 0.521515 0.00404581
1960 0.751573 0.524852 0.00336947
1961 0.751573 0.52543 0.00439069
1962 0.751573 0.525596 0.00386055
1963 0.751573 0.522177 0.00432811
1964 0.751573 0.525226 0.00432752
1965 0.751573 0.520646 0.00408991
1966 0.751573 0.526832 0.00441287
1967 0.751573 0.518657 0.00385424
1968 0.751573 0.521986 0.00416474
1969 0.751573 0.52758 0.00404053
1970 0.751573 0.526139 0.00485003
1971 0.751573 0.518707 0.00411123
1972 0.751573 0.527461 0.00367891
1973 0.751573 0.526601 0.00343669
1974 0.751573 0.519719 0.00387082
1975 0.751573 0.52053 0.00458233
1976 0.751573 0.521985 0.00438341
1977 0.751573 0.518662 0.00410907
1978 0.751573 0.524952 0.00438145
1979 0.751573 0.52403 0.00437122
1980 0.751573 0.530919 0.00424288
1981 0.751573 0.528176 0.00409335
1982 0.751573 0.526226 0.00393869
1983 0.751573 0.520657 0.00403269
1984 0.751573 0.521419 0.00420089
1985 0.751573 0.521038 0.00414473
1986 0.751573 0.519826 0.00435466
1987 0.751573 0.525051 0.00475732
1988 0.751573 0.519828 0.00378834
1989 0.751573 0.525095 0.00404395
1990 0.751573 0.525143 0.00392081
1991 0.751573 0.528648 0.00416649
1992 0.751573 0.520394 0.00426279
1993 0.751573 0.518938 0.00372543
1994 0.751573 0.515142 0.00469174
1995 0.751573 0.525923 0.00472121
1996 0.751573 0.532131 0.00516943
1997 0.751573 0.525627 0.00373311
1998 0.751573 0.524364 0.00378074
1999 0.751573 0.527618 0.00427771
2000 0.751573 0.527435 0.00392632
