4
1
-50.6843
2.61982
0
-57.9211
2.19403
0
0.138013
0.222667
1
-54.0844
3.52428
0
-58.9977
2.22025
0
0.694819
1.29547
0.755605
0.514363
1.85808
0.807408
0.286179
1.24002
0.586837
1.64851
0.481846
0.574487
0.010814
0.59241
0.503068
1.38925
1.15264
0.255859
0.110886
0.814714
1.74595
0.845675
1.25891
0.42186
1.25264
0.59588
0.0549785
0.625739
1.88657
1.98508
1.54168
0.898003
0.0219622
0.508309
0.0398092
0.68772
1.63745
0.167053
0.215231
0.00488724
1.35658
0.228538
1.79527
1.92414
0.235782
1.66408
0.801958
1.635
1.78298
1.24643
0.932056
0.338692
1.43116
1.53827
0.927272
1.79569
0.38605
0.0586953
1.25506
1.18876
1.92451
0.00528528
1.14863
0.454623
1.95674
0.0989571
0.670922
1.87051
0.138333
1.81032
-0.056541
