5
0
-50.1657
2.78522
0
-60.7636
5.91059
0
-50.1276
3.9009
0
-52.6238
3.45857
0
-52.5321
7.53526
0
0.163869
1.26051
0.968662
1.25922
1.02193
0
1.95678
1.49931
0.696944
0.146628
1.27985
1.27185
0.000569376
1.12643
1.47807
0.000434529
0.941924
0.56271
1.81254
1.4194
0.142091
1.54833
1.8791
0.170584
1.90557
1.31791
1.1866
0.0668896
1.39984
1.86946
1.30401
0.346423
1.60866
0.37646
1.96269
1.65167
1.02279
1.86199
0.5774
0.715994
0.352397
0.831657
1.94778
1.41189
1.65241
1.28006
1.00525
0.89844
1.01166
0.574857
1.4518
1.81283
2
2
0.977693
1.99902
0.0639966
1.04713
0.0313592
0.906702
0.234332
0.672826
0.677036
1.65119
0.000452273
0.19368
1.91618
0.390626
1.39118
0.639512
1.32072
1.08138
0.00734639
1.97354
1.588
0.852056
1126.03
