4
1
0.0540778
0.218513
1
-52.8955
4.57498
0
-61.6794
5.36019
0
-60.0458
3.1181
0
-62.5092
4.98648
0
0.254216
1.23066
0.537106
0.736684
0.842273
1.25619
0.429756
0.710143
1.58354
0.811793
1.07093
1.68561
0.351337
1.92707
1.72591
1.2583
0.837719
0.58508
1.02172
1.91131
1.10321
0.1607
1.35631
0.994984
1.52284
0.329731
0.660388
1.42611
1.82823
1.64966
0.399189
0.527859
0.576717
0.897478
0.215959
1.06834
1.22976
0.263064
0.139197
0.560954
0.89145
0.14859
1.16374
0.157627
0.203965
0.173543
1.91185
1.026
0.952947
0.162057
1.56479
0.932984
1.63451
0.868011
0.633513
1.99631
0.527188
0.382614
1.44918
0.812592
0.11483
1.99964
1.73013
1.0378
1.97547
0.0764318
1.91593
0.189838
1.79408
1.57966
1.9292
0.566309
0.932887
0.566172
0.380043
