2
3
-55.9693
4.02373
0
-51.0964
4.88748
0
0.022773
0.253637
1
0.192822
0.272526
1
0.0263303
0.277313
1
0.498478
1.29196
0.78591
0.754303
0.475588
1.99855
0.0159436
0.155363
1.13532
0.023396
1.49608
1.9542
1.15028
1.51404
1.67051
0.0514251
0.088962
0.5393
0.133829
1.41607
1.12517
0.712467
1.63563
0.48238
1.0886
0.412769
1.99754
0.642233
0.865386
1.6045
1.27278
1.74154
0.735185
1.00164
1.98955
0.987407
0.240727
0.142622
0.287509
0.184448
0.577159
1.78856
0.800514
1.04777
1.73112
6.20113e-05
1.05475
0.00788339
1.7862
1.01479
1.57204
1.09699
1.93224
0.48991
0.67566
0.979207
0.244111
0.966657
0.000206036
0.340923
0.144273
1.63969
0.937175
0.000319499
0.562789
1.81861
0.160384
0.839595
0.247691
0.662906
0.704097
