3
2
-63.8009
2.00301
0
-63.8824
3.36666
0
0.143242
0.296944
1
-57.2589
5.48845
0
0.186649
0.248393
1
1.50017
1.80522
1.40371
0.340365
0
0.491572
0.468476
1.07133
1.5026
0.936466
1.04744
1.31072
0.882398
0.946176
0.514707
0.0535471
1.80151
0.85276
0.178053
0.0590016
1.60011
0.530386
0.401563
0.499418
1.86261
1.7359
1.46556
1.96118
0.978667
0.73249
1.9687
1.71697
0.253832
0.692739
0.97271
0.494891
1.57975
0.632396
1.48394
0.362266
1.79011
0.959434
1.91231
0.641901
0.253645
0.138286
1.61207
1.81145
0.443758
0.583872
2
0.76579
1.81357
1.42713
0.334961
1.32279
0.165297
0.0122575
0.389533
1.8394
0.103137
0.000345927
0.000613324
1.63956
0.82479
0.418763
0.598501
0.147832
1.05249
1.56086
0.35216
1.1593
1.62443
0.194621
0.0837758
0.131106
