0 0.534145 0.497165 0.00018972
1 0.534145 0.498168 0.000147266
2 0.547198 0.498572 0.000191245
3 0.551497 0.500289 0.000273081
4 0.551497 0.498904 0.000280951
5 0.569856 0.501007 0.000441907
6 0.601574 0.501697 0.00052634
7 0.601574 0.502049 0.000381693
8 0.601574 0.500558 0.000430882
9 0.601574 0.502472 0.000258639
10 0.601574 0.50282 0.000319748
11 0.601574 0.502442 0.000352936
12 0.601574 0.501901 0.000326539
13 0.601574 0.502409 0.000334148
14 0.601574 0.502524 0.000479731
15 0.601574 0.501765 0.000304833
16 0.601574 0.500861 0.000334675
17 0.601574 0.500539 0.000494954
18 0.601574 0.500541 0.000466946
19 0.601574 0.502979 0.000383128
20 0.601574 0.50389 0.000406311
21 0.601574 0.504873 0.000469713
22 0.601574 0.500433 0.000580134
23 0.601574 0.501921 0.000467345
24 0.601574 0.502355 0.000458987
25 0.601574 0.504042 0.000522494
26 0.601574 0.503467 0.000436993
27 0.601574 0.502134 0.00044517
28 0.601574 0.502965 0.000451806
29 0.601574 0.503778 0.000499388
30 0.601982 0.502184 0.00060011
31 0.601982 0.502999 0.000652858
32 0.601982 0.5003 0.000601001
33 0.601982 0.504703 0.000721103
34 0.601982 0.503801 0.000625466
35 0.601982 0.507771 0.000621718
36 0.601982 0.5046 0.000759568
37 0.609469 0.508079 0.001061
38 0.609469 0.504047 0.000732126
39 0.609469 0.503126 0.000757301
40 0.609469 0.505626 0.000798551
41 0.609469 0.504679 0.000742309
42 0.63581 0.50245 0.00112987
43 0.63581 0.507066 0.000906109
44 0.63581 0.505016 0.000973219
45 0.63581 0.503864 0.000722766
46 0.63581 0.502951 0.00106199
47 0.63581 0.505445 0.000723116
48 0.63581 0.503885 0.00101344
49 0.63581 0.505398 0.000906338
50 0.63581 0.504097 0.00097915
51 0.63581 0.503401 0.00133011
52 0.63581 0.50245 0.00111571
53 0.63581 0.503771 0.000850582
54 0.650336 0.50603 0.00100652
55 0.650336 0.506767 0.00089798
56 0.650336 0.503576 0.000985388
57 0.650336 0.506207 0.0011389
58 0.650336 0.505005 0.00123601
59 0.650336 0.505993 0.00118552
60 0.650336 0.508444 0.00112594
61 0.650336 0.506501 0.00123351
62 0.650336 0.506593 0.00126524
63 0.650336 0.507496 0.00122431
64 0.650336 0.5028 0.00110316
65 0.650336 0.508507 0.00146254
66 0.650336 0.512815 0.00152025
67 0.650336 0.504842 0.00135089
68 0.650336 0.506778 0.00108358
69 0.650336 0.5108 0.00155204
70 0.650336 0.509739 0.00148254
71 0.650336 0.510523 0.00135126
72 0.650336 0.509151 0.00123872
73 0.650336 0.512526 0.00135
74 0.650336 0.507037 0.00129096
75 0.650336 0.50467 0.00144728
76 0.650336 0.510542 0.00117736
77 0.650336 0.508908 0.00113582
78 0.650336 0.507996 0.00106041
79 0.650336 0.507657 0.00150651
80 0.650336 0.508942 0.00139332
81 0.650336 0.51076 0.00124719
82 0.650336 0.508651 0.00133035
83 0.650336 0.510868 0.00133481
84 0.650336 0.506984 0.0012019
85 0.650336 0.512312 0.00118248
86 0.650336 0.507106 0.00122212
87 0.650336 0.506797 0.00158234
88 0.650336 0.50804 0.00145331
89 0.650336 0.508558 0.00145332
90 0.650336 0.505512 0.00111546
91 0.650336 0.509507 0.00125146
92 0.650336 0.509365 0.00136671
93 0.650336 0.511964 0.00126268
94 0.650336 0.507349 0.00130623
95 0.650336 0.512855 0.00128925
96 0.650336 0.510879 0.00129399
97 0.650336 0.509725 0.00138018
98 0.650336 0.511704 0.00137516
99 0.650336 0.506292 0.00153796
100 0.650336 0.506918 0.00153633
101 0.650336 0.508083 0.00133695
102 0.650336 0.508227 0.00137504
103 0.650336 0.513674 0.00174904
104 0.650336 0.508971 0.00130164
105 0.650336 0.508885 0.0015021
106 0.650336 0.508826 0.00160616
107 0.650336 0.509255 0.00148004
108 0.650336 0.51133 0.00132056
109 0.650336 0.509501 0.00155506
110 0.650336 0.50803 0.00144065
111 0.650336 0.51131 0.00171017
112 0.650336 0.513389 0.00152047
113 0.650336 0.507547 0.00137908
114 0.650336 0.510101 0.00164011
115 0.650336 0.508732 0.00154927
116 0.650336 0.508161 0.0014022
117 0.650336 0.508576 0.00139459
118 0.650336 0.508101 0.00154714
119 0.650336 0.507976 0.00166087
120 0.650336 0.506488 0.00138648
121 0.650733 0.512459 0.00182651
122 0.650733 0.511526 0.00132673
123 0.650733 0.509234 0.00167045
124 0.650733 0.505303 0.0018659
125 0.650733 0.512799 0.00163725
126 0.650733 0.510453 0.00154696
127 0.650974 0.508179 0.001866
128 0.650974 0.512373 0.00145231
129 0.650974 0.511238 0.00180363
130 0.678431 0.51152 0.0018838
131 0.678431 0.512368 0.00182036
132 0.678431 0.509034 0.00171752
133 0.678431 0.508891 0.00166371
134 0.678431 0.510309 0.00161647
135 0.678431 0.51908 0.00180307
136 0.678431 0.508144 0.00213227
137 0.678431 0.512975 0.00185351
138 0.678431 0.512283 0.00184731
139 0.678431 0.509022 0.00174313
140 0.678431 0.513494 0.00184378
141 0.678431 0.515844 0.00163958
142 0.678431 0.51212 0.001704
143 0.678431 0.509876 0.00195733
144 0.678431 0.514836 0.00204316
145 0.678431 0.514346 0.00200886
146 0.678431 0.510145 0.00193957
147 0.678431 0.511385 0.00227416
148 0.678431 0.507174 0.00221305
149 0.678431 0.510095 0.00238318
150 0.678431 0.511701 0.00218605
151 0.678431 0.50385 0.00195629
152 0.678431 0.514232 0.00191114
153 0.678431 0.508906 0.00214236
154 0.678431 0.511774 0.00195586
155 0.678431 0.512521 0.00182121
156 0.678431 0.505307 0.00197387
157 0.678431 0.511918 0.00180998
158 0.678431 0.508926 0.00214626
159 0.678431 0.511154 0.00177163
160 0.678431 0.506238 0.00249947
161 0.678431 0.505954 0.00211008
162 0.691919 0.513944 0.00214135
163 0.691919 0.506241 0.00238944
164 0.691919 0.511865 0.0020198
165 0.691919 0.511059 0.00203062
166 0.691919 0.513427 0.0017911
167 0.691919 0.510447 0.00255058
168 0.691919 0.509054 0.00245813
169 0.691919 0.511143 0.00216723
170 0.691919 0.511623 0.0019166
171 0.691919 0.514229 0.00227114
172 0.691919 0.512674 0.00211105
173 0.691919 0.512648 0.00229118
174 0.691919 0.510987 0.00223055
175 0.691919 0.512385 0.0018812
176 0.691919 0.514875 0.00220125
177 0.691919 0.510725 0.00236356
178 0.691919 0.507358 0.00231322
179 0.691919 0.502394 0.00211266
180 0.691919 0.511137 0.00218804
181 0.691919 0.506904 0.00230069
182 0.691919 0.508068 0.00211172
183 0.691919 0.509848 0.00193674
184 0.691919 0.518694 0.00251274
185 0.691919 0.513294 0.00228067
186 0.691919 0.506986 0.00204995
187 0.691919 0.509923 0.00227552
188 0.691919 0.509481 0.00207823
189 0.691919 0.508355 0.00225256
190 0.691919 0.510322 0.00220747
191 0.691919 0.507652 0.00272373
192 0.691919 0.511032 0.00205551
193 0.691919 0.509092 0.00212657
194 0.691919 0.506159 0.002468
195 0.691919 0.503432 0.00215915
196 0.691919 0.507178 0.00211884
197 0.691919 0.510449 0.00224577
198 0.691919 0.5106 0.00220878
199 0.691919 0.511637 0.00185409
200 0.691919 0.508673 0.0019233
201 0.691919 0.507387 0.002353
202 0.691919 0.514916 0.00226282
203 0.691919 0.510561 0.00218205
204 0.691919 0.515767 0.00215174
205 0.691919 0.50978 0.00201684
206 0.691919 0.510242 0.00235058
207 0.691919 0.503641 0.00222117
208 0.691919 0.512225 0.00271833
209 0.691919 0.507086 0.00197438
210 0.691919 0.514601 0.00221671
211 0.691919 0.510932 0.0022512
212 0.691919 0.507791 0.00188584
213 0.691919 0.508022 0.00235574
214 0.691919 0.505829 0.00239581
215 0.691919 0.504994 0.00223017
216 0.691919 0.507572 0.00207777
217 0.691919 0.501909 0.00251346
218 0.691919 0.51042 0.00256272
219 0.691919 0.512527 0.00237634
220 0.691919 0.510307 0.00240778
221 0.691919 0.510781 0.00259968
222 0.691919 0.505634 0.0030777
223 0.691919 0.510698 0.00251948
224 0.691919 0.51521 0.00265035
225 0.691919 0.509973 0.00262789
226 0.691919 0.509842 0.00239124
227 0.691919 0.505751 0.00213698
228 0.691919 0.511673 0.00235904
229 0.691919 0.509457 0.0023474
230 0.691919 0.506722 0.0023221
231 0.691919 0.508869 0.00243475
232 0.691919 0.506264 0.00236658
233 0.691919 0.511459 0.00240351
234 0.691919 0.51061 0.00277859
235 0.691919 0.510951 0.00257663
236 0.691919 0.505413 0.0025086
237 0.691919 0.509624 0.00308976
238 0.691919 0.510051 0.00220787
239 0.691919 0.509822 0.00217628
240 0.691919 0.514294 0.00227805
241 0.691919 0.505889 0.00234446
242 0.691919 0.507694 0.00236488
243 0.691919 0.50974 0.00247271
244 0.691919 0.512524 0.00230949
245 0.691919 0.512373 0.00238357
246 0.697699 0.512897 0.0025997
247 0.697699 0.509824 0.0024272
248 0.697699 0.513445 0.00247478
249 0.697699 0.513806 0.00243788
250 0.697699 0.503717 0.00231181
251 0.697699 0.505541 0.00250922
252 0.697699 0.513028 0.00262037
253 0.697699 0.513503 0.00212304
254 0.697699 0.512104 0.00239423
255 0.697699 0.51469 0.00290824
256 0.697699 0.516605 0.00322398
257 0.697699 0.51286 0.00238371
258 0.697699 0.512498 0.00250986
259 0.697699 0.510074 0.00240103
260 0.697699 0.508393 0.00185494
261 0.697699 0.516495 0.00242557
262 0.697699 0.515962 0.00243378
263 0.697699 0.514373 0.00238399
264 0.697699 0.512034 0.00225063
265 0.697699 0.514057 0.00266271
266 0.697699 0.516864 0.00230082
267 0.697699 0.513585 0.00242717
268 0.697699 0.51026 0.00233901
269 0.697699 0.51572 0.00234367
270 0.697699 0.512394 0.00230535
271 0.697699 0.516275 0.00235586
272 0.697699 0.509825 0.00279929
273 0.697699 0.515531 0.00237142
274 0.697699 0.511153 0.00219913
275 0.697699 0.514042 0.00241661
276 0.697699 0.512863 0.00229064
277 0.697699 0.515728 0.00259453
278 0.697699 0.52103 0.0027343
279 0.697699 0.519086 0.00249247
280 0.697699 0.521398 0.00286297
281 0.697699 0.514521 0.00281361
282 0.697699 0.510613 0.00216868
283 0.697699 0.514982 0.00217622
284 0.697699 0.514488 0.0022457
285 0.697699 0.514135 0.0025549
286 0.697699 0.511083 0.00276649
287 0.697699 0.511653 0.00247358
288 0.697699 0.519863 0.00245948
289 0.697699 0.513732 0.00218796
290 0.697699 0.514946 0.00246107
291 0.697699 0.507505 0.00253897
292 0.697699 0.514476 0.00264283
293 0.697699 0.5114 0.00260543
294 0.697699 0.50878 0.00252363
295 0.697699 0.517439 0.00220483
296 0.697699 0.510715 0.00242458
297 0.697699 0.518336 0.00248965
298 0.697699 0.511219 0.00265267
299 0.697699 0.511227 0.0023581
300 0.697699 0.514878 0.00255965
301 0.697699 0.512584 0.00205256
302 0.697699 0.514755 0.00234175
303 0.697699 0.510644 0.00216283
304 0.697699 0.515901 0.00256584
305 0.697699 0.519131 0.00234462
306 0.697699 0.514357 0.00272544
307 0.697699 0.512152 0.00279716
308 0.697699 0.513785 0.00257416
309 0.697699 0.520017 0.00258424
310 0.697699 0.514335 0.00223167
311 0.697699 0.521288 0.00218814
312 0.697699 0.51822 0.00267664
313 0.697699 0.511182 0.00287789
314 0.697699 0.513952 0.00244777
315 0.697699 0.518229 0.00286542
316 0.697699 0.511472 0.00286021
317 0.697699 0.51772 0.002548
318 0.697699 0.515434 0.00260595
319 0.697699 0.514681 0.00289909
320 0.697699 0.514831 0.00221848
321 0.697699 0.517118 0.00285524
322 0.697699 0.517612 0.00289459
323 0.697699 0.511806 0.00234057
324 0.697699 0.518634 0.00269423
325 0.709431 0.517583 0.00306151
326 0.709431 0.509533 0.0031453
327 0.709431 0.518744 0.00253734
328 0.709431 0.515817 0.00258702
329 0.709431 0.516683 0.00265714
330 0.709431 0.517749 0.00350196
331 0.709431 0.51514 0.00243384
332 0.709431 0.513869 0.00262356
333 0.709431 0.512582 0.00209382
334 0.709431 0.511969 0.00237179
335 0.709431 0.510894 0.00255851
336 0.709431 0.516812 0.00270821
337 0.709431 0.51824 0.00281772
338 0.709431 0.52163 0.00269936
339 0.709431 0.513976 0.00259839
340 0.709431 0.513657 0.00298205
341 0.709431 0.513411 0.00226909
342 0.709431 0.519713 0.00280596
343 0.709431 0.516867 0.00246191
344 0.709431 0.51366 0.00254142
345 0.709431 0.51712 0.0022406
346 0.709431 0.513745 0.00251914
347 0.709431 0.513114 0.00222556
348 0.728379 0.517111 0.00249247
349 0.728379 0.515609 0.00313148
350 0.728379 0.521128 0.00331405
351 0.728379 0.520995 0.00269588
352 0.728379 0.527976 0.00238723
353 0.728379 0.51759 0.0022758
354 0.728379 0.514152 0.00255939
355 0.728379 0.513544 0.00257013
356 0.728379 0.517634 0.00225272
357 0.728379 0.509827 0.00268426
358 0.728379 0.515256 0.00259417
359 0.728379 0.512345 0.00261213
360 0.728379 0.513356 0.00278132
361 0.728379 0.512618 0.00248993
362 0.728379 0.515564 0.00273996
363 0.728379 0.516404 0.00251513
364 0.728379 0.508984 0.00253744
365 0.728379 0.520856 0.00260035
366 0.728379 0.512169 0.00290951
367 0.728379 0.522422 0.00337739
368 0.728379 0.517463 0.0027187
369 0.728379 0.511168 0.0025665
370 0.728379 0.517113 0.00293676
371 0.728379 0.517499 0.00277632
372 0.728379 0.513834 0.00313326
373 0.728379 0.520366 0.00311391
374 0.728379 0.512511 0.00262114
375 0.728379 0.518111 0.00298278
376 0.728379 0.515093 0.00284238
377 0.728379 0.514434 0.00253848
378 0.728379 0.518722 0.00261284
379 0.728379 0.516 0.00298414
380 0.728379 0.510235 0.00257805
381 0.728379 0.512249 0.00263323
382 0.728379 0.51186 0.00291174
383 0.728379 0.51487 0.00300253
384 0.728379 0.516064 0.00297473
385 0.728379 0.516271 0.00243407
386 0.728379 0.520472 0.00296506
387 0.728379 0.518294 0.00290379
388 0.728379 0.51084 0.0026128
389 0.728379 0.516132 0.00265715
390 0.728379 0.514323 0.00334685
391 0.728379 0.521913 0.0025865
392 0.728379 0.518798 0.00290814
393 0.728379 0.521165 0.00333758
394 0.728379 0.514434 0.00231309
395 0.728379 0.514731 0.0027736
396 0.728379 0.514853 0.00296973
397 0.728379 0.512726 0.00263041
398 0.728379 0.513832 0.00264049
399 0.728379 0.516298 0.00317387
400 0.728379 0.521887 0.00284081
401 0.728379 0.517921 0.00307051
402 0.728379 0.520182 0.00303097
403 0.728379 0.517871 0.0028229
404 0.728379 0.512886 0.00302104
405 0.728379 0.516441 0.00332077
406 0.728379 0.51548 0.00302861
407 0.728379 0.516227 0.00280372
408 0.728379 0.515688 0.00300586
409 0.728379 0.512842 0.00271585
410 0.728379 0.515623 0.00301901
411 0.728379 0.51228 0.00303699
412 0.728379 0.510324 0.00287934
413 0.728379 0.51618 0.00334178
414 0.728379 0.51108 0.00280906
415 0.728379 0.51661 0.00276403
416 0.728379 0.511934 0.00309979
417 0.728379 0.516658 0.00308021
418 0.728379 0.514287 0.00291614
419 0.728379 0.5164 0.00262577
420 0.728379 0.513418 0.00328622
421 0.728379 0.52101 0.00330621
422 0.728379 0.514493 0.00315302
423 0.728379 0.516965 0.00313476
424 0.728379 0.517668 0.00317444
425 0.728379 0.517733 0.00333451
426 0.728379 0.518188 0.00241124
427 0.728379 0.518185 0.002846
428 0.728379 0.520108 0.00298794
429 0.728379 0.515648 0.0025645
430 0.728379 0.518136 0.00303127
431 0.728379 0.514452 0.00335485
432 0.728379 0.511487 0.00291935
433 0.728379 0.508156 0.00319213
434 0.728379 0.517126 0.00386782
435 0.728379 0.513599 0.00299758
436 0.728379 0.510449 0.0029069
437 0.736061 0.513762 0.00376551
438 0.736061 0.516049 0.00329885
439 0.736061 0.506527 0.00300626
440 0.736061 0.51469 0.00336906
441 0.736061 0.510079 0.00319113
442 0.736061 0.514766 0.00319592
443 0.736061 0.513309 0.00329676
444 0.736061 0.509661 0.00279584
445 0.736061 0.520786 0.00302023
446 0.736061 0.515373 0.00372263
447 0.736061 0.508636 0.00313104
448 0.736061 0.511934 0.00312576
449 0.736061 0.5171 0.00355284
450 0.736061 0.520657 0.00355764
451 0.736061 0.518577 0.00319166
452 0.736061 0.511787 0.00286556
453 0.736061 0.514734 0.00309822
454 0.736061 0.511794 0.00268762
455 0.736061 0.514616 0.00245279
456 0.736061 0.509087 0.00282938
457 0.736061 0.509004 0.00306985
458 0.736061 0.511483 0.00316435
459 0.736061 0.513605 0.00300394
460 0.736061 0.517854 0.0032285
461 0.736061 0.508636 0.00322627
462 0.736061 0.508989 0.00312333
463 0.736061 0.513288 0.00273461
464 0.736061 0.516123 0.00297112
465 0.736061 0.511067 0.00304732
466 0.736061 0.515066 0.00291913
467 0.736061 0.512018 0.00336978
468 0.736061 0.515545 0.00312587
469 0.736061 0.516816 0.0029149
470 0.736061 0.511284 0.00308231
471 0.736061 0.512045 0.00319423
472 0.736061 0.509421 0.00312909
473 0.736061 0.510957 0.00291638
474 0.736061 0.513428 0.00343845
475 0.736061 0.508056 0.00312802
476 0.736061 0.513798 0.0030439
477 0.736061 0.520442 0.00317948
478 0.736061 0.513673 0.00321675
479 0.736061 0.517409 0.0033017
480 0.736061 0.511685 0.00307331
481 0.736061 0.512849 0.00329995
482 0.736061 0.514354 0.00302396
483 0.736061 0.519173 0.0029554
484 0.736061 0.514038 0.00286996
485 0.736061 0.509424 0.00299057
486 0.736061 0.512465 0.00318255
487 0.736061 0.525294 0.00377565
488 0.736061 0.513061 0.00302257
489 0.736061 0.511668 0.00309991
490 0.736061 0.517824 0.00337425
491 0.736061 0.515036 0.00315381
492 0.736061 0.514647 0.00325519
493 0.736061 0.517032 0.003102
494 0.736061 0.519407 0.00324819
495 0.736061 0.515406 0.00349558
496 0.736061 0.514713 0.00311636
497 0.736061 0.515345 0.00319997
498 0.736061 0.51754 0.00326107
499 0.736061 0.5123 0.00305928
500 0.736061 0.518857 0.00305315
501 0.736061 0.520255 0.00315238
502 0.736061 0.517319 0.00322079
503 0.736061 0.511643 0.00346569
504 0.736061 0.514453 0.00385108
505 0.736061 0.514424 0.00320323
506 0.736061 0.511885 0.00337316
507 0.736061 0.511043 0.00298309
508 0.736061 0.514976 0.0031655
509 0.736061 0.520589 0.0029925
510 0.736061 0.51352 0.00275887
511 0.736061 0.518208 0.00279697
512 0.736061 0.514684 0.00336562
513 0.736061 0.514792 0.00356205
514 0.736061 0.517331 0.00346444
515 0.736061 0.516199 0.00302801
516 0.736061 0.513937 0.00298603
517 0.736061 0.511529 0.0032326
518 0.736061 0.515447 0.00320588
519 0.736061 0.507446 0.00319251
520 0.736061 0.510214 0.003134
521 0.736061 0.51373 0.0029108
522 0.736061 0.512728 0.00334462
523 0.736061 0.520987 0.00381475
524 0.736061 0.517682 0.00306709
525 0.736061 0.514649 0.00341641
526 0.736061 0.511746 0.00381358
527 0.736061 0.514252 0.00325171
528 0.736061 0.514318 0.00321756
529 0.736061 0.518847 0.00345632
530 0.736061 0.516337 0.00336014
531 0.736061 0.511032 0.00358463
532 0.736061 0.51125 0.00339986
533 0.736061 0.514478 0.00319869
534 0.736061 0.513341 0.00402485
535 0.736061 0.519567 0.00350071
536 0.736061 0.514495 0.00301203
537 0.736061 0.518518 0.00280171
538 0.736061 0.514476 0.00338898
539 0.736061 0.514756 0.00309793
540 0.736061 0.519996 0.00318824
541 0.736061 0.524885 0.00350092
542 0.736061 0.514628 0.00318714
543 0.736061 0.524412 0.00337354
544 0.736061 0.516211 0.00323011
545 0.736061 0.512076 0.00338565
546 0.736061 0.514378 0.0032169
547 0.736061 0.517488 0.00358984
548 0.736061 0.521766 0.00339991
549 0.736061 0.511824 0.00312978
550 0.736061 0.510319 0.00295899
551 0.736061 0.514349 0.00301526
552 0.736061 0.513376 0.00301014
553 0.736061 0.508583 0.00319607
554 0.736061 0.513398 0.00357504
555 0.736061 0.511535 0.00299383
556 0.736061 0.516541 0.00313594
557 0.736061 0.515636 0.0030824
558 0.736061 0.512728 0.00309733
559 0.736061 0.512839 0.00327186
560 0.736061 0.516288 0.00294174
561 0.736061 0.517068 0.00298805
562 0.736061 0.507881 0.00283471
563 0.736061 0.51252 0.00313478
564 0.736061 0.51658 0.00282676
565 0.736061 0.523526 0.00282417
566 0.736061 0.519885 0.00271805
567 0.736061 0.5156 0.00296583
568 0.736061 0.519049 0.00325285
569 0.736061 0.521381 0.00299944
570 0.736061 0.515714 0.00276282
571 0.736061 0.519232 0.00353041
572 0.736061 0.517806 0.00297332
573 0.736061 0.517896 0.00305168
574 0.736061 0.513883 0.00332392
575 0.736061 0.519294 0.00311035
576 0.736061 0.517273 0.00305528
577 0.736061 0.518634 0.00279723
578 0.736061 0.514752 0.00319304
579 0.736061 0.515863 0.00333949
580 0.736061 0.521109 0.00355975
581 0.736061 0.513669 0.00327976
582 0.736061 0.519609 0.00365565
583 0.736061 0.52344 0.0032328
584 0.736061 0.518065 0.00322165
585 0.736061 0.511786 0.00333346
586 0.736061 0.513798 0.00391987
587 0.736061 0.52438 0.00342172
588 0.736061 0.516502 0.00320904
589 0.736061 0.520313 0.00313676
590 0.736061 0.517365 0.00291496
591 0.736061 0.517453 0.00298097
592 0.736061 0.509346 0.00302638
593 0.736061 0.510552 0.00256671
594 0.736061 0.513069 0.00301842
595 0.736061 0.517825 0.00297432
596 0.736061 0.514397 0.00285452
597 0.736061 0.51071 0.00345739
598 0.736061 0.520657 0.0026635
599 0.736061 0.515043 0.00310321
600 0.765211 0.515107 0.00365601
601 0.765211 0.516398 0.00365723
602 0.765211 0.514155 0.00331665
603 0.765211 0.513962 0.00311573
604 0.765211 0.517322 0.00309983
605 0.765211 0.512318 0.00343689
606 0.765211 0.515532 0.00328927
607 0.765211 0.516103 0.00342669
608 0.765211 0.513985 0.00322992
609 0.765211 0.516689 0.00331183
610 0.765211 0.516423 0.00357407
611 0.765211 0.51551 0.00344302
612 0.765211 0.510184 0.00359282
613 0.765211 0.521695 0.00373244
614 0.765211 0.515454 0.00320617
615 0.765211 0.51631 0.00325439
616 0.765211 0.515078 0.0033455
617 0.765211 0.517297 0.00306488
618 0.765211 0.518568 0.0035098
619 0.765211 0.516488 0.0033425
620 0.765211 0.514308 0.00305419
621 0.765211 0.515669 0.0033116
622 0.765211 0.513223 0.00307548
623 0.765211 0.515256 0.00338426
624 0.765211 0.51474 0.00343135
625 0.765211 0.513705 0.00320958
626 0.765211 0.507906 0.00322662
627 0.765211 0.51647 0.00321379
628 0.765211 0.517079 0.00335963
629 0.765211 0.513555 0.00365161
630 0.765211 0.516587 0.00371281
631 0.765211 0.514752 0.0028898
632 0.765211 0.50621 0.00346858
633 0.765211 0.512236 0.00316569
634 0.765211 0.517737 0.0032967
635 0.765211 0.520183 0.00347782
636 0.765211 0.513951 0.0030566
637 0.765211 0.515481 0.00362278
638 0.765211 0.510309 0.00375034
639 0.765211 0.520023 0.00381443
640 0.765211 0.519473 0.00364279
641 0.765211 0.515285 0.00357664
642 0.765211 0.517726 0.0036123
643 0.765211 0.517918 0.00344292
644 0.765211 0.513139 0.00364675
645 0.765211 0.514658 0.00362471
646 0.765211 0.515176 0.00408604
647 0.765211 0.512985 0.00308055
648 0.765211 0.511579 0.00385343
649 0.765211 0.50984 0.00402622
650 0.765211 0.513756 0.00365279
651 0.765211 0.507419 0.00384005
652 0.765211 0.515333 0.00366703
653 0.765211 0.51644 0.00364901
654 0.765211 0.516478 0.00374124
655 0.765211 0.519283 0.00325936
656 0.765211 0.51521 0.00347357
657 0.765211 0.507194 0.00347106
658 0.765211 0.51161 0.00376644
659 0.765211 0.52168 0.00337434
660 0.765211 0.509852 0.00389053
661 0.765211 0.51065 0.00345677
662 0.765211 0.51513 0.00351723
663 0.765211 0.509556 0.0032968
664 0.765211 0.506081 0.00382519
665 0.765211 0.508692 0.00334791
666 0.765211 0.512608 0.00368394
667 0.765211 0.514521 0.00384787
668 0.765211 0.518184 0.00347641
669 0.765211 0.509733 0.0035627
670 0.765211 0.518111 0.0040202
671 0.765211 0.516693 0.00358458
672 0.765211 0.5213 0.00374807
673 0.765211 0.513961 0.00367005
674 0.765211 0.515651 0.00339095
675 0.765211 0.511748 0.00395638
676 0.765211 0.521008 0.00402425
677 0.765211 0.512854 0.00362067
678 0.765211 0.5139 0.00342593
679 0.765211 0.516902 0.0040197
680 0.765211 0.516154 0.00381892
681 0.765211 0.511387 0.00370055
682 0.765211 0.51838 0.00352805
683 0.765211 0.512565 0.00402653
684 0.765211 0.517525 0.00378044
685 0.765211 0.512859 0.0039638
686 0.765211 0.515419 0.00345277
687 0.765211 0.513232 0.00367015
688 0.765211 0.516172 0.00328229
689 0.765211 0.516915 0.00335683
690 0.765211 0.522956 0.0034119
691 0.765211 0.518055 0.00350309
692 0.765211 0.515163 0.00391925
693 0.765211 0.516377 0.0036414
694 0.765211 0.508637 0.00388101
695 0.765211 0.514042 0.00366315
696 0.765211 0.522586 0.00366754
697 0.765211 0.512918 0.00397924
698 0.765211 0.517702 0.00394244
699 0.765211 0.52011 0.00295409
700 0.765211 0.516812 0.0034491
701 0.765211 0.516207 0.00352442
702 0.765211 0.522847 0.0033073
703 0.765211 0.525711 0.00344513
704 0.765211 0.515126 0.00357667
705 0.765211 0.511566 0.00343864
706 0.765211 0.517521 0.00329685
707 0.765211 0.515882 0.00356137
708 0.765211 0.522437 0.00360488
709 0.765211 0.509436 0.00381721
710 0.765211 0.519167 0.00345555
711 0.765211 0.51104 0.00353059
712 0.765211 0.512232 0.00341934
713 0.765211 0.517048 0.00386979
714 0.765211 0.513854 0.003862
715 0.765211 0.508495 0.00347907
716 0.765211 0.517581 0.003439
717 0.765211 0.521853 0.00353372
718 0.765211 0.514692 0.00329895
719 0.765211 0.513344 0.00372073
720 0.765211 0.514664 0.00358602
721 0.765211 0.519747 0.0040019
722 0.765211 0.521851 0.00389842
723 0.765211 0.518915 0.00393862
724 0.765211 0.516294 0.00302512
725 0.765211 0.517698 0.00348611
726 0.765211 0.511494 0.00371674
727 0.765211 0.516887 0.00423059
728 0.765211 0.51375 0.0031976
729 0.765211 0.518335 0.00334751
730 0.765211 0.515986 0.00361103
731 0.765211 0.514266 0.00332614
732 0.765211 0.519231 0.0030236
733 0.765211 0.515942 0.00329534
734 0.765211 0.507839 0.00344067
735 0.765211 0.514616 0.00380234
736 0.765211 0.518442 0.00362315
737 0.765211 0.512227 0.00320615
738 0.765211 0.514838 0.00372879
739 0.765211 0.521435 0.00368606
740 0.765211 0.517479 0.00355802
741 0.765211 0.51729 0.00325803
742 0.765211 0.510901 0.00303804
743 0.765211 0.512724 0.00312401
744 0.765211 0.514694 0.00328355
745 0.765211 0.519014 0.00358629
746 0.765211 0.514957 0.00327466
747 0.765211 0.509525 0.0035278
748 0.765211 0.521636 0.00387487
749 0.765211 0.520291 0.00332014
750 0.765211 0.520075 0.00301931
751 0.765211 0.51687 0.0035711
752 0.765211 0.515908 0.00325146
753 0.765211 0.515104 0.00326035
754 0.765211 0.520482 0.00336123
755 0.765211 0.515033 0.00385136
756 0.765211 0.515099 0.00415743
757 0.765211 0.515871 0.00350897
758 0.765211 0.514546 0.00308905
759 0.765211 0.514698 0.00356287
760 0.765211 0.511323 0.00343445
761 0.765211 0.510848 0.00362748
762 0.765211 0.51259 0.00375984
763 0.765211 0.514221 0.00342989
764 0.765211 0.515089 0.00347434
765 0.765211 0.508686 0.0031314
766 0.765211 0.513411 0.003444
767 0.765211 0.51091 0.00371715
768 0.765211 0.506873 0.00363474
769 0.765211 0.509375 0.00303538
770 0.765211 0.512578 0.00370242
771 0.765211 0.516606 0.00349533
772 0.765211 0.513155 0.00361386
773 0.765211 0.512911 0.00382888
774 0.765211 0.511611 0.00400722
775 0.765211 0.524389 0.00380013
776 0.765211 0.513589 0.00408537
777 0.765211 0.514036 0.00347594
778 0.765211 0.508814 0.00346502
779 0.765211 0.51028 0.00297042
780 0.765211 0.513023 0.00341322
781 0.765211 0.512263 0.00345598
782 0.765211 0.520415 0.00330353
783 0.765211 0.515217 0.00328698
784 0.765211 0.518206 0.00325303
785 0.765211 0.514945 0.00363093
786 0.765211 0.518954 0.00296679
787 0.765211 0.51666 0.00305255
788 0.765211 0.51242 0.00331722
789 0.765211 0.515916 0.00328667
790 0.765211 0.512398 0.00340454
791 0.765211 0.512466 0.00323483
792 0.765211 0.514641 0.00344617
793 0.765211 0.516022 0.00339575
794 0.765211 0.512688 0.00362854
795 0.765211 0.512724 0.00311748
796 0.765211 0.515385 0.00317491
797 0.765211 0.509572 0.00366556
798 0.765211 0.518035 0.00325626
799 0.765211 0.517683 0.00310955
800 0.765211 0.521366 0.0034852
801 0.765211 0.5141 0.00308628
802 0.765211 0.520587 0.00294127
803 0.765211 0.514349 0.00326876
804 0.765211 0.518074 0.00366645
805 0.765211 0.52034 0.00350529
806 0.765211 0.517235 0.00393823
807 0.765211 0.518529 0.00334347
808 0.765211 0.515721 0.00352954
809 0.765211 0.519682 0.00338065
810 0.765211 0.519549 0.00360682
811 0.765211 0.521662 0.0038676
812 0.765211 0.520405 0.00345659
813 0.765211 0.517523 0.00384772
814 0.765211 0.518349 0.00358521
815 0.765211 0.513798 0.00325136
816 0.765211 0.514186 0.0039783
817 0.765211 0.505946 0.00369331
818 0.765211 0.51957 0.00380261
819 0.765211 0.508666 0.00345946
820 0.765211 0.512387 0.00299135
821 0.765211 0.514106 0.00353882
822 0.765211 0.515136 0.00316142
823 0.765211 0.513746 0.00373998
824 0.765211 0.520652 0.00373047
825 0.765211 0.518834 0.00394752
826 0.765211 0.518198 0.00360098
827 0.765211 0.513675 0.00361507
828 0.765211 0.512637 0.00369456
829 0.765211 0.519 0.00329427
830 0.765211 0.515151 0.00356284
831 0.765211 0.517161 0.0033075
832 0.765211 0.518199 0.00333875
833 0.765211 0.512768 0.00397948
834 0.765211 0.520829 0.00366383
835 0.765211 0.518601 0.00333756
836 0.765211 0.518981 0.00307038
837 0.765211 0.515033 0.00347929
838 0.765211 0.516011 0.00346446
839 0.765211 0.522454 0.00301955
840 0.765211 0.51238 0.00357332
841 0.765211 0.513658 0.00323594
842 0.765211 0.513613 0.00410822
843 0.765211 0.515432 0.00404213
844 0.765211 0.51956 0.00374917
845 0.765211 0.518512 0.00376392
846 0.765211 0.51458 0.00315288
847 0.765211 0.516201 0.00330847
848 0.765211 0.510991 0.0042159
849 0.765211 0.515078 0.00422508
850 0.765211 0.517821 0.00327444
851 0.765211 0.524282 0.00345457
852 0.765211 0.516497 0.00366991
853 0.765211 0.513574 0.00347907
854 0.765211 0.511549 0.0038435
855 0.765211 0.516089 0.0036899
856 0.765211 0.514206 0.00397247
857 0.765211 0.515174 0.00333036
858 0.765211 0.516489 0.00351239
859 0.765211 0.512278 0.00386305
860 0.765211 0.514817 0.00309567
861 0.765211 0.520941 0.00322943
862 0.765211 0.510618 0.00365936
863 0.765211 0.513315 0.00302741
864 0.765211 0.519131 0.00362551
865 0.765211 0.521564 0.00325336
866 0.765211 0.51522 0.00369427
867 0.765211 0.525053 0.00359252
868 0.765211 0.513525 0.00350984
869 0.765211 0.515811 0.00337412
870 0.765211 0.518852 0.00334088
871 0.765211 0.513082 0.00321146
872 0.765211 0.516812 0.00363226
873 0.765211 0.519971 0.00339733
874 0.765211 0.516939 0.00333925
875 0.765211 0.521552 0.00342201
876 0.765211 0.518627 0.00381893
877 0.765211 0.516395 0.00378053
878 0.765211 0.519153 0.00357183
879 0.765211 0.514075 0.00381359
880 0.765211 0.511257 0.00387233
881 0.765211 0.519449 0.00332935
882 0.765211 0.514868 0.00352985
883 0.765211 0.513617 0.00342854
884 0.765211 0.515573 0.00356618
885 0.765211 0.518645 0.0033313
886 0.765211 0.517157 0.00415031
887 0.765211 0.521492 0.00332714
888 0.765211 0.512174 0.00335575
889 0.765211 0.513445 0.00331471
890 0.765211 0.512379 0.00379949
891 0.765211 0.516558 0.00396608
892 0.765211 0.516347 0.00360032
893 0.765211 0.513392 0.0033558
894 0.765211 0.513235 0.0033873
895 0.765211 0.522994 0.00358198
896 0.765211 0.517154 0.00307989
897 0.765211 0.519577 0.00313773
898 0.765211 0.517145 0.00381176
899 0.765211 0.514672 0.00395018
900 0.765211 0.509035 0.00441006
901 0.765211 0.516226 0.0037322
902 0.765211 0.516741 0.0038271
903 0.765211 0.511728 0.0042436
904 0.765211 0.516453 0.00353628
905 0.765211 0.517286 0.00365188
906 0.765211 0.52464 0.00353356
907 0.765211 0.515511 0.00363708
908 0.765211 0.517867 0.00359989
909 0.765211 0.521129 0.00350584
910 0.765211 0.515417 0.00340573
911 0.765211 0.522896 0.00350522
912 0.765211 0.515127 0.0033623
913 0.765211 0.514856 0.00345825
914 0.765211 0.5178 0.00370146
915 0.765211 0.519984 0.00307523
916 0.765211 0.521852 0.00369015
917 0.765211 0.516879 0.00330154
918 0.765211 0.51965 0.00377942
919 0.765211 0.514174 0.00397031
920 0.765211 0.513578 0.00379042
921 0.765211 0.515954 0.00355507
922 0.765211 0.513181 0.00295808
923 0.765211 0.513136 0.00341351
924 0.765211 0.510872 0.00296669
925 0.765211 0.514624 0.00349876
926 0.765211 0.513676 0.00349347
927 0.765211 0.512596 0.00389862
928 0.765211 0.50941 0.00305685
929 0.765211 0.514561 0.00331744
930 0.765211 0.51354 0.00336651
931 0.765211 0.515865 0.00407519
932 0.765211 0.52044 0.00339906
933 0.765211 0.513918 0.00397079
934 0.765211 0.509549 0.00342127
935 0.765211 0.516157 0.00416049
936 0.765211 0.519207 0.00417087
937 0.765211 0.514471 0.00396403
938 0.765211 0.515593 0.00348817
939 0.765211 0.518738 0.00359125
940 0.765211 0.515728 0.00441969
941 0.765211 0.521262 0.00339898
942 0.765211 0.515233 0.00317991
943 0.765211 0.520461 0.0036345
944 0.765211 0.519392 0.00346704
945 0.765211 0.517623 0.00345244
946 0.765211 0.52269 0.00311016
947 0.765211 0.518306 0.00346675
948 0.765211 0.52312 0.00385138
949 0.765211 0.51836 0.00417043
950 0.765211 0.513267 0.00389244
951 0.765211 0.507865 0.00384201
952 0.765211 0.515186 0.00347976
953 0.765211 0.516955 0.00380742
954 0.765211 0.515585 0.00345499
955 0.765211 0.515837 0.00371605
956 0.765211 0.515865 0.00407271
957 0.765211 0.513298 0.00387146
958 0.765211 0.51521 0.00367173
959 0.765211 0.518836 0.00292275
960 0.765211 0.510754 0.00351045
961 0.765211 0.516359 0.00357503
962 0.765211 0.517542 0.00373061
963 0.765211 0.509856 0.00407381
964 0.765211 0.504529 0.00382518
965 0.765211 0.513723 0.00341639
966 0.765211 0.517419 0.00359518
967 0.765211 0.514467 0.00333659
968 0.765211 0.515172 0.00373747
969 0.765211 0.513257 0.00392692
970 0.765211 0.511314 0.00363331
971 0.765211 0.517937 0.00324853
972 0.765211 0.51271 0.00350663
973 0.765211 0.5168 0.00332502
974 0.765211 0.51529 0.00389171
975 0.765211 0.512255 0.00426499
976 0.765211 0.517418 0.00379023
977 0.765211 0.512385 0.00431808
978 0.765211 0.517565 0.00394992
979 0.765211 0.515543 0.00410996
980 0.765211 0.523543 0.00360216
981 0.765211 0.526815 0.00358491
982 0.765211 0.509656 0.0035445
983 0.765211 0.51743 0.00464564
984 0.765211 0.515686 0.0039178
985 0.765211 0.513094 0.00379965
986 0.765211 0.52186 0.00393465
987 0.765211 0.515699 0.0035193
988 0.765211 0.514924 0.00414681
989 0.765211 0.51481 0.00397626
990 0.765211 0.52013 0.00362724
991 0.765211 0.520016 0.00402061
992 0.765211 0.518627 0.00382262
993 0.765211 0.529978 0.00392203
994 0.765211 0.51989 0.00426903
995 0.765211 0.520748 0.00417013
996 0.765211 0.51799 0.00445517
997 0.765211 0.516251 0.0040697
998 0.765211 0.521199 0.0039744
999 0.765211 0.523513 0.00381063
1000 0.765211 0.515628 0.0043759
1001 0.765211 0.516618 0.00419238
1002 0.765211 0.514978 0.00333064
1003 0.765211 0.521428 0.00338167
1004 0.765211 0.512559 0.00342427
1005 0.765211 0.51124 0.00338562
1006 0.765211 0.511432 0.0039991
1007 0.765211 0.515063 0.00349497
1008 0.765211 0.52021 0.0034898
1009 0.765211 0.520363 0.00410726
1010 0.765211 0.515101 0.00419036
1011 0.765211 0.518895 0.00428295
1012 0.765211 0.519871 0.00396498
1013 0.765211 0.521255 0.00401972
1014 0.765211 0.514706 0.00340978
1015 0.765211 0.514674 0.0036277
1016 0.765211 0.516848 0.00371265
1017 0.765211 0.510667 0.00353891
1018 0.765211 0.51989 0.00373721
1019 0.765211 0.519191 0.00363377
1020 0.765211 0.522984 0.0040314
1021 0.765211 0.52013 0.00377777
1022 0.765211 0.515065 0.00367157
1023 0.765211 0.522206 0.0037927
1024 0.765211 0.521477 0.00395539
1025 0.765211 0.518271 0.00406138
1026 0.765211 0.518342 0.00351834
1027 0.765211 0.519806 0.00381607
1028 0.765211 0.514233 0.00450495
1029 0.765211 0.522708 0.00339626
1030 0.765211 0.518779 0.00431862
1031 0.765211 0.516353 0.00371267
1032 0.765211 0.520679 0.00324384
1033 0.765211 0.515464 0.00417154
1034 0.765211 0.520498 0.00350357
1035 0.765211 0.517391 0.00413531
1036 0.765211 0.52101 0.00372495
1037 0.765211 0.510991 0.00396797
1038 0.765211 0.520246 0.00382668
1039 0.765211 0.512421 0.00376863
1040 0.765211 0.510914 0.00400158
1041 0.765211 0.517041 0.00439329
1042 0.765211 0.520679 0.00350984
1043 0.765211 0.513447 0.00376981
1044 0.765211 0.516813 0.00383633
1045 0.765211 0.511637 0.00354667
1046 0.765211 0.514274 0.00333603
1047 0.765211 0.510809 0.00363561
1048 0.765211 0.514389 0.0033282
1049 0.765211 0.514711 0.00403688
1050 0.765211 0.51445 0.00380721
1051 0.765211 0.519092 0.00404885
1052 0.765211 0.519031 0.00354527
1053 0.765211 0.515133 0.00376234
1054 0.765211 0.510728 0.00409175
1055 0.765211 0.511517 0.00401374
1056 0.765211 0.514981 0.00342305
1057 0.765211 0.509897 0.00356612
1058 0.765211 0.517304 0.00326059
1059 0.765211 0.517715 0.00366329
1060 0.765211 0.510784 0.00393076
1061 0.765211 0.509475 0.00370919
1062 0.765211 0.518473 0.00354891
1063 0.765211 0.513428 0.00337795
1064 0.765211 0.520441 0.00353648
1065 0.765211 0.523566 0.00365761
1066 0.765211 0.516009 0.00342074
1067 0.765211 0.518699 0.00354048
1068 0.765211 0.517404 0.00355351
1069 0.765211 0.517136 0.00370436
1070 0.765211 0.515577 0.00360383
1071 0.765211 0.520694 0.00363178
1072 0.765211 0.51639 0.00360244
1073 0.765211 0.518862 0.00375383
1074 0.765211 0.514399 0.00372866
1075 0.765211 0.509474 0.00371912
1076 0.765211 0.518 0.00313982
1077 0.765211 0.516033 0.00401727
1078 0.765211 0.522992 0.00354271
1079 0.765211 0.519662 0.00354833
1080 0.765211 0.510564 0.00410239
1081 0.765211 0.513112 0.0031498
1082 0.765211 0.511184 0.00346895
1083 0.765211 0.516591 0.00346989
1084 0.765211 0.517448 0.00388818
1085 0.765211 0.509698 0.00333214
1086 0.765211 0.516649 0.00346615
1087 0.765211 0.51273 0.00338927
1088 0.765211 0.509127 0.00338019
1089 0.765211 0.512464 0.00342764
1090 0.765211 0.512812 0.00362395
1091 0.765211 0.516268 0.00357685
1092 0.765211 0.514944 0.00388285
1093 0.765211 0.508534 0.00380271
1094 0.765211 0.511398 0.00353335
1095 0.765211 0.513777 0.00373087
1096 0.765211 0.514197 0.00375917
1097 0.765211 0.520095 0.00330748
1098 0.765211 0.519612 0.00362821
1099 0.765211 0.50542 0.00432538
1100 0.765211 0.515935 0.00361127
1101 0.765211 0.511658 0.00362209
1102 0.765211 0.515298 0.00363095
1103 0.765211 0.514612 0.00406978
1104 0.765211 0.505372 0.00385879
1105 0.765211 0.516611 0.00390491
1106 0.765211 0.520237 0.0036106
1107 0.765211 0.511626 0.00369693
1108 0.765211 0.519846 0.00355386
1109 0.765211 0.515651 0.00365314
1110 0.765211 0.504741 0.00388356
1111 0.765211 0.516835 0.0038254
1112 0.765211 0.512103 0.00397142
1113 0.765211 0.50792 0.00393392
1114 0.765211 0.516231 0.00397937
1115 0.765211 0.522416 0.00398639
1116 0.765211 0.518166 0.00363499
1117 0.765211 0.514755 0.00377071
1118 0.765211 0.514474 0.00395952
1119 0.765211 0.518981 0.00428917
1120 0.765211 0.520562 0.00349355
1121 0.765211 0.518478 0.00436363
1122 0.765211 0.512754 0.00395881
1123 0.765211 0.512776 0.00371836
1124 0.765211 0.518954 0.00384099
1125 0.765211 0.518699 0.00424104
1126 0.765211 0.515068 0.00387064
1127 0.765211 0.516079 0.00357477
1128 0.765211 0.512598 0.00408678
1129 0.765211 0.513006 0.00386233
1130 0.765211 0.519293 0.00389355
1131 0.765211 0.513324 0.00408143
1132 0.765211 0.515215 0.00346828
1133 0.765211 0.514083 0.00412205
1134 0.765211 0.520209 0.00373663
1135 0.765211 0.51102 0.00411223
1136 0.765211 0.516148 0.00359538
1137 0.765211 0.51325 0.00352116
1138 0.765211 0.513754 0.00391212
1139 0.765211 0.514079 0.0036596
1140 0.765211 0.51129 0.00365728
1141 0.765211 0.511568 0.00369961
1142 0.765211 0.512096 0.00373808
1143 0.765211 0.513141 0.00365459
1144 0.765211 0.508862 0.003363
1145 0.765211 0.510858 0.00394445
1146 0.765211 0.509899 0.00361177
1147 0.765211 0.513428 0.0035239
1148 0.765211 0.508055 0.00372182
1149 0.765211 0.505426 0.00358462
1150 0.765211 0.514064 0.00377601
1151 0.765211 0.513358 0.0042384
1152 0.765211 0.514538 0.00363403
1153 0.765211 0.52081 0.00389621
1154 0.765211 0.51751 0.0037979
1155 0.765211 0.507259 0.0035767
1156 0.765211 0.509426 0.00356608
1157 0.765211 0.512265 0.00392993
1158 0.765211 0.506994 0.00351913
1159 0.765211 0.515671 0.00389996
1160 0.765211 0.512605 0.00395021
1161 0.765211 0.514296 0.00312096
1162 0.765211 0.509934 0.00400829
1163 0.765211 0.515857 0.00364812
1164 0.765211 0.517203 0.00402982
1165 0.765211 0.512733 0.00394045
1166 0.765211 0.510568 0.0041175
1167 0.765211 0.515918 0.00430762
1168 0.765211 0.51904 0.00393752
1169 0.765211 0.512126 0.00355616
1170 0.765211 0.515723 0.00430689
1171 0.765211 0.518075 0.00392756
1172 0.765211 0.518329 0.0036889
1173 0.765211 0.50904 0.0040705
1174 0.765211 0.507321 0.00361625
1175 0.765211 0.510304 0.00364953
1176 0.765211 0.513715 0.00376008
1177 0.765211 0.516824 0.0037391
1178 0.765211 0.51224 0.00324502
1179 0.765211 0.511777 0.00408845
1180 0.765211 0.519373 0.00368024
1181 0.765211 0.517207 0.00358652
1182 0.765211 0.513784 0.00322579
1183 0.765211 0.515999 0.00309667
1184 0.765211 0.508826 0.00314502
1185 0.765211 0.514251 0.0034817
1186 0.765211 0.513184 0.00339377
1187 0.765211 0.512072 0.00425009
1188 0.765211 0.520471 0.0038166
1189 0.765211 0.520918 0.00389597
1190 0.765211 0.518353 0.00425239
1191 0.765211 0.51479 0.00418352
1192 0.765211 0.510423 0.00438021
1193 0.765211 0.512833 0.00466766
1194 0.765211 0.515183 0.00355434
1195 0.765211 0.513687 0.00360044
1196 0.765211 0.512289 0.00382655
1197 0.765211 0.513241 0.0035901
1198 0.765211 0.51318 0.00390466
1199 0.765211 0.51177 0.00346523
1200 0.765211 0.516017 0.00343431
1201 0.765211 0.51921 0.00427902
1202 0.765211 0.523381 0.00386797
1203 0.765211 0.515984 0.003543
1204 0.765211 0.512955 0.00375912
1205 0.765211 0.51402 0.00366728
1206 0.765211 0.520649 0.00367829
1207 0.765211 0.517803 0.00385822
1208 0.765211 0.516817 0.00348851
1209 0.765211 0.517469 0.00306261
1210 0.765211 0.512711 0.00376271
1211 0.765211 0.510495 0.00369505
1212 0.765211 0.511815 0.00417014
1213 0.765211 0.50821 0.00403781
1214 0.765211 0.512847 0.00336331
1215 0.765211 0.5136 0.00357768
1216 0.765211 0.512969 0.00305305
1217 0.765211 0.514408 0.00330673
1218 0.765211 0.516367 0.00331981
1219 0.765211 0.512147 0.0044255
1220 0.765211 0.512329 0.00338748
1221 0.765211 0.507039 0.00377391
1222 0.765211 0.51584 0.00386223
1223 0.765211 0.51476 0.00350272
1224 0.765211 0.512571 0.00371215
1225 0.765211 0.510605 0.00360942
1226 0.765211 0.511724 0.00327191
1227 0.765211 0.505803 0.00375882
1228 0.765211 0.505782 0.00409317
1229 0.765211 0.509497 0.0034142
1230 0.765211 0.507142 0.00361145
1231 0.765211 0.512153 0.003412
1232 0.765211 0.512433 0.00399847
1233 0.765211 0.508363 0.00381302
1234 0.765211 0.512643 0.00386987
1235 0.765211 0.515245 0.00381968
1236 0.765211 0.512178 0.00389283
1237 0.765211 0.515257 0.00339672
1238 0.765211 0.520037 0.00378706
1239 0.765211 0.517785 0.00389371
1240 0.765211 0.51362 0.00324798
1241 0.765211 0.51598 0.00356961
1242 0.765211 0.514336 0.00334678
1243 0.765211 0.517542 0.00355551
1244 0.765211 0.51994 0.00386093
1245 0.765211 0.515698 0.00320636
1246 0.765211 0.512874 0.00350872
1247 0.765211 0.518157 0.00378316
1248 0.765211 0.517346 0.0036215
1249 0.765211 0.516245 0.00326554
1250 0.765211 0.511517 0.00391533
1251 0.765211 0.517549 0.00348981
1252 0.765211 0.509732 0.00461697
1253 0.765211 0.514636 0.00381837
1254 0.765211 0.513951 0.00364255
1255 0.765211 0.513742 0.00358499
1256 0.765211 0.508768 0.00353227
1257 0.765211 0.513487 0.00387278
1258 0.765211 0.517876 0.00325518
1259 0.765211 0.511542 0.00370676
1260 0.765211 0.507543 0.00388047
1261 0.765211 0.510397 0.00336957
1262 0.765211 0.516528 0.00359014
1263 0.765211 0.516549 0.00341853
1264 0.765211 0.516014 0.00333181
1265 0.765211 0.515051 0.00300298
1266 0.765211 0.516192 0.00380894
1267 0.765211 0.51884 0.00381371
1268 0.765211 0.512578 0.00358198
1269 0.765211 0.514958 0.00390018
1270 0.765211 0.512697 0.00346447
1271 0.765211 0.513666 0.00336558
1272 0.765211 0.510697 0.00355771
1273 0.765211 0.515714 0.00344234
1274 0.765211 0.519912 0.00394674
1275 0.765211 0.516197 0.00406411
1276 0.765211 0.52287 0.00358356
1277 0.765211 0.512866 0.0038919
1278 0.765211 0.516272 0.00323425
1279 0.765211 0.508833 0.00336903
1280 0.765211 0.511956 0.00356051
1281 0.765211 0.519569 0.00338814
1282 0.765211 0.523884 0.00340776
1283 0.765211 0.515706 0.00351461
1284 0.765211 0.515887 0.00352603
1285 0.765211 0.510996 0.00360752
1286 0.765211 0.518349 0.00395979
1287 0.765211 0.518116 0.0038679
1288 0.765211 0.515481 0.00340392
1289 0.765211 0.512432 0.00428139
1290 0.765211 0.518421 0.00425843
1291 0.765211 0.518926 0.00366299
1292 0.765211 0.515038 0.00424709
1293 0.765211 0.521338 0.00425181
1294 0.765211 0.517801 0.00440862
1295 0.765211 0.523521 0.00385529
1296 0.765211 0.51751 0.00364699
1297 0.765211 0.525339 0.00353184
1298 0.765211 0.518521 0.00396641
1299 0.765211 0.52118 0.00388361
1300 0.765211 0.513658 0.00398371
1301 0.765211 0.520004 0.00381873
1302 0.765211 0.514075 0.0038229
1303 0.765211 0.519658 0.00370658
1304 0.765211 0.508735 0.00423445
1305 0.765211 0.510313 0.00356037
1306 0.765211 0.518625 0.00350092
1307 0.765211 0.515056 0.00360751
1308 0.765211 0.521461 0.00360479
1309 0.765211 0.52233 0.00336639
1310 0.765211 0.518557 0.0037587
1311 0.765211 0.512622 0.00384134
1312 0.765211 0.514806 0.00374399
1313 0.765211 0.524656 0.00365323
1314 0.765211 0.516613 0.00381682
1315 0.765211 0.519532 0.00420287
1316 0.765211 0.523335 0.00351318
1317 0.765211 0.516986 0.00378353
1318 0.765211 0.515927 0.00386378
1319 0.765211 0.516528 0.00356366
1320 0.765211 0.512769 0.00442399
1321 0.765211 0.512987 0.00376436
1322 0.765211 0.515999 0.00337263
1323 0.765211 0.519388 0.00382354
1324 0.765211 0.524312 0.00369009
1325 0.765211 0.520496 0.00383819
1326 0.765211 0.511308 0.00409458
1327 0.765211 0.517375 0.0042345
1328 0.765211 0.516972 0.00404941
1329 0.765211 0.521724 0.00409521
1330 0.765211 0.52162 0.003596
1331 0.765211 0.514583 0.00353899
1332 0.765211 0.510924 0.00335886
1333 0.765211 0.51181 0.00350371
1334 0.765211 0.513694 0.00343119
1335 0.765211 0.517918 0.00379454
1336 0.765211 0.512542 0.00359583
1337 0.765211 0.51561 0.00355293
1338 0.765211 0.515918 0.00367756
1339 0.765211 0.509146 0.00384161
1340 0.765211 0.517058 0.00360091
1341 0.765211 0.518066 0.00327359
1342 0.765211 0.511345 0.00372661
1343 0.765211 0.509832 0.00367898
1344 0.765211 0.515111 0.00368237
1345 0.765211 0.513936 0.00365083
1346 0.765211 0.518517 0.00335259
1347 0.765211 0.522663 0.00403281
1348 0.765211 0.516025 0.00346309
1349 0.765211 0.519909 0.00428268
1350 0.765211 0.51777 0.00423867
1351 0.765211 0.517632 0.0033636
1352 0.765211 0.511797 0.00390688
1353 0.765211 0.516767 0.00345249
1354 0.765211 0.517037 0.00328535
1355 0.765211 0.51362 0.00372277
1356 0.765211 0.515489 0.00358632
1357 0.765211 0.509858 0.00380321
1358 0.765211 0.513387 0.0045236
1359 0.765211 0.512813 0.00384096
1360 0.765211 0.510389 0.00364354
1361 0.765211 0.509748 0.00346121
1362 0.765211 0.511089 0.00415381
1363 0.765211 0.51544 0.00430159
1364 0.765211 0.515941 0.0038643
1365 0.765211 0.507727 0.0039086
1366 0.765211 0.516625 0.00381426
1367 0.765211 0.515303 0.0038306
1368 0.765211 0.513511 0.00377315
1369 0.765211 0.517135 0.00411572
1370 0.765211 0.520114 0.00361801
1371 0.765211 0.519844 0.00383105
1372 0.765211 0.518188 0.00352895
1373 0.765211 0.514504 0.00379317
1374 0.765211 0.514538 0.00395207
1375 0.765211 0.516205 0.00389755
1376 0.765211 0.514784 0.00364101
1377 0.765211 0.51536 0.00359611
1378 0.765211 0.516165 0.00325356
1379 0.765211 0.52223 0.00378945
1380 0.765211 0.516185 0.00356779
1381 0.765211 0.513706 0.0033891
1382 0.765211 0.507473 0.00342288
1383 0.765211 0.512842 0.00364818
1384 0.765211 0.507181 0.00318747
1385 0.765211 0.509292 0.00298145
1386 0.765211 0.507503 0.0034565
1387 0.765211 0.515287 0.00336453
1388 0.765211 0.514172 0.00312499
1389 0.765211 0.5149 0.00346804
1390 0.765211 0.511782 0.00384585
1391 0.765211 0.512764 0.0034969
1392 0.765211 0.51584 0.00338735
1393 0.765211 0.517516 0.00363218
1394 0.765211 0.511568 0.00313172
1395 0.765211 0.512319 0.0040094
1396 0.765211 0.508347 0.00318255
1397 0.765211 0.508559 0.00312141
1398 0.765211 0.513458 0.00356552
1399 0.765211 0.514095 0.00402338
1400 0.765211 0.514552 0.00352091
1401 0.765211 0.511496 0.00370403
1402 0.765211 0.51602 0.00362098
1403 0.765211 0.513117 0.00381479
1404 0.765211 0.51272 0.00382812
1405 0.765211 0.505169 0.00391058
1406 0.765211 0.513246 0.00334137
1407 0.765211 0.511367 0.00347983
1408 0.765211 0.506479 0.00399944
1409 0.765211 0.513432 0.00373281
1410 0.765211 0.51247 0.00318848
1411 0.765211 0.51722 0.0035559
1412 0.765211 0.511759 0.00338436
1413 0.765211 0.50849 0.00355127
1414 0.765211 0.514282 0.00390543
1415 0.765211 0.51246 0.00368574
1416 0.765211 0.516799 0.00407054
1417 0.765211 0.516308 0.00384762
1418 0.765211 0.514542 0.00335016
1419 0.765211 0.513501 0.00358559
1420 0.765211 0.514859 0.00349385
1421 0.765211 0.51376 0.00353779
1422 0.765211 0.516127 0.00360659
1423 0.765211 0.513384 0.00391893
1424 0.765211 0.516484 0.00386099
1425 0.765211 0.510796 0.00411284
1426 0.765211 0.518051 0.00389207
1427 0.765211 0.509718 0.00397955
1428 0.765211 0.519439 0.00410878
1429 0.765211 0.515286 0.00380066
1430 0.765211 0.522946 0.00365771
1431 0.765211 0.512516 0.00381279
1432 0.765211 0.509171 0.00430372
1433 0.765211 0.513536 0.00396646
1434 0.765211 0.518439 0.00420236
1435 0.765211 0.51759 0.00386277
1436 0.765211 0.512209 0.00369489
1437 0.765211 0.514444 0.00367368
1438 0.765211 0.509305 0.00399312
1439 0.765211 0.512813 0.00387598
1440 0.765211 0.51537 0.00392336
1441 0.765211 0.513236 0.0037635
1442 0.765211 0.523486 0.00393419
1443 0.765211 0.517018 0.00447352
1444 0.765211 0.518244 0.00385338
1445 0.765211 0.511362 0.00435643
1446 0.765211 0.513059 0.00392723
1447 0.765211 0.517927 0.00423605
1448 0.765211 0.513099 0.00356718
1449 0.765211 0.509706 0.00381603
1450 0.765211 0.522404 0.00373436
1451 0.765211 0.517599 0.0038312
1452 0.765211 0.521892 0.00357047
1453 0.765211 0.517206 0.00388891
1454 0.765211 0.513326 0.00382691
1455 0.765211 0.513763 0.0035374
1456 0.765211 0.516155 0.0034714
1457 0.765211 0.51469 0.00380866
1458 0.765211 0.518886 0.00342097
1459 0.765211 0.51342 0.00356895
1460 0.765211 0.517782 0.00342583
1461 0.765211 0.519357 0.00329512
1462 0.765211 0.516953 0.00306836
1463 0.765211 0.513197 0.00395201
1464 0.765211 0.511781 0.00379918
1465 0.765211 0.519018 0.00400277
1466 0.765211 0.51416 0.00370683
1467 0.765211 0.517218 0.00397347
1468 0.765211 0.51711 0.00346903
1469 0.765211 0.50934 0.00375778
1470 0.765211 0.510044 0.0038406
1471 0.765211 0.510755 0.00382404
1472 0.765211 0.521386 0.00413948
1473 0.765211 0.511435 0.00362173
1474 0.765211 0.51735 0.00380029
1475 0.765211 0.515904 0.00379264
1476 0.765211 0.520671 0.00371009
1477 0.765211 0.518806 0.00354144
1478 0.765211 0.513339 0.00389278
1479 0.765211 0.516439 0.00401038
1480 0.765211 0.515943 0.00363783
1481 0.765211 0.510078 0.00405107
1482 0.765211 0.517897 0.00329964
1483 0.765211 0.510343 0.00385789
1484 0.765211 0.512809 0.00395358
1485 0.765211 0.525527 0.00370818
1486 0.765211 0.510822 0.00386533
1487 0.765211 0.51576 0.0032847
1488 0.765211 0.515729 0.00357133
1489 0.765211 0.510822 0.00342535
1490 0.765211 0.520517 0.00345596
1491 0.765211 0.520627 0.00338648
1492 0.765211 0.52099 0.00379891
1493 0.765211 0.516752 0.00380853
1494 0.765211 0.511643 0.00448539
1495 0.765211 0.512479 0.00398091
1496 0.765211 0.520663 0.00392018
1497 0.765211 0.516363 0.00355742
1498 0.765211 0.521216 0.00406116
1499 0.765211 0.503636 0.00453871
1500 0.765211 0.51949 0.00423888
1501 0.765211 0.514955 0.0036042
1502 0.765211 0.51178 0.00404266
1503 0.765211 0.513411 0.0044607
1504 0.765211 0.519079 0.00393809
1505 0.765211 0.51788 0.00411039
1506 0.765211 0.519777 0.00385222
1507 0.765211 0.516706 0.00406821
1508 0.765211 0.515005 0.00360639
1509 0.765211 0.514266 0.00378808
1510 0.765211 0.510963 0.00363288
1511 0.765211 0.5124 0.00344227
1512 0.765211 0.515585 0.00397748
1513 0.765211 0.516231 0.00362998
1514 0.765211 0.513674 0.004499
1515 0.765211 0.514837 0.00368559
1516 0.765211 0.511739 0.00332714
1517 0.765211 0.515016 0.00382703
1518 0.765211 0.520605 0.00370786
1519 0.765211 0.516763 0.00358926
1520 0.765211 0.515172 0.0037098
1521 0.765211 0.519166 0.00387217
1522 0.765211 0.516397 0.00350336
1523 0.765211 0.518659 0.00398243
1524 0.765211 0.520047 0.00406131
1525 0.765211 0.518153 0.00358987
1526 0.765211 0.513512 0.00344729
1527 0.765211 0.507387 0.00426133
1528 0.765211 0.508004 0.00364226
1529 0.765211 0.509493 0.00411756
1530 0.765211 0.51216 0.00386061
1531 0.765211 0.519198 0.0034865
1532 0.765211 0.518543 0.00393634
1533 0.765211 0.51386 0.00372294
1534 0.765211 0.520521 0.00391155
1535 0.765211 0.511891 0.00391784
1536 0.765211 0.517277 0.00381346
1537 0.765211 0.516702 0.00406339
1538 0.765211 0.514455 0.00396708
1539 0.765211 0.513023 0.00332442
1540 0.765211 0.519368 0.00449823
1541 0.765211 0.514101 0.00350433
1542 0.765211 0.520155 0.00367543
1543 0.765211 0.514655 0.00382779
1544 0.765211 0.520237 0.00369213
1545 0.765211 0.511806 0.00353837
1546 0.765211 0.512831 0.00376668
1547 0.765211 0.510299 0.00400626
1548 0.765211 0.520756 0.00376415
1549 0.765211 0.514453 0.00367279
1550 0.765211 0.518155 0.00383186
1551 0.765211 0.517549 0.00376733
1552 0.765211 0.516631 0.00381275
1553 0.765211 0.517415 0.00441982
1554 0.765211 0.516003 0.00403329
1555 0.765211 0.517352 0.00360678
1556 0.765211 0.511609 0.00396887
1557 0.765211 0.522065 0.00409174
1558 0.765211 0.518014 0.00342117
1559 0.765211 0.521277 0.00380533
1560 0.765211 0.514937 0.00381479
1561 0.765211 0.512556 0.00382705
1562 0.765211 0.512436 0.00380111
1563 0.765211 0.515501 0.00362798
1564 0.765211 0.511099 0.00347354
1565 0.765211 0.521794 0.0035565
1566 0.765211 0.523205 0.00332599
1567 0.765211 0.51609 0.00348002
1568 0.765211 0.515929 0.00344681
1569 0.765211 0.51126 0.00381721
1570 0.765211 0.519402 0.00348942
1571 0.765211 0.518933 0.00384253
1572 0.765211 0.513276 0.00343312
1573 0.765211 0.516039 0.00393173
1574 0.765211 0.513441 0.00355098
1575 0.765211 0.511269 0.00405645
1576 0.765211 0.513589 0.00349956
1577 0.765211 0.517928 0.00347231
1578 0.765211 0.518229 0.00374126
1579 0.765211 0.514016 0.00320306
1580 0.765211 0.517025 0.00412594
1581 0.765211 0.519093 0.0038223
1582 0.765211 0.514474 0.00360007
1583 0.765211 0.518921 0.00345884
1584 0.765211 0.517825 0.00397633
1585 0.765211 0.514758 0.00424997
1586 0.765211 0.512984 0.0037584
1587 0.765211 0.512887 0.00365476
1588 0.765211 0.518608 0.00352855
1589 0.765211 0.515447 0.00361681
1590 0.765211 0.514994 0.00345548
1591 0.765211 0.513274 0.00372107
1592 0.765211 0.509978 0.00338232
1593 0.765211 0.512241 0.00369686
1594 0.765211 0.506256 0.00419201
1595 0.765211 0.510649 0.00334106
1596 0.765211 0.50854 0.00336531
1597 0.765211 0.510332 0.00344737
1598 0.765211 0.514402 0.00411252
1599 0.765211 0.517483 0.00437623
1600 0.765211 0.516053 0.00359537
1601 0.765211 0.514778 0.00356049
1602 0.765211 0.506996 0.00340931
1603 0.765211 0.514767 0.00346315
1604 0.765211 0.515094 0.00367964
1605 0.765211 0.514106 0.00331997
1606 0.765211 0.509109 0.0043174
1607 0.765211 0.519009 0.00365006
1608 0.765211 0.511452 0.00344239
1609 0.765211 0.511127 0.00391058
1610 0.765211 0.513718 0.00342555
1611 0.765211 0.511961 0.00361542
1612 0.765211 0.509091 0.00365382
1613 0.765211 0.508828 0.00398373
1614 0.765211 0.515952 0.00331886
1615 0.765211 0.516033 0.00375614
1616 0.765211 0.510358 0.00415364
1617 0.765211 0.513739 0.00417938
1618 0.765211 0.516475 0.0037693
1619 0.765211 0.511038 0.00445535
1620 0.765211 0.520179 0.00410596
1621 0.765211 0.515325 0.00358484
1622 0.765211 0.515338 0.00407123
1623 0.765211 0.5166 0.00328512
1624 0.765211 0.51449 0.00334599
1625 0.765211 0.519518 0.00359475
1626 0.765211 0.517026 0.00388551
1627 0.765211 0.515024 0.00325222
1628 0.765211 0.514758 0.00389117
1629 0.765211 0.50928 0.00355347
1630 0.765211 0.509559 0.00386933
1631 0.765211 0.516281 0.00380663
1632 0.765211 0.518297 0.00347889
1633 0.765211 0.511592 0.00373461
1634 0.765211 0.513194 0.00337619
1635 0.765211 0.513949 0.00389477
1636 0.765211 0.516602 0.00405779
1637 0.765211 0.522909 0.00398071
1638 0.765211 0.512626 0.00356375
1639 0.765211 0.518456 0.00389108
1640 0.765211 0.519019 0.00388846
1641 0.765211 0.512894 0.00371487
1642 0.765211 0.523261 0.00387367
1643 0.765211 0.513769 0.00370592
1644 0.765211 0.512133 0.00459484
1645 0.765211 0.513311 0.00358326
1646 0.765211 0.508093 0.00391162
1647 0.765211 0.50949 0.00382797
1648 0.765211 0.521359 0.0037842
1649 0.765211 0.51416 0.00378088
1650 0.765211 0.524708 0.00360895
1651 0.765211 0.514836 0.00350296
1652 0.765211 0.520682 0.00360542
1653 0.765211 0.515173 0.00319511
1654 0.765211 0.514551 0.00353428
1655 0.765211 0.507544 0.00385635
1656 0.765211 0.509041 0.00438533
1657 0.765211 0.514031 0.00387058
1658 0.765211 0.520672 0.0035258
1659 0.765211 0.517369 0.00377895
1660 0.765211 0.51239 0.00354285
1661 0.765211 0.51342 0.00370565
1662 0.765211 0.515707 0.0040064
1663 0.765211 0.506419 0.00363127
1664 0.765211 0.509313 0.00441035
1665 0.765211 0.514178 0.00358993
1666 0.765211 0.514763 0.0033401
1667 0.765211 0.516059 0.00402759
1668 0.765211 0.508314 0.00359403
1669 0.765211 0.517101 0.00401265
1670 0.765211 0.511704 0.00318153
1671 0.765211 0.513926 0.00351966
1672 0.765211 0.512015 0.00417349
1673 0.765211 0.507368 0.00384715
1674 0.765211 0.516129 0.00349623
1675 0.765211 0.517076 0.00367169
1676 0.765211 0.507933 0.00402198
1677 0.765211 0.508495 0.00368876
1678 0.765211 0.517345 0.00364381
1679 0.765211 0.514838 0.00332924
1680 0.765211 0.512378 0.00393906
1681 0.765211 0.521216 0.00371795
1682 0.765211 0.519022 0.00384099
1683 0.765211 0.516113 0.00389892
1684 0.765211 0.515804 0.00340623
1685 0.765211 0.515711 0.00414091
1686 0.765211 0.514101 0.00389938
1687 0.765211 0.517915 0.00409761
1688 0.765211 0.515954 0.00378712
1689 0.765211 0.512728 0.00390934
1690 0.765211 0.510315 0.00389143
1691 0.765211 0.520198 0.00366037
1692 0.765211 0.515439 0.00382959
1693 0.765211 0.520263 0.00376902
1694 0.765211 0.518291 0.00375237
1695 0.765211 0.516908 0.00423146
1696 0.765211 0.526265 0.00390283
1697 0.765211 0.515582 0.00367711
1698 0.765211 0.519964 0.00408805
1699 0.765211 0.518251 0.00413689
1700 0.765211 0.521501 0.00388715
1701 0.765211 0.516949 0.00392449
1702 0.765211 0.521384 0.00353181
1703 0.765211 0.523168 0.00381849
1704 0.765211 0.517095 0.00435062
1705 0.765211 0.517188 0.00363481
1706 0.765211 0.517409 0.00365365
1707 0.765211 0.519708 0.00374476
1708 0.765211 0.512485 0.00403715
1709 0.765211 0.513921 0.00379841
1710 0.765211 0.509041 0.00344906
1711 0.765211 0.512342 0.00367056
1712 0.765211 0.518879 0.00413954
1713 0.765211 0.512822 0.00430065
1714 0.765211 0.509881 0.00356056
1715 0.765211 0.51758 0.00421858
1716 0.765211 0.510824 0.00402902
1717 0.765211 0.517261 0.00360825
1718 0.765211 0.515256 0.00384007
1719 0.765211 0.514454 0.00352713
1720 0.765211 0.511011 0.00364382
1721 0.765211 0.52004 0.00365475
1722 0.765211 0.516297 0.00329413
1723 0.765211 0.516597 0.00387729
1724 0.765211 0.505295 0.00345963
1725 0.765211 0.505049 0.00359788
1726 0.765211 0.508361 0.00382872
1727 0.765211 0.508583 0.00353951
1728 0.765211 0.514782 0.00350432
1729 0.765211 0.508173 0.0033163
1730 0.765211 0.511201 0.00408634
1731 0.765211 0.513727 0.00358879
1732 0.765211 0.514778 0.00377608
1733 0.765211 0.514395 0.00332585
1734 0.765211 0.516526 0.00332412
1735 0.765211 0.518094 0.00313953
1736 0.765211 0.517529 0.00389989
1737 0.765211 0.51732 0.00417739
1738 0.765211 0.513339 0.00367195
1739 0.765211 0.511987 0.00354324
1740 0.765211 0.520959 0.00358861
1741 0.765211 0.516762 0.00411027
1742 0.765211 0.518005 0.00341224
1743 0.765211 0.508972 0.00332466
1744 0.765211 0.516924 0.00358235
1745 0.765211 0.516857 0.00362411
1746 0.765211 0.515233 0.003611
1747 0.765211 0.51721 0.00320973
1748 0.765211 0.516396 0.00349966
1749 0.765211 0.516728 0.00379601
1750 0.765211 0.512959 0.00345366
1751 0.765211 0.520135 0.00369213
1752 0.765211 0.506141 0.00390923
1753 0.765211 0.508362 0.00386159
1754 0.765211 0.511617 0.00368211
1755 0.765211 0.514788 0.00366864
1756 0.765211 0.518699 0.00383283
1757 0.765211 0.512916 0.00339852
1758 0.765211 0.51278 0.0038976
1759 0.765211 0.510748 0.0036281
1760 0.765211 0.512526 0.0036051
1761 0.765211 0.51238 0.00347796
1762 0.765211 0.511766 0.00371393
1763 0.765211 0.51371 0.00341866
1764 0.765211 0.521474 0.00344383
1765 0.765211 0.513109 0.0036474
1766 0.765211 0.519535 0.0033163
1767 0.765211 0.517559 0.00404807
1768 0.765211 0.517444 0.00408272
1769 0.765211 0.522831 0.00348033
1770 0.765211 0.516779 0.00328285
1771 0.765211 0.515491 0.00363892
1772 0.765211 0.514412 0.0036167
1773 0.765211 0.51445 0.00426372
1774 0.765211 0.52053 0.0037438
1775 0.765211 0.507136 0.00377859
1776 0.765211 0.513237 0.00338738
1777 0.765211 0.516957 0.00349342
1778 0.765211 0.513904 0.00419242
1779 0.765211 0.511568 0.00324478
1780 0.765211 0.518036 0.00386013
1781 0.765211 0.519609 0.00346363
1782 0.765211 0.510298 0.00384364
1783 0.765211 0.51188 0.00374508
1784 0.765211 0.516684 0.00372863
1785 0.765211 0.51792 0.00376834
1786 0.765211 0.514196 0.00371793
1787 0.765211 0.517501 0.00352405
1788 0.765211 0.518122 0.00350798
1789 0.765211 0.52182 0.00403257
1790 0.765211 0.510266 0.00386775
1791 0.765211 0.51814 0.00351646
1792 0.765211 0.51509 0.00348307
1793 0.765211 0.516635 0.00384172
1794 0.765211 0.516935 0.00438116
1795 0.765211 0.513732 0.00419935
1796 0.765211 0.513552 0.00385498
1797 0.765211 0.508397 0.00384447
1798 0.765211 0.522404 0.00357719
1799 0.765211 0.520549 0.00393359
1800 0.765211 0.514399 0.00346329
1801 0.765211 0.515925 0.00410202
1802 0.765211 0.518323 0.00401099
1803 0.765211 0.525199 0.00404443
1804 0.765211 0.517897 0.00336695
1805 0.765211 0.516327 0.00434729
1806 0.765211 0.510469 0.00404811
1807 0.765211 0.514245 0.00337477
1808 0.765211 0.507967 0.00368285
1809 0.765211 0.511785 0.00344148
1810 0.765211 0.516542 0.00351188
1811 0.765211 0.517024 0.00412817
1812 0.765211 0.509582 0.0037618
1813 0.765211 0.520164 0.00406728
1814 0.765211 0.517214 0.00411527
1815 0.765211 0.521518 0.0037777
1816 0.765211 0.517626 0.00398614
1817 0.765211 0.52243 0.00370117
1818 0.765211 0.522242 0.00427614
1819 0.765211 0.515406 0.00376174
1820 0.765211 0.51511 0.00415048
1821 0.765211 0.512882 0.00390618
1822 0.765211 0.519684 0.00374917
1823 0.765211 0.513745 0.0040314
1824 0.765211 0.514831 0.00351569
1825 0.765211 0.516874 0.00354115
1826 0.765211 0.515768 0.00361251
1827 0.765211 0.515994 0.00373943
1828 0.765211 0.515695 0.00345191
1829 0.765211 0.514864 0.00362258
1830 0.765211 0.521318 0.00367256
1831 0.765211 0.517148 0.00385791
1832 0.765211 0.515166 0.00372909
1833 0.765211 0.515677 0.0038853
1834 0.765211 0.513852 0.00409861
1835 0.765211 0.517596 0.00367994
1836 0.765211 0.516899 0.00419731
1837 0.765211 0.515007 0.00396775
1838 0.765211 0.513186 0.00401111
1839 0.765211 0.512765 0.00396813
1840 0.765211 0.513098 0.00379894
1841 0.765211 0.514877 0.00359553
1842 0.765211 0.519639 0.00398734
1843 0.765211 0.520117 0.00400578
1844 0.765211 0.514892 0.00405721
1845 0.765211 0.513223 0.00441007
1846 0.765211 0.520381 0.00386693
1847 0.765211 0.525615 0.00359484
1848 0.765211 0.514805 0.00382103
1849 0.765211 0.514305 0.00362272
1850 0.765211 0.515004 0.00347497
1851 0.765211 0.508572 0.00419827
1852 0.765211 0.514408 0.00334945
1853 0.765211 0.51273 0.00368427
1854 0.765211 0.515027 0.00336689
1855 0.765211 0.519957 0.00348854
1856 0.765211 0.517796 0.00351175
1857 0.765211 0.520602 0.00388929
1858 0.765211 0.521465 0.00378379
1859 0.765211 0.516736 0.00368148
1860 0.765211 0.518744 0.00369878
1861 0.765211 0.512134 0.00383065
1862 0.765211 0.510918 0.00384945
1863 0.765211 0.52165 0.00333145
1864 0.765211 0.520883 0.00340422
1865 0.765211 0.520661 0.00351112
1866 0.765211 0.508209 0.00358123
1867 0.765211 0.514933 0.00381804
1868 0.765211 0.520975 0.00461066
1869 0.765211 0.515052 0.00348304
1870 0.765211 0.519037 0.00381536
1871 0.765211 0.518794 0.00343957
1872 0.765211 0.512245 0.00422996
1873 0.765211 0.517209 0.00392344
1874 0.765211 0.515808 0.00378276
1875 0.765211 0.518781 0.00377947
1876 0.765211 0.518486 0.00378095
1877 0.765211 0.50987 0.00393154
1878 0.765211 0.511024 0.00479434
1879 0.765211 0.516152 0.0040064
1880 0.765211 0.516689 0.00395099
1881 0.765211 0.52285 0.00420851
1882 0.765211 0.513434 0.00369809
1883 0.765211 0.513255 0.00401743
1884 0.765211 0.517439 0.00323183
1885 0.765211 0.519839 0.00359304
1886 0.765211 0.514163 0.00350703
1887 0.765211 0.512392 0.00343245
1888 0.765211 0.513947 0.00368486
1889 0.765211 0.517939 0.00392713
1890 0.765211 0.514211 0.00371524
1891 0.765211 0.515946 0.00347333
1892 0.765211 0.509822 0.00364647
1893 0.765211 0.512988 0.00337993
1894 0.765211 0.510796 0.00372712
1895 0.765211 0.520503 0.00449629
1896 0.765211 0.516785 0.00394833
1897 0.765211 0.520474 0.00347811
1898 0.765211 0.516872 0.00344437
1899 0.765211 0.516333 0.00362075
1900 0.765211 0.519083 0.00390078
1901 0.765211 0.517957 0.00344375
1902 0.765211 0.519362 0.00399415
1903 0.765211 0.521222 0.00380958
1904 0.765211 0.517911 0.00355162
1905 0.765211 0.514931 0.00367219
1906 0.765211 0.513294 0.00422681
1907 0.765211 0.511182 0.0037246
1908 0.765211 0.51449 0.00365175
1909 0.765211 0.514448 0.00354664
1910 0.765211 0.51706 0.00382519
1911 0.765211 0.516692 0.00323937
1912 0.765211 0.511017 0.00470984
1913 0.765211 0.511712 0.00407906
1914 0.765211 0.520833 0.00391931
1915 0.765211 0.522095 0.00427521
1916 0.765211 0.517975 0.00433066
1917 0.765211 0.515136 0.00385571
1918 0.765211 0.516673 0.00340815
1919 0.765211 0.522258 0.004222
1920 0.765211 0.51922 0.00407957
1921 0.765211 0.510271 0.00400451
1922 0.765211 0.520251 0.00375778
1923 0.765211 0.511634 0.00443354
1924 0.765211 0.521145 0.00384631
1925 0.765211 0.515783 0.00345653
1926 0.765211 0.517019 0.00376238
1927 0.765211 0.515887 0.00363726
1928 0.765211 0.510367 0.0043387
1929 0.765211 0.513687 0.00390814
1930 0.765211 0.513918 0.00404648
1931 0.765211 0.518786 0.00438114
1932 0.765211 0.514184 0.00390552
1933 0.765211 0.518349 0.00451345
1934 0.765211 0.513046 0.00420749
1935 0.765211 0.516581 0.00464916
1936 0.765211 0.510819 0.00396941
1937 0.765211 0.508507 0.00424329
1938 0.765211 0.508543 0.00349029
1939 0.765211 0.515534 0.00392629
1940 0.765211 0.509801 0.00351739
1941 0.765211 0.519667 0.00432206
1942 0.765211 0.513148 0.00348615
1943 0.765211 0.511965 0.00353569
1944 0.765211 0.509761 0.00351314
1945 0.765211 0.518477 0.00339399
1946 0.765211 0.514227 0.00368688
1947 0.765211 0.517046 0.00377289
1948 0.765211 0.511836 0.00400611
1949 0.765211 0.511232 0.0037353
1950 0.765211 0.513952 0.00407125
1951 0.765211 0.512271 0.00454058
1952 0.765211 0.518417 0.00410274
1953 0.765211 0.510652 0.00355913
1954 0.765211 0.517675 0.0038451
1955 0.765211 0.513568 0.00360748
1956 0.765211 0.513911 0.00373196
1957 0.765211 0.517579 0.00372123
1958 0.765211 0.510981 0.00410219
1959 0.765211 0.509364 0.00372686
1960 0.765211 0.512983 0.00377185
1961 0.765211 0.515578 0.00441436
1962 0.765211 0.516483 0.00341168
1963 0.765211 0.521601 0.00395013
1964 0.765211 0.511557 0.00383907
1965 0.765211 0.518671 0.00397331
1966 0.765211 0.510247 0.00388518
1967 0.765211 0.512501 0.0039196
1968 0.765211 0.515739 0.0044306
1969 0.765211 0.51654 0.00449431
1970 0.765211 0.51495 0.00428422
1971 0.765211 0.515554 0.00341454
1972 0.765211 0.519019 0.00360469
1973 0.765211 0.515873 0.00362429
1974 0.765211 0.51447 0.00361196
1975 0.765211 0.508879 0.00410134
1976 0.765211 0.524642 0.00413116
1977 0.765211 0.517672 0.00400969
1978 0.765211 0.511819 0.00325813
1979 0.765211 0.516764 0.00359102
1980 0.765211 0.515963 0.00327611
1981 0.765211 0.512875 0.003963
1982 0.765211 0.513154 0.00358715
1983 0.765211 0.511199 0.00341862
1984 0.765211 0.513184 0.00423228
1985 0.765211 0.511384 0.00364455
1986 0.765211 0.519872 0.00432416
1987 0.765211 0.514961 0.0040418
1988 0.765211 0.518117 0.00373003
1989 0.765211 0.509479 0.00474006
1990 0.765211 0.505943 0.00404685
1991 0.765211 0.511956 0.00398931
1992 0.765211 0.513108 0.00353868
1993 0.765211 0.52044 0.00392401
1994 0.765211 0.518428 0.00443428
1995 0.765211 0.518955 0.00349845
1996 0.765211 0.520996 0.00382905
1997 0.765211 0.517953 0.00399981
1998 0.765211 0.512493 0.0035574
1999 0.765211 0.51447 0.00404322
2000 0.765211 0.516153 0.00363867
