4
1
-53.2811
2.27903
0
-51.1045
6.26328
0
-57.8511
2.73061
0
0.191466
0.242917
1
-57.9623
7.69996
0
0.433465
0.391159
0.429348
1.63775
0.999565
0.784281
0.341174
0.207291
0.7667
0.967598
1.93553
0.747811
0.931206
1.3988
0.0101843
1.9394
0.707301
1.45703
1.67223
0.218875
1.56987
1.31414
0.821003
1.65485
1.83297
1.41362
0.753539
1.18777
1.04131
0.418326
1.03525
0.237316
0.814866
1.7322
0.908191
1.65764
1.57225
0.414909
1.75091
0.636135
0.248467
0.216096
0.363303
1.652
0.851226
0.526822
0.515574
0.684893
1.41699
1.32996
1.80536
1.13978
1.78982
1.85721
0.978866
0.160397
1.80316
1.30011
0.138598
1.28798
0.291271
0.66702
0.190011
0.141768
1.74389
1.9576
1.1663
1.97206
1.51472
1.75896
0.884923
0.0777515
1.76326
0.177159
1.18848
-0.643939
