4
1
-55.2767
7.45719
0
0.0652442
0.21728
1
-61.8803
7.91397
0
-51.1195
7.31766
0
-52.0777
2.11843
0
1.43233
1.71133
0.0465833
0.619398
1.02554
0.951957
1.16405
0.651399
0.33847
0.0347264
1.43968
0.137324
1.44202
1.11733
0.0963119
0.298372
1.96595
0.461453
1.24231
0.239589
1.6804
0.557126
1.68025
1.40946
0.105855
1.78945
0.787449
0.913585
0.372512
0.910003
1.99948
1.01376
0.151801
1.15258
1.56627
0.232938
1.15851
1.30862
0.762875
0.843452
1.49853
1.68249
1.22836
0.00468999
0.653794
1.041
1.34856
1.37065
0.551292
1.10044
0.407498
0.386491
0.17589
0.726986
1.54128
0.998273
0.481633
0.107396
0.765973
0.17428
0.946684
1.98218
1.67703
1.40785
0.759024
1.64501
1.68579
1.19548
1.94514
0.363763
1.49937
0.826262
0.0740585
1.27721
0.0502825
0.537105
