0 0.522854 0.497111 0.000128826
1 0.533346 0.498671 0.000130219
2 0.533346 0.498636 0.000179494
3 0.533346 0.499225 0.000139932
4 0.538047 0.498709 0.000141954
5 0.552835 0.500807 0.000186067
6 0.552835 0.499319 0.00025886
7 0.584782 0.502653 0.000206381
8 0.584782 0.501294 0.000261034
9 0.584782 0.50008 0.000341679
10 0.584782 0.500666 0.000414958
11 0.584782 0.502699 0.000360713
12 0.584782 0.501548 0.000358423
13 0.584782 0.503481 0.000297847
14 0.584782 0.50048 0.000333371
15 0.584782 0.500538 0.00050474
16 0.584782 0.501054 0.00040885
17 0.615794 0.50412 0.000476384
18 0.615794 0.504274 0.000368825
19 0.615794 0.501416 0.000436558
20 0.615794 0.503975 0.000402735
21 0.615794 0.504306 0.000549172
22 0.615794 0.502696 0.000600843
23 0.615794 0.50211 0.000589179
24 0.615794 0.501436 0.000628353
25 0.615794 0.503331 0.000552705
26 0.615794 0.503893 0.000537842
27 0.615794 0.502496 0.000540856
28 0.615794 0.503435 0.000490856
29 0.615794 0.502642 0.000511938
30 0.615794 0.504631 0.000614785
31 0.615794 0.503633 0.000651501
32 0.615794 0.504323 0.000709072
33 0.615794 0.504775 0.000610161
34 0.615794 0.505272 0.000671728
35 0.615794 0.505939 0.000835941
36 0.615794 0.504756 0.000669226
37 0.615794 0.505441 0.000750852
38 0.616781 0.50267 0.000877333
39 0.616781 0.505008 0.000776498
40 0.616781 0.502008 0.00075653
41 0.616781 0.505993 0.000771749
42 0.616781 0.50194 0.000686816
43 0.616781 0.504584 0.000777539
44 0.616781 0.504747 0.000673083
45 0.616781 0.505115 0.000809488
46 0.616781 0.506072 0.00076531
47 0.616781 0.505563 0.000969088
48 0.616781 0.503148 0.000963869
49 0.62122 0.506343 0.00088855
50 0.62122 0.502468 0.000845612
51 0.62122 0.505172 0.000843403
52 0.62122 0.505035 0.000964772
53 0.62122 0.504083 0.000833432
54 0.62122 0.501968 0.00105077
55 0.62122 0.502978 0.000930086
56 0.62122 0.50217 0.000869434
57 0.62122 0.500347 0.00114169
58 0.62122 0.503898 0.000856694
59 0.62122 0.503425 0.000942138
60 0.62122 0.505706 0.000859494
61 0.62122 0.506101 0.000819671
62 0.6367 0.501242 0.00102007
63 0.6367 0.504332 0.000916639
64 0.6367 0.503843 0.00100337
65 0.6367 0.504106 0.000946853
66 0.6367 0.502373 0.00109076
67 0.6367 0.50574 0.00122349
68 0.659472 0.506607 0.00138569
69 0.659472 0.508093 0.0010411
70 0.659472 0.506454 0.00141854
71 0.659472 0.507273 0.00112164
72 0.659472 0.507315 0.00133414
73 0.659472 0.507623 0.00152899
74 0.659472 0.512686 0.00143328
75 0.659472 0.504335 0.00124318
76 0.659472 0.507519 0.00140657
77 0.659472 0.505031 0.00127719
78 0.659472 0.507025 0.00142215
79 0.659472 0.508071 0.00154864
80 0.659472 0.505625 0.0014869
81 0.659472 0.507768 0.00158699
82 0.659472 0.510314 0.00147917
83 0.659472 0.505816 0.00146537
84 0.659472 0.508112 0.00155192
85 0.659472 0.501778 0.0015937
86 0.659472 0.50731 0.00141784
87 0.659472 0.50521 0.0014741
88 0.659472 0.504333 0.00151026
89 0.659472 0.506156 0.00132687
90 0.659472 0.508101 0.00154472
91 0.659472 0.513902 0.00201453
92 0.659472 0.504156 0.00171677
93 0.659472 0.507627 0.00163508
94 0.659472 0.506418 0.00147079
95 0.659472 0.504594 0.00142761
96 0.659472 0.504996 0.00159219
97 0.659472 0.506909 0.00131642
98 0.659472 0.512871 0.00171115
99 0.659472 0.504784 0.0014834
100 0.659472 0.509621 0.00154199
101 0.659472 0.505335 0.00135212
102 0.659472 0.505755 0.00174513
103 0.662919 0.508583 0.00165073
104 0.662919 0.508163 0.00158172
105 0.662919 0.508635 0.00170637
106 0.662919 0.504544 0.00160979
107 0.662919 0.508467 0.00150855
108 0.662919 0.508222 0.00162483
109 0.662919 0.500909 0.00154449
110 0.662919 0.507835 0.00165952
111 0.66588 0.509709 0.0020575
112 0.66588 0.505778 0.00163534
113 0.66588 0.511739 0.00161902
114 0.66588 0.507524 0.00163203
115 0.66588 0.507953 0.00160708
116 0.66588 0.509339 0.00168318
117 0.66588 0.511823 0.00148128
118 0.66588 0.505675 0.00148037
119 0.66588 0.505024 0.00180992
120 0.66588 0.509991 0.00138139
121 0.66588 0.510762 0.00178528
122 0.66588 0.509215 0.00162257
123 0.66588 0.50651 0.00180708
124 0.66588 0.504567 0.0017589
125 0.66588 0.506703 0.00141072
126 0.66588 0.507359 0.00159064
127 0.66588 0.506092 0.00144945
128 0.66855 0.509573 0.00199972
129 0.66855 0.510003 0.00155205
130 0.66855 0.507328 0.00189357
131 0.66855 0.50211 0.00175905
132 0.66855 0.50567 0.00186252
133 0.66855 0.513227 0.00197297
134 0.66855 0.51263 0.0017032
135 0.66855 0.508272 0.00176332
136 0.66855 0.505901 0.00178858
137 0.66855 0.503721 0.00154596
138 0.66855 0.508507 0.00189425
139 0.66855 0.510567 0.00168758
140 0.66855 0.510586 0.00182049
141 0.66855 0.508882 0.0017978
142 0.66855 0.503195 0.00155723
143 0.66855 0.501357 0.00186402
144 0.66855 0.504685 0.00178814
145 0.66855 0.505211 0.00188962
146 0.66855 0.506975 0.00162653
147 0.66855 0.508394 0.00172843
148 0.66855 0.507269 0.00201126
149 0.66855 0.504706 0.00165141
150 0.66855 0.506434 0.00158545
151 0.66855 0.509651 0.00184703
152 0.66855 0.508648 0.00185461
153 0.66855 0.510165 0.00181806
154 0.66855 0.507839 0.00190516
155 0.66855 0.506989 0.0016945
156 0.66855 0.509497 0.00184055
157 0.66855 0.511127 0.00191328
158 0.66855 0.509084 0.00159414
159 0.66855 0.510454 0.00186579
160 0.66855 0.513187 0.00180852
161 0.66855 0.508883 0.00187436
162 0.66855 0.511134 0.00176529
163 0.66855 0.507126 0.00172009
164 0.66855 0.507161 0.00186838
165 0.66855 0.507725 0.00191005
166 0.66855 0.510435 0.0018077
167 0.66855 0.510125 0.00168008
168 0.66855 0.510362 0.00183587
169 0.66855 0.512782 0.00155725
170 0.66855 0.50294 0.00235726
171 0.66855 0.511956 0.00182541
172 0.66855 0.508818 0.00220163
173 0.66855 0.508047 0.00190447
174 0.66855 0.502197 0.00177003
175 0.66855 0.507302 0.00155865
176 0.66855 0.511934 0.00187095
177 0.66855 0.511442 0.00218258
178 0.66855 0.505736 0.0021683
179 0.66855 0.504743 0.00186606
180 0.66855 0.512004 0.00185815
181 0.66855 0.511446 0.0021566
182 0.66855 0.505669 0.0017774
183 0.66855 0.507481 0.0018221
184 0.66855 0.50726 0.00199865
185 0.66855 0.514962 0.00198791
186 0.66855 0.505614 0.00238158
187 0.66855 0.507126 0.00217736
188 0.66855 0.511254 0.00185402
189 0.66855 0.509826 0.00185744
190 0.66855 0.509551 0.0017141
191 0.66855 0.509041 0.00171222
192 0.66855 0.506185 0.0020998
193 0.66855 0.50985 0.00196081
194 0.66855 0.506516 0.00189603
195 0.66855 0.509128 0.00173453
196 0.66855 0.509502 0.0019098
197 0.66855 0.507167 0.00165926
198 0.66855 0.512136 0.00200995
199 0.66855 0.511468 0.00183264
200 0.66855 0.512989 0.00167939
201 0.66855 0.505387 0.0021802
202 0.66855 0.511255 0.00179777
203 0.66855 0.51175 0.00187972
204 0.66855 0.511095 0.0018041
205 0.66855 0.507576 0.00223747
206 0.66855 0.50447 0.00184599
207 0.66855 0.508165 0.00192284
208 0.66855 0.506417 0.00183522
209 0.66855 0.505978 0.00185742
210 0.66855 0.509584 0.00191147
211 0.66855 0.507582 0.0017727
212 0.66855 0.510075 0.00218169
213 0.66855 0.509706 0.00179898
214 0.66855 0.502769 0.00169159
215 0.66855 0.500362 0.00184752
216 0.66855 0.510133 0.00213479
217 0.66855 0.509277 0.00183457
218 0.66855 0.507401 0.00181621
219 0.66855 0.505443 0.00199408
220 0.66855 0.506089 0.00180329
221 0.66855 0.510006 0.001961
222 0.66855 0.505524 0.00168904
223 0.66855 0.507371 0.00191245
224 0.66855 0.507481 0.00188067
225 0.66855 0.51243 0.00196157
226 0.672781 0.509098 0.00243983
227 0.672781 0.507555 0.00212368
228 0.672781 0.506546 0.00172116
229 0.672781 0.502685 0.00167338
230 0.672781 0.507793 0.001777
231 0.672781 0.506079 0.00170429
232 0.672781 0.505935 0.00204543
233 0.672781 0.505507 0.00168723
234 0.672781 0.506228 0.00194944
235 0.672781 0.507866 0.00161545
236 0.672781 0.507061 0.00172928
237 0.672781 0.507269 0.00183116
238 0.672781 0.507168 0.00171034
239 0.672781 0.512413 0.00192593
240 0.672781 0.509669 0.00180063
241 0.672781 0.507595 0.00209091
242 0.672781 0.508912 0.00191953
243 0.672781 0.507249 0.00202755
244 0.672781 0.508869 0.00197896
245 0.672781 0.50191 0.00182095
246 0.672781 0.508615 0.0017801
247 0.672781 0.505719 0.00189826
248 0.672781 0.505976 0.00189741
249 0.672781 0.510389 0.00192355
250 0.672781 0.510865 0.001628
251 0.672781 0.506247 0.00208621
252 0.672781 0.509066 0.001928
253 0.672781 0.509094 0.00183053
254 0.672781 0.506972 0.00163784
255 0.672781 0.510618 0.00180282
256 0.672781 0.509717 0.00161605
257 0.672781 0.508905 0.0017368
258 0.672781 0.514518 0.00191837
259 0.672781 0.508387 0.00153552
260 0.672781 0.505179 0.00170243
261 0.672781 0.50542 0.00171747
262 0.672781 0.506099 0.00181074
263 0.672781 0.506474 0.00193736
264 0.672781 0.506407 0.00165027
265 0.672781 0.508005 0.00201714
266 0.672781 0.506442 0.00175358
267 0.672781 0.505753 0.00162092
268 0.672781 0.505353 0.00154437
269 0.672781 0.505497 0.00174103
270 0.672781 0.512115 0.00222918
271 0.672781 0.51067 0.00212826
272 0.672781 0.511229 0.002012
273 0.672781 0.510209 0.00185923
274 0.672781 0.509646 0.00189239
275 0.672781 0.502602 0.00160637
276 0.672781 0.505037 0.00201137
277 0.672781 0.509972 0.00169649
278 0.672781 0.51166 0.00176734
279 0.672781 0.510055 0.00184826
280 0.672781 0.511913 0.00216052
281 0.672781 0.50759 0.00191123
282 0.672781 0.510415 0.00160598
283 0.672781 0.510987 0.00179168
284 0.672781 0.505286 0.00192801
285 0.672781 0.509606 0.00203962
286 0.672781 0.506765 0.00231518
287 0.672781 0.512602 0.00206132
288 0.672781 0.509935 0.00158011
289 0.672781 0.507864 0.00177479
290 0.672781 0.510161 0.00180652
291 0.672781 0.509428 0.00217173
292 0.672781 0.509201 0.00227892
293 0.672781 0.506274 0.00177325
294 0.672781 0.511462 0.00206816
295 0.672781 0.512122 0.00203862
296 0.672781 0.506237 0.00176625
297 0.672781 0.511693 0.00197479
298 0.672781 0.511385 0.00175014
299 0.672781 0.507538 0.00193851
300 0.672781 0.509348 0.00230069
301 0.672781 0.513468 0.0018594
302 0.672781 0.511762 0.00192179
303 0.672781 0.510955 0.00181433
304 0.672781 0.507267 0.00211716
305 0.672781 0.50544 0.00200286
306 0.672781 0.505109 0.00221419
307 0.672781 0.509511 0.00167663
308 0.672781 0.504862 0.00181655
309 0.672781 0.507493 0.00178806
310 0.672781 0.50427 0.00187941
311 0.672781 0.504739 0.00182731
312 0.672781 0.5062 0.00149351
313 0.672781 0.510849 0.00172942
314 0.672781 0.510116 0.00206654
315 0.672781 0.507228 0.0018351
316 0.672781 0.509315 0.0018025
317 0.672781 0.510597 0.00182423
318 0.672781 0.505272 0.00181222
319 0.672781 0.512857 0.00237759
320 0.672781 0.511969 0.00172051
321 0.672781 0.509486 0.00187759
322 0.672781 0.513749 0.0017661
323 0.672781 0.509789 0.00173564
324 0.672781 0.509067 0.00194879
325 0.672781 0.513391 0.00172474
326 0.672781 0.5086 0.00200855
327 0.672781 0.507442 0.00172879
328 0.672781 0.513228 0.00182776
329 0.672781 0.513045 0.00185696
330 0.674674 0.508866 0.00187771
331 0.674674 0.5129 0.0020276
332 0.674674 0.513636 0.00176091
333 0.674674 0.512472 0.00181622
334 0.674674 0.512639 0.00198005
335 0.674674 0.509208 0.00201123
336 0.674674 0.50977 0.00190007
337 0.674674 0.506361 0.00193403
338 0.674674 0.510447 0.00207238
339 0.674674 0.508812 0.00207698
340 0.674674 0.510553 0.00169908
341 0.674674 0.50927 0.00158985
342 0.674674 0.503975 0.0016631
343 0.674674 0.504477 0.00204124
344 0.674674 0.513037 0.00204668
345 0.674674 0.513732 0.00206564
346 0.674674 0.50797 0.00180126
347 0.674674 0.506847 0.00177647
348 0.674674 0.512458 0.00213154
349 0.674674 0.51125 0.00179002
350 0.674674 0.509558 0.00238526
351 0.674674 0.512738 0.00192439
352 0.674674 0.51109 0.00190408
353 0.674674 0.512275 0.00185596
354 0.674674 0.508744 0.00175118
355 0.674674 0.506201 0.0018654
356 0.674674 0.506155 0.00162255
357 0.674674 0.50905 0.00184483
358 0.674674 0.513889 0.00189168
359 0.674674 0.507869 0.00186502
360 0.674674 0.510512 0.00191163
361 0.674674 0.506709 0.00181308
362 0.674674 0.510795 0.00201749
363 0.674674 0.508209 0.00208195
364 0.674674 0.508449 0.00180947
365 0.674674 0.511628 0.00198668
366 0.674674 0.50901 0.00192175
367 0.674674 0.508551 0.00209297
368 0.674674 0.512926 0.00194712
369 0.674674 0.509311 0.00173415
370 0.674674 0.506499 0.00179996
371 0.674674 0.508043 0.0022025
372 0.674674 0.506499 0.00191679
373 0.674674 0.505864 0.00223163
374 0.674674 0.512829 0.00201354
375 0.674674 0.512267 0.00189585
376 0.674674 0.510388 0.00177489
377 0.674674 0.508147 0.00206425
378 0.674674 0.510006 0.00176611
379 0.674674 0.510422 0.00183153
380 0.674674 0.509581 0.0015341
381 0.674674 0.511975 0.00191745
382 0.674674 0.509487 0.00180755
383 0.674674 0.502542 0.00176829
384 0.674674 0.511603 0.00187659
385 0.674674 0.509418 0.00160554
386 0.674674 0.508314 0.00175089
387 0.674674 0.512489 0.00189819
388 0.674674 0.50759 0.00210814
389 0.674674 0.508631 0.00171987
390 0.674674 0.510785 0.00190617
391 0.674674 0.510412 0.00190015
392 0.674674 0.507113 0.00196336
393 0.674674 0.509817 0.00180272
394 0.674674 0.506279 0.00196224
395 0.674674 0.507717 0.00199269
396 0.674674 0.508253 0.00169335
397 0.674674 0.510033 0.0018745
398 0.674674 0.510317 0.00161267
399 0.674674 0.509299 0.00188014
400 0.674674 0.512453 0.00196391
401 0.674674 0.512272 0.00195426
402 0.674674 0.506846 0.00176347
403 0.674674 0.506281 0.00182168
404 0.674674 0.508078 0.00203491
405 0.674674 0.507944 0.00187374
406 0.674674 0.50806 0.00183852
407 0.674674 0.510392 0.00192239
408 0.674674 0.510262 0.0018314
409 0.674674 0.510205 0.00219908
410 0.674674 0.507282 0.00203845
411 0.674674 0.508734 0.00201569
412 0.676471 0.5087 0.00210474
413 0.676471 0.508945 0.00171071
414 0.676471 0.506657 0.0018463
415 0.676471 0.506927 0.00176535
416 0.676471 0.514322 0.00205667
417 0.676471 0.515105 0.00223989
418 0.676471 0.509574 0.0022798
419 0.676471 0.506754 0.00208808
420 0.676471 0.514758 0.00236538
421 0.676471 0.506897 0.00187965
422 0.676471 0.50621 0.00210428
423 0.676471 0.507726 0.00221896
424 0.676471 0.512392 0.00202478
425 0.676471 0.512161 0.00199265
426 0.676471 0.506285 0.00232878
427 0.676471 0.510876 0.00199615
428 0.676471 0.509467 0.00202725
429 0.686845 0.517072 0.00243463
430 0.686845 0.511138 0.00196605
431 0.686845 0.5095 0.00212889
432 0.686845 0.515265 0.00186631
433 0.686845 0.518659 0.00218139
434 0.686845 0.510549 0.00205492
435 0.686845 0.515549 0.00207712
436 0.686845 0.510604 0.00244181
437 0.686845 0.509071 0.00206358
438 0.686845 0.510863 0.00203665
439 0.686845 0.508646 0.00209379
440 0.686845 0.508568 0.00188002
441 0.686845 0.510683 0.00207853
442 0.686845 0.510266 0.00205296
443 0.686845 0.510338 0.00208348
444 0.686845 0.513654 0.00202196
445 0.686845 0.50912 0.00224458
446 0.686845 0.512649 0.00194594
447 0.686845 0.51296 0.00166684
448 0.686845 0.513647 0.00204689
449 0.686845 0.512101 0.00192728
450 0.686845 0.510538 0.00172565
451 0.686845 0.514332 0.00197559
452 0.686845 0.506121 0.00200613
453 0.686845 0.510322 0.00177776
454 0.686845 0.510059 0.00212157
455 0.686845 0.50534 0.00194942
456 0.686845 0.508036 0.00179869
457 0.686845 0.512265 0.00197172
458 0.686845 0.512612 0.00206146
459 0.686845 0.5131 0.00225585
460 0.686845 0.509593 0.0021675
461 0.686845 0.5122 0.00200181
462 0.686845 0.505857 0.00188102
463 0.686845 0.506823 0.00212262
464 0.686845 0.514578 0.00228821
465 0.686845 0.510664 0.00240539
466 0.686845 0.509726 0.0020787
467 0.686845 0.511458 0.00218118
468 0.686845 0.508066 0.00240721
469 0.686845 0.510971 0.00245424
470 0.686845 0.512402 0.00199674
471 0.702778 0.512836 0.00265711
472 0.702778 0.512094 0.00251913
473 0.702778 0.514361 0.00251492
474 0.702778 0.514512 0.00235647
475 0.702778 0.511431 0.00217513
476 0.702778 0.516095 0.0023033
477 0.702778 0.516982 0.0024777
478 0.702778 0.517627 0.00247885
479 0.702778 0.511832 0.00243663
480 0.702778 0.509826 0.00214603
481 0.702778 0.521583 0.00238925
482 0.702778 0.51571 0.00254274
483 0.702778 0.518899 0.00261787
484 0.702778 0.51819 0.0028769
485 0.702778 0.511944 0.00237872
486 0.702778 0.51776 0.00266914
487 0.702778 0.512415 0.00271206
488 0.702778 0.507017 0.00263286
489 0.702778 0.517494 0.00264508
490 0.702778 0.512271 0.00225763
491 0.702778 0.51772 0.00227153
492 0.702778 0.515699 0.00256254
493 0.702778 0.514362 0.00250204
494 0.702778 0.512035 0.0022557
495 0.702778 0.51251 0.00209273
496 0.702778 0.514009 0.0028525
497 0.702778 0.513662 0.00243931
498 0.702778 0.517958 0.00249968
499 0.702778 0.513478 0.00272502
500 0.702778 0.517162 0.00227096
501 0.702778 0.509268 0.00234924
502 0.702778 0.511099 0.00216933
503 0.702778 0.508488 0.00217484
504 0.702778 0.512353 0.00243708
505 0.702778 0.513408 0.00291799
506 0.702778 0.51075 0.00228918
507 0.702778 0.511419 0.00240473
508 0.702778 0.512175 0.0024973
509 0.702778 0.510826 0.00231905
510 0.702778 0.511605 0.002216
511 0.702778 0.507285 0.00263372
512 0.702778 0.504488 0.00255927
513 0.702778 0.510134 0.00271418
514 0.702778 0.509908 0.00276607
515 0.702778 0.511966 0.00268408
516 0.702778 0.51302 0.00243878
517 0.702778 0.511583 0.00232808
518 0.702778 0.507383 0.00254312
519 0.702778 0.516459 0.00220397
520 0.702778 0.509637 0.00220088
521 0.702778 0.508272 0.00248136
522 0.702778 0.514084 0.00252948
523 0.702778 0.512065 0.00232742
524 0.702778 0.512192 0.00244467
525 0.702778 0.512237 0.00214922
526 0.702778 0.511116 0.00251297
527 0.702778 0.511158 0.00219328
528 0.702778 0.509831 0.00228185
529 0.702778 0.514274 0.00195413
530 0.702778 0.514774 0.00237251
531 0.702778 0.511341 0.00225433
532 0.702778 0.518975 0.00230348
533 0.702778 0.516597 0.00232174
534 0.702778 0.519233 0.00232146
535 0.702778 0.51317 0.00239274
536 0.702778 0.507135 0.00273662
537 0.702778 0.508402 0.00230736
538 0.702778 0.508129 0.0022579
539 0.702778 0.509093 0.00255205
540 0.702778 0.510646 0.00247738
541 0.702778 0.509484 0.00232944
542 0.702778 0.505981 0.00220871
543 0.702778 0.509278 0.00270414
544 0.702778 0.513526 0.00270846
545 0.702778 0.510083 0.00226887
546 0.702778 0.509804 0.00230212
547 0.702778 0.511761 0.00243468
548 0.702778 0.510428 0.00236107
549 0.702778 0.508645 0.00222371
550 0.702778 0.511241 0.00243547
551 0.702778 0.509422 0.00223523
552 0.702778 0.510946 0.00235276
553 0.702778 0.505535 0.00221272
554 0.702778 0.508472 0.0017738
555 0.702778 0.50995 0.00219535
556 0.702778 0.509971 0.00234914
557 0.702778 0.51013 0.00255394
558 0.702778 0.512354 0.00235091
559 0.702778 0.514069 0.00212657
560 0.702778 0.509381 0.00220518
561 0.702778 0.510117 0.00217589
562 0.702778 0.508871 0.00253892
563 0.702778 0.507262 0.00237599
564 0.702778 0.512697 0.00279901
565 0.702778 0.508952 0.00261063
566 0.702778 0.504318 0.00242492
567 0.702778 0.507969 0.00224579
568 0.702778 0.511132 0.00240253
569 0.702778 0.508877 0.00215629
570 0.702778 0.507508 0.00208274
571 0.702778 0.509878 0.00229123
572 0.702778 0.508571 0.00234536
573 0.702778 0.508479 0.00245963
574 0.702778 0.513246 0.0026026
575 0.702778 0.51302 0.00288627
576 0.702778 0.512714 0.00266388
577 0.702778 0.51079 0.00228664
578 0.702778 0.516658 0.00256043
579 0.702778 0.51125 0.00215279
580 0.702778 0.504908 0.00224038
581 0.702778 0.506376 0.00223883
582 0.702778 0.513517 0.00280414
583 0.702778 0.507073 0.00226785
584 0.702778 0.508785 0.00229574
585 0.702778 0.511933 0.00238516
586 0.703184 0.513131 0.00278031
587 0.703184 0.517566 0.00271331
588 0.703184 0.515611 0.00222797
589 0.703184 0.515665 0.0023793
590 0.703184 0.511752 0.00197065
591 0.703184 0.507552 0.00210925
592 0.703184 0.505927 0.00233097
593 0.703184 0.508053 0.0020786
594 0.703184 0.5071 0.0022505
595 0.703184 0.508595 0.00250426
596 0.703184 0.509478 0.0024691
597 0.703184 0.510593 0.00250263
598 0.703184 0.512368 0.00249206
599 0.703184 0.511617 0.00238302
600 0.703184 0.509104 0.00243198
601 0.703184 0.515824 0.00284642
602 0.703184 0.514686 0.00273553
603 0.703184 0.515021 0.0020566
604 0.703184 0.511521 0.00227089
605 0.703184 0.510139 0.0025442
606 0.703184 0.513354 0.00247736
607 0.703184 0.514606 0.0022419
608 0.703184 0.508184 0.00224631
609 0.703184 0.507641 0.00241714
610 0.703184 0.51134 0.00244
611 0.703184 0.515133 0.00262843
612 0.703184 0.511264 0.00280848
613 0.703184 0.51101 0.0023579
614 0.703184 0.507373 0.00230126
615 0.703184 0.50796 0.00231886
616 0.703184 0.510079 0.00231943
617 0.703184 0.510024 0.00241218
618 0.703184 0.510884 0.00249296
619 0.703184 0.515194 0.00250196
620 0.703184 0.512401 0.00258881
621 0.703184 0.510331 0.00236616
622 0.703184 0.512972 0.00233597
623 0.703184 0.511755 0.0024454
624 0.703184 0.509861 0.00226822
625 0.703184 0.512397 0.00231965
626 0.703184 0.516169 0.00257257
627 0.703184 0.512992 0.00281261
628 0.703184 0.509865 0.00220789
629 0.703184 0.504365 0.00234855
630 0.703184 0.512478 0.00250759
631 0.703184 0.509085 0.00250852
632 0.703184 0.510502 0.00245791
633 0.703184 0.511454 0.00270637
634 0.703184 0.514505 0.00255588
635 0.703184 0.513698 0.00260925
636 0.703184 0.503539 0.00238545
637 0.703184 0.508309 0.00213224
638 0.703184 0.512446 0.00219053
639 0.703184 0.512583 0.00254898
640 0.703184 0.510214 0.00214338
641 0.703184 0.505378 0.00236142
642 0.703184 0.505642 0.00252717
643 0.703184 0.513371 0.002504
644 0.703184 0.512776 0.00233339
645 0.703184 0.512499 0.00245819
646 0.703184 0.513884 0.00223248
647 0.703184 0.510804 0.00231995
648 0.703184 0.511594 0.00226115
649 0.703184 0.511316 0.00258926
650 0.703184 0.511454 0.00236898
651 0.703184 0.514191 0.00235563
652 0.703184 0.515099 0.0026362
653 0.703184 0.515923 0.00253816
654 0.703184 0.511744 0.00276169
655 0.703184 0.510449 0.00260895
656 0.703184 0.514867 0.00232423
657 0.703184 0.512322 0.00215783
658 0.703184 0.508935 0.00246375
659 0.703184 0.509055 0.00226386
660 0.703184 0.510785 0.00213782
661 0.703184 0.513289 0.0021713
662 0.703184 0.514609 0.0026032
663 0.703184 0.510097 0.00218374
664 0.703184 0.506671 0.00239472
665 0.703184 0.507488 0.00227003
666 0.703184 0.506971 0.00234666
667 0.703184 0.51163 0.00291502
668 0.703184 0.51144 0.00222324
669 0.703184 0.51343 0.00248577
670 0.703184 0.515106 0.00212799
671 0.703184 0.514566 0.00225384
672 0.703184 0.51489 0.00254342
673 0.703184 0.512825 0.00252935
674 0.703184 0.512383 0.00227747
675 0.703184 0.510999 0.00220482
676 0.703184 0.508488 0.00230442
677 0.703184 0.511377 0.00200756
678 0.703184 0.509108 0.0021088
679 0.703184 0.515115 0.00227705
680 0.706148 0.512899 0.00290049
681 0.706148 0.514583 0.00251443
682 0.706148 0.513005 0.00278682
683 0.706148 0.51841 0.0025965
684 0.706148 0.513786 0.00226531
685 0.706148 0.514762 0.00231477
686 0.706148 0.515009 0.00259458
687 0.706148 0.509896 0.00222414
688 0.706148 0.507906 0.00247697
689 0.706148 0.508297 0.00246369
690 0.706148 0.505414 0.00231858
691 0.706148 0.515647 0.00280603
692 0.706148 0.512158 0.00230617
693 0.706148 0.50654 0.00236095
694 0.706148 0.509639 0.00232583
695 0.706148 0.508852 0.00242054
696 0.706148 0.512279 0.00219862
697 0.706148 0.517263 0.0022943
698 0.706148 0.511578 0.00238453
699 0.706148 0.517536 0.00240508
700 0.706148 0.514912 0.0026089
701 0.706148 0.51311 0.00305368
702 0.706148 0.521258 0.00306699
703 0.706148 0.515115 0.002476
704 0.706148 0.513343 0.00246521
705 0.706148 0.508862 0.00276762
706 0.706148 0.510619 0.00260452
707 0.706148 0.512582 0.00276605
708 0.706148 0.512074 0.00239671
709 0.706148 0.513044 0.00246786
710 0.706148 0.507605 0.00280675
711 0.706148 0.509025 0.00255598
712 0.706148 0.507458 0.00270213
713 0.706148 0.511523 0.00243291
714 0.706148 0.511257 0.00268717
715 0.706148 0.513536 0.00204824
716 0.706148 0.510308 0.00256897
717 0.706148 0.508809 0.00269697
718 0.706148 0.510437 0.00240473
719 0.706148 0.5129 0.00293291
720 0.706148 0.51737 0.0024741
721 0.706148 0.510473 0.00234224
722 0.706148 0.515488 0.00233552
723 0.706148 0.515075 0.00259904
724 0.706148 0.508353 0.00228406
725 0.706148 0.507474 0.00251891
726 0.706148 0.513582 0.00264988
727 0.706148 0.510252 0.00250841
728 0.706148 0.511973 0.00267844
729 0.706148 0.51203 0.00265999
730 0.706148 0.508959 0.00229234
731 0.706148 0.507814 0.00289372
732 0.706148 0.507432 0.00267438
733 0.706148 0.511556 0.00260519
734 0.706148 0.514877 0.0022171
735 0.706148 0.509162 0.00218504
736 0.706148 0.511635 0.0022427
737 0.706148 0.51001 0.00200895
738 0.706148 0.50963 0.00278679
739 0.706148 0.510655 0.00226689
740 0.706148 0.510769 0.00269166
741 0.706148 0.506014 0.00288323
742 0.706148 0.508124 0.00242576
743 0.706148 0.508508 0.00265875
744 0.706148 0.508952 0.00278695
745 0.706148 0.507822 0.00226218
746 0.706148 0.50667 0.0026479
747 0.706148 0.510384 0.00263476
748 0.706148 0.512508 0.00247562
749 0.706148 0.509799 0.00271466
750 0.706148 0.508768 0.00234927
751 0.706148 0.511183 0.00242921
752 0.706148 0.511437 0.00262863
753 0.706148 0.509376 0.00245494
754 0.706148 0.507654 0.00257238
755 0.706148 0.513187 0.00267421
756 0.706148 0.5142 0.00258986
757 0.706148 0.517538 0.00232603
758 0.706148 0.516609 0.00290924
759 0.706148 0.511172 0.00253224
760 0.70666 0.515446 0.00314709
761 0.70666 0.510756 0.00223437
762 0.70666 0.507856 0.00269479
763 0.70666 0.507745 0.00248705
764 0.70666 0.508341 0.0025967
765 0.70666 0.513397 0.00258887
766 0.70666 0.512378 0.00254196
767 0.70666 0.512151 0.00236566
768 0.70666 0.510821 0.00244514
769 0.70666 0.508024 0.00264825
770 0.70666 0.512841 0.00251138
771 0.70666 0.511631 0.00236943
772 0.70666 0.510865 0.00255922
773 0.70666 0.511962 0.00259358
774 0.70666 0.51422 0.00252869
775 0.70666 0.508858 0.00234891
776 0.70666 0.510182 0.0022444
777 0.70666 0.508939 0.00252515
778 0.70666 0.509785 0.00241721
779 0.70666 0.506977 0.00260144
780 0.70666 0.515538 0.00237471
781 0.70666 0.516435 0.00283088
782 0.70666 0.509995 0.00254753
783 0.70666 0.515159 0.00273474
784 0.70666 0.512009 0.00265561
785 0.70666 0.515538 0.00292926
786 0.70666 0.509838 0.00244453
787 0.70666 0.513472 0.0022367
788 0.70666 0.50914 0.00253683
789 0.70666 0.511794 0.00280748
790 0.70666 0.511907 0.00266192
791 0.70666 0.517068 0.00280952
792 0.70666 0.510832 0.0022296
793 0.70666 0.50822 0.0023165
794 0.70666 0.504927 0.00274296
795 0.70666 0.511163 0.00297452
796 0.70666 0.508814 0.00283086
797 0.70666 0.504333 0.00242194
798 0.70666 0.50972 0.00251426
799 0.70666 0.509057 0.00223287
800 0.70666 0.512146 0.00266314
801 0.70666 0.514622 0.00305447
802 0.70666 0.514964 0.00231803
803 0.70666 0.515628 0.00261895
804 0.70666 0.511268 0.00229947
805 0.70666 0.511773 0.00237406
806 0.70666 0.514669 0.00232574
807 0.70666 0.508463 0.00244051
808 0.70666 0.507777 0.0026414
809 0.70666 0.509249 0.00230371
810 0.70666 0.514574 0.00255077
811 0.70666 0.508555 0.00238936
812 0.70666 0.511462 0.00239727
813 0.70666 0.514086 0.00260995
814 0.70666 0.511646 0.00231182
815 0.70666 0.507607 0.0025505
816 0.70666 0.507775 0.00216084
817 0.70666 0.519093 0.00263983
818 0.70666 0.510248 0.00221466
819 0.70666 0.507227 0.00244974
820 0.70666 0.510875 0.00223871
821 0.70666 0.509178 0.00255716
822 0.70666 0.510699 0.00220324
823 0.70666 0.51004 0.00222596
824 0.70666 0.506002 0.00237318
825 0.70666 0.512911 0.00234735
826 0.70666 0.508036 0.0022009
827 0.70666 0.512437 0.00248891
828 0.70666 0.511832 0.00249598
829 0.70666 0.515443 0.0022806
830 0.70666 0.515193 0.00221889
831 0.70666 0.512947 0.00224977
832 0.70666 0.509833 0.00224875
833 0.70666 0.507828 0.0027267
834 0.70666 0.511164 0.00228317
835 0.70666 0.511594 0.00253214
836 0.70666 0.507408 0.00239267
837 0.70666 0.508009 0.00223802
838 0.70666 0.510603 0.00235174
839 0.70666 0.509274 0.00231422
840 0.70666 0.508283 0.00221042
841 0.70666 0.507788 0.00220885
842 0.70666 0.503625 0.0023363
843 0.70666 0.50866 0.00233748
844 0.70666 0.509849 0.0025638
845 0.70666 0.507335 0.00241465
846 0.70666 0.509219 0.00252677
847 0.70666 0.514978 0.00234059
848 0.70666 0.507528 0.00267041
849 0.70666 0.51027 0.00233806
850 0.70666 0.511423 0.00227523
851 0.70666 0.512576 0.00255376
852 0.70666 0.504965 0.00218211
853 0.70666 0.509131 0.00225101
854 0.70666 0.508172 0.00234539
855 0.70666 0.512892 0.00252549
856 0.70666 0.517179 0.00264023
857 0.70666 0.505838 0.00252891
858 0.70666 0.513871 0.00240518
859 0.70666 0.504853 0.00256811
860 0.70666 0.508448 0.00258435
861 0.70666 0.509116 0.00241123
862 0.70666 0.510293 0.00275467
863 0.70666 0.504557 0.0028774
864 0.70666 0.510967 0.0032346
865 0.70666 0.513454 0.00299405
866 0.70666 0.509934 0.00237398
867 0.70666 0.510702 0.0025058
868 0.70666 0.511477 0.00241267
869 0.70666 0.511099 0.00305726
870 0.70666 0.510993 0.00280958
871 0.70666 0.506868 0.00239344
872 0.70666 0.507493 0.002675
873 0.70666 0.508114 0.00271228
874 0.70666 0.509781 0.00259281
875 0.70666 0.513345 0.00276337
876 0.70666 0.512158 0.00257731
877 0.70666 0.507341 0.00262203
878 0.70666 0.508833 0.00248136
879 0.70666 0.511196 0.00259915
880 0.70666 0.506574 0.0023245
881 0.70666 0.510868 0.00283735
882 0.70666 0.512009 0.00255141
883 0.70666 0.512061 0.00232795
884 0.70666 0.513628 0.00317111
885 0.70666 0.512266 0.00226569
886 0.70666 0.505083 0.00237228
887 0.70666 0.507304 0.00245979
888 0.70666 0.515668 0.00249455
889 0.70666 0.514659 0.002785
890 0.70666 0.5123 0.00253367
891 0.70666 0.510644 0.00241216
892 0.70666 0.509841 0.00230697
893 0.70666 0.512131 0.00284812
894 0.70666 0.507989 0.00244611
895 0.70666 0.512729 0.00224463
896 0.70666 0.507576 0.00240102
897 0.70666 0.507776 0.00275575
898 0.70666 0.514831 0.00241217
899 0.70666 0.511445 0.00301195
900 0.70666 0.507287 0.00234679
901 0.70666 0.510509 0.002864
902 0.70666 0.507175 0.00231176
903 0.70666 0.514994 0.0025588
904 0.70666 0.506151 0.00240046
905 0.70666 0.509283 0.00248775
906 0.70666 0.51194 0.00238127
907 0.70666 0.507403 0.00267494
908 0.70666 0.509836 0.00212071
909 0.70666 0.511922 0.00250949
910 0.70666 0.51093 0.00251542
911 0.70666 0.511905 0.00215073
912 0.70666 0.510324 0.0022145
913 0.70666 0.512171 0.00217003
914 0.70666 0.507434 0.00247032
915 0.70666 0.511903 0.00228278
916 0.70666 0.513851 0.00261904
917 0.70666 0.515628 0.00244388
918 0.70666 0.508966 0.00258596
919 0.70666 0.510202 0.00236939
920 0.70666 0.506634 0.00249993
921 0.70666 0.509777 0.00236974
922 0.70666 0.507999 0.00257527
923 0.70666 0.509756 0.00265596
924 0.70666 0.504823 0.00237182
925 0.70666 0.508818 0.00239778
926 0.70666 0.511482 0.00281159
927 0.70666 0.513909 0.00303049
928 0.70666 0.509011 0.00256199
929 0.70666 0.512195 0.00261771
930 0.70666 0.513904 0.00237813
931 0.70666 0.516926 0.00247403
932 0.70666 0.510931 0.00250831
933 0.70666 0.505495 0.00232586
934 0.70666 0.508046 0.00252832
935 0.70666 0.511358 0.00262257
936 0.70666 0.507978 0.00260304
937 0.70666 0.514633 0.00253717
938 0.70666 0.512564 0.00268807
939 0.70666 0.51145 0.00256368
940 0.70666 0.512571 0.0024713
941 0.70666 0.513 0.0021167
942 0.70666 0.514186 0.00230785
943 0.70666 0.507297 0.00228327
944 0.70666 0.510307 0.00223969
945 0.70666 0.506371 0.00221532
946 0.70666 0.508479 0.00244979
947 0.70666 0.509324 0.0027234
948 0.70666 0.513258 0.00282396
949 0.70666 0.507081 0.00263739
950 0.70666 0.509638 0.0027925
951 0.70666 0.516072 0.00314781
952 0.70666 0.503444 0.00248016
953 0.70666 0.508512 0.00224171
954 0.70666 0.506561 0.00280969
955 0.70666 0.517492 0.0027719
956 0.70666 0.512294 0.00265982
957 0.70666 0.510562 0.00261654
958 0.70666 0.508177 0.00281065
959 0.70666 0.509707 0.00305911
960 0.70666 0.515901 0.00294494
961 0.70666 0.510082 0.00267039
962 0.70666 0.510426 0.00255288
963 0.70666 0.506019 0.00299931
964 0.70666 0.511533 0.00279737
965 0.70666 0.507325 0.00282632
966 0.70666 0.509509 0.00253981
967 0.70666 0.511058 0.0027055
968 0.70666 0.507617 0.00281016
969 0.70666 0.509507 0.00296687
970 0.70666 0.507818 0.00238883
971 0.70666 0.511423 0.00237057
972 0.70666 0.506645 0.0029131
973 0.70666 0.511221 0.00246541
974 0.70666 0.513503 0.00288091
975 0.70666 0.509309 0.00240287
976 0.70666 0.510503 0.00227319
977 0.70666 0.509062 0.00241385
978 0.70666 0.513349 0.00227986
979 0.70666 0.515675 0.0027984
980 0.70666 0.509193 0.00284042
981 0.70666 0.514381 0.00300621
982 0.70666 0.512754 0.00261521
983 0.70666 0.515612 0.0025131
984 0.70666 0.508206 0.0026007
985 0.70666 0.506965 0.00260344
986 0.70666 0.506116 0.00234045
987 0.70666 0.511191 0.00257352
988 0.70666 0.504151 0.00228266
989 0.70666 0.507657 0.00252464
990 0.70666 0.507412 0.00257635
991 0.70666 0.513123 0.00249298
992 0.70666 0.508223 0.00257563
993 0.70666 0.512101 0.00260812
994 0.70666 0.511793 0.00250658
995 0.70666 0.512123 0.00225807
996 0.70666 0.5035 0.00261151
997 0.70666 0.505236 0.00239463
998 0.70666 0.514044 0.00240804
999 0.70666 0.509408 0.00288343
1000 0.70666 0.506955 0.00256456
1001 0.70666 0.511287 0.0024899
1002 0.70666 0.510565 0.00223416
1003 0.70666 0.510484 0.00281958
1004 0.70666 0.508895 0.00235569
1005 0.70666 0.514312 0.00253072
1006 0.70666 0.514325 0.00225886
1007 0.70666 0.511055 0.00267672
1008 0.70666 0.511396 0.00248661
1009 0.70666 0.508644 0.00226849
1010 0.70666 0.515674 0.00248514
1011 0.70666 0.510446 0.00255945
1012 0.70666 0.510068 0.0026702
1013 0.70666 0.513709 0.00248638
1014 0.70666 0.505705 0.0027414
1015 0.70666 0.505746 0.00251628
1016 0.70666 0.513626 0.00247371
1017 0.70666 0.50716 0.00230477
1018 0.70666 0.510917 0.00262592
1019 0.70666 0.514344 0.00247291
1020 0.70666 0.518081 0.00240124
1021 0.70666 0.511763 0.00249187
1022 0.70666 0.512443 0.00247701
1023 0.70666 0.511245 0.0022005
1024 0.70666 0.512269 0.00223556
1025 0.70666 0.51235 0.00217659
1026 0.70666 0.509944 0.00261258
1027 0.70666 0.510057 0.00247417
1028 0.70666 0.506789 0.00294667
1029 0.70666 0.507152 0.00219766
1030 0.70666 0.512506 0.00222885
1031 0.70666 0.50959 0.00219095
1032 0.70666 0.510092 0.00253808
1033 0.70666 0.506933 0.00243899
1034 0.70666 0.510805 0.00288516
1035 0.70666 0.509716 0.00310002
1036 0.70666 0.514838 0.00245524
1037 0.70666 0.513868 0.00226165
1038 0.70666 0.510933 0.00228672
1039 0.70666 0.507926 0.0022217
1040 0.70666 0.507799 0.00218793
1041 0.70666 0.50844 0.00208247
1042 0.70666 0.513748 0.00254368
1043 0.70666 0.509852 0.00210702
1044 0.70666 0.512102 0.00275514
1045 0.70666 0.511626 0.00208135
1046 0.70666 0.508821 0.00234985
1047 0.70666 0.505196 0.00252786
1048 0.70666 0.505472 0.00291017
1049 0.70666 0.507951 0.00250149
1050 0.70666 0.51178 0.00250246
1051 0.70666 0.512499 0.00256904
1052 0.70666 0.511907 0.00255208
1053 0.70666 0.505898 0.00267618
1054 0.70666 0.513015 0.00234281
1055 0.70666 0.509751 0.00273021
1056 0.70666 0.517619 0.00268535
1057 0.70666 0.513805 0.00244852
1058 0.70666 0.507537 0.00263472
1059 0.70666 0.514716 0.00270668
1060 0.70666 0.510512 0.00256443
1061 0.70666 0.505978 0.00236084
1062 0.70666 0.50838 0.00244561
1063 0.70666 0.508179 0.00242533
1064 0.70666 0.508854 0.00240847
1065 0.70666 0.510655 0.00273736
1066 0.70666 0.514232 0.00269483
1067 0.70666 0.514941 0.00324934
1068 0.70666 0.512321 0.00275943
1069 0.70666 0.511452 0.00253098
1070 0.70666 0.510693 0.00235865
1071 0.70666 0.512731 0.0028397
1072 0.70666 0.513194 0.00251634
1073 0.70666 0.51194 0.00233703
1074 0.70666 0.510328 0.00246639
1075 0.70666 0.507699 0.00216268
1076 0.70666 0.506472 0.00227094
1077 0.70666 0.511792 0.0023591
1078 0.70666 0.513082 0.00237903
1079 0.70666 0.51006 0.00272438
1080 0.70666 0.513155 0.00244204
1081 0.70666 0.508672 0.00226104
1082 0.70666 0.508556 0.00228859
1083 0.70666 0.506243 0.00219508
1084 0.70666 0.507471 0.00263208
1085 0.70666 0.510499 0.00248406
1086 0.70666 0.509795 0.00252861
1087 0.70666 0.507712 0.00237096
1088 0.70666 0.511792 0.00233694
1089 0.70666 0.513362 0.00254078
1090 0.70666 0.506431 0.00224666
1091 0.70666 0.512683 0.002216
1092 0.70666 0.511994 0.00241461
1093 0.70666 0.509927 0.00239192
1094 0.70666 0.512602 0.00234241
1095 0.70666 0.515516 0.00255436
1096 0.70666 0.509817 0.0027045
1097 0.70666 0.513102 0.00218461
1098 0.70666 0.508554 0.00277487
1099 0.70666 0.512647 0.00235561
1100 0.70666 0.512439 0.00257124
1101 0.70666 0.50851 0.00259661
1102 0.70666 0.513483 0.0026615
1103 0.70666 0.510738 0.00235516
1104 0.70666 0.51047 0.00228563
1105 0.70666 0.511815 0.00240982
1106 0.70666 0.511673 0.00274418
1107 0.70666 0.513931 0.00239354
1108 0.70666 0.514456 0.00220002
1109 0.70666 0.5094 0.00254925
1110 0.70666 0.508434 0.00237928
1111 0.70666 0.518707 0.00280483
1112 0.70666 0.511586 0.00276571
1113 0.70666 0.513582 0.00315364
1114 0.70666 0.512956 0.00256622
1115 0.70666 0.509622 0.00263573
1116 0.70666 0.515724 0.00234625
1117 0.70666 0.515876 0.00264746
1118 0.70666 0.513415 0.00246601
1119 0.70666 0.512141 0.00229425
1120 0.70666 0.513484 0.00261615
1121 0.70666 0.508032 0.00268067
1122 0.70666 0.506994 0.00264396
1123 0.70666 0.507597 0.00276477
1124 0.70666 0.507431 0.00264667
1125 0.70666 0.507738 0.00269239
1126 0.70666 0.505905 0.0025799
1127 0.70666 0.507797 0.00258427
1128 0.70666 0.509894 0.00237332
1129 0.70666 0.513793 0.00253876
1130 0.70666 0.509306 0.00231822
1131 0.70666 0.519199 0.0024939
1132 0.70666 0.506458 0.00263117
1133 0.70666 0.509632 0.00286973
1134 0.70666 0.510661 0.00273473
1135 0.70666 0.513803 0.00271443
1136 0.70666 0.511921 0.00219998
1137 0.70666 0.514937 0.00224392
1138 0.70666 0.512629 0.00258087
1139 0.70666 0.515845 0.00233158
1140 0.70666 0.509941 0.00274575
1141 0.70666 0.513602 0.00255158
1142 0.70666 0.509777 0.00256785
1143 0.70666 0.510961 0.00251708
1144 0.70666 0.516001 0.00260059
1145 0.70666 0.513988 0.00281401
1146 0.70666 0.508199 0.00253971
1147 0.70666 0.515582 0.00273892
1148 0.70666 0.510673 0.00240791
1149 0.70666 0.510989 0.00241607
1150 0.70666 0.508835 0.00255729
1151 0.70666 0.512079 0.00234337
1152 0.70666 0.511007 0.00240233
1153 0.70666 0.507058 0.00249263
1154 0.70666 0.51035 0.00248812
1155 0.70666 0.514374 0.00256589
1156 0.70666 0.509963 0.00257785
1157 0.70666 0.513606 0.00265786
1158 0.70666 0.509169 0.00266739
1159 0.70666 0.507643 0.00251316
1160 0.70666 0.507607 0.00225985
1161 0.70666 0.508976 0.0022301
1162 0.70666 0.512033 0.00248031
1163 0.70666 0.513565 0.00224608
1164 0.70666 0.511031 0.00258311
1165 0.70666 0.508875 0.00226787
1166 0.70666 0.510752 0.00219421
1167 0.70666 0.511214 0.00230886
1168 0.70666 0.511271 0.00249352
1169 0.70666 0.510867 0.00243683
1170 0.70666 0.512527 0.00262676
1171 0.70666 0.518829 0.00291104
1172 0.70666 0.515848 0.0029734
1173 0.70666 0.516576 0.00304188
1174 0.70666 0.512075 0.00241921
1175 0.70666 0.512336 0.00252345
1176 0.70666 0.514208 0.00257122
1177 0.70666 0.51445 0.00258376
1178 0.70666 0.515256 0.00261018
1179 0.70666 0.516131 0.00254907
1180 0.70666 0.516973 0.00261406
1181 0.70666 0.519403 0.00303438
1182 0.70666 0.513681 0.00248098
1183 0.70666 0.519091 0.00318939
1184 0.70666 0.511532 0.00284271
1185 0.70666 0.509589 0.00275612
1186 0.70666 0.506788 0.00248024
1187 0.70666 0.50922 0.00260007
1188 0.70666 0.512769 0.00241898
1189 0.70666 0.508853 0.00250307
1190 0.70666 0.510171 0.00280783
1191 0.70666 0.505866 0.00285545
1192 0.70666 0.515125 0.00246426
1193 0.70666 0.511312 0.00257219
1194 0.70666 0.506972 0.00257328
1195 0.70666 0.512423 0.00228762
1196 0.70666 0.506969 0.00272339
1197 0.70666 0.510545 0.0027436
1198 0.70666 0.51571 0.002548
1199 0.70666 0.51599 0.00276534
1200 0.70666 0.506291 0.00230018
1201 0.70666 0.512334 0.00325661
1202 0.70666 0.513482 0.00309072
1203 0.70666 0.512187 0.00264842
1204 0.70666 0.517576 0.00261746
1205 0.70666 0.516846 0.0027111
1206 0.70666 0.517944 0.00323209
1207 0.70666 0.516332 0.00255004
1208 0.70666 0.513673 0.00254313
1209 0.70666 0.511465 0.00273534
1210 0.70666 0.513817 0.00269974
1211 0.70666 0.511736 0.00276336
1212 0.70666 0.513567 0.00265806
1213 0.70666 0.50829 0.00252098
1214 0.70666 0.512003 0.00267461
1215 0.70666 0.50744 0.00255742
1216 0.70666 0.509973 0.00260503
1217 0.70666 0.508174 0.00255086
1218 0.70666 0.508868 0.00240387
1219 0.70666 0.511253 0.0022949
1220 0.70666 0.516351 0.00280678
1221 0.70666 0.508475 0.00252462
1222 0.70666 0.510404 0.00229455
1223 0.70666 0.512557 0.00267424
1224 0.70666 0.510607 0.00237502
1225 0.70666 0.514214 0.00219053
1226 0.70666 0.509908 0.00249609
1227 0.70666 0.512137 0.00237668
1228 0.70666 0.512334 0.00259199
1229 0.70666 0.512621 0.00258539
1230 0.70666 0.510717 0.00256738
1231 0.70666 0.515325 0.00220491
1232 0.70666 0.511811 0.00252129
1233 0.70666 0.514435 0.00252377
1234 0.70666 0.509748 0.00252891
1235 0.70666 0.515363 0.00268101
1236 0.70666 0.515086 0.00254565
1237 0.70666 0.51182 0.00243752
1238 0.70666 0.511394 0.00274062
1239 0.70666 0.509099 0.00287583
1240 0.70666 0.515342 0.00254399
1241 0.70666 0.50881 0.00219149
1242 0.70666 0.511388 0.00223301
1243 0.70666 0.512006 0.0024193
1244 0.70666 0.50883 0.00226709
1245 0.70666 0.511524 0.00249993
1246 0.70666 0.515716 0.00275571
1247 0.70666 0.51094 0.00267068
1248 0.70666 0.508302 0.00275611
1249 0.70666 0.510497 0.00238124
1250 0.70666 0.512444 0.00256856
1251 0.70666 0.514468 0.00227506
1252 0.70666 0.510689 0.00253466
1253 0.70666 0.508372 0.00239209
1254 0.70666 0.509111 0.00239775
1255 0.70666 0.509699 0.0025503
1256 0.70666 0.503548 0.00246566
1257 0.70666 0.507907 0.00258505
1258 0.70666 0.509208 0.00264443
1259 0.70666 0.513719 0.00234253
1260 0.70666 0.508957 0.00239396
1261 0.70666 0.511001 0.00235281
1262 0.70666 0.512969 0.00253066
1263 0.70666 0.514171 0.00218553
1264 0.70666 0.515412 0.00260142
1265 0.70666 0.511317 0.00232268
1266 0.70666 0.514757 0.00262046
1267 0.70666 0.516783 0.00256339
1268 0.70666 0.513808 0.00238638
1269 0.70666 0.510517 0.00246211
1270 0.70666 0.510382 0.00290089
1271 0.70666 0.510291 0.0022093
1272 0.70666 0.514635 0.00245375
1273 0.70666 0.516128 0.00236873
1274 0.70666 0.514967 0.00254884
1275 0.70666 0.513751 0.00246149
1276 0.70666 0.513965 0.00229569
1277 0.70666 0.512081 0.00231657
1278 0.70666 0.507622 0.00226585
1279 0.70666 0.512331 0.0024082
1280 0.70666 0.509666 0.00252202
1281 0.70666 0.508985 0.00240642
1282 0.70666 0.507728 0.00252176
1283 0.70666 0.514598 0.00243118
1284 0.70666 0.517355 0.0024669
1285 0.70666 0.519134 0.00248889
1286 0.70666 0.510781 0.00300139
1287 0.70666 0.512722 0.00286947
1288 0.70666 0.512825 0.00295025
1289 0.70666 0.512405 0.00225197
1290 0.70666 0.508272 0.00280857
1291 0.70666 0.510427 0.00268972
1292 0.70666 0.507885 0.002976
1293 0.70666 0.510829 0.00305506
1294 0.70666 0.509286 0.00300873
1295 0.70666 0.508754 0.00243559
1296 0.70666 0.511817 0.00264723
1297 0.70666 0.510404 0.00260108
1298 0.70666 0.507665 0.00241183
1299 0.70666 0.505431 0.00236927
1300 0.70666 0.506961 0.00254599
1301 0.70666 0.508841 0.0025938
1302 0.70666 0.515546 0.00306829
1303 0.70666 0.508406 0.00243407
1304 0.70666 0.514582 0.00263485
1305 0.70666 0.511844 0.00276809
1306 0.70666 0.51064 0.00286672
1307 0.70666 0.51192 0.00222013
1308 0.70666 0.509216 0.00277423
1309 0.70666 0.513282 0.00260674
1310 0.70666 0.512351 0.00244055
1311 0.70666 0.509023 0.002634
1312 0.70666 0.514314 0.00253754
1313 0.70666 0.511755 0.00292777
1314 0.70666 0.510523 0.00220102
1315 0.70666 0.511533 0.00251477
1316 0.70666 0.513478 0.00265093
1317 0.70666 0.514684 0.00255858
1318 0.70666 0.509041 0.00298372
1319 0.70666 0.512262 0.0024328
1320 0.70666 0.514027 0.0021948
1321 0.70666 0.510913 0.00257914
1322 0.70666 0.514846 0.00280132
1323 0.70666 0.510335 0.00250844
1324 0.70666 0.515421 0.00240046
1325 0.70666 0.509099 0.00240864
1326 0.70666 0.510231 0.00227993
1327 0.70666 0.509646 0.00242427
1328 0.70666 0.512025 0.00262188
1329 0.70666 0.510475 0.00209195
1330 0.70666 0.508809 0.00221813
1331 0.70666 0.512212 0.00217099
1332 0.70666 0.508172 0.00241172
1333 0.70666 0.512367 0.00225628
1334 0.70666 0.504892 0.00224144
1335 0.70666 0.508313 0.0023838
1336 0.70666 0.512629 0.00245859
1337 0.70666 0.510091 0.00206728
1338 0.70666 0.50506 0.00206053
1339 0.70666 0.507411 0.00212257
1340 0.70666 0.512237 0.00260788
1341 0.70666 0.51117 0.00216917
1342 0.70666 0.514338 0.00256849
1343 0.70666 0.510943 0.00212858
1344 0.70666 0.50956 0.00281308
1345 0.70666 0.510725 0.00261373
1346 0.70666 0.509455 0.00283597
1347 0.70666 0.511212 0.00285978
1348 0.70666 0.508333 0.00279577
1349 0.70666 0.509532 0.00221418
1350 0.70666 0.515008 0.00258342
1351 0.70666 0.51245 0.00231028
1352 0.70666 0.507375 0.0024591
1353 0.70666 0.508746 0.00236432
1354 0.70666 0.505165 0.00278664
1355 0.70666 0.512413 0.00262154
1356 0.70666 0.511235 0.00234389
1357 0.70666 0.508509 0.00217649
1358 0.70666 0.50711 0.0024191
1359 0.70666 0.507527 0.00214902
1360 0.70666 0.508278 0.00216999
1361 0.70666 0.511394 0.00250364
1362 0.70666 0.510307 0.00285897
1363 0.70666 0.513806 0.00248502
1364 0.70666 0.508128 0.00229962
1365 0.70666 0.509972 0.00289384
1366 0.70666 0.512023 0.00264644
1367 0.70666 0.507653 0.0021342
1368 0.70666 0.514232 0.00280238
1369 0.70666 0.508898 0.00245174
1370 0.70666 0.512357 0.00228172
1371 0.70666 0.510669 0.00236195
1372 0.70666 0.517511 0.00246609
1373 0.70666 0.512843 0.00284072
1374 0.70666 0.50914 0.00247879
1375 0.70666 0.514604 0.00234392
1376 0.70666 0.509222 0.00259103
1377 0.70666 0.511338 0.00273982
1378 0.70666 0.506807 0.00250403
1379 0.70666 0.507402 0.00266941
1380 0.70666 0.509536 0.00244345
1381 0.70666 0.510522 0.00280972
1382 0.70666 0.511358 0.00267365
1383 0.70666 0.508644 0.00270806
1384 0.70666 0.505898 0.00241899
1385 0.70666 0.507597 0.00240828
1386 0.70666 0.507315 0.00305787
1387 0.70666 0.506956 0.00285828
1388 0.70666 0.51588 0.00221721
1389 0.70666 0.510891 0.00251272
1390 0.70666 0.511322 0.00251457
1391 0.70666 0.509654 0.00283254
1392 0.70666 0.511211 0.00295059
1393 0.70666 0.51032 0.00266467
1394 0.70666 0.509423 0.00252696
1395 0.70666 0.51626 0.00265536
1396 0.70666 0.511776 0.0027731
1397 0.70666 0.511373 0.0025886
1398 0.70666 0.513348 0.00294943
1399 0.70666 0.512861 0.00285494
1400 0.70666 0.508857 0.00297062
1401 0.70666 0.516057 0.00260765
1402 0.70666 0.517535 0.00271358
1403 0.70666 0.509888 0.00275384
1404 0.70666 0.510466 0.00289407
1405 0.70666 0.513202 0.0024882
1406 0.70666 0.51323 0.00265398
1407 0.70666 0.514645 0.0026404
1408 0.70666 0.508819 0.00262982
1409 0.70666 0.514933 0.00253229
1410 0.70666 0.511853 0.0024892
1411 0.70666 0.514501 0.00268025
1412 0.70666 0.511322 0.00267741
1413 0.70666 0.511152 0.00310317
1414 0.70666 0.514899 0.00287727
1415 0.70666 0.514841 0.0027566
1416 0.70666 0.514654 0.00253453
1417 0.70666 0.511118 0.00259151
1418 0.70666 0.515971 0.00282359
1419 0.70666 0.511076 0.00297536
1420 0.70666 0.511304 0.00240417
1421 0.70666 0.516459 0.00250859
1422 0.70666 0.509714 0.00223814
1423 0.70666 0.509963 0.00233372
1424 0.70666 0.509834 0.00268733
1425 0.70666 0.518624 0.00295265
1426 0.70666 0.511966 0.00251157
1427 0.70666 0.513483 0.00240596
1428 0.70666 0.518523 0.00281197
1429 0.70666 0.517193 0.00292685
1430 0.70666 0.517584 0.00274552
1431 0.70666 0.5141 0.00291071
1432 0.70666 0.50729 0.00248851
1433 0.70666 0.509269 0.00260371
1434 0.70666 0.508355 0.00277649
1435 0.70666 0.509028 0.00268995
1436 0.70666 0.512139 0.00258036
1437 0.70666 0.509172 0.00243401
1438 0.70666 0.512662 0.00258552
1439 0.70666 0.515767 0.00254687
1440 0.70666 0.512663 0.00244692
1441 0.70666 0.511836 0.00220038
1442 0.70666 0.514147 0.00296225
1443 0.70666 0.510691 0.00268527
1444 0.70666 0.516873 0.00261984
1445 0.70666 0.51616 0.00299796
1446 0.70666 0.514693 0.00305241
1447 0.70666 0.5165 0.00246725
1448 0.70666 0.507798 0.00263887
1449 0.70666 0.514403 0.00280179
1450 0.70666 0.514492 0.00255644
1451 0.70666 0.514882 0.00232012
1452 0.70666 0.511869 0.00263964
1453 0.70666 0.508603 0.00252161
1454 0.70666 0.511026 0.00254962
1455 0.70666 0.511177 0.00260329
1456 0.70666 0.508773 0.00269391
1457 0.70666 0.509666 0.00327405
1458 0.70666 0.513683 0.00265183
1459 0.70666 0.50522 0.00263279
1460 0.70666 0.513143 0.00291964
1461 0.70666 0.507918 0.00246536
1462 0.70666 0.512565 0.00256425
1463 0.70666 0.512186 0.00260032
1464 0.70666 0.518486 0.00303216
1465 0.70666 0.511985 0.00300782
1466 0.70666 0.511723 0.00262662
1467 0.70666 0.515612 0.00330646
1468 0.70666 0.514518 0.00294431
1469 0.70666 0.514654 0.00264343
1470 0.70666 0.51171 0.00288147
1471 0.70666 0.515331 0.00270817
1472 0.70666 0.513346 0.00269159
1473 0.70666 0.50799 0.00260779
1474 0.70666 0.510372 0.00280737
1475 0.70666 0.506236 0.00266729
1476 0.70666 0.515581 0.00253323
1477 0.70666 0.511563 0.00244862
1478 0.70666 0.517837 0.00239777
1479 0.70666 0.516559 0.00225406
1480 0.70666 0.507389 0.00252829
1481 0.70666 0.513332 0.00267722
1482 0.70666 0.519819 0.00267606
1483 0.70666 0.51041 0.00215885
1484 0.70666 0.513276 0.00257774
1485 0.70666 0.512306 0.0026732
1486 0.70666 0.513898 0.00283284
1487 0.70666 0.506471 0.00262207
1488 0.70666 0.511815 0.00255926
1489 0.70666 0.512925 0.0027827
1490 0.70666 0.514075 0.00248089
1491 0.70666 0.513833 0.00315119
1492 0.70666 0.511761 0.00260108
1493 0.70666 0.512234 0.00291467
1494 0.70666 0.511432 0.00272698
1495 0.70666 0.513473 0.00271069
1496 0.70666 0.514005 0.00244949
1497 0.70666 0.512208 0.00278781
1498 0.70666 0.51215 0.00264869
1499 0.70666 0.510403 0.00281106
1500 0.70666 0.513833 0.0022558
1501 0.70666 0.509789 0.0026346
1502 0.70666 0.51085 0.00253827
1503 0.70666 0.510338 0.00247758
1504 0.70666 0.510293 0.00260978
1505 0.70666 0.508859 0.00248592
1506 0.70666 0.512662 0.003019
1507 0.70666 0.512633 0.00225599
1508 0.70666 0.510517 0.00230682
1509 0.70666 0.510147 0.00250871
1510 0.70666 0.509081 0.00289247
1511 0.70666 0.516178 0.00288623
1512 0.70666 0.517461 0.00283897
1513 0.70666 0.515127 0.00264496
1514 0.70666 0.515141 0.00264558
1515 0.70666 0.515083 0.00287338
1516 0.70666 0.507404 0.00254674
1517 0.70666 0.511391 0.00237372
1518 0.70666 0.515632 0.00295055
1519 0.70666 0.512618 0.00227351
1520 0.70666 0.513114 0.0022207
1521 0.70666 0.511819 0.00252707
1522 0.70666 0.507733 0.00240913
1523 0.70666 0.507344 0.00240315
1524 0.70666 0.510172 0.00290866
1525 0.70666 0.509484 0.00236024
1526 0.70666 0.507863 0.00251669
1527 0.70666 0.508798 0.00245648
1528 0.70666 0.501578 0.00256945
1529 0.70666 0.509437 0.00233048
1530 0.70666 0.508333 0.00246598
1531 0.70666 0.507625 0.00287615
1532 0.70666 0.507705 0.00240226
1533 0.70666 0.511326 0.00266146
1534 0.70666 0.509669 0.00225536
1535 0.70666 0.506843 0.00255388
1536 0.70666 0.514928 0.00328959
1537 0.70666 0.512605 0.00276527
1538 0.70666 0.510472 0.00251959
1539 0.70666 0.512872 0.00228138
1540 0.70666 0.51229 0.00235346
1541 0.70666 0.512177 0.00251275
1542 0.70666 0.509512 0.00254881
1543 0.70666 0.517257 0.00247692
1544 0.70666 0.507719 0.00234296
1545 0.70666 0.513698 0.00283219
1546 0.70666 0.508601 0.002972
1547 0.70666 0.510888 0.00280664
1548 0.70666 0.511788 0.00276807
1549 0.70666 0.514175 0.00277942
1550 0.70666 0.508057 0.00247729
1551 0.70666 0.509805 0.0023767
1552 0.70666 0.508382 0.00238519
1553 0.70666 0.510701 0.0024436
1554 0.70666 0.511377 0.00267892
1555 0.70666 0.508161 0.00265253
1556 0.70666 0.51638 0.00269984
1557 0.70666 0.513618 0.00221467
1558 0.70666 0.510268 0.00222529
1559 0.70666 0.514314 0.00252237
1560 0.70666 0.507721 0.00245131
1561 0.70666 0.503877 0.00269933
1562 0.70666 0.505735 0.00249523
1563 0.70666 0.513265 0.00252042
1564 0.70666 0.509271 0.00239175
1565 0.70666 0.509769 0.0021512
1566 0.70666 0.505961 0.00240797
1567 0.70666 0.507566 0.00257304
1568 0.70666 0.513162 0.00233213
1569 0.70666 0.511349 0.00264041
1570 0.70666 0.50772 0.00257429
1571 0.70666 0.511036 0.00222874
1572 0.70666 0.512428 0.00242576
1573 0.70666 0.511025 0.00227789
1574 0.70666 0.511876 0.00240031
1575 0.70666 0.515511 0.00260177
1576 0.70666 0.508723 0.0023052
1577 0.70666 0.508066 0.0025099
1578 0.70666 0.514503 0.00223986
1579 0.70666 0.510858 0.00235448
1580 0.70666 0.508484 0.00234945
1581 0.70666 0.513425 0.00268589
1582 0.70666 0.51143 0.00239769
1583 0.70666 0.509803 0.00254973
1584 0.70666 0.512351 0.00221521
1585 0.70666 0.509395 0.00252238
1586 0.70666 0.513552 0.00231692
1587 0.70666 0.510726 0.00247365
1588 0.70666 0.509216 0.00243987
1589 0.70666 0.508065 0.00269801
1590 0.70666 0.506791 0.00262805
1591 0.70666 0.510128 0.00252411
1592 0.70666 0.507637 0.00291627
1593 0.70666 0.507832 0.0025154
1594 0.70666 0.517164 0.00243656
1595 0.70666 0.513168 0.00217447
1596 0.70666 0.513996 0.00233734
1597 0.70666 0.516392 0.00272447
1598 0.70666 0.51353 0.00285342
1599 0.70666 0.51143 0.0027452
1600 0.70666 0.507896 0.00268381
1601 0.70666 0.509427 0.00281409
1602 0.70666 0.511675 0.00221764
1603 0.70666 0.513181 0.00276177
1604 0.70666 0.501167 0.00240779
1605 0.70666 0.50854 0.00242334
1606 0.70666 0.511735 0.0026044
1607 0.70666 0.508976 0.00217824
1608 0.70666 0.510783 0.00253656
1609 0.70666 0.512152 0.00254126
1610 0.70666 0.509929 0.00229579
1611 0.70666 0.510308 0.00270373
1612 0.70666 0.511903 0.00263875
1613 0.70666 0.507945 0.00263812
1614 0.70666 0.50933 0.00244823
1615 0.70666 0.502936 0.00287295
1616 0.70666 0.507084 0.00269355
1617 0.70666 0.502577 0.002757
1618 0.70666 0.507453 0.00248618
1619 0.70666 0.510165 0.00225452
1620 0.70666 0.509518 0.00256273
1621 0.70666 0.510783 0.00244775
1622 0.70666 0.509627 0.0025249
1623 0.70666 0.509866 0.00243599
1624 0.70666 0.509641 0.00228353
1625 0.70666 0.507014 0.00277559
1626 0.70666 0.510924 0.0024735
1627 0.70666 0.510762 0.00260154
1628 0.70666 0.513559 0.00234769
1629 0.70666 0.512283 0.00235611
1630 0.70666 0.513532 0.0027378
1631 0.70666 0.509752 0.00250359
1632 0.70666 0.511355 0.00233523
1633 0.70666 0.5038 0.00281919
1634 0.70666 0.51065 0.00239009
1635 0.70666 0.50542 0.00238545
1636 0.70666 0.507451 0.00253706
1637 0.70666 0.510814 0.00271478
1638 0.70666 0.509285 0.00275869
1639 0.70666 0.511222 0.00285684
1640 0.70666 0.513877 0.0024868
1641 0.70666 0.509871 0.0024915
1642 0.70666 0.509226 0.00235531
1643 0.70666 0.507144 0.00277851
1644 0.70666 0.509811 0.0023662
1645 0.70666 0.509874 0.00259727
1646 0.70666 0.510868 0.0026125
1647 0.70666 0.510486 0.00253097
1648 0.70666 0.508394 0.00270009
1649 0.70666 0.512914 0.00290154
1650 0.70666 0.511855 0.00250759
1651 0.70666 0.508334 0.00247312
1652 0.70666 0.514205 0.00247711
1653 0.70666 0.509283 0.00245578
1654 0.70666 0.513852 0.00237305
1655 0.70666 0.516846 0.00265624
1656 0.70666 0.512149 0.00236521
1657 0.70666 0.513357 0.00320955
1658 0.70666 0.513595 0.00246303
1659 0.70666 0.51454 0.00337435
1660 0.70666 0.515645 0.00289415
1661 0.70666 0.508122 0.0030066
1662 0.70666 0.510842 0.00273339
1663 0.70666 0.509669 0.00252728
1664 0.70666 0.506784 0.00239157
1665 0.70666 0.508399 0.00220984
1666 0.70666 0.512561 0.00244035
1667 0.70666 0.50958 0.0026272
1668 0.70666 0.510289 0.00286874
1669 0.70666 0.507349 0.00287231
1670 0.70666 0.50893 0.00272103
1671 0.70666 0.510654 0.0029668
1672 0.70666 0.506788 0.00253854
1673 0.70666 0.509651 0.00242962
1674 0.70666 0.51405 0.00270743
1675 0.70666 0.512414 0.00220207
1676 0.70666 0.510615 0.00231579
1677 0.70666 0.512654 0.00257306
1678 0.70666 0.510007 0.00244672
1679 0.70666 0.50931 0.00267358
1680 0.70666 0.50724 0.0025518
1681 0.70666 0.51289 0.00244018
1682 0.70666 0.513021 0.00261813
1683 0.70666 0.513382 0.00239745
1684 0.70666 0.513382 0.00257327
1685 0.70666 0.518351 0.00234396
1686 0.70666 0.51893 0.00258675
1687 0.70666 0.514117 0.00254483
1688 0.70666 0.514246 0.00283982
1689 0.70666 0.521386 0.002687
1690 0.70666 0.50853 0.00247251
1691 0.70666 0.507973 0.00263109
1692 0.70666 0.509949 0.00263765
1693 0.70666 0.513949 0.00239583
1694 0.70666 0.51317 0.00264189
1695 0.70666 0.512178 0.00308948
1696 0.70666 0.511542 0.00291879
1697 0.70666 0.51825 0.00266118
1698 0.70666 0.513921 0.00240503
1699 0.70666 0.512626 0.00232206
1700 0.70666 0.511924 0.0026643
1701 0.70666 0.510793 0.00245298
1702 0.70666 0.516305 0.00272052
1703 0.70666 0.516226 0.00237441
1704 0.70666 0.509295 0.00254406
1705 0.70666 0.507642 0.00262135
1706 0.70666 0.503275 0.00243507
1707 0.70666 0.508854 0.00298196
1708 0.70666 0.507153 0.00295343
1709 0.70666 0.511052 0.00219311
1710 0.70666 0.506735 0.00251135
1711 0.70666 0.511401 0.00263288
1712 0.70666 0.510743 0.00275066
1713 0.70666 0.511295 0.00239112
1714 0.70666 0.507767 0.0025585
1715 0.70666 0.513041 0.00249859
1716 0.70666 0.512239 0.00257758
1717 0.70666 0.517378 0.00263134
1718 0.70666 0.518006 0.00242193
1719 0.70666 0.512169 0.00225825
1720 0.70666 0.510979 0.0023808
1721 0.70666 0.516868 0.00255201
1722 0.70666 0.51149 0.00262291
1723 0.70666 0.513886 0.00263454
1724 0.70666 0.51154 0.0026518
1725 0.70666 0.512037 0.00268726
1726 0.70666 0.513113 0.00286307
1727 0.70666 0.510832 0.00269019
1728 0.70666 0.515242 0.00228375
1729 0.70666 0.514343 0.00242681
1730 0.70666 0.519436 0.00273498
1731 0.70666 0.50971 0.00252982
1732 0.70666 0.508446 0.00225143
1733 0.70666 0.515072 0.00236254
1734 0.70666 0.513917 0.00278423
1735 0.70666 0.514433 0.00303254
1736 0.70666 0.510767 0.00275402
1737 0.70666 0.514219 0.00250237
1738 0.70666 0.516576 0.00277155
1739 0.70666 0.51414 0.00240393
1740 0.70666 0.51148 0.0027933
1741 0.70666 0.511027 0.00271823
1742 0.70666 0.507816 0.00247642
1743 0.70666 0.505146 0.00256273
1744 0.70666 0.515787 0.00264435
1745 0.70666 0.516403 0.00243484
1746 0.70666 0.511632 0.00251694
1747 0.70666 0.511442 0.00260564
1748 0.70666 0.508334 0.00219455
1749 0.70666 0.510255 0.00232068
1750 0.70666 0.511173 0.00247895
1751 0.70666 0.51251 0.00244435
1752 0.70666 0.514414 0.00245913
1753 0.70666 0.510396 0.00234497
1754 0.70666 0.518484 0.00231838
1755 0.70666 0.511561 0.00234614
1756 0.70666 0.509498 0.00244385
1757 0.70666 0.509231 0.00320761
1758 0.70666 0.504923 0.00272374
1759 0.70666 0.510532 0.00241427
1760 0.70666 0.516862 0.00238475
1761 0.70666 0.514091 0.00226355
1762 0.70666 0.51549 0.00248142
1763 0.70666 0.50937 0.00290265
1764 0.70666 0.512575 0.00257998
1765 0.70666 0.510739 0.00275364
1766 0.70666 0.510996 0.00236318
1767 0.70666 0.512289 0.00272664
1768 0.70666 0.506165 0.00273315
1769 0.70666 0.508476 0.00260546
1770 0.70666 0.513455 0.00300442
1771 0.70666 0.515869 0.00241932
1772 0.70666 0.516875 0.00248109
1773 0.70666 0.513438 0.00264086
1774 0.70666 0.510615 0.00239622
1775 0.70666 0.510103 0.00282147
1776 0.70666 0.517486 0.00254307
1777 0.70666 0.515438 0.00254212
1778 0.70666 0.513092 0.00300095
1779 0.70666 0.510936 0.00253875
1780 0.70666 0.509186 0.00266125
1781 0.70666 0.515146 0.0031673
1782 0.70666 0.509153 0.00276971
1783 0.70666 0.514875 0.00246976
1784 0.70666 0.513709 0.00257436
1785 0.70666 0.511464 0.00284907
1786 0.70666 0.509032 0.00232395
1787 0.70666 0.510309 0.00236816
1788 0.70666 0.514033 0.00254462
1789 0.70666 0.51783 0.00247212
1790 0.70666 0.509155 0.00252538
1791 0.70666 0.50777 0.00295316
1792 0.70666 0.509308 0.00256047
1793 0.70666 0.511932 0.0029219
1794 0.70666 0.512766 0.00240099
1795 0.70666 0.513129 0.00250726
1796 0.70666 0.51359 0.00271453
1797 0.70666 0.512772 0.00303778
1798 0.70666 0.515613 0.00255914
1799 0.70666 0.512428 0.00253132
1800 0.70666 0.50919 0.00236295
1801 0.70666 0.512582 0.00216001
1802 0.70666 0.511882 0.0023198
1803 0.70666 0.513761 0.0024764
1804 0.70666 0.517723 0.00328577
1805 0.70666 0.511464 0.00267002
1806 0.70666 0.511231 0.00258207
1807 0.70666 0.5145 0.00247364
1808 0.70666 0.507803 0.00282061
1809 0.70666 0.511163 0.00251363
1810 0.70666 0.507568 0.00238088
1811 0.70666 0.510937 0.00279379
1812 0.70666 0.504965 0.00256461
1813 0.70666 0.511046 0.002487
1814 0.70666 0.509809 0.00238723
1815 0.70666 0.508836 0.00232348
1816 0.70666 0.513029 0.00250739
1817 0.70666 0.51048 0.00236954
1818 0.70666 0.512735 0.00258518
1819 0.70666 0.516222 0.00212131
1820 0.70666 0.508713 0.00232484
1821 0.70666 0.510107 0.00240785
1822 0.70666 0.508814 0.00231834
1823 0.70666 0.509465 0.00255458
1824 0.70666 0.510867 0.00226365
1825 0.70666 0.512352 0.00240166
1826 0.70666 0.510961 0.00244863
1827 0.70666 0.511955 0.00237143
1828 0.70666 0.510117 0.00245103
1829 0.70666 0.511787 0.00235568
1830 0.70666 0.513667 0.00245891
1831 0.70666 0.509895 0.00290415
1832 0.70666 0.513407 0.00236029
1833 0.70666 0.510626 0.00262893
1834 0.70666 0.505497 0.00253126
1835 0.70666 0.507783 0.00254799
1836 0.70666 0.510156 0.00258923
1837 0.70666 0.514149 0.00282615
1838 0.70666 0.510216 0.00302559
1839 0.70666 0.513611 0.00305741
1840 0.70666 0.508587 0.00251813
1841 0.70666 0.513944 0.00311509
1842 0.70666 0.514706 0.00307857
1843 0.70666 0.511189 0.00273867
1844 0.70666 0.514358 0.00271742
1845 0.70666 0.514196 0.0025531
1846 0.70666 0.514122 0.00263033
1847 0.70666 0.514209 0.0024503
1848 0.70666 0.512834 0.00263617
1849 0.70666 0.51309 0.00234778
1850 0.70666 0.509156 0.00231007
1851 0.70666 0.508165 0.00271954
1852 0.70666 0.51132 0.00246886
1853 0.70666 0.506481 0.00227635
1854 0.70666 0.505418 0.00222715
1855 0.70666 0.509164 0.00215691
1856 0.70666 0.508306 0.00217118
1857 0.70666 0.50619 0.00223605
1858 0.70666 0.510626 0.00231778
1859 0.70666 0.510205 0.00235061
1860 0.70666 0.509236 0.00217145
1861 0.70666 0.509869 0.00232009
1862 0.70666 0.513668 0.00221108
1863 0.70666 0.511008 0.00241215
1864 0.70666 0.510436 0.0024435
1865 0.70666 0.511658 0.00254072
1866 0.70666 0.50972 0.00250372
1867 0.70666 0.506547 0.00233722
1868 0.70666 0.506712 0.00275211
1869 0.70666 0.50995 0.00288848
1870 0.70666 0.51055 0.00259318
1871 0.70666 0.512628 0.00283596
1872 0.70666 0.511985 0.00221634
1873 0.70666 0.512077 0.00245383
1874 0.70666 0.509573 0.00251325
1875 0.70666 0.51347 0.00233743
1876 0.70666 0.5143 0.00278434
1877 0.70666 0.511562 0.00241798
1878 0.70666 0.513263 0.00296374
1879 0.70666 0.516156 0.00281161
1880 0.70666 0.511842 0.00275081
1881 0.70666 0.513285 0.00290671
1882 0.70666 0.5095 0.00237395
1883 0.70666 0.510921 0.00262682
1884 0.70666 0.512124 0.00267109
1885 0.70666 0.506626 0.00232086
1886 0.70666 0.508284 0.00261735
1887 0.70666 0.516105 0.00274975
1888 0.70666 0.512318 0.00225521
1889 0.70666 0.510676 0.00241626
1890 0.70666 0.517218 0.00251156
1891 0.70666 0.514067 0.0028058
1892 0.70666 0.514889 0.00264562
1893 0.70666 0.511274 0.002631
1894 0.70666 0.515227 0.00287255
1895 0.70666 0.5134 0.00263921
1896 0.70666 0.514333 0.00274259
1897 0.70666 0.516435 0.00275433
1898 0.70666 0.513263 0.00290462
1899 0.70666 0.509878 0.00221764
1900 0.70666 0.506749 0.00245045
1901 0.70666 0.509272 0.00244438
1902 0.70666 0.511006 0.00263359
1903 0.70666 0.512969 0.00250842
1904 0.70666 0.511788 0.00232897
1905 0.70666 0.509168 0.00257504
1906 0.70666 0.512635 0.00299986
1907 0.70666 0.506827 0.00229181
1908 0.70666 0.507444 0.00212334
1909 0.70666 0.509878 0.00239869
1910 0.70666 0.509583 0.0026616
1911 0.70666 0.513931 0.00263312
1912 0.70666 0.510616 0.00245609
1913 0.70666 0.516568 0.00250449
1914 0.70666 0.516926 0.00253126
1915 0.70666 0.518158 0.00235755
1916 0.70666 0.515906 0.00219933
1917 0.70666 0.506881 0.00225429
1918 0.70666 0.51388 0.00228323
1919 0.70666 0.512387 0.00243443
1920 0.70666 0.513809 0.00231843
1921 0.70666 0.510905 0.00238411
1922 0.70666 0.512894 0.00253417
1923 0.70666 0.518227 0.00260131
1924 0.70666 0.518335 0.00238503
1925 0.70666 0.51397 0.00240997
1926 0.70666 0.512255 0.00254019
1927 0.70666 0.513763 0.00265355
1928 0.70666 0.511505 0.00275257
1929 0.70666 0.506678 0.00270526
1930 0.70666 0.51233 0.00262128
1931 0.70666 0.510813 0.00297025
1932 0.70666 0.508817 0.00287095
1933 0.70666 0.51165 0.00262322
1934 0.70666 0.513007 0.00265286
1935 0.70666 0.50908 0.00264651
1936 0.70666 0.506834 0.0026746
1937 0.70666 0.513588 0.00240081
1938 0.70666 0.514472 0.00345226
1939 0.70666 0.511936 0.00296795
1940 0.70666 0.509214 0.0024529
1941 0.70666 0.505216 0.00248445
1942 0.70666 0.511463 0.00294284
1943 0.70666 0.507632 0.00259587
1944 0.70666 0.50946 0.0026608
1945 0.70666 0.513177 0.00250132
1946 0.70666 0.510316 0.00271417
1947 0.70666 0.506686 0.00251269
1948 0.70666 0.508597 0.00266406
1949 0.70666 0.50862 0.0027517
1950 0.70666 0.508448 0.00244617
1951 0.70666 0.506715 0.00234718
1952 0.70666 0.509243 0.00232712
1953 0.70666 0.516402 0.00262579
1954 0.70666 0.517584 0.00227685
1955 0.70666 0.518356 0.00233119
1956 0.70666 0.513967 0.00251259
1957 0.70666 0.508749 0.0025097
1958 0.70666 0.515143 0.00264792
1959 0.70666 0.511999 0.00284527
1960 0.70666 0.510009 0.00247884
1961 0.70666 0.51157 0.00260562
1962 0.70666 0.50883 0.00280578
1963 0.70666 0.512788 0.00321372
1964 0.70666 0.510544 0.0026678
1965 0.70666 0.513253 0.00256318
1966 0.70666 0.512142 0.00283502
1967 0.70666 0.515433 0.00247135
1968 0.70666 0.509643 0.00235643
1969 0.70666 0.514058 0.00275039
1970 0.70666 0.516836 0.00272423
1971 0.70666 0.514794 0.00233156
1972 0.70666 0.511127 0.00262619
1973 0.70666 0.516817 0.00279023
1974 0.70666 0.513125 0.00289025
1975 0.70666 0.518004 0.00282127
1976 0.70666 0.511942 0.00267207
1977 0.70666 0.511743 0.00274814
1978 0.70666 0.513922 0.00281378
1979 0.70666 0.513959 0.00258047
1980 0.70666 0.50733 0.00245113
1981 0.70666 0.512124 0.00250246
1982 0.70666 0.511577 0.00285386
1983 0.70666 0.514149 0.00266764
1984 0.70666 0.51207 0.00257798
1985 0.70666 0.514958 0.00251853
1986 0.70666 0.512556 0.00243429
1987 0.70666 0.510343 0.00249303
1988 0.70666 0.509008 0.00250724
1989 0.70666 0.508771 0.00271623
1990 0.70666 0.510968 0.0026574
1991 0.70666 0.512142 0.0023282
1992 0.70666 0.512304 0.00214732
1993 0.70666 0.512337 0.00227267
1994 0.70666 0.511069 0.00274238
1995 0.70666 0.51373 0.00240417
1996 0.70666 0.515091 0.00242451
1997 0.70666 0.511615 0.00247693
1998 0.70666 0.51031 0.00228145
1999 0.70666 0.510098 0.00220777
2000 0.70666 0.51138 0.00251491
2001 0.70666 0.514033 0.00271304
2002 0.70666 0.510459 0.00227011
2003 0.70666 0.510874 0.00247187
2004 0.70666 0.504724 0.00233004
2005 0.70666 0.513635 0.0027436
2006 0.70666 0.514186 0.00293878
2007 0.70666 0.511533 0.00308561
2008 0.70666 0.509395 0.00291509
2009 0.70666 0.511626 0.00259081
2010 0.70666 0.509686 0.00241737
2011 0.70666 0.507249 0.00279617
2012 0.70666 0.509659 0.00257672
2013 0.70666 0.509528 0.00248835
2014 0.70666 0.512236 0.0026496
2015 0.70666 0.507542 0.00242807
2016 0.70666 0.506568 0.00238285
2017 0.70666 0.507928 0.00224105
2018 0.70666 0.509851 0.00288312
2019 0.70666 0.510032 0.00265155
2020 0.70666 0.513404 0.00262662
2021 0.70666 0.514726 0.002669
2022 0.70666 0.511939 0.00289889
2023 0.70666 0.512267 0.00242122
2024 0.70666 0.512399 0.00255338
2025 0.70666 0.508601 0.00275044
2026 0.70666 0.511013 0.00284187
2027 0.70666 0.50886 0.00225166
2028 0.70666 0.506921 0.00238463
2029 0.70666 0.510516 0.00256738
2030 0.70666 0.509421 0.00290197
2031 0.70666 0.5085 0.00240231
2032 0.70666 0.51215 0.00239125
2033 0.70666 0.513927 0.00246166
2034 0.70666 0.510433 0.00233167
2035 0.70666 0.508304 0.00257353
2036 0.70666 0.513831 0.00252919
2037 0.70666 0.510521 0.00274078
2038 0.70666 0.512911 0.00220724
2039 0.70666 0.508028 0.00254592
2040 0.70666 0.510925 0.00249052
2041 0.70666 0.512837 0.00243938
2042 0.70666 0.51121 0.00239139
2043 0.70666 0.508757 0.00215058
2044 0.70666 0.51329 0.00255615
2045 0.70666 0.508255 0.00246914
2046 0.70666 0.510866 0.0022532
2047 0.70666 0.510893 0.00278491
2048 0.70666 0.512623 0.00258235
2049 0.70666 0.510231 0.00245029
2050 0.70666 0.512881 0.00241154
2051 0.70666 0.51004 0.00230897
2052 0.70666 0.510263 0.00226649
2053 0.70666 0.511616 0.00228912
2054 0.70666 0.51297 0.00221589
2055 0.70666 0.509798 0.00218796
2056 0.70666 0.507889 0.00229168
2057 0.70666 0.506615 0.00221453
2058 0.70666 0.508198 0.00206138
2059 0.70666 0.512533 0.00203368
2060 0.70666 0.510615 0.00233305
2061 0.70666 0.511263 0.00225158
2062 0.70666 0.51216 0.00269854
2063 0.70666 0.507955 0.00230086
2064 0.70666 0.511414 0.00257857
2065 0.70666 0.514136 0.00232678
2066 0.70666 0.512676 0.00242426
2067 0.70666 0.511797 0.00242845
2068 0.70666 0.508898 0.00244374
2069 0.70666 0.511415 0.00289406
2070 0.70666 0.51396 0.00224136
2071 0.70666 0.513499 0.00242854
2072 0.70666 0.51595 0.00266014
2073 0.70666 0.512482 0.0024084
2074 0.70666 0.513535 0.0022983
2075 0.70666 0.515435 0.00243805
2076 0.70666 0.509717 0.00261734
2077 0.70666 0.506712 0.00227639
2078 0.70666 0.512304 0.00218272
2079 0.70666 0.517292 0.00242478
2080 0.70666 0.509903 0.00278555
2081 0.70666 0.515253 0.00251103
2082 0.70666 0.514327 0.00260454
2083 0.70666 0.5064 0.00227624
2084 0.70666 0.509911 0.00233062
2085 0.70666 0.513813 0.00258684
2086 0.70666 0.514611 0.00260179
2087 0.70666 0.510985 0.00254202
2088 0.70666 0.509218 0.00243057
2089 0.70666 0.50894 0.00272057
2090 0.70666 0.506999 0.0026363
2091 0.70666 0.509601 0.00264365
2092 0.70666 0.507751 0.00255186
2093 0.70666 0.510951 0.00222597
2094 0.70666 0.510744 0.00243115
2095 0.70666 0.513357 0.00223435
2096 0.70666 0.511071 0.00241316
2097 0.70666 0.511909 0.00220274
2098 0.70666 0.51144 0.00250467
2099 0.70666 0.513041 0.00258178
2100 0.70666 0.511187 0.00241605
2101 0.70666 0.51032 0.00223837
2102 0.70666 0.512218 0.00285074
2103 0.70666 0.51578 0.00233672
2104 0.70666 0.517106 0.00259244
2105 0.70666 0.515327 0.00242119
2106 0.70666 0.508993 0.00241374
2107 0.70666 0.513074 0.00247883
2108 0.70666 0.511351 0.00263579
2109 0.70666 0.515426 0.00267045
2110 0.70666 0.515843 0.00255846
2111 0.70666 0.511943 0.00261488
2112 0.70666 0.51287 0.00231177
2113 0.70666 0.510333 0.00263551
2114 0.70666 0.506256 0.00257377
2115 0.70666 0.512297 0.00294496
2116 0.70666 0.513671 0.00294436
2117 0.70666 0.511719 0.00243632
2118 0.70666 0.517569 0.00279442
2119 0.70666 0.516301 0.0021758
2120 0.70666 0.516604 0.00236687
2121 0.70666 0.514715 0.00222269
2122 0.70666 0.511704 0.00228908
2123 0.70666 0.509975 0.00270903
2124 0.70666 0.516663 0.00276876
2125 0.70666 0.512416 0.00250297
2126 0.70666 0.506841 0.00271016
2127 0.70666 0.51482 0.00252073
2128 0.70666 0.513005 0.00277671
2129 0.70666 0.512639 0.00243061
2130 0.70666 0.513111 0.00237503
2131 0.70666 0.516437 0.00278293
2132 0.70666 0.504104 0.00278315
2133 0.70666 0.510941 0.00253904
2134 0.70666 0.508221 0.00281178
2135 0.70666 0.511645 0.00271757
2136 0.70666 0.50531 0.00243738
2137 0.70666 0.506661 0.00220742
2138 0.70666 0.508794 0.0024908
2139 0.70666 0.50879 0.00242484
2140 0.70666 0.5164 0.0023809
2141 0.70666 0.51395 0.00230535
2142 0.70666 0.513995 0.00258012
2143 0.70666 0.507441 0.00262281
2144 0.70666 0.516629 0.00251859
2145 0.70666 0.510714 0.00228954
2146 0.70666 0.509785 0.00231278
2147 0.70666 0.513423 0.00234091
2148 0.70666 0.51145 0.00237684
2149 0.70666 0.510791 0.00272362
2150 0.70666 0.512467 0.00254577
2151 0.70666 0.510931 0.00241916
2152 0.70666 0.51499 0.00261029
2153 0.70666 0.517851 0.00224624
2154 0.70666 0.51358 0.00232696
2155 0.70666 0.511886 0.00253939
2156 0.70666 0.517089 0.00242577
2157 0.70666 0.510766 0.00231971
2158 0.70666 0.50691 0.00254065
2159 0.70666 0.51022 0.00231222
2160 0.70666 0.509355 0.0027459
2161 0.70666 0.509194 0.00264706
2162 0.70666 0.509274 0.00259564
2163 0.70666 0.514175 0.00256676
2164 0.70666 0.515525 0.0028767
2165 0.70666 0.511672 0.00255691
2166 0.70666 0.502837 0.00220899
2167 0.70666 0.50848 0.00234751
2168 0.70666 0.508723 0.00227794
2169 0.70666 0.508796 0.00238364
2170 0.70666 0.508942 0.0023449
2171 0.70666 0.513397 0.00245336
2172 0.70666 0.513431 0.00243004
2173 0.70666 0.512146 0.00265532
2174 0.70666 0.513598 0.00246331
2175 0.70666 0.515838 0.00236767
2176 0.70666 0.514276 0.00249445
2177 0.70666 0.510197 0.00238493
2178 0.70666 0.512185 0.00259644
2179 0.70666 0.513963 0.00227632
2180 0.70666 0.511868 0.00251854
2181 0.70666 0.514315 0.00241872
2182 0.70666 0.510161 0.0022895
2183 0.70666 0.507206 0.00283657
2184 0.70666 0.508207 0.00220353
2185 0.70666 0.509268 0.0025702
2186 0.70666 0.509784 0.00258454
2187 0.70666 0.509348 0.0024274
2188 0.70666 0.511515 0.00231079
2189 0.70666 0.512308 0.0026926
2190 0.70666 0.508679 0.00250455
2191 0.70666 0.506715 0.0027605
2192 0.70666 0.509486 0.00242061
2193 0.70666 0.511253 0.00228036
2194 0.70666 0.516027 0.002727
2195 0.70666 0.512991 0.00239984
2196 0.70666 0.510374 0.00242935
2197 0.70666 0.512257 0.00252218
2198 0.70666 0.510358 0.00242363
2199 0.70666 0.51332 0.00227053
2200 0.70666 0.511272 0.00250894
2201 0.70666 0.508498 0.00272038
2202 0.711828 0.512888 0.00277831
2203 0.711828 0.507772 0.00258314
2204 0.711828 0.512227 0.0023926
2205 0.711828 0.51641 0.00248771
2206 0.711828 0.510908 0.00255717
2207 0.711828 0.508916 0.00253505
2208 0.711828 0.512505 0.00251691
2209 0.711828 0.511454 0.00259173
2210 0.711828 0.512233 0.00244018
2211 0.711828 0.50856 0.00254502
2212 0.711828 0.511172 0.0024861
2213 0.711828 0.512558 0.00246311
2214 0.711828 0.516183 0.00256584
2215 0.711828 0.520246 0.0030026
2216 0.711828 0.513736 0.00243382
2217 0.711828 0.510155 0.00257366
2218 0.711828 0.514076 0.00240723
2219 0.711828 0.511855 0.00257196
2220 0.711828 0.511451 0.00229178
2221 0.711828 0.514623 0.00254963
2222 0.711828 0.509547 0.0025189
2223 0.711828 0.512105 0.002518
2224 0.711828 0.512863 0.00250924
2225 0.711828 0.510778 0.00239958
2226 0.711828 0.510966 0.00268917
2227 0.711828 0.509692 0.00234941
2228 0.711828 0.505541 0.002467
2229 0.711828 0.509619 0.00217717
2230 0.711828 0.515044 0.00255062
2231 0.711828 0.510426 0.00236692
2232 0.711828 0.511295 0.00255905
2233 0.711828 0.511732 0.00252062
2234 0.711828 0.513419 0.00275874
2235 0.711828 0.515677 0.00292816
2236 0.711828 0.518016 0.00265195
2237 0.711828 0.511302 0.00279843
2238 0.711828 0.51126 0.00252237
2239 0.711828 0.511344 0.002678
2240 0.711828 0.512586 0.00289827
2241 0.711828 0.511864 0.00289506
2242 0.711828 0.507733 0.00260129
2243 0.711828 0.505927 0.00279175
2244 0.711828 0.512032 0.00249897
2245 0.711828 0.50727 0.0023306
2246 0.711828 0.513665 0.00257835
2247 0.711828 0.511669 0.00272156
2248 0.711828 0.512569 0.00258148
2249 0.711828 0.51761 0.00284167
2250 0.711828 0.510748 0.00218808
2251 0.711828 0.512861 0.00230067
2252 0.711828 0.510778 0.00241355
2253 0.711828 0.505621 0.00288752
2254 0.711828 0.507757 0.00274998
2255 0.711828 0.507646 0.00280963
2256 0.711828 0.510533 0.00276961
2257 0.711828 0.511673 0.00220032
2258 0.711828 0.51165 0.00259001
2259 0.711828 0.514486 0.00256656
2260 0.711828 0.514522 0.00283686
2261 0.711828 0.511987 0.0027415
2262 0.711828 0.513086 0.00260537
2263 0.711828 0.507119 0.00263622
2264 0.711828 0.507346 0.00266257
2265 0.711828 0.508077 0.00270929
2266 0.711828 0.510464 0.00291353
2267 0.711828 0.509407 0.00253366
2268 0.711828 0.509132 0.00253987
2269 0.711828 0.514149 0.00280242
2270 0.711828 0.515962 0.00231953
2271 0.711828 0.511588 0.0022799
2272 0.711828 0.51657 0.00236601
2273 0.711828 0.513098 0.00239911
2274 0.711828 0.510414 0.00242106
2275 0.711828 0.507791 0.00250279
2276 0.711828 0.506159 0.00257494
2277 0.711828 0.506823 0.00240638
2278 0.711828 0.508949 0.00243212
2279 0.711828 0.513098 0.00233863
2280 0.711828 0.512571 0.00255227
2281 0.711828 0.512723 0.00258143
2282 0.711828 0.512934 0.00303254
2283 0.711828 0.510681 0.00317441
2284 0.711828 0.512438 0.00281943
2285 0.711828 0.508116 0.00288498
2286 0.711828 0.509391 0.00275798
2287 0.711828 0.509708 0.00254821
2288 0.711828 0.513316 0.00265506
2289 0.711828 0.516042 0.0027581
2290 0.711828 0.510905 0.00264127
2291 0.711828 0.512472 0.00247064
2292 0.711828 0.517116 0.00252147
2293 0.711828 0.515396 0.00239459
2294 0.711828 0.512348 0.00267766
2295 0.711828 0.514825 0.00233858
2296 0.711828 0.509688 0.00251144
2297 0.711828 0.515704 0.00243049
2298 0.711828 0.513279 0.00274428
2299 0.711828 0.515465 0.00258599
2300 0.711828 0.509388 0.00249561
2301 0.711828 0.510267 0.0030026
2302 0.711828 0.512479 0.00242583
2303 0.711828 0.50674 0.00251961
2304 0.711828 0.512206 0.00265953
2305 0.711828 0.513237 0.00261348
2306 0.711828 0.514687 0.00262529
2307 0.711828 0.514551 0.0025353
2308 0.711828 0.507107 0.0024062
2309 0.711828 0.51639 0.00244936
2310 0.711828 0.511807 0.0024445
2311 0.711828 0.510992 0.00228559
2312 0.711828 0.508661 0.00218639
2313 0.711828 0.508027 0.00264235
2314 0.711828 0.512539 0.00277973
2315 0.711828 0.507899 0.00248164
2316 0.711828 0.505667 0.00242628
2317 0.711828 0.51174 0.00245145
2318 0.711828 0.512104 0.00230005
2319 0.711828 0.51288 0.00232846
2320 0.711828 0.508355 0.00248241
2321 0.711828 0.507545 0.0024231
2322 0.711828 0.507679 0.00247964
2323 0.711828 0.509933 0.00286575
2324 0.711828 0.51294 0.00235942
2325 0.711828 0.509809 0.00261519
2326 0.711828 0.513707 0.00262244
2327 0.711828 0.511627 0.00243242
2328 0.711828 0.512936 0.0024209
2329 0.711828 0.511641 0.00254583
2330 0.711828 0.514107 0.00228598
2331 0.711828 0.509388 0.00220318
2332 0.711828 0.511096 0.0026819
2333 0.711828 0.512019 0.00257803
2334 0.711828 0.51259 0.00215203
2335 0.711828 0.514112 0.00260165
2336 0.711828 0.505025 0.00233997
2337 0.711828 0.507993 0.0025487
2338 0.711828 0.50888 0.00217099
2339 0.711828 0.507523 0.00251102
2340 0.711828 0.507898 0.00227854
2341 0.711828 0.515992 0.00248526
2342 0.711828 0.506043 0.00233342
2343 0.711828 0.508614 0.00247389
2344 0.711828 0.511555 0.00254358
2345 0.711828 0.509507 0.00277542
2346 0.711828 0.510421 0.00253962
2347 0.711828 0.507642 0.00273951
2348 0.711828 0.509998 0.00212316
2349 0.711828 0.510281 0.0024376
2350 0.711828 0.514532 0.00208059
2351 0.711828 0.511568 0.00248462
2352 0.711828 0.512106 0.00246573
2353 0.711828 0.508086 0.00212679
2354 0.711828 0.513224 0.00220313
2355 0.711828 0.511914 0.00261669
2356 0.711828 0.512041 0.00257767
2357 0.711828 0.512197 0.00224733
2358 0.711828 0.508813 0.00225872
2359 0.711828 0.508983 0.00231315
2360 0.711828 0.513567 0.0024233
2361 0.711828 0.509616 0.00236873
2362 0.711828 0.508848 0.00236968
2363 0.711828 0.514054 0.00277135
2364 0.711828 0.513146 0.00261603
2365 0.711828 0.515135 0.00221759
2366 0.711828 0.514719 0.00270951
2367 0.711828 0.514853 0.00266828
2368 0.711828 0.513678 0.00247281
2369 0.711828 0.513541 0.00272933
2370 0.711828 0.515714 0.00282857
2371 0.711828 0.510776 0.0025896
2372 0.711828 0.520263 0.002698
2373 0.711828 0.512992 0.00265002
2374 0.711828 0.511139 0.00259999
2375 0.711828 0.513864 0.00257433
2376 0.711828 0.510264 0.00231405
2377 0.711828 0.516481 0.00280676
2378 0.711828 0.517042 0.00287116
2379 0.711828 0.512645 0.00300935
2380 0.711828 0.518536 0.00282798
2381 0.711828 0.519615 0.00277563
2382 0.711828 0.503603 0.00259213
2383 0.711828 0.507365 0.0029061
2384 0.711828 0.51365 0.0026107
2385 0.711828 0.509462 0.00281143
2386 0.711828 0.506837 0.00227868
2387 0.711828 0.505518 0.00217065
2388 0.711828 0.513376 0.00240827
2389 0.711828 0.513449 0.00234697
2390 0.711828 0.51211 0.002416
2391 0.711828 0.509697 0.00223177
2392 0.711828 0.511812 0.00226923
2393 0.711828 0.512763 0.00227405
2394 0.711828 0.50911 0.00227046
2395 0.711828 0.504149 0.00232412
2396 0.711828 0.512185 0.00257185
2397 0.711828 0.515049 0.00273545
2398 0.711828 0.513509 0.00256417
2399 0.711828 0.505429 0.00274659
2400 0.711828 0.507764 0.00234462
2401 0.711828 0.510834 0.00225691
2402 0.711828 0.507849 0.00253
2403 0.711828 0.508293 0.00273762
2404 0.711828 0.508544 0.00260539
2405 0.711828 0.511004 0.0024082
2406 0.711828 0.508196 0.00271087
2407 0.711828 0.516526 0.00258075
2408 0.711828 0.518074 0.00256583
2409 0.711828 0.515632 0.0027728
2410 0.711828 0.510732 0.00288209
2411 0.711828 0.514769 0.00245503
2412 0.711828 0.50695 0.00265693
2413 0.711828 0.508837 0.00277254
2414 0.711828 0.512861 0.00303
2415 0.711828 0.515528 0.0031483
2416 0.711828 0.516261 0.00266159
2417 0.711828 0.514077 0.00261127
2418 0.711828 0.513016 0.00271717
2419 0.711828 0.518489 0.00276414
2420 0.711828 0.516421 0.00242675
2421 0.711828 0.513156 0.00271844
2422 0.711828 0.50966 0.00276654
2423 0.711828 0.512342 0.00237167
2424 0.711828 0.511312 0.00282077
2425 0.711828 0.511596 0.00282337
2426 0.711828 0.519033 0.0028214
2427 0.711828 0.518393 0.00268288
2428 0.711828 0.516892 0.00277237
2429 0.711828 0.512513 0.00252198
2430 0.711828 0.512864 0.0026483
2431 0.711828 0.521468 0.00278521
2432 0.711828 0.511782 0.00238825
2433 0.711828 0.513733 0.00232214
2434 0.711828 0.511721 0.00258844
2435 0.711828 0.515236 0.00253803
2436 0.711828 0.516992 0.0026632
2437 0.711828 0.514915 0.00251308
2438 0.711828 0.509418 0.00275126
2439 0.711828 0.515529 0.00229426
2440 0.711828 0.514846 0.00238788
2441 0.711828 0.508599 0.00239934
2442 0.711828 0.511003 0.00261162
2443 0.711828 0.515024 0.002168
2444 0.711828 0.507523 0.00230464
2445 0.711828 0.514104 0.00228127
2446 0.711828 0.508978 0.00247705
2447 0.711828 0.509091 0.00251007
2448 0.711828 0.516097 0.00279181
2449 0.711828 0.51195 0.00234556
2450 0.711828 0.512778 0.0024355
2451 0.711828 0.515188 0.00250662
2452 0.711828 0.510406 0.00267352
2453 0.711828 0.509397 0.00239138
2454 0.711828 0.510322 0.00255855
2455 0.711828 0.513234 0.00242943
2456 0.711828 0.513971 0.00236858
2457 0.711828 0.508274 0.00250491
2458 0.711828 0.510571 0.00258781
2459 0.711828 0.514005 0.00263421
2460 0.711828 0.509017 0.00235342
2461 0.711828 0.512828 0.0026711
2462 0.711828 0.513701 0.00216272
2463 0.711828 0.516728 0.00229074
2464 0.711828 0.510812 0.00249037
2465 0.711828 0.51249 0.00240408
2466 0.711828 0.516267 0.00249526
2467 0.711828 0.511182 0.0021492
2468 0.711828 0.509766 0.00224691
2469 0.711828 0.512418 0.00238865
2470 0.711828 0.510304 0.00275194
2471 0.711828 0.51299 0.00241763
2472 0.711828 0.506359 0.0023075
2473 0.711828 0.509813 0.0022472
2474 0.711828 0.506981 0.00234538
2475 0.711828 0.508213 0.00263551
2476 0.711828 0.51185 0.00228058
2477 0.711828 0.512723 0.00217863
2478 0.711828 0.511445 0.00238727
2479 0.711828 0.512955 0.00249855
2480 0.711828 0.50797 0.00218927
2481 0.711828 0.507069 0.00253546
2482 0.711828 0.502917 0.00220899
2483 0.711828 0.505795 0.00260204
2484 0.711828 0.512657 0.00201516
2485 0.711828 0.508597 0.00228986
2486 0.711828 0.513638 0.0025027
2487 0.711828 0.507308 0.002152
2488 0.711828 0.509245 0.00262038
2489 0.711828 0.506015 0.00259455
2490 0.711828 0.513353 0.00273897
2491 0.711828 0.513645 0.00246115
2492 0.711828 0.510884 0.00219368
2493 0.711828 0.509786 0.00212553
2494 0.711828 0.513553 0.00285527
2495 0.711828 0.512234 0.00243688
2496 0.711828 0.51068 0.00214686
2497 0.711828 0.506982 0.0023491
2498 0.711828 0.51049 0.00224923
2499 0.711828 0.511864 0.00251306
2500 0.711828 0.51035 0.00251065
2501 0.711828 0.509248 0.00277677
2502 0.711828 0.50671 0.00231485
2503 0.711828 0.508176 0.00238514
2504 0.711828 0.506779 0.00259085
2505 0.711828 0.510877 0.0025756
2506 0.711828 0.509284 0.0027954
2507 0.711828 0.506943 0.00279658
2508 0.711828 0.507503 0.00273023
2509 0.711828 0.509493 0.00264956
2510 0.711828 0.507538 0.00237524
2511 0.711828 0.511485 0.00239287
2512 0.711828 0.512443 0.00237974
2513 0.711828 0.512791 0.00232252
2514 0.711828 0.512938 0.00216038
2515 0.711828 0.512046 0.00273431
2516 0.711828 0.515114 0.00244663
2517 0.711828 0.516286 0.00310256
2518 0.711828 0.515499 0.00300039
2519 0.711828 0.516746 0.0024379
2520 0.711828 0.514803 0.00287452
2521 0.711828 0.511201 0.00249226
2522 0.711828 0.514009 0.00266328
2523 0.711828 0.515412 0.00279054
2524 0.711828 0.50839 0.00226223
2525 0.711828 0.51668 0.00238712
2526 0.711828 0.512575 0.00220457
2527 0.711828 0.51209 0.00271112
2528 0.711828 0.510733 0.00250214
2529 0.711828 0.510534 0.00239171
2530 0.711828 0.510633 0.00227002
2531 0.711828 0.515065 0.00232332
2532 0.711828 0.512599 0.00253555
2533 0.711828 0.516922 0.00284667
2534 0.711828 0.50969 0.00238413
2535 0.711828 0.513955 0.00257176
2536 0.711828 0.514666 0.0023168
2537 0.711828 0.512201 0.00228536
2538 0.711828 0.515104 0.00222186
2539 0.711828 0.51094 0.00233386
2540 0.711828 0.515151 0.00244642
2541 0.711828 0.508638 0.0024072
2542 0.711828 0.51428 0.00248172
2543 0.711828 0.512954 0.00261795
2544 0.711828 0.516776 0.00259155
2545 0.711828 0.512699 0.0026051
2546 0.711828 0.515897 0.00270969
2547 0.711828 0.511454 0.00290384
2548 0.711828 0.511914 0.0024026
2549 0.711828 0.510169 0.00275215
2550 0.711828 0.514106 0.00256011
2551 0.711828 0.515232 0.00322419
2552 0.711828 0.509119 0.00296708
2553 0.711828 0.51151 0.0030793
2554 0.711828 0.51136 0.00299064
2555 0.711828 0.516984 0.00254321
2556 0.711828 0.504807 0.00281513
2557 0.711828 0.509563 0.00259919
2558 0.711828 0.511681 0.00258138
2559 0.711828 0.507742 0.00259732
2560 0.711828 0.510793 0.00272108
2561 0.711828 0.518123 0.00298726
2562 0.711828 0.513299 0.00267241
2563 0.711828 0.516444 0.00282542
2564 0.711828 0.513773 0.00231521
2565 0.711828 0.517437 0.00238543
2566 0.711828 0.513236 0.00238247
2567 0.711828 0.513458 0.00217134
2568 0.711828 0.513836 0.00261748
2569 0.711828 0.506262 0.0023849
2570 0.711828 0.51397 0.00226196
2571 0.711828 0.510496 0.00267922
2572 0.711828 0.509789 0.00237609
2573 0.711828 0.512829 0.00257073
2574 0.711828 0.515287 0.0026256
2575 0.711828 0.515859 0.00262299
2576 0.711828 0.510175 0.00220328
2577 0.711828 0.509047 0.00246458
2578 0.711828 0.511688 0.00280203
2579 0.711828 0.509443 0.00304279
2580 0.711828 0.506936 0.00228213
2581 0.711828 0.508107 0.00234692
2582 0.711828 0.510154 0.00235099
2583 0.711828 0.512395 0.00252459
2584 0.711828 0.512493 0.00258632
2585 0.711828 0.50814 0.00233532
2586 0.711828 0.514055 0.00252714
2587 0.711828 0.517732 0.00240138
2588 0.711828 0.512644 0.00254302
2589 0.711828 0.509414 0.0025556
2590 0.711828 0.511641 0.00265438
2591 0.711828 0.507593 0.00231266
2592 0.711828 0.505993 0.00248691
2593 0.711828 0.509722 0.0023561
2594 0.711828 0.509702 0.00253921
2595 0.711828 0.511786 0.00265272
2596 0.711828 0.514952 0.00254103
2597 0.711828 0.51761 0.00267659
2598 0.711828 0.509803 0.00251581
2599 0.711828 0.510115 0.00236527
2600 0.711828 0.510105 0.00228018
2601 0.711828 0.508494 0.00263229
2602 0.711828 0.509919 0.00244398
2603 0.711828 0.510394 0.00226295
2604 0.711828 0.511238 0.00270751
2605 0.711828 0.509878 0.00235091
2606 0.711828 0.50729 0.002577
2607 0.711828 0.506951 0.00243166
2608 0.711828 0.509655 0.00267505
2609 0.711828 0.512583 0.00258934
2610 0.711828 0.51386 0.00259144
2611 0.711828 0.510519 0.0022526
2612 0.711828 0.515875 0.00256192
2613 0.711828 0.511313 0.00279297
2614 0.711828 0.510671 0.00260436
2615 0.711828 0.5156 0.00266012
2616 0.711828 0.513 0.0025491
2617 0.711828 0.510391 0.00267159
2618 0.711828 0.510436 0.00265962
2619 0.711828 0.512739 0.0026825
2620 0.711828 0.516505 0.00275297
2621 0.711828 0.515461 0.00305443
2622 0.711828 0.51065 0.002548
2623 0.711828 0.514885 0.00281378
2624 0.711828 0.512853 0.00247216
2625 0.711828 0.512949 0.00246359
2626 0.711828 0.513124 0.00253675
2627 0.711828 0.513249 0.00259773
2628 0.711828 0.51555 0.00244338
2629 0.711828 0.511284 0.00257874
2630 0.711828 0.513769 0.00234328
2631 0.711828 0.507482 0.00228546
2632 0.711828 0.510317 0.00294048
2633 0.711828 0.508592 0.00235093
2634 0.711828 0.509533 0.0025958
2635 0.711828 0.51174 0.00269577
2636 0.711828 0.510365 0.00293994
2637 0.711828 0.510635 0.00257509
2638 0.711828 0.509376 0.00258182
2639 0.711828 0.508537 0.00277019
2640 0.711828 0.515922 0.00241625
2641 0.711828 0.51232 0.00258148
2642 0.711828 0.510238 0.00249418
2643 0.711828 0.511933 0.00278386
2644 0.711828 0.508054 0.00235502
2645 0.711828 0.513254 0.00260844
2646 0.711828 0.512076 0.00274639
2647 0.711828 0.512158 0.00273707
2648 0.711828 0.514921 0.00254374
2649 0.711828 0.516536 0.00234691
2650 0.711828 0.516733 0.00236974
2651 0.711828 0.508423 0.00231093
2652 0.711828 0.508925 0.00269341
2653 0.711828 0.512704 0.00238335
2654 0.711828 0.508738 0.00266038
2655 0.711828 0.507455 0.00241291
2656 0.711828 0.511527 0.00254716
2657 0.711828 0.515405 0.00241122
2658 0.711828 0.513071 0.00269914
2659 0.711828 0.513019 0.00231902
2660 0.711828 0.512226 0.00270593
2661 0.711828 0.517156 0.00291448
2662 0.711828 0.516563 0.00277751
2663 0.711828 0.509601 0.00224776
2664 0.711828 0.510376 0.00287626
2665 0.711828 0.518748 0.00274014
2666 0.711828 0.509955 0.00270754
2667 0.711828 0.513668 0.00235766
2668 0.711828 0.514846 0.00233765
2669 0.711828 0.511104 0.00258133
2670 0.711828 0.515064 0.00269366
2671 0.711828 0.516402 0.00267791
2672 0.711828 0.512439 0.00256621
2673 0.711828 0.514834 0.00237876
2674 0.711828 0.507818 0.00266232
2675 0.711828 0.513105 0.00279501
2676 0.711828 0.511674 0.00257802
2677 0.711828 0.514955 0.00245454
2678 0.711828 0.506711 0.00277512
2679 0.711828 0.511072 0.00278337
2680 0.711828 0.511545 0.00288689
2681 0.711828 0.51349 0.00265673
2682 0.711828 0.516015 0.00239969
2683 0.711828 0.513754 0.00233417
2684 0.711828 0.512527 0.00264817
2685 0.711828 0.513131 0.00250242
2686 0.711828 0.51157 0.00294252
2687 0.711828 0.511391 0.00283556
2688 0.711828 0.509299 0.00256608
2689 0.711828 0.510609 0.00317196
2690 0.711828 0.514696 0.00321411
2691 0.711828 0.511749 0.00272855
2692 0.711828 0.509614 0.002779
2693 0.711828 0.510172 0.00278435
2694 0.711828 0.510848 0.00255526
2695 0.711828 0.512167 0.00277272
2696 0.711828 0.506094 0.00275044
2697 0.711828 0.512243 0.00263319
2698 0.711828 0.516168 0.00261646
2699 0.711828 0.516431 0.00277377
2700 0.711828 0.51943 0.002771
2701 0.711828 0.516761 0.00295994
2702 0.711828 0.51869 0.00259933
2703 0.711828 0.512172 0.00263459
2704 0.711828 0.516538 0.00272617
2705 0.711828 0.517543 0.00251076
2706 0.711828 0.515107 0.00254201
2707 0.711828 0.517473 0.00244004
2708 0.711828 0.509606 0.00266302
2709 0.711828 0.510528 0.0024179
2710 0.711828 0.512321 0.00237852
2711 0.711828 0.512354 0.00240983
2712 0.711828 0.518128 0.0027054
2713 0.711828 0.511268 0.00266383
2714 0.711828 0.508547 0.00251209
2715 0.711828 0.511558 0.00285076
2716 0.711828 0.514026 0.0028086
2717 0.711828 0.511257 0.00279158
2718 0.711828 0.510141 0.00297142
2719 0.711828 0.51499 0.00247837
2720 0.711828 0.509566 0.00275604
2721 0.711828 0.516511 0.00253838
2722 0.711828 0.515277 0.00242529
2723 0.711828 0.51932 0.00267425
2724 0.711828 0.515002 0.00247143
2725 0.711828 0.510783 0.00259706
2726 0.711828 0.505752 0.00275892
2727 0.711828 0.514587 0.00256167
2728 0.711828 0.511943 0.00258267
2729 0.711828 0.510986 0.00214401
2730 0.711828 0.511954 0.00257822
2731 0.711828 0.509767 0.00305706
2732 0.711828 0.512327 0.00264772
2733 0.711828 0.512592 0.00275644
2734 0.711828 0.512792 0.00245486
2735 0.711828 0.514929 0.00295554
2736 0.711828 0.512151 0.00260554
2737 0.711828 0.51032 0.00225323
2738 0.711828 0.509181 0.00267607
2739 0.711828 0.508249 0.00243886
2740 0.711828 0.510676 0.00279151
2741 0.711828 0.510142 0.00235471
2742 0.711828 0.515055 0.00285128
2743 0.711828 0.514103 0.0024986
2744 0.711828 0.514798 0.00240555
2745 0.711828 0.511131 0.0025173
2746 0.711828 0.511381 0.00249361
2747 0.711828 0.514 0.00241357
2748 0.711828 0.511055 0.00232703
2749 0.711828 0.514029 0.00299923
2750 0.711828 0.505557 0.00261075
2751 0.711828 0.510598 0.00264421
2752 0.711828 0.510993 0.00226958
2753 0.711828 0.514403 0.00260556
2754 0.711828 0.513575 0.00281364
2755 0.711828 0.512025 0.00277289
2756 0.711828 0.515595 0.00249416
2757 0.711828 0.510193 0.00248957
2758 0.711828 0.512314 0.00264585
2759 0.711828 0.511345 0.00263287
2760 0.711828 0.507871 0.00266012
2761 0.711828 0.511279 0.00266953
2762 0.711828 0.509003 0.00298364
2763 0.711828 0.511795 0.00238779
2764 0.711828 0.514101 0.00249738
2765 0.711828 0.514201 0.00253586
2766 0.711828 0.517568 0.00264951
2767 0.711828 0.516164 0.00266198
2768 0.711828 0.516942 0.00295688
2769 0.711828 0.517265 0.00264974
2770 0.711828 0.516082 0.00272718
2771 0.711828 0.519639 0.00313395
2772 0.711828 0.513002 0.00256196
2773 0.711828 0.512868 0.00283157
2774 0.711828 0.509239 0.00262924
2775 0.711828 0.510026 0.00241485
2776 0.711828 0.513874 0.00286485
2777 0.711828 0.508135 0.00313905
2778 0.711828 0.512853 0.00296538
2779 0.711828 0.506549 0.00281541
2780 0.711828 0.51142 0.0029911
2781 0.711828 0.508063 0.0024015
2782 0.711828 0.509296 0.00236503
2783 0.711828 0.507678 0.00256972
2784 0.711828 0.513117 0.00263248
2785 0.711828 0.508844 0.00279764
2786 0.711828 0.507627 0.00260879
2787 0.711828 0.510346 0.00255442
2788 0.711828 0.513173 0.00242241
2789 0.711828 0.516658 0.00266287
2790 0.711828 0.509477 0.0024427
2791 0.711828 0.507227 0.00237613
2792 0.711828 0.510388 0.00304109
2793 0.711828 0.512567 0.00337666
2794 0.711828 0.513979 0.00269687
2795 0.711828 0.510618 0.00239455
2796 0.711828 0.509411 0.00262922
2797 0.711828 0.511957 0.00272419
2798 0.711828 0.508062 0.00281191
2799 0.711828 0.514658 0.00268342
2800 0.711828 0.516489 0.00269977
2801 0.711828 0.509383 0.00255728
2802 0.711828 0.512903 0.00293381
2803 0.711828 0.512024 0.00269806
2804 0.711828 0.510656 0.00222759
2805 0.711828 0.512119 0.00254216
2806 0.711828 0.511901 0.00245306
2807 0.711828 0.511273 0.00258388
2808 0.711828 0.516116 0.00239314
2809 0.711828 0.514664 0.0024653
2810 0.711828 0.515706 0.00301118
2811 0.711828 0.515426 0.00310971
2812 0.711828 0.514225 0.00331591
2813 0.711828 0.510418 0.00288943
2814 0.711828 0.508583 0.00222475
2815 0.711828 0.51398 0.00257107
2816 0.711828 0.510953 0.00250915
2817 0.711828 0.51086 0.00289751
2818 0.711828 0.510489 0.0027234
2819 0.711828 0.510895 0.00246505
2820 0.711828 0.515466 0.00215808
2821 0.711828 0.512984 0.00250096
2822 0.711828 0.512589 0.00251993
2823 0.711828 0.510285 0.00237489
2824 0.711828 0.513746 0.00273605
2825 0.711828 0.521195 0.00268004
2826 0.711828 0.512558 0.00260095
2827 0.711828 0.5153 0.00281928
2828 0.711828 0.51293 0.00295459
2829 0.711828 0.506518 0.00255268
2830 0.711828 0.509537 0.00302153
2831 0.711828 0.509214 0.00246032
2832 0.711828 0.511198 0.0025672
2833 0.711828 0.510391 0.00252056
2834 0.711828 0.512593 0.00239769
2835 0.711828 0.514195 0.00276472
2836 0.711828 0.51218 0.0024201
2837 0.711828 0.50883 0.00267693
2838 0.711828 0.512072 0.00260474
2839 0.711828 0.513635 0.00251562
2840 0.711828 0.506303 0.00243631
2841 0.711828 0.508804 0.00203959
2842 0.711828 0.514097 0.00232908
2843 0.711828 0.509676 0.00262107
2844 0.711828 0.510572 0.00225085
2845 0.711828 0.513696 0.00260461
2846 0.711828 0.507987 0.00239659
2847 0.711828 0.508187 0.00233572
2848 0.711828 0.509853 0.00246403
2849 0.711828 0.5083 0.00231014
2850 0.711828 0.507617 0.00256383
2851 0.711828 0.512007 0.00252948
2852 0.711828 0.511369 0.00259472
2853 0.711828 0.514203 0.00212249
2854 0.711828 0.510481 0.00234345
2855 0.711828 0.505975 0.00232024
2856 0.711828 0.512937 0.00252029
2857 0.711828 0.508358 0.00239483
2858 0.711828 0.507013 0.00248247
2859 0.711828 0.510176 0.00214399
2860 0.711828 0.512704 0.00242887
2861 0.711828 0.511765 0.00259053
2862 0.711828 0.509581 0.00231758
2863 0.711828 0.514682 0.00316048
2864 0.711828 0.51113 0.00240297
2865 0.711828 0.50899 0.00273793
2866 0.711828 0.513158 0.00273466
2867 0.711828 0.516821 0.00275445
2868 0.711828 0.510363 0.00260898
2869 0.711828 0.512512 0.00253754
2870 0.711828 0.50719 0.0025245
2871 0.711828 0.511644 0.00260349
2872 0.711828 0.50994 0.00241858
2873 0.711828 0.512011 0.00278101
2874 0.711828 0.510403 0.00248828
2875 0.711828 0.511871 0.00241362
2876 0.711828 0.507681 0.00247819
2877 0.711828 0.514652 0.00262149
2878 0.711828 0.511478 0.00280528
2879 0.711828 0.511058 0.00317393
2880 0.711828 0.511886 0.00287343
2881 0.711828 0.510757 0.00228764
2882 0.711828 0.519391 0.0026551
2883 0.711828 0.509406 0.00262301
2884 0.711828 0.507583 0.00281594
2885 0.711828 0.510177 0.00222964
2886 0.711828 0.512274 0.00250264
2887 0.711828 0.516762 0.00241943
2888 0.711828 0.511233 0.0024265
2889 0.711828 0.515359 0.00220565
2890 0.711828 0.511918 0.00238372
2891 0.711828 0.509783 0.00292473
2892 0.711828 0.513407 0.00261665
2893 0.711828 0.508814 0.00235864
2894 0.711828 0.508597 0.00225506
2895 0.711828 0.507019 0.00221205
2896 0.711828 0.509596 0.00263784
2897 0.711828 0.509925 0.00251798
2898 0.711828 0.515144 0.00233115
2899 0.711828 0.510009 0.00234303
2900 0.711828 0.508 0.00256717
2901 0.711828 0.509369 0.00249269
2902 0.711828 0.509171 0.00232412
2903 0.711828 0.507658 0.00244463
2904 0.711828 0.50855 0.00231694
2905 0.711828 0.509887 0.00254383
2906 0.711828 0.510558 0.00231384
2907 0.711828 0.515481 0.00266311
2908 0.711828 0.506995 0.00247818
2909 0.711828 0.511545 0.00249471
2910 0.711828 0.513475 0.00238194
2911 0.711828 0.509692 0.00220885
2912 0.711828 0.510953 0.00235132
2913 0.711828 0.514716 0.00251876
2914 0.711828 0.509286 0.00254536
2915 0.711828 0.515847 0.00232167
2916 0.711828 0.517204 0.00236089
2917 0.711828 0.516669 0.00247401
2918 0.711828 0.513151 0.00243616
2919 0.711828 0.507966 0.00261487
2920 0.711828 0.507432 0.00252045
2921 0.711828 0.512244 0.00242309
2922 0.711828 0.50906 0.00225393
2923 0.711828 0.51385 0.00255366
2924 0.711828 0.509339 0.00280317
2925 0.711828 0.508328 0.00237585
2926 0.711828 0.514954 0.00231731
2927 0.711828 0.509574 0.00227725
2928 0.711828 0.509622 0.00230668
2929 0.711828 0.510863 0.00217418
2930 0.711828 0.508185 0.00230744
2931 0.711828 0.514583 0.00222329
2932 0.711828 0.510741 0.00231969
2933 0.711828 0.514615 0.00250885
2934 0.711828 0.509554 0.00232732
2935 0.711828 0.508987 0.00227503
2936 0.711828 0.508725 0.00229277
2937 0.711828 0.508009 0.00229488
2938 0.711828 0.514383 0.00272752
2939 0.711828 0.510654 0.0025773
2940 0.711828 0.507354 0.0023793
2941 0.711828 0.50976 0.00240399
2942 0.711828 0.507727 0.00280159
2943 0.711828 0.512082 0.00225798
2944 0.711828 0.516307 0.0028678
2945 0.711828 0.513185 0.00260448
2946 0.711828 0.513134 0.0024994
2947 0.711828 0.508779 0.00231409
2948 0.711828 0.509174 0.00242049
2949 0.711828 0.512437 0.00238412
2950 0.711828 0.508095 0.00259995
2951 0.711828 0.509446 0.00246709
2952 0.711828 0.506734 0.0023235
2953 0.711828 0.509534 0.00283456
2954 0.711828 0.512812 0.00258803
2955 0.711828 0.509705 0.00254267
2956 0.711828 0.506442 0.00242671
2957 0.711828 0.51038 0.0023162
2958 0.711828 0.509682 0.00269932
2959 0.711828 0.514692 0.00278886
2960 0.711828 0.511724 0.00238183
2961 0.711828 0.51519 0.00252114
2962 0.711828 0.514974 0.00269358
2963 0.711828 0.518711 0.00293031
2964 0.711828 0.512891 0.00256551
2965 0.711828 0.513611 0.00284886
2966 0.711828 0.507252 0.00243746
2967 0.711828 0.51807 0.00233316
2968 0.711828 0.513518 0.00231068
2969 0.711828 0.51179 0.00246433
2970 0.711828 0.514218 0.00252657
2971 0.711828 0.510918 0.00281263
2972 0.711828 0.517089 0.00273412
2973 0.711828 0.509869 0.00255849
2974 0.711828 0.511403 0.00228788
2975 0.711828 0.515493 0.00211819
2976 0.711828 0.515944 0.0027918
2977 0.711828 0.510637 0.00228853
2978 0.711828 0.507163 0.00282732
2979 0.711828 0.517057 0.00332589
2980 0.711828 0.512992 0.00308604
2981 0.711828 0.512086 0.00239795
2982 0.711828 0.51014 0.00293052
2983 0.711828 0.517819 0.00237322
2984 0.711828 0.514463 0.00283363
2985 0.711828 0.50884 0.00272547
2986 0.711828 0.511313 0.00230848
2987 0.711828 0.514005 0.00248765
2988 0.711828 0.508652 0.00261823
2989 0.711828 0.516121 0.00260539
2990 0.711828 0.506839 0.00252638
2991 0.711828 0.508966 0.00240413
2992 0.711828 0.507972 0.00252887
2993 0.711828 0.508121 0.00249191
2994 0.711828 0.513249 0.00257004
2995 0.711828 0.510326 0.00221063
2996 0.711828 0.511521 0.00221624
2997 0.711828 0.511449 0.00264161
2998 0.711828 0.506876 0.00253521
2999 0.711828 0.509948 0.00257948
3000 0.711828 0.510652 0.00243352
