4
1
-50.8595
3.27824
0
-63.1851
2.04976
0
-64.205
2.2312
0
0.0220893
0.272748
1
-55.9845
4.11658
0
0.823013
1.39555
1.09975
1.28786
1.07791
1.7957
0.0238708
1.79447
1.48442
1.08046
0.910182
0.672999
0.951224
1.95194
0.888111
0.626523
0.27514
1.94445
1.49172
0.758528
1.73859
0.609255
0.689607
1.92686
1.20746
1.07062
1.60967
1.20988
1.51552
1.8096
0.00902742
0.869151
0.968054
0.146694
0.601555
0.0586767
0.622566
1.28082
0.324568
1.21195
0.343075
1.7346
0.713387
0.377498
0.0764953
1.55075
0.146082
1.7266
0.0256402
0.683161
0.895351
0.462904
1.98451
1.15923
1.35495
1.96029
0.776906
0.23331
1.78346
0.130771
0.429125
1.23454
1.30284
1.4976
1.39894
0.543373
0.641145
0.402051
0.0192882
1.1924
1.74233
1.31427
1.19093
1.18511
1.88069
1.65313
0.517106
1026.57
200
