3
2
-52.7622
7.33329
0
0.199749
0.232338
1
0.0561821
0.226452
1
-52.2309
7.58192
0
-55.5398
3.91694
0
0.783326
0.882574
1.68656
0.445767
1.47629
1.91091
1.03302
0.00179655
1.98536
0.936661
0.349531
0.30223
0.770809
1.47549
0.41429
1.1785
1.46923
1.34071
0.831681
1.65979
1.38033
0.0256823
1.07126
1.81722
1.21715
1.67981
0.372675
0.66032
0.762743
0.0143592
0.190016
1.89365
1.05831
1.01921
1.40805
0.934029
1.07797
0.861372
1.4701
1.83024
1.72769
1.99107
0.168532
0.163098
0.388709
0.243282
0.757899
1.054
0.0917444
1.94205
1.49767
1.37625
1.76967
0.73859
0.896049
0.156738
0.889965
1.8662
1.11518
1.20962
1.82445
0.405915
1.51378
1.46428
0.796226
0.452751
0.691791
1.88182
0.00102318
0.442942
1.94599
0.812453
0.470719
0.539592
1.50535
