4
1
-50.118
7.08833
0
-60.144
6.29962
0
-61.0118
5.57444
0
-53.7811
3.17006
0
0.0768569
0.217828
1
1.42927
0.829625
0.615568
0.184285
1.88287
1.49829
1.08939
0
1.88392
0.657661
0.767415
0.908844
1.19408
0.697453
1.52934
0.505965
1.98411
1.38844
1.82381
0.395257
0.485187
1.10687
0.114975
1.09264
0.103032
0.573304
0.635491
1.30125
0.696106
0.398728
0.196287
1.50906
0.879558
0.836151
1.9605
0.288686
0.933918
0.876124
0.519154
1.13341
1.78139
0.305067
0.373766
0.0658013
1.10918
0.0916175
1.31044
1.54539
1.84251
0.511984
1.11558
0.0753738
0.328207
1.72695
1.49895
0.365424
1.89483
1.21583
0.8417
1.75251
1.25809
0.176683
0.779212
1.46357
1.72464
1.28355
1.17323
1.8663
1.0854
1.14527
0.465107
1.18777
1.09763
0.162758
0.163375
0.522041
