4
1
-63.0906
3.98858
0
-52.0346
4.39838
0
-63.5796
3.33974
0
-50.0428
4.89293
0
0.180954
0.211785
1
1.54405
1.62884
0.73398
0.0324675
0.935391
0.259169
0.0369559
1.04792
0.397086
1.73077
1.91851
0.212356
0.989082
0.372369
0.874759
0.581677
1.86981
1.8908
1.64283
1.37905
0.993619
1.68771
0.910653
0.679311
1.49512
1.50669
0.844705
1.47381
0.714954
0.549333
1.25175
1.49459
0.503744
1.37503
1.47298
0.20297
0.436135
0.275492
1.68875
1.12385
0.707462
0.0676548
1.89213
0.830134
1.77339
0.488432
1.08245
0.890584
1.56713
0.903934
0.104851
1.01454
0.675007
0.0850065
1.07474
1.66211
1.53898
1.21784
1.8064
0.616726
1.74612
0.821337
1.0431
0.487456
0.661142
1.34322
1.61592
1.59248
0.201836
0.0776521
0.18883
1.15822
0.441935
0.246245
1.62469
