0 0.532224 0.498107 0.000101879
1 0.532224 0.498268 8.57282e-05
2 0.562333 0.501111 0.000164474
3 0.562333 0.499323 0.000222419
4 0.562333 0.499817 0.00020386
5 0.562333 0.500052 0.000247973
6 0.58272 0.501491 0.000299892
7 0.58272 0.500569 0.000489992
8 0.58272 0.502557 0.00043739
9 0.58272 0.503023 0.0003978
10 0.593024 0.503942 0.00049262
11 0.593024 0.502042 0.000440434
12 0.593024 0.502597 0.000478234
13 0.593024 0.501774 0.000552904
14 0.593024 0.501609 0.000568792
15 0.593024 0.502795 0.000507489
16 0.593024 0.502566 0.000479733
17 0.593024 0.504772 0.000494162
18 0.593024 0.5053 0.00060206
19 0.593024 0.502409 0.00056441
20 0.593024 0.506513 0.000542446
21 0.596997 0.505258 0.000708648
22 0.596997 0.503321 0.000488895
23 0.604516 0.504885 0.000547934
24 0.604516 0.503695 0.000517959
25 0.604516 0.506628 0.000652656
26 0.604516 0.50463 0.000629928
27 0.604516 0.504093 0.000612165
28 0.604516 0.502642 0.000672648
29 0.604516 0.505356 0.000717275
30 0.604516 0.505338 0.000776606
31 0.604516 0.504057 0.000666849
32 0.604516 0.505116 0.000722076
33 0.610915 0.506176 0.000656765
34 0.610915 0.509086 0.000815161
35 0.610915 0.50948 0.000869787
36 0.610915 0.505063 0.000868718
37 0.610915 0.503901 0.000863782
38 0.610915 0.50551 0.000709049
39 0.610915 0.503583 0.000961072
40 0.610915 0.505716 0.000915832
41 0.610915 0.508167 0.0010164
42 0.610915 0.506082 0.000843423
43 0.644114 0.508922 0.00110278
44 0.644114 0.513988 0.0012221
45 0.644114 0.513548 0.00115094
46 0.644114 0.510642 0.00105067
47 0.644114 0.510232 0.00141529
48 0.644114 0.509376 0.00136354
49 0.644114 0.512668 0.00121666
50 0.644114 0.509494 0.00117491
51 0.644114 0.509894 0.00100684
52 0.644114 0.510027 0.00102002
53 0.644114 0.51721 0.00163028
54 0.644114 0.513651 0.00146777
55 0.644114 0.513945 0.00151362
56 0.644114 0.514481 0.00142357
57 0.644114 0.513511 0.0015004
58 0.644114 0.510659 0.00156408
59 0.644114 0.512113 0.00143346
60 0.644114 0.515915 0.00158592
61 0.644114 0.515148 0.00162844
62 0.644114 0.518828 0.00208922
63 0.644114 0.519227 0.00184713
64 0.644114 0.520262 0.00192023
65 0.644114 0.520506 0.0019489
66 0.65446 0.520268 0.00203383
67 0.65446 0.514873 0.00211164
68 0.65446 0.519456 0.00229934
69 0.65446 0.521917 0.00215385
70 0.65446 0.519942 0.00245026
71 0.65446 0.523227 0.00194299
72 0.684196 0.536511 0.00226975
73 0.684196 0.532725 0.00226883
74 0.684196 0.526884 0.00207889
75 0.684196 0.523059 0.00227559
76 0.684196 0.51797 0.00263592
77 0.684196 0.528891 0.0026376
78 0.684196 0.527935 0.00267852
79 0.684196 0.530645 0.00298651
80 0.684196 0.54099 0.00270599
81 0.684196 0.535419 0.00264563
82 0.684196 0.535932 0.00301489
83 0.684196 0.536366 0.00291123
84 0.684196 0.538694 0.00251364
85 0.684196 0.537775 0.00289793
86 0.684196 0.534253 0.00281374
87 0.684196 0.535643 0.00263876
88 0.684196 0.536585 0.00221088
89 0.684196 0.545187 0.00260117
90 0.684196 0.541389 0.00290627
91 0.684196 0.541032 0.00265546
92 0.684196 0.542238 0.00265065
93 0.684196 0.546209 0.0028454
94 0.684196 0.54431 0.00235222
95 0.684196 0.548385 0.00247788
96 0.684196 0.547198 0.00269136
97 0.684196 0.55035 0.00266315
98 0.684196 0.545513 0.00229753
99 0.684196 0.549799 0.0025248
100 0.684196 0.546321 0.00265284
101 0.684196 0.542854 0.00307904
102 0.684196 0.547247 0.00291325
103 0.684196 0.548573 0.00349494
104 0.693222 0.555555 0.00309497
105 0.693222 0.55316 0.00287367
106 0.693222 0.545981 0.00270428
107 0.693222 0.548581 0.00254706
108 0.693222 0.551491 0.00332374
109 0.693222 0.549783 0.00361663
110 0.693547 0.558894 0.00308223
111 0.693547 0.54966 0.0024906
112 0.693547 0.545099 0.00313434
113 0.693547 0.546799 0.00333339
114 0.693547 0.546743 0.00279886
115 0.693547 0.547317 0.00298012
116 0.693547 0.553605 0.0026605
117 0.693547 0.545209 0.00314087
118 0.693547 0.559771 0.00253029
119 0.693547 0.546954 0.00300938
120 0.693547 0.548274 0.00318799
121 0.693547 0.550662 0.00299897
122 0.693547 0.557401 0.00297989
123 0.693547 0.560051 0.00302518
124 0.693547 0.559681 0.00295126
125 0.693547 0.552362 0.00265882
126 0.693547 0.557686 0.00315642
127 0.693547 0.553112 0.00300865
128 0.693547 0.557664 0.00307386
129 0.693547 0.55327 0.00285158
130 0.693547 0.551913 0.00329717
131 0.693547 0.556084 0.00333779
132 0.693547 0.554146 0.00330412
133 0.693547 0.561581 0.00320529
134 0.693547 0.557464 0.00283227
135 0.693547 0.557789 0.00240213
136 0.693547 0.56004 0.0026408
137 0.693547 0.563489 0.00250125
138 0.693547 0.562735 0.002646
139 0.693547 0.566123 0.00235738
140 0.693547 0.558457 0.00306641
141 0.693547 0.561815 0.00243551
142 0.693547 0.559394 0.00307377
143 0.693547 0.559579 0.00265786
144 0.693547 0.56245 0.00268238
145 0.693547 0.561159 0.00241684
146 0.693547 0.562132 0.00251119
147 0.693547 0.555155 0.00246576
148 0.697556 0.560112 0.00267388
149 0.697556 0.560691 0.00297505
150 0.697556 0.561004 0.00245473
151 0.697556 0.560277 0.00248445
152 0.697556 0.558536 0.00253541
153 0.697556 0.556135 0.00255949
154 0.697556 0.560365 0.00238972
155 0.697556 0.555765 0.00308027
156 0.697556 0.562879 0.00288536
157 0.697556 0.549267 0.00302362
158 0.697556 0.547315 0.00298386
159 0.697556 0.553485 0.00274322
160 0.697556 0.550117 0.00275296
161 0.697556 0.559557 0.0028205
162 0.697556 0.550996 0.00318474
163 0.697556 0.547283 0.0029305
164 0.697556 0.544095 0.00300327
165 0.697556 0.552893 0.00282758
166 0.697556 0.547491 0.00261301
167 0.697556 0.55045 0.00335216
168 0.697556 0.550008 0.0032019
169 0.697556 0.546754 0.00235594
170 0.697556 0.545354 0.00271145
171 0.697556 0.546452 0.00268166
172 0.697556 0.557394 0.00259873
173 0.697556 0.552551 0.00306338
174 0.697556 0.556392 0.00267878
175 0.697556 0.553262 0.0026921
176 0.697556 0.555182 0.00293929
177 0.697556 0.555292 0.00262139
178 0.697556 0.559863 0.00245175
179 0.697556 0.55628 0.00232039
180 0.697556 0.558212 0.0026602
181 0.697556 0.55187 0.0025656
182 0.697556 0.557851 0.00270843
183 0.697556 0.566999 0.00258033
184 0.697556 0.556752 0.0029359
185 0.697556 0.554893 0.0028255
186 0.697556 0.553168 0.00290775
187 0.697556 0.557606 0.00270854
188 0.697556 0.559046 0.00274447
189 0.697556 0.551519 0.00260009
190 0.697556 0.554297 0.00255244
191 0.697556 0.561978 0.00233771
192 0.697556 0.555469 0.00256395
193 0.697556 0.550984 0.00240626
194 0.697556 0.549914 0.00238907
195 0.697556 0.55568 0.00264647
196 0.697556 0.553152 0.00295628
197 0.697556 0.545213 0.00280958
198 0.697556 0.547166 0.00308134
199 0.697556 0.552202 0.00290691
200 0.697556 0.549269 0.00247387
201 0.697556 0.555165 0.00264754
202 0.697556 0.554105 0.00275186
203 0.697556 0.562801 0.0028002
204 0.697556 0.560663 0.00258199
205 0.697556 0.559205 0.00279549
206 0.697556 0.567147 0.00250502
207 0.697556 0.560875 0.00267327
208 0.697556 0.559199 0.0025067
209 0.697556 0.563212 0.00221604
210 0.697556 0.562466 0.00246726
211 0.697556 0.557064 0.00258594
212 0.697556 0.554724 0.00275045
213 0.697556 0.550443 0.00289869
214 0.697556 0.555216 0.0029592
215 0.697556 0.555493 0.00293676
216 0.697556 0.561086 0.00289113
217 0.697556 0.561998 0.00262288
218 0.697556 0.560674 0.00261513
219 0.697556 0.563209 0.00242503
220 0.697556 0.561512 0.00243795
221 0.697556 0.558679 0.00232233
222 0.697556 0.559113 0.00237774
223 0.697556 0.560741 0.00225086
224 0.697556 0.565473 0.00240691
225 0.697556 0.562596 0.00238592
226 0.700502 0.562366 0.00257388
227 0.700502 0.560068 0.00242595
228 0.700502 0.56134 0.00245709
229 0.700502 0.557335 0.00232752
230 0.700502 0.560016 0.00255429
231 0.700502 0.561598 0.00259287
232 0.700502 0.56489 0.00337043
233 0.700502 0.560392 0.00337214
234 0.700502 0.562708 0.00298393
235 0.700502 0.56008 0.00251613
236 0.700502 0.563716 0.00298477
237 0.700502 0.565501 0.00299739
238 0.700502 0.561983 0.002812
239 0.700502 0.5685 0.00330685
240 0.700502 0.552266 0.00287853
241 0.700502 0.562601 0.00278802
242 0.700502 0.562164 0.0033773
243 0.700502 0.557687 0.00254821
244 0.700502 0.557801 0.00306936
245 0.700502 0.558943 0.00303229
246 0.700502 0.551098 0.0031244
247 0.700502 0.557131 0.00296814
248 0.700502 0.561847 0.00307361
249 0.700502 0.559331 0.00290707
250 0.700502 0.564303 0.00255379
251 0.700502 0.559793 0.00303711
252 0.700502 0.553881 0.00339856
253 0.700502 0.560474 0.00299228
254 0.700502 0.564002 0.00282683
255 0.700502 0.556053 0.00311807
256 0.700502 0.560014 0.00323093
257 0.700502 0.558539 0.00316005
258 0.700502 0.552366 0.00326271
259 0.700502 0.558974 0.00257781
260 0.700502 0.55111 0.00277562
261 0.700502 0.5627 0.00237315
262 0.700502 0.560528 0.00320731
263 0.700502 0.553716 0.00336694
264 0.700502 0.564295 0.00363479
265 0.700502 0.560049 0.0032814
266 0.700502 0.559689 0.00317436
267 0.700502 0.552866 0.00276487
268 0.700502 0.554787 0.00313228
269 0.700502 0.550267 0.00285605
270 0.700502 0.544606 0.00288781
271 0.700502 0.5464 0.00327385
272 0.700502 0.554242 0.00289762
273 0.700502 0.54931 0.00263759
274 0.700502 0.553073 0.00303661
275 0.700502 0.544604 0.00289708
276 0.700502 0.541797 0.00283481
277 0.700502 0.552722 0.00317851
278 0.700502 0.556076 0.00384723
279 0.700502 0.55741 0.00312216
280 0.700502 0.552483 0.00311218
281 0.700502 0.55043 0.00298782
282 0.700502 0.555454 0.00297713
283 0.700502 0.553231 0.00275231
284 0.700502 0.54736 0.00257775
285 0.700502 0.549685 0.00292998
286 0.700502 0.551691 0.00261577
287 0.700502 0.553523 0.00267881
288 0.700502 0.558615 0.0028016
289 0.700502 0.55474 0.0025086
290 0.700502 0.55198 0.00303315
291 0.700502 0.549435 0.00293443
292 0.700502 0.554394 0.00286118
293 0.700502 0.554076 0.00285799
294 0.700502 0.558809 0.0029381
295 0.700502 0.559271 0.002658
296 0.700502 0.551496 0.00260738
297 0.700502 0.553389 0.00265601
298 0.700502 0.555838 0.00251895
299 0.700502 0.553841 0.00282951
300 0.700502 0.552649 0.00245541
301 0.700502 0.552005 0.00264164
302 0.700502 0.547442 0.00298723
303 0.700502 0.547794 0.00305858
304 0.700502 0.551617 0.00245116
305 0.700502 0.553634 0.00241526
306 0.700502 0.549761 0.00260493
307 0.700502 0.547365 0.00281374
308 0.700502 0.542923 0.00300094
309 0.700502 0.554844 0.00257056
310 0.700502 0.549418 0.00308183
311 0.700502 0.556027 0.00285922
312 0.700502 0.552588 0.00262608
313 0.700502 0.554481 0.00285825
314 0.700502 0.553908 0.00292898
315 0.700502 0.559858 0.0030621
316 0.700502 0.553758 0.00294962
317 0.700502 0.552787 0.00289545
318 0.700502 0.551659 0.00362625
319 0.700502 0.558206 0.00304828
320 0.700502 0.558477 0.00286562
321 0.700502 0.556342 0.0029938
322 0.700502 0.550596 0.00315157
323 0.700502 0.549976 0.00354004
324 0.700502 0.552857 0.0029288
325 0.700502 0.549564 0.00280023
326 0.700502 0.545543 0.00277141
327 0.700502 0.547086 0.00245268
328 0.700502 0.548389 0.00245223
329 0.700502 0.547936 0.00276248
330 0.700502 0.551521 0.00282241
331 0.700502 0.550542 0.00295134
332 0.700502 0.549497 0.00283227
333 0.700502 0.547621 0.00293743
334 0.700502 0.555117 0.00300493
335 0.700502 0.55278 0.00335155
336 0.700502 0.552645 0.00340451
337 0.700502 0.550508 0.0028432
338 0.700502 0.551708 0.00333227
339 0.700502 0.550544 0.00314923
340 0.700502 0.553556 0.00290324
341 0.700502 0.559268 0.00295902
342 0.700502 0.551952 0.00258331
343 0.700502 0.552015 0.00324273
344 0.700502 0.543264 0.00292419
345 0.700502 0.547388 0.00299668
346 0.700502 0.548778 0.00291783
347 0.700502 0.549018 0.00275542
348 0.700502 0.557425 0.00292916
349 0.700502 0.55361 0.00257474
350 0.700502 0.546506 0.00300515
351 0.700502 0.547925 0.00272326
352 0.700502 0.548239 0.0034043
353 0.700502 0.545809 0.00300481
354 0.700502 0.546507 0.00273827
355 0.700502 0.554171 0.00281511
356 0.700502 0.557391 0.00276884
357 0.700502 0.55905 0.00280256
358 0.700502 0.556512 0.0031044
359 0.700502 0.555675 0.00340033
360 0.700502 0.557613 0.0031783
361 0.700502 0.55341 0.00263898
362 0.700502 0.55436 0.00380208
363 0.700502 0.55669 0.00356747
364 0.700502 0.554029 0.00359109
365 0.700502 0.554495 0.00316238
366 0.700502 0.547881 0.0031987
367 0.700502 0.549741 0.00339324
368 0.700502 0.553236 0.00332661
369 0.700502 0.550623 0.00307737
370 0.700502 0.549467 0.00318116
371 0.700502 0.551459 0.00298393
372 0.700502 0.55173 0.00338474
373 0.700502 0.548117 0.00294187
374 0.700502 0.552761 0.00369375
375 0.700502 0.552336 0.00332799
376 0.700502 0.554417 0.00332153
377 0.700502 0.555924 0.00316868
378 0.700502 0.547151 0.00291455
379 0.700502 0.550086 0.00333395
380 0.700502 0.546167 0.00322697
381 0.700502 0.557539 0.00294348
382 0.700502 0.546728 0.00351733
383 0.700502 0.547882 0.00318101
384 0.700502 0.54251 0.00333328
385 0.700502 0.546212 0.00373318
386 0.700502 0.547491 0.00315951
387 0.700502 0.549505 0.00277906
388 0.700502 0.552529 0.00260775
389 0.700502 0.552836 0.00263636
390 0.700502 0.557285 0.00268421
391 0.700502 0.553539 0.0028166
392 0.700502 0.549978 0.00309564
393 0.700502 0.550486 0.00349599
394 0.700502 0.547764 0.00348909
395 0.700502 0.541878 0.00341778
396 0.700502 0.541779 0.00283759
397 0.700502 0.539498 0.00357071
398 0.700502 0.552057 0.00329422
399 0.700502 0.541358 0.00315258
400 0.700502 0.53965 0.00309953
401 0.700502 0.541473 0.0034254
402 0.700502 0.54444 0.00353199
403 0.700502 0.548694 0.00355047
404 0.700502 0.547935 0.00292649
405 0.700502 0.55254 0.00305422
406 0.700502 0.544203 0.00303154
407 0.700502 0.553632 0.00317435
408 0.700502 0.553072 0.00308976
409 0.700502 0.543127 0.00288623
410 0.700502 0.545573 0.00328938
411 0.700502 0.546888 0.00320476
412 0.700502 0.554854 0.00276642
413 0.700502 0.552723 0.0031293
414 0.700502 0.553434 0.00333344
415 0.700502 0.546566 0.00317658
416 0.700502 0.55442 0.00302088
417 0.700502 0.547112 0.00278864
418 0.700502 0.552664 0.00298744
419 0.700502 0.546143 0.00289794
420 0.700502 0.550378 0.003235
421 0.700502 0.548291 0.00320936
422 0.700502 0.545771 0.00341136
423 0.700502 0.558153 0.00294056
424 0.700502 0.548083 0.00307517
425 0.700502 0.554397 0.00262223
426 0.700502 0.554353 0.00313312
427 0.700502 0.555023 0.00289348
428 0.700502 0.553542 0.00280015
429 0.700502 0.550923 0.00301831
430 0.700502 0.542925 0.00315223
431 0.700502 0.544719 0.0026607
432 0.700502 0.5481 0.00317203
433 0.700502 0.550159 0.00314233
434 0.700502 0.550402 0.00267339
435 0.700502 0.557409 0.00299599
436 0.700502 0.557048 0.00298374
437 0.700502 0.549967 0.00284437
438 0.700502 0.550853 0.0031564
439 0.700502 0.556112 0.00311419
440 0.700502 0.554343 0.00340434
441 0.700502 0.55527 0.00353811
442 0.700502 0.555694 0.00330232
443 0.700502 0.554629 0.00266021
444 0.700502 0.554154 0.00346954
445 0.700502 0.552376 0.00268192
446 0.700502 0.560808 0.00292328
447 0.700502 0.56559 0.00302817
448 0.700502 0.55248 0.00324491
449 0.700502 0.556917 0.00329961
450 0.700502 0.560667 0.00266415
451 0.700502 0.560917 0.00275328
452 0.700502 0.560764 0.00243264
453 0.700502 0.551051 0.00280243
454 0.700502 0.552857 0.0030653
455 0.700502 0.549831 0.00291448
456 0.700502 0.547051 0.00295409
457 0.700502 0.546196 0.00290317
458 0.700502 0.552571 0.00265024
459 0.700502 0.555766 0.00294401
460 0.700502 0.562895 0.00327764
461 0.700502 0.564539 0.00311886
462 0.700502 0.557329 0.00337161
463 0.700502 0.554297 0.00315286
464 0.700502 0.555138 0.00285712
465 0.700502 0.557748 0.00327211
466 0.700502 0.558588 0.00307846
467 0.700502 0.557362 0.00301343
468 0.700502 0.551584 0.00309226
469 0.700502 0.55542 0.00325386
470 0.700502 0.543936 0.00314341
471 0.700502 0.550685 0.00286213
472 0.700502 0.554647 0.00311035
473 0.700502 0.565104 0.00310759
474 0.700502 0.55566 0.00309195
475 0.700502 0.561216 0.00252963
476 0.700502 0.555597 0.00280631
477 0.700502 0.553543 0.00325443
478 0.700502 0.550876 0.00325543
479 0.700502 0.551844 0.00314875
480 0.700502 0.559069 0.00292984
481 0.700502 0.565744 0.00368753
482 0.700502 0.560934 0.00278389
483 0.700502 0.556804 0.00304154
484 0.700502 0.552888 0.00297089
485 0.700502 0.551488 0.00318041
486 0.700502 0.546346 0.0027162
487 0.700502 0.548972 0.00310478
488 0.700502 0.552532 0.00302829
489 0.700502 0.558407 0.0032164
490 0.700502 0.550699 0.00301291
491 0.700502 0.551709 0.0035915
492 0.700502 0.555788 0.00299549
493 0.700502 0.554867 0.00290771
494 0.700502 0.557221 0.0035364
495 0.700502 0.546702 0.00332956
496 0.700502 0.552204 0.00307682
497 0.700502 0.550533 0.0028467
498 0.700502 0.547053 0.00293377
499 0.700502 0.547907 0.00330957
500 0.700502 0.554045 0.00274199
501 0.700502 0.567828 0.00289756
502 0.700502 0.560218 0.00279007
503 0.700502 0.554724 0.00294693
504 0.700502 0.552257 0.00290894
505 0.700502 0.564472 0.00253285
506 0.700502 0.563288 0.00252607
507 0.700502 0.568847 0.00278239
508 0.700502 0.56891 0.00269149
509 0.700502 0.561018 0.00263964
510 0.700502 0.565008 0.00266602
511 0.700502 0.560517 0.00273053
512 0.700502 0.565932 0.00238724
513 0.700502 0.567315 0.00240604
514 0.700502 0.564692 0.00281119
515 0.700502 0.564738 0.00251052
516 0.700502 0.56467 0.00294224
517 0.700502 0.566944 0.00261676
518 0.700502 0.566487 0.00305976
519 0.700502 0.564048 0.00290411
520 0.700502 0.549338 0.00315101
521 0.700502 0.567816 0.00265263
522 0.700502 0.563876 0.00283476
523 0.700502 0.557265 0.00268147
524 0.700502 0.561665 0.00323473
525 0.700502 0.561768 0.00262895
526 0.700502 0.566762 0.00260517
527 0.700502 0.562851 0.00317019
528 0.700502 0.568476 0.0027133
529 0.700502 0.564502 0.00277868
530 0.700502 0.556756 0.00279376
531 0.700502 0.555602 0.00305404
532 0.700502 0.559532 0.00256274
533 0.700502 0.561362 0.00310159
534 0.700502 0.56027 0.00265582
535 0.700502 0.559607 0.00308861
536 0.700502 0.555456 0.00299707
537 0.700502 0.559939 0.00272346
538 0.700502 0.556978 0.00315838
539 0.700502 0.563103 0.00294127
540 0.700502 0.555531 0.00303743
541 0.700502 0.564447 0.00270121
542 0.700502 0.560497 0.00344226
543 0.700502 0.555966 0.00297845
544 0.700502 0.553472 0.00310433
545 0.700502 0.555304 0.00304732
546 0.700502 0.556271 0.0028538
547 0.700502 0.551895 0.00273737
548 0.700502 0.552802 0.00256623
549 0.700502 0.542956 0.00307971
550 0.700502 0.545389 0.00285653
551 0.700502 0.547232 0.00316036
552 0.700502 0.554749 0.00282653
553 0.700502 0.544835 0.00358985
554 0.700502 0.548242 0.00263779
555 0.700502 0.557173 0.00291173
556 0.700502 0.558655 0.00307721
557 0.700502 0.557254 0.00299847
558 0.700502 0.561666 0.00263396
559 0.700502 0.55485 0.00289559
560 0.700502 0.55588 0.00313652
561 0.700502 0.557893 0.00330589
562 0.700502 0.554022 0.00319144
563 0.700502 0.548004 0.00317812
564 0.700502 0.552106 0.00323838
565 0.700502 0.55209 0.00277607
566 0.700502 0.555236 0.00329646
567 0.700502 0.551738 0.00308928
568 0.700502 0.55462 0.00339981
569 0.700502 0.551189 0.00342031
570 0.700502 0.551244 0.00347574
571 0.701253 0.546797 0.00338073
572 0.701253 0.548967 0.00343616
573 0.701253 0.547671 0.00311506
574 0.701253 0.550208 0.00317089
575 0.701253 0.552667 0.00319064
576 0.701253 0.550215 0.00362141
577 0.701253 0.553012 0.00341647
578 0.701253 0.552417 0.00339527
579 0.701253 0.550472 0.00364739
580 0.701253 0.551761 0.00272073
581 0.701253 0.555451 0.00301294
582 0.701253 0.554468 0.00264702
583 0.701253 0.55621 0.00361983
584 0.701253 0.555702 0.00314832
585 0.701253 0.550911 0.00315866
586 0.701253 0.560297 0.00331359
587 0.701253 0.554817 0.00269804
588 0.701253 0.546804 0.0027128
589 0.701253 0.551529 0.00261385
590 0.701253 0.551763 0.00323371
591 0.701253 0.55385 0.00307142
592 0.701253 0.546333 0.00284722
593 0.701253 0.543435 0.00313669
594 0.701253 0.543629 0.00346465
595 0.701253 0.546676 0.00343137
596 0.701253 0.544751 0.00303222
597 0.701253 0.548677 0.00319314
598 0.701253 0.549538 0.00257395
599 0.701253 0.550139 0.00290656
600 0.701253 0.558043 0.00259257
601 0.701253 0.552693 0.00328187
602 0.701253 0.558752 0.0033035
603 0.701253 0.558164 0.00282626
604 0.701253 0.560783 0.00314023
605 0.701253 0.556075 0.00322291
606 0.701253 0.555395 0.0034719
607 0.701253 0.56 0.00305438
608 0.701253 0.554264 0.00312348
609 0.701253 0.5554 0.00284978
610 0.701253 0.550011 0.00312513
611 0.701253 0.548912 0.00367214
612 0.701253 0.54568 0.00346067
613 0.701253 0.556884 0.00365274
614 0.701253 0.553463 0.00350463
615 0.701253 0.545596 0.00320448
616 0.701253 0.548898 0.00295614
617 0.701253 0.557418 0.00315844
618 0.701253 0.555721 0.00298714
619 0.701253 0.549905 0.00343638
620 0.701253 0.562066 0.00289245
621 0.701253 0.552005 0.00304841
622 0.701253 0.556394 0.00318197
623 0.701253 0.553763 0.00303529
624 0.701253 0.551403 0.00255872
625 0.701253 0.551443 0.00315384
626 0.701253 0.554105 0.00319559
627 0.701253 0.548933 0.00325298
628 0.701253 0.557407 0.00295742
629 0.701253 0.545418 0.00334299
630 0.701253 0.553261 0.00276506
631 0.701253 0.554473 0.00350916
632 0.701253 0.552686 0.0034591
633 0.701253 0.542448 0.00326451
634 0.701253 0.543109 0.00313365
635 0.701253 0.556167 0.0035162
636 0.701253 0.548925 0.00340032
637 0.701253 0.554482 0.00345987
638 0.701253 0.553107 0.00313298
639 0.701253 0.550201 0.00329408
640 0.701253 0.538709 0.00355697
641 0.701253 0.551982 0.0032876
642 0.701253 0.548844 0.00307198
643 0.701253 0.556994 0.00319432
644 0.701253 0.552969 0.00299677
645 0.701253 0.55237 0.00300774
646 0.701253 0.548668 0.00287407
647 0.701253 0.550011 0.00319935
648 0.701253 0.547705 0.00272052
649 0.701253 0.550687 0.00326739
650 0.701253 0.560313 0.00294837
651 0.701253 0.559568 0.00291745
652 0.701253 0.556886 0.00343204
653 0.701253 0.561632 0.00350338
654 0.701253 0.555692 0.00341426
655 0.701253 0.557983 0.00317203
656 0.701253 0.56025 0.00274321
657 0.701253 0.55887 0.00247076
658 0.701253 0.550698 0.00297041
659 0.701253 0.545807 0.00305064
660 0.701253 0.547211 0.00333076
661 0.701253 0.546341 0.00353151
662 0.701253 0.546758 0.0029386
663 0.701253 0.553046 0.00347372
664 0.701253 0.552361 0.00278089
665 0.701253 0.546149 0.00283265
666 0.701253 0.556 0.00290724
667 0.701253 0.548618 0.00320693
668 0.701253 0.547661 0.00309542
669 0.701253 0.553588 0.00278763
670 0.701253 0.550946 0.00275467
671 0.701253 0.554301 0.00331935
672 0.701253 0.549249 0.00312262
673 0.701253 0.545228 0.00291481
674 0.701253 0.545195 0.00283594
675 0.701253 0.551462 0.00306728
676 0.701253 0.550012 0.00273373
677 0.701253 0.553797 0.00270033
678 0.701253 0.550038 0.00311513
679 0.701253 0.543917 0.00314644
680 0.701253 0.55034 0.00289433
681 0.701253 0.549328 0.0030195
682 0.701253 0.551704 0.00264955
683 0.701253 0.554383 0.00270865
684 0.701253 0.561705 0.00265343
685 0.701253 0.561115 0.00270351
686 0.701253 0.554665 0.00331475
687 0.701253 0.560977 0.00311423
688 0.701253 0.563303 0.00308595
689 0.701253 0.555912 0.00289428
690 0.701253 0.555866 0.00320464
691 0.701253 0.555892 0.00287317
692 0.704869 0.562732 0.00282792
693 0.704869 0.551493 0.00365836
694 0.704869 0.564972 0.00294978
695 0.704869 0.555091 0.00310002
696 0.704869 0.551995 0.00315412
697 0.704869 0.548706 0.00300769
698 0.704869 0.537833 0.00345097
699 0.704869 0.548053 0.00341544
700 0.704869 0.544356 0.00286636
701 0.704869 0.550954 0.00348482
702 0.704869 0.553225 0.00297248
703 0.704869 0.558826 0.00321066
704 0.704869 0.550886 0.00325806
705 0.704869 0.550556 0.00349368
706 0.704869 0.548343 0.00335472
707 0.704869 0.555087 0.00345746
708 0.704869 0.556515 0.00295894
709 0.704869 0.553928 0.00310996
710 0.704869 0.553076 0.00339909
711 0.704869 0.557539 0.00335002
712 0.704869 0.5619 0.00303844
713 0.704869 0.556792 0.0030333
714 0.704869 0.559928 0.00309757
715 0.704869 0.556279 0.00258456
716 0.704869 0.561735 0.00269829
717 0.704869 0.55607 0.00299132
718 0.704869 0.560482 0.00290792
719 0.704869 0.559417 0.00316552
720 0.704869 0.560028 0.00304797
721 0.704869 0.56604 0.0028405
722 0.704869 0.5512 0.00308009
723 0.704869 0.560866 0.00290649
724 0.704869 0.557498 0.0033194
725 0.704869 0.56154 0.00318973
726 0.704869 0.555924 0.00356812
727 0.704869 0.563021 0.00356971
728 0.704869 0.557608 0.00297756
729 0.704869 0.558755 0.00320418
730 0.704869 0.555136 0.0032915
731 0.704869 0.560636 0.00276814
732 0.704869 0.565907 0.00260811
733 0.704869 0.564151 0.00339386
734 0.704869 0.554499 0.00358917
735 0.704869 0.552229 0.00341535
736 0.704869 0.559364 0.00351105
737 0.704869 0.555686 0.00315878
738 0.704869 0.550826 0.00297619
739 0.704869 0.549174 0.00310776
740 0.704869 0.557721 0.00337596
741 0.704869 0.549777 0.00322587
742 0.704869 0.551669 0.00295272
743 0.704869 0.551422 0.00288626
744 0.704869 0.556203 0.00292092
745 0.704869 0.562992 0.00292853
746 0.704869 0.559493 0.00292032
747 0.704869 0.560352 0.00311723
748 0.704869 0.555897 0.00319113
749 0.704869 0.5625 0.00322266
750 0.704869 0.558422 0.00323543
751 0.704869 0.566676 0.00273793
752 0.704869 0.560325 0.00318622
753 0.704869 0.555678 0.002823
754 0.704869 0.555378 0.00275723
755 0.704869 0.561372 0.00309992
756 0.704869 0.546274 0.00298818
757 0.704869 0.546522 0.00344384
758 0.704869 0.549338 0.00291815
759 0.704869 0.55797 0.00337057
760 0.704869 0.556877 0.00359111
761 0.704869 0.551144 0.00324236
762 0.704869 0.553872 0.00321247
763 0.704869 0.552232 0.00331057
764 0.704869 0.552275 0.00313817
765 0.704869 0.549073 0.0033242
766 0.704869 0.555862 0.00327182
767 0.704869 0.556754 0.00282435
768 0.704869 0.553927 0.00292996
769 0.704869 0.548799 0.00328872
770 0.704869 0.556198 0.0035527
771 0.704869 0.555904 0.00269102
772 0.704869 0.553674 0.0031748
773 0.704869 0.557723 0.00327545
774 0.704869 0.550898 0.00324331
775 0.704869 0.556918 0.00326815
776 0.704869 0.552621 0.00323245
777 0.704869 0.546618 0.00279028
778 0.704869 0.554933 0.00319192
779 0.704869 0.548392 0.00279447
780 0.704869 0.546748 0.0032864
781 0.704869 0.54206 0.00324658
782 0.704869 0.545758 0.00307161
783 0.704869 0.547289 0.00320356
784 0.704869 0.54936 0.00301094
785 0.706584 0.554283 0.00355337
786 0.706584 0.552553 0.0030851
787 0.706584 0.548617 0.00342488
788 0.706584 0.553197 0.00331353
789 0.706584 0.55816 0.00309546
790 0.706584 0.555929 0.00363281
791 0.706584 0.557071 0.00323023
792 0.706584 0.545419 0.00361267
793 0.706584 0.552311 0.0032728
794 0.706584 0.549501 0.00335743
795 0.706584 0.549604 0.00345908
796 0.706584 0.550629 0.00356061
797 0.706584 0.553692 0.00379491
798 0.706584 0.554473 0.00346441
799 0.706584 0.556673 0.00312687
800 0.706584 0.551179 0.00331963
801 0.706584 0.558561 0.00296203
802 0.706584 0.55505 0.00358517
803 0.706584 0.55165 0.00389431
804 0.706584 0.544576 0.00326044
805 0.706584 0.548469 0.00371749
806 0.706584 0.548833 0.00322154
807 0.706584 0.554561 0.00336873
808 0.706584 0.561309 0.00314239
809 0.706584 0.556892 0.00303597
810 0.706584 0.565714 0.00304787
811 0.706584 0.548884 0.00339688
812 0.706584 0.552443 0.00316539
813 0.706584 0.558271 0.00307456
814 0.706584 0.55684 0.00359404
815 0.706584 0.551223 0.0031301
816 0.706584 0.555076 0.00314078
817 0.706584 0.557388 0.00307353
818 0.706584 0.563064 0.00307749
819 0.706584 0.561918 0.00303374
820 0.706584 0.561445 0.00283796
821 0.706584 0.560953 0.0025281
822 0.706584 0.561365 0.0032162
823 0.706584 0.551954 0.0029265
824 0.706584 0.554562 0.00339815
825 0.706584 0.560993 0.00359852
826 0.706584 0.56098 0.00337581
827 0.706584 0.562927 0.00286635
828 0.706584 0.559327 0.00299849
829 0.706584 0.569457 0.00358895
830 0.706584 0.567484 0.0028365
831 0.706584 0.568128 0.00312933
832 0.706584 0.556115 0.00316191
833 0.706584 0.559541 0.00310832
834 0.706584 0.565511 0.00284349
835 0.706584 0.566278 0.00326416
836 0.706584 0.567828 0.00346893
837 0.706584 0.562108 0.00319519
838 0.706584 0.556191 0.00338919
839 0.706584 0.561729 0.00342799
840 0.706584 0.559091 0.00350877
841 0.706584 0.561928 0.00298817
842 0.706584 0.555687 0.00271564
843 0.706584 0.561058 0.0028696
844 0.706584 0.56557 0.00260573
845 0.706584 0.567368 0.0031407
846 0.706584 0.566712 0.00302394
847 0.706584 0.566665 0.00270977
848 0.706584 0.560445 0.00273637
849 0.706584 0.566506 0.00355106
850 0.706584 0.567248 0.00283378
851 0.706584 0.5628 0.0029852
852 0.706584 0.56347 0.00312222
853 0.706584 0.56042 0.00332208
854 0.706584 0.554744 0.00315802
855 0.706584 0.564944 0.00331654
856 0.706584 0.563326 0.00294782
857 0.706584 0.567997 0.00316428
858 0.706584 0.56137 0.00314351
859 0.706584 0.550531 0.00316853
860 0.706584 0.5498 0.00325489
861 0.706584 0.555274 0.00314919
862 0.706584 0.557083 0.00312165
863 0.706584 0.551053 0.00315078
864 0.706584 0.557699 0.00334797
865 0.706584 0.551241 0.00353671
866 0.706584 0.551824 0.00368956
867 0.706584 0.550929 0.00369983
868 0.706584 0.55235 0.00356163
869 0.706584 0.562427 0.00336594
870 0.706584 0.551595 0.00356118
871 0.706584 0.558171 0.00329538
872 0.706584 0.566579 0.0033605
873 0.706584 0.55893 0.00275427
874 0.706584 0.559099 0.0032442
875 0.706584 0.561279 0.00325986
876 0.706584 0.562311 0.0030542
877 0.706584 0.556965 0.00347277
878 0.706584 0.565099 0.00298702
879 0.706584 0.565481 0.00320448
880 0.706584 0.565195 0.0027916
881 0.706584 0.56243 0.0027771
882 0.706584 0.557812 0.00320244
883 0.706584 0.56408 0.00324281
884 0.706584 0.565374 0.00316097
885 0.706584 0.553512 0.00309074
886 0.706584 0.556984 0.00336367
887 0.706584 0.555224 0.00315711
888 0.706584 0.561607 0.00345021
889 0.706584 0.554165 0.00342365
890 0.706584 0.560837 0.00297642
891 0.706584 0.557713 0.00295586
892 0.706584 0.560408 0.00310602
893 0.706584 0.549418 0.00388997
894 0.706584 0.550477 0.0035084
895 0.706584 0.553698 0.00352196
896 0.706584 0.556633 0.0033228
897 0.706584 0.557394 0.0028868
898 0.706584 0.560525 0.00320006
899 0.706584 0.563149 0.00318599
900 0.706584 0.56536 0.00320732
901 0.706584 0.562101 0.0030715
902 0.706584 0.556291 0.00320246
903 0.706584 0.563815 0.00321088
904 0.706584 0.560383 0.00310578
905 0.706584 0.563317 0.00269858
906 0.706584 0.565056 0.00271432
907 0.706584 0.564023 0.00331089
908 0.706584 0.564508 0.00292456
909 0.706584 0.563342 0.00290457
910 0.706584 0.554795 0.00316372
911 0.706584 0.550669 0.00374696
912 0.706584 0.558424 0.00357151
913 0.706584 0.561245 0.00349733
914 0.706584 0.569834 0.00242158
915 0.706584 0.561873 0.00317679
916 0.706584 0.570267 0.00270963
917 0.706584 0.567273 0.00316663
918 0.706584 0.559575 0.00327445
919 0.706584 0.570909 0.00290363
920 0.706584 0.563555 0.00286136
921 0.706584 0.568962 0.00301745
922 0.706584 0.573722 0.00286255
923 0.706584 0.563038 0.00342979
924 0.706584 0.568822 0.00262934
925 0.706584 0.563226 0.00295136
926 0.706584 0.562286 0.00267053
927 0.706584 0.572601 0.00259946
928 0.706584 0.560771 0.0031784
929 0.706584 0.56462 0.00238551
930 0.706584 0.564905 0.00311753
931 0.706584 0.561911 0.00344945
932 0.706584 0.573749 0.00336949
933 0.706584 0.573842 0.0030547
934 0.706584 0.574995 0.0031511
935 0.706584 0.572245 0.00274044
936 0.706584 0.58051 0.00270868
937 0.706584 0.577101 0.00277114
938 0.706584 0.575031 0.00325105
939 0.706584 0.570891 0.00340214
940 0.706584 0.57415 0.00293816
941 0.706584 0.564686 0.00314095
942 0.706584 0.583229 0.00280005
943 0.706584 0.578123 0.00285496
944 0.706584 0.575476 0.00238551
945 0.706584 0.570614 0.00284682
946 0.706584 0.57094 0.00326123
947 0.706584 0.566295 0.0032939
948 0.706584 0.561919 0.00307503
949 0.706584 0.572344 0.00273103
950 0.706584 0.561549 0.00311009
951 0.706584 0.56392 0.00412823
952 0.706584 0.562353 0.00349598
953 0.706584 0.5699 0.00333698
954 0.706584 0.571339 0.0030095
955 0.706584 0.560652 0.00327534
956 0.706584 0.562877 0.00345085
957 0.706584 0.565317 0.00352242
958 0.706584 0.574638 0.00364243
959 0.706584 0.568892 0.00343189
960 0.706584 0.570438 0.00318073
961 0.706584 0.564851 0.00372908
962 0.706584 0.562741 0.00443884
963 0.706584 0.572654 0.00346718
964 0.706584 0.56325 0.00346346
965 0.706584 0.555918 0.00427806
966 0.706584 0.569915 0.00382391
967 0.706584 0.569433 0.00381987
968 0.706584 0.574676 0.00401359
969 0.706584 0.569801 0.00382443
970 0.706584 0.563369 0.0036696
971 0.706584 0.560699 0.00362781
972 0.706584 0.566423 0.00382695
973 0.706584 0.563539 0.00388015
974 0.706584 0.567244 0.0039083
975 0.706584 0.562348 0.00324316
976 0.706584 0.563729 0.00442565
977 0.706584 0.561605 0.00359034
978 0.706584 0.565055 0.00340671
979 0.706584 0.567784 0.00396814
980 0.706584 0.56317 0.00420016
981 0.706584 0.551325 0.00411428
982 0.706584 0.56011 0.00380712
983 0.706584 0.568134 0.00354745
984 0.706584 0.55883 0.00402172
985 0.706584 0.559183 0.00346342
986 0.706584 0.559772 0.00346346
987 0.706584 0.567529 0.00309225
988 0.706584 0.567272 0.00336272
989 0.706584 0.564351 0.0030738
990 0.706584 0.56631 0.00298973
991 0.706584 0.562011 0.0026855
992 0.706584 0.572173 0.00288462
993 0.706584 0.565486 0.00294379
994 0.706584 0.560917 0.00304189
995 0.706584 0.560237 0.00340466
996 0.706584 0.573936 0.00325533
997 0.706584 0.5678 0.00323644
998 0.706584 0.566505 0.00314078
999 0.706584 0.567001 0.00330315
1000 0.706584 0.559064 0.00345617
1001 0.706584 0.55796 0.00300942
1002 0.706584 0.558448 0.00317542
1003 0.706584 0.565269 0.00321749
1004 0.706584 0.56163 0.00284285
1005 0.706584 0.564639 0.0028847
1006 0.706584 0.570662 0.00265518
1007 0.706584 0.56676 0.00314537
1008 0.706584 0.565391 0.00375379
1009 0.706584 0.562056 0.00321633
1010 0.706584 0.561097 0.00344139
1011 0.706584 0.571005 0.00316696
1012 0.706584 0.560064 0.00303471
1013 0.706584 0.568371 0.00325051
1014 0.706584 0.559854 0.00319567
1015 0.706584 0.557454 0.00329344
1016 0.706584 0.556895 0.00354458
1017 0.706584 0.562804 0.00344793
1018 0.706584 0.556135 0.00344136
1019 0.706584 0.549851 0.00301301
1020 0.706584 0.557336 0.0032883
1021 0.706584 0.568529 0.0034821
1022 0.706584 0.558833 0.00318639
1023 0.706584 0.565444 0.00355743
1024 0.706584 0.564227 0.00332715
1025 0.706584 0.555811 0.00364213
1026 0.706584 0.556978 0.00301878
1027 0.706584 0.560729 0.00364386
1028 0.706584 0.56334 0.00311007
1029 0.706584 0.559428 0.00345195
1030 0.706584 0.562534 0.00347662
1031 0.706584 0.558079 0.00407166
1032 0.706584 0.566446 0.0034511
1033 0.706584 0.568024 0.00375811
1034 0.706584 0.56538 0.00342376
1035 0.706584 0.559718 0.00357782
1036 0.706584 0.56296 0.00349121
1037 0.706584 0.571995 0.00327755
1038 0.706584 0.56214 0.00274984
1039 0.706584 0.56271 0.00283636
1040 0.706584 0.557868 0.00328914
1041 0.706584 0.558077 0.00314139
1042 0.706584 0.568028 0.00301196
1043 0.706584 0.571386 0.00278804
1044 0.706584 0.562974 0.0031536
1045 0.706584 0.556714 0.00309256
1046 0.706584 0.556682 0.00317365
1047 0.706584 0.559481 0.0028823
1048 0.706584 0.563174 0.00308568
1049 0.706584 0.567889 0.00273056
1050 0.706584 0.566452 0.00271073
1051 0.706584 0.569307 0.00262756
1052 0.706584 0.567309 0.00297453
1053 0.706584 0.55622 0.00311055
1054 0.706584 0.563464 0.0031333
1055 0.706584 0.568863 0.00300896
1056 0.706584 0.570733 0.002789
1057 0.706584 0.567455 0.00260217
1058 0.706584 0.561448 0.00343255
1059 0.706584 0.56537 0.00301955
1060 0.706584 0.566679 0.00298464
1061 0.706584 0.565044 0.00249293
1062 0.706584 0.564417 0.00288081
1063 0.706584 0.573839 0.00299556
1064 0.706584 0.569371 0.00280927
1065 0.706584 0.565167 0.00251043
1066 0.706584 0.569626 0.00254939
1067 0.706584 0.560573 0.00335733
1068 0.706584 0.568525 0.00280064
1069 0.706584 0.566639 0.00314897
1070 0.706584 0.569955 0.00284148
1071 0.706584 0.561425 0.00292248
1072 0.706584 0.567338 0.00285966
1073 0.706584 0.564991 0.00322451
1074 0.706584 0.565362 0.00385731
1075 0.706584 0.566815 0.00342057
1076 0.706584 0.564026 0.00353943
1077 0.706584 0.559658 0.00281431
1078 0.706584 0.561242 0.00385805
1079 0.706584 0.564695 0.00315434
1080 0.706584 0.562974 0.00372978
1081 0.706584 0.564558 0.00326567
1082 0.706584 0.567652 0.00306918
1083 0.706584 0.566034 0.00327458
1084 0.706584 0.566019 0.00337104
1085 0.706584 0.56797 0.00346833
1086 0.706584 0.572319 0.00325817
1087 0.706584 0.571265 0.00313222
1088 0.706584 0.560846 0.00352382
1089 0.706584 0.564418 0.0038002
1090 0.706584 0.568207 0.00322101
1091 0.706584 0.565031 0.00305569
1092 0.706584 0.563424 0.00315378
1093 0.706584 0.56848 0.00279324
1094 0.706584 0.564735 0.00325157
1095 0.706584 0.565547 0.00431258
1096 0.706584 0.570135 0.00350928
1097 0.706584 0.560777 0.00395814
1098 0.706584 0.561846 0.00361873
1099 0.706584 0.570321 0.00324552
1100 0.706584 0.568711 0.00352704
1101 0.706584 0.565715 0.00342144
1102 0.706584 0.565559 0.00371792
1103 0.706584 0.564422 0.00323507
1104 0.706584 0.561943 0.00382838
1105 0.706584 0.565001 0.00387362
1106 0.706584 0.56497 0.00307235
1107 0.706584 0.560261 0.00354477
1108 0.706584 0.560678 0.00356443
1109 0.706584 0.562139 0.003007
1110 0.706584 0.563797 0.00327671
1111 0.706584 0.560147 0.00350235
1112 0.706584 0.572239 0.00306156
1113 0.706584 0.573601 0.00240675
1114 0.706584 0.571071 0.00254319
1115 0.706584 0.569039 0.00269603
1116 0.706584 0.568181 0.00234999
1117 0.706584 0.569862 0.00285565
1118 0.706584 0.575603 0.00253143
1119 0.706584 0.56855 0.00265284
1120 0.706584 0.569458 0.0027932
1121 0.706584 0.573395 0.00247954
1122 0.706584 0.567177 0.00281539
1123 0.706584 0.569308 0.00324242
1124 0.706584 0.577078 0.00294985
1125 0.706584 0.571814 0.00318183
1126 0.706584 0.573435 0.00280417
1127 0.706584 0.563135 0.00316277
1128 0.706584 0.565099 0.00318511
1129 0.706584 0.563073 0.0030815
1130 0.706584 0.561152 0.00302114
1131 0.706584 0.5649 0.00359171
1132 0.706584 0.562587 0.00304283
1133 0.706584 0.564546 0.00327218
1134 0.706584 0.562832 0.00318508
1135 0.706584 0.561334 0.00351217
1136 0.706584 0.56517 0.00283878
1137 0.706584 0.561805 0.0031263
1138 0.706584 0.563658 0.00367169
1139 0.707174 0.566712 0.00399298
1140 0.707174 0.562467 0.0036072
1141 0.707174 0.562924 0.00351236
1142 0.707174 0.555792 0.00358961
1143 0.707174 0.555227 0.00362767
1144 0.707174 0.565201 0.00347395
1145 0.707174 0.563895 0.00369816
1146 0.707174 0.566038 0.00377078
1147 0.707174 0.554206 0.00409688
1148 0.707174 0.567878 0.00363189
1149 0.707174 0.565348 0.0037258
1150 0.707174 0.566711 0.00321407
1151 0.707174 0.565202 0.00338563
1152 0.707174 0.574536 0.00293944
1153 0.707174 0.573746 0.00301892
1154 0.707174 0.560894 0.0028189
1155 0.707174 0.569321 0.00343426
1156 0.707174 0.565434 0.00324421
1157 0.707174 0.572811 0.00330751
1158 0.707174 0.567113 0.00249523
1159 0.707174 0.570941 0.00279378
1160 0.707174 0.57094 0.00333042
1161 0.707174 0.566526 0.00352126
1162 0.707174 0.5662 0.00303183
1163 0.707174 0.564045 0.00289114
1164 0.707174 0.571914 0.00333183
1165 0.707174 0.557643 0.00331017
1166 0.707174 0.563553 0.00323855
1167 0.707174 0.570012 0.00294864
1168 0.707174 0.564172 0.00322532
1169 0.707174 0.569581 0.00315887
1170 0.707174 0.565113 0.00321599
1171 0.707174 0.563467 0.00370118
1172 0.707174 0.571875 0.00309444
1173 0.707174 0.565257 0.00261709
1174 0.707174 0.561757 0.00336485
1175 0.707174 0.569635 0.00341849
1176 0.707174 0.56682 0.00302699
1177 0.707174 0.573652 0.00285815
1178 0.707174 0.567952 0.00323499
1179 0.707174 0.555734 0.00315664
1180 0.707174 0.569845 0.00309993
1181 0.707174 0.562659 0.00326738
1182 0.707174 0.565521 0.00326372
1183 0.707174 0.563681 0.00340006
1184 0.707174 0.566767 0.00312323
1185 0.707174 0.56289 0.00329982
1186 0.707174 0.560135 0.00335916
1187 0.707174 0.56206 0.00343299
1188 0.707174 0.561299 0.00375063
1189 0.707174 0.569299 0.00282646
1190 0.707174 0.560489 0.00330586
1191 0.707174 0.570114 0.00363715
1192 0.707174 0.563324 0.00333424
1193 0.707174 0.56187 0.00310874
1194 0.707174 0.567972 0.00357584
1195 0.707174 0.566308 0.0032882
1196 0.707174 0.563827 0.00379308
1197 0.707174 0.558868 0.00399267
1198 0.707174 0.565866 0.00364206
1199 0.707174 0.561738 0.00353399
1200 0.707174 0.552943 0.00351889
1201 0.707174 0.557774 0.0040912
1202 0.707174 0.564845 0.00271996
1203 0.707174 0.559437 0.00301309
1204 0.707174 0.560536 0.00389603
1205 0.707174 0.567144 0.00332306
1206 0.707174 0.558476 0.00359406
1207 0.707174 0.55781 0.00341908
1208 0.707174 0.568012 0.0028849
1209 0.707174 0.567159 0.00297956
1210 0.707174 0.565075 0.00287616
1211 0.707174 0.573481 0.00339792
1212 0.707174 0.565851 0.00338779
1213 0.707174 0.567596 0.00290429
1214 0.707174 0.564231 0.00301465
1215 0.707174 0.573125 0.00357821
1216 0.707174 0.568445 0.00357045
1217 0.707174 0.563546 0.00375933
1218 0.707174 0.565599 0.00344226
1219 0.707174 0.564521 0.00354612
1220 0.710333 0.577522 0.00303578
1221 0.710333 0.571976 0.00299226
1222 0.710333 0.566831 0.00332173
1223 0.710333 0.564678 0.00309316
1224 0.710333 0.556559 0.00321167
1225 0.710333 0.564949 0.00302829
1226 0.710333 0.571704 0.00321159
1227 0.710333 0.570409 0.0031011
1228 0.710333 0.561749 0.00364969
1229 0.710333 0.570254 0.00361638
1230 0.710333 0.576168 0.00281257
1231 0.710333 0.57588 0.00279682
1232 0.710333 0.571869 0.00315861
1233 0.710333 0.568305 0.00314643
1234 0.710333 0.566039 0.00338089
1235 0.710333 0.571453 0.00303226
1236 0.710333 0.563037 0.00304629
1237 0.710333 0.564293 0.00317869
1238 0.710333 0.56476 0.00327716
1239 0.710333 0.563466 0.00373022
1240 0.710333 0.568555 0.00331539
1241 0.710333 0.569945 0.00320425
1242 0.710333 0.568349 0.00271072
1243 0.710333 0.565702 0.0026659
1244 0.710333 0.565262 0.00313385
1245 0.710333 0.570246 0.00256826
1246 0.710333 0.555446 0.00336566
1247 0.710333 0.562768 0.00326908
1248 0.710333 0.557118 0.00362828
1249 0.710333 0.565024 0.00305911
1250 0.710333 0.569526 0.00273168
1251 0.710333 0.566978 0.00310022
1252 0.710333 0.572505 0.0028576
1253 0.710333 0.561642 0.00291337
1254 0.710333 0.56267 0.00304405
1255 0.710333 0.572945 0.0033754
1256 0.710333 0.575995 0.0031212
1257 0.710333 0.566985 0.00276474
1258 0.710333 0.575708 0.00352907
1259 0.710333 0.563956 0.00328811
1260 0.710333 0.569519 0.00306693
1261 0.710333 0.569847 0.00328427
1262 0.710333 0.568113 0.00330525
1263 0.710333 0.565908 0.00281873
1264 0.710333 0.563088 0.00389917
1265 0.710333 0.559325 0.00361556
1266 0.710333 0.561729 0.00328293
1267 0.710333 0.560566 0.00354554
1268 0.710333 0.562203 0.00337932
1269 0.710333 0.572019 0.00333542
1270 0.710333 0.559256 0.00338205
1271 0.710333 0.55929 0.00336514
1272 0.710333 0.556086 0.00309522
1273 0.710333 0.560959 0.00309582
1274 0.710333 0.551123 0.00344413
1275 0.710333 0.546487 0.00380339
1276 0.710333 0.553794 0.00337046
1277 0.710333 0.551122 0.00336005
1278 0.710333 0.550963 0.00383944
1279 0.710333 0.543052 0.00376093
1280 0.710333 0.550376 0.00342429
1281 0.710333 0.562214 0.00350626
1282 0.710333 0.566724 0.00268147
1283 0.710333 0.563489 0.00379313
1284 0.710333 0.562908 0.0032958
1285 0.710333 0.565751 0.00385057
1286 0.710333 0.559074 0.0031289
1287 0.710333 0.561519 0.00291282
1288 0.710333 0.566317 0.00299855
1289 0.710333 0.563751 0.00300401
1290 0.710333 0.562208 0.00323449
1291 0.710333 0.562405 0.00307237
1292 0.710333 0.572021 0.0029076
1293 0.710333 0.566391 0.00310775
1294 0.710333 0.562957 0.00351077
1295 0.710333 0.562552 0.00352205
1296 0.710333 0.563035 0.00349164
1297 0.710333 0.557144 0.00381499
1298 0.710333 0.564677 0.0032398
1299 0.710333 0.560391 0.00326903
1300 0.710333 0.564424 0.00317254
1301 0.710333 0.567672 0.0030048
1302 0.710333 0.561878 0.00290796
1303 0.710333 0.565703 0.00263016
1304 0.710333 0.563363 0.00261154
1305 0.710333 0.563698 0.0027257
1306 0.710333 0.564333 0.00302358
1307 0.710333 0.564788 0.00301422
1308 0.710333 0.563415 0.00306208
1309 0.710333 0.556456 0.0032753
1310 0.710333 0.549021 0.00292816
1311 0.710333 0.552967 0.00345005
1312 0.710333 0.55696 0.00319484
1313 0.710333 0.557658 0.00375594
1314 0.710333 0.555362 0.00330444
1315 0.710333 0.564292 0.0032783
1316 0.710333 0.559831 0.0036709
1317 0.710333 0.55676 0.00391896
1318 0.710333 0.55796 0.00305719
1319 0.710333 0.555739 0.00329701
1320 0.710333 0.561872 0.00320739
1321 0.710333 0.552114 0.004023
1322 0.710333 0.562407 0.00327749
1323 0.710333 0.557014 0.00341561
1324 0.722203 0.562898 0.00343283
1325 0.722203 0.557104 0.00343894
1326 0.722203 0.554952 0.00363625
1327 0.722203 0.56567 0.00291495
1328 0.722203 0.568329 0.00326724
1329 0.722203 0.556705 0.00323782
1330 0.722203 0.559789 0.00307566
1331 0.722203 0.567285 0.00325699
1332 0.722203 0.56682 0.00310955
1333 0.722203 0.574403 0.00266284
1334 0.722203 0.565836 0.00310026
1335 0.722203 0.556122 0.00309445
1336 0.722203 0.559365 0.00274385
1337 0.722203 0.569295 0.00350874
1338 0.722203 0.559975 0.00351732
1339 0.722203 0.55873 0.0037802
1340 0.722203 0.562849 0.00404007
1341 0.722203 0.56067 0.00380641
1342 0.722203 0.560598 0.00323748
1343 0.722203 0.563315 0.00313565
1344 0.722203 0.568277 0.00374537
1345 0.722203 0.564943 0.00340912
1346 0.722203 0.560516 0.00303143
1347 0.722203 0.564272 0.00357309
1348 0.722203 0.562258 0.00307315
1349 0.722203 0.572437 0.00363778
1350 0.722203 0.571119 0.00343917
1351 0.722203 0.577223 0.00279901
1352 0.722203 0.575089 0.00275753
1353 0.722203 0.561244 0.00344251
1354 0.722203 0.568972 0.00342164
1355 0.722203 0.563564 0.00345861
1356 0.722203 0.569127 0.00325046
1357 0.722203 0.565281 0.00353234
1358 0.722203 0.563887 0.00403824
1359 0.722203 0.569222 0.0036771
1360 0.722203 0.568399 0.00333802
1361 0.722203 0.565237 0.00289886
1362 0.722203 0.574829 0.00313014
1363 0.722203 0.566477 0.00388216
1364 0.722203 0.567704 0.00374
1365 0.722203 0.56793 0.00378666
1366 0.722203 0.568802 0.00366009
1367 0.722203 0.569924 0.00345164
1368 0.722203 0.570875 0.00349391
1369 0.722203 0.571569 0.00329575
1370 0.722203 0.571862 0.00347901
1371 0.722203 0.570173 0.00353583
1372 0.722203 0.571309 0.00297957
1373 0.722203 0.567157 0.00382661
1374 0.722203 0.563847 0.00366416
1375 0.722203 0.556308 0.00425914
1376 0.722203 0.553758 0.0038775
1377 0.722203 0.563073 0.0038613
1378 0.722203 0.557997 0.0037497
1379 0.722203 0.566933 0.00310748
1380 0.722203 0.569382 0.00367127
1381 0.722203 0.57253 0.00423196
1382 0.722203 0.56211 0.00324967
1383 0.722203 0.5657 0.0032237
1384 0.722203 0.569172 0.00365889
1385 0.722203 0.567956 0.00328093
1386 0.722203 0.566613 0.00359507
1387 0.722203 0.568012 0.00302574
1388 0.722203 0.56846 0.0032316
1389 0.722203 0.564581 0.00301035
1390 0.722203 0.562033 0.00359026
1391 0.722203 0.566513 0.00301627
1392 0.722203 0.572464 0.00287484
1393 0.722203 0.574632 0.00342758
1394 0.722203 0.564704 0.00345319
1395 0.722203 0.563484 0.00335982
1396 0.722203 0.567231 0.00308318
1397 0.722203 0.566172 0.00352595
1398 0.722203 0.566237 0.00365806
1399 0.722203 0.557137 0.00360806
1400 0.722203 0.561167 0.00326662
1401 0.722203 0.56513 0.00341268
1402 0.722203 0.565536 0.00332986
1403 0.722203 0.564887 0.00327584
1404 0.722203 0.55658 0.0033458
1405 0.722203 0.558308 0.00295816
1406 0.722203 0.564079 0.00328118
1407 0.722203 0.565995 0.00335194
1408 0.722203 0.564619 0.00317896
1409 0.722203 0.557779 0.00333746
1410 0.722203 0.566904 0.00303507
1411 0.722203 0.567625 0.00291461
1412 0.722203 0.56193 0.00308086
1413 0.722203 0.558406 0.00264556
1414 0.722203 0.563067 0.00244634
1415 0.722203 0.565404 0.00237129
1416 0.722203 0.571679 0.00262803
1417 0.722203 0.56916 0.00292459
1418 0.722203 0.557806 0.00322201
1419 0.722203 0.561272 0.00318712
1420 0.722203 0.561895 0.00374278
1421 0.722203 0.554409 0.00302349
1422 0.722203 0.558456 0.00278602
1423 0.722203 0.566879 0.00264906
1424 0.722203 0.565701 0.0031723
1425 0.722203 0.561858 0.00329133
1426 0.722203 0.562135 0.00284348
1427 0.722203 0.569328 0.00288226
1428 0.722203 0.562557 0.00283853
1429 0.722203 0.562705 0.00272307
1430 0.722203 0.563078 0.00266049
1431 0.722203 0.566649 0.00268296
1432 0.722203 0.564155 0.00273609
1433 0.722203 0.564768 0.00297289
1434 0.722203 0.557789 0.00336744
1435 0.722203 0.56215 0.00264756
1436 0.722203 0.563772 0.0031181
1437 0.722203 0.563808 0.00309628
1438 0.722203 0.556444 0.00288431
1439 0.722203 0.561998 0.00302691
1440 0.722203 0.571941 0.00311791
1441 0.722203 0.563044 0.00301818
1442 0.722203 0.564086 0.00263308
1443 0.722203 0.563313 0.0030774
1444 0.722203 0.556812 0.00334028
1445 0.722203 0.562329 0.00283567
1446 0.722203 0.557802 0.00323071
1447 0.722203 0.562095 0.00286603
1448 0.722203 0.557824 0.00290579
1449 0.722203 0.561198 0.00279387
1450 0.722203 0.560458 0.00280211
1451 0.722203 0.561094 0.00330808
1452 0.722203 0.557109 0.00299171
1453 0.722203 0.557623 0.00255291
1454 0.722203 0.562134 0.00307157
1455 0.722203 0.555728 0.00321835
1456 0.722203 0.545774 0.00344634
1457 0.722203 0.556831 0.00420624
1458 0.722203 0.556282 0.00381242
1459 0.722203 0.565218 0.00393463
1460 0.722203 0.564324 0.00399987
1461 0.722203 0.561259 0.00335944
1462 0.722203 0.559333 0.00342413
1463 0.722203 0.560841 0.00323496
1464 0.722203 0.566485 0.00333169
1465 0.722203 0.567805 0.00294145
1466 0.722203 0.566579 0.00356667
1467 0.722203 0.568024 0.00344728
1468 0.722203 0.556813 0.0033639
1469 0.722203 0.566428 0.00354387
1470 0.722203 0.562414 0.00336201
1471 0.722203 0.56992 0.00361165
1472 0.722203 0.565576 0.00337586
1473 0.734206 0.562966 0.00389966
1474 0.734206 0.566015 0.00325958
1475 0.734206 0.566153 0.00350181
1476 0.734206 0.563838 0.00322275
1477 0.734206 0.573055 0.00361629
1478 0.734206 0.555439 0.0038664
1479 0.734206 0.552145 0.00375528
1480 0.734206 0.551954 0.00350019
1481 0.734206 0.556845 0.00357854
1482 0.734206 0.553796 0.0036882
1483 0.734206 0.559883 0.00411592
1484 0.734206 0.557026 0.0033493
1485 0.734206 0.56108 0.00395359
1486 0.734206 0.56471 0.00417738
1487 0.734206 0.563252 0.00346465
1488 0.734206 0.554954 0.00418792
1489 0.734206 0.567246 0.00392645
1490 0.734206 0.562699 0.00418995
1491 0.734206 0.560556 0.00339301
1492 0.734206 0.561489 0.00342468
1493 0.734206 0.564777 0.00375551
1494 0.734206 0.559113 0.00356116
1495 0.734206 0.559815 0.0040568
1496 0.734206 0.553847 0.00367199
1497 0.734206 0.55493 0.0040389
1498 0.734206 0.557005 0.00376082
1499 0.734206 0.552308 0.00373297
1500 0.734206 0.548325 0.00402364
1501 0.734206 0.548098 0.00379668
1502 0.734206 0.552545 0.00349005
1503 0.734206 0.558624 0.00366066
1504 0.734206 0.560685 0.00374686
1505 0.734206 0.558192 0.0033955
1506 0.734206 0.569442 0.00359281
1507 0.734206 0.56086 0.00372735
1508 0.734206 0.559225 0.00365969
1509 0.734206 0.560644 0.00339027
1510 0.734206 0.564489 0.00355342
1511 0.734206 0.562919 0.00353385
1512 0.734206 0.567023 0.00327184
1513 0.734206 0.557533 0.00303066
1514 0.734206 0.567665 0.00296965
1515 0.734206 0.569943 0.00399242
1516 0.734206 0.563808 0.003408
1517 0.734206 0.558837 0.00305073
1518 0.734206 0.561991 0.00325282
1519 0.734206 0.565855 0.00292257
1520 0.734206 0.560393 0.00298035
1521 0.734206 0.567195 0.00292662
1522 0.734206 0.565378 0.00312063
1523 0.734206 0.567988 0.00292384
1524 0.734206 0.566542 0.00311641
1525 0.734206 0.567783 0.00338448
1526 0.734206 0.560455 0.00276523
1527 0.734206 0.561578 0.00330976
1528 0.734206 0.5668 0.00337291
1529 0.734206 0.559688 0.00342543
1530 0.734206 0.564537 0.00296928
1531 0.734206 0.56176 0.00340837
1532 0.734206 0.560853 0.0035169
1533 0.734206 0.565761 0.00314088
1534 0.734206 0.56102 0.00353034
1535 0.734206 0.55708 0.00357518
1536 0.734206 0.554842 0.00385664
1537 0.734206 0.557815 0.00337572
1538 0.734206 0.556267 0.00299412
1539 0.734206 0.55236 0.00345322
1540 0.734206 0.557709 0.0033939
1541 0.734206 0.555194 0.00327221
1542 0.734206 0.551371 0.00370291
1543 0.734206 0.557947 0.00313608
1544 0.734206 0.565808 0.00367354
1545 0.734206 0.563939 0.00390631
1546 0.734206 0.56698 0.00385688
1547 0.734206 0.565009 0.00290184
1548 0.734206 0.567221 0.00357027
1549 0.734206 0.568324 0.00347413
1550 0.734206 0.564721 0.00313913
1551 0.734206 0.561545 0.00316721
1552 0.734206 0.561755 0.00305341
1553 0.734206 0.570725 0.00275364
1554 0.734206 0.569031 0.00375694
1555 0.734206 0.562526 0.00358639
1556 0.734206 0.570522 0.00325812
1557 0.734206 0.568568 0.00355989
1558 0.734206 0.56031 0.00348464
1559 0.734206 0.566291 0.00274375
1560 0.734206 0.566918 0.00349212
1561 0.734206 0.572999 0.00364197
1562 0.734206 0.560873 0.00357863
1563 0.734206 0.562409 0.00328392
1564 0.734206 0.556129 0.00330738
1565 0.734206 0.551027 0.00387199
1566 0.734206 0.561432 0.00358586
1567 0.734206 0.559719 0.00362372
1568 0.734206 0.554538 0.00354567
1569 0.734206 0.553986 0.00419711
1570 0.734206 0.554009 0.00375461
1571 0.734206 0.560895 0.00282448
1572 0.734206 0.55862 0.00371167
1573 0.734206 0.554976 0.0039962
1574 0.734206 0.563096 0.00320975
1575 0.734206 0.574867 0.00309632
1576 0.734206 0.571619 0.0031897
1577 0.734206 0.568665 0.0032693
1578 0.734206 0.565919 0.00302549
1579 0.734206 0.556135 0.0031114
1580 0.734206 0.553854 0.00332499
1581 0.734206 0.560726 0.00322543
1582 0.734206 0.562591 0.00368595
1583 0.734206 0.554693 0.00334566
1584 0.734206 0.559077 0.00329371
1585 0.734206 0.551193 0.00310291
1586 0.734206 0.558672 0.00366086
1587 0.734206 0.551881 0.00377188
1588 0.734206 0.557565 0.00386533
1589 0.734206 0.553983 0.00371683
1590 0.734206 0.566412 0.00330326
1591 0.734206 0.562726 0.00349232
1592 0.734206 0.559371 0.0034415
1593 0.734206 0.566785 0.00352364
1594 0.734206 0.560476 0.00329551
1595 0.734206 0.56512 0.00339315
1596 0.734206 0.558443 0.00362889
1597 0.734206 0.567734 0.00354355
1598 0.734206 0.579274 0.0035229
1599 0.734206 0.573957 0.00318677
1600 0.734206 0.576267 0.0035433
1601 0.734206 0.567278 0.00334248
1602 0.734206 0.572586 0.00305886
1603 0.734206 0.558948 0.00400001
1604 0.734206 0.567955 0.00338859
1605 0.734206 0.560431 0.00379344
1606 0.734206 0.565027 0.00400605
1607 0.734206 0.561131 0.00335471
1608 0.734206 0.559029 0.00348287
1609 0.734206 0.565014 0.00342833
1610 0.734206 0.561098 0.00371776
1611 0.734206 0.551819 0.00415113
1612 0.734206 0.557505 0.00347071
1613 0.734206 0.556853 0.00373123
1614 0.734206 0.554556 0.00409495
1615 0.734206 0.558836 0.00366054
1616 0.734206 0.564027 0.00422454
1617 0.734206 0.551471 0.00396837
1618 0.734206 0.557406 0.00371009
1619 0.734206 0.569596 0.00379834
1620 0.734206 0.557998 0.00331916
1621 0.734206 0.56348 0.00398638
1622 0.734206 0.55878 0.00407685
1623 0.734206 0.556562 0.00368626
1624 0.734206 0.565516 0.00373666
1625 0.734206 0.55919 0.00378969
1626 0.734206 0.558034 0.00344132
1627 0.734206 0.552418 0.00429183
1628 0.734206 0.55634 0.00375761
1629 0.734206 0.561592 0.00416071
1630 0.734206 0.560072 0.00374145
1631 0.734206 0.563155 0.00345596
1632 0.734206 0.55955 0.00332685
1633 0.734206 0.568218 0.00343048
1634 0.734206 0.572131 0.00345099
1635 0.734206 0.568285 0.00327092
1636 0.734206 0.562228 0.00392767
1637 0.734206 0.565951 0.0038738
1638 0.734206 0.563705 0.00379378
1639 0.734206 0.565999 0.00361544
1640 0.734206 0.562969 0.00405077
1641 0.734206 0.56549 0.00392311
1642 0.734206 0.567032 0.00413472
1643 0.734206 0.55383 0.00358142
1644 0.734206 0.557892 0.00421782
1645 0.734206 0.549265 0.00396766
1646 0.734206 0.550051 0.00401091
1647 0.734206 0.553948 0.00364736
1648 0.734206 0.560133 0.00399843
1649 0.734206 0.555982 0.00384963
1650 0.734206 0.557564 0.00341497
1651 0.734206 0.558114 0.00404449
1652 0.734206 0.556154 0.00355255
1653 0.734206 0.554478 0.00383772
1654 0.734206 0.562491 0.00396896
1655 0.734206 0.555949 0.00387247
1656 0.734206 0.557456 0.00366449
1657 0.734206 0.556566 0.0038475
1658 0.734206 0.567804 0.00371541
1659 0.734206 0.561277 0.00347721
1660 0.734206 0.552797 0.00335095
1661 0.734206 0.557526 0.00336153
1662 0.734206 0.56019 0.0031545
1663 0.734206 0.554957 0.00308963
1664 0.734206 0.555138 0.00304886
1665 0.734206 0.561293 0.0033508
1666 0.734206 0.561913 0.00309899
1667 0.734206 0.556391 0.00338806
1668 0.734206 0.555591 0.00348348
1669 0.734206 0.561043 0.00346433
1670 0.734206 0.566071 0.00298611
1671 0.734206 0.565958 0.00333313
1672 0.734206 0.56278 0.00394457
1673 0.734206 0.564528 0.00379772
1674 0.734206 0.553431 0.00335761
1675 0.734206 0.55734 0.00423386
1676 0.734206 0.558928 0.00330534
1677 0.734206 0.560496 0.00394935
1678 0.734206 0.560808 0.00327108
1679 0.734206 0.558903 0.00365925
1680 0.734206 0.554961 0.00389814
1681 0.734206 0.558662 0.00400414
1682 0.734206 0.560742 0.00376862
1683 0.734206 0.567955 0.00313537
1684 0.734206 0.56244 0.00357284
1685 0.734206 0.56282 0.00326013
1686 0.734206 0.563355 0.00321318
1687 0.734206 0.562976 0.00391352
1688 0.734206 0.556942 0.00336546
1689 0.734206 0.561418 0.00307103
1690 0.734206 0.572468 0.00312346
1691 0.734206 0.559083 0.00323394
1692 0.734206 0.562259 0.00327836
1693 0.734206 0.562559 0.00337241
1694 0.734206 0.554191 0.00351716
1695 0.734206 0.549848 0.00379366
1696 0.734206 0.553121 0.00372189
1697 0.734206 0.554899 0.00356723
1698 0.734206 0.552211 0.00361527
1699 0.734206 0.561885 0.00421668
1700 0.734206 0.55827 0.00403539
1701 0.734206 0.551275 0.00400601
1702 0.734206 0.551356 0.00342597
1703 0.734206 0.55045 0.00395208
1704 0.734206 0.552823 0.00375787
1705 0.734206 0.545163 0.00341146
1706 0.734206 0.550665 0.00422872
1707 0.734206 0.554185 0.00447703
1708 0.734206 0.557625 0.00374511
1709 0.734206 0.565361 0.00377312
1710 0.734206 0.550802 0.00331621
1711 0.734206 0.556409 0.00355975
1712 0.734206 0.55583 0.00311609
1713 0.734206 0.556145 0.00344409
1714 0.734206 0.560853 0.00390791
1715 0.734206 0.561307 0.0038112
1716 0.734206 0.553868 0.00384914
1717 0.734206 0.559094 0.00354444
1718 0.734206 0.556137 0.00429501
1719 0.734206 0.54896 0.00364947
1720 0.734206 0.561776 0.00384836
1721 0.734206 0.570189 0.00317211
1722 0.734206 0.565531 0.00418413
1723 0.734206 0.556515 0.00395012
1724 0.734206 0.558001 0.00333107
1725 0.734206 0.558923 0.00369262
1726 0.734206 0.560038 0.00363915
1727 0.734206 0.555884 0.00388051
1728 0.734206 0.555152 0.00373126
1729 0.734206 0.555351 0.00390704
1730 0.734206 0.559914 0.00408195
1731 0.734206 0.558739 0.00413337
1732 0.734206 0.554698 0.00365959
1733 0.734206 0.551678 0.00385347
1734 0.734206 0.554901 0.00310253
1735 0.734206 0.550069 0.00366266
1736 0.734206 0.557136 0.00334687
1737 0.734206 0.560366 0.00287649
1738 0.734206 0.559682 0.00330529
1739 0.734206 0.561553 0.00385695
1740 0.734206 0.571202 0.00314373
1741 0.734206 0.569 0.00324026
1742 0.734206 0.568343 0.00348916
1743 0.734206 0.561351 0.00296335
1744 0.734206 0.566993 0.00369568
1745 0.734206 0.564204 0.00311875
1746 0.734206 0.571401 0.0034843
1747 0.734206 0.562383 0.00338536
1748 0.734206 0.557855 0.0037795
1749 0.734206 0.56644 0.00380386
1750 0.734206 0.559427 0.0032601
1751 0.734206 0.561206 0.00365073
1752 0.734206 0.556235 0.00383151
1753 0.734206 0.555339 0.00314289
1754 0.734206 0.551238 0.00390697
1755 0.734206 0.551556 0.00450154
1756 0.734206 0.556917 0.00423913
1757 0.734206 0.559513 0.0037098
1758 0.734206 0.554824 0.00407678
1759 0.734206 0.555667 0.00354106
1760 0.734206 0.555909 0.00381546
1761 0.734206 0.558719 0.00428928
1762 0.734206 0.560836 0.00429009
1763 0.734206 0.563072 0.00402731
1764 0.734206 0.565901 0.00423465
1765 0.734206 0.553303 0.00411659
1766 0.734206 0.559002 0.00437557
1767 0.734206 0.558403 0.00370563
1768 0.734206 0.555014 0.00423379
1769 0.734206 0.565076 0.00416644
1770 0.734206 0.561712 0.00387983
1771 0.734206 0.564974 0.0041526
1772 0.734206 0.561024 0.00350087
1773 0.734206 0.556732 0.00366015
1774 0.734206 0.554376 0.00407836
1775 0.734206 0.558314 0.00393938
1776 0.734206 0.555364 0.00386851
1777 0.734206 0.560943 0.00364788
1778 0.734206 0.567093 0.00444489
1779 0.734206 0.560022 0.00369919
1780 0.734206 0.556996 0.00368877
1781 0.734206 0.561683 0.00390273
1782 0.734206 0.563464 0.00381684
1783 0.734206 0.55852 0.00350484
1784 0.734206 0.561132 0.00370017
1785 0.734206 0.560941 0.00311716
1786 0.734206 0.560557 0.00294862
1787 0.734206 0.568934 0.00314904
1788 0.734206 0.561695 0.00302919
1789 0.734206 0.558682 0.00322593
1790 0.734206 0.563013 0.00292782
1791 0.734206 0.559925 0.00318113
1792 0.734206 0.560066 0.00344981
1793 0.734206 0.565976 0.00331982
1794 0.734206 0.552326 0.00339161
1795 0.734206 0.559118 0.00289053
1796 0.734206 0.558724 0.00389453
1797 0.734206 0.566407 0.00339995
1798 0.734206 0.56786 0.0029949
1799 0.734206 0.563598 0.00378405
1800 0.734206 0.555258 0.00409454
1801 0.734206 0.562314 0.00361365
1802 0.734206 0.560886 0.00342177
1803 0.734206 0.561387 0.00366674
1804 0.734206 0.568911 0.00309714
1805 0.734206 0.564575 0.00338393
1806 0.734206 0.551103 0.00360182
1807 0.734206 0.559488 0.00332711
1808 0.734206 0.558577 0.00317317
1809 0.734206 0.565962 0.00349169
1810 0.734206 0.558494 0.00337882
1811 0.734206 0.562428 0.0035724
1812 0.734206 0.561501 0.00350871
1813 0.734206 0.565226 0.00357566
1814 0.734206 0.559497 0.00377374
1815 0.734206 0.556434 0.0036222
1816 0.734206 0.553686 0.00292014
1817 0.734206 0.556312 0.00340512
1818 0.734206 0.556371 0.00353221
1819 0.734206 0.558495 0.00333521
1820 0.734206 0.552969 0.00301507
1821 0.734206 0.562751 0.00338052
1822 0.734206 0.561589 0.00354015
1823 0.734206 0.56687 0.00317233
1824 0.734206 0.565565 0.00345155
1825 0.734206 0.564898 0.00291617
1826 0.734206 0.56769 0.00286778
1827 0.734206 0.559001 0.00288843
1828 0.734206 0.572335 0.00283295
1829 0.734206 0.564682 0.00368132
1830 0.734206 0.56039 0.00340404
1831 0.734206 0.570984 0.00294825
1832 0.734206 0.564911 0.00333806
1833 0.734206 0.566618 0.00307757
1834 0.734206 0.569442 0.00288046
1835 0.734206 0.571186 0.0031595
1836 0.734206 0.563584 0.00296897
1837 0.734206 0.563993 0.00311975
1838 0.734206 0.56347 0.00239279
1839 0.734206 0.563044 0.00246841
1840 0.734206 0.560534 0.00321544
1841 0.734206 0.564605 0.00317599
1842 0.734206 0.563025 0.00354944
1843 0.734206 0.564946 0.0033922
1844 0.734206 0.559273 0.00283075
1845 0.734206 0.555473 0.00346889
1846 0.734206 0.559088 0.00390409
1847 0.734206 0.552632 0.00378135
1848 0.734206 0.560104 0.00362495
1849 0.734206 0.566714 0.00347463
1850 0.734206 0.559829 0.00315374
1851 0.734206 0.567075 0.0036993
1852 0.734206 0.566436 0.00307234
1853 0.734206 0.56515 0.0030861
1854 0.734206 0.554318 0.00316234
1855 0.734206 0.560407 0.00340984
1856 0.734206 0.556589 0.00343833
1857 0.734206 0.557859 0.00375748
1858 0.734206 0.560242 0.0037782
1859 0.734206 0.563528 0.00328915
1860 0.734206 0.564281 0.00340205
1861 0.734206 0.567107 0.0037771
1862 0.734206 0.567103 0.00400336
1863 0.734206 0.559704 0.00365021
1864 0.734206 0.557583 0.00336163
1865 0.734206 0.559942 0.00339694
1866 0.734206 0.567232 0.00322004
1867 0.734206 0.565615 0.00339549
1868 0.734206 0.560687 0.00325755
1869 0.734206 0.560968 0.00374974
1870 0.734206 0.564514 0.00373029
1871 0.734206 0.559424 0.00363094
1872 0.734206 0.552606 0.00352614
1873 0.734206 0.554894 0.00329501
1874 0.734206 0.553766 0.00360731
1875 0.734206 0.558763 0.00385335
1876 0.734206 0.558292 0.00346947
1877 0.734206 0.564712 0.00276945
1878 0.734206 0.570437 0.00304182
1879 0.734206 0.559812 0.00388196
1880 0.734206 0.56439 0.00375531
1881 0.734206 0.566054 0.00354735
1882 0.734206 0.563104 0.00297582
1883 0.734206 0.562104 0.00302909
1884 0.734206 0.559802 0.00325232
1885 0.734206 0.5642 0.00366499
1886 0.734206 0.56024 0.00354421
1887 0.734206 0.559919 0.00352577
1888 0.734206 0.551448 0.00370869
1889 0.734206 0.55947 0.0038579
1890 0.734206 0.56689 0.00357507
1891 0.734206 0.563232 0.00379462
1892 0.734206 0.559283 0.00361908
1893 0.734206 0.559423 0.00330927
1894 0.734206 0.562536 0.00383474
1895 0.734206 0.5611 0.00349061
1896 0.734206 0.563084 0.00397698
1897 0.734206 0.562198 0.00349453
1898 0.734206 0.560633 0.00381833
1899 0.734206 0.56244 0.00355878
1900 0.734206 0.570173 0.00340304
1901 0.734206 0.571436 0.00330613
1902 0.734206 0.567167 0.00330469
1903 0.734206 0.563972 0.00368597
1904 0.734206 0.569222 0.00409829
1905 0.734206 0.562054 0.00347451
1906 0.734206 0.556239 0.00354916
1907 0.734206 0.560819 0.00352228
1908 0.734206 0.551772 0.00369308
1909 0.734206 0.560324 0.00347413
1910 0.734206 0.57067 0.00307888
1911 0.734206 0.565797 0.00342029
1912 0.734206 0.566814 0.00332146
1913 0.734206 0.564804 0.00281538
1914 0.734206 0.563783 0.00314939
1915 0.734206 0.560906 0.00349524
1916 0.734206 0.562046 0.00342606
1917 0.734206 0.56194 0.00364564
1918 0.734206 0.561045 0.00343081
1919 0.734206 0.567632 0.00353642
1920 0.734206 0.566045 0.00349877
1921 0.734206 0.559171 0.00394125
1922 0.734206 0.551454 0.00398608
1923 0.734206 0.548815 0.00417746
1924 0.734206 0.560094 0.00387202
1925 0.734206 0.56034 0.00398948
1926 0.734206 0.566928 0.00358127
1927 0.734206 0.559043 0.00397707
1928 0.734206 0.568035 0.00368462
1929 0.734206 0.566456 0.00345818
1930 0.734206 0.560627 0.00375321
1931 0.734206 0.557482 0.00337337
1932 0.734206 0.556589 0.00352539
1933 0.734206 0.560627 0.00351699
1934 0.734206 0.554565 0.00338502
1935 0.734206 0.553065 0.00359613
1936 0.734206 0.547096 0.00374072
1937 0.734206 0.557569 0.00302928
1938 0.734206 0.561108 0.00304455
1939 0.734206 0.559004 0.00362793
1940 0.734206 0.559119 0.00321143
1941 0.734206 0.560627 0.0039226
1942 0.734206 0.563823 0.00364745
1943 0.734206 0.570117 0.00330708
1944 0.734206 0.564627 0.00299396
1945 0.734206 0.560812 0.00277697
1946 0.734206 0.562657 0.00333998
1947 0.734206 0.568121 0.00341349
1948 0.734206 0.565173 0.00302113
1949 0.734206 0.56261 0.00334158
1950 0.734206 0.569111 0.00310414
1951 0.734206 0.566755 0.00300176
1952 0.734206 0.571746 0.00357394
1953 0.734206 0.568772 0.00328725
1954 0.734206 0.560861 0.00337561
1955 0.734206 0.560675 0.00329836
1956 0.734206 0.561547 0.00380605
1957 0.734206 0.566694 0.00363395
1958 0.734206 0.567614 0.00291479
1959 0.734206 0.562489 0.00315282
1960 0.734206 0.569439 0.00373271
1961 0.734206 0.568911 0.003541
1962 0.734206 0.563323 0.00385905
1963 0.734206 0.571762 0.00283362
1964 0.734206 0.565782 0.00326164
1965 0.734206 0.567564 0.0035318
1966 0.734206 0.5589 0.00392379
1967 0.734206 0.561769 0.00325451
1968 0.734206 0.5557 0.00398275
1969 0.734206 0.559173 0.00382716
1970 0.734206 0.567978 0.00299869
1971 0.734206 0.565134 0.00316926
1972 0.734206 0.563454 0.00300516
1973 0.734206 0.564389 0.00351609
1974 0.734206 0.558323 0.00322089
1975 0.734206 0.557257 0.0038229
1976 0.734206 0.557644 0.00383171
1977 0.734206 0.553136 0.00315457
1978 0.734206 0.552937 0.0034106
1979 0.734206 0.561991 0.00353365
1980 0.734206 0.553863 0.00344739
1981 0.734206 0.561758 0.0036409
1982 0.734206 0.565139 0.00379773
1983 0.734206 0.559859 0.00360382
1984 0.734206 0.560056 0.00376533
1985 0.734206 0.559222 0.00362756
1986 0.734206 0.564679 0.00361604
1987 0.734206 0.562814 0.00344819
1988 0.734206 0.564401 0.00291349
1989 0.734206 0.565482 0.00322351
1990 0.734206 0.562477 0.00360269
1991 0.734206 0.567464 0.00332534
1992 0.734206 0.568021 0.00322094
1993 0.734206 0.570096 0.00340845
1994 0.734206 0.569807 0.00288776
1995 0.734206 0.557425 0.00320214
1996 0.734206 0.562467 0.00286964
1997 0.734206 0.561988 0.00358692
1998 0.734206 0.559758 0.00387333
1999 0.734206 0.565885 0.0037024
2000 0.734206 0.567215 0.00309691
