0 0.588598 0.496026 0.000614715
1 0.588598 0.500489 0.0006926
2 0.588598 0.500731 0.000738017
3 0.588598 0.502834 0.000581662
4 0.588598 0.504271 0.000655213
5 0.588598 0.506432 0.000605641
6 0.591874 0.506005 0.000648596
7 0.591874 0.50248 0.000751943
8 0.591874 0.504234 0.000680598
9 0.591874 0.504388 0.00065574
10 0.598337 0.50232 0.000743517
11 0.598337 0.504122 0.000816306
12 0.598337 0.504546 0.000843727
13 0.598337 0.508231 0.000799921
14 0.602914 0.505814 0.000846098
15 0.602914 0.50622 0.000843996
16 0.610715 0.506675 0.00113218
17 0.610715 0.50531 0.000924572
18 0.610715 0.50815 0.00122173
19 0.610715 0.504925 0.00121218
20 0.623155 0.504552 0.0012677
21 0.623155 0.506081 0.00137764
22 0.623155 0.505822 0.00140086
23 0.623155 0.505775 0.00134199
24 0.645028 0.502146 0.00164392
25 0.645028 0.502398 0.00162492
26 0.645028 0.502206 0.00125074
27 0.645028 0.504183 0.0016804
28 0.645028 0.506864 0.00125022
29 0.645028 0.503924 0.00161205
30 0.645028 0.500982 0.00162305
31 0.645028 0.499467 0.00157462
32 0.645028 0.504605 0.00156983
33 0.645028 0.50557 0.00161487
34 0.645028 0.505532 0.00156876
35 0.645028 0.507523 0.00176489
36 0.645028 0.505643 0.00211374
37 0.645028 0.500255 0.0017761
38 0.645028 0.500969 0.00186935
39 0.645028 0.504687 0.0017795
40 0.645028 0.507036 0.00198391
41 0.645028 0.502566 0.001807
42 0.645028 0.509037 0.00145993
43 0.645028 0.498524 0.00230935
44 0.645028 0.494372 0.00218103
45 0.645028 0.495376 0.00218149
46 0.645028 0.494142 0.00260069
47 0.645028 0.500182 0.00212234
48 0.645028 0.50446 0.00224859
49 0.645028 0.498535 0.00263529
50 0.651612 0.499447 0.00307515
51 0.651612 0.501399 0.00307646
52 0.651612 0.498591 0.00259247
53 0.651612 0.503473 0.00253571
54 0.651612 0.500916 0.00221866
55 0.651612 0.497643 0.0025845
56 0.651612 0.500943 0.00250808
57 0.651612 0.504498 0.00262239
58 0.662728 0.495462 0.00329203
59 0.662728 0.498507 0.00258101
60 0.662728 0.489594 0.00316373
61 0.662728 0.501754 0.00270523
62 0.662728 0.494741 0.00290736
63 0.662728 0.496596 0.0025496
64 0.666876 0.508068 0.00280197
65 0.666876 0.506958 0.00289872
66 0.666876 0.488848 0.00316827
67 0.666876 0.503023 0.00306756
68 0.666876 0.495713 0.003153
69 0.666876 0.497062 0.0032908
70 0.666876 0.500886 0.00349249
71 0.666876 0.493128 0.00329575
72 0.666876 0.488144 0.00335731
73 0.666876 0.49768 0.00300802
74 0.666876 0.504397 0.00319309
75 0.667957 0.497064 0.00310087
76 0.667957 0.489272 0.00385964
77 0.667957 0.507768 0.00311789
78 0.667957 0.496494 0.00358383
79 0.667957 0.494844 0.00337907
80 0.667957 0.504581 0.00306933
81 0.667957 0.496459 0.00329118
82 0.667957 0.5004 0.00244445
83 0.667957 0.499247 0.00377177
84 0.667957 0.495352 0.00318639
85 0.667957 0.50374 0.00349476
86 0.667957 0.497911 0.00379012
87 0.667957 0.50455 0.003112
88 0.667957 0.505019 0.00287486
89 0.667957 0.502172 0.00323543
90 0.667957 0.494393 0.00324631
91 0.667957 0.496163 0.003215
92 0.667957 0.494661 0.00341382
93 0.667957 0.500589 0.00335752
94 0.667957 0.497211 0.00291558
95 0.667957 0.4917 0.00368088
96 0.667957 0.494053 0.00426924
97 0.672482 0.496942 0.00354054
98 0.672482 0.502798 0.00437657
99 0.673455 0.505848 0.00347323
100 0.673455 0.496398 0.00344067
101 0.673455 0.501451 0.00380747
102 0.673455 0.504736 0.00346881
103 0.673455 0.505714 0.00363103
104 0.673455 0.507832 0.00348311
105 0.681595 0.504303 0.00474258
106 0.681595 0.510611 0.00334866
107 0.681595 0.499102 0.00392122
108 0.681595 0.503788 0.00353983
109 0.681595 0.495526 0.00316757
110 0.681595 0.499773 0.00314477
111 0.681595 0.49479 0.00329716
112 0.681595 0.496439 0.00351532
113 0.681595 0.498675 0.00371097
114 0.681595 0.491849 0.00344861
115 0.681595 0.505945 0.00359873
116 0.681595 0.50049 0.003924
117 0.681595 0.494206 0.00379096
118 0.681595 0.498791 0.0034178
119 0.681595 0.501309 0.00371629
120 0.681595 0.496765 0.00385129
121 0.697908 0.503032 0.00463874
122 0.697908 0.513247 0.00403345
123 0.697908 0.508246 0.00426179
124 0.697908 0.504041 0.00521111
125 0.697908 0.498647 0.00351036
126 0.697908 0.49014 0.00453852
127 0.697908 0.492611 0.00393558
128 0.697908 0.495231 0.00350637
129 0.697908 0.500358 0.00360385
130 0.697908 0.496579 0.00555891
131 0.697908 0.504642 0.00467333
132 0.697908 0.497993 0.00416933
133 0.697908 0.502999 0.00399948
134 0.697908 0.498837 0.00431518
135 0.697908 0.499014 0.00400548
136 0.697908 0.502082 0.00426675
137 0.697908 0.505162 0.00377544
138 0.702472 0.508877 0.00457862
139 0.702472 0.502119 0.00447243
140 0.702472 0.507816 0.004819
141 0.702472 0.505643 0.00481941
142 0.702472 0.507601 0.00506073
143 0.702472 0.496512 0.00457826
144 0.702472 0.491892 0.00419598
145 0.702472 0.499744 0.00387909
146 0.702472 0.497936 0.00456229
147 0.702472 0.498599 0.00493482
148 0.702472 0.495044 0.00518128
149 0.702472 0.502437 0.00490829
150 0.702472 0.49739 0.00451769
151 0.702472 0.497116 0.00464335
152 0.703875 0.489362 0.00494916
153 0.703875 0.495293 0.00497701
154 0.703875 0.503054 0.00428453
155 0.703875 0.497001 0.00454322
156 0.703875 0.496631 0.00407938
157 0.703875 0.504085 0.00495585
158 0.703875 0.496954 0.0044134
159 0.703875 0.502668 0.00423069
160 0.703875 0.499812 0.00458407
161 0.703875 0.49904 0.00402366
162 0.703875 0.501189 0.00453075
163 0.703875 0.495762 0.00517887
164 0.703875 0.504857 0.0038735
165 0.703875 0.496944 0.00428121
166 0.703875 0.498223 0.00412735
167 0.703875 0.492463 0.00471932
168 0.703875 0.496398 0.00449916
169 0.703875 0.49347 0.00403663
170 0.703875 0.497252 0.00434016
171 0.703875 0.498677 0.00416622
172 0.703875 0.500092 0.00502034
173 0.703875 0.498277 0.00403368
174 0.703875 0.500737 0.004532
175 0.703875 0.494657 0.00461186
176 0.703875 0.498666 0.00561976
177 0.703875 0.504608 0.0048632
178 0.703875 0.500493 0.00406138
179 0.703875 0.501309 0.00381473
180 0.703875 0.499795 0.00398573
181 0.703875 0.499719 0.0044201
182 0.703875 0.501503 0.00396851
183 0.703875 0.499708 0.00448539
184 0.703875 0.490745 0.00428272
185 0.703875 0.495954 0.00400251
186 0.703875 0.491968 0.00417723
187 0.703875 0.495033 0.00406582
188 0.703875 0.495306 0.00424675
189 0.703875 0.490589 0.00362712
190 0.703875 0.478763 0.00380059
191 0.703875 0.49107 0.00391753
192 0.703875 0.48817 0.00472689
193 0.703875 0.49483 0.00507454
194 0.703875 0.489238 0.00518405
195 0.703875 0.508677 0.00527455
196 0.703875 0.503577 0.00438251
197 0.703875 0.503875 0.00402842
198 0.703875 0.502249 0.00354974
199 0.703875 0.492193 0.00472774
200 0.703875 0.504489 0.00456269
201 0.703875 0.499569 0.00395114
202 0.703875 0.487323 0.0042401
203 0.703875 0.495168 0.00543631
204 0.703875 0.484857 0.00475092
205 0.703875 0.497496 0.00470741
206 0.703875 0.493678 0.00430108
207 0.703875 0.494555 0.00455347
208 0.703875 0.487417 0.00467412
209 0.703875 0.489615 0.00415143
210 0.703875 0.49643 0.00420272
211 0.703875 0.489425 0.00393074
212 0.703875 0.496897 0.00413172
213 0.703875 0.500461 0.00459417
214 0.703875 0.495437 0.00423163
215 0.703875 0.488951 0.00462845
216 0.703875 0.493512 0.0042927
217 0.703875 0.496048 0.00386911
218 0.703875 0.486896 0.00441604
219 0.703875 0.491942 0.00377964
220 0.703875 0.494366 0.00400644
221 0.703875 0.491466 0.00404792
222 0.703875 0.495898 0.00405722
223 0.703875 0.497465 0.0052267
224 0.703875 0.497076 0.00409775
225 0.703915 0.505397 0.00406788
226 0.703915 0.498626 0.00465541
227 0.703915 0.499416 0.00485555
228 0.703915 0.494605 0.00436316
229 0.703915 0.500959 0.0055856
230 0.703915 0.502215 0.00430359
231 0.703915 0.503228 0.00482813
232 0.703915 0.501923 0.00405112
233 0.703915 0.501653 0.00391534
234 0.703915 0.507553 0.00419689
235 0.703915 0.507415 0.00427282
236 0.703915 0.50316 0.00439408
237 0.703915 0.499898 0.00506645
238 0.703915 0.505359 0.00443941
239 0.703915 0.506092 0.00520987
240 0.703915 0.505446 0.00517415
241 0.703915 0.496771 0.00457077
242 0.703915 0.501001 0.00434928
243 0.703915 0.496303 0.00378747
244 0.703915 0.502185 0.00478443
245 0.703915 0.499812 0.00450725
246 0.703915 0.507882 0.00399559
247 0.703915 0.508169 0.00425862
248 0.703915 0.503503 0.00427147
249 0.703915 0.502966 0.00422167
250 0.703915 0.50416 0.00403221
251 0.703915 0.502184 0.00410998
252 0.721977 0.504645 0.00473049
253 0.721977 0.50063 0.00493226
254 0.721977 0.508862 0.00464445
255 0.721977 0.507392 0.0045251
256 0.721977 0.499816 0.00465961
257 0.721977 0.49919 0.00439717
258 0.721977 0.502074 0.00474432
259 0.721977 0.500195 0.00424318
260 0.721977 0.493708 0.00418342
261 0.721977 0.503193 0.00399279
262 0.721977 0.499111 0.00457697
263 0.721977 0.49753 0.00469273
264 0.721977 0.501327 0.00398622
265 0.721977 0.49863 0.00435198
266 0.721977 0.506566 0.00462016
267 0.721977 0.500143 0.00412279
268 0.721977 0.493787 0.00479197
269 0.721977 0.500492 0.00381222
270 0.721977 0.497411 0.00489345
271 0.721977 0.498771 0.00504463
272 0.721977 0.491201 0.00438555
273 0.721977 0.496377 0.00535445
274 0.721977 0.490316 0.00452653
275 0.721977 0.497882 0.00462183
276 0.721977 0.503182 0.00503475
277 0.721977 0.496277 0.00542453
278 0.721977 0.493076 0.00551877
279 0.721977 0.502713 0.00474364
280 0.721977 0.508634 0.0044524
281 0.721977 0.510566 0.00539166
282 0.721977 0.511678 0.0048735
283 0.721977 0.506349 0.00465621
284 0.721977 0.508602 0.00449691
285 0.721977 0.507616 0.00476127
286 0.721977 0.513368 0.00420229
287 0.721977 0.508511 0.00413776
288 0.721977 0.503988 0.00429106
289 0.721977 0.50605 0.004478
290 0.721977 0.497981 0.00487856
291 0.721977 0.493681 0.00372605
292 0.721977 0.498563 0.00433703
293 0.721977 0.494973 0.00412985
294 0.721977 0.499442 0.0038518
295 0.721977 0.500739 0.0045351
296 0.721977 0.498137 0.0053011
297 0.721977 0.491061 0.00561931
298 0.721977 0.490981 0.0054139
299 0.721977 0.499749 0.00528673
300 0.721977 0.504156 0.00474112
301 0.721977 0.505624 0.00471107
302 0.721977 0.498279 0.00529301
303 0.721977 0.496543 0.00452056
304 0.721977 0.502494 0.00582933
305 0.721977 0.498564 0.00451757
306 0.721977 0.502168 0.00384446
307 0.721977 0.496591 0.00465228
308 0.721977 0.499725 0.00422626
309 0.721977 0.501449 0.00416159
310 0.721977 0.503908 0.00413924
311 0.721977 0.500776 0.00492336
312 0.721977 0.501033 0.00392782
313 0.721977 0.498669 0.004329
314 0.721977 0.499969 0.00441661
315 0.721977 0.495402 0.00400279
316 0.721977 0.499699 0.00467614
317 0.721977 0.495957 0.0044568
318 0.721977 0.497196 0.00433565
319 0.721977 0.493693 0.00460375
320 0.721977 0.499364 0.00398961
321 0.721977 0.510818 0.00429364
322 0.721977 0.501788 0.00394137
323 0.721977 0.505623 0.00473469
324 0.721977 0.503937 0.00482946
325 0.721977 0.50279 0.00462974
326 0.721977 0.495535 0.00520878
327 0.721977 0.503019 0.00458594
328 0.721977 0.497371 0.00455909
329 0.721977 0.501366 0.00449134
330 0.721977 0.499549 0.00481181
331 0.721977 0.496826 0.00480438
332 0.721977 0.492001 0.00378097
333 0.721977 0.500187 0.00450712
334 0.721977 0.493291 0.00399797
335 0.721977 0.493984 0.0047052
336 0.721977 0.496034 0.00531536
337 0.721977 0.495188 0.00477385
338 0.721977 0.492769 0.00496793
339 0.721977 0.49715 0.0041345
340 0.721977 0.494474 0.00492025
341 0.721977 0.49777 0.00442881
342 0.728061 0.501648 0.0043503
343 0.728061 0.495514 0.00489981
344 0.728061 0.498614 0.00410242
345 0.728061 0.494708 0.00430691
346 0.728061 0.500891 0.00413282
347 0.728061 0.495663 0.00495536
348 0.728061 0.489134 0.00530422
349 0.733408 0.500492 0.00491993
350 0.733408 0.503676 0.00492164
351 0.733408 0.507568 0.00439995
352 0.733408 0.507253 0.00535986
353 0.733408 0.502203 0.00492921
354 0.733408 0.50147 0.00452028
355 0.733408 0.502963 0.00498248
356 0.733408 0.499398 0.0048567
357 0.733408 0.500686 0.00500106
358 0.733732 0.499357 0.00533367
359 0.733732 0.499443 0.00529419
360 0.733732 0.500009 0.00579929
361 0.733732 0.503613 0.00523918
362 0.733732 0.500073 0.00426956
363 0.733732 0.503566 0.00479722
364 0.733732 0.499926 0.00534045
365 0.733968 0.507603 0.00585857
366 0.733968 0.511205 0.00562235
367 0.733968 0.498563 0.00487604
368 0.733968 0.505998 0.00549137
369 0.733968 0.50317 0.00510471
370 0.733968 0.510309 0.00483053
371 0.733968 0.497852 0.00504084
372 0.733968 0.499752 0.00485769
373 0.733968 0.502814 0.00487094
374 0.733968 0.504094 0.00473568
375 0.733968 0.498067 0.00530678
376 0.733968 0.503872 0.00532155
377 0.733968 0.499586 0.00479899
378 0.733968 0.506956 0.00526771
379 0.733968 0.503401 0.00545518
380 0.733968 0.497964 0.00548662
381 0.733968 0.499449 0.00615867
382 0.733968 0.49279 0.00593967
383 0.733968 0.500068 0.0057043
384 0.733968 0.503431 0.0057237
385 0.733968 0.490664 0.00522185
386 0.733968 0.498487 0.005178
387 0.733968 0.496948 0.00505832
388 0.733968 0.499188 0.00530043
389 0.733968 0.503098 0.00444855
390 0.733968 0.500362 0.00465491
391 0.733968 0.514661 0.00591311
392 0.733968 0.504029 0.0062399
393 0.734657 0.504165 0.00612344
394 0.734657 0.50254 0.00502509
395 0.734784 0.509438 0.00580243
396 0.734784 0.507436 0.00518228
397 0.734784 0.49821 0.00499398
398 0.734784 0.502601 0.00477371
399 0.734784 0.507753 0.00468869
400 0.734784 0.50792 0.00481317
401 0.734784 0.505842 0.00457088
402 0.734784 0.505254 0.00476514
403 0.734784 0.510359 0.00641362
404 0.734784 0.504156 0.0067805
405 0.734784 0.49896 0.00592703
406 0.734784 0.497199 0.00665546
407 0.734784 0.509902 0.00555883
408 0.734784 0.50625 0.00489782
409 0.734784 0.499394 0.00585986
410 0.734784 0.500323 0.00584628
411 0.734784 0.491406 0.00532976
412 0.734784 0.492575 0.005328
413 0.734784 0.498584 0.00569283
414 0.734784 0.493756 0.0049346
415 0.734784 0.502954 0.00494557
416 0.734784 0.497824 0.00608513
417 0.734784 0.512746 0.00485346
418 0.734784 0.506279 0.00559271
419 0.734784 0.505536 0.00409888
420 0.734784 0.509228 0.00532561
421 0.734784 0.50713 0.00608481
422 0.734784 0.509411 0.00637874
423 0.734784 0.499236 0.00634653
424 0.734784 0.506845 0.00597449
425 0.734784 0.513101 0.00540076
426 0.734784 0.499636 0.00525722
427 0.734784 0.506368 0.00564662
428 0.734784 0.504252 0.00600338
429 0.734784 0.511559 0.00589836
430 0.734784 0.518708 0.0055342
431 0.734784 0.512214 0.00566016
432 0.734784 0.517286 0.00516888
433 0.734784 0.518249 0.00500878
434 0.734784 0.5143 0.00482974
435 0.734784 0.520154 0.0059218
436 0.734784 0.516426 0.00542901
437 0.734784 0.505223 0.00514035
438 0.734784 0.498276 0.00482949
439 0.734784 0.502667 0.00537772
440 0.734784 0.500416 0.00459199
441 0.734784 0.509369 0.0052581
442 0.734784 0.511581 0.00499113
443 0.734784 0.506458 0.00621217
444 0.734784 0.518196 0.00598876
445 0.734784 0.513113 0.00500901
446 0.734784 0.503766 0.00579007
447 0.734784 0.506827 0.00499142
448 0.734784 0.505385 0.0059116
449 0.734784 0.505776 0.00489141
450 0.734784 0.501766 0.00550497
451 0.734784 0.501381 0.00641545
452 0.734784 0.505779 0.00560299
453 0.734784 0.509095 0.00549345
454 0.734784 0.501586 0.0045031
455 0.734784 0.49592 0.00523951
456 0.734784 0.506388 0.00472357
457 0.734784 0.510647 0.00493056
458 0.734784 0.507782 0.00598543
459 0.734784 0.516498 0.00568014
460 0.734784 0.509903 0.00505379
461 0.734784 0.510391 0.00553725
462 0.734784 0.515521 0.00632937
463 0.734784 0.509705 0.00597
464 0.734784 0.509804 0.00546513
465 0.734784 0.503598 0.00596097
466 0.734784 0.500309 0.00634311
467 0.734784 0.504942 0.00468498
468 0.734784 0.502659 0.00519625
469 0.734784 0.500405 0.00595914
470 0.734784 0.502804 0.00611557
471 0.734784 0.506049 0.00519861
472 0.734784 0.510234 0.00453394
473 0.734784 0.505029 0.00570029
474 0.734784 0.500844 0.00514088
475 0.734784 0.499351 0.00525688
476 0.734784 0.504644 0.00595444
477 0.734784 0.506788 0.00515824
478 0.734784 0.499204 0.00533133
479 0.734784 0.489159 0.0054607
480 0.734784 0.505203 0.00598955
481 0.734784 0.498167 0.00586798
482 0.734784 0.495296 0.00565008
483 0.734784 0.494302 0.00563554
484 0.734784 0.496259 0.00517216
485 0.734784 0.503552 0.00613343
486 0.734784 0.503596 0.00617375
487 0.734784 0.504514 0.00524821
488 0.734784 0.502433 0.00513699
489 0.734784 0.507939 0.00603983
490 0.734784 0.498376 0.0059088
491 0.734784 0.512186 0.00484481
492 0.734784 0.501751 0.00493562
493 0.734784 0.498405 0.00537597
494 0.734784 0.49809 0.00512633
495 0.734784 0.499442 0.00564025
496 0.734784 0.499425 0.00616625
497 0.734784 0.506249 0.00538325
498 0.734784 0.506829 0.00500492
499 0.734784 0.496953 0.0048198
500 0.734784 0.499742 0.00532903
501 0.734784 0.510189 0.00415504
502 0.734784 0.503742 0.00560807
503 0.734784 0.50057 0.00492148
504 0.734784 0.50413 0.00480698
505 0.734784 0.504649 0.00430953
506 0.734784 0.509027 0.0047314
507 0.734784 0.503186 0.00543236
508 0.734784 0.504927 0.00504784
509 0.734784 0.495256 0.00519854
510 0.734784 0.509041 0.00506262
511 0.734784 0.49831 0.00535174
512 0.734784 0.488388 0.00546544
513 0.734784 0.502051 0.0046724
514 0.734784 0.4975 0.00513679
515 0.734784 0.499503 0.00455159
516 0.734784 0.496572 0.00491619
517 0.734784 0.505808 0.00477631
518 0.738321 0.503228 0.00557999
519 0.738321 0.500115 0.00458435
520 0.738321 0.496699 0.00468232
521 0.738321 0.492404 0.00480949
522 0.738321 0.500491 0.0051505
523 0.738321 0.494215 0.0044282
524 0.738321 0.500056 0.0049166
525 0.738321 0.498431 0.00480284
526 0.738321 0.495434 0.00541856
527 0.738321 0.491995 0.00398138
528 0.738321 0.491343 0.00458698
529 0.738321 0.492334 0.00508279
530 0.738321 0.498035 0.00472395
531 0.738321 0.500007 0.00531462
532 0.738321 0.502182 0.0050969
533 0.738321 0.499242 0.00579261
534 0.738321 0.50279 0.00544091
535 0.738321 0.499125 0.00510281
536 0.738321 0.510853 0.00562427
537 0.738321 0.505832 0.00625972
538 0.738321 0.497444 0.00529187
539 0.738321 0.501756 0.00483113
540 0.738321 0.501764 0.00467138
541 0.738321 0.500843 0.00544976
542 0.738321 0.50602 0.00548694
543 0.738321 0.498849 0.0048571
544 0.738321 0.499208 0.0047644
545 0.738321 0.498387 0.00517633
546 0.738321 0.498027 0.00609391
547 0.738321 0.498133 0.00610222
548 0.738321 0.500267 0.00577346
549 0.738321 0.501908 0.00506988
550 0.738321 0.501959 0.00470818
551 0.738321 0.501843 0.00584825
552 0.738321 0.511961 0.00487542
553 0.738321 0.509459 0.0050337
554 0.738321 0.513574 0.0052475
555 0.738321 0.511821 0.00468178
556 0.738321 0.507337 0.00457337
557 0.738321 0.504206 0.00548311
558 0.738321 0.502718 0.00522268
559 0.738321 0.514106 0.00552772
560 0.738321 0.502496 0.0056743
561 0.738321 0.499466 0.00636639
562 0.738321 0.507076 0.00623859
563 0.738321 0.509431 0.0053116
564 0.738321 0.505998 0.00614014
565 0.738321 0.503968 0.00599593
566 0.738321 0.515957 0.00609332
567 0.738321 0.500989 0.00626357
568 0.738321 0.503004 0.00519918
569 0.738321 0.505855 0.0057035
570 0.738321 0.509909 0.00611526
571 0.738321 0.506318 0.00619394
572 0.738321 0.505502 0.0057965
573 0.738321 0.510261 0.00609596
574 0.738321 0.51743 0.00594336
575 0.738321 0.513683 0.0056472
576 0.738321 0.507617 0.00553057
577 0.738321 0.51038 0.00488256
578 0.738321 0.50255 0.00504545
579 0.738321 0.508991 0.00523359
580 0.738321 0.498763 0.00509812
581 0.738321 0.501309 0.00545552
582 0.738321 0.50431 0.00479492
583 0.738321 0.50557 0.00456592
584 0.738321 0.508481 0.00418868
585 0.738321 0.509393 0.00458079
586 0.738321 0.511697 0.00478615
587 0.738321 0.506144 0.00517166
588 0.738321 0.501641 0.00561358
589 0.738321 0.507122 0.00634016
590 0.738321 0.51726 0.00512734
591 0.738321 0.509214 0.00507265
592 0.738321 0.503617 0.00569423
593 0.738321 0.510921 0.00473844
594 0.738321 0.504833 0.00522136
595 0.738321 0.511362 0.005761
596 0.738321 0.502634 0.00554418
597 0.738321 0.495939 0.00521572
598 0.738321 0.501405 0.00533578
599 0.738321 0.508479 0.00587709
600 0.738321 0.504439 0.00623905
601 0.738321 0.506406 0.00565876
602 0.738321 0.509303 0.00574004
603 0.738321 0.510565 0.00518304
604 0.738321 0.505324 0.00477265
605 0.738321 0.496477 0.00560138
606 0.738321 0.497076 0.00617555
607 0.738321 0.511987 0.00646277
608 0.738321 0.507623 0.00552255
609 0.738321 0.502803 0.00592633
610 0.738321 0.505362 0.00515959
611 0.738321 0.503731 0.00575307
612 0.738321 0.503356 0.00463419
613 0.738321 0.498007 0.00465862
614 0.738321 0.500234 0.00494862
615 0.738321 0.493758 0.00448408
616 0.738321 0.494647 0.00595219
617 0.738321 0.499419 0.0055029
618 0.738321 0.500146 0.00584315
619 0.738321 0.496422 0.00531864
620 0.738321 0.497923 0.00449107
621 0.738321 0.50275 0.00443863
622 0.738321 0.503967 0.00422515
623 0.738321 0.493828 0.00560843
624 0.738321 0.504639 0.00588282
625 0.738321 0.50507 0.00503832
626 0.738321 0.500604 0.00506832
627 0.738321 0.504662 0.00521609
628 0.738321 0.504083 0.00547134
629 0.738321 0.498232 0.00557933
630 0.738321 0.49507 0.00585551
631 0.738321 0.514642 0.0049068
632 0.738321 0.50491 0.00489363
633 0.738321 0.494306 0.00508888
634 0.738321 0.500273 0.00545363
635 0.738321 0.50276 0.0048103
636 0.738321 0.494949 0.00519834
637 0.738321 0.506189 0.00553308
638 0.738321 0.505304 0.00519491
639 0.738321 0.506166 0.00539484
640 0.738321 0.507588 0.00543316
641 0.738321 0.505141 0.00533102
642 0.738321 0.498792 0.00512864
643 0.738321 0.496746 0.00619308
644 0.738321 0.49385 0.00510299
645 0.738321 0.500263 0.00561883
646 0.738321 0.501673 0.00505273
647 0.738321 0.505384 0.00570447
648 0.738321 0.506599 0.00606181
649 0.738321 0.500849 0.00566212
650 0.738321 0.493286 0.0053624
651 0.738321 0.504879 0.00524815
652 0.738321 0.504545 0.00537347
653 0.738321 0.508491 0.0053309
654 0.738321 0.508589 0.00563932
655 0.738321 0.502163 0.00494405
656 0.738321 0.500176 0.00567534
657 0.738321 0.499528 0.00399295
658 0.738321 0.495294 0.00482597
659 0.738321 0.492128 0.00512527
660 0.738321 0.492655 0.00575478
661 0.738321 0.494773 0.0059614
662 0.738321 0.502242 0.00584876
663 0.738321 0.489898 0.00541509
664 0.738321 0.498298 0.00510191
665 0.738321 0.49876 0.00515533
666 0.738321 0.49567 0.00634854
667 0.738321 0.494258 0.00524874
668 0.738321 0.502492 0.00565021
669 0.738321 0.511757 0.0060993
670 0.738321 0.507572 0.00555867
671 0.738321 0.499806 0.00556617
672 0.738321 0.499412 0.00641271
673 0.738321 0.506597 0.0045145
674 0.738321 0.495587 0.00529003
675 0.738321 0.504752 0.00584303
676 0.738321 0.498948 0.0053173
677 0.738321 0.506264 0.00537909
678 0.738321 0.503445 0.0056443
679 0.738321 0.505294 0.00562985
680 0.738321 0.506915 0.00603087
681 0.738321 0.500951 0.00573837
682 0.738321 0.50618 0.00520529
683 0.738321 0.493599 0.00507558
684 0.738321 0.50418 0.00571135
685 0.738321 0.491387 0.00551798
686 0.738321 0.489064 0.00455772
687 0.738321 0.487526 0.00508802
688 0.738321 0.497749 0.00565304
689 0.738321 0.498448 0.00515119
690 0.738321 0.492564 0.0052058
691 0.738321 0.495735 0.00469887
692 0.738321 0.497149 0.00479427
693 0.738321 0.502996 0.00559747
694 0.738321 0.491449 0.00563708
695 0.738321 0.509383 0.00583087
696 0.738321 0.499221 0.00514948
697 0.738321 0.500656 0.00516799
698 0.738321 0.502127 0.00587026
699 0.738321 0.497275 0.00476865
700 0.738321 0.489776 0.00551682
701 0.738321 0.499092 0.00595359
702 0.738321 0.491996 0.00519582
703 0.738321 0.496708 0.0052034
704 0.738321 0.497479 0.00555599
705 0.738321 0.491391 0.00528043
706 0.738321 0.490379 0.00512312
707 0.738321 0.493387 0.00564417
708 0.738321 0.493538 0.00461362
709 0.738321 0.497547 0.00530067
710 0.738321 0.499579 0.0052874
711 0.738321 0.498712 0.00528644
712 0.738321 0.501748 0.00441225
713 0.738321 0.492595 0.00465665
714 0.738321 0.504078 0.00502697
715 0.738321 0.503154 0.00533142
716 0.738321 0.498303 0.00704284
717 0.738321 0.503956 0.00682859
718 0.738321 0.495805 0.0065519
719 0.738321 0.490738 0.00558713
720 0.738321 0.496119 0.00532835
721 0.738321 0.496505 0.00450672
722 0.738321 0.498855 0.00509678
723 0.738321 0.490171 0.00601087
724 0.738321 0.499834 0.00481633
725 0.738321 0.50901 0.00486468
726 0.738321 0.495389 0.00585506
727 0.738321 0.51035 0.0058303
728 0.738321 0.502483 0.00507381
729 0.738321 0.502581 0.00539439
730 0.738321 0.503061 0.00545841
731 0.738321 0.508724 0.00477571
732 0.738321 0.501126 0.00522044
733 0.738321 0.503159 0.00510898
734 0.738321 0.499398 0.00628754
735 0.738321 0.508237 0.00577496
736 0.738321 0.508241 0.00534055
737 0.738321 0.514024 0.0059716
738 0.738321 0.510794 0.00492107
739 0.738321 0.503705 0.00476363
740 0.738321 0.501454 0.00494625
741 0.738321 0.517581 0.0055775
742 0.738321 0.511609 0.00470513
743 0.738321 0.503308 0.00592388
744 0.738321 0.500233 0.00574539
745 0.738321 0.504829 0.00508808
746 0.738321 0.504331 0.00484336
747 0.738321 0.498666 0.0049671
748 0.738321 0.500713 0.00460599
749 0.738321 0.498468 0.00455444
750 0.738321 0.502749 0.00457999
751 0.738321 0.501237 0.00550957
752 0.738321 0.503599 0.00544797
753 0.738321 0.499158 0.00484693
754 0.738321 0.494296 0.00541301
755 0.738321 0.501193 0.00487555
756 0.738321 0.501801 0.00446988
757 0.738321 0.49553 0.00515158
758 0.738321 0.498041 0.00525857
759 0.738321 0.506594 0.0049566
760 0.738321 0.500588 0.0054342
761 0.738321 0.504575 0.00537139
762 0.738321 0.501747 0.00510179
763 0.738321 0.498718 0.00532633
764 0.738321 0.502488 0.00641375
765 0.738321 0.490837 0.00609494
766 0.738321 0.501171 0.00623783
767 0.738321 0.500378 0.00513611
768 0.738321 0.492387 0.00513998
769 0.738321 0.498459 0.00503003
770 0.738321 0.503125 0.00471321
771 0.738321 0.509637 0.00493828
772 0.738321 0.498416 0.00454673
773 0.738321 0.499993 0.00471397
774 0.738321 0.509221 0.00466276
775 0.738321 0.503217 0.00465011
776 0.738321 0.504388 0.00519407
777 0.738321 0.497055 0.00512848
778 0.738321 0.495421 0.0052356
779 0.738321 0.497716 0.00567051
780 0.738321 0.495811 0.00482245
781 0.738321 0.488755 0.00503404
782 0.738321 0.499145 0.00554572
783 0.738321 0.50045 0.00496523
784 0.738321 0.50965 0.00469119
785 0.738543 0.5087 0.00538969
786 0.738543 0.502321 0.0046652
787 0.746088 0.505031 0.00602419
788 0.746088 0.502162 0.00547449
789 0.746088 0.492717 0.00610364
790 0.746088 0.492171 0.00579296
791 0.746088 0.495985 0.00537043
792 0.746088 0.505772 0.00522487
793 0.746088 0.509048 0.00504245
794 0.746088 0.499581 0.00580425
795 0.746088 0.500868 0.00591774
796 0.746088 0.509207 0.00744997
797 0.746088 0.507273 0.00550154
798 0.746088 0.514667 0.00583921
799 0.746088 0.517547 0.0053716
800 0.746088 0.511314 0.00484564
801 0.746088 0.508734 0.0050778
802 0.746088 0.503545 0.00516289
803 0.746088 0.504327 0.00494798
804 0.746088 0.503614 0.00542139
805 0.746088 0.510557 0.00566764
806 0.746088 0.504189 0.00642492
807 0.746088 0.511497 0.0050896
808 0.746088 0.503128 0.00595088
809 0.746088 0.500401 0.00514969
810 0.746088 0.498435 0.00666254
811 0.746088 0.504288 0.00648962
812 0.746088 0.506382 0.00647359
813 0.746088 0.499084 0.00681593
814 0.746088 0.4958 0.00620177
815 0.746088 0.507248 0.00564856
816 0.746088 0.509727 0.00550538
817 0.746088 0.508846 0.00562142
818 0.746088 0.511279 0.00476867
819 0.746088 0.498443 0.00565413
820 0.746088 0.503411 0.0055463
821 0.746088 0.509283 0.00539321
822 0.746088 0.501116 0.00533191
823 0.746088 0.500388 0.00587828
824 0.746088 0.502351 0.00612683
825 0.746088 0.505156 0.00608065
826 0.746088 0.503194 0.00489359
827 0.746088 0.500687 0.00532198
828 0.746088 0.506906 0.00573022
829 0.746088 0.498432 0.00530771
830 0.746088 0.486668 0.00579045
831 0.746088 0.49052 0.00622627
832 0.746088 0.495359 0.0056914
833 0.746088 0.49606 0.00527488
834 0.746088 0.497964 0.00576567
835 0.746088 0.496634 0.00561654
836 0.746088 0.501978 0.00502288
837 0.746088 0.506761 0.00465336
838 0.746088 0.503408 0.00513927
839 0.746088 0.510304 0.00580853
840 0.746088 0.509242 0.00524365
841 0.746088 0.493342 0.00588029
842 0.746088 0.497278 0.00560623
843 0.746088 0.495405 0.00453486
844 0.746088 0.507349 0.00450029
845 0.746088 0.5075 0.00527657
846 0.746088 0.510707 0.00459661
847 0.746088 0.502814 0.00489478
848 0.746088 0.504182 0.00519083
849 0.746088 0.503295 0.00574639
850 0.746088 0.505997 0.00687446
851 0.746088 0.508497 0.00645876
852 0.746088 0.501099 0.00555392
853 0.746088 0.503995 0.0057634
854 0.746088 0.508478 0.00558602
855 0.746088 0.502498 0.00634965
856 0.746088 0.505558 0.00631723
857 0.746088 0.50404 0.00532553
858 0.746088 0.4938 0.00478866
859 0.746088 0.502511 0.00589911
860 0.746088 0.49967 0.00505147
861 0.746088 0.498573 0.00510063
862 0.746088 0.497394 0.00603799
863 0.746088 0.494146 0.00548237
864 0.746088 0.49668 0.0048905
865 0.746088 0.498713 0.00575212
866 0.746088 0.506989 0.00603887
867 0.746088 0.505967 0.00611345
868 0.746088 0.506772 0.00511744
869 0.746088 0.494574 0.00572029
870 0.746088 0.496908 0.00573055
871 0.746088 0.502456 0.00560884
872 0.746088 0.504427 0.0055106
873 0.746088 0.499083 0.00639108
874 0.746088 0.49822 0.00587973
875 0.746088 0.495931 0.00567583
876 0.746088 0.500009 0.005659
877 0.746088 0.494415 0.00475018
878 0.746088 0.500514 0.0052321
879 0.746088 0.501122 0.00523135
880 0.746088 0.49955 0.00526352
881 0.746088 0.504227 0.00497222
882 0.746088 0.496866 0.00504448
883 0.746088 0.495213 0.00523099
884 0.746088 0.49786 0.00501108
885 0.746088 0.505272 0.00469858
886 0.752081 0.505056 0.0057038
887 0.752081 0.499254 0.00579658
888 0.752081 0.500071 0.0063475
889 0.752081 0.507723 0.00583408
890 0.752081 0.489062 0.00551827
891 0.752081 0.49278 0.00603499
892 0.752081 0.497555 0.00533217
893 0.752081 0.501439 0.00544833
894 0.752081 0.501055 0.0060358
895 0.752081 0.518697 0.00473088
896 0.752081 0.50722 0.00574351
897 0.752081 0.510212 0.00628402
898 0.752081 0.512976 0.00551791
899 0.752081 0.506655 0.00493494
900 0.752081 0.50853 0.00497137
901 0.752081 0.498893 0.00546753
902 0.752081 0.507987 0.00593106
903 0.752081 0.502379 0.00498186
904 0.752081 0.509537 0.00601931
905 0.752081 0.49541 0.0055544
906 0.752081 0.493921 0.00497225
907 0.752081 0.490252 0.00490636
908 0.752081 0.502364 0.00567626
909 0.752081 0.500002 0.00569242
910 0.752081 0.49636 0.00557233
911 0.752081 0.505565 0.00584904
912 0.752081 0.504119 0.00559819
913 0.752081 0.506735 0.00545904
914 0.752081 0.499614 0.0045631
915 0.752081 0.492313 0.00586396
916 0.752081 0.498143 0.0058691
917 0.752081 0.500892 0.00619116
918 0.752081 0.509289 0.00532139
919 0.752081 0.500491 0.00651655
920 0.752081 0.49821 0.0062482
921 0.752081 0.500044 0.00579762
922 0.752081 0.506287 0.00561771
923 0.752081 0.49939 0.00507259
924 0.752081 0.502475 0.00516086
925 0.752081 0.503323 0.00568746
926 0.752081 0.495551 0.00503573
927 0.752081 0.50292 0.00521604
928 0.752081 0.492326 0.00546168
929 0.752081 0.503546 0.00545015
930 0.752081 0.50118 0.00619709
931 0.752081 0.504556 0.00539782
932 0.752081 0.500535 0.00495871
933 0.752081 0.495136 0.00586005
934 0.752081 0.497103 0.00580867
935 0.752081 0.503062 0.00524378
936 0.752081 0.49724 0.00533409
937 0.752081 0.496848 0.00509848
938 0.752081 0.487123 0.00533486
939 0.752081 0.498074 0.00515959
940 0.752081 0.501621 0.00541192
941 0.752081 0.509121 0.00665982
942 0.752081 0.504007 0.00532434
943 0.752081 0.502909 0.00463752
944 0.752081 0.501355 0.00529025
945 0.752081 0.506836 0.00524022
946 0.752081 0.505682 0.00553586
947 0.752081 0.496984 0.00618621
948 0.752081 0.496518 0.00552068
949 0.752081 0.503643 0.00594592
950 0.752081 0.505012 0.00547969
951 0.752081 0.504054 0.00589663
952 0.752081 0.50131 0.00581565
953 0.752081 0.50146 0.00485537
954 0.752081 0.501354 0.00510019
955 0.755361 0.508125 0.00606718
956 0.755361 0.511353 0.00514897
957 0.755361 0.506405 0.00593227
958 0.755361 0.507545 0.00577968
959 0.755361 0.505923 0.00531342
960 0.755361 0.50546 0.00498838
961 0.755361 0.502754 0.00525803
962 0.755361 0.507844 0.00472151
963 0.755361 0.499965 0.00537044
964 0.755361 0.495579 0.00626221
965 0.755361 0.501426 0.0049649
966 0.755361 0.501397 0.00564386
967 0.755361 0.499486 0.00535322
968 0.755361 0.503005 0.00514047
969 0.755361 0.507708 0.00569093
970 0.755361 0.500527 0.0053836
971 0.755361 0.498274 0.00559859
972 0.755361 0.500175 0.0055723
973 0.755361 0.503713 0.00548956
974 0.755361 0.492242 0.00519838
975 0.755361 0.500525 0.00608896
976 0.755361 0.503258 0.00509847
977 0.755361 0.506709 0.0054836
978 0.755361 0.507136 0.00613504
979 0.755361 0.502716 0.00637839
980 0.755361 0.506692 0.00530384
981 0.755361 0.508126 0.00534506
982 0.755361 0.502704 0.00559587
983 0.755361 0.501233 0.00544396
984 0.755361 0.496579 0.00482935
985 0.755361 0.49928 0.00527081
986 0.755361 0.506388 0.00535778
987 0.755361 0.504718 0.00513071
988 0.755361 0.497743 0.00634597
989 0.755361 0.505654 0.00685747
990 0.755361 0.502068 0.00503448
991 0.755361 0.503302 0.00522952
992 0.755361 0.505013 0.00658679
993 0.755361 0.507547 0.00603563
994 0.755361 0.495945 0.00546984
995 0.755361 0.502997 0.00625274
996 0.755361 0.495432 0.00599441
997 0.755361 0.507908 0.00534314
998 0.755361 0.495889 0.00613641
999 0.755361 0.490123 0.0060669
1000 0.755361 0.503968 0.00605836
1001 0.755361 0.502613 0.0055968
1002 0.755361 0.507824 0.00575909
1003 0.755361 0.504049 0.00595836
1004 0.755361 0.501683 0.00581215
1005 0.755361 0.507369 0.00600639
1006 0.755361 0.507177 0.00537751
1007 0.755361 0.514975 0.00604206
1008 0.755361 0.508617 0.00577842
1009 0.755361 0.503947 0.00595575
1010 0.755361 0.492484 0.00601521
1011 0.755361 0.497448 0.00536481
1012 0.755361 0.499824 0.00486397
1013 0.755361 0.497642 0.00590731
1014 0.755361 0.494994 0.00627907
1015 0.755361 0.500355 0.00600699
1016 0.755361 0.503176 0.00567408
1017 0.755361 0.509415 0.00598234
1018 0.755361 0.501684 0.00492816
1019 0.755361 0.503386 0.00564059
1020 0.755361 0.492749 0.00571181
1021 0.755361 0.502969 0.00620005
1022 0.755361 0.502676 0.00665053
1023 0.755361 0.503176 0.00720165
1024 0.755361 0.507067 0.00650192
1025 0.755361 0.505465 0.00568193
1026 0.755361 0.500454 0.00559755
1027 0.755361 0.505749 0.00533383
1028 0.755361 0.498609 0.00601988
1029 0.755361 0.494504 0.00609438
1030 0.755361 0.497819 0.00617044
1031 0.755361 0.492355 0.00584561
1032 0.755361 0.502821 0.00652803
1033 0.755361 0.498794 0.00632045
1034 0.755361 0.49315 0.00632592
1035 0.755361 0.498469 0.00552817
1036 0.755361 0.503029 0.00526641
1037 0.755361 0.501406 0.00515125
1038 0.755361 0.509935 0.00692893
1039 0.755361 0.505771 0.00588243
1040 0.755361 0.504517 0.00520731
1041 0.755361 0.509655 0.00522249
1042 0.755361 0.508283 0.00572565
1043 0.755361 0.506286 0.00580477
1044 0.755361 0.508907 0.00615586
1045 0.762547 0.508448 0.00702466
1046 0.762547 0.510013 0.00685397
1047 0.762547 0.5094 0.00601034
1048 0.762547 0.501677 0.00643211
1049 0.762547 0.502192 0.00525524
1050 0.762547 0.510194 0.00521931
1051 0.762547 0.504836 0.00598391
1052 0.762547 0.504747 0.00649568
1053 0.762547 0.504131 0.00500332
1054 0.762547 0.514575 0.00553954
1055 0.762547 0.504892 0.00587559
1056 0.762547 0.492565 0.00478339
1057 0.762547 0.504265 0.0059714
1058 0.762547 0.500312 0.00558855
1059 0.762547 0.492699 0.00539225
1060 0.762547 0.505954 0.0063093
1061 0.762547 0.497405 0.00696113
1062 0.762547 0.498406 0.00730182
1063 0.762547 0.501407 0.00624888
1064 0.762547 0.500146 0.0055285
1065 0.762547 0.503785 0.00729856
1066 0.762547 0.501876 0.0060892
1067 0.762547 0.502026 0.00571149
1068 0.762547 0.505216 0.00676815
1069 0.762547 0.501478 0.00616955
1070 0.762547 0.504611 0.00549386
1071 0.762547 0.498391 0.00497956
1072 0.762547 0.501883 0.00550345
1073 0.762547 0.505945 0.00508344
1074 0.762547 0.496108 0.00503125
1075 0.762547 0.502853 0.00614877
1076 0.762547 0.499341 0.00628359
1077 0.762547 0.499332 0.0057396
1078 0.762547 0.504756 0.00579213
1079 0.762547 0.504991 0.00576086
1080 0.762547 0.491203 0.00590249
1081 0.762547 0.510471 0.00534656
1082 0.762547 0.500817 0.00624061
1083 0.762547 0.50398 0.00620587
1084 0.762547 0.51347 0.00602285
1085 0.762547 0.512509 0.00527364
1086 0.762547 0.500902 0.00663163
1087 0.762547 0.508242 0.00576266
1088 0.762547 0.508299 0.00558441
1089 0.762547 0.501975 0.00652328
1090 0.762547 0.504813 0.00543741
1091 0.762547 0.50162 0.00498123
1092 0.762547 0.492638 0.00587658
1093 0.762547 0.512782 0.00572541
1094 0.762547 0.513172 0.00695765
1095 0.762547 0.509096 0.0063363
1096 0.762547 0.49815 0.00673516
1097 0.762547 0.5025 0.00555455
1098 0.762547 0.501632 0.00636983
1099 0.762547 0.490016 0.00578129
1100 0.762547 0.49874 0.00570487
1101 0.762547 0.493694 0.00622548
1102 0.762547 0.496326 0.00638235
1103 0.762547 0.500559 0.00586932
1104 0.762547 0.502547 0.00500737
1105 0.762547 0.497811 0.00581972
1106 0.762547 0.500463 0.0058903
1107 0.762547 0.49871 0.00583564
1108 0.762547 0.49701 0.00593346
1109 0.762547 0.501567 0.00616994
1110 0.762547 0.508052 0.00540563
1111 0.762547 0.509415 0.0057252
1112 0.762547 0.504259 0.0060115
1113 0.762547 0.503887 0.00594266
1114 0.762547 0.505671 0.00614089
1115 0.762547 0.506241 0.00616088
1116 0.762547 0.503274 0.00636128
1117 0.762547 0.505242 0.00567814
1118 0.762547 0.505268 0.00568032
1119 0.762547 0.506933 0.00590295
1120 0.762547 0.503475 0.00586929
1121 0.762547 0.503221 0.00556237
1122 0.762547 0.500996 0.0061147
1123 0.762547 0.506023 0.00606011
1124 0.762547 0.50341 0.00546998
1125 0.762547 0.505129 0.00627978
1126 0.762547 0.51046 0.00545246
1127 0.762547 0.509606 0.00620612
1128 0.762547 0.506682 0.00686636
1129 0.762547 0.499739 0.00687101
1130 0.762547 0.500629 0.00642439
1131 0.762547 0.500035 0.00644772
1132 0.762547 0.49623 0.0060249
1133 0.762547 0.500153 0.00615238
1134 0.762547 0.510855 0.00656334
1135 0.762547 0.510628 0.00645948
1136 0.762547 0.510122 0.00509152
1137 0.762547 0.507382 0.00592313
1138 0.762547 0.500637 0.00584789
1139 0.762547 0.513589 0.00633012
1140 0.762547 0.510237 0.00588295
1141 0.762547 0.510817 0.00512305
1142 0.762547 0.512122 0.00550798
1143 0.762547 0.501059 0.00665303
1144 0.762547 0.504362 0.00513815
1145 0.762547 0.513154 0.00647991
1146 0.762547 0.50435 0.00638001
1147 0.762547 0.508757 0.00540069
1148 0.762547 0.507686 0.00531543
1149 0.762547 0.508629 0.0054177
1150 0.762547 0.500164 0.00647265
1151 0.762547 0.501879 0.00614453
1152 0.762547 0.497401 0.00516679
1153 0.762547 0.502617 0.00519447
1154 0.762547 0.498641 0.0064957
1155 0.762547 0.498206 0.00695796
1156 0.762547 0.496311 0.00522448
1157 0.762547 0.498431 0.00611644
1158 0.762547 0.500337 0.00566903
1159 0.762547 0.497047 0.00529385
1160 0.762547 0.494738 0.00633871
1161 0.762547 0.49573 0.00656272
1162 0.762547 0.500266 0.00613371
1163 0.762547 0.495026 0.00535317
1164 0.762547 0.507893 0.00627439
1165 0.762547 0.502696 0.00557349
1166 0.762547 0.50819 0.0049719
1167 0.762547 0.51199 0.00522752
1168 0.762547 0.502526 0.00599646
1169 0.762547 0.503524 0.00567512
1170 0.762547 0.5088 0.00567984
1171 0.762547 0.503826 0.00602611
1172 0.762547 0.510737 0.00545714
1173 0.762547 0.502426 0.00494619
1174 0.762547 0.49691 0.00563859
1175 0.762547 0.503413 0.00633512
1176 0.762547 0.510234 0.00575326
1177 0.762547 0.502197 0.0055154
1178 0.762547 0.497753 0.00537958
1179 0.762547 0.502517 0.00561044
1180 0.762547 0.504611 0.00585519
1181 0.762547 0.502414 0.00552798
1182 0.762547 0.503338 0.00624325
1183 0.762547 0.506904 0.00625773
1184 0.762547 0.504032 0.00643701
1185 0.762547 0.503836 0.00553105
1186 0.762547 0.496231 0.00643
1187 0.762547 0.502749 0.0071996
1188 0.762547 0.504434 0.00541559
1189 0.762547 0.496784 0.00559056
1190 0.762547 0.50922 0.00533254
1191 0.762547 0.502175 0.00517796
1192 0.762547 0.49922 0.00680626
1193 0.762547 0.500168 0.00635845
1194 0.762547 0.506016 0.00631125
1195 0.762547 0.51004 0.00582263
1196 0.762547 0.511754 0.00524309
1197 0.762547 0.510549 0.00542613
1198 0.762547 0.50556 0.00625556
1199 0.762547 0.51529 0.00645282
1200 0.762547 0.510676 0.00619265
1201 0.762547 0.509739 0.00577019
1202 0.762547 0.502129 0.00509257
1203 0.762547 0.504513 0.00599257
1204 0.762547 0.505059 0.00622503
1205 0.762547 0.505068 0.00655349
1206 0.762547 0.505502 0.00614688
1207 0.762547 0.501125 0.00761846
1208 0.762547 0.501492 0.00633779
1209 0.762547 0.505389 0.00646741
1210 0.762547 0.507412 0.00589996
1211 0.762547 0.507243 0.0057578
1212 0.762547 0.507125 0.00558255
1213 0.762547 0.503501 0.00606226
1214 0.762547 0.515171 0.00561185
1215 0.762547 0.508888 0.00654818
1216 0.762547 0.506162 0.00509115
1217 0.762547 0.50251 0.00586536
1218 0.762547 0.514091 0.00676282
1219 0.762547 0.512586 0.00602671
1220 0.762547 0.51703 0.00559321
1221 0.762547 0.521503 0.00583099
1222 0.762547 0.506839 0.00681153
1223 0.762547 0.515429 0.00700038
1224 0.762547 0.504578 0.00621034
1225 0.762547 0.511704 0.00713688
1226 0.762547 0.518937 0.00599434
1227 0.762547 0.517017 0.00556622
1228 0.762547 0.515491 0.00526402
1229 0.762547 0.508963 0.00626726
1230 0.762547 0.51883 0.00581177
1231 0.762547 0.513714 0.00645434
1232 0.762547 0.509742 0.00603498
1233 0.762547 0.502574 0.00618236
1234 0.762547 0.515705 0.00582925
1235 0.762679 0.511632 0.0066059
1236 0.762679 0.503183 0.00613958
1237 0.762679 0.506317 0.0070533
1238 0.762679 0.502361 0.00676811
1239 0.762679 0.505316 0.00604854
1240 0.762679 0.506196 0.00539958
1241 0.762679 0.505004 0.00547253
1242 0.762679 0.515349 0.00623873
1243 0.762679 0.513379 0.00697188
1244 0.762679 0.501592 0.00510149
1245 0.762679 0.508029 0.00497561
1246 0.762679 0.507995 0.00494149
1247 0.762679 0.505351 0.005305
1248 0.762679 0.501857 0.006553
1249 0.762679 0.504333 0.0050725
1250 0.762679 0.501787 0.00595017
1251 0.762679 0.50374 0.00643804
1252 0.762679 0.509258 0.00613263
1253 0.762679 0.514044 0.00708192
1254 0.762679 0.513834 0.00672413
1255 0.762679 0.518813 0.00713128
1256 0.762679 0.506714 0.00595462
1257 0.762679 0.507817 0.00604664
1258 0.762679 0.495831 0.00592105
1259 0.763089 0.507034 0.00769645
1260 0.763089 0.50355 0.00635605
1261 0.763089 0.510918 0.00649198
1262 0.763089 0.502414 0.00581707
1263 0.763089 0.503814 0.00703084
1264 0.763168 0.506273 0.00611876
1265 0.763168 0.501136 0.00560873
1266 0.763168 0.502869 0.00479162
1267 0.763168 0.503576 0.00560367
1268 0.763168 0.502542 0.00592584
1269 0.763168 0.508613 0.00542784
1270 0.763168 0.512338 0.00591311
1271 0.763168 0.506574 0.00571182
1272 0.763168 0.504991 0.00507473
1273 0.763168 0.511356 0.00523723
1274 0.763168 0.512666 0.00628663
1275 0.763168 0.514036 0.00613992
1276 0.763168 0.510402 0.0064403
1277 0.763168 0.512963 0.00601411
1278 0.763168 0.513146 0.00517508
1279 0.763168 0.515034 0.00616576
1280 0.763168 0.513338 0.00524152
1281 0.763168 0.523827 0.00559048
1282 0.763168 0.51251 0.00526593
1283 0.763168 0.514357 0.00497098
1284 0.763168 0.519551 0.00612825
1285 0.763168 0.516427 0.0064175
1286 0.763168 0.512919 0.00650823
1287 0.763168 0.511476 0.0064137
1288 0.763168 0.513054 0.00552245
1289 0.763168 0.511632 0.00583127
1290 0.763168 0.516225 0.00553851
1291 0.763168 0.506146 0.00581702
1292 0.763168 0.511039 0.00530236
1293 0.763168 0.50933 0.00519617
1294 0.763168 0.511108 0.00703346
1295 0.763168 0.512108 0.00572209
1296 0.763168 0.512661 0.00580597
1297 0.763168 0.506226 0.00533794
1298 0.763168 0.505765 0.0059035
1299 0.763168 0.499015 0.00657792
1300 0.763168 0.516268 0.00572325
1301 0.763168 0.504584 0.00540964
1302 0.763168 0.508005 0.00764159
1303 0.763168 0.510979 0.00660809
1304 0.763168 0.512145 0.00608936
1305 0.763168 0.501633 0.00691066
1306 0.763168 0.501526 0.0057406
1307 0.763168 0.498719 0.00657871
1308 0.763168 0.494979 0.0057506
1309 0.763168 0.505504 0.00489685
1310 0.763168 0.505051 0.00655919
1311 0.763168 0.514263 0.00713957
1312 0.763168 0.505701 0.00464973
1313 0.763168 0.511679 0.00546571
1314 0.763168 0.49125 0.00637869
1315 0.763168 0.50408 0.00619858
1316 0.763168 0.505935 0.00594438
1317 0.763168 0.499131 0.00729259
1318 0.763168 0.498308 0.00632268
1319 0.763168 0.496773 0.00632267
1320 0.763168 0.505589 0.00563134
1321 0.763168 0.505186 0.00792826
1322 0.763168 0.502057 0.00696296
1323 0.763168 0.507094 0.00623757
1324 0.763168 0.508425 0.00619508
1325 0.763168 0.508388 0.00617967
1326 0.763168 0.500963 0.00641503
1327 0.763168 0.507184 0.00555379
1328 0.763168 0.500822 0.00502495
1329 0.763168 0.502072 0.00578889
1330 0.763168 0.494095 0.00661613
1331 0.763168 0.504377 0.0060608
1332 0.763168 0.49708 0.00599983
1333 0.763168 0.498066 0.00684277
1334 0.763168 0.504007 0.00570911
1335 0.763168 0.503247 0.00563476
1336 0.763168 0.504507 0.00543099
1337 0.763168 0.499463 0.00497798
1338 0.763168 0.511034 0.00496656
1339 0.763168 0.504543 0.00546026
1340 0.763168 0.504465 0.00550886
1341 0.763168 0.512412 0.00559575
1342 0.763168 0.508423 0.00632527
1343 0.763168 0.513002 0.00596026
1344 0.763168 0.506259 0.00611937
1345 0.763168 0.512155 0.00560199
1346 0.763168 0.509066 0.00525137
1347 0.763168 0.508249 0.00586537
1348 0.763168 0.513765 0.00435675
1349 0.763168 0.515651 0.00523067
1350 0.763168 0.511916 0.00569337
1351 0.763168 0.507967 0.00517138
1352 0.763168 0.513845 0.00655491
1353 0.763168 0.514555 0.00765971
1354 0.763169 0.504647 0.00715081
1355 0.763169 0.492508 0.00640672
1356 0.763169 0.50213 0.00571445
1357 0.763169 0.503297 0.00636345
1358 0.763169 0.498555 0.00510752
1359 0.763169 0.50466 0.00569844
1360 0.763169 0.507204 0.00598352
1361 0.763169 0.497246 0.00586887
1362 0.763169 0.505624 0.00534133
1363 0.763169 0.506611 0.00587202
1364 0.763169 0.501884 0.00560388
1365 0.763169 0.508798 0.00613712
1366 0.763169 0.503558 0.0067806
1367 0.763169 0.506677 0.00582062
1368 0.763169 0.505867 0.00578928
1369 0.763169 0.514489 0.00585713
1370 0.763169 0.518958 0.00641241
1371 0.763169 0.513955 0.00548977
1372 0.763169 0.510214 0.00646843
1373 0.763169 0.513455 0.00582944
1374 0.763169 0.502807 0.00575371
1375 0.763169 0.501683 0.00595437
1376 0.763169 0.502712 0.00542442
1377 0.763169 0.504196 0.00597861
1378 0.763169 0.502441 0.00657875
1379 0.763169 0.507192 0.00668473
1380 0.763169 0.502736 0.00566106
1381 0.763169 0.501241 0.00630747
1382 0.763169 0.496123 0.00569328
1383 0.763169 0.506786 0.0058471
1384 0.763169 0.507983 0.00560002
1385 0.763169 0.511274 0.00687973
1386 0.763169 0.510357 0.00697203
1387 0.763169 0.510742 0.00643077
1388 0.763169 0.513942 0.00563083
1389 0.763169 0.503635 0.00614999
1390 0.763169 0.506789 0.00501237
1391 0.763169 0.505553 0.00615171
1392 0.763169 0.503969 0.00550805
1393 0.763169 0.50538 0.00744052
1394 0.763169 0.505876 0.00694615
1395 0.763169 0.499634 0.00539044
1396 0.763169 0.496711 0.00618503
1397 0.763169 0.503607 0.00590949
1398 0.763169 0.514193 0.005298
1399 0.763169 0.505841 0.00682011
1400 0.763169 0.505776 0.00631353
1401 0.763169 0.508517 0.00638194
1402 0.763169 0.510531 0.00670311
1403 0.763169 0.501908 0.00611089
1404 0.763169 0.499235 0.00641148
1405 0.763169 0.510535 0.00659422
1406 0.763169 0.499254 0.00549558
1407 0.763169 0.50627 0.00657596
1408 0.763169 0.500117 0.0063725
1409 0.763169 0.498402 0.00691407
1410 0.763169 0.507408 0.00783638
1411 0.763169 0.505043 0.00743107
1412 0.763169 0.504639 0.00595697
1413 0.763169 0.513675 0.00677991
1414 0.763169 0.509956 0.00604026
1415 0.763169 0.503413 0.00578625
1416 0.763169 0.503329 0.00529866
1417 0.763169 0.498907 0.00632507
1418 0.763169 0.506572 0.00673631
1419 0.763169 0.504788 0.00559365
1420 0.763169 0.507253 0.00518746
1421 0.763169 0.504509 0.00514126
1422 0.763169 0.499821 0.00558855
1423 0.763169 0.504394 0.00507848
1424 0.763169 0.496093 0.00539329
1425 0.763169 0.499469 0.00540556
1426 0.763169 0.503729 0.00550952
1427 0.763169 0.507673 0.00565133
1428 0.763169 0.504577 0.00712069
1429 0.763169 0.513823 0.00592901
1430 0.763169 0.516984 0.00542449
1431 0.763169 0.508528 0.0061995
1432 0.763169 0.500519 0.00604919
1433 0.763169 0.506889 0.00515347
1434 0.763169 0.50319 0.0056242
1435 0.763169 0.502262 0.00592722
1436 0.763169 0.512263 0.00563769
1437 0.763169 0.502265 0.00596626
1438 0.763169 0.507672 0.00596542
1439 0.763169 0.503048 0.00573749
1440 0.763169 0.505419 0.00613415
1441 0.763169 0.512748 0.00536866
1442 0.763169 0.503676 0.00574879
1443 0.763169 0.516332 0.0060991
1444 0.763169 0.511282 0.00533538
1445 0.763169 0.508011 0.00576426
1446 0.763169 0.501275 0.00567574
1447 0.763169 0.505089 0.00522361
1448 0.763169 0.51071 0.00521955
1449 0.763169 0.50947 0.00512126
1450 0.763169 0.506665 0.00568253
1451 0.763169 0.500446 0.00607347
1452 0.763169 0.501295 0.00519103
1453 0.763169 0.504779 0.00526397
1454 0.763169 0.510242 0.00626458
1455 0.763169 0.51567 0.00596434
1456 0.763169 0.512373 0.00625716
1457 0.763169 0.504608 0.00640014
1458 0.763169 0.506597 0.00537128
1459 0.763169 0.510425 0.00541773
1460 0.763169 0.508537 0.00592592
1461 0.763169 0.511046 0.00548904
1462 0.763169 0.508812 0.0054038
1463 0.763169 0.503311 0.00507168
1464 0.763169 0.510807 0.00554665
1465 0.763169 0.503921 0.00621828
1466 0.763169 0.501307 0.0076971
1467 0.763169 0.503225 0.00659861
1468 0.763169 0.50288 0.00655052
1469 0.763169 0.513876 0.00554033
1470 0.763169 0.504036 0.00640661
1471 0.763169 0.503823 0.00653426
1472 0.763169 0.507083 0.00631183
1473 0.763169 0.509293 0.00588602
1474 0.763169 0.510413 0.00513515
1475 0.763169 0.50062 0.00606029
1476 0.763169 0.512236 0.00587679
1477 0.763169 0.511223 0.00582427
1478 0.763169 0.504921 0.00546217
1479 0.763169 0.502382 0.00544924
1480 0.763169 0.511003 0.00628582
1481 0.763169 0.507171 0.00598707
1482 0.763169 0.509304 0.00680476
1483 0.763169 0.507377 0.00652088
1484 0.763169 0.507679 0.0055139
1485 0.763169 0.508967 0.00677311
1486 0.763169 0.502695 0.0060884
1487 0.763169 0.503477 0.00601207
1488 0.763169 0.503741 0.00591041
1489 0.763169 0.502482 0.00599544
1490 0.763169 0.502661 0.00647618
1491 0.763169 0.504065 0.00595699
1492 0.763169 0.500927 0.00574752
1493 0.763169 0.49646 0.00566821
1494 0.763169 0.498574 0.00514428
1495 0.763169 0.495176 0.00558478
1496 0.763169 0.494672 0.00565385
1497 0.763169 0.507532 0.00583269
1498 0.763169 0.498839 0.00546918
1499 0.763169 0.501697 0.00550644
1500 0.763169 0.51001 0.00555588
1501 0.763169 0.506163 0.0055244
1502 0.763169 0.503545 0.00520165
1503 0.763169 0.506031 0.00551915
1504 0.763169 0.516531 0.00633184
1505 0.763169 0.504521 0.00614943
1506 0.763169 0.515193 0.00673171
1507 0.763169 0.510324 0.00687589
1508 0.763169 0.503943 0.00615514
1509 0.763169 0.509491 0.0058372
1510 0.763169 0.51678 0.00544168
1511 0.763169 0.503907 0.00646224
1512 0.763169 0.506758 0.00601967
1513 0.763169 0.506213 0.00681412
1514 0.763169 0.501725 0.0056626
1515 0.763169 0.512919 0.00605285
1516 0.763169 0.509524 0.0059613
1517 0.763169 0.513309 0.00537881
1518 0.763169 0.51527 0.00528765
1519 0.763169 0.510939 0.00619209
1520 0.763169 0.509332 0.00597101
1521 0.763169 0.510477 0.00571446
1522 0.763169 0.507257 0.0054614
1523 0.763169 0.504009 0.00563812
1524 0.763169 0.504517 0.00580054
1525 0.763169 0.502675 0.00564599
1526 0.763169 0.500502 0.00584162
1527 0.763169 0.510508 0.00547024
1528 0.763169 0.498939 0.00559482
1529 0.763169 0.500128 0.00574419
1530 0.763169 0.505522 0.00556123
1531 0.763169 0.511989 0.00739577
1532 0.763169 0.507299 0.00626666
1533 0.763169 0.495013 0.00601865
1534 0.763169 0.496493 0.00653746
1535 0.763169 0.496193 0.00557318
1536 0.763169 0.502173 0.00607057
1537 0.763169 0.508319 0.00588662
1538 0.763169 0.506813 0.0054689
1539 0.763169 0.496119 0.00531469
1540 0.763169 0.506289 0.00520772
1541 0.763169 0.498104 0.00553361
1542 0.763169 0.505294 0.00576759
1543 0.763169 0.506204 0.00547001
1544 0.763169 0.499401 0.00576638
1545 0.763169 0.50413 0.00573122
1546 0.763169 0.51175 0.00549732
1547 0.763169 0.509175 0.0052757
1548 0.763169 0.503316 0.0059512
1549 0.763169 0.503871 0.00612737
1550 0.763169 0.507083 0.00566905
1551 0.763169 0.510221 0.00604833
1552 0.763169 0.495407 0.00706016
1553 0.763169 0.495855 0.00526833
1554 0.763169 0.505682 0.00689267
1555 0.763169 0.507056 0.00593448
1556 0.763169 0.500603 0.00691393
1557 0.763169 0.507498 0.00650034
1558 0.763169 0.504696 0.00807837
1559 0.763169 0.5091 0.00787272
1560 0.763169 0.50758 0.00567413
1561 0.763169 0.502653 0.00553725
1562 0.763169 0.508364 0.00637083
1563 0.763169 0.508062 0.00488419
1564 0.763169 0.514109 0.00684653
1565 0.763169 0.506011 0.00569916
1566 0.763169 0.503158 0.00634207
1567 0.763169 0.506574 0.00517207
1568 0.763169 0.50155 0.00586522
1569 0.763169 0.518686 0.00631615
1570 0.763169 0.504865 0.0068226
1571 0.763169 0.500711 0.00509252
1572 0.763169 0.504549 0.00542744
1573 0.763169 0.507007 0.00604768
1574 0.763169 0.504198 0.00726557
1575 0.763169 0.50195 0.00608113
1576 0.763169 0.494582 0.00618745
1577 0.763169 0.504094 0.00690691
1578 0.763169 0.500672 0.00615926
1579 0.763169 0.499439 0.0063085
1580 0.763169 0.498416 0.00649908
1581 0.763169 0.505663 0.00603896
1582 0.763169 0.509351 0.00692051
1583 0.763169 0.508787 0.00662418
1584 0.763169 0.512163 0.00615016
1585 0.763169 0.508911 0.00592179
1586 0.763169 0.506983 0.00565366
1587 0.763169 0.504409 0.00643406
1588 0.763169 0.508952 0.00535793
1589 0.763169 0.510139 0.00567003
1590 0.763169 0.514457 0.00584476
1591 0.763169 0.519653 0.0058136
1592 0.763169 0.509656 0.00664476
1593 0.763169 0.514911 0.00604087
1594 0.763169 0.523516 0.00640555
1595 0.763169 0.515487 0.00586992
1596 0.763169 0.512091 0.004872
1597 0.763169 0.519673 0.00548885
1598 0.763169 0.505316 0.00513961
1599 0.763169 0.511698 0.00688376
1600 0.763169 0.503245 0.00637922
1601 0.763169 0.5079 0.00595246
1602 0.763169 0.508215 0.00520388
1603 0.763169 0.500654 0.00539619
1604 0.763169 0.509208 0.0058257
1605 0.763169 0.49599 0.00572532
1606 0.763169 0.501506 0.00576722
1607 0.763169 0.499089 0.00564962
1608 0.763169 0.508079 0.00669137
1609 0.763169 0.503745 0.00636689
1610 0.763169 0.50015 0.00599736
1611 0.763169 0.506101 0.00561242
1612 0.763169 0.500292 0.0069038
1613 0.763169 0.506061 0.00505013
1614 0.763169 0.503134 0.00531333
1615 0.763169 0.506529 0.00550272
1616 0.763169 0.503265 0.00565879
1617 0.763169 0.502004 0.00533815
1618 0.763169 0.505802 0.00676713
1619 0.763169 0.508131 0.00486918
1620 0.763169 0.509669 0.00538397
1621 0.763169 0.505091 0.00639628
1622 0.763169 0.50327 0.00566659
1623 0.763169 0.509718 0.0055044
1624 0.763169 0.518046 0.00579222
1625 0.763169 0.515946 0.00576484
1626 0.763169 0.505446 0.00591279
1627 0.763169 0.502525 0.00576653
1628 0.763169 0.500826 0.0060422
1629 0.763169 0.511224 0.005495
1630 0.763169 0.505104 0.00609729
1631 0.763169 0.507285 0.00662381
1632 0.763169 0.504843 0.00600055
1633 0.763169 0.510023 0.00681919
1634 0.763169 0.505456 0.00543465
1635 0.763169 0.510471 0.0060653
1636 0.763169 0.510448 0.005714
1637 0.763169 0.505219 0.00555395
1638 0.763169 0.502069 0.00626947
1639 0.763169 0.502614 0.00592092
1640 0.763169 0.501763 0.0057478
1641 0.763169 0.516155 0.00556739
1642 0.763169 0.504827 0.00597589
1643 0.763169 0.517404 0.00610354
1644 0.763169 0.504375 0.00603741
1645 0.763169 0.503979 0.00566308
1646 0.763169 0.507505 0.00606587
1647 0.763169 0.507632 0.00526772
1648 0.763169 0.514711 0.0067587
1649 0.763169 0.510278 0.00668672
1650 0.763169 0.499917 0.00573533
1651 0.763169 0.498475 0.00568991
1652 0.763169 0.500417 0.00490554
1653 0.763169 0.505449 0.00547076
1654 0.763169 0.511902 0.00495677
1655 0.763169 0.499416 0.00561684
1656 0.763169 0.518061 0.00634947
1657 0.763169 0.514003 0.00713811
1658 0.763169 0.510489 0.00631665
1659 0.763169 0.506103 0.00642706
1660 0.763169 0.508981 0.00630744
1661 0.763169 0.504962 0.00654832
1662 0.763169 0.495932 0.00633803
1663 0.763169 0.49907 0.00669167
1664 0.763169 0.499973 0.00755825
1665 0.763169 0.501939 0.00760507
1666 0.763169 0.501761 0.00642828
1667 0.763169 0.500129 0.00620489
1668 0.763169 0.499278 0.00598411
1669 0.763169 0.500689 0.00572444
1670 0.763169 0.494673 0.00516283
1671 0.763169 0.50399 0.00556213
1672 0.763169 0.505313 0.00571599
1673 0.763169 0.501047 0.00566278
1674 0.763169 0.505345 0.00533071
1675 0.763169 0.500486 0.00577552
1676 0.763169 0.506054 0.00600911
1677 0.763169 0.496037 0.0060156
1678 0.763169 0.498013 0.00641841
1679 0.763169 0.491905 0.0054105
1680 0.763169 0.492049 0.00572458
1681 0.763169 0.499721 0.00613283
1682 0.763169 0.491811 0.00682615
1683 0.763169 0.499777 0.00670044
1684 0.763169 0.500224 0.00633102
1685 0.763169 0.507004 0.00573639
1686 0.763169 0.500576 0.00685692
1687 0.763169 0.496768 0.00592889
1688 0.763169 0.505928 0.00600856
1689 0.763169 0.494536 0.00598191
1690 0.763169 0.500539 0.00618926
1691 0.763169 0.50059 0.00557446
1692 0.763169 0.500011 0.00620964
1693 0.763169 0.501486 0.00586871
1694 0.763169 0.501851 0.00674748
1695 0.763169 0.500465 0.00566302
1696 0.763169 0.498061 0.00556469
1697 0.763169 0.500687 0.00639455
1698 0.763169 0.504116 0.00603548
1699 0.763169 0.497352 0.0059416
1700 0.763169 0.495452 0.00624756
1701 0.763169 0.501665 0.00540462
1702 0.763169 0.49226 0.00576606
1703 0.763169 0.504167 0.00562003
1704 0.763169 0.49699 0.00545345
1705 0.763169 0.495615 0.00618835
1706 0.763169 0.509563 0.00564671
1707 0.763169 0.50563 0.00575352
1708 0.763169 0.501949 0.00613387
1709 0.763169 0.506155 0.00570233
1710 0.763169 0.498815 0.00540424
1711 0.763169 0.507912 0.00530129
1712 0.763169 0.497495 0.00656124
1713 0.763169 0.49463 0.00647104
1714 0.763169 0.512797 0.00578986
1715 0.763169 0.508302 0.00554659
1716 0.763169 0.506342 0.00574878
1717 0.763169 0.510928 0.0061858
1718 0.763169 0.510036 0.00663181
1719 0.763169 0.501736 0.00576621
1720 0.763169 0.50053 0.00645121
1721 0.763169 0.500524 0.00497178
1722 0.763169 0.499163 0.0067107
1723 0.763169 0.50008 0.00566034
1724 0.763169 0.497511 0.00592082
1725 0.763169 0.501985 0.00606052
1726 0.763169 0.502381 0.0052219
1727 0.763169 0.495109 0.00685361
1728 0.763169 0.490258 0.00649447
1729 0.763169 0.502491 0.00594624
1730 0.763169 0.505672 0.00585576
1731 0.763169 0.493349 0.00562627
1732 0.763169 0.500868 0.0060295
1733 0.763169 0.505596 0.00637202
1734 0.763169 0.496863 0.00593575
1735 0.763169 0.503174 0.005604
1736 0.763169 0.501284 0.00555389
1737 0.763169 0.505487 0.00616816
1738 0.763169 0.507787 0.00512545
1739 0.763169 0.512249 0.00587673
1740 0.763169 0.514977 0.00632316
1741 0.763169 0.508211 0.00529536
1742 0.763169 0.507615 0.00708653
1743 0.763169 0.507136 0.00612171
1744 0.763169 0.50895 0.00666767
1745 0.763169 0.511555 0.00548591
1746 0.763169 0.504836 0.00589751
1747 0.763169 0.509781 0.00536584
1748 0.763169 0.500428 0.00557817
1749 0.763169 0.510063 0.00541685
1750 0.763169 0.495487 0.00559857
1751 0.763169 0.500575 0.00588284
1752 0.763169 0.509538 0.00497427
1753 0.763169 0.503092 0.00479203
1754 0.763169 0.505557 0.006657
1755 0.763169 0.510241 0.00634589
1756 0.763169 0.513702 0.00579213
1757 0.763169 0.509488 0.00641402
1758 0.763169 0.508455 0.00573439
1759 0.763169 0.504187 0.00543678
1760 0.763169 0.50516 0.00636866
1761 0.763169 0.494194 0.00628315
1762 0.763169 0.50644 0.00627843
1763 0.763169 0.4969 0.00505011
1764 0.763169 0.4991 0.0062753
1765 0.763169 0.496847 0.00561537
1766 0.763169 0.496609 0.00583472
1767 0.763169 0.495549 0.00599811
1768 0.763169 0.505142 0.00601044
1769 0.763169 0.502533 0.00579563
1770 0.763169 0.499852 0.00506669
1771 0.763169 0.502744 0.00594016
1772 0.763169 0.506377 0.00590498
1773 0.763169 0.504389 0.00650831
1774 0.763169 0.506951 0.0062685
1775 0.763169 0.506639 0.00622075
1776 0.763169 0.514524 0.0057778
1777 0.763169 0.509064 0.00531568
1778 0.763169 0.499199 0.00518806
1779 0.763169 0.500262 0.005568
1780 0.763169 0.50666 0.00676602
1781 0.763169 0.506649 0.00736266
1782 0.763169 0.502021 0.00759477
1783 0.763169 0.507509 0.00650392
1784 0.763169 0.501663 0.00717169
1785 0.763169 0.504425 0.00627682
1786 0.763169 0.500048 0.00614186
1787 0.763169 0.502056 0.0053629
1788 0.763169 0.500076 0.0066989
1789 0.763169 0.504258 0.00619392
1790 0.763169 0.512415 0.00507639
1791 0.763169 0.508319 0.00560872
1792 0.763169 0.504033 0.00523503
1793 0.763169 0.510752 0.00571556
1794 0.763169 0.509028 0.00544462
1795 0.763169 0.511403 0.00551836
1796 0.763169 0.509793 0.00546786
1797 0.763169 0.509253 0.00574855
1798 0.763169 0.515064 0.00543246
1799 0.763169 0.506703 0.00580165
1800 0.763169 0.508225 0.00546278
1801 0.763169 0.501311 0.00555228
1802 0.763169 0.515348 0.00624329
1803 0.763169 0.504203 0.00678256
1804 0.763169 0.508522 0.00560825
1805 0.763169 0.513988 0.00559906
1806 0.763169 0.507562 0.00582692
1807 0.763169 0.51194 0.00500184
1808 0.763169 0.51245 0.00525061
1809 0.763169 0.51094 0.00547864
1810 0.763169 0.50615 0.0057695
1811 0.763169 0.510826 0.00536393
1812 0.763169 0.506142 0.00531913
1813 0.763169 0.498593 0.00548496
1814 0.763169 0.50195 0.00525923
1815 0.763169 0.509043 0.00676766
1816 0.763169 0.517356 0.00692883
1817 0.763169 0.513065 0.00677956
1818 0.763169 0.514387 0.00623631
1819 0.763169 0.502389 0.005346
1820 0.763169 0.50161 0.00647741
1821 0.763169 0.50815 0.00539054
1822 0.763169 0.510236 0.00584179
1823 0.763169 0.519741 0.006635
1824 0.763169 0.504464 0.00621605
1825 0.763169 0.507254 0.00615888
1826 0.763169 0.514347 0.00652318
1827 0.763169 0.511211 0.00644249
1828 0.763169 0.507408 0.00642952
1829 0.763169 0.507369 0.00641948
1830 0.763169 0.508841 0.00625796
1831 0.763169 0.505663 0.00608026
1832 0.763169 0.509223 0.0058504
1833 0.763169 0.508444 0.00540684
1834 0.763169 0.516702 0.00673697
1835 0.763169 0.517848 0.0048714
1836 0.763169 0.519713 0.00532646
1837 0.763169 0.510241 0.00559925
1838 0.763169 0.514878 0.00660844
1839 0.763169 0.513575 0.00558538
1840 0.763169 0.511838 0.00604004
1841 0.763169 0.50661 0.00627665
1842 0.763169 0.509692 0.00626189
1843 0.763169 0.509098 0.00621088
1844 0.763169 0.506159 0.00609109
1845 0.763169 0.504058 0.00575498
1846 0.763169 0.507492 0.0051805
1847 0.763169 0.520811 0.00525702
1848 0.763169 0.512064 0.00649596
1849 0.763169 0.506138 0.00628599
1850 0.763169 0.522615 0.00595563
1851 0.763169 0.515224 0.00579417
1852 0.763169 0.513202 0.00546037
1853 0.763169 0.508623 0.00491298
1854 0.763169 0.505629 0.00570032
1855 0.763169 0.509083 0.00556933
1856 0.763169 0.503218 0.00503665
1857 0.763169 0.513527 0.00558585
1858 0.763169 0.513378 0.00564186
1859 0.763169 0.510367 0.00546103
1860 0.763169 0.505451 0.00672422
1861 0.763169 0.504841 0.00587379
1862 0.763169 0.503139 0.00563745
1863 0.763169 0.507493 0.0054497
1864 0.763169 0.505941 0.00570278
1865 0.763169 0.504704 0.00628991
1866 0.763169 0.507407 0.00622417
1867 0.763169 0.508752 0.00547903
1868 0.763169 0.511437 0.00698806
1869 0.763169 0.508721 0.0065665
1870 0.763169 0.511192 0.00533905
1871 0.763169 0.519096 0.00482437
1872 0.763169 0.521649 0.00514025
1873 0.763169 0.511814 0.00536456
1874 0.763169 0.516384 0.00558593
1875 0.763169 0.510092 0.00476054
1876 0.763169 0.502453 0.00511158
1877 0.763169 0.509843 0.00549237
1878 0.763169 0.500575 0.00551611
1879 0.763169 0.49676 0.00556883
1880 0.763169 0.504158 0.00513547
1881 0.763169 0.505413 0.006109
1882 0.763169 0.48882 0.00547823
1883 0.763169 0.496289 0.0056272
1884 0.763169 0.487928 0.00487956
1885 0.763169 0.496634 0.00572035
1886 0.763169 0.505753 0.00570586
1887 0.763169 0.50906 0.00605786
1888 0.763169 0.509488 0.00564284
1889 0.763169 0.499261 0.00625905
1890 0.763169 0.505866 0.00562527
1891 0.763169 0.506428 0.00611735
1892 0.763169 0.506846 0.00620756
1893 0.763169 0.504012 0.00637227
1894 0.763169 0.497097 0.00636915
1895 0.763169 0.504989 0.00556959
1896 0.763169 0.505264 0.00562875
1897 0.763169 0.505632 0.00559918
1898 0.763169 0.508582 0.00570234
1899 0.763169 0.49585 0.00599516
1900 0.763169 0.498945 0.00499816
1901 0.763169 0.504415 0.00624225
1902 0.763169 0.503573 0.00716506
1903 0.763169 0.501947 0.00621897
1904 0.764669 0.512561 0.00664375
1905 0.764669 0.514099 0.00607906
1906 0.764669 0.507211 0.00575007
1907 0.764669 0.522283 0.00590317
1908 0.764669 0.520276 0.00612349
1909 0.764669 0.512744 0.00557964
1910 0.764669 0.50743 0.00654666
1911 0.764669 0.502157 0.00581456
1912 0.764669 0.509434 0.00576247
1913 0.764669 0.513917 0.00582126
1914 0.764669 0.519148 0.00564683
1915 0.764669 0.50855 0.00566596
1916 0.764669 0.508372 0.00573735
1917 0.764669 0.514559 0.00611626
1918 0.764669 0.517594 0.00612097
1919 0.764669 0.516012 0.00626145
1920 0.764669 0.516312 0.0058039
1921 0.764669 0.510353 0.00642359
1922 0.764669 0.517451 0.00598677
1923 0.764669 0.514488 0.00508684
1924 0.764669 0.516154 0.00506522
1925 0.764669 0.507212 0.0051948
1926 0.764669 0.501243 0.00559428
1927 0.764669 0.504599 0.00531499
1928 0.764669 0.511535 0.00474437
1929 0.764669 0.506844 0.00519442
1930 0.764669 0.509164 0.00585681
1931 0.764669 0.512174 0.00656473
1932 0.764669 0.505111 0.00618659
1933 0.764669 0.504501 0.0062988
1934 0.764669 0.502242 0.00611365
1935 0.764669 0.508161 0.00565052
1936 0.764669 0.507061 0.00512177
1937 0.764669 0.496012 0.00572935
1938 0.764669 0.494184 0.00529055
1939 0.764669 0.508256 0.00568286
1940 0.764669 0.500108 0.00559695
1941 0.764669 0.50197 0.00582265
1942 0.764669 0.499392 0.00524163
1943 0.764669 0.503503 0.00514598
1944 0.764669 0.509311 0.00622671
1945 0.764669 0.513025 0.00679061
1946 0.764669 0.507744 0.00642785
1947 0.764669 0.506795 0.00711906
1948 0.764669 0.505701 0.00613436
1949 0.764669 0.504107 0.00668896
1950 0.764669 0.505509 0.00686073
1951 0.764669 0.505799 0.00578628
1952 0.764669 0.507178 0.00634896
1953 0.764669 0.511549 0.00580018
1954 0.764669 0.507518 0.00536116
1955 0.764669 0.503761 0.00593807
1956 0.764669 0.503916 0.0067308
1957 0.764669 0.504275 0.0059908
1958 0.764669 0.499093 0.0055646
1959 0.764669 0.500683 0.00576164
1960 0.764669 0.516513 0.00527737
1961 0.765216 0.512164 0.00659141
1962 0.765216 0.505028 0.00663286
1963 0.765216 0.511658 0.00617163
1964 0.765216 0.506957 0.00694001
1965 0.765216 0.505775 0.00559228
1966 0.765216 0.515363 0.00563656
1967 0.765216 0.514268 0.00679607
1968 0.765216 0.508659 0.00604278
1969 0.765216 0.513258 0.00527742
1970 0.765216 0.510159 0.0051816
1971 0.765216 0.502909 0.00639298
1972 0.765216 0.510819 0.00617465
1973 0.765216 0.512409 0.00564991
1974 0.765216 0.507816 0.00557596
1975 0.765216 0.512472 0.00547842
1976 0.765216 0.50774 0.00595718
1977 0.765216 0.505591 0.00799507
1978 0.765216 0.50824 0.00631015
1979 0.765216 0.506536 0.00566363
1980 0.765216 0.506201 0.00620448
1981 0.765216 0.505655 0.00581538
1982 0.765216 0.49959 0.00578856
1983 0.765216 0.4977 0.00612318
1984 0.765216 0.508989 0.00642469
1985 0.765216 0.498534 0.00630182
1986 0.765216 0.498051 0.00597234
1987 0.765216 0.505257 0.00561094
1988 0.765216 0.500061 0.00645751
1989 0.765216 0.511647 0.00597178
1990 0.765216 0.511626 0.00514841
1991 0.765216 0.504854 0.00612349
1992 0.765216 0.509049 0.00587341
1993 0.765216 0.518721 0.00518871
1994 0.765216 0.495233 0.00574734
1995 0.765216 0.499291 0.00620689
1996 0.765216 0.495304 0.0055663
1997 0.765216 0.504979 0.0064875
1998 0.765216 0.501975 0.00546204
1999 0.765216 0.50209 0.00741571
2000 0.765216 0.503856 0.0057724
