5
0
-56.9123
5.99664
0
-60.9954
2.04214
0
-58.1648
2.38899
0
-62.2011
7.05095
0
-52.5703
4.20799
0
0.696258
1.58688
1.30771
0.88059
0.89127
0.227296
1.50448
0.447936
0.0647028
1.58785
0.41699
1.31326
1.95482
0.302423
0.65925
0.8695
0.729646
0.207458
0.664143
1.86924
1.21853
1.65853
1.67011
1.47831
0.866505
0.435557
0.164908
1.74084
1.99999
0.581732
0.798937
1.24868
1.85846
0.824044
0.766547
0.788885
0.120662
0.702225
1.74645
1.33494
0.463265
2
0.157384
1.62889
1.48503
0.764905
1.78084
0.0224573
1.28575
1.45241
0.885164
0.496418
0.22397
0.632189
1.07864
0.413504
1.32783
0.50309
0.69824
1.91469
1.54796
0.852697
1.01657
1.21548
2
1.35025
1.64521
1.03132
0.732334
0.326649
0.562742
0.38773
1.86662
0.199256
1.97426
0.571585
