8
3
-62.5957
5.87778
0
0.0609269
0.220848
1
-53.4252
5.06882
0
-60.4894
6.46582
0
-51.1252
2.64926
0
-56.8348
6.72297
0
0.105035
0.275573
1
0.199275
0.262351
1
-63.3511
5.62829
0
-56.4151
2.61466
0
-60.8743
5.30926
0
1.50441
0.54935
0.103905
1.54537
0.112355
1.59213
1.06572
0.41337
0.373707
1.67673
1.27693
1.18753
0.750657
1.37787
0.953148
1.17699
1.61926
0.814642
0.406599
0.951165
0.60115
0.909712
0.365611
1.94449
1.34922
0.0691411
0.884983
1.20191
1.26009
0.607438
1.00422
0.180068
0.160597
1.26795
1.02229
1.85102
1.56383
0.10046
0.0330069
0.990508
1.06953
0.819512
0.0875897
1.06448
0.0176154
1.2503
1.9574
0.375727
1.69253
0.876563
1.73198
0.851914
1.66582
1.94818
1.71845
1.75432
1.8973
1.36093
1.8682
1.77377
1.88887
1.90041
1.22204
0.147992
0.273156
0.252703
1.07773
1.42314
1.43841
0.883382
0.485912
0.522653
1.48312
1.98718
1.88009
1.79451
1.90733
0.103543
1.71112
1.22397
0.327187
0.157789
0.894471
0.284251
0.462979
1.01751
1.97379
0.464652
0.594098
0.444985
0.90944
1.67001
0.938813
0.82616
0.876495
1.65341
1.91009
1.3693
1.39209
0.0270044
1.73517
1.73557
1.54388
0.80532
0.232451
0.710599
1.96521
0.795679
1.90414
0.791374
0.630072
1.9945
1.59655
1.03252
1.33551
1.49074
1.68152
1.71512
0.596349
0.770564
1.94908
1.59235
0.337262
1.7036
0.25702
1.05815
0.873008
1.20911
0.719426
1.93958
1.8277
1.85358
1.23819
1.72156
0.0993623
0.62091
0.0081682
0.739264
0.824537
0.963876
1.95456
0.517398
1.76083
0.855161
0.683132
1.54595
1.57221
1.50704
1.69162
1.04851
1.31039
1.88682
0.998985
0.859682
1.44158
0.99562
1.4468
1.06955
0.0858519
0.859359
1.57497
0.0150449
0.653113
1.56258
1.40005
1.44298
0.345888
0.199985
1.99623
1.21714
0.29412
1.03034
0.539057
1.11075
0.456022
0.508956
1.80864
0.592215
1.41452
1.4751
1.22544
1.44216
0.0843116
0.64705
1.59733
1.94287
0.160236
1.25449
0.472678
1.82146
0.661958
0.202917
0.37436
1.63614
1.87274
0.514039
0.143038
0.778661
1.32068
0.967882
0.464951
1.2349
0.355263
1.04022
0.834656
1.14699
0.742309
0.730826
0
1.62523
1.94964
0.53654
0.204496
1.17307
0.263584
0.750357
1.79126
1.7841
0.203327
0.746651
1.45448
0.25719
0.650331
0.292616
0.240302
0.288911
0.0255226
0.137766
1.21663
1.56792
0.097117
0.803925
1101.96
