0 0.535849 0.496693 0.000256949
1 0.535849 0.497635 0.000120514
2 0.535849 0.498898 0.000121897
3 0.535849 0.498366 0.000152774
4 0.556821 0.49826 0.000222501
5 0.558538 0.501853 0.000210576
6 0.558538 0.499828 0.000321362
7 0.558538 0.502519 0.000303424
8 0.558538 0.502769 0.000196565
9 0.559303 0.501209 0.000314318
10 0.559303 0.502231 0.000289052
11 0.559303 0.501813 0.000310078
12 0.559303 0.502338 0.00028407
13 0.559303 0.502514 0.000276173
14 0.56145 0.503626 0.000314075
15 0.585795 0.501446 0.000374987
16 0.585795 0.50336 0.00033712
17 0.585795 0.504253 0.00030761
18 0.585795 0.503093 0.000317156
19 0.585795 0.502388 0.000340068
20 0.585795 0.500966 0.000361368
21 0.585795 0.500566 0.000407974
22 0.585795 0.499684 0.000388494
23 0.585795 0.50307 0.000450539
24 0.585795 0.500668 0.000343016
25 0.585795 0.505496 0.000366499
26 0.585795 0.503247 0.000427529
27 0.585795 0.502541 0.000301109
28 0.585795 0.50122 0.000484816
29 0.585795 0.500532 0.000386484
30 0.585795 0.503921 0.000480147
31 0.585795 0.503283 0.000422056
32 0.585795 0.505455 0.000434609
33 0.585795 0.504197 0.000483141
34 0.585795 0.502903 0.000413467
35 0.585795 0.503058 0.000412373
36 0.618123 0.505342 0.000581761
37 0.618123 0.505827 0.000535875
38 0.618123 0.506324 0.000516657
39 0.618123 0.502486 0.000440265
40 0.618123 0.502472 0.000522129
41 0.618123 0.502953 0.000547231
42 0.618123 0.50272 0.000690315
43 0.618123 0.502182 0.000578963
44 0.618123 0.504443 0.000618089
45 0.618123 0.506268 0.000692284
46 0.618123 0.507161 0.000599016
47 0.618123 0.504965 0.000623181
48 0.618123 0.504054 0.000563214
49 0.618123 0.506668 0.000654885
50 0.618123 0.506695 0.000712088
51 0.618123 0.504454 0.000550689
52 0.618123 0.506233 0.000614343
53 0.618123 0.502316 0.000641913
54 0.618123 0.506139 0.000655634
55 0.618123 0.5039 0.000759982
56 0.618123 0.50346 0.000572439
57 0.618123 0.506643 0.000727311
58 0.618123 0.505338 0.000625863
59 0.618123 0.505993 0.000674082
60 0.618123 0.503975 0.000581618
61 0.618123 0.502286 0.000639108
62 0.618123 0.505931 0.000618259
63 0.618123 0.504808 0.000628254
64 0.618123 0.506178 0.000716467
65 0.618123 0.506833 0.000818636
66 0.618123 0.509527 0.00094986
67 0.618123 0.509791 0.000766611
68 0.618123 0.509549 0.000766118
69 0.618123 0.507821 0.000823472
70 0.618123 0.504516 0.000770853
71 0.618123 0.507022 0.000761188
72 0.618123 0.509028 0.000811187
73 0.618123 0.506116 0.000796953
74 0.618123 0.504784 0.000992997
75 0.622324 0.507869 0.00110448
76 0.629387 0.507806 0.00100234
77 0.629387 0.504325 0.000817697
78 0.629387 0.507026 0.000886308
79 0.629387 0.506138 0.000899434
80 0.629387 0.51008 0.000954803
81 0.629387 0.508476 0.000879511
82 0.629387 0.507139 0.00101353
83 0.629387 0.508542 0.000859259
84 0.629387 0.506173 0.000801845
85 0.629387 0.506456 0.000892827
86 0.656238 0.507144 0.000956107
87 0.656238 0.504252 0.000989011
88 0.656238 0.505007 0.00110552
89 0.656238 0.509187 0.00105368
90 0.656238 0.506092 0.000901466
91 0.656238 0.509623 0.00118075
92 0.656238 0.507011 0.00105543
93 0.656238 0.509622 0.00103889
94 0.656238 0.510117 0.00105087
95 0.656238 0.50896 0.000973657
96 0.656238 0.506954 0.00121735
97 0.656238 0.513831 0.00119991
98 0.656238 0.510153 0.00139607
99 0.656238 0.508699 0.00105761
100 0.656238 0.506612 0.00120672
101 0.656238 0.506866 0.00119035
102 0.656238 0.51418 0.00128374
103 0.656238 0.505962 0.00103728
104 0.656238 0.508234 0.00123469
105 0.656238 0.510333 0.000994492
106 0.656238 0.506234 0.00115419
107 0.656238 0.511384 0.0012967
108 0.656238 0.510652 0.00133325
109 0.656238 0.506904 0.00110101
110 0.656238 0.508329 0.00119509
111 0.656238 0.510552 0.00116309
112 0.656238 0.51158 0.000969342
113 0.656238 0.508151 0.000965101
114 0.656238 0.50999 0.00115001
115 0.656238 0.510775 0.00113365
116 0.656238 0.509135 0.00119786
117 0.656238 0.511725 0.00110218
118 0.656238 0.513445 0.00133933
119 0.656238 0.510943 0.0012184
120 0.656238 0.510449 0.00115929
121 0.656238 0.511345 0.0012439
122 0.656238 0.508137 0.00137933
123 0.656238 0.509922 0.00114713
124 0.656238 0.512894 0.00114186
125 0.656238 0.509031 0.00101279
126 0.656238 0.507802 0.00128888
127 0.656238 0.509966 0.00107535
128 0.656238 0.507158 0.00133246
129 0.656238 0.507502 0.00119344
130 0.656238 0.511334 0.000974938
131 0.656238 0.51154 0.0010888
132 0.656238 0.510021 0.00104176
133 0.656238 0.510073 0.00110377
134 0.656238 0.509869 0.000957565
135 0.656238 0.510526 0.000999677
136 0.656238 0.510406 0.00109067
137 0.656238 0.5106 0.00095749
138 0.656238 0.512279 0.00113072
139 0.656238 0.51039 0.00121984
140 0.656238 0.511502 0.00127723
141 0.656238 0.509043 0.00130964
142 0.656238 0.508933 0.00114174
143 0.656238 0.507111 0.00122639
144 0.656238 0.509732 0.00114247
145 0.656238 0.509207 0.00105888
146 0.656238 0.509862 0.00110073
147 0.656238 0.511994 0.00116518
148 0.656238 0.509853 0.00103322
149 0.656238 0.506992 0.00117407
150 0.656238 0.511694 0.00122774
151 0.656238 0.51151 0.00112799
152 0.66033 0.512894 0.0015657
153 0.66033 0.507159 0.00115881
154 0.66033 0.510838 0.00119672
155 0.66033 0.509149 0.00123904
156 0.66033 0.512124 0.00124533
157 0.66033 0.511329 0.00125856
158 0.66033 0.509244 0.001274
159 0.669679 0.514896 0.00154262
160 0.669679 0.509405 0.00124196
161 0.669679 0.50927 0.00146869
162 0.669679 0.511177 0.0016075
163 0.669679 0.509195 0.00140996
164 0.669679 0.514257 0.00155152
165 0.669679 0.509242 0.00139629
166 0.669679 0.509336 0.00128731
167 0.669679 0.511538 0.00142033
168 0.669679 0.512591 0.00167606
169 0.669679 0.511953 0.00140999
170 0.669679 0.512303 0.00143868
171 0.669679 0.51508 0.00146975
172 0.669679 0.512059 0.00144109
173 0.669679 0.51313 0.00157575
174 0.669679 0.513226 0.00143563
175 0.669679 0.51227 0.00141628
176 0.669679 0.51112 0.00139571
177 0.669679 0.513116 0.00140764
178 0.669679 0.514591 0.00132035
179 0.669679 0.509553 0.00136085
180 0.669679 0.510869 0.00128941
181 0.669679 0.514884 0.00160014
182 0.669679 0.512253 0.00139023
183 0.669679 0.512954 0.00141103
184 0.669679 0.510871 0.00135801
185 0.669679 0.512002 0.00138311
186 0.669679 0.514073 0.00161746
187 0.669679 0.515234 0.00137282
188 0.669679 0.515823 0.00137446
189 0.669679 0.515305 0.00161581
190 0.669679 0.507547 0.00156289
191 0.669679 0.514496 0.00160345
192 0.669679 0.509701 0.00126066
193 0.669679 0.51073 0.00138079
194 0.669679 0.509573 0.00137881
195 0.669679 0.511018 0.00142012
196 0.669679 0.51122 0.00128646
197 0.669679 0.508438 0.00130044
198 0.669679 0.508649 0.00138892
199 0.669679 0.510744 0.00125402
200 0.669679 0.515674 0.00171619
201 0.669679 0.511838 0.00148512
202 0.669679 0.511888 0.0013742
203 0.669679 0.511866 0.00143979
204 0.669679 0.50842 0.00161682
205 0.669679 0.51201 0.00149664
206 0.669679 0.511325 0.00148051
207 0.669679 0.511356 0.00149338
208 0.669679 0.509087 0.00132779
209 0.669679 0.511708 0.00159731
210 0.669679 0.509076 0.00119961
211 0.669679 0.50826 0.00129259
212 0.669679 0.510564 0.00128609
213 0.669679 0.513175 0.00151735
214 0.669679 0.510847 0.00140236
215 0.669679 0.513473 0.00150005
216 0.669679 0.514619 0.00148802
217 0.669679 0.512855 0.0013506
218 0.669679 0.510668 0.00124183
219 0.669679 0.510317 0.00116247
220 0.669679 0.51179 0.00142782
221 0.669679 0.509552 0.00145105
222 0.669679 0.509851 0.00144796
223 0.669679 0.511648 0.00162218
224 0.669679 0.511862 0.00132738
225 0.669679 0.510335 0.00135501
226 0.669679 0.50839 0.00146227
227 0.669679 0.510949 0.00130717
228 0.669679 0.509499 0.00145391
229 0.669679 0.509514 0.00161777
230 0.669679 0.507998 0.00145605
231 0.669679 0.505786 0.00144392
232 0.669679 0.509109 0.00132968
233 0.669679 0.510484 0.00139418
234 0.669679 0.513939 0.00157256
235 0.669679 0.511337 0.00137986
236 0.669679 0.51472 0.00146548
237 0.669679 0.514504 0.00161949
238 0.669679 0.509437 0.00136659
239 0.669679 0.506817 0.00147018
240 0.669679 0.513716 0.00146471
241 0.669679 0.509412 0.00130087
242 0.669679 0.511469 0.0013665
243 0.669679 0.513654 0.00133066
244 0.669679 0.50838 0.00119019
245 0.669679 0.51252 0.00147787
246 0.669679 0.508093 0.00149671
247 0.669679 0.508787 0.00154112
248 0.669679 0.509726 0.0011675
249 0.669679 0.507668 0.00133727
250 0.669679 0.512411 0.00150638
251 0.669679 0.513252 0.00156721
252 0.669679 0.512403 0.00122563
253 0.669679 0.509085 0.00123326
254 0.669679 0.509798 0.00120689
255 0.669679 0.509963 0.00122903
256 0.669679 0.512631 0.00134599
257 0.669679 0.510556 0.00127489
258 0.669679 0.511858 0.00124888
259 0.669679 0.512318 0.00133753
260 0.669679 0.512117 0.00136299
261 0.669679 0.510073 0.00122126
262 0.669679 0.509375 0.00122677
263 0.669679 0.510146 0.0013419
264 0.669679 0.507531 0.0014644
265 0.669679 0.509683 0.00122689
266 0.669679 0.509766 0.00134646
267 0.669679 0.510047 0.00127657
268 0.669679 0.508509 0.00129264
269 0.669679 0.509049 0.0012917
270 0.669679 0.510048 0.00142512
271 0.669679 0.51299 0.0013075
272 0.669679 0.509157 0.00119688
273 0.669679 0.511801 0.0012591
274 0.669679 0.512482 0.00140066
275 0.669679 0.513998 0.00145506
276 0.669679 0.512222 0.00151521
277 0.669679 0.511947 0.00168949
278 0.671468 0.511392 0.00164149
279 0.671468 0.512932 0.00156942
280 0.671468 0.509908 0.00134314
281 0.671468 0.511723 0.00163283
282 0.671468 0.514914 0.00154503
283 0.671468 0.513655 0.00136636
284 0.671468 0.510947 0.00137856
285 0.671468 0.51126 0.00165899
286 0.671468 0.510492 0.00143986
287 0.671468 0.51189 0.00132489
288 0.671468 0.5093 0.00127651
289 0.671468 0.512 0.00145548
290 0.671468 0.505456 0.00148888
291 0.671468 0.509988 0.00148492
292 0.671468 0.511841 0.00139634
293 0.671468 0.510197 0.0015969
294 0.671468 0.5102 0.00137641
295 0.671468 0.510835 0.00144134
296 0.671468 0.510016 0.00148851
297 0.671468 0.509243 0.00146689
298 0.671468 0.507752 0.00152043
299 0.671468 0.511415 0.00162636
300 0.671468 0.510279 0.00131707
301 0.671468 0.511797 0.00129642
302 0.671468 0.509988 0.0014342
303 0.671468 0.510816 0.00144335
304 0.671468 0.512152 0.00136684
305 0.671468 0.51093 0.00141979
306 0.671468 0.508329 0.00133363
307 0.671468 0.512025 0.00144121
308 0.671468 0.512801 0.00136743
309 0.671468 0.511728 0.00138031
310 0.671468 0.514211 0.00144578
311 0.671468 0.511281 0.00142244
312 0.671468 0.51182 0.00154832
313 0.671468 0.512518 0.00168048
314 0.671468 0.514727 0.00160733
315 0.671468 0.510786 0.00151236
316 0.671468 0.511533 0.0013696
317 0.671468 0.508244 0.00130367
318 0.671468 0.50994 0.00146412
319 0.671468 0.510161 0.0015327
320 0.671468 0.508713 0.00142587
321 0.671468 0.507264 0.00126272
322 0.671468 0.509811 0.00139168
323 0.671468 0.510557 0.00127578
324 0.671468 0.512399 0.0015127
325 0.671468 0.511163 0.00149758
326 0.671468 0.510494 0.00136014
327 0.671468 0.508852 0.00159585
328 0.671468 0.510236 0.00134153
329 0.671468 0.511527 0.00152446
330 0.671468 0.509833 0.00144015
331 0.671468 0.510144 0.00140063
332 0.671468 0.510304 0.00128708
333 0.671468 0.509903 0.00137485
334 0.671468 0.51081 0.00151427
335 0.671468 0.5122 0.00164337
336 0.671468 0.510947 0.00148362
337 0.671468 0.510524 0.00182009
338 0.671468 0.510264 0.00149643
339 0.671468 0.509548 0.00137757
340 0.671468 0.512683 0.00152017
341 0.671468 0.513915 0.00144584
342 0.671468 0.512971 0.00150519
343 0.671468 0.512014 0.00174033
344 0.671468 0.510365 0.00138898
345 0.671468 0.511441 0.00141456
346 0.671468 0.511717 0.00151158
347 0.671468 0.510093 0.00154299
348 0.671468 0.512749 0.00139677
349 0.671468 0.505986 0.00136222
350 0.671468 0.507394 0.00133392
351 0.671468 0.508861 0.00146687
352 0.671468 0.507699 0.0014495
353 0.671468 0.511016 0.00145305
354 0.671468 0.510377 0.00154158
355 0.671468 0.512154 0.00150086
356 0.671468 0.509371 0.00149313
357 0.671468 0.512661 0.00148796
358 0.671468 0.511584 0.00159535
359 0.671468 0.509411 0.00155373
360 0.671468 0.510364 0.00155281
361 0.671468 0.506877 0.0013996
362 0.671468 0.509572 0.00152758
363 0.671468 0.509416 0.00142739
364 0.671468 0.508459 0.00163845
365 0.671468 0.510454 0.00143964
366 0.671468 0.511797 0.00169356
367 0.671468 0.5119 0.00184476
368 0.697999 0.511 0.00179955
369 0.697999 0.511005 0.00179368
370 0.697999 0.510196 0.00146711
371 0.697999 0.509477 0.00159224
372 0.697999 0.511425 0.00138774
373 0.697999 0.510848 0.00151325
374 0.697999 0.513696 0.00172212
375 0.697999 0.510818 0.00171695
376 0.697999 0.513384 0.00163537
377 0.697999 0.508018 0.00148803
378 0.697999 0.510892 0.00170353
379 0.697999 0.514811 0.00200873
380 0.697999 0.513802 0.00165821
381 0.697999 0.510343 0.00196325
382 0.697999 0.511925 0.00153096
383 0.697999 0.513472 0.00153147
384 0.697999 0.511222 0.00176092
385 0.697999 0.507309 0.00150772
386 0.697999 0.511053 0.00148032
387 0.697999 0.509772 0.00173933
388 0.697999 0.509538 0.00169676
389 0.697999 0.514081 0.00173819
390 0.697999 0.508508 0.00148537
391 0.697999 0.514307 0.00141824
392 0.697999 0.50974 0.00171184
393 0.697999 0.513918 0.00162221
394 0.697999 0.51344 0.00163777
395 0.697999 0.509823 0.00151239
396 0.697999 0.50998 0.00142407
397 0.697999 0.509042 0.00141209
398 0.697999 0.511076 0.00177276
399 0.697999 0.511495 0.0016454
400 0.697999 0.511363 0.00181716
401 0.697999 0.512211 0.00192399
402 0.697999 0.512033 0.00173923
403 0.697999 0.516291 0.00176616
404 0.697999 0.510805 0.00154078
405 0.697999 0.509301 0.00147776
406 0.697999 0.512268 0.00185688
407 0.697999 0.512547 0.00166389
408 0.697999 0.513983 0.0015853
409 0.697999 0.509483 0.00165295
410 0.697999 0.517112 0.00177591
411 0.697999 0.510927 0.00208009
412 0.697999 0.511605 0.00178491
413 0.697999 0.512281 0.00169677
414 0.697999 0.512962 0.00172769
415 0.697999 0.508336 0.00174502
416 0.697999 0.511437 0.00172179
417 0.697999 0.511569 0.00167284
418 0.697999 0.511658 0.00151271
419 0.697999 0.512232 0.00162533
420 0.697999 0.512018 0.0016325
421 0.697999 0.511403 0.00176436
422 0.697999 0.511096 0.00188852
423 0.697999 0.509783 0.00166487
424 0.697999 0.514673 0.00165331
425 0.697999 0.51358 0.00163651
426 0.697999 0.513694 0.00171455
427 0.697999 0.506488 0.00173443
428 0.697999 0.51219 0.00184173
429 0.697999 0.507713 0.00178063
430 0.697999 0.516215 0.00169736
431 0.697999 0.509722 0.0015758
432 0.697999 0.512382 0.00166944
433 0.697999 0.51163 0.00153146
434 0.697999 0.514202 0.00222302
435 0.697999 0.512163 0.00192064
436 0.697999 0.513298 0.00188425
437 0.697999 0.511087 0.0017586
438 0.697999 0.511002 0.00178086
439 0.697999 0.509242 0.00157445
440 0.697999 0.511433 0.00159653
441 0.697999 0.507778 0.00160856
442 0.697999 0.511128 0.00163092
443 0.697999 0.509826 0.00185548
444 0.697999 0.511322 0.00169272
445 0.697999 0.512788 0.00162373
446 0.697999 0.511839 0.00195261
447 0.697999 0.514684 0.00164961
448 0.697999 0.512213 0.00160088
449 0.697999 0.507629 0.0016648
450 0.697999 0.515022 0.00186779
451 0.697999 0.510251 0.00161823
452 0.697999 0.510825 0.00172508
453 0.697999 0.506566 0.00160897
454 0.697999 0.509277 0.00158192
455 0.697999 0.50998 0.00164598
456 0.697999 0.508668 0.00168097
457 0.697999 0.515771 0.0020456
458 0.697999 0.513283 0.00169904
459 0.697999 0.513851 0.00179442
460 0.697999 0.515723 0.00177448
461 0.697999 0.510828 0.0017587
462 0.697999 0.509928 0.00170562
463 0.697999 0.509948 0.00161327
464 0.697999 0.508923 0.0015815
465 0.697999 0.50935 0.00215493
466 0.697999 0.513954 0.00186154
467 0.697999 0.5089 0.00178234
468 0.697999 0.507661 0.00160085
469 0.697999 0.510305 0.00161779
470 0.697999 0.507426 0.00160902
471 0.697999 0.511228 0.00173128
472 0.697999 0.510306 0.00197505
473 0.697999 0.516097 0.00199666
474 0.697999 0.515874 0.00200913
475 0.697999 0.513602 0.00170889
476 0.697999 0.511742 0.00174272
477 0.697999 0.511798 0.00165106
478 0.697999 0.512647 0.00183411
479 0.697999 0.510326 0.00156171
480 0.697999 0.509392 0.00183559
481 0.697999 0.510009 0.00152074
482 0.697999 0.511832 0.00192363
483 0.697999 0.511742 0.00165686
484 0.697999 0.510917 0.0018287
485 0.697999 0.512581 0.00172371
486 0.697999 0.516628 0.00204927
487 0.697999 0.513866 0.0016526
488 0.697999 0.512275 0.00161118
489 0.697999 0.511701 0.00152893
490 0.697999 0.510773 0.00154501
491 0.697999 0.512548 0.00165485
492 0.697999 0.512951 0.00154751
493 0.697999 0.511416 0.0016855
494 0.697999 0.509094 0.00158251
495 0.697999 0.508152 0.0017878
496 0.697999 0.509762 0.00177115
497 0.697999 0.513174 0.00214047
498 0.697999 0.51349 0.00160458
499 0.697999 0.514773 0.00177262
500 0.697999 0.511655 0.00160797
501 0.697999 0.51097 0.00161761
502 0.697999 0.511258 0.00161789
503 0.697999 0.511943 0.00168786
504 0.697999 0.511796 0.00147824
505 0.697999 0.50929 0.00152778
506 0.697999 0.509691 0.00163783
507 0.697999 0.508564 0.00174063
508 0.697999 0.51228 0.00202104
509 0.697999 0.512374 0.00172755
510 0.697999 0.511555 0.00166435
511 0.697999 0.516204 0.00204004
512 0.697999 0.516079 0.00166135
513 0.697999 0.517025 0.0017571
514 0.697999 0.511069 0.00192427
515 0.697999 0.510372 0.00160481
516 0.697999 0.512661 0.00175464
517 0.697999 0.513968 0.00155621
518 0.697999 0.511391 0.00181445
519 0.697999 0.509311 0.00194204
520 0.697999 0.512969 0.00187531
521 0.697999 0.508866 0.00168003
522 0.697999 0.509535 0.00191272
523 0.697999 0.510594 0.00182732
524 0.697999 0.512461 0.0018307
525 0.697999 0.511239 0.00174454
526 0.697999 0.508559 0.00171662
527 0.697999 0.510661 0.00167926
528 0.697999 0.508938 0.0015472
529 0.697999 0.510618 0.00181672
530 0.697999 0.509155 0.00172577
531 0.697999 0.511386 0.0015556
532 0.697999 0.509945 0.00157349
533 0.697999 0.509743 0.00163446
534 0.697999 0.510609 0.00148681
535 0.697999 0.512592 0.00155811
536 0.697999 0.513288 0.00147946
537 0.697999 0.513046 0.00172836
538 0.697999 0.511682 0.00161885
539 0.697999 0.50995 0.00184569
540 0.697999 0.514974 0.00217254
541 0.697999 0.513283 0.00161916
542 0.697999 0.511197 0.00161299
543 0.697999 0.509462 0.00154521
544 0.697999 0.513103 0.00172664
545 0.697999 0.511093 0.00164844
546 0.697999 0.510337 0.00158378
547 0.697999 0.511704 0.00166007
548 0.697999 0.512812 0.00163482
549 0.697999 0.511838 0.00158099
550 0.697999 0.509302 0.00168639
551 0.697999 0.511492 0.00174368
552 0.697999 0.511074 0.00160212
553 0.697999 0.514199 0.00172359
554 0.697999 0.51072 0.00166811
555 0.697999 0.513903 0.00176398
556 0.697999 0.51298 0.00182709
557 0.697999 0.511124 0.00172087
558 0.697999 0.511713 0.00178243
559 0.697999 0.510891 0.0016397
560 0.697999 0.511721 0.00165277
561 0.697999 0.514984 0.00177323
562 0.697999 0.517397 0.00195795
563 0.697999 0.511832 0.00198227
564 0.697999 0.512171 0.00173943
565 0.697999 0.511052 0.00181325
566 0.697999 0.514109 0.00186317
567 0.697999 0.515615 0.00205294
568 0.697999 0.512712 0.00200349
569 0.697999 0.515098 0.00200792
570 0.697999 0.51387 0.00174877
571 0.697999 0.516805 0.0022252
572 0.697999 0.514797 0.00166424
573 0.697999 0.514574 0.00188819
574 0.697999 0.512609 0.00182192
575 0.697999 0.511972 0.00183582
576 0.697999 0.513178 0.00151787
577 0.697999 0.516854 0.00182379
578 0.697999 0.509958 0.00182523
579 0.697999 0.511888 0.00169593
580 0.697999 0.51129 0.00167006
581 0.697999 0.509698 0.00175432
582 0.697999 0.510387 0.00164297
583 0.697999 0.511874 0.00162472
584 0.697999 0.510028 0.00160773
585 0.697999 0.508993 0.00172891
586 0.697999 0.511324 0.00173468
587 0.697999 0.51179 0.00156687
588 0.697999 0.512506 0.00167982
589 0.697999 0.511619 0.00169309
590 0.697999 0.515008 0.00180324
591 0.697999 0.509939 0.00168451
592 0.697999 0.511682 0.00169521
593 0.697999 0.508382 0.0016353
594 0.697999 0.508937 0.00145322
595 0.697999 0.509237 0.00151838
596 0.697999 0.51489 0.00184913
597 0.697999 0.509681 0.00170375
598 0.697999 0.513014 0.00173376
599 0.697999 0.512889 0.00160347
600 0.697999 0.51289 0.00167316
601 0.697999 0.512682 0.00176267
602 0.697999 0.510738 0.00163863
603 0.697999 0.511648 0.0016213
604 0.697999 0.507553 0.00158312
605 0.697999 0.510195 0.00179209
606 0.697999 0.510888 0.00163315
607 0.697999 0.5131 0.00163429
608 0.697999 0.511368 0.00168939
609 0.697999 0.514723 0.00176474
610 0.697999 0.516241 0.00174007
611 0.697999 0.513784 0.00177802
612 0.697999 0.508969 0.00167494
613 0.697999 0.511024 0.00181015
614 0.697999 0.510804 0.00197017
615 0.697999 0.511628 0.00168383
616 0.697999 0.509902 0.0016435
617 0.697999 0.508963 0.0017167
618 0.697999 0.511564 0.00174659
619 0.697999 0.513736 0.00191824
620 0.697999 0.511481 0.00165821
621 0.697999 0.512744 0.0015917
622 0.697999 0.512247 0.00170123
623 0.697999 0.512956 0.00172308
624 0.697999 0.511518 0.0017714
625 0.697999 0.511499 0.0015826
626 0.697999 0.514063 0.00173384
627 0.697999 0.512709 0.00187367
628 0.697999 0.512196 0.00178116
629 0.697999 0.513621 0.00165261
630 0.697999 0.509076 0.00169575
631 0.697999 0.513634 0.00178959
632 0.697999 0.511321 0.00163132
633 0.697999 0.512714 0.00170413
634 0.697999 0.513925 0.0018413
635 0.697999 0.510275 0.00192323
636 0.697999 0.512367 0.00169199
637 0.697999 0.509383 0.00161833
638 0.697999 0.512442 0.0019708
639 0.697999 0.510465 0.00175856
640 0.697999 0.509225 0.00159973
641 0.697999 0.51201 0.00166328
642 0.697999 0.510778 0.00181928
643 0.697999 0.50942 0.00199881
644 0.697999 0.509186 0.00184398
645 0.697999 0.511695 0.00175611
646 0.697999 0.510022 0.00196953
647 0.697999 0.509973 0.00169775
648 0.697999 0.51021 0.0016405
649 0.697999 0.508985 0.00175619
650 0.697999 0.510372 0.00176867
651 0.697999 0.510665 0.00186249
652 0.697999 0.51005 0.00167389
653 0.697999 0.509276 0.00158246
654 0.697999 0.510402 0.00173871
655 0.697999 0.509454 0.00179893
656 0.697999 0.509127 0.00152046
657 0.697999 0.511163 0.00167591
658 0.697999 0.51347 0.00167372
659 0.697999 0.50892 0.00169164
660 0.697999 0.509279 0.00157868
661 0.697999 0.510541 0.00157298
662 0.697999 0.508456 0.00158138
663 0.697999 0.508475 0.00150141
664 0.697999 0.51049 0.00184611
665 0.697999 0.513103 0.00158417
666 0.697999 0.509234 0.00158907
667 0.697999 0.509002 0.00186678
668 0.697999 0.513583 0.00185522
669 0.697999 0.512178 0.00179204
670 0.697999 0.514667 0.00171543
671 0.697999 0.511391 0.001739
672 0.697999 0.511287 0.00205806
673 0.697999 0.508697 0.00165404
674 0.697999 0.510127 0.00166106
675 0.697999 0.51307 0.00174451
676 0.697999 0.510474 0.00169457
677 0.697999 0.509876 0.00224022
678 0.697999 0.509618 0.00168418
679 0.697999 0.509819 0.00181334
680 0.697999 0.509444 0.00162768
681 0.697999 0.515543 0.00218908
682 0.697999 0.509657 0.00173828
683 0.697999 0.511827 0.00203813
684 0.697999 0.510354 0.00177539
685 0.697999 0.508084 0.00192547
686 0.697999 0.509376 0.00187257
687 0.697999 0.508569 0.00217962
688 0.697999 0.508133 0.0019029
689 0.697999 0.512526 0.00185026
690 0.697999 0.507247 0.00187845
691 0.697999 0.510554 0.00214279
692 0.697999 0.514064 0.00184571
693 0.697999 0.509596 0.00207333
694 0.697999 0.512782 0.0020375
695 0.697999 0.516732 0.00214202
696 0.697999 0.515277 0.00189543
697 0.697999 0.51481 0.00192742
698 0.697999 0.51401 0.00174847
699 0.697999 0.512622 0.00177754
700 0.697999 0.51344 0.00184865
701 0.697999 0.511781 0.00183116
702 0.697999 0.510972 0.00172197
703 0.697999 0.510531 0.00168479
704 0.697999 0.509796 0.00178183
705 0.697999 0.511245 0.00178545
706 0.697999 0.51298 0.00204224
707 0.697999 0.51143 0.00193898
708 0.697999 0.515195 0.00180103
709 0.697999 0.508843 0.00182151
710 0.697999 0.515908 0.0019075
711 0.697999 0.511215 0.00209072
712 0.697999 0.516482 0.00206261
713 0.697999 0.515261 0.00172553
714 0.697999 0.514996 0.00212201
715 0.697999 0.511727 0.00174877
716 0.697999 0.512916 0.00176268
717 0.697999 0.517335 0.00192421
718 0.697999 0.512153 0.00175843
719 0.697999 0.510184 0.00180442
720 0.697999 0.509895 0.00191262
721 0.697999 0.509564 0.00201265
722 0.697999 0.515965 0.00173698
723 0.697999 0.511331 0.00183778
724 0.697999 0.513209 0.00178353
725 0.697999 0.512467 0.00184275
726 0.697999 0.5104 0.00162968
727 0.697999 0.514204 0.00173171
728 0.697999 0.512947 0.00173307
729 0.697999 0.509991 0.00173666
730 0.697999 0.511497 0.0016815
731 0.697999 0.514535 0.00198847
732 0.697999 0.51417 0.00190214
733 0.697999 0.514457 0.00171888
734 0.697999 0.512992 0.00158863
735 0.697999 0.512897 0.00192155
736 0.697999 0.514418 0.00180244
737 0.697999 0.516458 0.00178684
738 0.697999 0.511804 0.00154437
739 0.697999 0.512543 0.00174609
740 0.697999 0.511354 0.00165499
741 0.697999 0.511363 0.00163509
742 0.697999 0.508657 0.00161964
743 0.697999 0.509634 0.00185928
744 0.697999 0.512694 0.00166993
745 0.697999 0.511935 0.00189976
746 0.697999 0.513578 0.00201226
747 0.697999 0.515771 0.00191469
748 0.697999 0.515584 0.00211097
749 0.697999 0.516984 0.00205156
750 0.697999 0.514317 0.00205791
751 0.697999 0.507988 0.00172865
752 0.697999 0.509449 0.00187184
753 0.697999 0.511832 0.00187725
754 0.697999 0.51455 0.00195758
755 0.697999 0.509923 0.00179168
756 0.697999 0.511853 0.0018487
757 0.697999 0.513895 0.00204298
758 0.697999 0.511939 0.00189083
759 0.697999 0.515075 0.00197373
760 0.697999 0.514243 0.00184788
761 0.697999 0.512675 0.00175724
762 0.697999 0.51439 0.00188236
763 0.697999 0.509972 0.00192992
764 0.697999 0.512521 0.00181848
765 0.697999 0.512273 0.00170762
766 0.697999 0.515521 0.00177907
767 0.697999 0.514972 0.00174783
768 0.697999 0.514954 0.00214656
769 0.697999 0.51692 0.00199898
770 0.697999 0.510884 0.00176917
771 0.697999 0.511629 0.0017367
772 0.697999 0.509245 0.00200399
773 0.697999 0.506737 0.00197743
774 0.697999 0.510844 0.00213931
775 0.697999 0.511136 0.00200601
776 0.697999 0.5122 0.00201433
777 0.697999 0.511807 0.00174204
778 0.697999 0.513597 0.00164958
779 0.697999 0.51292 0.00189261
780 0.697999 0.513751 0.0017042
781 0.697999 0.512817 0.00161426
782 0.697999 0.512114 0.00207451
783 0.697999 0.512507 0.00170021
784 0.697999 0.516312 0.00194419
785 0.697999 0.514258 0.00181653
786 0.697999 0.515513 0.00198456
787 0.697999 0.516402 0.00199809
788 0.697999 0.51353 0.0018272
789 0.697999 0.516668 0.00188715
790 0.697999 0.50808 0.00185023
791 0.697999 0.508107 0.00176708
792 0.697999 0.511702 0.00181736
793 0.697999 0.510963 0.00187359
794 0.697999 0.512357 0.00198152
795 0.697999 0.510787 0.00172736
796 0.697999 0.511253 0.0018582
797 0.697999 0.514044 0.00175179
798 0.697999 0.51557 0.00181386
799 0.697999 0.515766 0.00198316
800 0.697999 0.515174 0.00183249
801 0.697999 0.512816 0.00176246
802 0.697999 0.51179 0.00179862
803 0.697999 0.508876 0.00181566
804 0.697999 0.51179 0.00191497
805 0.697999 0.516024 0.00179991
806 0.697999 0.512193 0.00174635
807 0.697999 0.510822 0.00172727
808 0.697999 0.510715 0.00170766
809 0.697999 0.514987 0.00174748
810 0.697999 0.518496 0.00204302
811 0.697999 0.512746 0.00176404
812 0.697999 0.510931 0.00182193
813 0.697999 0.515338 0.00197743
814 0.697999 0.51331 0.0017429
815 0.697999 0.511128 0.00176898
816 0.697999 0.512441 0.00184322
817 0.697999 0.509993 0.00166002
818 0.697999 0.509477 0.00169059
819 0.697999 0.508888 0.00178249
820 0.697999 0.514279 0.00197754
821 0.697999 0.512534 0.00196339
822 0.697999 0.512816 0.00174884
823 0.697999 0.511824 0.00172724
824 0.697999 0.509749 0.00175495
825 0.697999 0.509264 0.00175356
826 0.697999 0.514522 0.00202968
827 0.697999 0.51338 0.00191753
828 0.697999 0.514109 0.0016941
829 0.697999 0.510881 0.00173859
830 0.697999 0.513849 0.00167742
831 0.697999 0.512678 0.00181356
832 0.697999 0.513902 0.00193126
833 0.697999 0.511373 0.0018064
834 0.697999 0.514101 0.00190722
835 0.697999 0.515726 0.00212715
836 0.697999 0.514978 0.00200582
837 0.697999 0.51266 0.00200175
838 0.697999 0.515493 0.00187508
839 0.697999 0.513489 0.00186579
840 0.697999 0.515941 0.00169371
841 0.697999 0.51193 0.00177689
842 0.697999 0.514842 0.00190342
843 0.697999 0.51286 0.00202541
844 0.697999 0.513166 0.00209688
845 0.697999 0.511446 0.00177235
846 0.697999 0.509654 0.00168069
847 0.697999 0.51026 0.00180934
848 0.697999 0.509623 0.00195172
849 0.697999 0.514711 0.00217297
850 0.697999 0.513605 0.00219479
851 0.697999 0.51275 0.00236634
852 0.697999 0.50944 0.00186389
853 0.697999 0.51247 0.002239
854 0.697999 0.514342 0.00203792
855 0.697999 0.509359 0.00177112
856 0.697999 0.50897 0.00189237
857 0.697999 0.50627 0.00181874
858 0.697999 0.507817 0.00190124
859 0.697999 0.509524 0.00185164
860 0.697999 0.511346 0.00195481
861 0.697999 0.510417 0.00171953
862 0.697999 0.512357 0.00181674
863 0.697999 0.511379 0.00183342
864 0.697999 0.511631 0.00187614
865 0.697999 0.513377 0.00186407
866 0.697999 0.514574 0.00189539
867 0.697999 0.513058 0.00174095
868 0.697999 0.513549 0.00175629
869 0.697999 0.516398 0.00183414
870 0.697999 0.511473 0.00172479
871 0.697999 0.511122 0.00179401
872 0.697999 0.51177 0.00206179
873 0.697999 0.512316 0.0018203
874 0.697999 0.51528 0.00182967
875 0.697999 0.511784 0.00195265
876 0.697999 0.512972 0.00182939
877 0.697999 0.51453 0.00232435
878 0.697999 0.512606 0.00196542
879 0.697999 0.514374 0.00195144
880 0.697999 0.510266 0.00192453
881 0.697999 0.512139 0.00194034
882 0.697999 0.512117 0.00186578
883 0.697999 0.509992 0.00182654
884 0.697999 0.512249 0.00189915
885 0.697999 0.512204 0.00188129
886 0.697999 0.513732 0.00184176
887 0.697999 0.514379 0.0018486
888 0.697999 0.51185 0.00189057
889 0.697999 0.512515 0.00197098
890 0.697999 0.507863 0.00166811
891 0.697999 0.51369 0.00246575
892 0.697999 0.513876 0.00218533
893 0.697999 0.517048 0.00220228
894 0.697999 0.515754 0.00193107
895 0.697999 0.512097 0.0018821
896 0.697999 0.513163 0.00200005
897 0.697999 0.514117 0.00182183
898 0.697999 0.510726 0.00208923
899 0.697999 0.51155 0.00212503
900 0.697999 0.513062 0.0021214
901 0.697999 0.507689 0.00160339
902 0.697999 0.512223 0.00182452
903 0.697999 0.509145 0.00183947
904 0.697999 0.514615 0.00179729
905 0.697999 0.509812 0.00179937
906 0.697999 0.511094 0.00168519
907 0.697999 0.514147 0.00176395
908 0.697999 0.51207 0.00173061
909 0.697999 0.512414 0.00187764
910 0.697999 0.509899 0.00177318
911 0.697999 0.512098 0.00175178
912 0.697999 0.509857 0.0017624
913 0.697999 0.513409 0.00189528
914 0.697999 0.510364 0.00184669
915 0.697999 0.510033 0.00174914
916 0.697999 0.511525 0.00182549
917 0.697999 0.513633 0.0021357
918 0.697999 0.512969 0.00191302
919 0.697999 0.511019 0.00186986
920 0.697999 0.512177 0.0017054
921 0.697999 0.514469 0.00200579
922 0.697999 0.514587 0.00195406
923 0.697999 0.508192 0.0017466
924 0.697999 0.508657 0.00172449
925 0.697999 0.512291 0.00174324
926 0.697999 0.512143 0.00199543
927 0.697999 0.513362 0.00193695
928 0.697999 0.514277 0.00190419
929 0.697999 0.51417 0.00168998
930 0.697999 0.511862 0.00181069
931 0.697999 0.511475 0.0017946
932 0.697999 0.513633 0.00178936
933 0.697999 0.512191 0.00177152
934 0.697999 0.515682 0.00204789
935 0.697999 0.512795 0.00179627
936 0.697999 0.513871 0.00183118
937 0.697999 0.509284 0.00182574
938 0.697999 0.516216 0.00189888
939 0.697999 0.514264 0.001773
940 0.697999 0.510923 0.00168515
941 0.697999 0.513317 0.00182592
942 0.697999 0.510131 0.00180827
943 0.697999 0.511015 0.00168454
944 0.697999 0.511907 0.00190803
945 0.697999 0.513015 0.00212016
946 0.697999 0.511973 0.00174302
947 0.697999 0.511076 0.00191048
948 0.697999 0.51292 0.00192184
949 0.697999 0.513858 0.00175492
950 0.697999 0.513327 0.00197524
951 0.697999 0.510142 0.0019393
952 0.697999 0.512517 0.00200515
953 0.697999 0.512864 0.0019405
954 0.697999 0.509252 0.0021648
955 0.697999 0.514228 0.00176667
956 0.697999 0.516732 0.00218481
957 0.697999 0.518347 0.00204713
958 0.705894 0.516697 0.00207555
959 0.705894 0.517851 0.00191508
960 0.705894 0.513865 0.00192086
961 0.705894 0.519424 0.00227596
962 0.705894 0.514266 0.00222425
963 0.705894 0.506934 0.00205271
964 0.705894 0.51448 0.00186687
965 0.705894 0.510297 0.00181388
966 0.705894 0.51348 0.00181582
967 0.705894 0.51609 0.00188652
968 0.705894 0.510419 0.00191644
969 0.705894 0.517605 0.0021796
970 0.705894 0.512261 0.00204879
971 0.705894 0.512708 0.00192899
972 0.705894 0.509386 0.00215366
973 0.705894 0.507402 0.00191
974 0.705894 0.511143 0.00190734
975 0.705894 0.515694 0.00215013
976 0.705894 0.511162 0.00210327
977 0.705894 0.51122 0.00194865
978 0.705894 0.513894 0.00188264
979 0.705894 0.513409 0.00184925
980 0.705894 0.515461 0.00250956
981 0.705894 0.514775 0.0021187
982 0.705894 0.509962 0.00189792
983 0.705894 0.51298 0.00200704
984 0.705894 0.511656 0.00188861
985 0.705894 0.511648 0.00186684
986 0.705894 0.510691 0.00190816
987 0.705894 0.514589 0.00206153
988 0.705894 0.51537 0.00228178
989 0.705894 0.510302 0.00189735
990 0.705894 0.515378 0.00191395
991 0.705894 0.514575 0.0019221
992 0.705894 0.51268 0.00217523
993 0.705894 0.50823 0.00188842
994 0.705894 0.512911 0.00181681
995 0.705894 0.511152 0.00222685
996 0.705894 0.512877 0.00190021
997 0.705894 0.514339 0.00208978
998 0.705894 0.512294 0.0018198
999 0.705894 0.513281 0.00179706
1000 0.705894 0.513173 0.00181917
1001 0.705894 0.515037 0.00185033
1002 0.705894 0.513219 0.00195522
1003 0.705894 0.513291 0.00180982
1004 0.705894 0.507798 0.00185722
1005 0.705894 0.513201 0.00188583
1006 0.705894 0.513217 0.00207838
1007 0.705894 0.507707 0.0018123
1008 0.705894 0.509306 0.00184776
1009 0.705894 0.516203 0.00219643
1010 0.705894 0.514613 0.00201835
1011 0.705894 0.510143 0.0021201
1012 0.705894 0.515229 0.00203305
1013 0.705894 0.516539 0.00219958
1014 0.705894 0.513883 0.0020767
1015 0.705894 0.511136 0.00217156
1016 0.705894 0.512107 0.0020529
1017 0.705894 0.514185 0.00180503
1018 0.705894 0.514131 0.00195852
1019 0.705894 0.510898 0.00198963
1020 0.705894 0.510004 0.00215711
1021 0.705894 0.514149 0.00199357
1022 0.705894 0.512815 0.00194045
1023 0.705894 0.510658 0.00192822
1024 0.705894 0.514464 0.00220493
1025 0.705894 0.512233 0.00187433
1026 0.705894 0.515648 0.00204029
1027 0.705894 0.513006 0.00189265
1028 0.705894 0.511482 0.00178665
1029 0.705894 0.514719 0.00219827
1030 0.705894 0.511228 0.00189887
1031 0.705894 0.515371 0.00219272
1032 0.705894 0.516887 0.00218958
1033 0.705894 0.511869 0.00178469
1034 0.705894 0.514155 0.00184362
1035 0.705894 0.510166 0.00178927
1036 0.705894 0.513806 0.0018216
1037 0.705894 0.511469 0.00178361
1038 0.705894 0.512995 0.00192459
1039 0.705894 0.514995 0.00205392
1040 0.705894 0.512446 0.00183516
1041 0.705894 0.51299 0.00191733
1042 0.705894 0.515038 0.00184426
1043 0.705894 0.514066 0.00191748
1044 0.705894 0.512458 0.00183252
1045 0.705894 0.512572 0.00179747
1046 0.705894 0.514289 0.00204084
1047 0.705894 0.514968 0.00188439
1048 0.705894 0.51511 0.00204215
1049 0.705894 0.513039 0.00184753
1050 0.705894 0.513024 0.00187615
1051 0.705894 0.513767 0.00192289
1052 0.705894 0.512174 0.00186311
1053 0.705894 0.515374 0.00204266
1054 0.705894 0.51205 0.00201277
1055 0.705894 0.513473 0.00169122
1056 0.705894 0.511454 0.00190168
1057 0.705894 0.512753 0.00169639
1058 0.705894 0.513674 0.00165785
1059 0.705894 0.515632 0.00216364
1060 0.705894 0.513129 0.00205381
1061 0.705894 0.511187 0.00181238
1062 0.705894 0.511425 0.00178975
1063 0.705894 0.511321 0.00211872
1064 0.706674 0.515589 0.00269561
1065 0.706674 0.511479 0.0021298
1066 0.706674 0.514641 0.00213007
1067 0.706674 0.511156 0.00190535
1068 0.706674 0.511364 0.00202171
1069 0.706674 0.510844 0.00195426
1070 0.706674 0.513895 0.00177244
1071 0.706674 0.510884 0.00180976
1072 0.706674 0.50933 0.00184777
1073 0.706674 0.510795 0.00199898
1074 0.706674 0.512716 0.00222325
1075 0.706674 0.511455 0.00193716
1076 0.706674 0.508856 0.00206816
1077 0.706674 0.509035 0.001913
1078 0.706674 0.515141 0.00219709
1079 0.706674 0.510368 0.00179147
1080 0.706674 0.51153 0.0021063
1081 0.706674 0.513693 0.00240039
1082 0.706674 0.510306 0.00202369
1083 0.706674 0.517928 0.00218216
1084 0.706674 0.510697 0.00210188
1085 0.706674 0.512508 0.00202739
1086 0.706674 0.513544 0.00222284
1087 0.706674 0.50931 0.00194803
1088 0.706674 0.513205 0.0019469
1089 0.706674 0.511725 0.00198606
1090 0.706674 0.510838 0.00226286
1091 0.706674 0.506992 0.00186548
1092 0.706674 0.513591 0.00192358
1093 0.706674 0.510913 0.00180156
1094 0.706674 0.512268 0.00185018
1095 0.709802 0.514506 0.00229693
1096 0.709802 0.516136 0.00218425
1097 0.709802 0.508636 0.00185928
1098 0.709802 0.510896 0.00182908
1099 0.709802 0.514412 0.00214131
1100 0.709802 0.512746 0.00193871
1101 0.709802 0.509277 0.00193988
1102 0.709802 0.512616 0.00197569
1103 0.709802 0.514446 0.00228608
1104 0.709802 0.508512 0.00190387
1105 0.709802 0.513301 0.00197851
1106 0.709802 0.516585 0.00230033
1107 0.709802 0.513419 0.00213589
1108 0.709802 0.511414 0.00200797
1109 0.709802 0.516577 0.00271732
1110 0.709802 0.514625 0.00209118
1111 0.709802 0.513719 0.00209546
1112 0.709802 0.511652 0.00191827
1113 0.709802 0.513942 0.00214624
1114 0.709802 0.514576 0.00195115
1115 0.709802 0.514299 0.00199693
1116 0.709802 0.51514 0.00223176
1117 0.709802 0.515046 0.00223065
1118 0.709802 0.514397 0.00211565
1119 0.709802 0.516546 0.00206122
1120 0.709802 0.511419 0.00197804
1121 0.709802 0.513577 0.00235773
1122 0.709802 0.513405 0.00238346
1123 0.709802 0.510876 0.00185491
1124 0.709802 0.512066 0.00182331
1125 0.709802 0.514959 0.00224982
1126 0.709802 0.516461 0.00221819
1127 0.709802 0.51746 0.00241963
1128 0.709802 0.514058 0.00241307
1129 0.709802 0.51539 0.00195898
1130 0.709802 0.513966 0.00197671
1131 0.709802 0.515597 0.00211449
1132 0.709802 0.51365 0.00189365
1133 0.709802 0.51769 0.00209217
1134 0.709802 0.515552 0.0021186
1135 0.709802 0.514181 0.00183304
1136 0.709802 0.513038 0.00189687
1137 0.709802 0.517843 0.00225206
1138 0.709802 0.512582 0.0019044
1139 0.709802 0.511462 0.00207139
1140 0.709802 0.516224 0.00247622
1141 0.709802 0.511732 0.00209029
1142 0.709802 0.510691 0.00203766
1143 0.709802 0.50982 0.00188085
1144 0.709802 0.510272 0.00184261
1145 0.709802 0.511368 0.00190818
1146 0.709802 0.51011 0.00188053
1147 0.709802 0.514336 0.00234817
1148 0.709802 0.509305 0.00201447
1149 0.709802 0.510531 0.0019141
1150 0.709802 0.512222 0.00217272
1151 0.709802 0.513604 0.00201238
1152 0.709802 0.515718 0.00185702
1153 0.709802 0.513918 0.00190295
1154 0.709802 0.514805 0.00210883
1155 0.709802 0.510845 0.00180527
1156 0.709802 0.511949 0.00216579
1157 0.709802 0.511882 0.00175099
1158 0.709802 0.512281 0.00180786
1159 0.709802 0.513529 0.0018742
1160 0.709802 0.510285 0.00203333
1161 0.709802 0.512402 0.00186376
1162 0.709802 0.513732 0.00188967
1163 0.709802 0.509929 0.00185806
1164 0.709802 0.51136 0.00204015
1165 0.709802 0.514462 0.00236589
1166 0.709802 0.514696 0.00215162
1167 0.709802 0.512871 0.00198793
1168 0.709802 0.516128 0.0021377
1169 0.709802 0.515487 0.0022807
1170 0.709802 0.513405 0.0020144
1171 0.709802 0.514917 0.00223656
1172 0.709802 0.514144 0.00207776
1173 0.709802 0.514935 0.00222957
1174 0.709802 0.516387 0.00193981
1175 0.709802 0.515438 0.00191052
1176 0.709802 0.517543 0.00206653
1177 0.709802 0.517415 0.00225891
1178 0.709802 0.514601 0.00200953
1179 0.709802 0.51634 0.00233771
1180 0.709802 0.515702 0.00199498
1181 0.709802 0.51385 0.00223174
1182 0.709802 0.511662 0.00189224
1183 0.709802 0.517065 0.00209404
1184 0.709802 0.509691 0.00193182
1185 0.709802 0.509637 0.00206482
1186 0.709802 0.51429 0.0021129
1187 0.713712 0.513138 0.00230893
1188 0.713712 0.513449 0.00218214
1189 0.713712 0.516207 0.00189077
1190 0.713712 0.51454 0.00226626
1191 0.713712 0.5122 0.00205427
1192 0.713712 0.511726 0.00192295
1193 0.713712 0.510902 0.00200875
1194 0.713712 0.512021 0.00205271
1195 0.713712 0.510882 0.00196636
1196 0.713712 0.513921 0.00216691
1197 0.713712 0.515233 0.00214525
1198 0.713712 0.513404 0.0022586
1199 0.713712 0.511722 0.00233125
1200 0.713712 0.514421 0.0021851
1201 0.713712 0.513645 0.00202443
1202 0.713712 0.515209 0.0023221
1203 0.713712 0.510411 0.00197475
1204 0.713712 0.514877 0.00210438
1205 0.713712 0.515821 0.00241344
1206 0.713712 0.514417 0.002212
1207 0.713712 0.511637 0.00199599
1208 0.713712 0.511672 0.00217647
1209 0.713712 0.512196 0.0020351
1210 0.713712 0.514418 0.0021675
1211 0.713712 0.513635 0.00229794
1212 0.713712 0.513549 0.00206313
1213 0.713712 0.513795 0.00181449
1214 0.713712 0.513116 0.00227284
1215 0.713712 0.515373 0.00225548
1216 0.713712 0.516488 0.00238874
1217 0.713712 0.515764 0.0020485
1218 0.713712 0.510628 0.00221921
1219 0.713712 0.513923 0.00234527
1220 0.713712 0.513047 0.00217301
1221 0.713712 0.512 0.0021411
1222 0.713712 0.511626 0.00210062
1223 0.713712 0.514178 0.00199944
1224 0.713712 0.510572 0.00200509
1225 0.713712 0.513028 0.00221411
1226 0.713712 0.51233 0.00203666
1227 0.713712 0.514855 0.00250048
1228 0.713712 0.511446 0.00218913
1229 0.713712 0.51198 0.00212893
1230 0.713712 0.511615 0.00197033
1231 0.713712 0.508942 0.00191796
1232 0.713712 0.511103 0.00188836
1233 0.713712 0.513496 0.00208357
1234 0.713712 0.513863 0.00228007
1235 0.713712 0.513544 0.00209526
1236 0.713712 0.510084 0.00218428
1237 0.713712 0.512278 0.00216607
1238 0.713712 0.510464 0.00208842
1239 0.713712 0.511853 0.00193183
1240 0.713712 0.509334 0.00227089
1241 0.713712 0.510951 0.00203825
1242 0.713712 0.511649 0.00194473
1243 0.713712 0.511202 0.00205019
1244 0.713712 0.512257 0.00205852
1245 0.713712 0.512392 0.00185203
1246 0.713712 0.515156 0.00204069
1247 0.713712 0.510191 0.00243027
1248 0.713712 0.51107 0.00215967
1249 0.713712 0.513032 0.00203087
1250 0.713712 0.51034 0.00207462
1251 0.713712 0.512974 0.00195271
1252 0.713712 0.51292 0.00212626
1253 0.713712 0.513049 0.00205974
1254 0.713712 0.511971 0.00182412
1255 0.713712 0.512972 0.0019853
1256 0.713712 0.510201 0.00212999
1257 0.713712 0.514194 0.00204267
1258 0.713712 0.512525 0.00213084
1259 0.713712 0.510367 0.00193246
1260 0.713712 0.509888 0.00176519
1261 0.713712 0.512642 0.0019188
1262 0.713712 0.509479 0.00188409
1263 0.713712 0.510475 0.00206416
1264 0.713712 0.510477 0.00213246
1265 0.713712 0.510248 0.00212929
1266 0.713712 0.511883 0.00210997
1267 0.713712 0.509408 0.00250452
1268 0.713712 0.511424 0.00198201
1269 0.713712 0.512979 0.0022243
1270 0.713712 0.515259 0.0022766
1271 0.713712 0.511606 0.00202457
1272 0.713712 0.512378 0.00199817
1273 0.713712 0.513593 0.0020319
1274 0.713712 0.513442 0.00190069
1275 0.713712 0.513152 0.00196107
1276 0.713712 0.517715 0.0020706
1277 0.713712 0.514979 0.0022614
1278 0.713712 0.512184 0.00194465
1279 0.713712 0.514071 0.00189444
1280 0.713712 0.510007 0.00191989
1281 0.713712 0.51093 0.00190214
1282 0.713712 0.513069 0.00199693
1283 0.713712 0.510605 0.00206097
1284 0.713712 0.511762 0.00217542
1285 0.713712 0.510737 0.00187141
1286 0.713712 0.512585 0.00199309
1287 0.713712 0.51419 0.00186168
1288 0.713712 0.513861 0.00192774
1289 0.713712 0.514695 0.00203137
1290 0.713712 0.511062 0.00191207
1291 0.713712 0.511297 0.00241628
1292 0.713712 0.515566 0.00250283
1293 0.713712 0.51414 0.00216355
1294 0.713712 0.514157 0.00200991
1295 0.713712 0.511516 0.00205452
1296 0.713712 0.513167 0.00199476
1297 0.713712 0.511896 0.0018673
1298 0.713712 0.514368 0.00217695
1299 0.713712 0.515303 0.0025592
1300 0.713712 0.509627 0.00193155
1301 0.713712 0.512788 0.00211534
1302 0.713712 0.510149 0.00199522
1303 0.713712 0.514585 0.00226026
1304 0.713712 0.517157 0.002252
1305 0.713712 0.511653 0.0022115
1306 0.713712 0.512272 0.00205355
1307 0.713712 0.516786 0.00219345
1308 0.713712 0.514837 0.00193692
1309 0.713712 0.513638 0.00201377
1310 0.713712 0.512861 0.00212878
1311 0.713712 0.510953 0.00183809
1312 0.713712 0.511863 0.00201004
1313 0.713712 0.514631 0.00207282
1314 0.713712 0.512932 0.00222831
1315 0.713712 0.513169 0.0022302
1316 0.713712 0.514344 0.00209344
1317 0.713712 0.511226 0.00210834
1318 0.713712 0.513225 0.0022782
1319 0.713712 0.515211 0.00206014
1320 0.713712 0.512624 0.00211222
1321 0.713712 0.510458 0.00195255
1322 0.713712 0.520147 0.00208135
1323 0.713712 0.514101 0.00205225
1324 0.713712 0.514034 0.00207306
1325 0.713712 0.511521 0.00199583
1326 0.713712 0.517897 0.00207411
1327 0.713712 0.516204 0.00208897
1328 0.713712 0.514478 0.00201377
1329 0.713712 0.514247 0.00188995
1330 0.713712 0.511442 0.00224712
1331 0.713712 0.510439 0.00205441
1332 0.713712 0.512316 0.0022519
1333 0.713712 0.511773 0.00246173
1334 0.713712 0.517599 0.00250181
1335 0.713712 0.515501 0.00219678
1336 0.713712 0.518961 0.0024897
1337 0.713712 0.515432 0.00200652
1338 0.713712 0.514539 0.00220041
1339 0.713712 0.518243 0.00212675
1340 0.713712 0.514604 0.00203815
1341 0.713712 0.512107 0.0020708
1342 0.713712 0.512481 0.00203138
1343 0.713712 0.513209 0.00193435
1344 0.713712 0.511566 0.00199873
1345 0.713712 0.511437 0.00195222
1346 0.713712 0.513053 0.00226728
1347 0.713712 0.512918 0.0020056
1348 0.713712 0.516192 0.00215972
1349 0.713712 0.513611 0.00241397
1350 0.713833 0.513246 0.00227075
1351 0.713833 0.508281 0.00197628
1352 0.713833 0.509794 0.00214916
1353 0.713833 0.512418 0.00203058
1354 0.713833 0.511949 0.00199242
1355 0.713833 0.511218 0.00204081
1356 0.713833 0.511929 0.00200727
1357 0.713833 0.513313 0.00200923
1358 0.713833 0.510509 0.00214241
1359 0.713833 0.512819 0.0020545
1360 0.713833 0.511949 0.00211854
1361 0.713833 0.512278 0.00199909
1362 0.713833 0.511177 0.00201645
1363 0.713833 0.513533 0.00243611
1364 0.713833 0.515117 0.0022665
1365 0.713833 0.51432 0.00219687
1366 0.713833 0.511988 0.0021045
1367 0.713833 0.511176 0.00192763
1368 0.713833 0.51482 0.00242448
1369 0.713833 0.517192 0.00230693
1370 0.713833 0.518291 0.00258541
1371 0.713833 0.514942 0.00216406
1372 0.713833 0.514589 0.00198147
1373 0.713833 0.514599 0.00208338
1374 0.713833 0.515354 0.00211411
1375 0.713833 0.513885 0.00213044
1376 0.713833 0.514401 0.00221146
1377 0.713833 0.512685 0.00223134
1378 0.713833 0.512127 0.00220147
1379 0.713833 0.512972 0.00200842
1380 0.715963 0.513053 0.0023839
1381 0.715963 0.51531 0.00245655
1382 0.715963 0.510734 0.0020315
1383 0.715963 0.513297 0.00217481
1384 0.715963 0.511811 0.00204324
1385 0.715963 0.513155 0.00204767
1386 0.715963 0.513083 0.00208926
1387 0.715963 0.51012 0.00204485
1388 0.715963 0.5128 0.00224159
1389 0.715963 0.512795 0.00202921
1390 0.715963 0.511799 0.00199775
1391 0.715963 0.510819 0.00192925
1392 0.715963 0.512106 0.00220486
1393 0.715963 0.511121 0.00202094
1394 0.715963 0.511668 0.00209026
1395 0.715963 0.513763 0.00214893
1396 0.715963 0.513165 0.00223036
1397 0.715963 0.512753 0.00192284
1398 0.715963 0.514662 0.00210041
1399 0.715963 0.511485 0.00244117
1400 0.715963 0.510638 0.00214059
1401 0.715963 0.512128 0.0023764
1402 0.715963 0.514893 0.00235657
1403 0.715963 0.510141 0.00202393
1404 0.715963 0.512791 0.00222708
1405 0.715963 0.51158 0.00219642
1406 0.715963 0.515037 0.00241518
1407 0.715963 0.514036 0.00211194
1408 0.715963 0.509681 0.0022748
1409 0.715963 0.506673 0.00204044
1410 0.715963 0.510486 0.00222458
1411 0.715963 0.512591 0.00237747
1412 0.715963 0.511816 0.00207128
1413 0.715963 0.512809 0.00205794
1414 0.715963 0.517321 0.00255769
1415 0.715963 0.51267 0.00239499
1416 0.715963 0.511706 0.00200467
1417 0.715963 0.510174 0.00222112
1418 0.715963 0.509366 0.00205378
1419 0.715963 0.512932 0.00231275
1420 0.715963 0.516528 0.00229754
1421 0.715963 0.515704 0.00236095
1422 0.715963 0.513108 0.00206849
1423 0.715963 0.516683 0.00292098
1424 0.715963 0.516197 0.002333
1425 0.715963 0.510898 0.00197927
1426 0.715963 0.511811 0.002543
1427 0.715963 0.511931 0.00221863
1428 0.715963 0.511466 0.00206807
1429 0.715963 0.512119 0.00224917
1430 0.715963 0.512594 0.00221671
1431 0.715963 0.511071 0.00240021
1432 0.715963 0.517244 0.00237724
1433 0.715963 0.514271 0.00212983
1434 0.715963 0.514939 0.00236827
1435 0.715963 0.511992 0.0020886
1436 0.715963 0.512634 0.00225518
1437 0.715963 0.512592 0.00217678
1438 0.715963 0.513088 0.00236981
1439 0.715963 0.512058 0.0022568
1440 0.715963 0.513831 0.00241844
1441 0.715963 0.515172 0.00229523
1442 0.715963 0.513652 0.00207237
1443 0.715963 0.515394 0.00243986
1444 0.715963 0.514875 0.00223305
1445 0.715963 0.513531 0.00231589
1446 0.715963 0.514148 0.00209531
1447 0.715963 0.512435 0.00209913
1448 0.715963 0.514898 0.00212315
1449 0.715963 0.511301 0.0021882
1450 0.715963 0.515016 0.00249901
1451 0.715963 0.514998 0.00245369
1452 0.715963 0.512599 0.00217938
1453 0.715963 0.51317 0.00212645
1454 0.715963 0.508632 0.00233519
1455 0.715963 0.514045 0.00225044
1456 0.715963 0.514661 0.00221029
1457 0.715963 0.511323 0.00236878
1458 0.715963 0.513163 0.00217332
1459 0.715963 0.513578 0.00199151
1460 0.715963 0.513481 0.00195824
1461 0.715963 0.509684 0.0020636
1462 0.715963 0.514277 0.00230053
1463 0.715963 0.517508 0.00239122
1464 0.715963 0.513895 0.00221022
1465 0.715963 0.512448 0.00233796
1466 0.715963 0.511441 0.00224808
1467 0.715963 0.51515 0.00211877
1468 0.715963 0.509486 0.00215397
1469 0.715963 0.508227 0.00208119
1470 0.715963 0.512637 0.00233886
1471 0.715963 0.510734 0.00205066
1472 0.715963 0.515234 0.00202319
1473 0.715963 0.512224 0.00205693
1474 0.715963 0.511999 0.00243929
1475 0.715963 0.512926 0.00207593
1476 0.715963 0.512013 0.00215554
1477 0.715963 0.513529 0.00221221
1478 0.715963 0.51086 0.00236583
1479 0.715963 0.511903 0.00233376
1480 0.715963 0.514376 0.00224372
1481 0.715963 0.512388 0.00212708
1482 0.715963 0.515176 0.00198851
1483 0.715963 0.511445 0.00226412
1484 0.715963 0.511699 0.00221633
1485 0.715963 0.512123 0.00208285
1486 0.715963 0.512969 0.00217096
1487 0.715963 0.514618 0.0020843
1488 0.715963 0.516296 0.00231077
1489 0.715963 0.51082 0.00212883
1490 0.715963 0.511002 0.00210615
1491 0.715963 0.511193 0.00201882
1492 0.715963 0.513184 0.00204268
1493 0.715963 0.511534 0.00213269
1494 0.715963 0.513025 0.00211893
1495 0.715963 0.512576 0.00203985
1496 0.715963 0.514461 0.00221202
1497 0.715963 0.512768 0.00212736
1498 0.715963 0.514582 0.00263124
1499 0.715963 0.51217 0.00220089
1500 0.715963 0.510504 0.00205742
1501 0.715963 0.511636 0.00212165
1502 0.715963 0.511735 0.00204853
1503 0.715963 0.511438 0.00202182
1504 0.715963 0.510831 0.00207537
1505 0.715963 0.512289 0.00217145
1506 0.715963 0.512294 0.00200347
1507 0.715963 0.512906 0.00210681
1508 0.715963 0.512721 0.00208779
1509 0.715963 0.511936 0.00203249
1510 0.715963 0.517803 0.00251754
1511 0.715963 0.515636 0.00222166
1512 0.715963 0.518375 0.00234317
1513 0.715963 0.512894 0.00223606
1514 0.715963 0.514858 0.00229467
1515 0.715963 0.516324 0.00197986
1516 0.715963 0.513785 0.00228763
1517 0.715963 0.512882 0.00203811
1518 0.715963 0.516378 0.00260643
1519 0.715963 0.511347 0.00196954
1520 0.715963 0.511082 0.00225217
1521 0.715963 0.509761 0.00204267
1522 0.715963 0.511111 0.00206248
1523 0.715963 0.513129 0.00204225
1524 0.715963 0.516267 0.00232333
1525 0.715963 0.516529 0.00254542
1526 0.715963 0.513692 0.00206508
1527 0.715963 0.515109 0.00193442
1528 0.715963 0.51295 0.00202051
1529 0.715963 0.513993 0.00216328
1530 0.715963 0.515514 0.00259673
1531 0.715963 0.514671 0.00197935
1532 0.715963 0.515781 0.00210237
1533 0.715963 0.511907 0.00223061
1534 0.715963 0.510247 0.00206337
1535 0.715963 0.510202 0.00196769
1536 0.715963 0.513147 0.00215039
1537 0.715963 0.508773 0.00207827
1538 0.715963 0.509011 0.00211868
1539 0.715963 0.515549 0.00261336
1540 0.715963 0.512824 0.00199728
1541 0.715963 0.515005 0.00213109
1542 0.715963 0.514544 0.00221642
1543 0.715963 0.514258 0.00208503
1544 0.715963 0.511363 0.00232519
1545 0.715963 0.515986 0.00213503
1546 0.715963 0.514026 0.00223215
1547 0.715963 0.509088 0.00220276
1548 0.715963 0.513388 0.00233355
1549 0.715963 0.511605 0.00213544
1550 0.715963 0.511588 0.00219091
1551 0.715963 0.514559 0.00229651
1552 0.715963 0.514468 0.00211036
1553 0.715963 0.510261 0.00217226
1554 0.715963 0.515037 0.00204042
1555 0.715963 0.515507 0.00245842
1556 0.715963 0.511216 0.0020103
1557 0.715963 0.510836 0.00213425
1558 0.715963 0.507387 0.00230127
1559 0.715963 0.509939 0.00218248
1560 0.715963 0.512505 0.00232608
1561 0.715963 0.512864 0.0021762
1562 0.715963 0.5115 0.00212136
1563 0.715963 0.513301 0.00233411
1564 0.715963 0.514099 0.00245737
1565 0.715963 0.511745 0.00201927
1566 0.715963 0.513465 0.00210115
1567 0.715963 0.515412 0.00227614
1568 0.715963 0.514068 0.00206488
1569 0.715963 0.513054 0.00204785
1570 0.715963 0.51241 0.0022531
1571 0.715963 0.516687 0.00241381
1572 0.715963 0.515224 0.00210337
1573 0.715963 0.513925 0.00211074
1574 0.715963 0.510505 0.00258265
1575 0.715963 0.511603 0.00207349
1576 0.715963 0.51329 0.00207185
1577 0.715963 0.514724 0.00227896
1578 0.715963 0.515124 0.00207616
1579 0.715963 0.513864 0.00203342
1580 0.715963 0.514611 0.0022753
1581 0.715963 0.513016 0.00216752
1582 0.715963 0.513772 0.00241276
1583 0.715963 0.512291 0.00247091
1584 0.715963 0.512152 0.00220895
1585 0.715963 0.513572 0.00228032
1586 0.715963 0.513529 0.00230281
1587 0.715963 0.512834 0.00232111
1588 0.715963 0.515149 0.00237487
1589 0.715963 0.515323 0.00251496
1590 0.715963 0.512374 0.00210184
1591 0.715963 0.514311 0.00201545
1592 0.715963 0.513064 0.00224161
1593 0.715963 0.515668 0.00225384
1594 0.715963 0.514646 0.00201458
1595 0.715963 0.514905 0.00207753
1596 0.715963 0.517439 0.00242243
1597 0.715963 0.511744 0.00220299
1598 0.715963 0.517818 0.00246349
1599 0.715963 0.514505 0.00225796
1600 0.715963 0.511314 0.00219472
1601 0.715963 0.511507 0.00214343
1602 0.715963 0.509445 0.00204647
1603 0.715963 0.513249 0.00205023
1604 0.715963 0.510956 0.00199186
1605 0.715963 0.511592 0.00198932
1606 0.715963 0.510831 0.00205835
1607 0.715963 0.512837 0.0021551
1608 0.715963 0.512889 0.0024389
1609 0.715963 0.512157 0.0020374
1610 0.715963 0.510201 0.00209914
1611 0.715963 0.512336 0.00196759
1612 0.715963 0.512477 0.00195604
1613 0.715963 0.513941 0.00220423
1614 0.715963 0.510944 0.00204368
1615 0.715963 0.513295 0.00249741
1616 0.715963 0.512838 0.00200108
1617 0.715963 0.512786 0.00197722
1618 0.715963 0.511238 0.0019074
1619 0.715963 0.512892 0.00201226
1620 0.715963 0.508934 0.00206342
1621 0.715963 0.508405 0.00202212
1622 0.715963 0.51322 0.0019856
1623 0.715963 0.512061 0.00191838
1624 0.715963 0.511912 0.00207085
1625 0.715963 0.514624 0.00216467
1626 0.715963 0.51684 0.00265031
1627 0.715963 0.510813 0.00198272
1628 0.715963 0.514314 0.00261233
1629 0.715963 0.51449 0.00207358
1630 0.715963 0.514001 0.00216068
1631 0.715963 0.515265 0.00204415
1632 0.715963 0.513382 0.00222168
1633 0.715963 0.516043 0.00220178
1634 0.715963 0.517769 0.00220723
1635 0.715963 0.515361 0.00222872
1636 0.715963 0.515654 0.00213603
1637 0.715963 0.509574 0.00202987
1638 0.715963 0.514029 0.00214528
1639 0.715963 0.516409 0.00209719
1640 0.715963 0.512151 0.00208809
1641 0.715963 0.512567 0.00193143
1642 0.715963 0.511832 0.00206146
1643 0.715963 0.514394 0.00222344
1644 0.715963 0.513271 0.00226177
1645 0.715963 0.516113 0.00217484
1646 0.715963 0.517075 0.00224704
1647 0.715963 0.515035 0.00224083
1648 0.715963 0.511159 0.00213628
1649 0.715963 0.512148 0.00190931
1650 0.715963 0.514951 0.00236046
1651 0.715963 0.514126 0.00207502
1652 0.715963 0.512587 0.00201352
1653 0.715963 0.511528 0.00191045
1654 0.715963 0.509887 0.0018648
1655 0.715963 0.511418 0.00194673
1656 0.715963 0.51421 0.00194626
1657 0.715963 0.509857 0.00191771
1658 0.715963 0.512339 0.00205701
1659 0.715963 0.508803 0.00191045
1660 0.715963 0.508361 0.0022605
1661 0.715963 0.511997 0.00200703
1662 0.715963 0.51301 0.00205903
1663 0.715963 0.514813 0.00228211
1664 0.715963 0.509955 0.00222349
1665 0.715963 0.509808 0.00200399
1666 0.715963 0.512206 0.00187454
1667 0.715963 0.511953 0.00196778
1668 0.715963 0.514744 0.00233419
1669 0.715963 0.507529 0.00204829
1670 0.715963 0.510095 0.00218558
1671 0.715963 0.513665 0.00216444
1672 0.715963 0.508244 0.00221868
1673 0.715963 0.512407 0.00212548
1674 0.715963 0.512664 0.00196783
1675 0.715963 0.513885 0.00214833
1676 0.715963 0.509963 0.00182994
1677 0.715963 0.510193 0.00203417
1678 0.715963 0.510355 0.00189016
1679 0.715963 0.511276 0.0020346
1680 0.715963 0.51601 0.00239908
1681 0.715963 0.51722 0.00230077
1682 0.715963 0.511908 0.00205755
1683 0.715963 0.513587 0.0022054
1684 0.715963 0.513689 0.00215723
1685 0.715963 0.510669 0.00200301
1686 0.715963 0.511737 0.00212896
1687 0.715963 0.512784 0.00197541
1688 0.715963 0.511158 0.00205341
1689 0.715963 0.515988 0.00217973
1690 0.715963 0.510917 0.0021032
1691 0.715963 0.514467 0.0021768
1692 0.715963 0.514472 0.00195149
1693 0.715963 0.51258 0.00196298
1694 0.715963 0.511939 0.00195746
1695 0.715963 0.514058 0.00193188
1696 0.715963 0.515152 0.0023335
1697 0.715963 0.513099 0.00265484
1698 0.715963 0.510725 0.00198931
1699 0.715963 0.512089 0.00211627
1700 0.715963 0.513736 0.00205488
1701 0.715963 0.511109 0.00200699
1702 0.715963 0.513562 0.00231546
1703 0.715963 0.511328 0.00208431
1704 0.715963 0.513659 0.00234906
1705 0.715963 0.51012 0.00196848
1706 0.715963 0.511797 0.00207738
1707 0.715963 0.509448 0.00216123
1708 0.715963 0.508123 0.00215546
1709 0.715963 0.511304 0.00213233
1710 0.715963 0.511819 0.00206551
1711 0.715963 0.514501 0.00241503
1712 0.715963 0.511933 0.00209715
1713 0.715963 0.509829 0.00202716
1714 0.715963 0.507905 0.0020068
1715 0.717795 0.5127 0.00251712
1716 0.717795 0.511538 0.00223401
1717 0.717795 0.5111 0.00216914
1718 0.717795 0.509242 0.00224223
1719 0.717795 0.509618 0.00210824
1720 0.717795 0.512867 0.00214015
1721 0.717795 0.514503 0.00235418
1722 0.717795 0.511233 0.00224185
1723 0.717795 0.513789 0.00244749
1724 0.717795 0.511202 0.00200365
1725 0.717795 0.511731 0.0023371
1726 0.717795 0.513228 0.00236596
1727 0.717795 0.511396 0.0020904
1728 0.717795 0.510026 0.00238493
1729 0.717795 0.511679 0.00208477
1730 0.717795 0.510693 0.00207585
1731 0.717795 0.510319 0.00205211
1732 0.717795 0.513356 0.00210906
1733 0.717795 0.513278 0.00221927
1734 0.717795 0.515438 0.00235454
1735 0.717795 0.510703 0.0021083
1736 0.717795 0.514045 0.00203591
1737 0.717795 0.511187 0.00214988
1738 0.717795 0.511196 0.00208947
1739 0.717795 0.510947 0.0022538
1740 0.717795 0.520104 0.00246413
1741 0.717795 0.514055 0.00216926
1742 0.717795 0.515512 0.0023132
1743 0.717795 0.514056 0.0020769
1744 0.717795 0.517836 0.00269196
1745 0.717795 0.514988 0.00217596
1746 0.717795 0.513131 0.00216547
1747 0.717795 0.51898 0.00264435
1748 0.717795 0.510037 0.00223773
1749 0.717795 0.515604 0.00198748
1750 0.717795 0.516104 0.00231051
1751 0.717795 0.514789 0.00204115
1752 0.717795 0.515176 0.00240297
1753 0.717795 0.517097 0.00230915
1754 0.717795 0.510426 0.00210621
1755 0.717795 0.516184 0.00211943
1756 0.717795 0.517138 0.00265834
1757 0.717795 0.511835 0.00213269
1758 0.717795 0.51079 0.00227643
1759 0.717795 0.513562 0.00220258
1760 0.717795 0.515633 0.00236485
1761 0.717795 0.513484 0.00206014
1762 0.717795 0.51465 0.00247999
1763 0.717795 0.516231 0.00249516
1764 0.717795 0.513047 0.00216978
1765 0.717795 0.515776 0.0025526
1766 0.717795 0.513552 0.00250412
1767 0.717795 0.512725 0.00201516
1768 0.717795 0.509511 0.00203741
1769 0.717795 0.512237 0.00202835
1770 0.717795 0.51468 0.00260725
1771 0.717795 0.512208 0.00214393
1772 0.717795 0.513987 0.00219646
1773 0.717795 0.511764 0.00220563
1774 0.717795 0.510699 0.00225923
1775 0.717795 0.513671 0.00240533
1776 0.717795 0.511086 0.00244532
1777 0.717795 0.509991 0.0021251
1778 0.717795 0.514271 0.00255509
1779 0.717795 0.515272 0.0023762
1780 0.717795 0.514014 0.00240702
1781 0.717795 0.516874 0.00208809
1782 0.717795 0.516848 0.00231616
1783 0.717795 0.510141 0.0021264
1784 0.717795 0.50852 0.00218102
1785 0.717795 0.514832 0.00250782
1786 0.717795 0.521187 0.00301714
1787 0.717795 0.514422 0.00226589
1788 0.717795 0.512366 0.00224094
1789 0.717795 0.513144 0.00223485
1790 0.717795 0.510856 0.00214492
1791 0.717795 0.511159 0.00223688
1792 0.717795 0.513276 0.0021201
1793 0.717795 0.516473 0.00279874
1794 0.717795 0.516288 0.00252346
1795 0.717795 0.515343 0.00214673
1796 0.717795 0.513524 0.00207867
1797 0.717795 0.510497 0.00200708
1798 0.717795 0.512387 0.00208005
1799 0.717795 0.510684 0.00207869
1800 0.717795 0.512182 0.0020857
1801 0.717795 0.510847 0.00197601
1802 0.717795 0.512391 0.00203668
1803 0.717795 0.511652 0.00205503
1804 0.717795 0.512196 0.00199774
1805 0.717795 0.51189 0.00208131
1806 0.717795 0.510097 0.00214519
1807 0.717795 0.511573 0.00242667
1808 0.717795 0.512666 0.00197635
1809 0.717795 0.512929 0.00228018
1810 0.717795 0.514272 0.00226284
1811 0.717795 0.511183 0.00232595
1812 0.717795 0.512611 0.00216129
1813 0.717795 0.516771 0.00253229
1814 0.717795 0.514069 0.00250187
1815 0.717795 0.512321 0.00236653
1816 0.717795 0.511155 0.00210938
1817 0.717795 0.515401 0.00236822
1818 0.717795 0.511472 0.00218818
1819 0.717795 0.514742 0.00202152
1820 0.717795 0.514396 0.00231669
1821 0.717795 0.511798 0.00197353
1822 0.717795 0.510966 0.0021034
1823 0.717795 0.513269 0.0019319
1824 0.717795 0.511832 0.00209834
1825 0.717795 0.51632 0.00200589
1826 0.717795 0.513292 0.0020636
1827 0.717795 0.513368 0.00203105
1828 0.717795 0.513073 0.00202269
1829 0.717795 0.510946 0.00211034
1830 0.717795 0.51425 0.00204819
1831 0.717795 0.511789 0.00232483
1832 0.717795 0.511348 0.00200001
1833 0.717795 0.513722 0.00221013
1834 0.717795 0.513562 0.00205467
1835 0.717795 0.515017 0.0022018
1836 0.717795 0.515869 0.00213965
1837 0.717795 0.511576 0.00214283
1838 0.717795 0.511758 0.00211865
1839 0.717795 0.509812 0.00190895
1840 0.717795 0.508322 0.00204695
1841 0.717795 0.511287 0.00214597
1842 0.717795 0.5127 0.00230784
1843 0.717795 0.508924 0.00230174
1844 0.717795 0.512601 0.00256352
1845 0.717795 0.511989 0.00214987
1846 0.717795 0.512666 0.00216256
1847 0.717795 0.513436 0.00248351
1848 0.717795 0.513926 0.00221321
1849 0.717795 0.516075 0.00236728
1850 0.717795 0.512074 0.00195678
1851 0.717795 0.511566 0.00196326
1852 0.717795 0.512822 0.00249166
1853 0.717795 0.51316 0.00214222
1854 0.717795 0.513252 0.00249684
1855 0.717795 0.51057 0.00214283
1856 0.717795 0.513597 0.0022931
1857 0.717795 0.510406 0.0022179
1858 0.717795 0.512685 0.00215529
1859 0.717795 0.51364 0.00219888
1860 0.717795 0.516093 0.0021758
1861 0.717795 0.516982 0.00216084
1862 0.717795 0.513413 0.00211589
1863 0.717795 0.512789 0.00210349
1864 0.717795 0.512082 0.00213529
1865 0.717795 0.515338 0.00239735
1866 0.717795 0.512881 0.00251211
1867 0.717795 0.512814 0.00228741
1868 0.717795 0.516022 0.00222837
1869 0.717795 0.514109 0.00214476
1870 0.717795 0.51499 0.00222691
1871 0.717795 0.512102 0.00258156
1872 0.717795 0.510348 0.00217865
1873 0.717795 0.511839 0.00228804
1874 0.717795 0.512443 0.00220637
1875 0.717795 0.516816 0.00229882
1876 0.717795 0.513681 0.0022651
1877 0.717795 0.513547 0.0022384
1878 0.717795 0.517126 0.00233321
1879 0.717795 0.513791 0.00210722
1880 0.717795 0.512771 0.00211941
1881 0.717795 0.508961 0.00237696
1882 0.717795 0.512451 0.00203683
1883 0.717795 0.51172 0.00208383
1884 0.717795 0.510502 0.00217245
1885 0.717795 0.514607 0.0021274
1886 0.717795 0.515265 0.00228304
1887 0.717795 0.513793 0.00207024
1888 0.717795 0.514798 0.00239577
1889 0.717795 0.514572 0.00209341
1890 0.717795 0.515184 0.00205009
1891 0.717795 0.512111 0.00210805
1892 0.717795 0.513606 0.00198852
1893 0.717795 0.514573 0.00216724
1894 0.717795 0.515971 0.00221321
1895 0.717795 0.511512 0.00217604
1896 0.717795 0.50819 0.002075
1897 0.717795 0.51024 0.00212398
1898 0.717795 0.514415 0.00246042
1899 0.717795 0.512511 0.00207822
1900 0.717795 0.510148 0.00200953
1901 0.717795 0.510854 0.00217743
1902 0.717795 0.513988 0.00258812
1903 0.717795 0.511069 0.00217977
1904 0.717795 0.513318 0.00234539
1905 0.717795 0.511306 0.00200246
1906 0.717795 0.510606 0.00233015
1907 0.717795 0.513217 0.00224473
1908 0.717795 0.508651 0.00216444
1909 0.717795 0.516163 0.00239488
1910 0.717795 0.512529 0.00238078
1911 0.717795 0.509157 0.00210554
1912 0.717795 0.510809 0.00215349
1913 0.717795 0.511401 0.0020002
1914 0.717795 0.512683 0.00217523
1915 0.717795 0.514797 0.00202903
1916 0.717795 0.510027 0.00196754
1917 0.717795 0.513145 0.00252158
1918 0.717795 0.511321 0.00210743
1919 0.717795 0.511355 0.00204571
1920 0.717795 0.515113 0.00233386
1921 0.717795 0.512639 0.00194522
1922 0.717795 0.513477 0.00210995
1923 0.717795 0.513855 0.00239541
1924 0.717795 0.51341 0.00221967
1925 0.717795 0.513717 0.00202143
1926 0.717795 0.512962 0.00213062
1927 0.717795 0.512338 0.002056
1928 0.717795 0.510827 0.00220765
1929 0.717795 0.51368 0.00213786
1930 0.717795 0.513804 0.00207448
1931 0.717795 0.513617 0.00208229
1932 0.717795 0.515386 0.00216011
1933 0.717795 0.509005 0.00222477
1934 0.717795 0.514642 0.00201226
1935 0.717795 0.515154 0.00242889
1936 0.717795 0.513458 0.0020758
1937 0.717795 0.512851 0.00214661
1938 0.717795 0.511356 0.00220494
1939 0.717795 0.513902 0.00220592
1940 0.717795 0.510676 0.00227759
1941 0.717795 0.512059 0.00203836
1942 0.717795 0.513995 0.00225069
1943 0.717795 0.513694 0.00202952
1944 0.717795 0.512382 0.00202303
1945 0.717795 0.513576 0.0025329
1946 0.717795 0.518075 0.00255464
1947 0.717795 0.514935 0.00253943
1948 0.717795 0.512406 0.002109
1949 0.717795 0.515157 0.00217656
1950 0.717795 0.516774 0.00231491
1951 0.717795 0.519089 0.00229673
1952 0.717795 0.513767 0.00247549
1953 0.717795 0.512609 0.00218942
1954 0.717795 0.51334 0.00230855
1955 0.717795 0.516128 0.00206551
1956 0.717795 0.513495 0.0022309
1957 0.717795 0.518677 0.00218661
1958 0.717795 0.517595 0.00262663
1959 0.717795 0.516474 0.00248017
1960 0.717795 0.514529 0.00224283
1961 0.717795 0.512163 0.00222094
1962 0.717795 0.516332 0.00242206
1963 0.717795 0.517566 0.00211573
1964 0.717795 0.515569 0.00232365
1965 0.717795 0.516335 0.00223097
1966 0.717795 0.512283 0.0022778
1967 0.717795 0.51385 0.0023747
1968 0.717795 0.514072 0.00209625
1969 0.717795 0.511925 0.0021173
1970 0.717795 0.513823 0.00220479
1971 0.717795 0.514671 0.00218765
1972 0.717795 0.514013 0.00216492
1973 0.717795 0.512742 0.00225928
1974 0.717795 0.512558 0.00203418
1975 0.717795 0.513747 0.00221706
1976 0.717795 0.511944 0.0020762
1977 0.717795 0.519064 0.00233478
1978 0.717795 0.511616 0.00215699
1979 0.717795 0.514796 0.00211018
1980 0.717795 0.514263 0.00219931
1981 0.717795 0.515195 0.0025296
1982 0.717795 0.514514 0.00215511
1983 0.717795 0.513231 0.00216867
1984 0.717795 0.514862 0.00223773
1985 0.717795 0.519333 0.00228448
1986 0.717795 0.517354 0.00293476
1987 0.717795 0.515603 0.00214924
1988 0.717795 0.512648 0.00219878
1989 0.717795 0.512895 0.00204659
1990 0.717795 0.515444 0.00212079
1991 0.717795 0.512085 0.00221063
1992 0.717795 0.512471 0.00228959
1993 0.717795 0.517353 0.00227859
1994 0.717795 0.512692 0.00202703
1995 0.717795 0.512379 0.0022152
1996 0.717795 0.511636 0.00209215
1997 0.717795 0.51203 0.00204944
1998 0.717795 0.512998 0.00260418
1999 0.717795 0.51253 0.00206065
2000 0.717795 0.512293 0.0021902
