2
3
-51.3897
5.37976
0
0.133196
0.275879
1
-64.7835
5.6137
0
0.0213599
0.232964
1
0.093354
0.201095
1
0.326132
1.00565
1.88779
0.52993
1.2787
1.88013
1.42054
1.08836
1.57899
0.37206
1.19947
0.205403
0.017507
0.615609
1.35536
1.91941
1.97065
1.57045
0.447172
0.835443
1.6931
1.08906
0.611212
1.24574
0.154082
0.323842
0.588207
1.94874
0.17792
1.64835
0.518881
1.25085
0.378283
0.265372
0.843481
1.36376
0.447719
1.94814
1.65174
1.17172
1.80863
1.50246
0.592323
1.93563
1.72393
1.14083
0.620693
1.19623
1.97181
1.61014
0.416002
0.444251
0.0254094
0.819015
0.421918
0.275836
1.14444
1.66643
0.901635
0.00897787
0.66818
1.16193
0.302315
0.304937
1.07783
1.99963
1.84139
0.851168
1.01862
0.910565
0.147683
0.584224
0.196514
1.81199
0.194539
-0.576245
