4
1
-63.4775
4.95902
0
-53.5637
3.77307
0
-60.0574
7.51556
0
-57.329
2.53444
0
0.173851
0.214583
1
0.145494
0.104398
0.962543
1.15887
0.411145
1.71323
1.6932
0.50969
0.988809
1.17364
0.738475
0.25311
1.72705
0.009898
0.23112
0.573188
1.36921
1.77351
1.75112
0.122289
0.532446
1.728
0.68432
0.972795
1.33102
1.00256
0.375288
2
0.767529
0.702568
0.591748
0.500524
1.82671
0.621896
0.738363
0.114094
0.0601031
1.38756
1.75899
1.79551
1.48494
1.07999
1.08131
0.554719
0.894787
1.84908
0.145988
1.92361
1.30241
1.99724
0.736841
0.880166
0.481475
1.00417
1.09129
0.482888
0.897225
0.680107
0.430397
9.50998e-06
0
0.581892
0.195965
0.549722
1.92572
1.06563
2
0.569536
0.527142
0.12613
1.71427
1.8819
0.914196
1.36933
1.46932
0.779589
