4
1
0.0558319
0.244373
1
-55.7194
4.26759
0
-52.4515
3.18715
0
-65
6.59438
0
-61.0579
3.5385
0
0.321039
1.27288
0.726271
1.49179
1.78629
0.714857
0.533383
1.77873
0.865894
0.169855
1.98384
0.29453
0.752554
1.89943
0.611671
1.71711
1.90404
1.84367
1.85111
1.29872
0.304289
1.74352
0.364017
1.23146
0.342598
1.26015
0.440664
1.17839
1.95998
1.77964
1.00579
0.91469
1.49735
0.716552
1.48849
0.240934
1.47591
1.0556
0.742485
1.75533
1.10526
0.213886
0.70997
0.702441
1.41002
0.0533611
0.045825
0.0946021
1.62394
1.30899
1.42851
0.0521226
1.56906
1.33179
1.34419
0.0914435
0.601586
1.50238
0.0148082
1.6733
1.58937
1.37058
0.315495
0.600835
0.140244
0.160411
1.57574
1.70363
1.70795
0.213787
1.55972
0.355382
0.697672
1.72982
0
