4
1
-54.7884
2.40323
0
-53.2456
3.25561
0
-50.3481
7.44881
0
0.176334
0.200261
1
-56.2622
6.73583
0
0.0997844
0.361231
0.206417
0.825569
1.43686
0.284118
1.21562
1.33689
1.66055
0.2314
0.104486
1.16378
2
1.0288
0.166751
0.580603
0.0689606
0.759507
0.877087
0.612919
0.464329
0.553124
0.0970548
1.60082
0.141171
0.864148
1.45712
0.183148
1.38495
1.48729
0.407027
1.96387
1.39716
0.865206
0.634352
1.85488
1.10531
1.67348
0.20354
1.24182
1.19837
0.982877
0.26302
0.65297
1.48122
1.29706
0.631757
0.11845
0.56422
1.49378
1.99801
0.869592
0.342969
0.336542
0.448786
1.67094
0.796502
0.56701
0.881205
1.59294
0.0890555
0.202442
1.23257
1.03331
1.00998
0.862049
0.974159
1.41332
0.295302
1.87293
0.39682
0.733509
0.141319
1.69949
1.27048
