5
0
-58.8159
5.58941
0
-55.7326
2.15808
0
-62.7372
6.66562
0
-50.7453
5.06953
0
-52.5895
3.83809
0
0.934983
0.909089
0.685148
0.441168
1.77765
1.06198
1.98691
1.99997
1.30465
0.656996
0.58863
1.53879
1.64951
0.877042
0.947423
1.06001
0.518055
0.258778
1.89949
1.30455
0.111206
0.86496
1.78316
0.0106794
0.961512
1.47943
1.17186
1.85872
0.687532
0.348762
0.748239
1.66768
1.95025
1.94537
1.39312
0.180263
0.451237
1.45223
2
0.113007
1.99996
1.49476
1.98964
0.381398
1.83346
0.531424
0
1.14384
0.0152107
0.244861
1.99933
1.31681
0.863645
1.25046
0.965082
1.46998
0.193252
1.63677
0.05925
0.202329
1.72298
0.00169703
0.103898
0.76626
0.67368
0.997555
1.8712
1.65093
1.10251
0.156493
0.116933
