0 0.553094 0.498914 0.000366752
1 0.569298 0.500318 0.000442315
2 0.569298 0.505005 0.000494783
3 0.569298 0.505477 0.000536118
4 0.603071 0.507551 0.000545446
5 0.603071 0.504694 0.000501725
6 0.603071 0.501816 0.000426793
7 0.613529 0.508509 0.000628418
8 0.613529 0.511717 0.00089405
9 0.613529 0.507375 0.000792719
10 0.613529 0.511475 0.000796778
11 0.613529 0.509125 0.0008038
12 0.613529 0.509964 0.000872459
13 0.625208 0.511006 0.000984014
14 0.625208 0.509281 0.00100129
15 0.625208 0.505352 0.00115714
16 0.625208 0.505915 0.00127931
17 0.625208 0.506459 0.00118733
18 0.625208 0.508937 0.00116151
19 0.625208 0.512729 0.00122652
20 0.625208 0.507344 0.0011777
21 0.63974 0.503106 0.00132668
22 0.63974 0.50542 0.00129492
23 0.63974 0.510698 0.00118623
24 0.63974 0.507536 0.0010766
25 0.63974 0.509217 0.00141951
26 0.679784 0.511375 0.0015362
27 0.679784 0.509743 0.0017918
28 0.679784 0.507556 0.00148011
29 0.679784 0.509191 0.00135737
30 0.679784 0.508931 0.00210508
31 0.679784 0.509813 0.00220664
32 0.679784 0.511922 0.00198988
33 0.679784 0.504614 0.00205599
34 0.679784 0.507281 0.00190481
35 0.679784 0.505295 0.00204993
36 0.699841 0.509971 0.00213323
37 0.699841 0.505232 0.00188723
38 0.699841 0.50792 0.00179478
39 0.699841 0.503232 0.00224982
40 0.699841 0.506804 0.0024505
41 0.699841 0.511371 0.00234759
42 0.699841 0.505495 0.00261846
43 0.699841 0.502311 0.00277046
44 0.699841 0.502318 0.00238277
45 0.699841 0.49963 0.00238143
46 0.699841 0.508154 0.00309271
47 0.699841 0.507545 0.00254051
48 0.699841 0.506511 0.00254632
49 0.699841 0.505753 0.00248073
50 0.699841 0.50506 0.00264082
51 0.699841 0.513656 0.00273256
52 0.699841 0.503562 0.00255426
53 0.699841 0.504285 0.00229795
54 0.699841 0.500684 0.00259763
55 0.699841 0.505855 0.00292613
56 0.699841 0.507711 0.00237112
57 0.699841 0.50579 0.00316661
58 0.699841 0.498708 0.00270239
59 0.699841 0.507335 0.00272191
60 0.699841 0.509191 0.00262475
61 0.699841 0.501933 0.0026681
62 0.699841 0.503035 0.00252671
63 0.699841 0.497126 0.00279631
64 0.699841 0.50216 0.0025274
65 0.699841 0.506024 0.00346536
66 0.699841 0.502455 0.00344072
67 0.699841 0.497676 0.00276796
68 0.699841 0.498676 0.00315413
69 0.699841 0.509172 0.00326664
70 0.699841 0.503638 0.00297133
71 0.699841 0.5134 0.00312101
72 0.699841 0.503792 0.00342613
73 0.699841 0.506303 0.00298617
74 0.699841 0.51092 0.00293234
75 0.699841 0.509543 0.00299388
76 0.699841 0.504184 0.00325272
77 0.699841 0.500889 0.00286534
78 0.699841 0.497422 0.00348262
79 0.699841 0.504396 0.00327768
80 0.699841 0.506325 0.00334176
81 0.699841 0.497857 0.00333357
82 0.699841 0.500824 0.00355768
83 0.699841 0.504495 0.00331327
84 0.699841 0.510861 0.00273738
85 0.699841 0.513497 0.00322288
86 0.699841 0.504527 0.00273093
87 0.699841 0.49765 0.00349612
88 0.699841 0.505191 0.002781
89 0.699841 0.509111 0.00276012
90 0.699841 0.49947 0.00285273
91 0.699841 0.506151 0.0025943
92 0.699841 0.502811 0.0032176
93 0.699841 0.51068 0.00275204
94 0.699841 0.497695 0.0028342
95 0.699841 0.504183 0.00299169
96 0.699841 0.495374 0.00331454
97 0.699841 0.503703 0.00343176
98 0.699841 0.501601 0.00335922
99 0.699841 0.505097 0.00327152
100 0.699841 0.503086 0.00314316
101 0.699841 0.503847 0.0031064
102 0.699841 0.505428 0.00322172
103 0.699841 0.501199 0.00285424
104 0.699841 0.507493 0.00329769
105 0.699841 0.509051 0.00297534
106 0.699841 0.509416 0.00303943
107 0.699841 0.508059 0.00300807
108 0.699841 0.498691 0.00352904
109 0.699841 0.503669 0.0032319
110 0.699841 0.503309 0.00351471
111 0.699841 0.499066 0.0030568
112 0.699841 0.511533 0.00316782
113 0.699841 0.504544 0.00336217
114 0.699841 0.510492 0.00302494
115 0.699841 0.513879 0.00284636
116 0.699841 0.501768 0.00307898
117 0.699841 0.506194 0.00337929
118 0.699841 0.506237 0.00319579
119 0.699841 0.499606 0.0033699
120 0.699841 0.503993 0.0036666
121 0.699841 0.51044 0.00346438
122 0.699841 0.503056 0.00368313
123 0.699841 0.502949 0.0031051
124 0.699841 0.507091 0.00314532
125 0.699841 0.503577 0.00379493
126 0.699841 0.50546 0.00374843
127 0.699841 0.503118 0.0034363
128 0.699841 0.509472 0.00341313
129 0.699841 0.507822 0.00353204
130 0.699841 0.508005 0.00337596
131 0.699841 0.507005 0.00334111
132 0.699841 0.507401 0.00370092
133 0.699841 0.499887 0.00387124
134 0.699841 0.502717 0.0037836
135 0.699841 0.501701 0.00380252
136 0.699841 0.499512 0.00338536
137 0.699841 0.501395 0.00355608
138 0.699841 0.504403 0.00411352
139 0.699841 0.502982 0.00358815
140 0.699841 0.505869 0.00356203
141 0.699841 0.506863 0.00404506
142 0.699841 0.50001 0.00364455
143 0.699841 0.506039 0.00356248
144 0.699841 0.496897 0.00418134
145 0.699841 0.504549 0.00348748
146 0.699841 0.515154 0.00343917
147 0.699841 0.506429 0.00353012
148 0.699841 0.506949 0.003219
149 0.699841 0.5029 0.00352267
150 0.699841 0.507676 0.00363597
151 0.699841 0.504568 0.00293978
152 0.699841 0.501804 0.0036588
153 0.699841 0.501645 0.00344338
154 0.699841 0.50368 0.00393812
155 0.699841 0.495968 0.00333942
156 0.699841 0.501769 0.00395194
157 0.699841 0.506872 0.0035264
158 0.699841 0.506785 0.00341493
159 0.699841 0.500108 0.00358597
160 0.699841 0.502739 0.00355237
161 0.699841 0.49991 0.00336627
162 0.699841 0.509028 0.00313488
163 0.699841 0.507518 0.00338006
164 0.699841 0.49845 0.00360939
165 0.699841 0.506302 0.00341391
166 0.699841 0.509579 0.00352774
167 0.699841 0.509663 0.0035793
168 0.699841 0.506809 0.00415455
169 0.699841 0.497021 0.00357221
170 0.699841 0.504432 0.00375669
171 0.699841 0.500725 0.00345357
172 0.699841 0.493279 0.00379766
173 0.699841 0.502005 0.00356479
174 0.699841 0.503449 0.00372407
175 0.699841 0.505839 0.00363852
176 0.699841 0.508298 0.00400035
177 0.699841 0.506379 0.00432252
178 0.699841 0.512074 0.00356692
179 0.699841 0.509117 0.0036871
180 0.699841 0.50589 0.00326568
181 0.699841 0.508107 0.00309932
182 0.699841 0.496496 0.00386515
183 0.699841 0.502108 0.0033421
184 0.699841 0.503829 0.00417392
185 0.699841 0.506427 0.00378255
186 0.699841 0.506633 0.00360419
187 0.699841 0.506324 0.0034276
188 0.699841 0.510899 0.00346329
189 0.699841 0.506206 0.00355173
190 0.699841 0.501817 0.00364888
191 0.699841 0.51277 0.00387846
192 0.699841 0.511487 0.00355918
193 0.699841 0.509581 0.00399414
194 0.699841 0.509893 0.00368681
195 0.699841 0.508839 0.00383937
196 0.699841 0.510549 0.00435467
197 0.699841 0.519059 0.003417
198 0.699841 0.51381 0.0030905
199 0.699841 0.511395 0.00394546
200 0.699841 0.509929 0.00366844
201 0.699841 0.509326 0.00346798
202 0.699841 0.506815 0.00362736
203 0.699841 0.51447 0.00347684
204 0.699841 0.51163 0.00356024
205 0.699841 0.513764 0.00364786
206 0.699841 0.511593 0.00409832
207 0.699841 0.51314 0.00388823
208 0.699841 0.510067 0.00367782
209 0.699841 0.503166 0.00363395
210 0.699841 0.504597 0.00304966
211 0.699841 0.512757 0.00337422
212 0.699841 0.513205 0.00389181
213 0.699841 0.511092 0.00347239
214 0.699841 0.51526 0.003622
215 0.699841 0.516408 0.00348583
216 0.699841 0.512967 0.00415341
217 0.699841 0.511293 0.00306496
218 0.699841 0.513024 0.00350613
219 0.699841 0.512035 0.00315141
220 0.699841 0.520065 0.00403482
221 0.699841 0.509061 0.0039865
222 0.699841 0.509647 0.00371867
223 0.699841 0.512638 0.00359646
224 0.699841 0.508409 0.00306376
225 0.699841 0.519728 0.00349698
226 0.699841 0.517299 0.00310757
227 0.699841 0.513892 0.00332715
228 0.699841 0.521363 0.0029321
229 0.699841 0.512218 0.00342351
230 0.699841 0.503736 0.00382996
231 0.699841 0.505143 0.00321673
232 0.699841 0.504402 0.00354611
233 0.699841 0.514972 0.00298836
234 0.712332 0.516451 0.0039213
235 0.712332 0.510394 0.00343572
236 0.712332 0.513481 0.00359455
237 0.712332 0.520368 0.00344718
238 0.712332 0.507066 0.00353689
239 0.712332 0.517573 0.00336369
240 0.712332 0.5104 0.00377086
241 0.712332 0.518874 0.00351823
242 0.712332 0.515864 0.00401062
243 0.712332 0.514659 0.0044967
244 0.712332 0.514093 0.00341856
245 0.712332 0.510404 0.00367544
246 0.712332 0.50827 0.00370025
247 0.712332 0.512208 0.00316444
248 0.712332 0.503309 0.0038769
249 0.712332 0.510475 0.00370703
250 0.712332 0.502509 0.0038873
251 0.712332 0.507323 0.00459942
252 0.712332 0.506078 0.00354275
253 0.712332 0.501641 0.00363404
254 0.712332 0.510659 0.00418791
255 0.712332 0.505993 0.0038589
256 0.712332 0.517018 0.00326783
257 0.712332 0.512185 0.0031391
258 0.712332 0.508698 0.00416569
259 0.712332 0.514589 0.0039455
260 0.712332 0.508495 0.00406267
261 0.712332 0.509455 0.00423738
262 0.712332 0.510548 0.00375392
263 0.712332 0.50975 0.00358626
264 0.712332 0.506222 0.00372843
265 0.712332 0.497811 0.00408836
266 0.712332 0.502137 0.00390331
267 0.712332 0.516045 0.00336222
268 0.712332 0.510488 0.00444643
269 0.712332 0.513569 0.00441527
270 0.712332 0.507758 0.00369568
271 0.712332 0.507297 0.00405522
272 0.712332 0.512987 0.00428758
273 0.712332 0.505733 0.00424928
274 0.712332 0.51752 0.00328932
275 0.712332 0.5079 0.00438953
276 0.712332 0.515249 0.00410175
277 0.712332 0.512199 0.00390281
278 0.712332 0.510892 0.00354907
279 0.712332 0.504319 0.00428859
280 0.712332 0.513897 0.00410538
281 0.712332 0.523731 0.00387028
282 0.712332 0.512504 0.00342374
283 0.712332 0.512195 0.00451638
284 0.712332 0.516359 0.00407321
285 0.712332 0.515062 0.00434002
286 0.712332 0.5126 0.00443609
287 0.712332 0.514653 0.00434633
288 0.712332 0.511542 0.00384021
289 0.712332 0.514979 0.0041048
290 0.712332 0.51764 0.00398544
291 0.712332 0.517573 0.00358307
292 0.712332 0.506844 0.00325059
293 0.712332 0.516509 0.00430328
294 0.712332 0.515845 0.00403845
295 0.712332 0.509868 0.00477005
296 0.712332 0.513853 0.00417751
297 0.712332 0.516569 0.00331637
298 0.712332 0.511747 0.00400506
299 0.712332 0.506599 0.0035699
300 0.712332 0.504136 0.00407671
301 0.712332 0.513546 0.00346533
302 0.712332 0.50927 0.00463372
303 0.712332 0.506143 0.00382822
304 0.712332 0.507206 0.00406617
305 0.712332 0.501813 0.00442204
306 0.712332 0.49993 0.00404598
307 0.712332 0.512495 0.00365317
308 0.712332 0.511306 0.00345493
309 0.712332 0.51281 0.00366713
310 0.712332 0.5116 0.00399386
311 0.712332 0.508547 0.00456496
312 0.712332 0.505848 0.00396821
313 0.712332 0.510991 0.00430596
314 0.712332 0.509025 0.00360855
315 0.712332 0.51232 0.0042799
316 0.712332 0.509598 0.00374203
317 0.712332 0.507338 0.00434853
318 0.712332 0.505089 0.00336422
319 0.712332 0.511905 0.00336628
320 0.712332 0.513326 0.0040061
321 0.712332 0.516982 0.00379336
322 0.712332 0.509736 0.00371733
323 0.712332 0.509227 0.00402526
324 0.712332 0.512654 0.00339231
325 0.712332 0.503182 0.00413203
326 0.712332 0.503418 0.00396076
327 0.712332 0.511315 0.0040854
328 0.712332 0.516338 0.00384493
329 0.712332 0.503057 0.00420219
330 0.712332 0.515368 0.00359911
331 0.712332 0.515059 0.00369467
332 0.712332 0.509753 0.00379532
333 0.712332 0.512742 0.00519798
334 0.712332 0.502438 0.00479746
335 0.712332 0.503139 0.00435034
336 0.712332 0.503352 0.00387163
337 0.712332 0.506351 0.00392676
338 0.712332 0.512712 0.00398845
339 0.712332 0.50883 0.0037833
340 0.712332 0.513174 0.0039222
341 0.712332 0.515456 0.003655
342 0.712332 0.508673 0.00352437
343 0.712332 0.508566 0.00345414
344 0.712332 0.508201 0.00322629
345 0.712332 0.508471 0.00378138
346 0.712332 0.512842 0.00405065
347 0.712332 0.505416 0.00399458
348 0.712332 0.508815 0.0037347
349 0.712332 0.511836 0.00440118
350 0.712332 0.509826 0.00411275
351 0.712332 0.512366 0.00394645
352 0.712332 0.513255 0.00399498
353 0.712332 0.511132 0.00379829
354 0.712332 0.507493 0.00369858
355 0.712332 0.504112 0.00366693
356 0.712332 0.5089 0.00375057
357 0.712332 0.512201 0.00395275
358 0.712332 0.515984 0.00389931
359 0.712332 0.516205 0.00346799
360 0.712332 0.514496 0.00427035
361 0.712332 0.510472 0.00372725
362 0.712332 0.513751 0.00429668
363 0.712332 0.509566 0.00387273
364 0.712332 0.519124 0.00387679
365 0.712332 0.511951 0.00394701
366 0.712332 0.507146 0.00381929
367 0.712332 0.504668 0.00400602
368 0.712332 0.508029 0.00427596
369 0.712332 0.507858 0.00386788
370 0.713449 0.520393 0.00514557
371 0.713449 0.520179 0.00454976
372 0.713449 0.512317 0.00406243
373 0.713449 0.507877 0.00406974
374 0.713449 0.505812 0.00379936
375 0.713449 0.514081 0.00342035
376 0.713449 0.504706 0.00420219
377 0.713449 0.510738 0.0043003
378 0.713449 0.509261 0.00402108
379 0.713449 0.510443 0.0036028
380 0.713449 0.512943 0.00458086
381 0.713449 0.51337 0.00414009
382 0.713449 0.52373 0.00389928
383 0.713449 0.50658 0.00437294
384 0.713449 0.515224 0.00396557
385 0.713449 0.511287 0.00357166
386 0.713449 0.50869 0.00409666
387 0.713449 0.514763 0.00388656
388 0.713449 0.513002 0.00429334
389 0.713449 0.518607 0.003786
390 0.713449 0.513796 0.00420623
391 0.713449 0.51293 0.00373057
392 0.713449 0.498632 0.00428336
393 0.713449 0.503378 0.00408336
394 0.713449 0.505492 0.00400889
395 0.713449 0.519422 0.00366062
396 0.713449 0.510909 0.00372146
397 0.713449 0.506723 0.00405552
398 0.713449 0.510364 0.00390467
399 0.713449 0.506873 0.00353601
400 0.713449 0.508058 0.00427349
401 0.71456 0.514225 0.00481278
402 0.71456 0.509625 0.00401996
403 0.71456 0.512615 0.00372311
404 0.71456 0.511915 0.00422257
405 0.71456 0.511785 0.00452549
406 0.71456 0.509286 0.00424626
407 0.71456 0.506376 0.00384375
408 0.71456 0.509869 0.00387895
409 0.71456 0.502405 0.00423933
410 0.71456 0.509371 0.0040863
411 0.71456 0.509828 0.00447589
412 0.71456 0.518398 0.00350878
413 0.71456 0.509467 0.00457435
414 0.71456 0.509153 0.00371681
415 0.71456 0.506191 0.00385555
416 0.71456 0.502896 0.00395644
417 0.71456 0.500736 0.00437171
418 0.71456 0.500385 0.00406677
419 0.71456 0.499468 0.00380319
420 0.71456 0.505795 0.00420663
421 0.71456 0.506471 0.00432014
422 0.71456 0.505773 0.0036593
423 0.71456 0.500243 0.00369701
424 0.71456 0.499602 0.00372337
425 0.71456 0.510627 0.0038924
426 0.71456 0.507925 0.0032806
427 0.71456 0.512905 0.00434387
428 0.71456 0.509313 0.00414141
429 0.71456 0.503938 0.00444916
430 0.71456 0.512851 0.00413367
431 0.71456 0.512994 0.00433341
432 0.71456 0.50932 0.00374866
433 0.71456 0.510842 0.0043609
434 0.71456 0.515366 0.0032829
435 0.71456 0.510215 0.00383117
436 0.71456 0.513296 0.00405411
437 0.71456 0.507042 0.00449441
438 0.71456 0.506424 0.0040924
439 0.71456 0.512216 0.0035243
440 0.71456 0.511004 0.00501939
441 0.71456 0.510179 0.00509092
442 0.71456 0.511075 0.00374958
443 0.71456 0.508286 0.00436544
444 0.71456 0.512562 0.00413433
445 0.71456 0.509704 0.00373945
446 0.71456 0.50432 0.00392256
447 0.71456 0.511272 0.00392516
448 0.71456 0.501628 0.00453952
449 0.71456 0.505101 0.0044648
450 0.71456 0.509983 0.0040322
451 0.71456 0.501238 0.0037963
452 0.71456 0.51115 0.00381648
453 0.71456 0.509014 0.00399024
454 0.71456 0.502033 0.00465713
455 0.71456 0.506279 0.00405545
456 0.71456 0.516797 0.00428081
457 0.71456 0.509005 0.0035153
458 0.71456 0.505714 0.00419846
459 0.71456 0.508584 0.00505104
460 0.71456 0.513375 0.00402283
461 0.71456 0.504143 0.00384441
462 0.71456 0.504414 0.00390043
463 0.71456 0.505632 0.00448685
464 0.71456 0.511911 0.00446101
465 0.71456 0.515925 0.00411437
466 0.71456 0.518255 0.00348954
467 0.71456 0.507477 0.00406474
468 0.71456 0.513718 0.00312405
469 0.71456 0.515899 0.00418534
470 0.71456 0.519258 0.00380526
471 0.71456 0.519004 0.00371975
472 0.71456 0.508661 0.00367753
473 0.71456 0.515188 0.00370248
474 0.71456 0.513849 0.00380156
475 0.71456 0.511442 0.00387092
476 0.71456 0.50812 0.00341834
477 0.71456 0.525111 0.00336768
478 0.71456 0.525683 0.00350647
479 0.71456 0.512649 0.00350353
480 0.71456 0.517768 0.00354919
481 0.71456 0.510448 0.00382944
482 0.71456 0.51011 0.00404821
483 0.71456 0.51336 0.0034773
484 0.71456 0.504321 0.0039558
485 0.71456 0.514945 0.00410363
486 0.71456 0.512974 0.00374813
487 0.71456 0.509289 0.00354258
488 0.71456 0.512697 0.00374175
489 0.71456 0.514497 0.00386373
490 0.71456 0.517177 0.00354012
491 0.71456 0.519094 0.0035616
492 0.71456 0.514405 0.00361296
493 0.71456 0.51143 0.00347776
494 0.71456 0.512834 0.00390242
495 0.71456 0.512927 0.00320592
496 0.71456 0.509771 0.00356893
497 0.71456 0.509631 0.003624
498 0.71456 0.514063 0.00354727
499 0.71456 0.505827 0.0041406
500 0.71456 0.511222 0.00370548
501 0.71456 0.507198 0.00366925
502 0.71456 0.504775 0.00398365
503 0.71456 0.510923 0.00412921
504 0.71456 0.511639 0.00349227
505 0.71456 0.515826 0.00389531
506 0.71456 0.512259 0.00410546
507 0.71456 0.519191 0.00370842
508 0.71456 0.505721 0.00400333
509 0.71456 0.516543 0.00399684
510 0.71456 0.515194 0.00387316
511 0.71456 0.513561 0.00359099
512 0.71456 0.50939 0.00448218
513 0.71456 0.51403 0.00476549
514 0.71456 0.515711 0.00454116
515 0.71456 0.515036 0.00359155
516 0.71456 0.517713 0.00402024
517 0.71456 0.515675 0.00410043
518 0.71456 0.513732 0.00392838
519 0.71456 0.508825 0.00331686
520 0.71456 0.511554 0.00430617
521 0.71456 0.514036 0.0035007
522 0.71456 0.512859 0.00416511
523 0.71456 0.513085 0.00447005
524 0.71456 0.506397 0.00412132
525 0.71456 0.507459 0.00454362
526 0.71456 0.496367 0.00423116
527 0.71456 0.503125 0.00424611
528 0.71456 0.511495 0.00443214
529 0.71456 0.507059 0.00407996
530 0.71456 0.50876 0.00425885
531 0.71456 0.508545 0.0032701
532 0.71456 0.509747 0.00362996
533 0.71456 0.510062 0.0041888
534 0.71456 0.510398 0.00411414
535 0.71456 0.504578 0.00404021
536 0.744254 0.506477 0.00516347
537 0.744254 0.515088 0.00385829
538 0.744254 0.504753 0.00361778
539 0.744254 0.506721 0.00360581
540 0.744254 0.514934 0.00404984
541 0.744254 0.504388 0.00412267
542 0.744254 0.507348 0.00361805
543 0.744254 0.50898 0.00382503
544 0.744254 0.512407 0.00454848
545 0.744254 0.504819 0.00407154
546 0.744254 0.508153 0.0040282
547 0.744254 0.505333 0.0043546
548 0.744254 0.516965 0.00391767
549 0.744254 0.507041 0.00413267
550 0.744254 0.51484 0.0050311
551 0.744254 0.510853 0.00432168
552 0.744254 0.50741 0.00446029
553 0.744254 0.499056 0.00372641
554 0.744254 0.501697 0.00393107
555 0.744254 0.508908 0.00422903
556 0.744254 0.509048 0.00385482
557 0.744254 0.509959 0.00348515
558 0.744254 0.504154 0.00479926
559 0.744254 0.49847 0.00396718
560 0.744254 0.503875 0.00432551
561 0.744254 0.507627 0.0043277
562 0.744254 0.511174 0.00380937
563 0.744254 0.511718 0.0044873
564 0.744254 0.507533 0.00490991
565 0.744254 0.512187 0.00440187
566 0.744254 0.497985 0.00494992
567 0.744254 0.510477 0.00449648
568 0.744254 0.509519 0.003858
569 0.744254 0.505698 0.00418745
570 0.744254 0.514762 0.00399598
571 0.744254 0.506866 0.00436558
572 0.744254 0.50554 0.00357821
573 0.744254 0.504064 0.00349406
574 0.744254 0.506853 0.00408139
575 0.744617 0.512075 0.00476467
576 0.744617 0.507 0.00371957
577 0.744617 0.513788 0.00390177
578 0.744617 0.512847 0.0045277
579 0.744617 0.514668 0.0045115
580 0.744617 0.516023 0.00425616
581 0.744617 0.513741 0.00387212
582 0.744617 0.513205 0.0044043
583 0.744617 0.504 0.0043779
584 0.744617 0.503472 0.00442048
585 0.744617 0.509514 0.00384356
586 0.744617 0.500032 0.00407436
587 0.744617 0.50206 0.00396997
588 0.744617 0.512736 0.00388821
589 0.744617 0.512104 0.00482949
590 0.744617 0.51373 0.00444341
591 0.744617 0.509791 0.00419142
592 0.744617 0.513713 0.00402596
593 0.744617 0.513794 0.00423048
594 0.744617 0.509129 0.0037986
595 0.744617 0.512773 0.0053378
596 0.744617 0.505133 0.00455107
597 0.744617 0.509381 0.00412131
598 0.744617 0.51159 0.00389292
599 0.744617 0.515873 0.00349708
600 0.744617 0.512249 0.00473812
601 0.745822 0.518303 0.00450445
602 0.745822 0.510081 0.00405466
603 0.745822 0.503349 0.00440954
604 0.745822 0.519629 0.0042843
605 0.745822 0.512177 0.00456238
606 0.745822 0.516436 0.00433879
607 0.745822 0.51121 0.00394828
608 0.745822 0.50792 0.00430633
609 0.745822 0.507812 0.00420857
610 0.745822 0.510634 0.00443186
611 0.745822 0.508352 0.00540006
612 0.745822 0.51246 0.00389178
613 0.745822 0.498624 0.00429358
614 0.745822 0.508145 0.00443319
615 0.745822 0.515825 0.00430642
616 0.745822 0.518509 0.00427394
617 0.745822 0.512753 0.00437237
618 0.745822 0.510571 0.00496169
619 0.745822 0.517354 0.00488902
620 0.745822 0.510352 0.00451246
621 0.745822 0.512636 0.00495599
622 0.745822 0.513441 0.00486576
623 0.745822 0.513565 0.00463932
624 0.745822 0.521389 0.00424746
625 0.745822 0.508066 0.00459566
626 0.745822 0.518008 0.00470934
627 0.745822 0.507104 0.00479218
628 0.745822 0.513411 0.00519779
629 0.745822 0.508176 0.00515938
630 0.745822 0.510688 0.00405369
631 0.745822 0.513726 0.00430546
632 0.745822 0.510993 0.00506097
633 0.745822 0.508531 0.00443219
634 0.745822 0.506893 0.00494088
635 0.745822 0.51325 0.00454659
636 0.745822 0.504247 0.00431942
637 0.745822 0.520087 0.00424419
638 0.745822 0.512997 0.00509218
639 0.745822 0.522235 0.00440444
640 0.745822 0.51642 0.0046963
641 0.745822 0.515468 0.0050027
642 0.745822 0.510088 0.0047679
643 0.745822 0.515189 0.00421928
644 0.745822 0.503581 0.00460889
645 0.745822 0.5119 0.00455089
646 0.745822 0.500013 0.00498748
647 0.745822 0.5148 0.00434543
648 0.745822 0.511118 0.00435113
649 0.745822 0.51453 0.00538832
650 0.745822 0.509968 0.00460582
651 0.745822 0.508213 0.00474415
652 0.745822 0.507193 0.00408529
653 0.745822 0.500465 0.00479307
654 0.746496 0.51592 0.00524367
655 0.746496 0.511902 0.00406349
656 0.746496 0.509966 0.00486497
657 0.746496 0.51072 0.00429104
658 0.746496 0.506554 0.00409657
659 0.746496 0.503915 0.00366574
660 0.746496 0.514058 0.00411772
661 0.746496 0.514235 0.00428357
662 0.746496 0.52163 0.00442858
663 0.746496 0.515847 0.00465219
664 0.746496 0.513526 0.00406822
665 0.746496 0.5092 0.00470503
666 0.746496 0.519166 0.0043608
667 0.746496 0.510653 0.0050863
668 0.746496 0.516942 0.00449439
669 0.746496 0.509601 0.00440531
670 0.746496 0.509669 0.00461554
671 0.746496 0.507042 0.00544782
672 0.746496 0.511032 0.00397708
673 0.746496 0.510584 0.0041339
674 0.746496 0.513071 0.00426595
675 0.746496 0.504475 0.00442971
676 0.746496 0.506448 0.00446237
677 0.746496 0.516092 0.00421996
678 0.746496 0.503918 0.0057898
679 0.746496 0.50909 0.00465072
680 0.746496 0.513584 0.00412876
681 0.746496 0.513399 0.00420805
682 0.746496 0.507823 0.0042139
683 0.746496 0.515984 0.00481024
684 0.746496 0.515588 0.00475802
685 0.746496 0.515049 0.00424528
686 0.746496 0.513948 0.00494677
687 0.746496 0.51063 0.00503793
688 0.746496 0.51092 0.00495472
689 0.746496 0.507735 0.00537552
690 0.746496 0.512082 0.0049614
691 0.746496 0.502972 0.00539863
692 0.746496 0.518262 0.00472452
693 0.746496 0.508502 0.00409203
694 0.746496 0.515807 0.00446582
695 0.746496 0.508301 0.00471863
696 0.746496 0.519293 0.00449088
697 0.746496 0.509331 0.0041182
698 0.746496 0.512123 0.00450212
699 0.746496 0.517007 0.00422347
700 0.746496 0.51362 0.00442901
701 0.746496 0.518185 0.00439976
702 0.746496 0.516047 0.00436279
703 0.746496 0.519459 0.00410914
704 0.746496 0.511472 0.00468489
705 0.746496 0.509197 0.00455714
706 0.746496 0.522836 0.00394043
707 0.746496 0.511279 0.00445392
708 0.746496 0.517338 0.00424971
709 0.746496 0.505734 0.00443109
710 0.746496 0.518573 0.00441719
711 0.746496 0.519104 0.00491853
712 0.746496 0.518538 0.00426992
713 0.746496 0.509388 0.00425406
714 0.746496 0.512791 0.00459266
715 0.746496 0.51545 0.00430613
716 0.746496 0.513127 0.00434002
717 0.746496 0.5102 0.00462653
718 0.746496 0.513517 0.00403468
719 0.746496 0.509369 0.00407574
720 0.746496 0.508509 0.00387207
721 0.746496 0.513185 0.00412455
722 0.746496 0.50745 0.00453959
723 0.746496 0.519307 0.0042308
724 0.749871 0.508457 0.00545407
725 0.749871 0.513115 0.00446959
726 0.749871 0.51225 0.00459298
727 0.749871 0.510812 0.00424918
728 0.749871 0.501568 0.00493327
729 0.749871 0.507051 0.00420778
730 0.749871 0.522312 0.00482831
731 0.749871 0.518681 0.00462893
732 0.749871 0.516412 0.00429771
733 0.749871 0.509968 0.0048033
734 0.749871 0.511779 0.0043656
735 0.749871 0.516746 0.00482884
736 0.749871 0.510132 0.00492991
737 0.749871 0.512034 0.00476819
738 0.749871 0.51069 0.00531389
739 0.749871 0.511185 0.00459724
740 0.749871 0.512239 0.00452981
741 0.749871 0.510504 0.00433004
742 0.749871 0.507995 0.00452625
743 0.749871 0.518146 0.00505233
744 0.749871 0.512576 0.0040633
745 0.749871 0.505672 0.00425181
746 0.749871 0.511745 0.0042971
747 0.749871 0.511524 0.00425745
748 0.749871 0.505799 0.0050225
749 0.749871 0.503548 0.00459632
750 0.749871 0.505905 0.00521372
751 0.749871 0.499698 0.00448252
752 0.749871 0.505315 0.00438821
753 0.749871 0.509017 0.00517205
754 0.749871 0.506142 0.00449414
755 0.749871 0.508116 0.00439179
756 0.749871 0.509547 0.00390126
757 0.749871 0.500931 0.00478879
758 0.749871 0.505846 0.00473867
759 0.749871 0.506269 0.00420002
760 0.749871 0.511069 0.00400987
761 0.749871 0.513544 0.00525573
762 0.749871 0.513708 0.00461682
763 0.749871 0.510595 0.00483055
764 0.749871 0.511645 0.00474008
765 0.749871 0.525273 0.00492371
766 0.749871 0.518947 0.00439529
767 0.749871 0.50911 0.00456947
768 0.749871 0.517335 0.00497367
769 0.749871 0.508896 0.00425309
770 0.749871 0.508842 0.004352
771 0.749871 0.517135 0.00388508
772 0.749871 0.514718 0.00457953
773 0.749871 0.518318 0.00401252
774 0.749871 0.512787 0.00518817
775 0.749871 0.506835 0.00488271
776 0.749871 0.504216 0.00487603
777 0.749871 0.512831 0.00424173
778 0.749871 0.508603 0.00426409
779 0.749871 0.511219 0.00431447
780 0.749871 0.499802 0.0051855
781 0.749871 0.514291 0.00445518
782 0.749871 0.514412 0.00406992
783 0.749871 0.511268 0.00453868
784 0.749871 0.515899 0.0046613
785 0.749871 0.503845 0.00491804
786 0.749871 0.516137 0.00450168
787 0.749871 0.510301 0.00478005
788 0.749871 0.515684 0.00460099
789 0.749871 0.518348 0.0047617
790 0.749871 0.515842 0.00480889
791 0.749871 0.512779 0.00495374
792 0.749871 0.514539 0.00444774
793 0.749871 0.521411 0.00430499
794 0.749871 0.515716 0.00466372
795 0.749871 0.506322 0.0042997
796 0.749871 0.505659 0.00501407
797 0.749871 0.500833 0.00520568
798 0.749871 0.511827 0.00398487
799 0.749871 0.512264 0.00473551
800 0.749871 0.517215 0.00448112
801 0.749871 0.508894 0.00463094
802 0.749871 0.510794 0.00484963
803 0.749871 0.519385 0.00411388
804 0.749871 0.527293 0.00449546
805 0.749871 0.516057 0.00424574
806 0.749871 0.509337 0.00490813
807 0.749871 0.513544 0.00456244
808 0.749871 0.509176 0.00456025
809 0.749871 0.510881 0.00548972
810 0.749871 0.513328 0.00456778
811 0.749871 0.511132 0.00449644
812 0.749871 0.50966 0.00476997
813 0.749871 0.505862 0.00571253
814 0.749871 0.509684 0.00496609
815 0.749871 0.509357 0.00427828
816 0.749871 0.514103 0.00449519
817 0.749871 0.52036 0.00482744
818 0.749871 0.507083 0.0047104
819 0.749871 0.511203 0.00474167
820 0.749871 0.502983 0.00485105
821 0.749871 0.514295 0.00490152
822 0.749871 0.510945 0.00461142
823 0.749871 0.511335 0.00479238
824 0.749871 0.5052 0.00490441
825 0.749871 0.510359 0.00439556
826 0.749871 0.503609 0.00428129
827 0.749871 0.510706 0.00472972
828 0.749871 0.501125 0.00522454
829 0.749871 0.509174 0.00448155
830 0.749871 0.518391 0.00408902
831 0.749871 0.514526 0.00506234
832 0.749871 0.515185 0.00476089
833 0.749871 0.512562 0.00459282
834 0.749871 0.509576 0.00422376
835 0.749871 0.513316 0.00521258
836 0.749871 0.507192 0.00466452
837 0.749871 0.515986 0.00515901
838 0.749871 0.512941 0.00408675
839 0.749871 0.505717 0.00472124
840 0.749871 0.509643 0.00482915
841 0.749871 0.512469 0.0045835
842 0.749871 0.502877 0.00425314
843 0.749871 0.50884 0.00451687
844 0.749871 0.512647 0.00450885
845 0.749871 0.506864 0.00436371
846 0.749871 0.509019 0.00487068
847 0.749871 0.516968 0.00449328
848 0.749871 0.512182 0.00434202
849 0.749871 0.514307 0.00511523
850 0.749871 0.514736 0.00459472
851 0.749871 0.5137 0.00462441
852 0.749871 0.513186 0.00465779
853 0.749871 0.516823 0.00536305
854 0.749871 0.520926 0.00429742
855 0.749871 0.506971 0.00477648
856 0.749871 0.509641 0.00492652
857 0.749871 0.51407 0.00471041
858 0.749871 0.508455 0.00485985
859 0.749871 0.50528 0.0047253
860 0.749871 0.516332 0.00450191
861 0.749871 0.507177 0.00473185
862 0.749871 0.511604 0.00510741
863 0.749871 0.505454 0.00437176
864 0.749871 0.512146 0.00455128
865 0.749871 0.506014 0.0047702
866 0.749871 0.510941 0.00416719
867 0.749871 0.507483 0.00427542
868 0.749871 0.504123 0.00406066
869 0.749871 0.51416 0.00447398
870 0.749871 0.510565 0.00472535
871 0.749871 0.510338 0.00491616
872 0.749871 0.51488 0.00472989
873 0.749871 0.512108 0.00413449
874 0.749871 0.516726 0.00467619
875 0.749871 0.509092 0.00506956
876 0.749871 0.509913 0.00402305
877 0.749871 0.508897 0.00456893
878 0.749871 0.51575 0.00411493
879 0.749871 0.505651 0.00456995
880 0.749871 0.509236 0.00470714
881 0.749871 0.510901 0.00466556
882 0.749871 0.508268 0.00464991
883 0.749871 0.511169 0.00482736
884 0.749871 0.513053 0.00457179
885 0.749871 0.511584 0.004338
886 0.749871 0.503196 0.00465588
887 0.749871 0.506718 0.00471844
888 0.749871 0.510826 0.00432905
889 0.749871 0.505213 0.00464368
890 0.749871 0.496752 0.00512182
891 0.749871 0.502183 0.00473102
892 0.749871 0.502361 0.00526279
893 0.749871 0.508282 0.00499416
894 0.749871 0.50325 0.00454186
895 0.749871 0.51105 0.00532848
896 0.749871 0.506829 0.00595981
897 0.749871 0.515567 0.0053722
898 0.749871 0.510819 0.00478118
899 0.749871 0.510444 0.00509447
900 0.749871 0.501453 0.00528473
901 0.749871 0.507531 0.00468935
902 0.749871 0.511357 0.00506335
903 0.749871 0.509365 0.00478047
904 0.749871 0.515294 0.00493514
905 0.749871 0.507193 0.00504539
906 0.749871 0.50491 0.00441122
907 0.749871 0.510431 0.00476907
908 0.749871 0.504627 0.0051041
909 0.749871 0.512374 0.00448091
910 0.749871 0.51585 0.00477788
911 0.749871 0.512605 0.00449046
912 0.749871 0.506681 0.00496787
913 0.749871 0.508721 0.00507087
914 0.749871 0.509643 0.00465564
915 0.749871 0.509663 0.00615718
916 0.749871 0.50931 0.00510939
917 0.749871 0.515764 0.00449586
918 0.749871 0.506955 0.00502874
919 0.749871 0.507707 0.00444294
920 0.749871 0.513796 0.0045156
921 0.749871 0.507593 0.00479862
922 0.749871 0.512443 0.00419201
923 0.749871 0.509181 0.00498808
924 0.749871 0.505037 0.00492292
925 0.749871 0.515465 0.00454032
926 0.749871 0.516707 0.00397819
927 0.749871 0.518112 0.00484521
928 0.749871 0.51305 0.00510239
929 0.749871 0.512043 0.00467117
930 0.749871 0.508016 0.00475834
931 0.749871 0.513058 0.0051811
932 0.749871 0.516107 0.00438946
933 0.749871 0.517906 0.0045969
934 0.749871 0.512922 0.00427414
935 0.749871 0.51497 0.00455789
936 0.749871 0.520152 0.00498741
937 0.749871 0.519011 0.00477445
938 0.749871 0.513927 0.00495814
939 0.749871 0.516322 0.00522971
940 0.749871 0.507416 0.00444876
941 0.749871 0.513905 0.00394806
942 0.749871 0.515193 0.00418487
943 0.749871 0.508361 0.0040611
944 0.749871 0.505456 0.00428378
945 0.749871 0.517162 0.0045275
946 0.749871 0.5127 0.00431547
947 0.749871 0.512948 0.00431459
948 0.749871 0.512903 0.00438102
949 0.749871 0.51499 0.00416169
950 0.749871 0.506941 0.00420867
951 0.749871 0.508588 0.00504407
952 0.749871 0.512372 0.0042132
953 0.749871 0.51527 0.00443764
954 0.749871 0.511036 0.00473795
955 0.749871 0.508934 0.00436825
956 0.749871 0.516026 0.00444003
957 0.749871 0.511108 0.00561345
958 0.749871 0.516215 0.00471238
959 0.749871 0.523402 0.0041056
960 0.749871 0.51808 0.00491428
961 0.749871 0.509854 0.00461249
962 0.749871 0.516116 0.00404797
963 0.749871 0.518529 0.00434519
964 0.749871 0.510339 0.00431609
965 0.749871 0.499004 0.00446555
966 0.749871 0.508858 0.00495192
967 0.749871 0.514066 0.00383719
968 0.749871 0.50438 0.00478392
969 0.749871 0.518335 0.00493225
970 0.749871 0.517976 0.00444102
971 0.749871 0.512706 0.00457634
972 0.749871 0.509764 0.00447701
973 0.749871 0.506532 0.00435918
974 0.749871 0.514273 0.00481136
975 0.749871 0.507061 0.00505623
976 0.749872 0.507054 0.00575104
977 0.749872 0.513912 0.00478976
978 0.749872 0.512609 0.00507287
979 0.749872 0.515935 0.00492414
980 0.749872 0.5162 0.00457804
981 0.749872 0.514566 0.00479853
982 0.749872 0.506198 0.00490845
983 0.749872 0.511884 0.00528727
984 0.749872 0.514155 0.00420294
985 0.749872 0.509039 0.00470448
986 0.749872 0.507183 0.00447859
987 0.749872 0.512054 0.00503291
988 0.749872 0.501551 0.00468596
989 0.749872 0.515646 0.0050359
990 0.749872 0.519895 0.00500164
991 0.749872 0.50754 0.00449062
992 0.749872 0.518271 0.00443241
993 0.749872 0.510883 0.00446465
994 0.749872 0.511332 0.00478218
995 0.749872 0.512752 0.00538962
996 0.749872 0.516011 0.00440547
997 0.749872 0.508584 0.0045577
998 0.749872 0.511126 0.00439718
999 0.749872 0.510211 0.00471682
1000 0.749872 0.512028 0.00427118
1001 0.749872 0.515734 0.00497882
1002 0.749872 0.513634 0.00437908
1003 0.749872 0.503827 0.00499405
1004 0.749872 0.50664 0.00517199
1005 0.749872 0.507278 0.00541066
1006 0.749872 0.505235 0.00491809
1007 0.749872 0.506414 0.00472701
1008 0.749872 0.510567 0.00467431
1009 0.749872 0.512125 0.00415785
1010 0.749872 0.509942 0.00493863
1011 0.749872 0.505724 0.00436244
1012 0.749872 0.511105 0.0042723
1013 0.749872 0.506242 0.00498048
1014 0.749872 0.513781 0.0044445
1015 0.749872 0.509949 0.00555131
1016 0.749872 0.515807 0.00465391
1017 0.749872 0.5107 0.00517657
1018 0.749872 0.503051 0.00533061
1019 0.749872 0.516515 0.00378368
1020 0.749872 0.512271 0.00450564
1021 0.749872 0.516768 0.00479206
1022 0.749872 0.506851 0.00454743
1023 0.749872 0.511477 0.00402298
1024 0.749872 0.516888 0.00473171
1025 0.749872 0.513926 0.00469324
1026 0.749872 0.504871 0.00455787
1027 0.749872 0.503905 0.0047612
1028 0.749872 0.515841 0.0038607
1029 0.749872 0.514312 0.00437038
1030 0.749872 0.506624 0.00448995
1031 0.749872 0.506058 0.00461601
1032 0.749872 0.507082 0.00462487
1033 0.749872 0.511703 0.00460016
1034 0.749872 0.509357 0.00475254
1035 0.749872 0.511275 0.0050973
1036 0.749872 0.520283 0.0046951
1037 0.749872 0.515655 0.00474696
1038 0.749872 0.50273 0.00536317
1039 0.749872 0.50637 0.00453414
1040 0.749958 0.507168 0.00591579
1041 0.749958 0.509187 0.00534797
1042 0.749958 0.504526 0.00452477
1043 0.749958 0.505161 0.00419863
1044 0.749958 0.503966 0.00473277
1045 0.749958 0.514217 0.00417715
1046 0.749958 0.505332 0.00437469
1047 0.749958 0.499415 0.00515913
1048 0.749958 0.50203 0.00461274
1049 0.749958 0.506263 0.00442662
1050 0.749958 0.502185 0.00463829
1051 0.749958 0.505842 0.00509726
1052 0.749958 0.506806 0.00441041
1053 0.749958 0.513036 0.00400612
1054 0.749958 0.50885 0.00418427
1055 0.749958 0.518461 0.00486972
1056 0.749958 0.509435 0.00442769
1057 0.749958 0.510713 0.00458447
1058 0.749958 0.508676 0.00447663
1059 0.749958 0.506112 0.00468827
1060 0.749958 0.515208 0.00571167
1061 0.749958 0.516922 0.00446849
1062 0.749958 0.518199 0.00546457
1063 0.749958 0.507619 0.00467109
1064 0.749958 0.511143 0.00445728
1065 0.749958 0.505717 0.00444102
1066 0.749958 0.503793 0.00495893
1067 0.749958 0.511256 0.00541479
1068 0.749958 0.509289 0.00506924
1069 0.749958 0.507809 0.00568696
1070 0.749958 0.507226 0.00412401
1071 0.749958 0.512719 0.00535839
1072 0.749958 0.501208 0.00520662
1073 0.749958 0.513197 0.00459105
1074 0.749958 0.511801 0.00535967
1075 0.749958 0.510378 0.00476667
1076 0.749958 0.514163 0.00514105
1077 0.749958 0.508264 0.00443398
1078 0.749958 0.507829 0.00568294
1079 0.749958 0.513024 0.00493533
1080 0.749958 0.500714 0.00576669
1081 0.749958 0.50518 0.00505387
1082 0.749958 0.513811 0.00454511
1083 0.749958 0.502895 0.00507276
1084 0.749958 0.516725 0.00568079
1085 0.749958 0.503149 0.00540965
1086 0.749958 0.516069 0.00456876
1087 0.749958 0.508698 0.00510945
1088 0.749958 0.521253 0.00458122
1089 0.749958 0.516699 0.00454317
1090 0.749958 0.503602 0.0049115
1091 0.749958 0.504364 0.00493442
1092 0.749958 0.51081 0.004457
1093 0.749958 0.505943 0.00490165
1094 0.749958 0.509379 0.00483409
1095 0.749958 0.517086 0.00514692
1096 0.749958 0.514876 0.00534516
1097 0.749958 0.505124 0.00485937
1098 0.749958 0.511442 0.00521687
1099 0.749958 0.505557 0.0048012
1100 0.749958 0.50551 0.00537996
1101 0.749958 0.512052 0.00440678
1102 0.749958 0.514406 0.00545171
1103 0.749958 0.503362 0.00484227
1104 0.749958 0.509493 0.00454876
1105 0.749958 0.501994 0.00462984
1106 0.749958 0.514124 0.00509961
1107 0.749958 0.517616 0.00453206
1108 0.749958 0.511675 0.00442891
1109 0.749958 0.510304 0.00455479
1110 0.749958 0.505643 0.00430265
1111 0.749958 0.505286 0.00441359
1112 0.749958 0.508612 0.00496621
1113 0.749958 0.516322 0.0043976
1114 0.749958 0.504252 0.00454678
1115 0.749958 0.509277 0.00441476
1116 0.749958 0.51421 0.00436002
1117 0.749958 0.511623 0.0044158
1118 0.749958 0.510977 0.0042966
1119 0.749958 0.50267 0.00441705
1120 0.749958 0.504544 0.00489669
1121 0.749958 0.510246 0.0046651
1122 0.749958 0.511734 0.00480449
1123 0.749958 0.509874 0.00496399
1124 0.749958 0.503941 0.00504706
1125 0.749958 0.504948 0.00431417
1126 0.749958 0.519304 0.00377442
1127 0.749958 0.510777 0.00440075
1128 0.749958 0.517033 0.00458274
1129 0.749958 0.51521 0.00502002
1130 0.749958 0.510773 0.00542095
1131 0.749958 0.509986 0.00441745
1132 0.749958 0.513836 0.00457717
1133 0.749958 0.511039 0.00472526
1134 0.749958 0.511758 0.00441477
1135 0.749958 0.513209 0.00409213
1136 0.749958 0.507033 0.00430403
1137 0.749958 0.501581 0.00447442
1138 0.749958 0.510513 0.00464721
1139 0.749958 0.517907 0.00414462
1140 0.749958 0.513537 0.00427524
1141 0.749958 0.508259 0.00445528
1142 0.749958 0.507439 0.0042999
1143 0.749958 0.509253 0.00522589
1144 0.749958 0.514411 0.0051189
1145 0.749958 0.509482 0.00457467
1146 0.749958 0.511149 0.0049276
1147 0.749958 0.515526 0.00487703
1148 0.749958 0.517844 0.00401553
1149 0.749958 0.520073 0.00411243
1150 0.749958 0.512844 0.00445671
1151 0.749958 0.518101 0.00403418
1152 0.749958 0.515835 0.00397588
1153 0.749958 0.51011 0.00425492
1154 0.749958 0.516431 0.00469698
1155 0.749958 0.514319 0.004264
1156 0.749958 0.514902 0.00445322
1157 0.749958 0.515846 0.00414398
1158 0.749958 0.51135 0.00417833
1159 0.749958 0.508397 0.00495698
1160 0.749958 0.506252 0.00457358
1161 0.749958 0.508116 0.00498817
1162 0.749958 0.511928 0.00478324
1163 0.749958 0.513095 0.00503264
1164 0.749958 0.514245 0.0046404
1165 0.749958 0.511128 0.00437805
1166 0.749958 0.512816 0.00450561
1167 0.749958 0.512686 0.0049533
1168 0.749958 0.51171 0.00395807
1169 0.749958 0.506992 0.00545008
1170 0.749958 0.509482 0.00484882
1171 0.749958 0.50017 0.00553714
1172 0.749958 0.500896 0.00554348
1173 0.749958 0.509152 0.00442285
1174 0.749958 0.503986 0.00424353
1175 0.749958 0.499563 0.00526862
1176 0.749958 0.508434 0.00473859
1177 0.749958 0.500023 0.00514359
1178 0.749958 0.510345 0.00524054
1179 0.749958 0.508506 0.00475606
1180 0.749958 0.508867 0.00463117
1181 0.749958 0.514053 0.00519833
1182 0.749958 0.510652 0.0045095
1183 0.749958 0.520302 0.00381902
1184 0.749958 0.519732 0.00459109
1185 0.749958 0.515401 0.00523668
1186 0.749958 0.511209 0.00468728
1187 0.749958 0.510472 0.00433524
1188 0.749958 0.509132 0.00422455
1189 0.749958 0.512513 0.00447113
1190 0.749958 0.502756 0.00417654
1191 0.749958 0.508645 0.00425091
1192 0.749958 0.515272 0.00486107
1193 0.749958 0.514047 0.00548197
1194 0.749958 0.512382 0.00537324
1195 0.749958 0.500897 0.00513383
1196 0.749958 0.509995 0.00503356
1197 0.749958 0.510131 0.004582
1198 0.749958 0.505396 0.00486108
1199 0.749958 0.5084 0.00434349
1200 0.749958 0.50859 0.00508539
1201 0.749958 0.508305 0.00480077
1202 0.749958 0.512386 0.00514589
1203 0.749958 0.508601 0.00453801
1204 0.749958 0.511664 0.00472216
1205 0.749958 0.510615 0.0051556
1206 0.749958 0.517322 0.00483
1207 0.749958 0.520481 0.00474033
1208 0.749958 0.516186 0.00504963
1209 0.749958 0.504631 0.00537874
1210 0.749958 0.515544 0.0051958
1211 0.749958 0.515091 0.00445609
1212 0.749958 0.504879 0.00491363
1213 0.749958 0.507123 0.00382235
1214 0.749958 0.515704 0.00474907
1215 0.749958 0.513511 0.00454373
1216 0.749958 0.508783 0.00443367
1217 0.749958 0.511382 0.00428663
1218 0.749958 0.51625 0.00543133
1219 0.749958 0.506408 0.00447531
1220 0.749958 0.512818 0.00448438
1221 0.749958 0.517312 0.00461397
1222 0.749958 0.515146 0.00436137
1223 0.749958 0.507941 0.00482103
1224 0.749958 0.510138 0.00439246
1225 0.749958 0.516602 0.00420709
1226 0.749958 0.508235 0.00472747
1227 0.749958 0.500263 0.00516447
1228 0.749958 0.512128 0.00455575
1229 0.749958 0.509948 0.00523496
1230 0.749958 0.51439 0.00442892
1231 0.749958 0.506607 0.00461006
1232 0.749958 0.512601 0.0039357
1233 0.749958 0.511161 0.0051436
1234 0.749958 0.514333 0.00541385
1235 0.749958 0.512328 0.00402584
1236 0.749958 0.515417 0.00446338
1237 0.749958 0.511069 0.00468309
1238 0.749958 0.50751 0.00495593
1239 0.749958 0.503913 0.00441772
1240 0.749958 0.511737 0.00416888
1241 0.749958 0.510406 0.00466745
1242 0.749958 0.503232 0.00433946
1243 0.749958 0.510452 0.00429146
1244 0.749958 0.507106 0.00530842
1245 0.749958 0.50975 0.00497529
1246 0.749958 0.496937 0.00515815
1247 0.749958 0.501855 0.00483106
1248 0.749958 0.499301 0.00464542
1249 0.749958 0.501132 0.00468589
1250 0.749958 0.512027 0.00434753
1251 0.749958 0.503564 0.00485566
1252 0.749958 0.51397 0.0044735
1253 0.749958 0.503496 0.00415004
1254 0.749958 0.498822 0.00435898
1255 0.749958 0.508374 0.00526765
1256 0.749958 0.499028 0.00504217
1257 0.749958 0.5005 0.00477113
1258 0.749958 0.508281 0.00469514
1259 0.749958 0.514057 0.00522829
1260 0.749958 0.505576 0.00455961
1261 0.749958 0.51215 0.00494736
1262 0.749958 0.512706 0.0042708
1263 0.749958 0.514833 0.00432502
1264 0.749958 0.509935 0.00547848
1265 0.749958 0.504723 0.00482469
1266 0.749958 0.504029 0.0049573
1267 0.749958 0.509157 0.00446455
1268 0.749958 0.513465 0.0040971
1269 0.749958 0.510216 0.00416043
1270 0.749958 0.49872 0.00445169
1271 0.749958 0.498106 0.00458807
1272 0.749958 0.505335 0.00445429
1273 0.749958 0.512973 0.0055272
1274 0.749958 0.50541 0.00509185
1275 0.749958 0.513088 0.00488318
1276 0.749958 0.50765 0.0050939
1277 0.749958 0.507735 0.0044935
1278 0.749958 0.510124 0.0047593
1279 0.749958 0.512904 0.00442365
1280 0.749958 0.516 0.00443373
1281 0.749958 0.513762 0.00417015
1282 0.749958 0.515288 0.00437164
1283 0.749958 0.506499 0.0053234
1284 0.749958 0.503881 0.00441281
1285 0.749958 0.507376 0.00476183
1286 0.749958 0.514779 0.0044323
1287 0.749958 0.512834 0.00495835
1288 0.749958 0.509163 0.00469039
1289 0.749958 0.511811 0.00443597
1290 0.749958 0.511145 0.004094
1291 0.749958 0.504574 0.00504319
1292 0.749958 0.508352 0.00438411
1293 0.749958 0.505875 0.00432776
1294 0.749958 0.516282 0.00431695
1295 0.749958 0.511442 0.00435397
1296 0.749958 0.512009 0.00450688
1297 0.749958 0.51266 0.00501422
1298 0.749958 0.509307 0.00463371
1299 0.749958 0.510541 0.0045138
1300 0.749958 0.515729 0.00445027
1301 0.749958 0.505176 0.00474131
1302 0.749958 0.511319 0.00475287
1303 0.749958 0.50542 0.00520327
1304 0.749958 0.504113 0.00488346
1305 0.749958 0.506585 0.00390402
1306 0.749958 0.516291 0.00455813
1307 0.749958 0.517839 0.00426696
1308 0.749958 0.510675 0.00453036
1309 0.749958 0.513352 0.00478942
1310 0.749958 0.521354 0.00529857
1311 0.749958 0.517882 0.00445378
1312 0.749958 0.506781 0.00500541
1313 0.749958 0.512778 0.00443457
1314 0.749958 0.511501 0.00461336
1315 0.749958 0.514709 0.00450279
1316 0.749958 0.516541 0.00505461
1317 0.749958 0.520208 0.00496824
1318 0.749958 0.515914 0.00431935
1319 0.749958 0.520769 0.00461694
1320 0.749958 0.51919 0.00440403
1321 0.749958 0.514651 0.0044666
1322 0.749958 0.512701 0.00515063
1323 0.749958 0.511225 0.00512332
1324 0.749958 0.516131 0.00483042
1325 0.749958 0.516592 0.00543609
1326 0.749958 0.519934 0.00489544
1327 0.749958 0.523633 0.00494164
1328 0.749958 0.52413 0.00418487
1329 0.749958 0.511057 0.00480826
1330 0.749958 0.511957 0.00458541
1331 0.749958 0.522912 0.00394584
1332 0.749958 0.518374 0.00437247
1333 0.749958 0.522474 0.00511656
1334 0.749958 0.521236 0.00439562
1335 0.749958 0.511099 0.00471183
1336 0.749958 0.521928 0.00418303
1337 0.749958 0.50936 0.00465427
1338 0.749958 0.513654 0.00453027
1339 0.749958 0.520293 0.00424439
1340 0.749958 0.516477 0.00424394
1341 0.749958 0.51749 0.00511802
1342 0.749958 0.506134 0.00397457
1343 0.749958 0.52121 0.004346
1344 0.749958 0.507336 0.00481841
1345 0.749958 0.515626 0.00441898
1346 0.749958 0.518918 0.00417031
1347 0.749958 0.511822 0.00435401
1348 0.749958 0.517631 0.00450515
1349 0.749958 0.519283 0.0043799
1350 0.749958 0.50876 0.00400175
1351 0.749958 0.514652 0.00487447
1352 0.749958 0.510266 0.00432189
1353 0.749958 0.508082 0.00439771
1354 0.749958 0.511915 0.00492893
1355 0.749958 0.50677 0.00463029
1356 0.749958 0.514003 0.00442385
1357 0.749958 0.510809 0.00434686
1358 0.750025 0.515335 0.00484281
1359 0.750025 0.514491 0.00443141
1360 0.750025 0.503076 0.00478626
1361 0.750025 0.516209 0.00446619
1362 0.750025 0.515979 0.00426835
1363 0.750025 0.516868 0.00507876
1364 0.750025 0.514958 0.00499293
1365 0.750025 0.512044 0.00452946
1366 0.750025 0.507895 0.00455782
1367 0.750025 0.512859 0.00462929
1368 0.750025 0.514814 0.00450621
1369 0.750025 0.515997 0.00451895
1370 0.750025 0.513287 0.00453024
1371 0.750025 0.508189 0.00459435
1372 0.750025 0.510709 0.00450064
1373 0.750025 0.517651 0.00454501
1374 0.750025 0.513401 0.00437995
1375 0.750025 0.519244 0.00476745
1376 0.750026 0.510412 0.00514623
1377 0.750026 0.514092 0.00382802
1378 0.750026 0.516143 0.00502638
1379 0.750026 0.514825 0.00469418
1380 0.750026 0.511256 0.00493495
1381 0.750026 0.502583 0.00505102
1382 0.750026 0.517323 0.00424243
1383 0.750026 0.510076 0.0044758
1384 0.750026 0.514209 0.00520217
1385 0.750026 0.511192 0.00447127
1386 0.750026 0.510074 0.00463333
1387 0.750026 0.512421 0.00425801
1388 0.750026 0.506877 0.00417782
1389 0.750026 0.512446 0.0042812
1390 0.750026 0.511432 0.00549276
1391 0.750026 0.510205 0.00446697
1392 0.750026 0.510175 0.00513364
1393 0.750026 0.511825 0.00467082
1394 0.750026 0.508919 0.00488396
1395 0.750026 0.516418 0.00456166
1396 0.750026 0.504745 0.00446916
1397 0.750026 0.508459 0.00440273
1398 0.750026 0.515935 0.00464876
1399 0.750026 0.510824 0.00476297
1400 0.750026 0.512467 0.00430455
1401 0.750026 0.515026 0.0044365
1402 0.750026 0.508089 0.00457754
1403 0.750026 0.516348 0.00501539
1404 0.750026 0.509657 0.00453932
1405 0.750026 0.510591 0.00433368
1406 0.750026 0.520867 0.00520615
1407 0.750026 0.514863 0.00525742
1408 0.750026 0.520229 0.00443928
1409 0.750026 0.509444 0.0047306
1410 0.750026 0.516732 0.00417588
1411 0.750026 0.511782 0.00499487
1412 0.750026 0.513492 0.0044495
1413 0.750026 0.523864 0.00529374
1414 0.750026 0.515799 0.00470502
1415 0.750026 0.514396 0.00432865
1416 0.750026 0.50719 0.00493689
1417 0.750026 0.513917 0.00520182
1418 0.750026 0.515666 0.00538419
1419 0.750026 0.511822 0.00486591
1420 0.750026 0.508077 0.00506286
1421 0.750026 0.50869 0.00436443
1422 0.750026 0.510063 0.00446737
1423 0.750026 0.511649 0.00445659
1424 0.750026 0.510348 0.00402176
1425 0.750026 0.50899 0.00452967
1426 0.750026 0.517743 0.00463995
1427 0.750026 0.510704 0.00448926
1428 0.750026 0.512741 0.00532368
1429 0.750026 0.516023 0.00431795
1430 0.750026 0.516459 0.00449881
1431 0.750026 0.514903 0.00454423
1432 0.750026 0.509401 0.00462283
1433 0.750026 0.515937 0.00432883
1434 0.750026 0.512576 0.0043793
1435 0.750026 0.514627 0.00448048
1436 0.750026 0.511442 0.00400305
1437 0.750026 0.511012 0.0050878
1438 0.750026 0.5192 0.00398029
1439 0.750026 0.513975 0.00467703
1440 0.750026 0.510479 0.00514822
1441 0.750026 0.508415 0.00460814
1442 0.750026 0.509014 0.00500043
1443 0.750026 0.511146 0.00435077
1444 0.750026 0.513072 0.00462644
1445 0.750026 0.504219 0.00487142
1446 0.750026 0.508487 0.00557509
1447 0.750026 0.515786 0.00489389
1448 0.750026 0.511776 0.00446733
1449 0.750026 0.510034 0.00459973
1450 0.750026 0.512659 0.00466558
1451 0.750026 0.508386 0.00471753
1452 0.750026 0.50913 0.0045113
1453 0.750026 0.51452 0.00532939
1454 0.750026 0.509489 0.00434201
1455 0.750026 0.505264 0.00432003
1456 0.750026 0.520576 0.00405734
1457 0.750026 0.513197 0.00437206
1458 0.750026 0.512337 0.00406159
1459 0.750026 0.512827 0.00440964
1460 0.750026 0.508885 0.00488582
1461 0.750026 0.511403 0.00412777
1462 0.750026 0.511871 0.00432904
1463 0.750026 0.512369 0.00453282
1464 0.750026 0.517414 0.004735
1465 0.750026 0.509644 0.00430456
1466 0.750026 0.511739 0.0045351
1467 0.750026 0.510425 0.00486195
1468 0.750026 0.515238 0.00453322
1469 0.750026 0.513052 0.00495967
1470 0.750026 0.513482 0.00442203
1471 0.750026 0.518577 0.00474552
1472 0.750026 0.516608 0.00462063
1473 0.750026 0.505837 0.00449705
1474 0.750026 0.511697 0.00486841
1475 0.750026 0.520681 0.00458037
1476 0.750026 0.509732 0.00420645
1477 0.750026 0.509148 0.00487677
1478 0.750026 0.509349 0.0048808
1479 0.750026 0.50794 0.00539468
1480 0.750026 0.511606 0.00539064
1481 0.750026 0.514208 0.00403852
1482 0.750026 0.505574 0.00425169
1483 0.750026 0.509781 0.00544738
1484 0.750026 0.499704 0.00485589
1485 0.750026 0.506372 0.00474914
1486 0.750026 0.516806 0.00455469
1487 0.750026 0.514175 0.00446223
1488 0.750026 0.510586 0.00476192
1489 0.750026 0.511884 0.00598949
1490 0.750026 0.510931 0.00468742
1491 0.750026 0.516036 0.00442001
1492 0.750026 0.522802 0.00417622
1493 0.750026 0.512888 0.00471146
1494 0.750026 0.505282 0.00508496
1495 0.750026 0.508548 0.00466603
1496 0.750026 0.51047 0.0045329
1497 0.750026 0.513602 0.00462412
1498 0.750026 0.515956 0.00428106
1499 0.750026 0.515997 0.00462939
1500 0.750026 0.511186 0.00450031
1501 0.750026 0.513003 0.00522313
1502 0.750026 0.516131 0.00445258
1503 0.750026 0.510135 0.00479377
1504 0.750026 0.509413 0.00435965
1505 0.750026 0.520349 0.00490064
1506 0.750026 0.513649 0.0041378
1507 0.750026 0.510328 0.00430611
1508 0.750026 0.505873 0.00472158
1509 0.750026 0.511731 0.00472409
1510 0.750026 0.504197 0.00454226
1511 0.750026 0.501165 0.00470085
1512 0.750026 0.501658 0.00445034
1513 0.750026 0.500953 0.00513694
1514 0.750026 0.506681 0.00463958
1515 0.750026 0.513903 0.005387
1516 0.750026 0.522567 0.00399676
1517 0.750026 0.519344 0.00420636
1518 0.750026 0.514497 0.00439491
1519 0.750026 0.515805 0.00421329
1520 0.750026 0.510187 0.0047855
1521 0.750026 0.509376 0.00501946
1522 0.750026 0.514821 0.00416144
1523 0.750026 0.509658 0.00456955
1524 0.750026 0.50309 0.00458801
1525 0.750026 0.521507 0.00469514
1526 0.750026 0.512682 0.00537135
1527 0.750026 0.50649 0.00499767
1528 0.750026 0.50696 0.00441467
1529 0.750026 0.511244 0.00533889
1530 0.750026 0.518089 0.00436284
1531 0.750026 0.508859 0.00478404
1532 0.750026 0.506869 0.00459458
1533 0.750026 0.506073 0.00438624
1534 0.750026 0.510526 0.0040692
1535 0.750026 0.50313 0.00457555
1536 0.750026 0.512485 0.00452458
1537 0.750026 0.504902 0.00501414
1538 0.750026 0.508834 0.00443667
1539 0.750026 0.511516 0.00541854
1540 0.750026 0.514344 0.00511338
1541 0.750026 0.516554 0.0043292
1542 0.750026 0.509904 0.00429069
1543 0.750026 0.514033 0.00419874
1544 0.750026 0.509742 0.00476746
1545 0.750026 0.513828 0.00441807
1546 0.750026 0.51095 0.00501196
1547 0.750026 0.509848 0.00449582
1548 0.750026 0.505127 0.00461249
1549 0.750026 0.509411 0.00409574
1550 0.750026 0.506691 0.00460459
1551 0.750026 0.507064 0.00467942
1552 0.750026 0.508477 0.00433692
1553 0.750026 0.503419 0.00452137
1554 0.750026 0.514521 0.00488677
1555 0.750026 0.519619 0.00439711
1556 0.750026 0.510749 0.00480597
1557 0.750026 0.518533 0.00441958
1558 0.750026 0.514632 0.0043529
1559 0.750026 0.507319 0.00435287
1560 0.750026 0.499293 0.00466778
1561 0.750026 0.507268 0.00482121
1562 0.750026 0.50434 0.00536042
1563 0.750026 0.521114 0.00468083
1564 0.750026 0.515396 0.00460822
1565 0.750026 0.50701 0.00457035
1566 0.750026 0.51472 0.00436745
1567 0.750026 0.511003 0.00440798
1568 0.750026 0.518048 0.00486196
1569 0.750026 0.511786 0.00498456
1570 0.750026 0.505999 0.00432608
1571 0.750026 0.510663 0.00474723
1572 0.750026 0.506857 0.00468609
1573 0.750026 0.511166 0.00429594
1574 0.750026 0.511612 0.00469015
1575 0.750026 0.513194 0.00501101
1576 0.750026 0.514354 0.00512309
1577 0.750026 0.513431 0.0041131
1578 0.750026 0.506216 0.00489227
1579 0.750026 0.524708 0.00454334
1580 0.750026 0.515521 0.00449528
1581 0.750026 0.517375 0.00434643
1582 0.750026 0.520762 0.00456068
1583 0.750026 0.511305 0.00475045
1584 0.750026 0.512442 0.00500013
1585 0.750026 0.5158 0.00448021
1586 0.750026 0.506957 0.00533013
1587 0.750026 0.508996 0.00440884
1588 0.750026 0.514438 0.00420606
1589 0.750026 0.511478 0.00460041
1590 0.750026 0.508721 0.00437755
1591 0.750026 0.51121 0.00446169
1592 0.750026 0.512808 0.00469259
1593 0.750026 0.505626 0.00418653
1594 0.750026 0.505389 0.00480319
1595 0.750026 0.512115 0.00492151
1596 0.750026 0.516026 0.00453474
1597 0.750026 0.512749 0.00490855
1598 0.750026 0.506709 0.00410684
1599 0.750026 0.511066 0.00477639
1600 0.750026 0.502926 0.00525214
1601 0.750026 0.511909 0.00517213
1602 0.750026 0.499907 0.00440163
1603 0.750026 0.506162 0.00483614
1604 0.750026 0.517533 0.00417418
1605 0.750026 0.508023 0.00452806
1606 0.750026 0.511761 0.00452414
1607 0.750026 0.516184 0.00403679
1608 0.750026 0.509823 0.00405894
1609 0.750026 0.513873 0.0043081
1610 0.750026 0.514582 0.00500589
1611 0.750026 0.510924 0.00476024
1612 0.750026 0.512222 0.00428602
1613 0.750026 0.516595 0.00476705
1614 0.750026 0.5067 0.00467289
1615 0.750026 0.50456 0.00406859
1616 0.750026 0.509713 0.00406094
1617 0.750026 0.506005 0.00477251
1618 0.750026 0.512405 0.00500655
1619 0.750026 0.510301 0.00466468
1620 0.750026 0.497473 0.00494986
1621 0.750026 0.508195 0.0051971
1622 0.750026 0.507302 0.00536122
1623 0.750026 0.507489 0.00480142
1624 0.750026 0.509684 0.00487687
1625 0.750026 0.508971 0.00408077
1626 0.750026 0.502505 0.00439134
1627 0.750026 0.51158 0.00457275
1628 0.750026 0.513286 0.00423882
1629 0.750026 0.505833 0.0045134
1630 0.750026 0.502583 0.00473845
1631 0.750026 0.512944 0.00398706
1632 0.750026 0.513832 0.00425222
1633 0.750026 0.513998 0.00548603
1634 0.750026 0.507754 0.00449827
1635 0.750026 0.511785 0.00411972
1636 0.750026 0.513987 0.00454393
1637 0.750026 0.515253 0.00434434
1638 0.750026 0.508458 0.00492493
1639 0.750026 0.5121 0.00470291
1640 0.750026 0.508277 0.00520776
1641 0.750026 0.504806 0.00561193
1642 0.750026 0.512279 0.00475289
1643 0.750026 0.515376 0.00490674
1644 0.750026 0.510516 0.00425258
1645 0.750026 0.521158 0.00493954
1646 0.750026 0.518624 0.005083
1647 0.750026 0.513669 0.00473106
1648 0.750026 0.514369 0.00447378
1649 0.750026 0.513291 0.00454942
1650 0.750026 0.512088 0.00435639
1651 0.750026 0.504694 0.00486091
1652 0.750026 0.499977 0.00450077
1653 0.750026 0.501846 0.00429612
1654 0.750026 0.515006 0.00427572
1655 0.750026 0.508552 0.00470455
1656 0.750026 0.510506 0.00475372
1657 0.750026 0.511981 0.00527637
1658 0.750026 0.510178 0.00433014
1659 0.750026 0.509534 0.00452554
1660 0.750026 0.515634 0.00441028
1661 0.750026 0.522301 0.0048255
1662 0.750026 0.508923 0.00503089
1663 0.750026 0.522797 0.00445655
1664 0.750026 0.518304 0.00475621
1665 0.750026 0.514632 0.0052369
1666 0.750026 0.513029 0.00420538
1667 0.750026 0.514901 0.00474646
1668 0.750026 0.517656 0.00511461
1669 0.750026 0.518401 0.00419089
1670 0.750026 0.512739 0.00527748
1671 0.750026 0.510018 0.00430277
1672 0.750026 0.516022 0.00481091
1673 0.750026 0.517907 0.00485945
1674 0.750026 0.516566 0.00429253
1675 0.750026 0.509266 0.00450464
1676 0.750026 0.516141 0.00448542
1677 0.750026 0.517956 0.00381684
1678 0.750026 0.50914 0.00434354
1679 0.750026 0.509739 0.00471254
1680 0.750026 0.510758 0.00451652
1681 0.750026 0.518503 0.00430587
1682 0.750026 0.515741 0.00464933
1683 0.750026 0.50845 0.0048212
1684 0.750026 0.509801 0.00486118
1685 0.750026 0.516897 0.0045858
1686 0.750026 0.513575 0.00525195
1687 0.750026 0.511733 0.00533056
1688 0.750026 0.51316 0.00417395
1689 0.750026 0.521032 0.00448504
1690 0.750026 0.521072 0.00458304
1691 0.750026 0.518315 0.00421839
1692 0.750026 0.518535 0.00534698
1693 0.750026 0.513922 0.00507761
1694 0.750026 0.506183 0.00529321
1695 0.750026 0.509302 0.00472873
1696 0.750026 0.513324 0.00516223
1697 0.750026 0.514284 0.00510734
1698 0.750026 0.501669 0.00494793
1699 0.750026 0.510833 0.00469596
1700 0.750026 0.513748 0.00414862
1701 0.750026 0.510223 0.0048026
1702 0.750026 0.513051 0.00448386
1703 0.750026 0.505804 0.00441188
1704 0.750026 0.513525 0.0045538
1705 0.750026 0.502884 0.00509276
1706 0.750026 0.503494 0.00474847
1707 0.750026 0.505484 0.00503318
1708 0.750026 0.505162 0.00466402
1709 0.750026 0.51014 0.00504996
1710 0.750026 0.510449 0.00539134
1711 0.750026 0.505068 0.00479034
1712 0.750026 0.508074 0.00524327
1713 0.750026 0.509855 0.00456081
1714 0.750026 0.510913 0.0042394
1715 0.750026 0.506083 0.00468354
1716 0.750026 0.509468 0.00519017
1717 0.750026 0.500264 0.00410456
1718 0.750026 0.512282 0.00529517
1719 0.750026 0.502041 0.00460453
1720 0.750026 0.504565 0.00481143
1721 0.750026 0.497038 0.0048588
1722 0.750026 0.50537 0.00480934
1723 0.750026 0.506239 0.00469293
1724 0.750026 0.507983 0.0044774
1725 0.750026 0.510319 0.00445981
1726 0.750026 0.511556 0.00439996
1727 0.750026 0.506392 0.00491833
1728 0.750026 0.508875 0.00390178
1729 0.750026 0.512342 0.00501479
1730 0.750026 0.509105 0.00467964
1731 0.750026 0.51973 0.00446082
1732 0.750026 0.503915 0.00473045
1733 0.750026 0.512321 0.00401704
1734 0.750026 0.502494 0.00462866
1735 0.750026 0.505872 0.00450649
1736 0.750026 0.505228 0.00447406
1737 0.750026 0.509027 0.00495038
1738 0.750026 0.513224 0.0047407
1739 0.750026 0.511572 0.00460388
1740 0.750026 0.52026 0.00491591
1741 0.750026 0.519569 0.0049433
1742 0.750026 0.510447 0.00475316
1743 0.750026 0.51039 0.00445201
1744 0.750026 0.512711 0.00486101
1745 0.750026 0.505675 0.00520717
1746 0.750026 0.510742 0.0056127
1747 0.750026 0.504823 0.00519604
1748 0.750026 0.512821 0.00436303
1749 0.750026 0.513038 0.00511561
1750 0.750026 0.508374 0.00411969
1751 0.750026 0.516166 0.00409107
1752 0.750026 0.512785 0.00529659
1753 0.750026 0.506127 0.00523783
1754 0.750026 0.508804 0.0048862
1755 0.750026 0.50542 0.00459011
1756 0.750026 0.506686 0.00471892
1757 0.750026 0.516051 0.00426025
1758 0.750026 0.51318 0.0047078
1759 0.750026 0.513179 0.00474058
1760 0.750026 0.510507 0.00423879
1761 0.750026 0.50794 0.00439041
1762 0.750026 0.510334 0.00445053
1763 0.750026 0.515012 0.00454006
1764 0.750026 0.515367 0.0047628
1765 0.750026 0.515727 0.00441983
1766 0.750026 0.512111 0.00436696
1767 0.750026 0.506798 0.00511812
1768 0.750026 0.50381 0.00479924
1769 0.750026 0.512209 0.00469267
1770 0.750026 0.51302 0.00526431
1771 0.750026 0.519687 0.00480175
1772 0.750026 0.513743 0.00532697
1773 0.750026 0.507801 0.0046197
1774 0.750026 0.518304 0.00509845
1775 0.750026 0.502193 0.00475879
1776 0.750026 0.51323 0.0046383
1777 0.750026 0.507833 0.00466104
1778 0.750026 0.508149 0.00435445
1779 0.750026 0.511253 0.00479618
1780 0.750026 0.504686 0.00497266
1781 0.750026 0.503484 0.00468092
1782 0.750026 0.508794 0.00401264
1783 0.750026 0.501165 0.00522535
1784 0.750026 0.514885 0.00446765
1785 0.750026 0.504159 0.00463484
1786 0.750026 0.505706 0.00530389
1787 0.750026 0.505005 0.00459658
1788 0.750026 0.512735 0.00429157
1789 0.750026 0.512806 0.0045125
1790 0.750026 0.512474 0.00473529
1791 0.750026 0.514785 0.00446947
1792 0.750026 0.509746 0.00446099
1793 0.750026 0.511257 0.00460491
1794 0.750026 0.512828 0.00537972
1795 0.750026 0.510417 0.00578972
1796 0.750026 0.511089 0.00519046
1797 0.750026 0.513351 0.00486446
1798 0.750026 0.511608 0.00529014
1799 0.750026 0.507982 0.00429841
1800 0.750026 0.515154 0.00478502
1801 0.750026 0.521122 0.00518029
1802 0.750026 0.517893 0.00461624
1803 0.750026 0.502604 0.00456052
1804 0.750026 0.515548 0.00467557
1805 0.750026 0.5142 0.00473807
1806 0.750026 0.511865 0.00496792
1807 0.750026 0.508885 0.00502175
1808 0.750026 0.515812 0.00467717
1809 0.750026 0.517451 0.00394239
1810 0.750026 0.509141 0.0045284
1811 0.750026 0.508077 0.00472432
1812 0.750026 0.509218 0.00491074
1813 0.750026 0.515004 0.00510595
1814 0.750026 0.517857 0.00524224
1815 0.750026 0.504332 0.00535844
1816 0.750026 0.513306 0.00422416
1817 0.750026 0.516943 0.0051179
1818 0.750026 0.521312 0.00398711
1819 0.750026 0.511952 0.00477851
1820 0.750026 0.514003 0.0045423
1821 0.750026 0.52006 0.00494907
1822 0.750026 0.504705 0.00445688
1823 0.750026 0.508791 0.00456026
1824 0.750026 0.510694 0.00444871
1825 0.750026 0.513951 0.00457972
1826 0.750026 0.509795 0.00408976
1827 0.750026 0.512923 0.00400065
1828 0.750026 0.507333 0.004701
1829 0.750026 0.508454 0.00433136
1830 0.750026 0.506658 0.00529917
1831 0.750026 0.509091 0.00425905
1832 0.750026 0.511871 0.00457793
1833 0.750026 0.50858 0.00471778
1834 0.750026 0.509689 0.00480125
1835 0.750026 0.512406 0.00580113
1836 0.750026 0.51219 0.00488207
1837 0.750026 0.517204 0.00520834
1838 0.750026 0.510914 0.00494129
1839 0.750026 0.512265 0.00472077
1840 0.750026 0.515937 0.00458358
1841 0.750026 0.50304 0.0047672
1842 0.750026 0.512253 0.00431806
1843 0.750026 0.513205 0.00467785
1844 0.750026 0.511976 0.00434402
1845 0.750026 0.523545 0.00505202
1846 0.750026 0.508858 0.00486005
1847 0.750026 0.516396 0.00454966
1848 0.750026 0.509745 0.00410574
1849 0.750026 0.512539 0.0040115
1850 0.750026 0.511857 0.00434673
1851 0.750026 0.514804 0.00482692
1852 0.750026 0.512904 0.00465998
1853 0.750026 0.50816 0.00431053
1854 0.750026 0.515678 0.0043047
1855 0.750026 0.509843 0.0045009
1856 0.750026 0.519125 0.00443578
1857 0.750026 0.50788 0.00440711
1858 0.750026 0.512666 0.00496519
1859 0.750026 0.511172 0.00506376
1860 0.750026 0.513336 0.00516801
1861 0.750026 0.500016 0.00469193
1862 0.750026 0.51377 0.00504707
1863 0.750026 0.506538 0.00506604
1864 0.750026 0.511464 0.00433144
1865 0.750026 0.512302 0.00488475
1866 0.750026 0.507213 0.00408653
1867 0.750026 0.519249 0.00525615
1868 0.750026 0.510926 0.00484646
1869 0.750026 0.501956 0.00481603
1870 0.750026 0.515421 0.0045424
1871 0.750026 0.511243 0.0040742
1872 0.750026 0.515283 0.00388533
1873 0.750026 0.518255 0.004272
1874 0.750026 0.51808 0.00503683
1875 0.750026 0.512392 0.00505044
1876 0.750026 0.509175 0.00495972
1877 0.750026 0.515593 0.00471528
1878 0.750026 0.509044 0.00445314
1879 0.750026 0.510649 0.00476416
1880 0.750026 0.502254 0.00494317
1881 0.750026 0.512436 0.00494073
1882 0.750026 0.507277 0.00474074
1883 0.750026 0.510603 0.0046006
1884 0.750026 0.508444 0.00449051
1885 0.750026 0.514323 0.00505004
1886 0.750026 0.511905 0.00483393
1887 0.750026 0.51241 0.00492479
1888 0.750026 0.515261 0.00474592
1889 0.750026 0.507655 0.00490521
1890 0.750026 0.508049 0.00451563
1891 0.750026 0.511157 0.00514305
1892 0.750026 0.512658 0.00416522
1893 0.750026 0.507394 0.00419837
1894 0.750026 0.508243 0.00401282
1895 0.750026 0.518207 0.00421559
1896 0.750026 0.512458 0.00450986
1897 0.750026 0.500292 0.00509083
1898 0.750026 0.513787 0.00513372
1899 0.750026 0.5142 0.00517778
1900 0.750026 0.51004 0.00454814
1901 0.750026 0.50458 0.00462115
1902 0.750026 0.509622 0.00504332
1903 0.750026 0.512627 0.00481286
1904 0.750026 0.508755 0.00514624
1905 0.750026 0.511081 0.00468057
1906 0.750026 0.509364 0.00426528
1907 0.750026 0.512073 0.00461462
1908 0.750026 0.512628 0.00552517
1909 0.750026 0.503556 0.00538724
1910 0.750026 0.503498 0.00521217
1911 0.750026 0.507382 0.00445727
1912 0.750026 0.4992 0.00465457
1913 0.750026 0.505378 0.00480926
1914 0.750026 0.510379 0.00510094
1915 0.750026 0.507701 0.00428792
1916 0.750026 0.504572 0.00416145
1917 0.750026 0.506563 0.00512024
1918 0.750026 0.514183 0.00443074
1919 0.750026 0.513416 0.00434807
1920 0.750026 0.513464 0.00417672
1921 0.750026 0.513368 0.00449649
1922 0.750026 0.508085 0.0046748
1923 0.750026 0.514016 0.0044713
1924 0.750026 0.516367 0.0041522
1925 0.750026 0.505961 0.00491157
1926 0.750026 0.506311 0.00456712
1927 0.750026 0.512523 0.00440301
1928 0.750026 0.508741 0.00407892
1929 0.750026 0.509009 0.00528036
1930 0.750026 0.51284 0.00400891
1931 0.750026 0.507312 0.00446561
1932 0.750026 0.507915 0.00427572
1933 0.750026 0.502944 0.00451595
1934 0.750026 0.509049 0.00456952
1935 0.750026 0.510306 0.00427234
1936 0.750026 0.51973 0.00503621
1937 0.750026 0.516049 0.00469949
1938 0.750026 0.509594 0.00453238
1939 0.750026 0.518167 0.00447234
1940 0.750026 0.512816 0.00499785
1941 0.750026 0.508758 0.00463016
1942 0.750026 0.51172 0.00448115
1943 0.750026 0.517238 0.00421954
1944 0.750026 0.511052 0.00452286
1945 0.750026 0.514475 0.00507762
1946 0.750026 0.511585 0.00472506
1947 0.750026 0.510272 0.00473975
1948 0.750026 0.509873 0.0047606
1949 0.750026 0.512452 0.00472062
1950 0.750026 0.514951 0.00446871
1951 0.750026 0.514425 0.0044729
1952 0.750026 0.508837 0.00420563
1953 0.750026 0.517378 0.00432837
1954 0.750026 0.506249 0.00455007
1955 0.750026 0.512458 0.004381
1956 0.750026 0.513501 0.00430303
1957 0.750026 0.514815 0.004417
1958 0.750026 0.504435 0.00481318
1959 0.750026 0.511706 0.00543601
1960 0.750026 0.518594 0.00572568
1961 0.750026 0.509956 0.00391289
1962 0.750026 0.51118 0.00453381
1963 0.750026 0.500748 0.00442574
1964 0.750026 0.506875 0.00508394
1965 0.750026 0.504629 0.00474962
1966 0.750026 0.507459 0.00484378
1967 0.750026 0.509953 0.00454004
1968 0.750026 0.512239 0.00532525
1969 0.750026 0.510344 0.00417197
1970 0.750026 0.511073 0.00415717
1971 0.750026 0.513454 0.00411079
1972 0.750026 0.513992 0.00516562
1973 0.750026 0.515576 0.00415806
1974 0.750026 0.518821 0.00399267
1975 0.750026 0.51508 0.00386493
1976 0.750026 0.508593 0.00452746
1977 0.750026 0.516091 0.00459974
1978 0.750026 0.510928 0.00488545
1979 0.750026 0.513489 0.00468137
1980 0.750026 0.505744 0.0047436
1981 0.750026 0.513617 0.00453056
1982 0.750026 0.508809 0.00466409
1983 0.750026 0.50595 0.00480169
1984 0.750026 0.506999 0.00604178
1985 0.750026 0.510656 0.00475891
1986 0.750026 0.52021 0.00522361
1987 0.750026 0.521962 0.00447728
1988 0.750026 0.513611 0.00554417
1989 0.750026 0.514322 0.00457258
1990 0.750026 0.507899 0.00505036
1991 0.750026 0.508344 0.00473969
1992 0.750026 0.503075 0.00489977
1993 0.750026 0.50997 0.00460868
1994 0.750026 0.509563 0.00435267
1995 0.750026 0.501743 0.00451695
1996 0.750026 0.511688 0.00429673
1997 0.750026 0.509995 0.00456784
1998 0.750026 0.504486 0.00444728
1999 0.750026 0.511644 0.00446417
2000 0.750026 0.505587 0.00490707
