3
2
0.0786873
0.206377
1
0.0848764
0.263225
1
-55.822
4.57269
0
-50.5716
2.65356
0
-63.3137
5.89475
0
0.690883
1.52027
0.678007
0.61829
0.194299
0.834808
1.72509
0.631632
1.29246
1.33486
1.63673
1.94718
0.731161
1.418
0.751841
1.99871
0.782168
0.658872
0.481077
0.518645
1.18627
0.159523
1.92811
1.93166
0.908526
0.640917
1.45724
0.165936
1.84822
0.799916
1.75339
1.678
1.96773
1.12529
1.37608
0.788935
1.43929
0.903953
1.05446
0.0428308
0.837829
0.523965
0.314049
0
0.444508
0.90195
1.26338
0.0367034
1.1567
0.205931
1.23701
0.788644
1.25877
0.555217
0.784451
1.23112
1.14596
1.79547
0.91482
1.26987
0.430514
1.24278
1.53711
1.15583
0.761139
0.149048
1.84306
1.29733
0.410507
0.938677
1.65241
0.9437
0.470531
0.070088
0.523293
