4
1
-63.5059
4.90227
0
0.168778
0.270408
1
-56.1609
7.57843
0
-53.1221
3.88252
0
-52.364
2.36685
0
0.175447
0.355769
0.871766
1.6554
1.9306
1.11438
1.08959
1.7893
1.7825
0.956494
1.29552
1.88649
1.78616
1.02208
1.45231
0.887643
0.759367
0
1.18033
0.138402
0.0723384
0.156908
1.8829
0.23435
0.253941
0.765444
0.535588
1.61111
1.90814
0.947402
0.592331
0.0180888
1.95306
0.129395
0.841524
1.4843
0.845165
1.12147
1.99086
1.18074
1.54786
0.961877
1.11964
0.39315
1.68405
1.51094
0.183907
0.926421
1.99988
0.64264
1.69425
0.76748
0.633151
1.02984
0.242627
0.793618
1.46531
0.76013
0.74461
2
0.869887
0.738802
1.6331
0.886418
1.11822
1.28318
1.76212
1.27207
1.57603
1.22647
0.861812
1.25832
0.137458
1.21996
1.84722
1.7469
-0.22793
1073.45
130
