0 0.527295 0.49859 0.000151236
1 0.56096 0.499235 0.000145211
2 0.56096 0.49956 0.000170304
3 0.56096 0.497704 0.000198357
4 0.56096 0.500091 0.000221123
5 0.578487 0.502298 0.000331235
6 0.578487 0.504234 0.000312307
7 0.58497 0.502565 0.000382568
8 0.58497 0.503173 0.000385639
9 0.58497 0.501692 0.000352327
10 0.595546 0.502583 0.000479043
11 0.595546 0.502005 0.000551165
12 0.595546 0.50399 0.000382571
13 0.595546 0.503489 0.000387924
14 0.595546 0.501834 0.000482381
15 0.595546 0.504866 0.000569931
16 0.595546 0.503072 0.000603054
17 0.595546 0.504968 0.0004663
18 0.612448 0.505866 0.000590218
19 0.612448 0.50365 0.000487114
20 0.612448 0.504462 0.000515903
21 0.612448 0.502842 0.000490044
22 0.612448 0.502796 0.000580943
23 0.612448 0.504734 0.000645064
24 0.612448 0.503546 0.000548058
25 0.612448 0.505367 0.000799716
26 0.612448 0.502331 0.000619889
27 0.612448 0.501762 0.000568608
28 0.612448 0.504014 0.000660218
29 0.612448 0.506215 0.000599127
30 0.612448 0.503243 0.000610006
31 0.612448 0.503551 0.000686945
32 0.612448 0.507208 0.00068718
33 0.612448 0.503561 0.000581091
34 0.612448 0.505489 0.000642172
35 0.612448 0.50092 0.000740528
36 0.612448 0.502413 0.000620099
37 0.612448 0.505711 0.000570435
38 0.612448 0.504999 0.00063946
39 0.612448 0.503973 0.000723048
40 0.612448 0.503008 0.000714908
41 0.612448 0.505188 0.000740728
42 0.612448 0.50459 0.00071527
43 0.612448 0.50406 0.000730632
44 0.612448 0.507842 0.000764077
45 0.612448 0.506886 0.000685712
46 0.612448 0.505664 0.00069843
47 0.612448 0.505842 0.000662395
48 0.612448 0.503772 0.000618922
49 0.612448 0.504825 0.000797728
50 0.612448 0.500333 0.00062645
51 0.612448 0.502102 0.000632065
52 0.612448 0.505305 0.000740282
53 0.612448 0.50443 0.000726521
54 0.612448 0.504443 0.000606225
55 0.612448 0.503003 0.000595214
56 0.612448 0.506235 0.000759428
57 0.612448 0.504162 0.000612198
58 0.612448 0.506834 0.000723225
59 0.612448 0.504987 0.000751573
60 0.612448 0.504199 0.000707843
61 0.612448 0.501966 0.000785525
62 0.612448 0.502913 0.000715295
63 0.612448 0.503798 0.000752216
64 0.612448 0.504668 0.000826611
65 0.612448 0.505083 0.000788846
66 0.612448 0.504259 0.000685502
67 0.612448 0.504893 0.000676957
68 0.612448 0.505256 0.000828141
69 0.612448 0.505541 0.0006356
70 0.612448 0.507793 0.000771499
71 0.612448 0.50304 0.000733372
72 0.612448 0.50224 0.000799584
73 0.612448 0.502055 0.000701993
74 0.612448 0.506925 0.00068611
75 0.612448 0.504124 0.000725063
76 0.612448 0.503709 0.000811322
77 0.612448 0.504848 0.000700652
78 0.612448 0.501985 0.000810048
79 0.612448 0.505122 0.000923996
80 0.612448 0.504127 0.000746437
81 0.612448 0.503156 0.000814441
82 0.612448 0.505743 0.000877683
83 0.612448 0.506237 0.000807954
84 0.612448 0.504916 0.000849941
85 0.612448 0.506644 0.000980351
86 0.612448 0.506634 0.000778031
87 0.612448 0.507044 0.000976044
88 0.612448 0.505519 0.000715717
89 0.612448 0.506148 0.000772888
90 0.612448 0.505949 0.000847228
91 0.612448 0.507016 0.000757062
92 0.612448 0.502406 0.000757904
93 0.612448 0.50624 0.00107772
94 0.612448 0.507875 0.000910783
95 0.612448 0.507554 0.000867718
96 0.612448 0.506734 0.000898685
97 0.612448 0.507076 0.000789679
98 0.612448 0.508523 0.000838634
99 0.612448 0.50388 0.0007304
100 0.612448 0.508258 0.000905938
101 0.612448 0.504911 0.000821269
102 0.612448 0.507358 0.000772929
103 0.612448 0.507769 0.000805432
104 0.614695 0.505143 0.000981373
105 0.614695 0.505232 0.000872555
106 0.614695 0.505159 0.00098165
107 0.614695 0.507281 0.00100192
108 0.614695 0.508616 0.00107187
109 0.614695 0.508803 0.00115145
110 0.614695 0.506706 0.000957963
111 0.614695 0.50971 0.00111849
112 0.614695 0.503312 0.000810098
113 0.614695 0.507691 0.000901067
114 0.614695 0.500714 0.000938088
115 0.614695 0.504317 0.000990441
116 0.614695 0.506155 0.00102666
117 0.614695 0.50537 0.00100737
118 0.614695 0.503942 0.000950692
119 0.614695 0.501691 0.00104694
120 0.614695 0.506507 0.000758372
121 0.614695 0.50878 0.000878264
122 0.614695 0.507958 0.000993541
123 0.614695 0.504611 0.00072468
124 0.614695 0.504767 0.000997831
125 0.614695 0.504214 0.00103988
126 0.614695 0.5037 0.00111358
127 0.614695 0.506457 0.0010272
128 0.614695 0.506067 0.00103804
129 0.614695 0.504006 0.000879908
130 0.614695 0.506996 0.00101796
131 0.614695 0.508646 0.000926461
132 0.614695 0.506899 0.000957408
133 0.614695 0.503559 0.00109559
134 0.614695 0.50313 0.000917258
135 0.614695 0.502956 0.000899681
136 0.614695 0.506589 0.000989487
137 0.614695 0.50565 0.00079551
138 0.614695 0.50538 0.000924938
139 0.614695 0.505497 0.000867052
140 0.614695 0.501677 0.000862802
141 0.614695 0.507975 0.00103289
142 0.614695 0.508161 0.00091174
143 0.614695 0.506538 0.00081011
144 0.618649 0.509824 0.000951898
145 0.618649 0.505257 0.000946321
146 0.618649 0.507897 0.00102682
147 0.618649 0.503778 0.001065
148 0.618649 0.506487 0.00100495
149 0.618649 0.506026 0.000910514
150 0.618649 0.504607 0.00107938
151 0.618649 0.503393 0.000790186
152 0.618649 0.502521 0.000873817
153 0.618649 0.502536 0.000823836
154 0.618649 0.506351 0.000839645
155 0.618649 0.507614 0.000796203
156 0.618649 0.5027 0.000868195
157 0.618649 0.504385 0.000765446
158 0.618854 0.507317 0.000971942
159 0.618854 0.505687 0.000938037
160 0.618854 0.50584 0.00106035
161 0.618854 0.504523 0.00108964
162 0.618854 0.507422 0.00095322
163 0.618854 0.508128 0.00114936
164 0.618854 0.503192 0.00114563
165 0.618854 0.50417 0.00114956
166 0.618854 0.50529 0.00108204
167 0.61934 0.50428 0.00110583
168 0.61934 0.503737 0.00110905
169 0.62927 0.503757 0.00128428
170 0.62927 0.505166 0.00101809
171 0.62927 0.506267 0.00104911
172 0.62927 0.507424 0.0010877
173 0.62927 0.499905 0.00104084
174 0.62927 0.504969 0.000997968
175 0.62927 0.503108 0.00108118
176 0.62927 0.510003 0.00109124
177 0.62927 0.501129 0.00130846
178 0.62927 0.500257 0.000943727
179 0.62927 0.505486 0.00113703
180 0.62927 0.50625 0.00150086
181 0.62927 0.504596 0.00134603
182 0.62927 0.503245 0.000993637
183 0.62927 0.506771 0.000915427
184 0.62927 0.502901 0.0012719
185 0.62927 0.500385 0.000986474
186 0.62927 0.509205 0.000907173
187 0.62927 0.505141 0.00098051
188 0.62927 0.505426 0.00102005
189 0.62927 0.507126 0.00137457
190 0.62927 0.508044 0.0010313
191 0.62927 0.507534 0.00114676
192 0.681157 0.507805 0.00122133
193 0.681157 0.504585 0.00123154
194 0.681157 0.504797 0.00113188
195 0.681157 0.506976 0.00117938
196 0.681157 0.510038 0.00132652
197 0.681157 0.507882 0.00139843
198 0.681157 0.508938 0.00168064
199 0.681157 0.510094 0.00118723
200 0.681157 0.513309 0.00146813
201 0.681157 0.508407 0.00131376
202 0.681157 0.509437 0.00125705
203 0.681157 0.507918 0.00136054
204 0.681157 0.510415 0.00138966
205 0.681157 0.507623 0.00138789
206 0.681157 0.510159 0.0012256
207 0.681157 0.505748 0.00135096
208 0.681157 0.509412 0.00144578
209 0.681157 0.504959 0.00132746
210 0.681157 0.506623 0.00132505
211 0.681157 0.506999 0.00127878
212 0.681157 0.506624 0.00141451
213 0.681157 0.507398 0.00137359
214 0.681157 0.507786 0.00121041
215 0.681157 0.508059 0.00125013
216 0.681157 0.507249 0.00123096
217 0.681157 0.50722 0.00148034
218 0.681157 0.507119 0.00145968
219 0.681157 0.509583 0.00150055
220 0.681157 0.509625 0.00139515
221 0.681157 0.509769 0.00119639
222 0.681157 0.51092 0.00141156
223 0.681157 0.509538 0.0014862
224 0.681157 0.507166 0.00182114
225 0.681157 0.505082 0.00147586
226 0.681157 0.507971 0.00176668
227 0.681157 0.505425 0.00142955
228 0.681157 0.507097 0.00150007
229 0.681157 0.505275 0.00129826
230 0.681157 0.50628 0.0013337
231 0.681157 0.506668 0.00137352
232 0.681157 0.507882 0.00165871
233 0.681157 0.509867 0.00143096
234 0.681157 0.509604 0.00145625
235 0.681157 0.510143 0.0015877
236 0.681157 0.507471 0.00133088
237 0.681157 0.513192 0.0017855
238 0.681157 0.510182 0.00139754
239 0.681157 0.511275 0.00141642
240 0.681157 0.509704 0.00129959
241 0.681157 0.511536 0.00140052
242 0.681157 0.510007 0.00194543
243 0.681157 0.51119 0.00170121
244 0.681157 0.5117 0.00156671
245 0.681157 0.512977 0.00171382
246 0.681157 0.509356 0.00142741
247 0.681157 0.509436 0.00159602
248 0.681157 0.509633 0.00175647
249 0.681157 0.51048 0.00166475
250 0.681157 0.510795 0.00179094
251 0.681157 0.506538 0.00167478
252 0.681157 0.510136 0.00167817
253 0.681157 0.504992 0.00134854
254 0.681157 0.506649 0.00140478
255 0.681157 0.508204 0.00153939
256 0.681157 0.510028 0.00145968
257 0.681157 0.511503 0.00150152
258 0.681157 0.509739 0.00137025
259 0.681157 0.509303 0.00167659
260 0.681157 0.51054 0.00155553
261 0.681157 0.508516 0.00137744
262 0.681157 0.50969 0.00170653
263 0.681157 0.511445 0.00148092
264 0.681157 0.509813 0.0016422
265 0.681157 0.510804 0.00158769
266 0.681157 0.512639 0.00188139
267 0.681157 0.509092 0.0015493
268 0.681157 0.510705 0.00156816
269 0.681157 0.508333 0.00152496
270 0.681157 0.509583 0.00176995
271 0.681157 0.510239 0.00165914
272 0.681157 0.508223 0.00146618
273 0.681157 0.510337 0.00157051
274 0.681157 0.505557 0.00170158
275 0.681157 0.510631 0.00173385
276 0.681157 0.507668 0.00182882
277 0.681157 0.509869 0.00191092
278 0.681157 0.509172 0.00171182
279 0.681157 0.508674 0.0015872
280 0.681157 0.509108 0.00154996
281 0.681157 0.509562 0.00162267
282 0.681157 0.511681 0.00163141
283 0.681157 0.505788 0.00170257
284 0.681157 0.509906 0.00162242
285 0.681157 0.515162 0.00159364
286 0.681157 0.507657 0.00160435
287 0.681157 0.514052 0.00206176
288 0.681157 0.509622 0.00156524
289 0.681157 0.509781 0.00161016
290 0.681157 0.510174 0.00176511
291 0.681157 0.509826 0.00184843
292 0.681157 0.506408 0.00175235
293 0.681157 0.513817 0.00177063
294 0.681157 0.512495 0.00186657
295 0.681157 0.509168 0.00186196
296 0.681157 0.508952 0.00210967
297 0.681157 0.509713 0.00177211
298 0.681157 0.507048 0.00156298
299 0.681157 0.508554 0.00168492
300 0.681157 0.507319 0.00176017
301 0.681157 0.507924 0.00189514
302 0.681157 0.509401 0.00189806
303 0.681157 0.510623 0.00195677
304 0.681157 0.503908 0.00192171
305 0.681157 0.507507 0.00177779
306 0.681157 0.508558 0.00157739
307 0.681157 0.512176 0.00158128
308 0.681157 0.510712 0.0016361
309 0.681157 0.509015 0.00155017
310 0.681157 0.510951 0.00190758
311 0.681157 0.507807 0.00151628
312 0.681157 0.510798 0.00153108
313 0.681157 0.508507 0.00167074
314 0.681157 0.513754 0.00187993
315 0.681157 0.508845 0.00168451
316 0.681157 0.50935 0.00169381
317 0.681157 0.508866 0.00169834
318 0.681157 0.507425 0.00165351
319 0.681157 0.508821 0.00159095
320 0.681157 0.506046 0.00188583
321 0.681157 0.509004 0.00173158
322 0.681157 0.507064 0.00168706
323 0.681157 0.508162 0.0018173
324 0.681157 0.510402 0.00187369
325 0.681157 0.506207 0.00207015
326 0.681157 0.508189 0.00152127
327 0.681157 0.50999 0.00182491
328 0.681157 0.51387 0.00186262
329 0.681157 0.506694 0.0017838
330 0.681157 0.511604 0.00147175
331 0.681157 0.508801 0.00151325
332 0.681157 0.508864 0.00161396
333 0.681157 0.508771 0.00174118
334 0.681157 0.511104 0.00162519
335 0.681157 0.510422 0.00169624
336 0.681157 0.50771 0.00175139
337 0.681157 0.510842 0.00153013
338 0.681157 0.513349 0.00172744
339 0.681157 0.511674 0.00199186
340 0.681157 0.507426 0.00178533
341 0.681157 0.512228 0.00161679
342 0.681157 0.510845 0.00175548
343 0.681157 0.509653 0.00178829
344 0.681157 0.507691 0.00192983
345 0.681157 0.509283 0.00151926
346 0.681157 0.506964 0.00191022
347 0.681157 0.511444 0.00183629
348 0.681157 0.508593 0.00180982
349 0.681157 0.511387 0.00162056
350 0.681157 0.510505 0.00228416
351 0.681157 0.510799 0.00169602
352 0.681157 0.507471 0.0016754
353 0.681157 0.508207 0.00163686
354 0.681157 0.510439 0.00172519
355 0.681157 0.509003 0.00186166
356 0.681157 0.509433 0.00196674
357 0.681157 0.510161 0.00162504
358 0.681157 0.507737 0.00186858
359 0.681157 0.509126 0.00181617
360 0.681157 0.510229 0.0018398
361 0.681157 0.508317 0.00146657
362 0.681157 0.50801 0.0016922
363 0.681157 0.508026 0.0019275
364 0.681157 0.506116 0.001819
365 0.681157 0.508316 0.00157272
366 0.681157 0.508674 0.00153058
367 0.681157 0.510911 0.001722
368 0.681157 0.51095 0.00165202
369 0.681157 0.509019 0.00180203
370 0.681157 0.507656 0.00178951
371 0.681157 0.50904 0.00176281
372 0.681157 0.507543 0.00210606
373 0.681157 0.504696 0.00186733
374 0.681157 0.50461 0.00195313
375 0.681157 0.509666 0.00177475
376 0.681157 0.511408 0.00174245
377 0.681157 0.509494 0.00177253
378 0.681157 0.505101 0.00160891
379 0.681157 0.508541 0.00204181
380 0.681157 0.508149 0.00174265
381 0.681157 0.513676 0.00174584
382 0.681157 0.504533 0.00201091
383 0.681157 0.505113 0.00166192
384 0.681157 0.507742 0.00171411
385 0.681157 0.506591 0.00176444
386 0.681157 0.512882 0.00155855
387 0.681157 0.509464 0.00196812
388 0.681157 0.512942 0.00166141
389 0.681157 0.507087 0.00167966
390 0.681157 0.5089 0.00148696
391 0.681157 0.509225 0.00171327
392 0.681157 0.507754 0.00185449
393 0.681157 0.509198 0.00178945
394 0.681157 0.504536 0.00165622
395 0.681157 0.509663 0.00162663
396 0.681157 0.507932 0.00157771
397 0.681157 0.51144 0.00154094
398 0.681157 0.514915 0.0015781
399 0.681157 0.511332 0.00166166
400 0.681157 0.505188 0.00164775
401 0.681157 0.509529 0.00159831
402 0.681157 0.510592 0.00187052
403 0.681157 0.514486 0.00186402
404 0.681157 0.510717 0.00176396
405 0.681157 0.509632 0.00158188
406 0.681157 0.513515 0.00160136
407 0.681157 0.509696 0.0016432
408 0.681157 0.510661 0.00172307
409 0.681157 0.50814 0.00187439
410 0.681157 0.507977 0.00150675
411 0.681157 0.506595 0.00173734
412 0.681157 0.510576 0.00217035
413 0.681157 0.51111 0.00174057
414 0.681157 0.507137 0.00162149
415 0.681157 0.50826 0.00196468
416 0.681157 0.509111 0.00202876
417 0.681157 0.508588 0.00178885
418 0.681157 0.512578 0.00178572
419 0.681157 0.511641 0.00162874
420 0.681157 0.510684 0.00191511
421 0.681157 0.511235 0.00187869
422 0.681157 0.509577 0.00189727
423 0.681157 0.509143 0.00176296
424 0.681157 0.51104 0.00168978
425 0.681157 0.514369 0.00182163
426 0.681157 0.5077 0.00162042
427 0.681157 0.50321 0.00165892
428 0.681157 0.506076 0.0016687
429 0.681157 0.507383 0.00145189
430 0.681157 0.507304 0.00163331
431 0.681157 0.51177 0.00193204
432 0.681157 0.506612 0.0016913
433 0.681157 0.505648 0.00175033
434 0.681157 0.510588 0.00173955
435 0.681157 0.511858 0.0017332
436 0.681157 0.515289 0.00198131
437 0.681157 0.513115 0.00175564
438 0.681157 0.508162 0.00188962
439 0.681157 0.50877 0.00154384
440 0.681157 0.509278 0.00165438
441 0.681157 0.50804 0.00159362
442 0.681157 0.506372 0.00178144
443 0.681157 0.508364 0.0016755
444 0.681157 0.506844 0.00202286
445 0.681157 0.502825 0.00186204
446 0.681157 0.508535 0.00191893
447 0.681157 0.509013 0.00177086
448 0.681157 0.512624 0.00164643
449 0.681157 0.510143 0.00179812
450 0.681157 0.511711 0.00202043
451 0.681157 0.511434 0.00186546
452 0.681157 0.51154 0.00194542
453 0.681157 0.509834 0.00170112
454 0.681157 0.508317 0.00190512
455 0.681157 0.507196 0.00181877
456 0.681157 0.50379 0.00160204
457 0.681157 0.506278 0.00150645
458 0.681157 0.508761 0.00204387
459 0.681157 0.50485 0.00172999
460 0.681157 0.50996 0.00172769
461 0.681157 0.506625 0.00177092
462 0.681157 0.50466 0.00188753
463 0.681157 0.501218 0.00196476
464 0.681157 0.512032 0.00179868
465 0.681157 0.505335 0.00170399
466 0.681157 0.504457 0.0018966
467 0.681157 0.509761 0.00172966
468 0.681157 0.509892 0.00199632
469 0.681157 0.508484 0.0017692
470 0.681157 0.51095 0.00188625
471 0.681157 0.510286 0.00228534
472 0.681157 0.508002 0.00210448
473 0.681157 0.504809 0.00175638
474 0.681157 0.507302 0.0017226
475 0.681157 0.511171 0.00173821
476 0.681157 0.505594 0.0019597
477 0.681157 0.508512 0.00191516
478 0.681157 0.509097 0.0019616
479 0.681157 0.514034 0.00213766
480 0.681157 0.510491 0.00209623
481 0.681157 0.509175 0.00218919
482 0.681157 0.51224 0.00183616
483 0.681157 0.51074 0.00180064
484 0.681157 0.506522 0.00181426
485 0.681157 0.507955 0.00182611
486 0.681157 0.51113 0.00213778
487 0.681157 0.514047 0.00191897
488 0.681157 0.508195 0.00181856
489 0.681157 0.509666 0.00206062
490 0.681157 0.508023 0.00162321
491 0.681157 0.508006 0.0017043
492 0.681157 0.507214 0.00203036
493 0.681157 0.513331 0.00174613
494 0.681157 0.509957 0.00172534
495 0.681157 0.508033 0.00186257
496 0.681157 0.506373 0.00174538
497 0.681157 0.511447 0.00166375
498 0.681157 0.511022 0.00177923
499 0.681157 0.504431 0.00172402
500 0.681157 0.505139 0.0017021
501 0.681157 0.509386 0.00161965
502 0.681157 0.505275 0.00159931
503 0.681157 0.504036 0.00173715
504 0.681157 0.51054 0.00166162
505 0.681157 0.509485 0.00170954
506 0.681157 0.508642 0.00160912
507 0.681157 0.511268 0.00156909
508 0.681157 0.508621 0.00171617
509 0.681157 0.508979 0.00193254
510 0.681157 0.509882 0.00175085
511 0.681157 0.514177 0.00153838
512 0.681157 0.507152 0.00178671
513 0.681157 0.50884 0.00220365
514 0.681157 0.506079 0.00148839
515 0.681157 0.511727 0.00158383
516 0.681157 0.507974 0.00171344
517 0.681157 0.513009 0.00178833
518 0.681157 0.506169 0.00184168
519 0.681157 0.508532 0.00173561
520 0.681157 0.512666 0.00213376
521 0.681157 0.511261 0.00191707
522 0.681157 0.507973 0.00168282
523 0.681157 0.510929 0.00178249
524 0.681157 0.507613 0.00161382
525 0.681157 0.50604 0.00166419
526 0.681157 0.511074 0.00178025
527 0.681157 0.512184 0.00171675
528 0.681157 0.50795 0.00166175
529 0.681157 0.508535 0.00157618
530 0.681157 0.508366 0.00153864
531 0.681157 0.505373 0.00191238
532 0.681157 0.509043 0.00202699
533 0.681157 0.508337 0.00194783
534 0.681157 0.506838 0.00172313
535 0.681157 0.507855 0.00173958
536 0.681157 0.507657 0.0016061
537 0.681157 0.507509 0.00171912
538 0.681157 0.507644 0.00173758
539 0.681157 0.507681 0.00162332
540 0.681157 0.50836 0.00189774
541 0.681157 0.510849 0.00186467
542 0.681157 0.510372 0.0018072
543 0.681157 0.512865 0.00194529
544 0.681157 0.511898 0.00183072
545 0.681157 0.508377 0.00165844
546 0.681157 0.508585 0.00162615
547 0.681157 0.506326 0.00154523
548 0.681157 0.509593 0.00222256
549 0.681157 0.510931 0.00167738
550 0.681157 0.508306 0.00153079
551 0.681157 0.506997 0.00172092
552 0.68936 0.507549 0.00215449
553 0.68936 0.510249 0.00175437
554 0.68936 0.507181 0.00172519
555 0.68936 0.508214 0.00161957
556 0.68936 0.514935 0.00193463
557 0.68936 0.510089 0.00173648
558 0.68936 0.509131 0.00174672
559 0.68936 0.511048 0.00151994
560 0.68936 0.510041 0.00169584
561 0.68936 0.505954 0.00166815
562 0.68936 0.50962 0.00155004
563 0.68936 0.507486 0.00171834
564 0.68936 0.504232 0.00196796
565 0.68936 0.507924 0.0017171
566 0.68936 0.507511 0.00199108
567 0.68936 0.510135 0.00179577
568 0.68936 0.509457 0.0016466
569 0.68936 0.510915 0.00195566
570 0.68936 0.510955 0.00181131
571 0.68936 0.510631 0.00187485
572 0.68936 0.513324 0.00182713
573 0.68936 0.512982 0.00193553
574 0.68936 0.508193 0.00203109
575 0.68936 0.508318 0.00176613
576 0.68936 0.509457 0.00152183
577 0.68936 0.507355 0.00163879
578 0.68936 0.506831 0.0017159
579 0.68936 0.509654 0.00158796
580 0.68936 0.510934 0.00189413
581 0.68936 0.506469 0.00203016
582 0.68936 0.507503 0.00182892
583 0.68936 0.50676 0.00148316
584 0.68936 0.508227 0.00160178
585 0.68936 0.509905 0.00179291
586 0.68936 0.508709 0.0018192
587 0.68936 0.510051 0.001701
588 0.68936 0.512689 0.00180874
589 0.68936 0.509514 0.00177623
590 0.68936 0.50894 0.00151559
591 0.68936 0.507426 0.00162197
592 0.68936 0.509943 0.00147253
593 0.68936 0.509444 0.00159657
594 0.68936 0.509697 0.00159003
595 0.68936 0.509524 0.00173406
596 0.68936 0.510527 0.00177189
597 0.68936 0.509663 0.00172533
598 0.68936 0.507192 0.00168676
599 0.68936 0.508212 0.00159623
600 0.68936 0.507525 0.00175878
601 0.68936 0.510821 0.00191936
602 0.68936 0.51069 0.00162405
603 0.68936 0.509437 0.00166808
604 0.68936 0.507553 0.00193495
605 0.68936 0.510977 0.00178586
606 0.68936 0.509586 0.00157937
607 0.68936 0.508905 0.00178728
608 0.68936 0.510074 0.00178562
609 0.68936 0.51027 0.00160252
610 0.68936 0.502296 0.00192288
611 0.68936 0.509679 0.00240516
612 0.68936 0.511503 0.00211879
613 0.68936 0.507108 0.00200759
614 0.68936 0.509488 0.00189837
615 0.68936 0.509241 0.00212763
616 0.68936 0.510891 0.00216023
617 0.68936 0.50738 0.00188248
618 0.68936 0.50718 0.001647
619 0.68936 0.509866 0.00195321
620 0.68936 0.510069 0.0019722
621 0.68936 0.511075 0.00168636
622 0.68936 0.506512 0.00175521
623 0.68936 0.510035 0.00181374
624 0.68936 0.508687 0.0016719
625 0.68936 0.513056 0.00156923
626 0.68936 0.507935 0.00174026
627 0.68936 0.503676 0.00193904
628 0.68936 0.509248 0.00185585
629 0.68936 0.510349 0.00166152
630 0.68936 0.508887 0.00178413
631 0.68936 0.510433 0.00176452
632 0.68936 0.510417 0.00201251
633 0.68936 0.514569 0.00170565
634 0.68936 0.508778 0.00178042
635 0.68936 0.511468 0.0018129
636 0.68936 0.510088 0.0017665
637 0.68936 0.510623 0.00168266
638 0.68936 0.507948 0.00173611
639 0.68936 0.510294 0.0014829
640 0.68936 0.511167 0.00159703
641 0.68936 0.511323 0.0022007
642 0.68936 0.511495 0.00190303
643 0.68936 0.509324 0.00176216
644 0.68936 0.513169 0.00182634
645 0.68936 0.508547 0.00209726
646 0.68936 0.508477 0.00164266
647 0.68936 0.508476 0.00226099
648 0.68936 0.508853 0.00172481
649 0.68936 0.5078 0.00160883
650 0.68936 0.510023 0.00174897
651 0.68936 0.509987 0.00182483
652 0.68936 0.510228 0.0016021
653 0.68936 0.513993 0.00169285
654 0.68936 0.511671 0.00175355
655 0.68936 0.50974 0.00179648
656 0.68936 0.510867 0.00188813
657 0.68936 0.512364 0.00178598
658 0.68936 0.513858 0.00179198
659 0.68936 0.512342 0.00200688
660 0.68936 0.513611 0.0017727
661 0.68936 0.516892 0.00197288
662 0.68936 0.511188 0.00184087
663 0.68936 0.508524 0.00176047
664 0.68936 0.506495 0.00175449
665 0.68936 0.510732 0.00154227
666 0.68936 0.514983 0.0017653
667 0.68936 0.512608 0.00177366
668 0.68936 0.507958 0.00149241
669 0.68936 0.509968 0.00178455
670 0.68936 0.511795 0.00169202
671 0.68936 0.51144 0.00191823
672 0.68936 0.50947 0.00176535
673 0.68936 0.507346 0.00161387
674 0.68936 0.514744 0.00184169
675 0.68936 0.511357 0.00178735
676 0.68936 0.506564 0.00187423
677 0.68936 0.512822 0.00190023
678 0.68936 0.510088 0.001672
679 0.68936 0.508967 0.00188072
680 0.68936 0.514467 0.00190955
681 0.68936 0.510703 0.00184352
682 0.68936 0.511914 0.00178638
683 0.68936 0.512258 0.0019121
684 0.68936 0.511224 0.00200437
685 0.68936 0.512403 0.00192703
686 0.68936 0.5103 0.0016547
687 0.68936 0.509856 0.00177938
688 0.68936 0.507376 0.00179072
689 0.68936 0.512658 0.0020856
690 0.68936 0.508238 0.00199195
691 0.68936 0.509441 0.00196733
692 0.68936 0.509041 0.00184082
693 0.68936 0.510163 0.0019061
694 0.68936 0.512359 0.00200602
695 0.68936 0.510793 0.00193702
696 0.68936 0.512468 0.00173588
697 0.68936 0.510905 0.00169917
698 0.68936 0.51027 0.00176928
699 0.68936 0.514577 0.00187727
700 0.68936 0.509178 0.00175887
701 0.68936 0.512648 0.00164178
702 0.68936 0.513452 0.00183787
703 0.68936 0.507116 0.00186742
704 0.68936 0.508902 0.00181735
705 0.68936 0.51208 0.00189387
706 0.68936 0.510895 0.00180586
707 0.68936 0.508863 0.00161397
708 0.68936 0.508206 0.0017489
709 0.68936 0.51384 0.00187523
710 0.68936 0.511603 0.00215453
711 0.68936 0.510145 0.00166338
712 0.68936 0.51492 0.00193368
713 0.68936 0.511843 0.00219223
714 0.68936 0.511144 0.00178111
715 0.68936 0.509519 0.00185384
716 0.68936 0.513023 0.00184661
717 0.68936 0.509488 0.00171353
718 0.68936 0.505878 0.00166953
719 0.68936 0.506736 0.00156297
720 0.68936 0.51037 0.00178393
721 0.68936 0.509186 0.00193414
722 0.68936 0.512389 0.00210516
723 0.68936 0.510828 0.00186238
724 0.68936 0.510125 0.00180266
725 0.68936 0.510618 0.00209458
726 0.68936 0.508492 0.00182377
727 0.68936 0.513387 0.00196803
728 0.68936 0.511373 0.00177353
729 0.68936 0.509756 0.0017862
730 0.68936 0.509014 0.00170007
731 0.68936 0.509478 0.00165174
732 0.68936 0.507992 0.00171805
733 0.68936 0.510092 0.00180269
734 0.68936 0.504387 0.00217222
735 0.68936 0.51121 0.00178993
736 0.68936 0.509424 0.0014675
737 0.68936 0.509178 0.00164854
738 0.68936 0.50823 0.00162021
739 0.68936 0.507984 0.00148096
740 0.68936 0.511108 0.00155948
741 0.68936 0.506269 0.00170819
742 0.68936 0.507954 0.00180265
743 0.68936 0.51137 0.00150832
744 0.68936 0.510008 0.00168528
745 0.68936 0.50948 0.00171851
746 0.68936 0.510715 0.00179449
747 0.68936 0.51147 0.00161407
748 0.68936 0.510455 0.00208616
749 0.68936 0.512935 0.00175075
750 0.68936 0.509508 0.00170639
751 0.68936 0.510411 0.00206643
752 0.68936 0.510045 0.00170111
753 0.68936 0.5117 0.00181158
754 0.68936 0.510139 0.00206849
755 0.68936 0.503387 0.0017213
756 0.68936 0.511642 0.00190263
757 0.68936 0.506546 0.00197023
758 0.68936 0.510627 0.00201022
759 0.68936 0.510427 0.00184935
760 0.68936 0.509517 0.00203542
761 0.68936 0.508133 0.00174531
762 0.705712 0.510166 0.00235631
763 0.705712 0.515922 0.00218645
764 0.705712 0.513653 0.00196584
765 0.705712 0.51211 0.00177694
766 0.705712 0.51117 0.00202212
767 0.705712 0.506734 0.00193108
768 0.705712 0.508475 0.00192593
769 0.705712 0.509544 0.00209601
770 0.705712 0.509458 0.0022414
771 0.705712 0.509398 0.00190611
772 0.705712 0.512257 0.00235243
773 0.705712 0.510342 0.00207879
774 0.705712 0.508796 0.00194881
775 0.705712 0.510426 0.00227472
776 0.705712 0.507265 0.00194273
777 0.705712 0.50666 0.00213669
778 0.705712 0.505756 0.00216953
779 0.705712 0.507334 0.00202041
780 0.705712 0.51098 0.00192419
781 0.705712 0.505987 0.00199888
782 0.705712 0.509115 0.00204567
783 0.705712 0.509891 0.00189541
784 0.705712 0.509513 0.00209595
785 0.705712 0.511124 0.00188521
786 0.705712 0.51142 0.00220803
787 0.705712 0.507294 0.00243027
788 0.705712 0.512729 0.00220243
789 0.705712 0.508783 0.00194788
790 0.705712 0.510704 0.00189344
791 0.705712 0.510549 0.00175671
792 0.705712 0.510743 0.00174428
793 0.705712 0.511129 0.00188115
794 0.705712 0.508449 0.00226881
795 0.705712 0.509282 0.00198288
796 0.705712 0.513492 0.00202049
797 0.705712 0.513029 0.00232031
798 0.705712 0.511261 0.0020785
799 0.705712 0.505278 0.00208226
800 0.705712 0.508187 0.00186011
801 0.705712 0.510957 0.00195727
802 0.705712 0.508586 0.00180694
803 0.705712 0.514454 0.00214977
804 0.705712 0.508944 0.00207776
805 0.705712 0.506618 0.00194891
806 0.705712 0.511555 0.00210591
807 0.705712 0.506732 0.00209875
808 0.705712 0.514207 0.00212465
809 0.705712 0.506962 0.00201176
810 0.705712 0.50999 0.00201456
811 0.705712 0.516891 0.00218248
812 0.705712 0.515605 0.00203785
813 0.705712 0.509857 0.00187885
814 0.705712 0.50882 0.00194275
815 0.705712 0.511405 0.00210625
816 0.705712 0.509533 0.00182668
817 0.705712 0.508629 0.0020036
818 0.705712 0.510108 0.00239171
819 0.705712 0.509926 0.00178558
820 0.705712 0.507539 0.00183316
821 0.705712 0.512153 0.00194006
822 0.705712 0.506831 0.00174208
823 0.705712 0.508872 0.00166731
824 0.705712 0.509014 0.00219514
825 0.705712 0.50975 0.00182556
826 0.705712 0.509449 0.00211433
827 0.705712 0.510219 0.00173392
828 0.705712 0.512751 0.00193842
829 0.705712 0.51424 0.00194398
830 0.705712 0.510613 0.00172515
831 0.705712 0.512417 0.00200491
832 0.705712 0.511941 0.00242197
833 0.705712 0.509945 0.00211554
834 0.705712 0.508079 0.00193903
835 0.705712 0.512279 0.00174755
836 0.705712 0.511358 0.00183186
837 0.705712 0.510081 0.00200389
838 0.705712 0.509634 0.00180366
839 0.705712 0.510611 0.00206205
840 0.705712 0.50823 0.00172166
841 0.705712 0.50723 0.00229422
842 0.705712 0.50724 0.00184493
843 0.705712 0.509222 0.00209065
844 0.705712 0.512008 0.002575
845 0.705712 0.513961 0.00196604
846 0.705712 0.512323 0.00201579
847 0.705712 0.511038 0.00208293
848 0.705712 0.511793 0.0018027
849 0.705712 0.509958 0.00171399
850 0.705712 0.506871 0.00177347
851 0.705712 0.508825 0.00199167
852 0.705712 0.509227 0.00183182
853 0.705712 0.51132 0.00190355
854 0.705712 0.506206 0.00187741
855 0.705712 0.511548 0.00168953
856 0.705712 0.511483 0.00211633
857 0.705712 0.512703 0.0020498
858 0.705712 0.5144 0.0020944
859 0.705712 0.508826 0.00214403
860 0.705712 0.507977 0.00187808
861 0.705712 0.510646 0.00197747
862 0.705712 0.513488 0.00187833
863 0.705712 0.507368 0.00184825
864 0.705712 0.512982 0.00193639
865 0.705712 0.513082 0.00216566
866 0.705712 0.509775 0.00181039
867 0.705712 0.511535 0.001902
868 0.705712 0.506227 0.001935
869 0.705712 0.509752 0.00182741
870 0.705712 0.510078 0.00196829
871 0.705712 0.514678 0.00216644
872 0.705712 0.51395 0.00203906
873 0.705712 0.513813 0.00197973
874 0.705712 0.516331 0.00239933
875 0.705712 0.512474 0.00217446
876 0.705712 0.509923 0.00179018
877 0.705712 0.51248 0.00189652
878 0.705712 0.512736 0.00194477
879 0.705712 0.507873 0.00201149
880 0.705712 0.510217 0.00207058
881 0.705712 0.510008 0.00227179
882 0.705712 0.511281 0.00198211
883 0.705712 0.507408 0.00221379
884 0.705712 0.507243 0.00185383
885 0.705712 0.508741 0.00184697
886 0.705712 0.510326 0.0019434
887 0.705712 0.507068 0.0019596
888 0.705712 0.508832 0.00211983
889 0.705712 0.508882 0.00191843
890 0.705712 0.510579 0.0019435
891 0.705712 0.512445 0.00212485
892 0.705712 0.509221 0.00180295
893 0.705712 0.507155 0.00188035
894 0.705712 0.50454 0.00205053
895 0.705712 0.505252 0.00211649
896 0.705712 0.506464 0.00201443
897 0.705712 0.508886 0.00191362
898 0.705712 0.511169 0.0018337
899 0.705712 0.51134 0.0018507
900 0.705712 0.50956 0.00182453
901 0.705712 0.506156 0.00185388
902 0.705712 0.511941 0.00180383
903 0.705712 0.509061 0.00185624
904 0.705712 0.509063 0.00186458
905 0.705712 0.50621 0.00181168
906 0.705712 0.510391 0.00166205
907 0.705712 0.504594 0.0018502
908 0.705712 0.507113 0.00186445
909 0.705712 0.508115 0.00181831
910 0.705712 0.505967 0.00189931
911 0.705712 0.506582 0.00176339
912 0.705712 0.505614 0.00174114
913 0.705712 0.506337 0.00170941
914 0.705712 0.506944 0.0018157
915 0.705712 0.508028 0.00212381
916 0.705712 0.509165 0.00183904
917 0.705712 0.511061 0.00196094
918 0.705712 0.513276 0.00190511
919 0.705712 0.509816 0.00181898
920 0.705712 0.513732 0.00185654
921 0.705712 0.51314 0.00179984
922 0.705712 0.508375 0.00171085
923 0.705712 0.510949 0.00174534
924 0.705712 0.507573 0.00193845
925 0.705712 0.510665 0.00193386
926 0.705712 0.512032 0.00202237
927 0.705712 0.511296 0.00206701
928 0.705712 0.513252 0.00236233
929 0.705712 0.510879 0.00246152
930 0.705712 0.508114 0.00203254
931 0.705712 0.511819 0.00208071
932 0.705712 0.511292 0.00217791
933 0.705712 0.512264 0.0019443
934 0.705712 0.508562 0.00210852
935 0.705712 0.508057 0.00185988
936 0.705712 0.515049 0.00209901
937 0.705712 0.508453 0.00226176
938 0.705712 0.510025 0.00219781
939 0.705712 0.507593 0.00207528
940 0.705712 0.509066 0.00212202
941 0.705712 0.506569 0.0019642
942 0.705712 0.511323 0.00190216
943 0.705712 0.511497 0.00191861
944 0.705712 0.507501 0.00211767
945 0.705712 0.509075 0.00197803
946 0.705712 0.507394 0.00183621
947 0.705712 0.510245 0.00187583
948 0.705712 0.510904 0.00187587
949 0.705712 0.512675 0.00188987
950 0.705712 0.511064 0.00223607
951 0.705712 0.511541 0.00199106
952 0.705712 0.517736 0.00225672
953 0.705712 0.515975 0.00178801
954 0.705712 0.514687 0.00212582
955 0.705712 0.512857 0.00202287
956 0.705712 0.507884 0.00198925
957 0.705712 0.508953 0.00194069
958 0.705712 0.507223 0.00206062
959 0.705712 0.510615 0.00197135
960 0.705712 0.513998 0.00228318
961 0.705712 0.512577 0.00191994
962 0.705712 0.507148 0.00187804
963 0.705712 0.508588 0.00209772
964 0.705712 0.511462 0.0020652
965 0.705712 0.515064 0.00198667
966 0.705712 0.509247 0.00211828
967 0.705712 0.508342 0.00181297
968 0.705712 0.509502 0.00189141
969 0.705712 0.510975 0.00172145
970 0.705712 0.507136 0.0017976
971 0.705712 0.505059 0.00195878
972 0.705712 0.5086 0.00215923
973 0.705712 0.509046 0.00199348
974 0.705712 0.511673 0.00188176
975 0.705712 0.512663 0.00195981
976 0.705712 0.512555 0.0020177
977 0.705712 0.505383 0.00207128
978 0.705712 0.510269 0.00224685
979 0.705712 0.51163 0.00203297
980 0.705712 0.504907 0.00186779
981 0.705712 0.511266 0.00182318
982 0.705712 0.50732 0.00178209
983 0.705712 0.506783 0.00180214
984 0.705712 0.504408 0.0019168
985 0.705712 0.508427 0.00204716
986 0.705712 0.509583 0.0020448
987 0.705712 0.506184 0.00191021
988 0.705712 0.510786 0.00206543
989 0.705712 0.50565 0.00208713
990 0.705712 0.507467 0.00203431
991 0.705712 0.508767 0.00197332
992 0.705712 0.508156 0.00222637
993 0.705712 0.510613 0.00184072
994 0.705712 0.508662 0.00198434
995 0.705712 0.505144 0.00223891
996 0.705712 0.502688 0.00215542
997 0.705712 0.509559 0.00203905
998 0.705712 0.507179 0.00186564
999 0.705712 0.511969 0.00200649
1000 0.705712 0.511243 0.00190839
1001 0.705712 0.512103 0.00181909
1002 0.705712 0.51054 0.00201516
1003 0.705712 0.510982 0.00218615
1004 0.705712 0.510043 0.00187176
1005 0.705712 0.513759 0.00239143
1006 0.705712 0.510307 0.00190384
1007 0.705712 0.510313 0.00233017
1008 0.705712 0.513394 0.00224594
1009 0.705712 0.511251 0.00198052
1010 0.705712 0.513022 0.00248472
1011 0.705712 0.513309 0.00210599
1012 0.705712 0.509329 0.00208452
1013 0.705712 0.508173 0.00208055
1014 0.705712 0.511035 0.00209102
1015 0.705712 0.513794 0.00185226
1016 0.705712 0.509633 0.00219331
1017 0.705712 0.508025 0.00226617
1018 0.705712 0.511616 0.00217833
1019 0.705712 0.511143 0.00206487
1020 0.705712 0.507196 0.00199988
1021 0.705712 0.509608 0.00198003
1022 0.705712 0.51333 0.00179192
1023 0.705712 0.511064 0.00164784
1024 0.705712 0.51116 0.00199875
1025 0.705712 0.511539 0.00193375
1026 0.705712 0.514233 0.00198484
1027 0.705712 0.510876 0.00204392
1028 0.705712 0.507974 0.00223127
1029 0.705712 0.513216 0.00255411
1030 0.705712 0.511393 0.00206046
1031 0.705712 0.513033 0.00198611
1032 0.705712 0.507086 0.0022117
1033 0.705712 0.510132 0.00174866
1034 0.705712 0.508916 0.00208682
1035 0.705712 0.512927 0.00184282
1036 0.705712 0.512316 0.00201674
1037 0.705712 0.5106 0.00218476
1038 0.705712 0.507519 0.001858
1039 0.705712 0.510722 0.00212624
1040 0.705712 0.507285 0.0022878
1041 0.705712 0.513742 0.00205887
1042 0.705712 0.512356 0.00203898
1043 0.705712 0.511984 0.00218472
1044 0.705712 0.513359 0.00192739
1045 0.705712 0.510394 0.00181792
1046 0.705712 0.50876 0.00172078
1047 0.705712 0.509385 0.0019362
1048 0.705712 0.509668 0.00195403
1049 0.705712 0.508256 0.00226623
1050 0.705712 0.506307 0.00196777
1051 0.705712 0.506506 0.00192604
1052 0.705712 0.513393 0.00180765
1053 0.705712 0.510641 0.00184929
1054 0.705712 0.510833 0.00194495
1055 0.705712 0.508801 0.00183225
1056 0.705712 0.513072 0.00218157
1057 0.705712 0.50831 0.001903
1058 0.705712 0.509652 0.00199344
1059 0.705712 0.512369 0.00213708
1060 0.705712 0.51224 0.00217038
1061 0.705712 0.508587 0.00184322
1062 0.705712 0.507042 0.00180378
1063 0.705712 0.507682 0.00184344
1064 0.705712 0.504837 0.00211626
1065 0.705712 0.509176 0.00203718
1066 0.705712 0.50606 0.00207211
1067 0.705712 0.505627 0.00181541
1068 0.705712 0.511201 0.0019326
1069 0.705712 0.510741 0.00181901
1070 0.705712 0.509139 0.00209066
1071 0.705712 0.515418 0.002265
1072 0.705712 0.511614 0.00217933
1073 0.705712 0.510642 0.00224187
1074 0.705712 0.511111 0.00204249
1075 0.705712 0.512763 0.00205609
1076 0.705712 0.510757 0.00206675
1077 0.705712 0.513061 0.00181572
1078 0.705712 0.507411 0.00189925
1079 0.705712 0.508568 0.00225657
1080 0.705712 0.508511 0.00179939
1081 0.705712 0.507712 0.00204708
1082 0.705712 0.512682 0.00220049
1083 0.705712 0.513749 0.0021119
1084 0.705712 0.510044 0.00199216
1085 0.705712 0.511622 0.00180051
1086 0.705712 0.508604 0.00180449
1087 0.705712 0.504433 0.00190645
1088 0.705712 0.50922 0.00202665
1089 0.705712 0.51039 0.00180199
1090 0.705712 0.508175 0.00196748
1091 0.705712 0.511968 0.00196643
1092 0.705712 0.509497 0.0019258
1093 0.705712 0.50865 0.00195339
1094 0.705712 0.511071 0.00200469
1095 0.705712 0.509015 0.00167235
1096 0.705712 0.509179 0.00207688
1097 0.705712 0.50833 0.00166801
1098 0.705712 0.508764 0.00173132
1099 0.705712 0.512064 0.00183238
1100 0.705712 0.510976 0.00191437
1101 0.705712 0.510812 0.00196659
1102 0.705712 0.512166 0.00197871
1103 0.705712 0.512982 0.00210703
1104 0.705712 0.507733 0.00203129
1105 0.705712 0.508328 0.00230822
1106 0.705712 0.508176 0.00232075
1107 0.705712 0.509869 0.00247213
1108 0.705712 0.508326 0.00205005
1109 0.705712 0.512035 0.00194701
1110 0.705712 0.507206 0.00204329
1111 0.705712 0.506509 0.00207156
1112 0.705712 0.511838 0.0019474
1113 0.705712 0.509504 0.00208925
1114 0.705712 0.511822 0.00194041
1115 0.705712 0.507236 0.00189137
1116 0.705712 0.511513 0.0017124
1117 0.705712 0.507582 0.0019358
1118 0.705712 0.510898 0.00218749
1119 0.705712 0.516237 0.00206996
1120 0.705712 0.511099 0.00198226
1121 0.705712 0.51128 0.00203853
1122 0.705712 0.507205 0.00179434
1123 0.705712 0.508558 0.00190668
1124 0.705712 0.507758 0.00190204
1125 0.705712 0.511205 0.00177395
1126 0.705712 0.511675 0.00183693
1127 0.705712 0.506994 0.00193167
1128 0.705712 0.511898 0.00200185
1129 0.705712 0.50984 0.00203334
1130 0.705712 0.507684 0.0018356
1131 0.705712 0.508 0.00216724
1132 0.705712 0.509077 0.00199943
1133 0.705712 0.509919 0.00210369
1134 0.705712 0.508941 0.00207412
1135 0.705712 0.505131 0.00207071
1136 0.705712 0.507111 0.00216976
1137 0.705712 0.509519 0.00238705
1138 0.705712 0.511885 0.00185751
1139 0.705712 0.507065 0.00235098
1140 0.705712 0.510192 0.0020846
1141 0.705712 0.509185 0.00212865
1142 0.705712 0.50751 0.00215395
1143 0.705712 0.508483 0.0020714
1144 0.705712 0.510087 0.00198322
1145 0.705712 0.507987 0.00221886
1146 0.705712 0.50717 0.00205266
1147 0.705712 0.507557 0.00250774
1148 0.705712 0.512694 0.00192058
1149 0.705712 0.510896 0.00212766
1150 0.705712 0.508956 0.00214749
1151 0.705712 0.51202 0.00201652
1152 0.705712 0.509544 0.00181106
1153 0.705712 0.508818 0.00181614
1154 0.705712 0.511647 0.00197466
1155 0.705712 0.51274 0.00206083
1156 0.705712 0.510538 0.00182625
1157 0.705712 0.509681 0.00218516
1158 0.705712 0.507845 0.00224637
1159 0.705712 0.510493 0.0021997
1160 0.705712 0.510193 0.00218384
1161 0.705712 0.512396 0.00243589
1162 0.705712 0.511072 0.00210242
1163 0.705712 0.511687 0.00225439
1164 0.705712 0.51261 0.00190985
1165 0.705712 0.509291 0.00245527
1166 0.705712 0.508079 0.00211279
1167 0.705712 0.508934 0.00196098
1168 0.705712 0.509936 0.00211786
1169 0.705712 0.511017 0.00221245
1170 0.705712 0.505609 0.00202866
1171 0.705712 0.510213 0.00211039
1172 0.705712 0.507037 0.00209683
1173 0.705712 0.511958 0.00204379
1174 0.705712 0.508746 0.00244458
1175 0.705712 0.507741 0.00207313
1176 0.705712 0.504978 0.00227658
1177 0.705712 0.506497 0.00222877
1178 0.705712 0.508774 0.00200619
1179 0.705712 0.51168 0.00239404
1180 0.705712 0.509007 0.00206211
1181 0.705712 0.511087 0.0021193
1182 0.705712 0.512116 0.00234917
1183 0.705712 0.514539 0.00245817
1184 0.705712 0.51359 0.0026432
1185 0.705712 0.51133 0.00215865
1186 0.720948 0.514118 0.00235018
1187 0.720948 0.513954 0.00227438
1188 0.720948 0.51306 0.00268708
1189 0.720948 0.509572 0.00264522
1190 0.720948 0.512331 0.00225136
1191 0.720948 0.514145 0.00260331
1192 0.720948 0.508795 0.00220367
1193 0.720948 0.509295 0.00248892
1194 0.720948 0.515564 0.00215762
1195 0.720948 0.50632 0.00213714
1196 0.720948 0.510044 0.00199276
1197 0.720948 0.51458 0.0020381
1198 0.720948 0.512016 0.00229572
1199 0.720948 0.513292 0.00204194
1200 0.720948 0.513401 0.00241008
1201 0.720948 0.50844 0.00216529
1202 0.720948 0.509012 0.00211389
1203 0.720948 0.508742 0.0022786
1204 0.720948 0.514932 0.00226312
1205 0.720948 0.511147 0.00217312
1206 0.720948 0.511962 0.0025631
1207 0.720948 0.511072 0.00222172
1208 0.720948 0.511092 0.00216699
1209 0.720948 0.509337 0.00208048
1210 0.720948 0.514754 0.00203581
1211 0.720948 0.510361 0.00231527
1212 0.720948 0.506095 0.00207041
1213 0.720948 0.510351 0.00242773
1214 0.720948 0.501993 0.00220414
1215 0.720948 0.508463 0.00222755
1216 0.720948 0.513195 0.00215128
1217 0.720948 0.510712 0.00232736
1218 0.720948 0.508237 0.00215624
1219 0.720948 0.511232 0.00212039
1220 0.720948 0.507141 0.0022817
1221 0.720948 0.507741 0.00202652
1222 0.720948 0.510168 0.00230662
1223 0.720948 0.509658 0.00261219
1224 0.720948 0.509238 0.00217277
1225 0.720948 0.508038 0.00235864
1226 0.720948 0.507762 0.00204961
1227 0.720948 0.512276 0.00213869
1228 0.720948 0.512255 0.00223495
1229 0.720948 0.511097 0.00233776
1230 0.720948 0.510722 0.00207568
1231 0.720948 0.509607 0.00212936
1232 0.720948 0.511114 0.00216205
1233 0.720948 0.507948 0.00207691
1234 0.720948 0.508361 0.00208456
1235 0.720948 0.507341 0.00221605
1236 0.720948 0.507746 0.00216885
1237 0.720948 0.509443 0.00218352
1238 0.720948 0.509998 0.00219292
1239 0.720948 0.516726 0.00213307
1240 0.720948 0.512894 0.00207734
1241 0.720948 0.512064 0.00184853
1242 0.720948 0.511485 0.00214521
1243 0.720948 0.507731 0.00213122
1244 0.720948 0.509854 0.00204185
1245 0.720948 0.511127 0.00202213
1246 0.720948 0.510477 0.00207325
1247 0.720948 0.511376 0.00195498
1248 0.720948 0.512953 0.00203128
1249 0.720948 0.512064 0.00235458
1250 0.720948 0.507441 0.00215347
1251 0.720948 0.507397 0.00199875
1252 0.720948 0.506303 0.00217755
1253 0.720948 0.512256 0.00243003
1254 0.720948 0.512502 0.00205022
1255 0.720948 0.512193 0.00197961
1256 0.720948 0.510141 0.00240497
1257 0.720948 0.511005 0.002038
1258 0.720948 0.509859 0.00225863
1259 0.720948 0.510565 0.00221881
1260 0.720948 0.513507 0.00243021
1261 0.720948 0.512309 0.00207138
1262 0.720948 0.510053 0.00197061
1263 0.720948 0.512172 0.0021267
1264 0.720948 0.509096 0.00196379
1265 0.720948 0.51036 0.00264033
1266 0.720948 0.513519 0.00202427
1267 0.720948 0.508534 0.00230465
1268 0.720948 0.514938 0.00208173
1269 0.720948 0.512487 0.00269745
1270 0.720948 0.506903 0.00230451
1271 0.720948 0.506322 0.00225639
1272 0.720948 0.509225 0.00223306
1273 0.720948 0.511038 0.00215363
1274 0.720948 0.514133 0.00244611
1275 0.720948 0.510123 0.00240239
1276 0.720948 0.512797 0.00210656
1277 0.720948 0.507837 0.00216799
1278 0.720948 0.510303 0.00222658
1279 0.720948 0.512011 0.00220232
1280 0.720948 0.509698 0.00223907
1281 0.720948 0.509541 0.00220085
1282 0.720948 0.511764 0.00216498
1283 0.720948 0.510943 0.00215836
1284 0.720948 0.512438 0.00242203
1285 0.720948 0.509776 0.00233385
1286 0.720948 0.510091 0.00242149
1287 0.720948 0.5096 0.00218247
1288 0.720948 0.509917 0.00221826
1289 0.720948 0.509771 0.0022575
1290 0.720948 0.508549 0.00278752
1291 0.720948 0.508837 0.00223801
1292 0.720948 0.513253 0.00242343
1293 0.720948 0.511637 0.00238053
1294 0.720948 0.510359 0.00221698
1295 0.720948 0.51303 0.00206155
1296 0.720948 0.511907 0.00211309
1297 0.720948 0.509544 0.0021696
1298 0.720948 0.510289 0.00204497
1299 0.720948 0.51 0.00228344
1300 0.720948 0.512698 0.00203618
1301 0.720948 0.512345 0.00250372
1302 0.720948 0.503999 0.00237033
1303 0.720948 0.512477 0.00257906
1304 0.720948 0.508113 0.00215325
1305 0.720948 0.508463 0.00218971
1306 0.720948 0.511991 0.00210223
1307 0.720948 0.508731 0.00267046
1308 0.720948 0.509495 0.00202502
1309 0.720948 0.511274 0.00246837
1310 0.720948 0.507845 0.00237265
1311 0.720948 0.507256 0.00227102
1312 0.720948 0.504021 0.00239039
1313 0.720948 0.510835 0.00236054
1314 0.720948 0.512736 0.00237331
1315 0.720948 0.507036 0.00252238
1316 0.720948 0.511572 0.00270245
1317 0.720948 0.509764 0.00212376
1318 0.720948 0.505953 0.0020473
1319 0.720948 0.508352 0.00195753
1320 0.720948 0.513297 0.00213485
1321 0.720948 0.512494 0.00232183
1322 0.720948 0.513757 0.00218451
1323 0.720948 0.516741 0.00261625
1324 0.720948 0.512951 0.00208894
1325 0.720948 0.512352 0.00218508
1326 0.720948 0.504985 0.0023579
1327 0.720948 0.510428 0.00232936
1328 0.720948 0.513188 0.00224553
1329 0.720948 0.511504 0.00230079
1330 0.720948 0.513269 0.00218565
1331 0.720948 0.511265 0.00213485
1332 0.720948 0.512506 0.00211799
1333 0.720948 0.510402 0.00232841
1334 0.720948 0.511768 0.00242615
1335 0.720948 0.517189 0.00257071
1336 0.720948 0.512493 0.00224697
1337 0.720948 0.513236 0.00245576
1338 0.720948 0.513295 0.00251686
1339 0.720948 0.511959 0.00261171
1340 0.720948 0.504368 0.00233781
1341 0.720948 0.506791 0.00238138
1342 0.720948 0.508044 0.00234592
1343 0.720948 0.506419 0.00212044
1344 0.720948 0.51265 0.0024872
1345 0.720948 0.511916 0.00257978
1346 0.720948 0.509809 0.00212259
1347 0.720948 0.507526 0.00215321
1348 0.720948 0.511804 0.00214155
1349 0.720948 0.508746 0.00215804
1350 0.720948 0.509827 0.0020272
1351 0.720948 0.51111 0.00220381
1352 0.720948 0.508165 0.00210288
1353 0.720948 0.507622 0.00231122
1354 0.720948 0.509819 0.00234614
1355 0.720948 0.512672 0.00239563
1356 0.720948 0.510904 0.00218349
1357 0.720948 0.508193 0.00231427
1358 0.720948 0.510809 0.00215575
1359 0.720948 0.51227 0.00204666
1360 0.720948 0.512857 0.00239837
1361 0.720948 0.51183 0.00216481
1362 0.720948 0.514551 0.00199991
1363 0.720948 0.511096 0.00212362
1364 0.720948 0.511998 0.00262361
1365 0.720948 0.507601 0.00250051
1366 0.720948 0.507383 0.00246755
1367 0.720948 0.508491 0.00258895
1368 0.720948 0.510607 0.00226323
1369 0.720948 0.513605 0.00254086
1370 0.720948 0.505846 0.00249775
1371 0.720948 0.516087 0.00237253
1372 0.720948 0.507197 0.00216608
1373 0.720948 0.511952 0.00218767
1374 0.720948 0.513277 0.00274865
1375 0.720948 0.518479 0.00266238
1376 0.720948 0.513589 0.00241785
1377 0.720948 0.509077 0.00238683
1378 0.720948 0.50987 0.0022149
1379 0.720948 0.509103 0.00233444
1380 0.720948 0.510526 0.00234331
1381 0.720948 0.511525 0.00232443
1382 0.720948 0.5079 0.00253269
1383 0.720948 0.511805 0.00224309
1384 0.720948 0.51407 0.00210911
1385 0.720948 0.512446 0.00213902
1386 0.720948 0.509942 0.00227017
1387 0.720948 0.509327 0.00216243
1388 0.720948 0.510381 0.00236099
1389 0.720948 0.511013 0.00228154
1390 0.720948 0.50932 0.00260932
1391 0.720948 0.515092 0.0024307
1392 0.720948 0.510379 0.00262943
1393 0.720948 0.50944 0.0025184
1394 0.720948 0.509032 0.00266778
1395 0.720948 0.508677 0.00238753
1396 0.720948 0.515887 0.00254259
1397 0.720948 0.508362 0.00255546
1398 0.720948 0.513227 0.00258373
1399 0.720948 0.509807 0.00245853
1400 0.720948 0.511481 0.00232314
1401 0.720948 0.511715 0.00213986
1402 0.720948 0.515606 0.00234388
1403 0.720948 0.515978 0.00233162
1404 0.720948 0.509882 0.00215303
1405 0.720948 0.512508 0.00222379
1406 0.720948 0.513073 0.00210452
1407 0.720948 0.511933 0.00206789
1408 0.720948 0.51068 0.00206986
1409 0.720948 0.510506 0.00234506
1410 0.720948 0.509297 0.00243826
1411 0.720948 0.511565 0.00241931
1412 0.720948 0.508213 0.00227466
1413 0.720948 0.511757 0.00230014
1414 0.720948 0.513631 0.0024625
1415 0.720948 0.50944 0.00252939
1416 0.720948 0.511617 0.00217788
1417 0.720948 0.51012 0.00212364
1418 0.720948 0.51016 0.00227804
1419 0.720948 0.511466 0.00232633
1420 0.720948 0.510838 0.0022558
1421 0.720948 0.509596 0.00225837
1422 0.720948 0.512553 0.00255406
1423 0.720948 0.510533 0.00199408
1424 0.720948 0.511793 0.00215154
1425 0.720948 0.512224 0.00204508
1426 0.720948 0.511199 0.00219937
1427 0.720948 0.510291 0.00227681
1428 0.720948 0.507586 0.00226524
1429 0.720948 0.507202 0.00245464
1430 0.720948 0.508922 0.00233732
1431 0.720948 0.514659 0.0024254
1432 0.720948 0.509624 0.0026228
1433 0.720948 0.51204 0.00252988
1434 0.720948 0.508495 0.00232118
1435 0.720948 0.511102 0.00213279
1436 0.720948 0.5121 0.00201767
1437 0.720948 0.512661 0.00254443
1438 0.720948 0.50886 0.00212103
1439 0.720948 0.507828 0.00224381
1440 0.720948 0.511825 0.00259718
1441 0.720948 0.507373 0.00238645
1442 0.720948 0.511468 0.00225349
1443 0.720948 0.50773 0.00237853
1444 0.720948 0.507949 0.00228521
1445 0.720948 0.510898 0.00263031
1446 0.720948 0.508039 0.00227579
1447 0.720948 0.507218 0.00239248
1448 0.720948 0.506165 0.00247845
1449 0.720948 0.512643 0.00233283
1450 0.720948 0.510706 0.00239687
1451 0.720948 0.514532 0.00240289
1452 0.720948 0.513961 0.00261343
1453 0.720948 0.514837 0.00258808
1454 0.720948 0.517478 0.00261365
1455 0.720948 0.513916 0.00228696
1456 0.720948 0.511688 0.00235862
1457 0.720948 0.51616 0.00244582
1458 0.720948 0.508652 0.00225508
1459 0.720948 0.509671 0.00228102
1460 0.720948 0.509305 0.00206925
1461 0.720948 0.507585 0.00208101
1462 0.720948 0.510605 0.00229589
1463 0.720948 0.516752 0.0023924
1464 0.720948 0.510454 0.00219952
1465 0.720948 0.509817 0.00229798
1466 0.720948 0.510253 0.00235104
1467 0.720948 0.511056 0.00203674
1468 0.720948 0.508669 0.00217849
1469 0.720948 0.512147 0.00221594
1470 0.720948 0.511911 0.00234287
1471 0.720948 0.515323 0.00254132
1472 0.720948 0.51265 0.00211624
1473 0.720948 0.508682 0.0020894
1474 0.720948 0.506853 0.00223449
1475 0.720948 0.508941 0.0023082
1476 0.720948 0.511749 0.00251105
1477 0.720948 0.511645 0.00224313
1478 0.720948 0.507222 0.00212607
1479 0.720948 0.510393 0.00203018
1480 0.720948 0.51192 0.00229836
1481 0.720948 0.513023 0.00217543
1482 0.720948 0.506161 0.00258361
1483 0.720948 0.512886 0.0026205
1484 0.720948 0.512595 0.00233301
1485 0.720948 0.514331 0.00215635
1486 0.720948 0.513613 0.00223517
1487 0.720948 0.513336 0.00233909
1488 0.720948 0.512507 0.00261326
1489 0.720948 0.512954 0.00242143
1490 0.720948 0.510039 0.00212626
1491 0.720948 0.511461 0.00219435
1492 0.720948 0.512066 0.00234022
1493 0.720948 0.509299 0.00201464
1494 0.720948 0.511018 0.00225341
1495 0.720948 0.511297 0.00233186
1496 0.720948 0.511119 0.00242105
1497 0.720948 0.509509 0.00252188
1498 0.720948 0.511049 0.00221821
1499 0.720948 0.511038 0.00266138
1500 0.720948 0.508727 0.00242759
1501 0.720948 0.512544 0.00233621
1502 0.720948 0.51178 0.00237046
1503 0.720948 0.509967 0.00213964
1504 0.720948 0.505908 0.00242039
1505 0.720948 0.507362 0.0022985
1506 0.720948 0.514153 0.00237415
1507 0.720948 0.511104 0.00226774
1508 0.720948 0.510687 0.00226447
1509 0.720948 0.510974 0.00227168
1510 0.720948 0.513309 0.00231239
1511 0.720948 0.511203 0.0024202
1512 0.720948 0.512989 0.00224708
1513 0.720948 0.506719 0.00255843
1514 0.720948 0.512698 0.00299967
1515 0.720948 0.505468 0.00245513
1516 0.720948 0.515835 0.00251017
1517 0.720948 0.514889 0.00304975
1518 0.720948 0.512667 0.00262519
1519 0.720948 0.511993 0.00227046
1520 0.720948 0.508644 0.00221885
1521 0.720948 0.508856 0.00231677
1522 0.720948 0.507696 0.00242343
1523 0.720948 0.510183 0.0024238
1524 0.720948 0.509847 0.00241609
1525 0.720948 0.510903 0.00273964
1526 0.720948 0.514666 0.00271831
1527 0.720948 0.510076 0.00234816
1528 0.720948 0.510884 0.00223772
1529 0.720948 0.511348 0.00215102
1530 0.720948 0.512876 0.0024958
1531 0.720948 0.506504 0.00241269
1532 0.720948 0.508989 0.00219587
1533 0.720948 0.5077 0.00240299
1534 0.720948 0.507665 0.00230972
1535 0.720948 0.512685 0.00219675
1536 0.720948 0.511192 0.00232384
1537 0.720948 0.512655 0.00229918
1538 0.720948 0.50951 0.00256622
1539 0.720948 0.509018 0.00228865
1540 0.720948 0.511551 0.00235271
1541 0.720948 0.507989 0.0024554
1542 0.720948 0.512385 0.00249002
1543 0.720948 0.508426 0.00247279
1544 0.720948 0.510691 0.00241184
1545 0.720948 0.509121 0.00218442
1546 0.720948 0.510303 0.00240195
1547 0.720948 0.513754 0.00260926
1548 0.720948 0.513042 0.00291384
1549 0.720948 0.510248 0.00261754
1550 0.720948 0.515604 0.00228335
1551 0.720948 0.511883 0.00223864
1552 0.720948 0.513002 0.00221897
1553 0.720948 0.513869 0.00212106
1554 0.720948 0.511769 0.00233934
1555 0.720948 0.511284 0.00217997
1556 0.720948 0.511002 0.00220444
1557 0.720948 0.509787 0.00215416
1558 0.720948 0.508893 0.00244743
1559 0.720948 0.514342 0.00281543
1560 0.720948 0.511271 0.00242453
1561 0.720948 0.511056 0.00262095
1562 0.720948 0.514767 0.00228802
1563 0.720948 0.514887 0.0025905
1564 0.720948 0.510876 0.00258267
1565 0.720948 0.514807 0.00228884
1566 0.720948 0.511227 0.0025295
1567 0.720948 0.511173 0.00225502
1568 0.720948 0.508946 0.00235086
1569 0.720948 0.511175 0.00250134
1570 0.720948 0.515012 0.00298
1571 0.720948 0.514992 0.00230167
1572 0.720948 0.512239 0.00231704
1573 0.720948 0.512823 0.00237519
1574 0.720948 0.511881 0.00245241
1575 0.720948 0.51487 0.00227644
1576 0.720948 0.515349 0.0025231
1577 0.720948 0.511021 0.00240332
1578 0.720948 0.510703 0.00221607
1579 0.720948 0.509587 0.00255208
1580 0.720948 0.512883 0.00251624
1581 0.720948 0.508762 0.00280653
1582 0.720948 0.509755 0.00227459
1583 0.720948 0.511245 0.00274124
1584 0.720948 0.513554 0.00237951
1585 0.720948 0.51715 0.00301279
1586 0.720948 0.508945 0.00254184
1587 0.720948 0.516161 0.00249033
1588 0.720948 0.514766 0.00257032
1589 0.720948 0.51312 0.00247104
1590 0.720948 0.50979 0.00242356
1591 0.720948 0.511073 0.00260673
1592 0.720948 0.511695 0.00268881
1593 0.720948 0.506944 0.0023399
1594 0.720948 0.509775 0.00239049
1595 0.720948 0.511403 0.00236167
1596 0.720948 0.514047 0.00244517
1597 0.720948 0.509651 0.00232489
1598 0.720948 0.509432 0.00244527
1599 0.720948 0.510674 0.00225508
1600 0.720948 0.511638 0.00207163
1601 0.720948 0.514085 0.00234006
1602 0.720948 0.512107 0.00239012
1603 0.720948 0.511566 0.00236072
1604 0.720948 0.509863 0.00245932
1605 0.720948 0.508719 0.00243414
1606 0.720948 0.509115 0.00219818
1607 0.720948 0.510042 0.00243307
1608 0.720948 0.513732 0.00274002
1609 0.720948 0.510598 0.00256258
1610 0.720948 0.510529 0.00216745
1611 0.720948 0.506332 0.00230548
1612 0.720948 0.510389 0.00231673
1613 0.720948 0.510023 0.00254831
1614 0.720948 0.516449 0.00280874
1615 0.720948 0.51011 0.00247849
1616 0.720948 0.503827 0.00257733
1617 0.720948 0.5107 0.0022938
1618 0.720948 0.508979 0.00245971
1619 0.720948 0.513474 0.00268798
1620 0.720948 0.511594 0.00247983
1621 0.720948 0.50783 0.00225249
1622 0.720948 0.506646 0.00247461
1623 0.720948 0.508609 0.00252512
1624 0.720948 0.506926 0.0023108
1625 0.720948 0.515171 0.00273244
1626 0.720948 0.509733 0.00251132
1627 0.720948 0.507506 0.00252687
1628 0.720948 0.512354 0.00259472
1629 0.720948 0.510488 0.00259477
1630 0.720948 0.510117 0.00229574
1631 0.720948 0.512029 0.00236426
1632 0.720948 0.511995 0.0023113
1633 0.720948 0.510581 0.00249159
1634 0.720948 0.506777 0.0027014
1635 0.720948 0.506502 0.00260436
1636 0.720948 0.517729 0.00279708
1637 0.720948 0.503454 0.00249905
1638 0.720948 0.512271 0.00255131
1639 0.720948 0.511861 0.00248823
1640 0.720948 0.513177 0.00222968
1641 0.720948 0.509159 0.00269057
1642 0.720948 0.516178 0.00260115
1643 0.720948 0.511981 0.00242572
1644 0.720948 0.510776 0.00249378
1645 0.720948 0.509452 0.00244048
1646 0.720948 0.512076 0.00247867
1647 0.720948 0.509511 0.00249254
1648 0.720948 0.511583 0.00237555
1649 0.720948 0.512896 0.00313662
1650 0.720948 0.511961 0.00253826
1651 0.720948 0.510478 0.00250037
1652 0.720948 0.511621 0.00210692
1653 0.720948 0.512136 0.00250727
1654 0.720948 0.509533 0.00257258
1655 0.720948 0.51115 0.00266895
1656 0.720948 0.514571 0.00235305
1657 0.720948 0.517411 0.00257744
1658 0.720948 0.512563 0.00285975
1659 0.720948 0.509395 0.00234071
1660 0.720948 0.510326 0.00252568
1661 0.720948 0.513148 0.00258487
1662 0.720948 0.512483 0.00248236
1663 0.720948 0.513489 0.00277866
1664 0.720948 0.5086 0.00258218
1665 0.720948 0.514033 0.00242299
1666 0.720948 0.510249 0.00249778
1667 0.720948 0.511675 0.00254802
1668 0.720948 0.513316 0.00255053
1669 0.720948 0.511582 0.00235406
1670 0.720948 0.507951 0.00235374
1671 0.720948 0.510279 0.0021762
1672 0.720948 0.508845 0.00269089
1673 0.720948 0.511458 0.0023564
1674 0.720948 0.51379 0.00239114
1675 0.720948 0.509579 0.0023745
1676 0.720948 0.507713 0.00227561
1677 0.720948 0.510347 0.00234944
1678 0.720948 0.511964 0.00229268
1679 0.720948 0.513604 0.00247936
1680 0.720948 0.510815 0.00221944
1681 0.720948 0.514254 0.00232563
1682 0.720948 0.510884 0.00257155
1683 0.720948 0.508306 0.00246603
1684 0.720948 0.511766 0.00263196
1685 0.720948 0.508592 0.00247451
1686 0.720948 0.513268 0.00244291
1687 0.720948 0.512493 0.00256351
1688 0.720948 0.508604 0.00258234
1689 0.720948 0.508148 0.00277039
1690 0.720948 0.508876 0.00234145
1691 0.720948 0.512508 0.00217659
1692 0.720948 0.508686 0.00237444
1693 0.720948 0.511727 0.00243753
1694 0.720948 0.511557 0.0027252
1695 0.720948 0.513198 0.00221705
1696 0.720948 0.509272 0.00242272
1697 0.720948 0.508852 0.0023136
1698 0.720948 0.513088 0.00246002
1699 0.720948 0.514844 0.00234454
1700 0.720948 0.510749 0.00233963
1701 0.720948 0.510208 0.00260223
1702 0.720948 0.511124 0.00239001
1703 0.720948 0.510816 0.00213128
1704 0.720948 0.514021 0.00225099
1705 0.720948 0.513664 0.00215019
1706 0.720948 0.509056 0.00259093
1707 0.720948 0.51009 0.00271078
1708 0.720948 0.506322 0.00262435
1709 0.720948 0.51195 0.00253252
1710 0.720948 0.512686 0.00257306
1711 0.720948 0.511269 0.0025406
1712 0.720948 0.514186 0.00265682
1713 0.720948 0.512912 0.00283578
1714 0.720948 0.510012 0.00217771
1715 0.720948 0.508646 0.00252681
1716 0.720948 0.511263 0.00235628
1717 0.720948 0.509554 0.00231332
1718 0.720948 0.510996 0.00231382
1719 0.720948 0.508345 0.00255005
1720 0.720948 0.512775 0.00240378
1721 0.720948 0.511124 0.00229181
1722 0.720948 0.511906 0.00246735
1723 0.720948 0.510954 0.00277616
1724 0.720948 0.509168 0.00236216
1725 0.720948 0.512179 0.00244684
1726 0.720948 0.510326 0.00251244
1727 0.720948 0.50983 0.00246756
1728 0.720948 0.512468 0.00244687
1729 0.720948 0.509489 0.00230483
1730 0.720948 0.514922 0.00231801
1731 0.720948 0.511841 0.00245126
1732 0.720948 0.510679 0.00278671
1733 0.720948 0.511592 0.00256858
1734 0.720948 0.514625 0.00247227
1735 0.720948 0.50986 0.00233965
1736 0.720948 0.510994 0.00241842
1737 0.720948 0.509211 0.00234638
1738 0.720948 0.505105 0.00256566
1739 0.720948 0.51037 0.00225662
1740 0.720948 0.51375 0.002483
1741 0.720948 0.510326 0.00218918
1742 0.720948 0.514559 0.00235423
1743 0.720948 0.517671 0.00235676
1744 0.720948 0.513644 0.00263501
1745 0.720948 0.50808 0.00267681
1746 0.720948 0.509875 0.00222861
1747 0.720948 0.512807 0.00225681
1748 0.720948 0.512999 0.00237468
1749 0.720948 0.511062 0.00233417
1750 0.720948 0.508949 0.002711
1751 0.720948 0.506736 0.00240607
1752 0.720948 0.511958 0.00237055
1753 0.720948 0.511851 0.00237214
1754 0.720948 0.51217 0.00263371
1755 0.720948 0.511891 0.00262314
1756 0.720948 0.507118 0.00223507
1757 0.720948 0.507986 0.00257461
1758 0.720948 0.510028 0.00250281
1759 0.720948 0.502779 0.00265689
1760 0.720948 0.509894 0.00242541
1761 0.720948 0.507467 0.00249929
1762 0.720948 0.513907 0.00242714
1763 0.720948 0.515632 0.00307343
1764 0.720948 0.508139 0.00251281
1765 0.720948 0.509472 0.00229008
1766 0.720948 0.50767 0.00222118
1767 0.720948 0.509294 0.00236514
1768 0.720948 0.508527 0.00226556
1769 0.720948 0.506493 0.00239699
1770 0.720948 0.50766 0.0022094
1771 0.720948 0.510093 0.00238698
1772 0.720948 0.510588 0.00261217
1773 0.720948 0.513035 0.00238061
1774 0.720948 0.515239 0.00246613
1775 0.720948 0.510383 0.00232519
1776 0.720948 0.510458 0.00226931
1777 0.720948 0.513211 0.00261729
1778 0.720948 0.512259 0.00246937
1779 0.720948 0.51369 0.00223704
1780 0.720948 0.507101 0.00235616
1781 0.720948 0.512017 0.00234388
1782 0.720948 0.509415 0.00300696
1783 0.720948 0.508745 0.00263608
1784 0.720948 0.508905 0.00238514
1785 0.720948 0.512045 0.00252597
1786 0.720948 0.50998 0.00240944
1787 0.720948 0.506703 0.0023384
1788 0.720948 0.507444 0.00265552
1789 0.720948 0.512539 0.00243695
1790 0.720948 0.509711 0.0025856
1791 0.720948 0.509399 0.00287146
1792 0.720948 0.508411 0.00229305
1793 0.720948 0.507888 0.00271985
1794 0.720948 0.507761 0.00227472
1795 0.720948 0.511522 0.00230212
1796 0.720948 0.511157 0.00227265
1797 0.720948 0.511917 0.00227761
1798 0.720948 0.513298 0.00223576
1799 0.720948 0.513565 0.00255024
1800 0.720948 0.515174 0.00265652
1801 0.720948 0.515839 0.0023533
1802 0.720948 0.513161 0.00262053
1803 0.720948 0.510301 0.00260684
1804 0.720948 0.513206 0.00266214
1805 0.720948 0.511128 0.0024973
1806 0.720948 0.514252 0.00281963
1807 0.720948 0.509877 0.00240833
1808 0.720948 0.506622 0.00258947
1809 0.720948 0.509672 0.0024287
1810 0.720948 0.50803 0.00231212
1811 0.720948 0.508138 0.00246982
1812 0.720948 0.510172 0.00263298
1813 0.720948 0.510911 0.00257702
1814 0.720948 0.51185 0.00231002
1815 0.720948 0.516992 0.00280568
1816 0.720948 0.510387 0.00241127
1817 0.720948 0.506464 0.00245302
1818 0.720948 0.51101 0.00241213
1819 0.720948 0.511749 0.00241407
1820 0.720948 0.510356 0.00237578
1821 0.720948 0.51062 0.00241868
1822 0.720948 0.511538 0.00251465
1823 0.720948 0.51293 0.00226413
1824 0.720948 0.510327 0.00242797
1825 0.720948 0.509432 0.00237109
1826 0.720948 0.508326 0.00249881
1827 0.720948 0.508933 0.00270264
1828 0.720948 0.511458 0.00309009
1829 0.720948 0.50966 0.00286902
1830 0.720948 0.514921 0.00236952
1831 0.720948 0.513777 0.00237096
1832 0.720948 0.509783 0.00237567
1833 0.720948 0.512269 0.00243809
1834 0.720948 0.51319 0.0023828
1835 0.720948 0.511511 0.00253879
1836 0.720948 0.508777 0.00248001
1837 0.720948 0.508516 0.00245072
1838 0.720948 0.508857 0.00235561
1839 0.720948 0.510597 0.00219568
1840 0.720948 0.513521 0.00258315
1841 0.720948 0.511296 0.00233998
1842 0.720948 0.508903 0.00232627
1843 0.720948 0.510275 0.00240373
1844 0.720948 0.508841 0.00222145
1845 0.720948 0.511251 0.00232175
1846 0.720948 0.511834 0.00247256
1847 0.720948 0.50845 0.00235099
1848 0.720948 0.511081 0.00244248
1849 0.720948 0.505536 0.00273639
1850 0.720948 0.509842 0.00244132
1851 0.720948 0.512267 0.00249744
1852 0.720948 0.511974 0.00217312
1853 0.720948 0.511646 0.0024383
1854 0.720948 0.51105 0.00232669
1855 0.720948 0.506657 0.00244757
1856 0.720948 0.507865 0.00230782
1857 0.720948 0.50975 0.0023037
1858 0.720948 0.51045 0.00227981
1859 0.720948 0.512092 0.00231789
1860 0.720948 0.508947 0.00231811
1861 0.720948 0.508143 0.00250692
1862 0.720948 0.511876 0.00256055
1863 0.720948 0.512241 0.00224952
1864 0.720948 0.514807 0.0025892
1865 0.720948 0.510293 0.00233823
1866 0.720948 0.509766 0.00245857
1867 0.720948 0.514552 0.00273174
1868 0.720948 0.506982 0.00238686
1869 0.720948 0.508571 0.00242103
1870 0.720948 0.512892 0.002756
1871 0.720948 0.506218 0.00239917
1872 0.720948 0.507412 0.00266843
1873 0.720948 0.509231 0.00247628
1874 0.720948 0.511232 0.00265354
1875 0.720948 0.507698 0.003329
1876 0.720948 0.510329 0.00245521
1877 0.720948 0.507357 0.00258876
1878 0.720948 0.510581 0.00264159
1879 0.720948 0.510435 0.00257007
1880 0.720948 0.514399 0.00235326
1881 0.720948 0.509781 0.00252445
1882 0.720948 0.509737 0.00270434
1883 0.720948 0.509095 0.00252017
1884 0.720948 0.50745 0.00232825
1885 0.720948 0.509694 0.00245499
1886 0.720948 0.513283 0.00273247
1887 0.720948 0.515695 0.00244962
1888 0.720948 0.509785 0.00272615
1889 0.720948 0.510377 0.00248303
1890 0.720948 0.508278 0.00238006
1891 0.720948 0.509427 0.00295802
1892 0.720948 0.511006 0.00263558
1893 0.720948 0.510849 0.00263759
1894 0.720948 0.516148 0.00266761
1895 0.720948 0.516462 0.00242257
1896 0.720948 0.516023 0.00270985
1897 0.720948 0.511431 0.00253154
1898 0.720948 0.511455 0.00258618
1899 0.720948 0.510859 0.00253319
1900 0.720948 0.509311 0.00255251
1901 0.720948 0.510708 0.00222555
1902 0.720948 0.509987 0.00242393
1903 0.720948 0.517832 0.00270513
1904 0.720948 0.513941 0.00251482
1905 0.720948 0.514006 0.00253761
1906 0.720948 0.512311 0.00254952
1907 0.720948 0.508641 0.0024579
1908 0.720948 0.514572 0.00243402
1909 0.720948 0.515061 0.00239398
1910 0.720948 0.512592 0.00256369
1911 0.720948 0.51254 0.00270923
1912 0.720948 0.512295 0.00257996
1913 0.720948 0.513874 0.00267748
1914 0.720948 0.512371 0.00274958
1915 0.720948 0.509602 0.00254254
1916 0.720948 0.512613 0.00238805
1917 0.720948 0.512522 0.00236374
1918 0.720948 0.511628 0.00246415
1919 0.720948 0.510666 0.00252027
1920 0.720948 0.511894 0.00255115
1921 0.720948 0.515231 0.00268471
1922 0.720948 0.519187 0.00245174
1923 0.720948 0.513044 0.00237602
1924 0.720948 0.510863 0.00230138
1925 0.720948 0.516476 0.00248764
1926 0.720948 0.507414 0.0024483
1927 0.720948 0.511222 0.00274432
1928 0.720948 0.51384 0.00237924
1929 0.720948 0.511638 0.00260382
1930 0.720948 0.512476 0.00253089
1931 0.720948 0.515919 0.00328685
1932 0.720948 0.519723 0.00246416
1933 0.720948 0.514951 0.00251022
1934 0.720948 0.512763 0.00287436
1935 0.720948 0.512703 0.00270656
1936 0.720948 0.513026 0.00286711
1937 0.720948 0.514692 0.00260315
1938 0.720948 0.509694 0.00256416
1939 0.720948 0.508375 0.00231674
1940 0.720948 0.511699 0.00227235
1941 0.720948 0.507442 0.00241482
1942 0.720948 0.512905 0.00256819
1943 0.720948 0.51973 0.00270734
1944 0.720948 0.511689 0.00280865
1945 0.720948 0.512346 0.00249609
1946 0.720948 0.510911 0.00230979
1947 0.720948 0.511499 0.00241358
1948 0.720948 0.506527 0.0025318
1949 0.720948 0.512849 0.00255504
1950 0.720948 0.51496 0.00235547
1951 0.720948 0.512785 0.00230897
1952 0.720948 0.513147 0.00227654
1953 0.720948 0.51411 0.00263415
1954 0.720948 0.518919 0.00300314
1955 0.720948 0.510659 0.00214452
1956 0.720948 0.511925 0.00253627
1957 0.720948 0.508841 0.00255898
1958 0.720948 0.511518 0.00247111
1959 0.720948 0.510907 0.00219103
1960 0.720948 0.506697 0.0026571
1961 0.720948 0.512516 0.00247448
1962 0.720948 0.505453 0.00264104
1963 0.720948 0.509998 0.00254565
1964 0.720948 0.509379 0.00231936
1965 0.720948 0.509945 0.00268075
1966 0.721902 0.515267 0.0033272
1967 0.721902 0.513918 0.00239618
1968 0.721902 0.507512 0.00258566
1969 0.721902 0.511431 0.00234949
1970 0.721902 0.513905 0.00231778
1971 0.721902 0.513313 0.00238317
1972 0.721902 0.51396 0.00222231
1973 0.721902 0.513555 0.00241002
1974 0.721902 0.515704 0.00242228
1975 0.721902 0.512593 0.00218558
1976 0.721902 0.505581 0.00226636
1977 0.721902 0.513386 0.00219992
1978 0.721902 0.513176 0.0023495
1979 0.721902 0.509824 0.00242197
1980 0.721902 0.505459 0.00266248
1981 0.721902 0.510999 0.00267377
1982 0.721902 0.516322 0.00279169
1983 0.721902 0.507961 0.00295896
1984 0.721902 0.510561 0.00242289
1985 0.721902 0.507469 0.00245073
1986 0.721902 0.508821 0.00249982
1987 0.721902 0.513267 0.00236947
1988 0.721902 0.50822 0.00225154
1989 0.721902 0.508989 0.00251551
1990 0.721902 0.513932 0.00270958
1991 0.721902 0.512717 0.00248365
1992 0.721902 0.509766 0.00249563
1993 0.721902 0.510532 0.00235017
1994 0.721902 0.515727 0.00282821
1995 0.721902 0.516041 0.00252829
1996 0.721902 0.512532 0.00243895
1997 0.721902 0.511752 0.00254619
1998 0.721902 0.510949 0.00231818
1999 0.721902 0.510938 0.00229226
2000 0.721902 0.512471 0.00292199
