0 0.573781 0.497289 0.000125221
1 0.573781 0.498158 0.000178236
2 0.573781 0.499855 0.00020849
3 0.573781 0.500039 0.000201304
4 0.573781 0.500605 0.00028104
5 0.573781 0.496877 0.000340833
6 0.573781 0.501377 0.000332013
7 0.573781 0.502498 0.00033441
8 0.573781 0.500478 0.000298909
9 0.596924 0.503296 0.000460822
10 0.596924 0.503099 0.000375387
11 0.596924 0.502371 0.0004941
12 0.596924 0.503564 0.000510811
13 0.596924 0.500286 0.000663869
14 0.596924 0.499921 0.000608923
15 0.596924 0.500543 0.000721992
16 0.596924 0.500203 0.000531438
17 0.596924 0.500627 0.000617237
18 0.596924 0.502964 0.000635783
19 0.596924 0.502493 0.000663779
20 0.596924 0.503201 0.000596169
21 0.596924 0.500719 0.000675878
22 0.596924 0.501334 0.000779337
23 0.610448 0.501312 0.000729359
24 0.610448 0.501291 0.000620992
25 0.610448 0.503594 0.000618428
26 0.610448 0.506511 0.00071962
27 0.610448 0.504469 0.000715265
28 0.610448 0.501709 0.000725404
29 0.610448 0.503249 0.000707362
30 0.610448 0.503546 0.000888266
31 0.610448 0.503316 0.000847833
32 0.610448 0.506737 0.000819871
33 0.610448 0.500994 0.000739445
34 0.610448 0.503273 0.000888156
35 0.610448 0.500481 0.00114092
36 0.610448 0.502728 0.000859364
37 0.610448 0.503961 0.000836068
38 0.610448 0.506617 0.000958897
39 0.610448 0.502404 0.000900678
40 0.610448 0.502023 0.000855946
41 0.610448 0.503952 0.000858515
42 0.614899 0.502898 0.00114934
43 0.620789 0.501954 0.00120382
44 0.623382 0.506429 0.00122104
45 0.623382 0.508008 0.00119146
46 0.623382 0.508988 0.00116727
47 0.623382 0.511358 0.00111769
48 0.623382 0.506916 0.00130919
49 0.623382 0.510051 0.00143436
50 0.624516 0.504402 0.00134799
51 0.624516 0.508665 0.00160958
52 0.624516 0.50457 0.00117268
53 0.624516 0.51138 0.00123736
54 0.624516 0.508034 0.00106663
55 0.624516 0.503232 0.00124819
56 0.624516 0.503704 0.00111612
57 0.624516 0.508564 0.00124761
58 0.624516 0.506364 0.00115037
59 0.624516 0.507737 0.00142729
60 0.624516 0.50521 0.00107202
61 0.624516 0.509624 0.00134632
62 0.624516 0.512759 0.0011838
63 0.624516 0.51401 0.00133933
64 0.624516 0.513977 0.00156067
65 0.624516 0.513372 0.00125895
66 0.624516 0.517805 0.00131212
67 0.624516 0.513259 0.00149986
68 0.632232 0.516255 0.00150179
69 0.632232 0.518017 0.00132767
70 0.632232 0.514994 0.00145667
71 0.632232 0.516686 0.00141633
72 0.632232 0.516539 0.00143373
73 0.635537 0.515422 0.00153877
74 0.635537 0.520575 0.00161615
75 0.635537 0.519107 0.00157817
76 0.635537 0.51589 0.00152622
77 0.635537 0.513541 0.00156403
78 0.635537 0.516777 0.00150395
79 0.635537 0.517756 0.00163494
80 0.640982 0.518798 0.00153992
81 0.640982 0.514176 0.00134239
82 0.640982 0.516691 0.00139261
83 0.640982 0.513797 0.00142968
84 0.640982 0.512741 0.00141974
85 0.640982 0.518786 0.00157795
86 0.640982 0.51612 0.00161302
87 0.640982 0.520888 0.00153927
88 0.640982 0.519503 0.00147417
89 0.640982 0.518408 0.00140842
90 0.640982 0.517026 0.00154539
91 0.640982 0.516082 0.00143293
92 0.640982 0.516471 0.00140686
93 0.640982 0.514814 0.00155132
94 0.640982 0.519222 0.00150529
95 0.640982 0.516762 0.00174606
96 0.640982 0.518549 0.00173452
97 0.640982 0.520491 0.00172001
98 0.640982 0.515609 0.00147749
99 0.640982 0.517715 0.00140195
100 0.640982 0.513843 0.00161859
101 0.640982 0.510943 0.00139895
102 0.640982 0.514747 0.00151866
103 0.640982 0.518024 0.00121075
104 0.640982 0.518916 0.0014997
105 0.640982 0.514676 0.00140453
106 0.640982 0.513233 0.00155168
107 0.640982 0.516201 0.00142212
108 0.640982 0.515703 0.00159229
109 0.640982 0.517327 0.00150033
110 0.640982 0.51612 0.00138733
111 0.640982 0.517528 0.00191696
112 0.640982 0.519127 0.00130547
113 0.640982 0.512463 0.00141926
114 0.640982 0.516557 0.00158377
115 0.640982 0.51288 0.00129035
116 0.640982 0.51623 0.00139398
117 0.640982 0.519865 0.00141098
118 0.640982 0.513868 0.00145507
119 0.640982 0.510928 0.00158328
120 0.640982 0.512497 0.00160805
121 0.640982 0.514917 0.00162794
122 0.640982 0.512033 0.0018352
123 0.640982 0.510768 0.00165123
124 0.640982 0.517222 0.00167221
125 0.640982 0.51935 0.00174998
126 0.640982 0.516351 0.00169152
127 0.640982 0.509945 0.00151321
128 0.640982 0.515149 0.00161394
129 0.640982 0.514476 0.00166214
130 0.640982 0.513487 0.00155322
131 0.640982 0.515088 0.00142625
132 0.640982 0.51412 0.00157802
133 0.640982 0.512442 0.00141007
134 0.640982 0.512926 0.00146406
135 0.640982 0.512517 0.00151819
136 0.640982 0.513133 0.00144632
137 0.640982 0.516147 0.00149758
138 0.640982 0.512699 0.0015029
139 0.640982 0.520104 0.00168238
140 0.640982 0.518845 0.00176274
141 0.640982 0.515515 0.00149971
142 0.640982 0.516984 0.00158758
143 0.640982 0.519468 0.00185383
144 0.640982 0.516754 0.00143325
145 0.640982 0.516834 0.00175399
146 0.640982 0.519182 0.00167209
147 0.640982 0.514927 0.00186027
148 0.640982 0.519784 0.00168238
149 0.640982 0.52102 0.00170282
150 0.640982 0.517885 0.00181067
151 0.640982 0.520497 0.00166869
152 0.640982 0.520707 0.00155521
153 0.640982 0.52055 0.00152873
154 0.640982 0.521045 0.00154492
155 0.640982 0.517104 0.00171701
156 0.640982 0.520483 0.00176768
157 0.640982 0.515289 0.00174247
158 0.640982 0.517644 0.00165296
159 0.640982 0.522761 0.00156159
160 0.640982 0.520969 0.00176353
161 0.640982 0.518648 0.00183165
162 0.640982 0.518857 0.00153159
163 0.640982 0.520156 0.00163612
164 0.640982 0.517055 0.00186828
165 0.640982 0.517401 0.00183375
166 0.640982 0.51495 0.00170397
167 0.640982 0.520486 0.00164294
168 0.640982 0.518372 0.00149838
169 0.640982 0.523976 0.00144758
170 0.640982 0.513061 0.00168092
171 0.640982 0.522473 0.00173085
172 0.640982 0.513141 0.0014499
173 0.640982 0.51912 0.00153195
174 0.640982 0.520384 0.00170223
175 0.640982 0.515969 0.00172423
176 0.640982 0.519846 0.00149761
177 0.640982 0.518841 0.00155355
178 0.640982 0.51773 0.00139455
179 0.640982 0.518547 0.0016668
180 0.640982 0.521914 0.00175618
181 0.640982 0.520747 0.00174332
182 0.640982 0.517343 0.00146781
183 0.640982 0.520881 0.00156956
184 0.640982 0.512853 0.00144473
185 0.640982 0.512984 0.00173757
186 0.640982 0.517566 0.00160911
187 0.640982 0.51533 0.00149969
188 0.640982 0.516057 0.00161493
189 0.640982 0.516702 0.00134522
190 0.640982 0.514802 0.00145721
191 0.640982 0.517357 0.00137058
192 0.640982 0.524949 0.00156112
193 0.640982 0.523372 0.0015321
194 0.640982 0.517558 0.00185565
195 0.640982 0.519399 0.0015861
196 0.640982 0.520185 0.00156394
197 0.640982 0.516572 0.00145246
198 0.640982 0.517432 0.00151278
199 0.640982 0.521165 0.00167098
200 0.640982 0.523556 0.00153814
201 0.640982 0.52037 0.00151542
202 0.640982 0.522924 0.00158384
203 0.640982 0.531259 0.00145709
204 0.640982 0.525603 0.00158224
205 0.640982 0.525462 0.00168454
206 0.640982 0.522778 0.00125272
207 0.640982 0.51984 0.00167279
208 0.640982 0.520102 0.00159241
209 0.640982 0.517342 0.00158694
210 0.640982 0.515747 0.00161542
211 0.640982 0.523956 0.00165991
212 0.640982 0.517416 0.00156593
213 0.640982 0.519259 0.00142204
214 0.640982 0.522879 0.00159072
215 0.640982 0.526415 0.00187914
216 0.640982 0.51443 0.00149588
217 0.640982 0.515379 0.00168421
218 0.640982 0.523504 0.00140406
219 0.640982 0.519835 0.00164596
220 0.640982 0.519122 0.00157879
221 0.640982 0.517103 0.00179619
222 0.640982 0.517582 0.00133749
223 0.640982 0.520256 0.00141694
224 0.640982 0.521878 0.00157442
225 0.640982 0.517361 0.00171981
226 0.640982 0.522153 0.00152267
227 0.640982 0.516443 0.00131702
228 0.640982 0.52034 0.00129437
229 0.640982 0.514537 0.00137953
230 0.640982 0.51791 0.00146405
231 0.640982 0.520402 0.00149195
232 0.640982 0.520918 0.00152008
233 0.640982 0.514441 0.00148046
234 0.640982 0.515744 0.00170438
235 0.640982 0.516711 0.00169534
236 0.640982 0.515644 0.00167513
237 0.640982 0.520632 0.0015074
238 0.640982 0.517801 0.00159643
239 0.640982 0.517602 0.00156561
240 0.640982 0.515854 0.00176496
241 0.640982 0.522508 0.0019911
242 0.640982 0.518327 0.00139083
243 0.640982 0.519889 0.00182281
244 0.640982 0.517038 0.00171682
245 0.640982 0.523036 0.00168194
246 0.640982 0.516808 0.00158247
247 0.640982 0.520939 0.00156875
248 0.640982 0.521453 0.00144215
249 0.641262 0.524082 0.00180958
250 0.641262 0.512343 0.00133092
251 0.641262 0.516256 0.00188444
252 0.641262 0.515729 0.00165234
253 0.641262 0.516027 0.00141309
254 0.641262 0.516573 0.00168832
255 0.641262 0.511163 0.00139157
256 0.641262 0.514304 0.00165306
257 0.641262 0.511537 0.00170182
258 0.641262 0.510476 0.00136189
259 0.641262 0.514786 0.00131359
260 0.641262 0.516305 0.00140015
261 0.641262 0.512584 0.00155664
262 0.641262 0.512143 0.00160378
263 0.641262 0.520516 0.00148527
264 0.641262 0.517243 0.00141085
265 0.641262 0.510697 0.00179097
266 0.641262 0.516808 0.00165173
267 0.641262 0.519986 0.00153421
268 0.641262 0.516836 0.00140366
269 0.641262 0.515604 0.00182941
270 0.641262 0.515231 0.00144819
271 0.641262 0.518955 0.00153338
272 0.641262 0.517894 0.00148165
273 0.641262 0.514318 0.00183402
274 0.641262 0.520928 0.00151951
275 0.641262 0.518644 0.00142484
276 0.641262 0.518462 0.00128445
277 0.641262 0.520566 0.00162125
278 0.641262 0.518312 0.00146768
279 0.641262 0.520931 0.00182574
280 0.641262 0.520933 0.00162565
281 0.641262 0.516854 0.00171162
282 0.641262 0.516307 0.00177116
283 0.643487 0.52097 0.00154009
284 0.643487 0.518398 0.00161446
285 0.643487 0.5175 0.00162287
286 0.643487 0.516324 0.00186573
287 0.643487 0.515942 0.00166759
288 0.643487 0.515754 0.00155527
289 0.643487 0.515581 0.00166421
290 0.643487 0.514992 0.00183721
291 0.643487 0.514333 0.00178291
292 0.643487 0.521049 0.00161257
293 0.643487 0.518448 0.00159951
294 0.643487 0.519886 0.00151539
295 0.643487 0.514696 0.00151139
296 0.643487 0.513937 0.00154185
297 0.643487 0.518257 0.00155164
298 0.643487 0.517674 0.00162477
299 0.643487 0.518045 0.00149397
300 0.643487 0.519003 0.0014434
301 0.643487 0.521226 0.00145737
302 0.643487 0.515346 0.00137151
303 0.643487 0.514614 0.00161218
304 0.643487 0.512226 0.00159034
305 0.643487 0.514505 0.00190064
306 0.643487 0.521581 0.00179088
307 0.643487 0.523404 0.00167629
308 0.643487 0.518448 0.00162717
309 0.643487 0.517443 0.00179923
310 0.643487 0.521073 0.00188373
311 0.643487 0.518819 0.00164652
312 0.643487 0.520043 0.00169341
313 0.643487 0.522836 0.00159657
314 0.643487 0.524541 0.00175901
315 0.643487 0.520431 0.00154058
316 0.643487 0.523171 0.00150458
317 0.643487 0.525816 0.00146858
318 0.643487 0.519597 0.00139801
319 0.643487 0.514926 0.00153675
320 0.643487 0.518191 0.00143419
321 0.643487 0.52109 0.00147693
322 0.643487 0.522867 0.0014024
323 0.643487 0.519845 0.00176065
324 0.643487 0.523116 0.00172165
325 0.643487 0.522935 0.00190316
326 0.643487 0.517293 0.00175145
327 0.643487 0.517229 0.00172417
328 0.643487 0.516972 0.00171213
329 0.643487 0.518909 0.00186946
330 0.643487 0.52254 0.001509
331 0.643487 0.520707 0.00153119
332 0.643487 0.517956 0.0017245
333 0.643487 0.513608 0.00169659
334 0.643487 0.51891 0.00161639
335 0.643487 0.517846 0.00147202
336 0.643487 0.519581 0.00138706
337 0.643487 0.51929 0.00155925
338 0.643487 0.518148 0.00166963
339 0.643487 0.520171 0.00166458
340 0.643487 0.515592 0.0015535
341 0.643487 0.525839 0.00144184
342 0.643487 0.521232 0.00171481
343 0.643487 0.514665 0.00165221
344 0.643487 0.517152 0.00170546
345 0.648107 0.518168 0.00194717
346 0.648107 0.519588 0.00163561
347 0.648107 0.524554 0.00148462
348 0.648107 0.516656 0.00146224
349 0.648107 0.518861 0.00172
350 0.648107 0.51633 0.00167001
351 0.648107 0.518093 0.0017459
352 0.648107 0.517159 0.00154236
353 0.648107 0.520833 0.00176146
354 0.651611 0.51931 0.00210956
355 0.651611 0.522221 0.00176524
356 0.651611 0.521408 0.00182415
357 0.651611 0.520459 0.00177498
358 0.651611 0.516286 0.00151533
359 0.651611 0.514721 0.00179571
360 0.651611 0.509466 0.00163756
361 0.651611 0.512115 0.00182929
362 0.651611 0.51114 0.0019084
363 0.65446 0.514904 0.00196937
364 0.65446 0.517253 0.00157731
365 0.65446 0.515277 0.00189289
366 0.65446 0.520904 0.00182833
367 0.65446 0.519089 0.00170288
368 0.65446 0.518417 0.00163105
369 0.65446 0.520196 0.0017293
370 0.65446 0.526869 0.00159912
371 0.65446 0.521077 0.00154291
372 0.65446 0.518404 0.00158189
373 0.65446 0.521189 0.00167982
374 0.65446 0.524144 0.0015965
375 0.65446 0.523746 0.00147486
376 0.65446 0.526212 0.00169043
377 0.65446 0.518722 0.00184512
378 0.65446 0.514059 0.00153062
379 0.65446 0.513203 0.00170691
380 0.65446 0.519247 0.00164688
381 0.65446 0.524708 0.0017623
382 0.65446 0.517466 0.0016612
383 0.65446 0.5195 0.00151528
384 0.65446 0.520271 0.00148976
385 0.65446 0.51621 0.00158325
386 0.65446 0.519315 0.0014051
387 0.65446 0.522508 0.00186729
388 0.693507 0.5259 0.00176988
389 0.693507 0.520068 0.00167453
390 0.693507 0.515706 0.00171963
391 0.693507 0.522074 0.00161394
392 0.693507 0.521503 0.00187559
393 0.693507 0.522756 0.00165235
394 0.693507 0.518813 0.00194564
395 0.693507 0.51967 0.00161767
396 0.693507 0.523738 0.00183223
397 0.693507 0.522249 0.0019331
398 0.693507 0.527392 0.0019264
399 0.693507 0.527261 0.00179986
400 0.693507 0.520974 0.00167454
401 0.693507 0.523792 0.00179146
402 0.693507 0.521608 0.00157894
403 0.693507 0.524668 0.00160079
404 0.693507 0.524407 0.00202211
405 0.693507 0.524689 0.00221537
406 0.693507 0.527876 0.00180183
407 0.693507 0.524939 0.00181513
408 0.693507 0.526944 0.00188021
409 0.693507 0.520203 0.00179655
410 0.693507 0.527333 0.00187016
411 0.693507 0.527601 0.00172386
412 0.693507 0.522933 0.00182278
413 0.693507 0.528298 0.00177987
414 0.693507 0.524176 0.00193396
415 0.693507 0.52605 0.00175107
416 0.693507 0.515132 0.00202625
417 0.693507 0.522544 0.00215165
418 0.693507 0.527646 0.00200714
419 0.693507 0.526903 0.00192204
420 0.693507 0.532201 0.00198304
421 0.693507 0.530867 0.00194646
422 0.693507 0.532051 0.00175904
423 0.693507 0.526443 0.00173555
424 0.693507 0.523055 0.00197441
425 0.693507 0.525157 0.00195891
426 0.693507 0.526629 0.00201527
427 0.693507 0.52136 0.00182436
428 0.693507 0.5227 0.00195158
429 0.693507 0.523222 0.00195886
430 0.693507 0.523763 0.00177187
431 0.693507 0.528629 0.00221864
432 0.693507 0.525998 0.00174263
433 0.693507 0.527553 0.00181661
434 0.693507 0.520739 0.00193826
435 0.693507 0.521583 0.00190146
436 0.693507 0.528568 0.00174508
437 0.693507 0.521913 0.00185991
438 0.693507 0.521548 0.00173721
439 0.693507 0.51814 0.00181725
440 0.693507 0.523544 0.00175883
441 0.693507 0.524343 0.00216802
442 0.693507 0.519016 0.00179539
443 0.693507 0.52356 0.00169455
444 0.693507 0.522827 0.00190243
445 0.693507 0.525353 0.00173487
446 0.693507 0.525388 0.00172909
447 0.693507 0.522657 0.00169123
448 0.693507 0.524398 0.00176184
449 0.693507 0.5209 0.00234343
450 0.693507 0.525194 0.00216925
451 0.693507 0.524305 0.00204909
452 0.693507 0.528137 0.00176205
453 0.693507 0.521624 0.00197245
454 0.693507 0.522989 0.00174338
455 0.693507 0.522863 0.00155727
456 0.693507 0.517777 0.0017385
457 0.693507 0.518109 0.00196502
458 0.693507 0.525661 0.0017069
459 0.693507 0.523237 0.00154261
460 0.693507 0.528069 0.00188551
461 0.693507 0.520505 0.00182957
462 0.693507 0.519961 0.0018839
463 0.693507 0.520282 0.00188686
464 0.693507 0.520619 0.00207248
465 0.693507 0.524569 0.00180052
466 0.693507 0.524142 0.00182718
467 0.693507 0.523763 0.00171993
468 0.693507 0.521933 0.00169468
469 0.693507 0.525821 0.00188665
470 0.693507 0.524601 0.00181075
471 0.693507 0.524344 0.00182194
472 0.693507 0.523118 0.00180585
473 0.693507 0.521254 0.00185862
474 0.693507 0.52122 0.00209202
475 0.693507 0.517671 0.00188467
476 0.693507 0.519958 0.00214163
477 0.693507 0.524525 0.00205821
478 0.693507 0.521947 0.00185676
479 0.693507 0.5223 0.00214719
480 0.693507 0.51934 0.00184237
481 0.693507 0.523822 0.00183749
482 0.693507 0.52447 0.0019008
483 0.693507 0.523448 0.00204007
484 0.693507 0.522747 0.00194589
485 0.693507 0.524261 0.0018024
486 0.693507 0.521482 0.00184443
487 0.693507 0.520935 0.0019374
488 0.693507 0.525645 0.00190469
489 0.693507 0.521304 0.00169481
490 0.693507 0.527515 0.00172801
491 0.693507 0.524098 0.00201437
492 0.693507 0.525121 0.00178375
493 0.693507 0.522776 0.00247953
494 0.693507 0.529144 0.00188048
495 0.693507 0.523653 0.00201976
496 0.693507 0.531358 0.00193256
497 0.693507 0.525971 0.00200844
498 0.693507 0.527071 0.001882
499 0.693507 0.525704 0.00192291
500 0.693507 0.52874 0.00201372
501 0.693507 0.527982 0.001966
502 0.693507 0.522447 0.00197853
503 0.693507 0.521978 0.00180717
504 0.693507 0.518325 0.00183748
505 0.693507 0.524298 0.00215807
506 0.693507 0.524048 0.00174663
507 0.693507 0.528365 0.00160888
508 0.693507 0.523346 0.00166617
509 0.693507 0.523639 0.00199825
510 0.693507 0.517653 0.0020664
511 0.693507 0.518937 0.00184486
512 0.693507 0.519657 0.00183017
513 0.693507 0.527176 0.00199873
514 0.693507 0.523985 0.00189708
515 0.693507 0.528408 0.00171784
516 0.693507 0.52657 0.00177786
517 0.693507 0.524556 0.00184328
518 0.693507 0.521289 0.00191349
519 0.693507 0.523625 0.00178582
520 0.693507 0.524213 0.0017453
521 0.693507 0.519624 0.00160882
522 0.693507 0.528194 0.00168184
523 0.693507 0.521629 0.00187671
524 0.693507 0.524981 0.00187552
525 0.693507 0.523873 0.00196103
526 0.693507 0.524926 0.00202509
527 0.693507 0.522918 0.00211638
528 0.693507 0.525617 0.00217103
529 0.693507 0.523584 0.00200209
530 0.693507 0.52095 0.00182575
531 0.693507 0.525103 0.00191634
532 0.693507 0.527901 0.0018626
533 0.693507 0.528369 0.00192276
534 0.693507 0.526008 0.00175419
535 0.693507 0.528808 0.00184377
536 0.693507 0.529123 0.00189954
537 0.693507 0.525507 0.0017012
538 0.693507 0.524873 0.00147991
539 0.693507 0.520318 0.00163037
540 0.693507 0.522967 0.00185422
541 0.693507 0.52417 0.00188007
542 0.693507 0.522661 0.00186606
543 0.693507 0.525493 0.00184057
544 0.693507 0.52395 0.00201045
545 0.693507 0.525241 0.00190144
546 0.693507 0.526521 0.00166138
547 0.693507 0.530117 0.00168127
548 0.693507 0.525509 0.00193678
549 0.693507 0.526135 0.00178216
550 0.693507 0.528144 0.00169999
551 0.693507 0.526791 0.00193276
552 0.693507 0.526618 0.00225124
553 0.693507 0.520672 0.00189541
554 0.693507 0.520826 0.00187865
555 0.693507 0.523238 0.00202521
556 0.693507 0.526669 0.00179018
557 0.693507 0.522394 0.00174586
558 0.693507 0.524281 0.00192
559 0.693507 0.523429 0.00158822
560 0.693507 0.52291 0.00188157
561 0.693507 0.52687 0.00183304
562 0.693507 0.527537 0.00166099
563 0.693507 0.524678 0.00174619
564 0.693507 0.524682 0.00188772
565 0.693507 0.520472 0.00189383
566 0.693507 0.527037 0.00193939
567 0.693507 0.529693 0.00185416
568 0.693507 0.526129 0.00191931
569 0.693507 0.528839 0.00190327
570 0.693507 0.523926 0.00169023
571 0.693507 0.527363 0.00191647
572 0.693507 0.530537 0.00189851
573 0.693507 0.528615 0.00201293
574 0.693507 0.523048 0.00212855
575 0.693507 0.530457 0.00187274
576 0.693507 0.525126 0.0020353
577 0.693507 0.523696 0.00185751
578 0.693507 0.522455 0.00170515
579 0.693507 0.528201 0.00181912
580 0.693507 0.526598 0.00169482
581 0.693507 0.52852 0.00202922
582 0.693507 0.526613 0.00178922
583 0.693507 0.524719 0.00177071
584 0.693507 0.52486 0.0020963
585 0.693507 0.527413 0.00173542
586 0.693507 0.528141 0.00161344
587 0.693507 0.527994 0.00194737
588 0.693507 0.51932 0.00177622
589 0.693507 0.519744 0.00195379
590 0.693507 0.524188 0.00222213
591 0.693507 0.520267 0.00195423
592 0.693507 0.518194 0.00198041
593 0.693507 0.523166 0.00175554
594 0.693507 0.527204 0.00204507
595 0.693507 0.522909 0.0018918
596 0.693507 0.522639 0.0020194
597 0.693507 0.524652 0.00192777
598 0.693507 0.52299 0.00211368
599 0.693507 0.5304 0.00210309
600 0.693507 0.52591 0.00182292
601 0.693507 0.529178 0.00211902
602 0.693507 0.521751 0.00162893
603 0.693507 0.525536 0.00177538
604 0.693507 0.523543 0.00180396
605 0.693507 0.520896 0.00184778
606 0.693507 0.517966 0.00186112
607 0.693507 0.522129 0.00186314
608 0.693507 0.518989 0.00182256
609 0.693507 0.512999 0.00167248
610 0.693507 0.519053 0.00157279
611 0.693507 0.520484 0.00142942
612 0.693507 0.520137 0.00177215
613 0.693507 0.520059 0.00167521
614 0.693507 0.522977 0.0018632
615 0.693507 0.519547 0.00173922
616 0.693507 0.525817 0.00186565
617 0.693507 0.523452 0.00196176
618 0.693507 0.523741 0.00172191
619 0.693507 0.528216 0.00169243
620 0.693507 0.522513 0.00161606
621 0.693507 0.522996 0.00160153
622 0.693507 0.526636 0.00196473
623 0.693507 0.524179 0.00189771
624 0.693507 0.521053 0.00174515
625 0.693507 0.518538 0.00201953
626 0.693507 0.525687 0.00193153
627 0.693507 0.5232 0.00199191
628 0.693507 0.525138 0.00209397
629 0.693507 0.52576 0.0018092
630 0.693507 0.522333 0.00211097
631 0.693507 0.527043 0.0018108
632 0.693507 0.529082 0.00209188
633 0.693507 0.526329 0.00176593
634 0.693507 0.525753 0.00187019
635 0.693507 0.524673 0.00190986
636 0.693507 0.526722 0.00203047
637 0.693507 0.523434 0.00174262
638 0.693507 0.520368 0.00154599
639 0.693507 0.529672 0.00196421
640 0.693507 0.527867 0.00215391
641 0.693507 0.526957 0.00193568
642 0.693507 0.523362 0.00183578
643 0.693507 0.524315 0.00180762
644 0.693507 0.525028 0.00141868
645 0.693507 0.529363 0.00175491
646 0.693507 0.526538 0.00191822
647 0.693507 0.530058 0.00203745
648 0.693507 0.526577 0.00189935
649 0.693507 0.524703 0.00192293
650 0.693507 0.525981 0.00189581
651 0.693507 0.525803 0.00178714
652 0.693507 0.523004 0.0018824
653 0.693507 0.527309 0.00193113
654 0.693507 0.530762 0.00208271
655 0.693507 0.527207 0.00237084
656 0.693507 0.530806 0.00173634
657 0.693507 0.534193 0.0017685
658 0.693507 0.538327 0.00179876
659 0.693507 0.533991 0.00182981
660 0.693507 0.530651 0.00180988
661 0.693507 0.529928 0.00192186
662 0.693507 0.531618 0.00172548
663 0.693507 0.530442 0.00184933
664 0.693507 0.52655 0.00176628
665 0.693507 0.53191 0.00172884
666 0.693507 0.530039 0.0016856
667 0.693507 0.529674 0.00194106
668 0.693507 0.523878 0.00197582
669 0.693507 0.527252 0.00208435
670 0.693507 0.530307 0.00183582
671 0.693507 0.523623 0.00209218
672 0.693507 0.526819 0.0018584
673 0.693507 0.526033 0.00195888
674 0.693507 0.525958 0.001877
675 0.693507 0.524467 0.00210456
676 0.693507 0.527566 0.00203523
677 0.693507 0.524254 0.0019267
678 0.693507 0.529554 0.00195183
679 0.693507 0.52093 0.00185429
680 0.693507 0.526842 0.00182769
681 0.693507 0.526817 0.00196912
682 0.693507 0.525859 0.00185551
683 0.693507 0.526658 0.00205909
684 0.693507 0.524088 0.00197741
685 0.693507 0.525503 0.00190207
686 0.693507 0.526253 0.00201391
687 0.693507 0.527119 0.00189342
688 0.693507 0.522461 0.00194546
689 0.693507 0.525736 0.00197885
690 0.693507 0.529 0.00189963
691 0.693507 0.52895 0.00225898
692 0.693507 0.526793 0.00204257
693 0.693507 0.526797 0.00217865
694 0.693507 0.526469 0.00195588
695 0.693507 0.525011 0.00212689
696 0.693507 0.524524 0.00173239
697 0.693507 0.523075 0.00199957
698 0.693507 0.521943 0.00189424
699 0.693507 0.526002 0.00183614
700 0.693507 0.524668 0.00205122
701 0.693507 0.525962 0.00203719
702 0.693507 0.523695 0.00200271
703 0.693507 0.525993 0.00210113
704 0.693507 0.526186 0.00209244
705 0.693507 0.530044 0.00204152
706 0.693507 0.526629 0.00223826
707 0.693507 0.530983 0.0018766
708 0.693507 0.527909 0.0020799
709 0.693507 0.531385 0.00205906
710 0.693507 0.528473 0.00207722
711 0.693507 0.529653 0.00191075
712 0.693507 0.529598 0.0019626
713 0.693507 0.5312 0.00204224
714 0.693507 0.530483 0.00215804
715 0.693507 0.531531 0.00172492
716 0.693507 0.526657 0.00218832
717 0.693507 0.529382 0.00178576
718 0.693507 0.530936 0.00199843
719 0.693507 0.529797 0.00192405
720 0.693507 0.530036 0.00197497
721 0.693507 0.528706 0.0020099
722 0.693507 0.526513 0.00200098
723 0.693507 0.52827 0.00204223
724 0.693507 0.531573 0.00214029
725 0.693507 0.528739 0.00231365
726 0.693507 0.534686 0.00233746
727 0.693507 0.526418 0.00242878
728 0.693507 0.528053 0.00196713
729 0.693507 0.53019 0.00202417
730 0.693507 0.525273 0.00231616
731 0.693507 0.524193 0.00237895
732 0.693507 0.52772 0.00214676
733 0.693507 0.521797 0.00223184
734 0.693507 0.526737 0.00200515
735 0.693507 0.524414 0.00222888
736 0.693507 0.525716 0.00229641
737 0.693507 0.52241 0.00219989
738 0.693507 0.525525 0.0022025
739 0.693507 0.526493 0.00193111
740 0.693507 0.526943 0.00215725
741 0.693507 0.527364 0.00213583
742 0.693507 0.526536 0.00225513
743 0.693507 0.531253 0.00239937
744 0.693507 0.534865 0.00261933
745 0.693507 0.528764 0.00221854
746 0.693507 0.52338 0.00224119
747 0.693507 0.527027 0.00216211
748 0.693507 0.523459 0.00214325
749 0.693507 0.526942 0.00250207
750 0.693507 0.52891 0.00220559
751 0.693507 0.527343 0.00229135
752 0.693507 0.528869 0.00201234
753 0.693507 0.530566 0.00199274
754 0.693507 0.52632 0.00201535
755 0.693507 0.526867 0.00222526
756 0.693507 0.524769 0.00195753
757 0.693507 0.525918 0.00200321
758 0.693507 0.525962 0.00239119
759 0.693507 0.524129 0.00210257
760 0.693507 0.520868 0.00245928
761 0.693507 0.524322 0.00214366
762 0.693507 0.530599 0.00234288
763 0.693507 0.524596 0.00219377
764 0.693507 0.529568 0.00191838
765 0.693507 0.525714 0.00220733
766 0.693507 0.524515 0.00205963
767 0.693507 0.526907 0.00201959
768 0.693507 0.527102 0.00230127
769 0.693507 0.53179 0.00228861
770 0.693507 0.525659 0.00212832
771 0.693507 0.528453 0.00200378
772 0.693507 0.528044 0.00214304
773 0.693507 0.524435 0.00245304
774 0.693507 0.526535 0.00215771
775 0.693507 0.526454 0.0023306
776 0.693507 0.52953 0.0021284
777 0.693507 0.527803 0.00218028
778 0.693507 0.525933 0.00202823
779 0.693507 0.523374 0.00202573
780 0.693507 0.527988 0.00193225
781 0.693507 0.526896 0.0021613
782 0.693507 0.527421 0.00198266
783 0.693507 0.522535 0.00216154
784 0.693507 0.528296 0.0020845
785 0.693507 0.53516 0.00243468
786 0.693507 0.528269 0.00217194
787 0.693507 0.52508 0.00237081
788 0.693507 0.526023 0.00202817
789 0.693507 0.52531 0.00202994
790 0.693507 0.528025 0.0021303
791 0.693507 0.522445 0.00219875
792 0.693507 0.524172 0.00236606
793 0.693507 0.525838 0.00213592
794 0.693507 0.521843 0.00222505
795 0.693507 0.524401 0.00249639
796 0.693507 0.520812 0.0020197
797 0.693507 0.528334 0.00237368
798 0.693507 0.529217 0.00225186
799 0.693507 0.524226 0.0021814
800 0.693507 0.531659 0.00206578
801 0.693507 0.528116 0.00208997
802 0.693507 0.528561 0.00213671
803 0.693507 0.527416 0.00283923
804 0.693507 0.526855 0.00203782
805 0.693507 0.521679 0.0025044
806 0.693507 0.526719 0.00233637
807 0.693507 0.528929 0.00208403
808 0.693507 0.527153 0.00233076
809 0.693507 0.53112 0.00257904
810 0.693507 0.527918 0.00215057
811 0.693507 0.532038 0.0021061
812 0.693507 0.534149 0.00244499
813 0.693507 0.534889 0.00218561
814 0.693507 0.530111 0.00235927
815 0.693507 0.526321 0.00227737
816 0.693507 0.531209 0.00227855
817 0.693507 0.526818 0.00199778
818 0.693507 0.525073 0.00219508
819 0.693507 0.523479 0.00248358
820 0.693507 0.52555 0.00221039
821 0.693507 0.524922 0.00241251
822 0.693507 0.520734 0.00258335
823 0.693507 0.528586 0.00196259
824 0.693507 0.528548 0.00200586
825 0.693507 0.52798 0.00238992
826 0.693507 0.526453 0.00245065
827 0.693507 0.535664 0.00239821
828 0.693507 0.535028 0.00183404
829 0.693507 0.53273 0.00283713
830 0.693507 0.528816 0.0022839
831 0.693507 0.528731 0.00222066
832 0.693507 0.524117 0.00218302
833 0.693507 0.5284 0.00195642
834 0.693507 0.529872 0.00204082
835 0.693507 0.522684 0.00218352
836 0.693507 0.524003 0.00241882
837 0.693507 0.52563 0.00188209
838 0.693507 0.529399 0.00191915
839 0.693507 0.52999 0.00207513
840 0.693507 0.533147 0.00251668
841 0.693507 0.531139 0.00217645
842 0.693507 0.5302 0.00204576
843 0.693507 0.527503 0.00228456
844 0.693507 0.527587 0.00212001
845 0.693507 0.529774 0.00241815
846 0.693507 0.528237 0.00229139
847 0.693507 0.529909 0.00197041
848 0.693507 0.531495 0.00223323
849 0.693507 0.529623 0.00206803
850 0.693507 0.526228 0.00213977
851 0.693507 0.523061 0.0023513
852 0.693507 0.532285 0.00237746
853 0.693507 0.526636 0.00253588
854 0.693507 0.532186 0.00233243
855 0.693507 0.535216 0.00218803
856 0.693507 0.530318 0.00213222
857 0.693507 0.529052 0.00226402
858 0.693507 0.535033 0.00220726
859 0.693507 0.528205 0.0019233
860 0.693507 0.531964 0.00246207
861 0.693507 0.534375 0.00213945
862 0.693507 0.529264 0.00219719
863 0.693507 0.528434 0.00214067
864 0.693507 0.526431 0.00210422
865 0.693507 0.525207 0.00231808
866 0.693507 0.525732 0.00234131
867 0.693507 0.522959 0.00213488
868 0.693507 0.526572 0.00216092
869 0.693507 0.524253 0.00198388
870 0.693507 0.526945 0.0020061
871 0.693507 0.532694 0.00181436
872 0.693507 0.536413 0.00221767
873 0.693507 0.530397 0.00226224
874 0.693507 0.529316 0.00210293
875 0.693507 0.527835 0.00211236
876 0.693507 0.529906 0.00225662
877 0.693507 0.527798 0.00215782
878 0.693507 0.529823 0.00214261
879 0.693507 0.530428 0.00205184
880 0.693507 0.526985 0.00215611
881 0.693507 0.526501 0.00225419
882 0.693507 0.52502 0.0023378
883 0.693507 0.530227 0.00206482
884 0.693507 0.530687 0.00213183
885 0.693507 0.528931 0.0022914
886 0.693507 0.530155 0.00208246
887 0.693507 0.532958 0.0020817
888 0.693507 0.529621 0.00229958
889 0.693507 0.530006 0.00215637
890 0.693507 0.530159 0.00229606
891 0.693507 0.526883 0.00206998
892 0.693507 0.528261 0.00210059
893 0.693507 0.527117 0.0022161
894 0.693507 0.526949 0.00192979
895 0.693507 0.523344 0.00214484
896 0.693507 0.526267 0.002458
897 0.693507 0.524373 0.00241364
898 0.693507 0.529524 0.00216508
899 0.693507 0.526956 0.0024533
900 0.693507 0.523812 0.00217498
901 0.693507 0.52745 0.00199693
902 0.693507 0.534048 0.00207583
903 0.693507 0.523577 0.00214194
904 0.693507 0.525021 0.00212489
905 0.693507 0.523363 0.00208978
906 0.693507 0.524582 0.00229616
907 0.693507 0.529414 0.00234396
908 0.693507 0.523178 0.00214645
909 0.693507 0.527422 0.00236844
910 0.693507 0.528345 0.00228881
911 0.693507 0.527675 0.00223372
912 0.693507 0.534667 0.00224744
913 0.693507 0.524779 0.00248773
914 0.693507 0.528637 0.00217933
915 0.693507 0.527382 0.00239333
916 0.693507 0.527825 0.00226573
917 0.693507 0.527913 0.00202133
918 0.693507 0.526221 0.00215642
919 0.693507 0.524746 0.00235851
920 0.693507 0.526779 0.00224933
921 0.693507 0.527146 0.00234549
922 0.693507 0.525496 0.002223
923 0.693507 0.525866 0.00229567
924 0.693507 0.526231 0.00215456
925 0.693507 0.527206 0.0022121
926 0.693507 0.529002 0.00256659
927 0.693507 0.528307 0.00218914
928 0.693507 0.534217 0.00223285
929 0.693507 0.532041 0.00212298
930 0.693507 0.531884 0.00247792
931 0.693507 0.52735 0.00195355
932 0.693507 0.531309 0.0022769
933 0.693507 0.526215 0.00227826
934 0.693507 0.528538 0.00202659
935 0.693507 0.531129 0.00204334
936 0.693507 0.530774 0.00206947
937 0.693507 0.530213 0.00227752
938 0.693507 0.533688 0.0020533
939 0.693507 0.53323 0.00243664
940 0.693507 0.530067 0.00206959
941 0.693507 0.528275 0.00250378
942 0.693507 0.536038 0.00202578
943 0.693507 0.532783 0.00191302
944 0.693507 0.524579 0.00232011
945 0.693507 0.529977 0.00198996
946 0.693507 0.525033 0.00196847
947 0.693507 0.527251 0.00188042
948 0.693507 0.525798 0.00183597
949 0.693507 0.528263 0.00198765
950 0.693507 0.528447 0.00212869
951 0.693507 0.531295 0.00217759
952 0.693507 0.530347 0.00182806
953 0.693507 0.530479 0.00215983
954 0.693507 0.531445 0.00217556
955 0.693507 0.530412 0.00235497
956 0.693507 0.534579 0.00218892
957 0.693507 0.527125 0.00207647
958 0.693507 0.529781 0.0022266
959 0.693507 0.528543 0.00196487
960 0.693507 0.535163 0.00201471
961 0.693507 0.535646 0.00233499
962 0.693507 0.524296 0.00198208
963 0.693507 0.527905 0.00229511
964 0.693507 0.524813 0.00226868
965 0.693507 0.527906 0.00203598
966 0.693507 0.524157 0.002213
967 0.693507 0.523916 0.00240242
968 0.693507 0.52488 0.00232614
969 0.693507 0.519653 0.00215346
970 0.693507 0.523711 0.00224341
971 0.693507 0.521759 0.00225757
972 0.693507 0.522496 0.00222609
973 0.693507 0.526448 0.00201959
974 0.693507 0.521368 0.00218547
975 0.693507 0.524766 0.00220477
976 0.693507 0.524985 0.00232155
977 0.693507 0.524686 0.00215464
978 0.693507 0.520689 0.00204963
979 0.693507 0.520381 0.00215297
980 0.693507 0.522075 0.00203674
981 0.693507 0.523259 0.00243919
982 0.693507 0.519059 0.00209349
983 0.693507 0.521888 0.0021332
984 0.693507 0.520104 0.00195291
985 0.693507 0.52599 0.00241641
986 0.693507 0.528976 0.00198835
987 0.693507 0.526087 0.00202042
988 0.693507 0.525192 0.00199196
989 0.693507 0.525376 0.00218363
990 0.693507 0.522552 0.00232444
991 0.693507 0.52243 0.00212532
992 0.693507 0.524897 0.00210805
993 0.693507 0.521852 0.00218063
994 0.693507 0.531021 0.00186628
995 0.693507 0.524013 0.0022281
996 0.693507 0.523915 0.00202344
997 0.693507 0.525691 0.00237151
998 0.693507 0.520864 0.00225819
999 0.693507 0.528044 0.00218423
1000 0.693507 0.529537 0.00197696
1001 0.693507 0.532204 0.00240679
1002 0.693507 0.531433 0.0022365
1003 0.693507 0.527203 0.00207473
1004 0.693507 0.531963 0.00215757
1005 0.693507 0.531542 0.00209165
1006 0.693507 0.534575 0.00203805
1007 0.693507 0.532334 0.00231839
1008 0.693507 0.533176 0.00236917
1009 0.693507 0.529545 0.0021769
1010 0.693507 0.528839 0.00216698
1011 0.693507 0.529548 0.00221114
1012 0.693507 0.530785 0.00228794
1013 0.693507 0.522593 0.0021917
1014 0.693507 0.531438 0.00256836
1015 0.693507 0.531414 0.00214649
1016 0.693507 0.525242 0.00246055
1017 0.693507 0.528351 0.00226618
1018 0.693507 0.525343 0.00225122
1019 0.693507 0.522204 0.00220965
1020 0.693507 0.530891 0.00215382
1021 0.693507 0.530506 0.00220866
1022 0.693507 0.527946 0.00201316
1023 0.693507 0.533172 0.00191081
1024 0.693507 0.52661 0.00248115
1025 0.693507 0.532311 0.00228729
1026 0.693507 0.526955 0.0019726
1027 0.693507 0.529728 0.0021611
1028 0.693507 0.537852 0.00201913
1029 0.693507 0.528884 0.00225673
1030 0.693507 0.533306 0.00206968
1031 0.693507 0.527211 0.00238384
1032 0.693507 0.531359 0.00219124
1033 0.693507 0.531953 0.00224776
1034 0.693507 0.52613 0.00233315
1035 0.693507 0.53095 0.00237308
1036 0.693507 0.531926 0.00237127
1037 0.693507 0.527177 0.00199452
1038 0.693507 0.525385 0.00206384
1039 0.693507 0.524736 0.00226837
1040 0.693507 0.523985 0.00230337
1041 0.693507 0.523519 0.00214066
1042 0.693507 0.52909 0.00225979
1043 0.693507 0.531126 0.00208785
1044 0.693507 0.52923 0.00214996
1045 0.693507 0.528704 0.00196212
1046 0.693507 0.527161 0.00220985
1047 0.693507 0.528764 0.00211491
1048 0.693507 0.531297 0.00233509
1049 0.693507 0.534288 0.00234039
1050 0.693507 0.531084 0.00228515
1051 0.693507 0.52969 0.00217775
1052 0.693507 0.538971 0.00204486
1053 0.693507 0.536299 0.00204053
1054 0.693507 0.534269 0.00218559
1055 0.693507 0.534225 0.00214524
1056 0.693507 0.534786 0.00190236
1057 0.693507 0.531852 0.0021157
1058 0.693507 0.53124 0.00238382
1059 0.693507 0.528601 0.0023198
1060 0.693507 0.531694 0.00243261
1061 0.693507 0.535486 0.00206194
1062 0.693507 0.530997 0.00228261
1063 0.693507 0.527443 0.00212374
1064 0.693507 0.525303 0.00224424
1065 0.693507 0.529559 0.0020024
1066 0.693507 0.522698 0.00236636
1067 0.693507 0.529182 0.00272688
1068 0.693507 0.52926 0.0019958
1069 0.693507 0.527716 0.00218454
1070 0.693507 0.527305 0.00213302
1071 0.693507 0.527963 0.00207334
1072 0.693507 0.524429 0.00221585
1073 0.693507 0.529234 0.0025802
1074 0.693507 0.527934 0.00231202
1075 0.693507 0.523874 0.00234208
1076 0.693507 0.527961 0.00240033
1077 0.693507 0.521795 0.0022651
1078 0.693507 0.526169 0.00226007
1079 0.693507 0.524676 0.00257396
1080 0.693507 0.522091 0.00245715
1081 0.693507 0.523538 0.00215164
1082 0.693507 0.523294 0.00235166
1083 0.693507 0.520605 0.00228197
1084 0.693507 0.523498 0.00258956
1085 0.693507 0.526521 0.00253132
1086 0.693507 0.518994 0.0025444
1087 0.693507 0.521401 0.00218743
1088 0.693507 0.529342 0.00202946
1089 0.693507 0.527847 0.0023395
1090 0.693507 0.529852 0.00220806
1091 0.693507 0.53205 0.0022521
1092 0.693507 0.525928 0.00211401
1093 0.693507 0.52939 0.00213732
1094 0.693507 0.525921 0.00230505
1095 0.693507 0.531228 0.00231546
1096 0.693507 0.527025 0.0026184
1097 0.693507 0.527835 0.00219642
1098 0.693507 0.52878 0.00211809
1099 0.693507 0.522172 0.00219909
1100 0.693507 0.521263 0.00250062
1101 0.693507 0.528246 0.00258214
1102 0.693507 0.532457 0.00239238
1103 0.693507 0.535402 0.00249278
1104 0.693507 0.53057 0.00216211
1105 0.693507 0.53074 0.0021952
1106 0.693507 0.525203 0.0022135
1107 0.693507 0.526591 0.00211927
1108 0.693507 0.534649 0.00208507
1109 0.693507 0.531543 0.00237597
1110 0.693507 0.532898 0.00211421
1111 0.693507 0.529722 0.00198734
1112 0.693507 0.529227 0.00205335
1113 0.693507 0.526524 0.0021381
1114 0.693507 0.528997 0.00199401
1115 0.693507 0.535291 0.00261387
1116 0.693507 0.531336 0.00213951
1117 0.693507 0.528471 0.00220958
1118 0.693507 0.526091 0.0020906
1119 0.693507 0.527569 0.00214323
1120 0.693507 0.53141 0.00223977
1121 0.693507 0.528941 0.00215399
1122 0.693507 0.529329 0.00218421
1123 0.693507 0.533606 0.00198757
1124 0.693507 0.530903 0.00215935
1125 0.693507 0.534264 0.00223352
1126 0.693507 0.531838 0.00206653
1127 0.693507 0.531587 0.00202751
1128 0.693507 0.532416 0.00186955
1129 0.693507 0.527817 0.0021363
1130 0.693507 0.52837 0.00219165
1131 0.693507 0.530754 0.00223016
1132 0.693507 0.525451 0.00206297
1133 0.693507 0.527453 0.00207753
1134 0.693507 0.528184 0.00213849
1135 0.693507 0.525911 0.00200121
1136 0.693507 0.531643 0.00200895
1137 0.693507 0.532839 0.00210945
1138 0.693507 0.534761 0.00206217
1139 0.693507 0.527486 0.00197442
1140 0.693507 0.530416 0.0021764
1141 0.693507 0.525719 0.0021924
1142 0.693507 0.529879 0.00221096
1143 0.693507 0.526973 0.00236379
1144 0.693507 0.531596 0.00203711
1145 0.693507 0.526726 0.00254418
1146 0.693507 0.524929 0.00248747
1147 0.693507 0.523768 0.00221657
1148 0.693507 0.520601 0.00248821
1149 0.693507 0.520338 0.00251015
1150 0.693507 0.52244 0.00228683
1151 0.693507 0.521863 0.00252018
1152 0.693507 0.523311 0.00244216
1153 0.693507 0.521474 0.00250158
1154 0.693507 0.518288 0.00234077
1155 0.693507 0.526377 0.00241477
1156 0.693507 0.521509 0.00228134
1157 0.693507 0.523651 0.00231191
1158 0.693507 0.525515 0.00208774
1159 0.693507 0.522893 0.00244254
1160 0.693507 0.529508 0.0021797
1161 0.693507 0.528526 0.00210604
1162 0.693507 0.525785 0.00254205
1163 0.693507 0.523705 0.00199891
1164 0.693507 0.528646 0.00225008
1165 0.693507 0.52866 0.00209678
1166 0.693507 0.529046 0.00243586
1167 0.693507 0.529161 0.00224297
1168 0.693507 0.527799 0.0022295
1169 0.693507 0.525765 0.00263376
1170 0.693507 0.526842 0.00218399
1171 0.693507 0.521195 0.00199324
1172 0.693507 0.524763 0.00232776
1173 0.693507 0.526798 0.00220217
1174 0.693507 0.527908 0.00201475
1175 0.693507 0.527444 0.00215679
1176 0.693507 0.525995 0.0021767
1177 0.693507 0.530165 0.00243772
1178 0.693507 0.530564 0.00205859
1179 0.693507 0.524756 0.00252906
1180 0.693507 0.528939 0.00235814
1181 0.693507 0.529099 0.00226386
1182 0.693507 0.531945 0.00260361
1183 0.693507 0.535608 0.00245317
1184 0.693507 0.53342 0.00244651
1185 0.693507 0.526662 0.00219809
1186 0.693507 0.52968 0.00234862
1187 0.693507 0.528974 0.00236976
1188 0.693507 0.529528 0.00243694
1189 0.693507 0.532873 0.00235068
1190 0.693507 0.528366 0.00228988
1191 0.693507 0.535278 0.00261457
1192 0.693507 0.529451 0.0022177
1193 0.693507 0.535741 0.00217857
1194 0.693507 0.53518 0.00220194
1195 0.693507 0.533528 0.00225513
1196 0.693507 0.533416 0.00219876
1197 0.693507 0.533374 0.00227949
1198 0.693507 0.531009 0.00224678
1199 0.693507 0.530487 0.00222935
1200 0.693507 0.529724 0.00241987
1201 0.693507 0.527029 0.00189672
1202 0.693507 0.528966 0.00240419
1203 0.693507 0.526148 0.00212618
1204 0.693507 0.530359 0.0022698
1205 0.693507 0.532668 0.00211716
1206 0.693507 0.529438 0.00228115
1207 0.693507 0.531858 0.00181946
1208 0.693507 0.530686 0.0020843
1209 0.693507 0.525731 0.00248996
1210 0.693507 0.526085 0.00252294
1211 0.693507 0.52514 0.00208376
1212 0.693507 0.5281 0.00220982
1213 0.693507 0.52857 0.00240229
1214 0.693507 0.527864 0.00249944
1215 0.693507 0.530863 0.00227484
1216 0.693507 0.53064 0.00199866
1217 0.693507 0.526226 0.00235053
1218 0.693507 0.525583 0.00220085
1219 0.693507 0.528556 0.00211935
1220 0.693507 0.521557 0.00248844
1221 0.693507 0.526576 0.00212692
1222 0.693507 0.525699 0.00206291
1223 0.693507 0.523133 0.00211232
1224 0.693507 0.530635 0.00216406
1225 0.693507 0.52911 0.00218633
1226 0.693507 0.523926 0.00236836
1227 0.693507 0.52301 0.00202447
1228 0.693507 0.528639 0.00211659
1229 0.693507 0.52909 0.00195639
1230 0.693507 0.529267 0.00216092
1231 0.693507 0.525691 0.00226116
1232 0.693507 0.52791 0.00224311
1233 0.693507 0.529068 0.0022448
1234 0.693507 0.528531 0.00224211
1235 0.693507 0.527707 0.00215375
1236 0.693507 0.527607 0.00204907
1237 0.693507 0.531286 0.00221733
1238 0.693507 0.523747 0.00200937
1239 0.693507 0.528625 0.00209108
1240 0.693507 0.523883 0.00248646
1241 0.693507 0.52712 0.00206244
1242 0.693507 0.531787 0.00230781
1243 0.693507 0.52522 0.00220056
1244 0.693507 0.528105 0.00216304
1245 0.693507 0.527494 0.00236193
1246 0.693507 0.531079 0.00224571
1247 0.693507 0.533835 0.00245955
1248 0.693507 0.53364 0.00180981
1249 0.693507 0.533958 0.00201235
1250 0.693507 0.537246 0.00197386
1251 0.693507 0.53433 0.00203031
1252 0.693507 0.529555 0.00225668
1253 0.693507 0.528746 0.00213122
1254 0.693507 0.525997 0.00254214
1255 0.693507 0.530271 0.00241344
1256 0.693507 0.524621 0.00253493
1257 0.693507 0.529683 0.00225974
1258 0.693507 0.533705 0.00226672
1259 0.693507 0.531195 0.00229239
1260 0.693507 0.530459 0.00214431
1261 0.693507 0.52975 0.0022283
1262 0.693507 0.530918 0.00194058
1263 0.693507 0.529621 0.00226988
1264 0.693507 0.533638 0.00229524
1265 0.693507 0.525965 0.0023265
1266 0.693507 0.534063 0.00215249
1267 0.693507 0.529477 0.00221466
1268 0.693507 0.534222 0.00195328
1269 0.693507 0.527707 0.00203999
1270 0.693507 0.530732 0.00231738
1271 0.693507 0.537359 0.0020508
1272 0.693507 0.526767 0.00227648
1273 0.693507 0.528016 0.00224175
1274 0.693507 0.527179 0.0021393
1275 0.693507 0.527147 0.00207508
1276 0.693507 0.527452 0.00217674
1277 0.693507 0.523281 0.00230189
1278 0.693507 0.524653 0.00223102
1279 0.693507 0.528961 0.00244505
1280 0.693507 0.528761 0.00208777
1281 0.693507 0.530554 0.00197057
1282 0.693507 0.526602 0.00189573
1283 0.693507 0.530242 0.0025901
1284 0.693507 0.525471 0.00233351
1285 0.693507 0.521047 0.00267076
1286 0.693507 0.526601 0.00221786
1287 0.693507 0.527761 0.00224433
1288 0.693507 0.52848 0.00262578
1289 0.693507 0.528713 0.00209032
1290 0.693507 0.526856 0.00219241
1291 0.693507 0.524519 0.00232035
1292 0.693507 0.529196 0.0023225
1293 0.693507 0.535041 0.00233489
1294 0.693507 0.526318 0.00216846
1295 0.693507 0.527342 0.00215448
1296 0.693507 0.533767 0.00212271
1297 0.693507 0.527948 0.00250712
1298 0.693507 0.523979 0.00227901
1299 0.693507 0.530184 0.00222986
1300 0.693507 0.524278 0.00250606
1301 0.693507 0.522836 0.00235255
1302 0.693507 0.526013 0.0023245
1303 0.693507 0.530186 0.00256754
1304 0.693507 0.527694 0.00233679
1305 0.693507 0.526358 0.00226464
1306 0.693507 0.5286 0.0021265
1307 0.693507 0.529316 0.00210109
1308 0.693507 0.532409 0.00256872
1309 0.693507 0.532627 0.00248183
1310 0.693507 0.524624 0.00240338
1311 0.693507 0.530447 0.00237815
1312 0.693507 0.534093 0.0023694
1313 0.693507 0.532134 0.00273269
1314 0.693507 0.534052 0.00237545
1315 0.693507 0.532145 0.00219484
1316 0.693507 0.53264 0.00244776
1317 0.693507 0.534729 0.00231977
1318 0.693507 0.532799 0.00212414
1319 0.693507 0.530806 0.00256301
1320 0.693507 0.531655 0.00222515
1321 0.693507 0.528307 0.0026707
1322 0.693507 0.522725 0.00216022
1323 0.693507 0.524356 0.00204402
1324 0.693507 0.526086 0.00221074
1325 0.693507 0.526399 0.00236102
1326 0.693507 0.52766 0.00223845
1327 0.693507 0.525442 0.00208922
1328 0.693507 0.527778 0.00231965
1329 0.693507 0.530294 0.00226317
1330 0.693507 0.534167 0.00195903
1331 0.693507 0.525546 0.0024521
1332 0.693507 0.525792 0.00225132
1333 0.693507 0.525249 0.00221336
1334 0.693507 0.523351 0.0020693
1335 0.693507 0.528273 0.00214653
1336 0.693507 0.535912 0.0021326
1337 0.693507 0.53155 0.00201398
1338 0.693507 0.532913 0.00229112
1339 0.693507 0.526227 0.00213543
1340 0.693507 0.5272 0.00211943
1341 0.693507 0.526959 0.00211415
1342 0.693507 0.523001 0.00238766
1343 0.693507 0.522559 0.00251113
1344 0.693507 0.518871 0.00241097
1345 0.693507 0.521196 0.00228389
1346 0.693507 0.523241 0.00229106
1347 0.693507 0.52656 0.00253991
1348 0.693507 0.530052 0.00226804
1349 0.693507 0.529198 0.00231801
1350 0.693507 0.528336 0.00232408
1351 0.693507 0.524257 0.0024451
1352 0.693507 0.524946 0.00234025
1353 0.693507 0.525089 0.00238709
1354 0.693507 0.528207 0.00215437
1355 0.693507 0.528651 0.00221261
1356 0.693507 0.527058 0.00202757
1357 0.693507 0.53179 0.00223048
1358 0.693507 0.528116 0.00194111
1359 0.693507 0.521548 0.00217667
1360 0.693507 0.522475 0.00237362
1361 0.693507 0.526288 0.00236021
1362 0.693507 0.528623 0.00241251
1363 0.693507 0.529481 0.00215273
1364 0.693507 0.527088 0.00224591
1365 0.693507 0.526635 0.00225013
1366 0.693507 0.532268 0.00222319
1367 0.693507 0.524464 0.00205678
1368 0.693507 0.5238 0.00235999
1369 0.693507 0.525256 0.00219579
1370 0.693507 0.526671 0.0023576
1371 0.693507 0.521915 0.00244035
1372 0.693507 0.523176 0.00221434
1373 0.693507 0.531502 0.00278006
1374 0.693507 0.526971 0.00239279
1375 0.693507 0.52306 0.00227475
1376 0.693507 0.521442 0.00219685
1377 0.693507 0.521361 0.00235953
1378 0.693507 0.522534 0.00218735
1379 0.693507 0.522537 0.0022455
1380 0.693507 0.521713 0.00219852
1381 0.693507 0.526487 0.00214312
1382 0.693507 0.527846 0.00234744
1383 0.693507 0.531273 0.00212857
1384 0.693507 0.527679 0.00242021
1385 0.693507 0.531627 0.0022678
1386 0.693507 0.535389 0.00217596
1387 0.693507 0.532027 0.00210936
1388 0.693507 0.532308 0.00232912
1389 0.693507 0.53548 0.00232001
1390 0.693507 0.526953 0.00237992
1391 0.693507 0.531687 0.00225976
1392 0.693507 0.533587 0.00213359
1393 0.693507 0.529518 0.00211637
1394 0.693507 0.527421 0.00212918
1395 0.693507 0.529398 0.00218123
1396 0.693507 0.530275 0.00235248
1397 0.693507 0.522401 0.00231921
1398 0.693507 0.525626 0.00238764
1399 0.693507 0.530544 0.00212236
1400 0.693507 0.529835 0.00226262
1401 0.693507 0.527949 0.00242105
1402 0.693507 0.53033 0.00240156
1403 0.693507 0.528433 0.0023274
1404 0.693507 0.523574 0.0022621
1405 0.693507 0.52135 0.00245911
1406 0.693507 0.524551 0.00209884
1407 0.693507 0.524988 0.00235185
1408 0.693507 0.529629 0.00223205
1409 0.693507 0.531418 0.0020963
1410 0.693507 0.531617 0.002343
1411 0.693507 0.534349 0.00216871
1412 0.693507 0.527309 0.00232006
1413 0.693507 0.533064 0.00214572
1414 0.693507 0.533299 0.00221753
1415 0.693507 0.529077 0.00224618
1416 0.693507 0.532978 0.00252104
1417 0.693507 0.519328 0.0021487
1418 0.693507 0.527371 0.00221465
1419 0.693507 0.528504 0.00218528
1420 0.693507 0.528554 0.00216391
1421 0.693507 0.529064 0.00200813
1422 0.693507 0.529528 0.00213278
1423 0.693507 0.525097 0.00236706
1424 0.693507 0.527249 0.00228468
1425 0.693507 0.530641 0.00238
1426 0.693507 0.525896 0.0020658
1427 0.693507 0.53308 0.00197198
1428 0.693507 0.526243 0.00226994
1429 0.693507 0.526932 0.00246368
1430 0.693507 0.527496 0.00234591
1431 0.693507 0.52429 0.00195291
1432 0.693507 0.528596 0.00218821
1433 0.693507 0.523394 0.00254141
1434 0.693507 0.523045 0.0022711
1435 0.693507 0.527982 0.00205811
1436 0.693507 0.528405 0.00226738
1437 0.693507 0.527564 0.00207256
1438 0.693507 0.521868 0.00252026
1439 0.693507 0.524246 0.00196577
1440 0.693507 0.531855 0.00267459
1441 0.693507 0.528019 0.00230216
1442 0.693507 0.523727 0.00258565
1443 0.693507 0.525919 0.0019261
1444 0.693507 0.528847 0.00228339
1445 0.693507 0.52577 0.00230858
1446 0.693507 0.525574 0.00229425
1447 0.693507 0.522242 0.00201424
1448 0.693507 0.533303 0.00180587
1449 0.693507 0.525639 0.00209814
1450 0.693507 0.52719 0.00205585
1451 0.693507 0.523042 0.00223385
1452 0.693507 0.523354 0.00213904
1453 0.693507 0.524278 0.00243037
1454 0.693507 0.521545 0.00221026
1455 0.693507 0.527205 0.00209341
1456 0.693507 0.52191 0.0020527
1457 0.693507 0.525608 0.00215545
1458 0.693507 0.522339 0.00221546
1459 0.693507 0.521393 0.00247404
1460 0.693507 0.519835 0.00235539
1461 0.693507 0.524564 0.00216527
1462 0.693507 0.5182 0.00227915
1463 0.693507 0.523953 0.00213394
1464 0.693507 0.520145 0.00231703
1465 0.693507 0.52239 0.00213903
1466 0.693507 0.520911 0.00219275
1467 0.693507 0.520027 0.00207518
1468 0.693507 0.520425 0.00202585
1469 0.693507 0.520974 0.00231952
1470 0.693507 0.521016 0.00272897
1471 0.693507 0.519511 0.00189362
1472 0.693507 0.525595 0.00229621
1473 0.693507 0.523843 0.00232858
1474 0.693507 0.523098 0.00209005
1475 0.693507 0.529082 0.00215195
1476 0.693507 0.529763 0.00197319
1477 0.693507 0.521474 0.00208575
1478 0.693507 0.517941 0.00220757
1479 0.693507 0.522861 0.00228284
1480 0.693507 0.524475 0.00219606
1481 0.693507 0.525479 0.00243217
1482 0.693507 0.52655 0.0024292
1483 0.693507 0.527265 0.00230795
1484 0.693507 0.525811 0.00237606
1485 0.693507 0.529298 0.00225415
1486 0.693507 0.525711 0.00222857
1487 0.693507 0.526894 0.00230653
1488 0.693507 0.533011 0.0022721
1489 0.693507 0.528441 0.00276016
1490 0.693507 0.529421 0.00228953
1491 0.693507 0.527708 0.00229853
1492 0.693507 0.527206 0.0020217
1493 0.693507 0.527616 0.00207115
1494 0.693507 0.531962 0.00227354
1495 0.693507 0.532244 0.00220082
1496 0.693507 0.530767 0.00195212
1497 0.693507 0.522862 0.00228202
1498 0.693507 0.526372 0.00228553
1499 0.693507 0.523584 0.00207697
1500 0.693507 0.524838 0.00222085
1501 0.693507 0.528632 0.00205645
1502 0.693507 0.523167 0.00232195
1503 0.693507 0.526567 0.00243071
1504 0.693507 0.526013 0.00189954
1505 0.693507 0.531063 0.00238627
1506 0.693507 0.528628 0.0022983
1507 0.693507 0.524557 0.00214138
1508 0.693507 0.527561 0.00217213
1509 0.693507 0.526843 0.00202314
1510 0.693507 0.521246 0.0025391
1511 0.693507 0.526139 0.00209547
1512 0.693507 0.525842 0.00223081
1513 0.693507 0.519786 0.0022531
1514 0.693507 0.52187 0.00207783
1515 0.693507 0.520964 0.00227398
1516 0.693507 0.532128 0.0020265
1517 0.693507 0.528641 0.00200413
1518 0.693507 0.526803 0.00199983
1519 0.693507 0.530779 0.0023664
1520 0.693507 0.524751 0.00230753
1521 0.693507 0.52403 0.00233518
1522 0.693507 0.52967 0.00228985
1523 0.693507 0.525781 0.00221721
1524 0.693507 0.529888 0.00208373
1525 0.693507 0.525851 0.00198221
1526 0.693507 0.528793 0.0022209
1527 0.693507 0.524982 0.0020193
1528 0.693507 0.528592 0.00225358
1529 0.693507 0.522638 0.00225246
1530 0.693507 0.530185 0.00219695
1531 0.693507 0.527858 0.00202
1532 0.693507 0.52685 0.0021868
1533 0.693507 0.528447 0.0022181
1534 0.693507 0.525515 0.00193809
1535 0.693507 0.52398 0.00226288
1536 0.693507 0.521318 0.00202229
1537 0.693507 0.526245 0.00215174
1538 0.693507 0.527736 0.00207603
1539 0.693507 0.525349 0.00241765
1540 0.693507 0.528916 0.00224123
1541 0.693507 0.530072 0.00211864
1542 0.693507 0.523299 0.00195294
1543 0.693507 0.522203 0.00236546
1544 0.693507 0.522359 0.00235025
1545 0.693507 0.529987 0.00249844
1546 0.693507 0.524385 0.00226428
1547 0.693507 0.520872 0.00282116
1548 0.693507 0.519132 0.00221861
1549 0.693507 0.522509 0.00241953
1550 0.693507 0.524375 0.00233437
1551 0.693507 0.525703 0.00227147
1552 0.693507 0.524909 0.00216582
1553 0.693507 0.52874 0.00217358
1554 0.693507 0.529796 0.00234122
1555 0.693507 0.528226 0.00213577
1556 0.693507 0.527087 0.00205977
1557 0.693507 0.526394 0.00226924
1558 0.693507 0.530461 0.00212603
1559 0.693507 0.527217 0.00258869
1560 0.693507 0.52715 0.0021155
1561 0.693507 0.524952 0.00226862
1562 0.693507 0.52486 0.00252413
1563 0.693507 0.529447 0.00216136
1564 0.693507 0.523136 0.00220574
1565 0.693507 0.526904 0.00237905
1566 0.693507 0.522683 0.00259489
1567 0.693507 0.525114 0.00236461
1568 0.693507 0.526814 0.00254739
1569 0.693507 0.521876 0.00230359
1570 0.693507 0.526737 0.00218292
1571 0.693507 0.531547 0.00228676
1572 0.693507 0.528654 0.00225108
1573 0.693507 0.532093 0.00233537
1574 0.693507 0.52747 0.00231025
1575 0.693507 0.525402 0.00214838
1576 0.693507 0.529348 0.00201496
1577 0.693507 0.526164 0.00184188
1578 0.693507 0.530852 0.00209047
1579 0.693507 0.530376 0.00223778
1580 0.693507 0.525922 0.00226646
1581 0.693507 0.529769 0.0022382
1582 0.693507 0.525752 0.00224678
1583 0.693507 0.529773 0.00215138
1584 0.693507 0.523653 0.00244532
1585 0.693507 0.524598 0.00231318
1586 0.693507 0.524326 0.00205302
1587 0.693507 0.528359 0.00219339
1588 0.693507 0.523367 0.0023425
1589 0.693507 0.526708 0.00258549
1590 0.693507 0.52576 0.00208953
1591 0.693507 0.527596 0.00222781
1592 0.693507 0.522254 0.00228351
1593 0.693507 0.524541 0.00211355
1594 0.693507 0.525744 0.0022708
1595 0.693507 0.52177 0.00220864
1596 0.693507 0.524075 0.00223657
1597 0.693507 0.52703 0.00216567
1598 0.693507 0.523539 0.0023195
1599 0.693507 0.523246 0.00215881
1600 0.693507 0.521266 0.00222312
1601 0.693507 0.525954 0.00224681
1602 0.693507 0.532355 0.00222538
1603 0.693507 0.529192 0.00218006
1604 0.693507 0.529362 0.00201402
1605 0.693507 0.522795 0.00255379
1606 0.693507 0.530295 0.00219997
1607 0.693507 0.532806 0.00230114
1608 0.693507 0.527142 0.00233898
1609 0.693507 0.528014 0.0021373
1610 0.693507 0.526938 0.00217763
1611 0.693507 0.53128 0.00218757
1612 0.693507 0.527917 0.00221997
1613 0.693507 0.530259 0.00215004
1614 0.693507 0.526046 0.00208881
1615 0.693507 0.526342 0.0024524
1616 0.693507 0.524039 0.002413
1617 0.693507 0.520942 0.00242035
1618 0.693507 0.520649 0.00231662
1619 0.693507 0.519638 0.00218068
1620 0.693507 0.525214 0.0021219
1621 0.693507 0.527414 0.00240391
1622 0.693507 0.534693 0.00237693
1623 0.693507 0.528651 0.00227323
1624 0.693507 0.533903 0.00240204
1625 0.693507 0.525519 0.00242165
1626 0.693507 0.530522 0.00239267
1627 0.693507 0.534676 0.00229704
1628 0.693507 0.530676 0.00195065
1629 0.693507 0.529302 0.00218999
1630 0.693507 0.525851 0.00207706
1631 0.693507 0.527203 0.00197116
1632 0.693507 0.527237 0.00223739
1633 0.693507 0.523569 0.00211047
1634 0.693507 0.523642 0.00218519
1635 0.693507 0.52427 0.00219695
1636 0.693507 0.522232 0.00203261
1637 0.693507 0.531858 0.00203657
1638 0.693507 0.532771 0.00200303
1639 0.693507 0.529711 0.00216182
1640 0.693507 0.527573 0.00243892
1641 0.693507 0.525412 0.00247994
1642 0.693507 0.520482 0.0022352
1643 0.693507 0.525619 0.00226841
1644 0.693507 0.531506 0.00260733
1645 0.693507 0.52759 0.0024108
1646 0.693507 0.525677 0.00205002
1647 0.693507 0.527609 0.00235604
1648 0.693507 0.523377 0.00216211
1649 0.693507 0.529608 0.00245608
1650 0.693507 0.525621 0.00247246
1651 0.693507 0.52709 0.0021547
1652 0.693507 0.527665 0.00222705
1653 0.693507 0.529681 0.00266823
1654 0.693507 0.53179 0.0021595
1655 0.693507 0.531467 0.00251942
1656 0.693507 0.524954 0.00258863
1657 0.693507 0.522556 0.00218967
1658 0.693507 0.524392 0.00210751
1659 0.693507 0.525561 0.00234775
1660 0.693507 0.523256 0.00216122
1661 0.693507 0.528759 0.00199722
1662 0.693507 0.526035 0.00202376
1663 0.693507 0.521312 0.00219842
1664 0.693507 0.529113 0.00245014
1665 0.693507 0.529658 0.00213527
1666 0.693507 0.528169 0.00234371
1667 0.693507 0.527804 0.00216725
1668 0.693507 0.527461 0.00221963
1669 0.693507 0.522975 0.00217627
1670 0.693507 0.52468 0.00212371
1671 0.693507 0.526468 0.00219774
1672 0.693507 0.529249 0.00249275
1673 0.693507 0.526161 0.0023954
1674 0.693507 0.529666 0.00216334
1675 0.693507 0.526884 0.00194073
1676 0.693507 0.533819 0.00221969
1677 0.693507 0.526591 0.00210981
1678 0.693507 0.529379 0.00214401
1679 0.693507 0.525351 0.00230341
1680 0.693507 0.526318 0.00222664
1681 0.693507 0.530796 0.00221841
1682 0.693507 0.527147 0.00239955
1683 0.693507 0.526147 0.00270284
1684 0.693507 0.52277 0.00238008
1685 0.693507 0.527663 0.00260566
1686 0.693507 0.529521 0.00215902
1687 0.693507 0.530451 0.00265325
1688 0.693507 0.530542 0.00223162
1689 0.693507 0.527642 0.00237468
1690 0.693507 0.526556 0.00244258
1691 0.693507 0.526288 0.00236384
1692 0.693507 0.530518 0.00228319
1693 0.693507 0.528403 0.00230852
1694 0.693507 0.520234 0.00212816
1695 0.693507 0.522115 0.00225554
1696 0.693507 0.525426 0.00229869
1697 0.693507 0.529076 0.00217089
1698 0.693507 0.523399 0.0027256
1699 0.693507 0.527777 0.00212381
1700 0.693507 0.530685 0.00251617
1701 0.693507 0.526709 0.00227352
1702 0.693507 0.519562 0.0023899
1703 0.693507 0.522247 0.00264834
1704 0.693507 0.524927 0.00304523
1705 0.693507 0.520621 0.00247343
1706 0.693507 0.529131 0.00229976
1707 0.693507 0.525549 0.00241504
1708 0.693507 0.532759 0.00216766
1709 0.693507 0.5265 0.00208771
1710 0.693507 0.531407 0.00185321
1711 0.693507 0.528744 0.00243982
1712 0.693507 0.524997 0.00209455
1713 0.693507 0.528208 0.00226282
1714 0.693507 0.530467 0.00208197
1715 0.693507 0.533842 0.00223287
1716 0.693507 0.528386 0.00218571
1717 0.693507 0.531556 0.00207627
1718 0.693507 0.529007 0.00231186
1719 0.693507 0.531558 0.00215203
1720 0.693507 0.530116 0.002131
1721 0.693507 0.528408 0.00207082
1722 0.693507 0.521516 0.00228407
1723 0.693507 0.530692 0.00236121
1724 0.693507 0.529729 0.00213742
1725 0.693507 0.529875 0.00222805
1726 0.693507 0.527642 0.00232865
1727 0.693507 0.528574 0.0019967
1728 0.693507 0.532053 0.00218701
1729 0.693507 0.533011 0.00178756
1730 0.693507 0.534907 0.00200999
1731 0.693507 0.531422 0.002123
1732 0.693507 0.52936 0.00232866
1733 0.693507 0.524964 0.00214485
1734 0.693507 0.519555 0.00201725
1735 0.693507 0.525961 0.00234261
1736 0.693507 0.524281 0.00208332
1737 0.693507 0.524936 0.0023762
1738 0.693507 0.526954 0.00207203
1739 0.693507 0.525504 0.00225564
1740 0.693507 0.530955 0.00223235
1741 0.693507 0.53137 0.00193493
1742 0.693507 0.531054 0.00217744
1743 0.693507 0.53478 0.00204823
1744 0.693507 0.52827 0.00202926
1745 0.693507 0.528019 0.00215314
1746 0.693507 0.526838 0.00215707
1747 0.693507 0.534607 0.00217294
1748 0.693507 0.532847 0.00172981
1749 0.693507 0.531884 0.00201446
1750 0.693507 0.526292 0.00213352
1751 0.693507 0.521441 0.00216694
1752 0.693507 0.525275 0.00223085
1753 0.693507 0.527028 0.00210778
1754 0.693507 0.532402 0.00221955
1755 0.693507 0.523496 0.00216427
1756 0.693507 0.526932 0.00204333
1757 0.693507 0.526269 0.00238192
1758 0.693507 0.521593 0.00199362
1759 0.693507 0.52377 0.00239231
1760 0.693507 0.527312 0.00213092
1761 0.693507 0.529212 0.00209565
1762 0.693507 0.523454 0.00210641
1763 0.693507 0.530011 0.00191573
1764 0.693507 0.530079 0.00231435
1765 0.693507 0.527113 0.00206272
1766 0.693507 0.531947 0.0020158
1767 0.693507 0.528488 0.0021931
1768 0.693507 0.530536 0.00202453
1769 0.693507 0.53198 0.00202886
1770 0.693507 0.525651 0.00228372
1771 0.693507 0.531725 0.00211014
1772 0.693507 0.525507 0.00205954
1773 0.693507 0.528355 0.00227387
1774 0.693507 0.523764 0.00222297
1775 0.693507 0.533504 0.00230418
1776 0.693507 0.529427 0.00246447
1777 0.693507 0.527284 0.00207899
1778 0.693507 0.524101 0.00240649
1779 0.693507 0.533476 0.00218144
1780 0.693507 0.524761 0.00232442
1781 0.693507 0.523387 0.00253321
1782 0.693507 0.529528 0.00225954
1783 0.693507 0.532774 0.00236733
1784 0.693507 0.533021 0.00218428
1785 0.693507 0.527699 0.00215679
1786 0.693507 0.532591 0.00220019
1787 0.693507 0.526445 0.00204711
1788 0.693507 0.524656 0.00205229
1789 0.693507 0.530482 0.00210029
1790 0.693507 0.532374 0.00192907
1791 0.693507 0.532927 0.00186329
1792 0.693507 0.530804 0.00204789
1793 0.693507 0.533232 0.00237107
1794 0.693507 0.535206 0.00207643
1795 0.693507 0.53407 0.00236304
1796 0.693507 0.530282 0.00204813
1797 0.693507 0.524526 0.00242572
1798 0.693507 0.530889 0.00209265
1799 0.693507 0.526944 0.00237561
1800 0.693507 0.529252 0.0022475
1801 0.693507 0.533031 0.0022911
1802 0.693507 0.527533 0.00225399
1803 0.693507 0.526632 0.00230928
1804 0.693507 0.52727 0.00209856
1805 0.693507 0.523387 0.00190167
1806 0.693507 0.521937 0.00207887
1807 0.693507 0.530386 0.00211346
1808 0.693507 0.527911 0.00221286
1809 0.693507 0.530911 0.00235265
1810 0.693507 0.529164 0.00218284
1811 0.693507 0.531112 0.00231679
1812 0.693507 0.531577 0.00197882
1813 0.693507 0.531436 0.0021962
1814 0.693507 0.531173 0.00238893
1815 0.693507 0.529626 0.00226079
1816 0.693507 0.525916 0.00225288
1817 0.693507 0.534162 0.00226264
1818 0.693507 0.533392 0.00218344
1819 0.693507 0.530582 0.00226842
1820 0.693507 0.529448 0.00227025
1821 0.693507 0.534276 0.00216056
1822 0.693507 0.533839 0.00223992
1823 0.693507 0.535747 0.00213348
1824 0.693507 0.525746 0.00212418
1825 0.693507 0.529338 0.00206612
1826 0.693507 0.529312 0.00215879
1827 0.693507 0.534235 0.00212322
1828 0.693507 0.53689 0.00239763
1829 0.693507 0.535879 0.00199132
1830 0.693507 0.528243 0.00218531
1831 0.693507 0.5387 0.00194959
1832 0.693507 0.528442 0.00231971
1833 0.693507 0.533209 0.00198612
1834 0.693507 0.532775 0.00220665
1835 0.693507 0.530963 0.00214435
1836 0.693507 0.532105 0.00243396
1837 0.693507 0.536996 0.00186896
1838 0.693507 0.532891 0.00219789
1839 0.693507 0.535396 0.00163735
1840 0.693507 0.529753 0.0020962
1841 0.693507 0.532693 0.00214239
1842 0.693507 0.52702 0.00230925
1843 0.693507 0.532596 0.00217808
1844 0.693507 0.527187 0.00228336
1845 0.693507 0.527126 0.00231752
1846 0.693507 0.529221 0.00208561
1847 0.693507 0.532037 0.00227956
1848 0.693507 0.531262 0.00212977
1849 0.693507 0.533458 0.00200454
1850 0.693507 0.535768 0.00216572
1851 0.693507 0.530232 0.00224118
1852 0.693507 0.533457 0.00199529
1853 0.693507 0.530546 0.0017018
1854 0.693507 0.531656 0.0020069
1855 0.693507 0.529136 0.00210601
1856 0.693507 0.527022 0.00220189
1857 0.693507 0.53525 0.00219189
1858 0.693507 0.532244 0.00217979
1859 0.693507 0.533679 0.00229409
1860 0.693507 0.530724 0.0020916
1861 0.693507 0.53237 0.00212793
1862 0.693507 0.53158 0.00206554
1863 0.693507 0.530125 0.00235089
1864 0.693507 0.525301 0.0022428
1865 0.693507 0.52472 0.00224887
1866 0.693507 0.520076 0.002083
1867 0.693507 0.520955 0.00283886
1868 0.693507 0.529167 0.00249802
1869 0.693507 0.530925 0.00225454
1870 0.693507 0.530762 0.00216251
1871 0.693507 0.529838 0.0020769
1872 0.693507 0.52881 0.00219989
1873 0.693507 0.525476 0.00239842
1874 0.693507 0.519105 0.00242433
1875 0.693507 0.52882 0.0022051
1876 0.693507 0.536866 0.00196894
1877 0.693507 0.533234 0.00254696
1878 0.693507 0.527324 0.00283985
1879 0.693507 0.531437 0.00219643
1880 0.693507 0.531381 0.00237767
1881 0.693507 0.532392 0.00249425
1882 0.693507 0.529055 0.00237629
1883 0.693507 0.532225 0.00243825
1884 0.693507 0.531992 0.00233274
1885 0.693507 0.520006 0.0023012
1886 0.693507 0.522308 0.00230615
1887 0.693507 0.528854 0.0024591
1888 0.693507 0.52708 0.00264275
1889 0.693507 0.524345 0.0021644
1890 0.693507 0.528231 0.00222307
1891 0.693507 0.529994 0.00213574
1892 0.693507 0.524041 0.00214373
1893 0.693507 0.531855 0.00237192
1894 0.693507 0.52856 0.00224677
1895 0.693507 0.527184 0.00217006
1896 0.693507 0.530372 0.00213744
1897 0.693507 0.527531 0.00219993
1898 0.693507 0.528075 0.0023104
1899 0.693507 0.52768 0.00249443
1900 0.693507 0.527891 0.00251817
1901 0.693507 0.530585 0.00248915
1902 0.693507 0.532127 0.00228588
1903 0.693507 0.524028 0.00203334
1904 0.693507 0.531267 0.00255462
1905 0.693507 0.53227 0.00247988
1906 0.693507 0.526764 0.00232558
1907 0.693507 0.534925 0.00210958
1908 0.693507 0.529348 0.00212296
1909 0.693507 0.523754 0.00232459
1910 0.693507 0.524942 0.00242135
1911 0.693507 0.527013 0.0022743
1912 0.693507 0.533052 0.00236718
1913 0.693507 0.526104 0.00233492
1914 0.693507 0.527791 0.00221301
1915 0.693507 0.531106 0.00216513
1916 0.693507 0.526595 0.00243704
1917 0.693507 0.52925 0.00243529
1918 0.693507 0.524486 0.00215223
1919 0.693507 0.526691 0.00197856
1920 0.693507 0.5233 0.00249497
1921 0.693507 0.523983 0.00204195
1922 0.693507 0.523872 0.00239994
1923 0.693507 0.525123 0.00225023
1924 0.693507 0.525 0.00217927
1925 0.693507 0.524527 0.00219325
1926 0.693507 0.52752 0.0024996
1927 0.693507 0.52655 0.0022946
1928 0.693507 0.528095 0.00235231
1929 0.693507 0.527618 0.00209553
1930 0.693507 0.529123 0.00237528
1931 0.693507 0.526909 0.00227102
1932 0.693507 0.527446 0.002388
1933 0.693507 0.524829 0.00218621
1934 0.693507 0.529298 0.00217314
1935 0.693507 0.52749 0.00221372
1936 0.693507 0.524476 0.00227925
1937 0.693507 0.522521 0.00229157
1938 0.693507 0.525553 0.00227196
1939 0.693507 0.526905 0.00239577
1940 0.693507 0.534531 0.00212779
1941 0.693507 0.529009 0.00205026
1942 0.693507 0.526158 0.00228961
1943 0.693507 0.526421 0.00206177
1944 0.693507 0.521173 0.00222666
1945 0.693507 0.519107 0.00185802
1946 0.693507 0.522774 0.00256855
1947 0.693507 0.52381 0.0025889
1948 0.693507 0.523333 0.00203506
1949 0.693507 0.526034 0.00229138
1950 0.693507 0.531428 0.00241742
1951 0.693507 0.52588 0.00240285
1952 0.693507 0.522904 0.00222542
1953 0.693507 0.530641 0.00264979
1954 0.693507 0.524043 0.00295076
1955 0.693507 0.531221 0.0023089
1956 0.693507 0.528878 0.00217331
1957 0.693507 0.53312 0.00233667
1958 0.693507 0.522588 0.00236593
1959 0.693507 0.528794 0.00218476
1960 0.693507 0.52448 0.0027949
1961 0.693507 0.528227 0.00255913
1962 0.693507 0.520297 0.00245252
1963 0.693507 0.522615 0.00231377
1964 0.693507 0.52933 0.0023985
1965 0.693507 0.530018 0.00227681
1966 0.693507 0.529277 0.00231842
1967 0.693507 0.53375 0.00218374
1968 0.693507 0.527261 0.00228828
1969 0.693507 0.527691 0.00248712
1970 0.693507 0.534146 0.0022883
1971 0.693507 0.533944 0.00206276
1972 0.693507 0.534483 0.00242884
1973 0.693507 0.532998 0.00195973
1974 0.693507 0.534136 0.00221974
1975 0.693507 0.530404 0.00213676
1976 0.693507 0.532347 0.00201301
1977 0.693507 0.532668 0.00218328
1978 0.693507 0.530897 0.00229357
1979 0.693507 0.523984 0.00234549
1980 0.693507 0.5319 0.00219386
1981 0.693507 0.526515 0.00205763
1982 0.693507 0.525189 0.00236729
1983 0.693507 0.528998 0.00220694
1984 0.693507 0.525136 0.00215152
1985 0.693507 0.530866 0.00212933
1986 0.693507 0.521406 0.00208213
1987 0.693507 0.527674 0.00232373
1988 0.693507 0.523757 0.00240912
1989 0.693507 0.52589 0.00230166
1990 0.693507 0.529733 0.00207807
1991 0.693507 0.52958 0.00226351
1992 0.693507 0.5314 0.00236487
1993 0.693507 0.535836 0.00225365
1994 0.693507 0.528474 0.00221776
1995 0.693507 0.537376 0.00215538
1996 0.693507 0.532609 0.00202097
1997 0.693507 0.527885 0.00207846
1998 0.693507 0.530842 0.00207015
1999 0.693507 0.530294 0.00219706
2000 0.693507 0.534856 0.00215856
