4
1
0.057792
0.267446
1
-53.0943
2.94972
0
-63.664
7.35902
0
-62.3118
2.57791
0
-61.9949
7.8672
0
0.406134
0.62574
0.331312
0.0336747
0.315587
0.70113
1.86412
0.522599
0.520563
1.57346
1.49872
0.416262
1.19226
0.314951
0.498727
0.652182
0.714449
1.79327
2
0.140992
0.461534
1.77305
0.798303
0.408317
0.347375
0.114283
1.26643
1.66503
1.88574
1.74602
1.73996
0.469328
1.38948
1.91017
0.0198025
1.21544
0.12206
1.01137
1.49945
0.594975
0.00545404
1.70177
1.81625
0.0793548
0.25402
0.68014
0.0928089
0.93935
0.776268
1.23369
1.62113
0.603312
0.429591
0.76443
0.844952
1.04329
0.666602
0.0370261
1.80836
1.99543
0.770954
0.737969
0.286546
0.867709
1.55662
1.12491
0
1.64559
1.38814
0.829808
0.490214
1.69336
0.93441
0.39862
1.61256
