4
1
-56.4305
2.76191
0
-50
7.54089
0
-52.4396
4.4548
0
-51.37
3.275
0
0.139847
0.234752
1
0
1.11608
0.310929
1.62263
0.886203
0.519654
1.53854
0.108075
0.505298
0.865774
2
0.344474
0.26473
1.01702
1.4555
1.72407
1.78513
1.11895
0.348114
0.95343
1.99629
0.355655
0.644
0.77656
0.375356
1.71494
0.444598
1.80035
0
1.74616
0.176697
0.249564
1.70318
1.86487
0.0859785
1.25274
1.99999
1.15843
1.30971
0.651663
0.25083
1.76043
1.15041
0.691405
1.77392
0.759337
1.49038
1.12097
1.95894
0.400705
1.99987
0.311223
0.167396
1.10158
0.110806
0.631059
1.65062
1.35072
0
0.892813
1.42393
0.541113
2
1.1636
0.209998
1.32261
0.313256
0.114328
1.79254
1.01403e-05
0.814837
1.77904
0.333926
0.595069
1.41868
0.226671
813.336
