0 0.529115 0.499697 8.78135e-05
1 0.532192 0.499751 0.00012684
2 0.532192 0.498573 0.000159764
3 0.534935 0.501393 0.000138944
4 0.534935 0.498415 0.000146747
5 0.534935 0.498431 9.80964e-05
6 0.549778 0.49864 0.000206002
7 0.549778 0.500665 0.000184652
8 0.549778 0.499117 0.000203783
9 0.552211 0.500604 0.000206629
10 0.552211 0.499468 0.000232448
11 0.552211 0.49933 0.000278936
12 0.552211 0.499513 0.000334248
13 0.552211 0.499519 0.000232499
14 0.552211 0.500167 0.000262775
15 0.560115 0.501224 0.000303783
16 0.560115 0.499599 0.00028233
17 0.560115 0.502647 0.000249726
18 0.560115 0.4992 0.000232168
19 0.563117 0.499069 0.000319618
20 0.563117 0.501175 0.000256096
21 0.563117 0.500369 0.000267146
22 0.563117 0.499745 0.00022991
23 0.56984 0.50209 0.000320861
24 0.56984 0.499345 0.000363606
25 0.56984 0.499357 0.000288597
26 0.56984 0.504067 0.00033458
27 0.56984 0.501309 0.000266773
28 0.56984 0.500375 0.000334225
29 0.56984 0.500119 0.000333666
30 0.569989 0.50209 0.000405718
31 0.569989 0.500117 0.00039055
32 0.569989 0.503871 0.000393689
33 0.569989 0.503123 0.000512051
34 0.569989 0.503684 0.000434265
35 0.569989 0.502931 0.000483333
36 0.573967 0.501132 0.000421792
37 0.573967 0.501246 0.00045934
38 0.573967 0.501771 0.000471504
39 0.573967 0.502062 0.00050855
40 0.573967 0.501256 0.000358048
41 0.573967 0.501331 0.000365091
42 0.59121 0.501246 0.000667109
43 0.59121 0.504715 0.000539585
44 0.59121 0.502921 0.000478146
45 0.59121 0.502707 0.00043142
46 0.59121 0.500985 0.000457947
47 0.59121 0.500593 0.000505065
48 0.59121 0.50291 0.000458244
49 0.59121 0.50399 0.000613238
50 0.59121 0.500711 0.000618581
51 0.59121 0.502243 0.000698633
52 0.59121 0.502461 0.000589326
53 0.59121 0.502619 0.000584589
54 0.59121 0.499724 0.000606151
55 0.59121 0.501378 0.000784354
56 0.59121 0.502132 0.000657103
57 0.59121 0.501736 0.000623173
58 0.59121 0.501041 0.000628356
59 0.59121 0.505004 0.000641716
60 0.59121 0.504969 0.000686641
61 0.59121 0.505658 0.000801088
62 0.59121 0.501972 0.000594332
63 0.59121 0.504542 0.000702685
64 0.59121 0.503476 0.00080499
65 0.59121 0.504459 0.000720532
66 0.593655 0.505209 0.000787329
67 0.593655 0.505171 0.000860527
68 0.593655 0.505951 0.000772655
69 0.595845 0.50609 0.000881622
70 0.595845 0.506299 0.00084969
71 0.595845 0.505978 0.000819781
72 0.595845 0.50639 0.000836185
73 0.595845 0.506574 0.000734204
74 0.595845 0.505622 0.000843741
75 0.604196 0.509547 0.000852332
76 0.604196 0.505302 0.000872289
77 0.604196 0.510103 0.000836027
78 0.604196 0.508406 0.000856681
79 0.604196 0.507359 0.00101481
80 0.604196 0.504638 0.000943702
81 0.604196 0.506149 0.000906563
82 0.611131 0.511785 0.000968456
83 0.611131 0.51143 0.00104456
84 0.611131 0.508212 0.00101983
85 0.611131 0.510776 0.00109419
86 0.611131 0.51233 0.00108271
87 0.611131 0.511747 0.00119724
88 0.611131 0.51386 0.0012273
89 0.611131 0.505778 0.00118283
90 0.611131 0.508724 0.00111262
91 0.611131 0.515156 0.00105642
92 0.611131 0.512146 0.00122229
93 0.611131 0.509296 0.00112443
94 0.611131 0.512419 0.00108146
95 0.611131 0.516337 0.000958271
96 0.611131 0.513787 0.00124176
97 0.611131 0.512139 0.00132868
98 0.611131 0.507772 0.00100701
99 0.611131 0.5088 0.00113443
100 0.611131 0.515244 0.00106427
101 0.611131 0.515484 0.00116698
102 0.611131 0.510775 0.001059
103 0.611131 0.509993 0.00112935
104 0.611131 0.510472 0.000892352
105 0.611131 0.51077 0.00110939
106 0.611131 0.517757 0.0012612
107 0.611131 0.520186 0.000896012
108 0.611131 0.520752 0.000939888
109 0.611131 0.520761 0.00102701
110 0.611131 0.522248 0.0010556
111 0.611131 0.522374 0.0010023
112 0.611131 0.51795 0.00118449
113 0.611131 0.521301 0.00109477
114 0.611131 0.525207 0.00102046
115 0.611131 0.51874 0.00126209
116 0.611131 0.521548 0.00127967
117 0.611131 0.521471 0.00121449
118 0.613385 0.518561 0.00145856
119 0.613385 0.521079 0.00122349
120 0.613385 0.515977 0.00148437
121 0.613385 0.513871 0.00132896
122 0.613385 0.52202 0.00157337
123 0.613385 0.519889 0.0012547
124 0.613385 0.518011 0.00152471
125 0.613385 0.52012 0.00138603
126 0.613385 0.516783 0.00141708
127 0.613385 0.523356 0.00119201
128 0.613385 0.526191 0.00127632
129 0.613385 0.522874 0.00139946
130 0.613385 0.523088 0.00156989
131 0.613385 0.524278 0.00150646
132 0.613385 0.523249 0.00146603
133 0.613385 0.517218 0.00127587
134 0.613385 0.522551 0.00128827
135 0.613385 0.526407 0.00133325
136 0.613385 0.525647 0.00127607
137 0.613385 0.52855 0.00139953
138 0.613385 0.519269 0.00159439
139 0.613385 0.522458 0.00138707
140 0.613385 0.523915 0.00151221
141 0.613385 0.525744 0.00135423
142 0.613385 0.52399 0.00137448
143 0.613385 0.525283 0.00133532
144 0.613385 0.525345 0.00140437
145 0.613385 0.526177 0.0014166
146 0.613385 0.524783 0.00133113
147 0.613385 0.521261 0.0013924
148 0.613385 0.523968 0.00157095
149 0.613385 0.522401 0.00139159
150 0.613385 0.523528 0.00144084
151 0.613385 0.524867 0.00149738
152 0.613385 0.519679 0.00152838
153 0.613385 0.522734 0.00132186
154 0.616513 0.530249 0.00152689
155 0.616513 0.52829 0.00142272
156 0.616513 0.521871 0.00152847
157 0.616513 0.529245 0.00136636
158 0.616513 0.521286 0.00146988
159 0.616513 0.529988 0.00152473
160 0.616513 0.52573 0.00162898
161 0.616513 0.529796 0.00145551
162 0.616513 0.528272 0.00143367
163 0.616513 0.533492 0.00124238
164 0.616513 0.525175 0.00121916
165 0.616513 0.529117 0.00114451
166 0.616513 0.522273 0.00166364
167 0.616513 0.516645 0.00172475
168 0.616513 0.52199 0.00169141
169 0.616513 0.526865 0.00133311
170 0.616513 0.519861 0.00160221
171 0.627518 0.51945 0.00155597
172 0.627518 0.516565 0.0015023
173 0.627518 0.52223 0.0012364
174 0.627518 0.521311 0.00101422
175 0.627518 0.522114 0.00139545
176 0.627518 0.522409 0.00131307
177 0.627518 0.52446 0.00141925
178 0.627518 0.523996 0.00133808
179 0.627518 0.522025 0.00122505
180 0.627518 0.526401 0.0011841
181 0.627518 0.528816 0.00118733
182 0.627518 0.522556 0.00117542
183 0.627518 0.5193 0.00125713
184 0.627518 0.519961 0.001299
185 0.627518 0.519217 0.00153797
186 0.627518 0.522017 0.0013247
187 0.627518 0.521837 0.00158026
188 0.627518 0.520259 0.00139584
189 0.627518 0.52428 0.00137898
190 0.627518 0.520505 0.00137813
191 0.627518 0.520236 0.00163196
192 0.627518 0.523149 0.00121224
193 0.627518 0.521347 0.00108068
194 0.627518 0.52555 0.00136419
195 0.627518 0.521548 0.00123414
196 0.627518 0.525169 0.00124865
197 0.627518 0.523763 0.00118503
198 0.627518 0.522294 0.00116873
199 0.627518 0.528435 0.00104585
200 0.627518 0.524156 0.00112012
201 0.644444 0.529323 0.00123404
202 0.644444 0.530157 0.00113716
203 0.644444 0.53107 0.00126464
204 0.644444 0.528965 0.00108552
205 0.644444 0.527366 0.00113195
206 0.644444 0.531319 0.00108833
207 0.644444 0.526566 0.00106233
208 0.644444 0.528379 0.00109385
209 0.644444 0.529829 0.00103935
210 0.644444 0.526677 0.00116288
211 0.644444 0.528039 0.00123753
212 0.644444 0.522554 0.0014672
213 0.644444 0.522581 0.00141806
214 0.644444 0.526021 0.00115719
215 0.644444 0.526517 0.00116738
216 0.644444 0.532764 0.00124413
217 0.644444 0.524138 0.00132567
218 0.644444 0.521083 0.0013899
219 0.644444 0.524449 0.00118999
220 0.644444 0.521002 0.00151369
221 0.644444 0.521814 0.00156864
222 0.644444 0.523885 0.00117939
223 0.644444 0.528158 0.00130826
224 0.644444 0.521121 0.00126113
225 0.644444 0.523536 0.00120731
226 0.644444 0.527288 0.0011531
227 0.644444 0.523164 0.00127154
228 0.644444 0.518412 0.00157624
229 0.644444 0.521798 0.00146456
230 0.644444 0.521953 0.00136492
231 0.644444 0.526073 0.00122874
232 0.644444 0.52931 0.00122778
233 0.644444 0.526062 0.00117879
234 0.644444 0.522821 0.00120089
235 0.644444 0.522439 0.00126814
236 0.644444 0.524263 0.00125913
237 0.644444 0.521505 0.00119006
238 0.644444 0.525769 0.0013548
239 0.644444 0.52193 0.00138834
240 0.644444 0.521691 0.00172388
241 0.644444 0.520559 0.00137186
242 0.644444 0.523434 0.00125566
243 0.644444 0.520537 0.00143422
244 0.644444 0.523679 0.00145533
245 0.644444 0.519842 0.00139763
246 0.644444 0.525496 0.00121612
247 0.644444 0.526209 0.00114177
248 0.644444 0.527407 0.00132167
249 0.644444 0.528636 0.00133285
250 0.644444 0.527419 0.0013284
251 0.644444 0.525706 0.00131999
252 0.644444 0.530715 0.00124616
253 0.644444 0.527708 0.00142218
254 0.644444 0.527066 0.00129147
255 0.644444 0.524829 0.00146134
256 0.644444 0.528043 0.00130685
257 0.644444 0.525269 0.00139575
258 0.644444 0.529754 0.00125176
259 0.644444 0.522889 0.00131183
260 0.644444 0.525183 0.00137025
261 0.644444 0.527759 0.00143127
262 0.644444 0.530923 0.00119091
263 0.644444 0.527605 0.00117818
264 0.644444 0.528938 0.00157596
265 0.644444 0.529562 0.00155234
266 0.644444 0.520558 0.00158585
267 0.644444 0.524844 0.00146827
268 0.644444 0.521881 0.001398
269 0.644444 0.527339 0.00156835
270 0.644444 0.523197 0.00160487
271 0.644444 0.524029 0.00152594
272 0.644444 0.522819 0.00141801
273 0.644444 0.520403 0.00166524
274 0.644444 0.520331 0.00179115
275 0.644444 0.519638 0.00154565
276 0.644444 0.521525 0.00149651
277 0.644444 0.52327 0.00168208
278 0.644444 0.523907 0.00177238
279 0.644444 0.5265 0.00142837
280 0.644444 0.521976 0.00162076
281 0.644444 0.525361 0.00137401
282 0.644444 0.531064 0.00126513
283 0.644444 0.530724 0.00121811
284 0.644444 0.526654 0.00142532
285 0.644444 0.523997 0.00148784
286 0.644444 0.527659 0.00134033
287 0.644444 0.527884 0.00134189
288 0.644444 0.526481 0.00140285
289 0.644444 0.534791 0.00121286
290 0.644444 0.529054 0.00148227
291 0.644444 0.521007 0.00147048
292 0.644444 0.528929 0.00146632
293 0.644444 0.526405 0.00140734
294 0.644444 0.523526 0.00142301
295 0.644444 0.525292 0.00161047
296 0.644444 0.519522 0.00165553
297 0.644444 0.527538 0.00155139
298 0.644444 0.521171 0.00168765
299 0.644444 0.529839 0.00167498
300 0.644444 0.520217 0.00152307
301 0.644444 0.518887 0.00160406
302 0.644444 0.521103 0.00137658
303 0.644444 0.517526 0.00166584
304 0.644444 0.525064 0.00129888
305 0.644444 0.524264 0.00163216
306 0.644444 0.523147 0.0012996
307 0.644444 0.521276 0.00147665
308 0.644444 0.522861 0.00150773
309 0.644444 0.523855 0.00131893
310 0.644444 0.52411 0.00164782
311 0.644444 0.523247 0.00149318
312 0.644444 0.525455 0.00172152
313 0.644444 0.532496 0.00135794
314 0.644444 0.528769 0.00156037
315 0.644444 0.526459 0.00135636
316 0.644444 0.529092 0.00149793
317 0.644444 0.528532 0.00135196
318 0.644444 0.529434 0.0013815
319 0.644444 0.528692 0.00136408
320 0.644444 0.523247 0.00141248
321 0.644444 0.522922 0.00189568
322 0.644444 0.525153 0.00165066
323 0.644444 0.522345 0.00145945
324 0.644444 0.521192 0.00139651
325 0.644444 0.526603 0.00153819
326 0.644444 0.522894 0.00145009
327 0.644444 0.529322 0.00152094
328 0.644444 0.524736 0.00171694
329 0.644444 0.525503 0.00135509
330 0.644444 0.524929 0.00138201
331 0.644444 0.527187 0.001353
332 0.644444 0.528449 0.00137677
333 0.644444 0.525632 0.00150232
334 0.644444 0.520178 0.00129432
335 0.644444 0.530547 0.0012814
336 0.644444 0.525408 0.00129122
337 0.644444 0.525434 0.00159165
338 0.644444 0.531862 0.00130722
339 0.644444 0.529525 0.00139409
340 0.644444 0.521906 0.00168832
341 0.644444 0.529086 0.00150626
342 0.644444 0.528926 0.00160428
343 0.644444 0.532147 0.0013468
344 0.644444 0.527045 0.00151582
345 0.644444 0.524962 0.00165278
346 0.644444 0.521639 0.00179987
347 0.644444 0.52439 0.00141882
348 0.644444 0.525647 0.00148407
349 0.644444 0.520873 0.00141752
350 0.644444 0.522303 0.0014547
351 0.644444 0.526385 0.00146695
352 0.644444 0.522053 0.00155079
353 0.644444 0.524003 0.00160921
354 0.644444 0.528601 0.00163509
355 0.644444 0.529598 0.00171389
356 0.644444 0.526279 0.00144885
357 0.644444 0.525928 0.00147256
358 0.644444 0.522926 0.0012922
359 0.644444 0.525455 0.00142476
360 0.644444 0.527328 0.0016935
361 0.644444 0.525732 0.00136355
362 0.644444 0.522942 0.00161639
363 0.644444 0.522581 0.00152996
364 0.644444 0.524164 0.00180838
365 0.644444 0.523911 0.00149519
366 0.644444 0.527259 0.00147402
367 0.644444 0.520609 0.00150073
368 0.644444 0.525456 0.00129116
369 0.644444 0.528165 0.00135705
370 0.644444 0.527471 0.00165178
371 0.644444 0.527328 0.00161629
372 0.644444 0.527858 0.00138953
373 0.644444 0.52498 0.00195878
374 0.644444 0.520756 0.00164641
375 0.644444 0.521872 0.00198757
376 0.644444 0.525222 0.00171956
377 0.644444 0.520724 0.00161246
378 0.644444 0.52222 0.00176486
379 0.644444 0.518886 0.00197328
380 0.644444 0.520676 0.00149343
381 0.644444 0.517592 0.00188393
382 0.644444 0.523494 0.0016951
383 0.644444 0.526954 0.00150361
384 0.644444 0.526167 0.00167318
385 0.644444 0.522737 0.00172529
386 0.644444 0.526382 0.00161552
387 0.644444 0.521509 0.0017407
388 0.644444 0.527082 0.00160865
389 0.644444 0.522591 0.00165309
390 0.644444 0.524226 0.0017195
391 0.644444 0.525383 0.00158359
392 0.647238 0.528263 0.00197212
393 0.647238 0.524406 0.00182553
394 0.647238 0.520091 0.00148393
395 0.647238 0.522548 0.00183993
396 0.647238 0.521029 0.00181
397 0.647238 0.523417 0.00171445
398 0.647238 0.523804 0.00174732
399 0.647238 0.522623 0.00150859
400 0.647238 0.527503 0.00166524
401 0.647238 0.529963 0.0014306
402 0.647238 0.526047 0.00144594
403 0.647238 0.527361 0.00131686
404 0.647238 0.530846 0.00123657
405 0.647238 0.531145 0.0014469
406 0.647238 0.52831 0.00136769
407 0.647238 0.530683 0.00136507
408 0.647238 0.526329 0.00157183
409 0.647238 0.526462 0.00148461
410 0.647238 0.524166 0.00172596
411 0.647238 0.522855 0.00161933
412 0.647238 0.521611 0.00164427
413 0.647238 0.521064 0.00149204
414 0.647238 0.52288 0.00161181
415 0.647238 0.522911 0.00182328
416 0.647238 0.519936 0.00169841
417 0.647238 0.518556 0.00163552
418 0.647238 0.520519 0.00219421
419 0.647238 0.518379 0.00190052
420 0.647238 0.518822 0.00164023
421 0.647238 0.520705 0.00212365
422 0.647238 0.52032 0.00172089
423 0.647238 0.514847 0.00162645
424 0.647238 0.516607 0.00165818
425 0.647238 0.517676 0.00201543
426 0.647238 0.520006 0.00181334
427 0.647238 0.518148 0.0019063
428 0.647238 0.517991 0.0017883
429 0.647238 0.522318 0.00187659
430 0.647238 0.521789 0.00171777
431 0.647238 0.516056 0.00181583
432 0.647238 0.513286 0.00170837
433 0.647238 0.51837 0.00188423
434 0.647238 0.522226 0.00176721
435 0.647238 0.515201 0.00179329
436 0.647238 0.517581 0.00185241
437 0.647238 0.51956 0.00162823
438 0.647238 0.520053 0.00181863
439 0.647238 0.519754 0.00174991
440 0.647238 0.519473 0.00186428
441 0.647238 0.52512 0.0018055
442 0.647238 0.524541 0.00151903
443 0.647238 0.518222 0.00187673
444 0.647238 0.515465 0.00175704
445 0.647238 0.523715 0.00170494
446 0.647238 0.521283 0.00157296
447 0.647238 0.516696 0.0015256
448 0.647238 0.515613 0.00187753
449 0.647238 0.518844 0.00155625
450 0.647238 0.522391 0.00144847
451 0.647238 0.522641 0.00147945
452 0.647238 0.524941 0.00134436
453 0.647238 0.525543 0.00142915
454 0.647238 0.524193 0.00167549
455 0.647238 0.521103 0.00171998
456 0.647238 0.529054 0.00163125
457 0.647238 0.520825 0.00152766
458 0.647238 0.520725 0.00158364
459 0.647238 0.522955 0.00169936
460 0.647238 0.521965 0.0015319
461 0.647238 0.522652 0.00144603
462 0.647238 0.519698 0.00148945
463 0.647238 0.52008 0.00152383
464 0.647238 0.521123 0.00137154
465 0.647238 0.520906 0.00140177
466 0.647238 0.526077 0.00162413
467 0.647238 0.522979 0.00162456
468 0.647238 0.5188 0.00134221
469 0.647238 0.52151 0.00166845
470 0.647238 0.518878 0.00167519
471 0.647238 0.517803 0.00156061
472 0.647238 0.519336 0.00182373
473 0.647238 0.512784 0.00170067
474 0.647238 0.523153 0.00142199
475 0.647238 0.521923 0.00173061
476 0.647238 0.520519 0.00179463
477 0.647238 0.521763 0.00163855
478 0.647238 0.517865 0.00168139
479 0.647238 0.520649 0.00175154
480 0.647238 0.516534 0.00168674
481 0.647238 0.514171 0.00162957
482 0.647238 0.516493 0.00152944
483 0.647238 0.519775 0.00163397
484 0.647238 0.520953 0.00154777
485 0.647238 0.517615 0.0015665
486 0.647238 0.519711 0.00165624
487 0.647238 0.518173 0.00148704
488 0.647238 0.519235 0.00154431
489 0.647238 0.523767 0.0014989
490 0.647238 0.52512 0.00140329
491 0.647238 0.520826 0.00191903
492 0.647238 0.521935 0.00190823
493 0.647238 0.52029 0.00171218
494 0.647238 0.51904 0.00166956
495 0.647238 0.523757 0.0015307
496 0.647238 0.520669 0.00167716
497 0.647238 0.518922 0.00226213
498 0.647238 0.52031 0.00210105
499 0.647238 0.519279 0.00186765
500 0.647238 0.524061 0.00175255
501 0.647238 0.525064 0.00160396
502 0.647238 0.524196 0.00188637
503 0.647238 0.521095 0.00165609
504 0.647238 0.518277 0.00187777
505 0.647238 0.519834 0.00190025
506 0.647238 0.520633 0.00164309
507 0.647238 0.513966 0.00175733
508 0.647238 0.517069 0.00186766
509 0.647238 0.516848 0.00177738
510 0.647238 0.525018 0.00192542
511 0.647238 0.527091 0.00149822
512 0.647238 0.531972 0.00155383
513 0.647238 0.525002 0.00147777
514 0.647238 0.530134 0.00159867
515 0.647238 0.528619 0.00148803
516 0.647238 0.525393 0.00143481
517 0.647238 0.521045 0.00167558
518 0.647238 0.516978 0.00188836
519 0.647238 0.523009 0.00181677
520 0.647238 0.521804 0.00165319
521 0.647238 0.523595 0.00174548
522 0.647238 0.516962 0.00193241
523 0.647238 0.516629 0.00191222
524 0.647238 0.521168 0.00184973
525 0.647238 0.519926 0.00174017
526 0.647238 0.5147 0.00200543
527 0.647238 0.517971 0.00211869
528 0.647238 0.520011 0.00193258
529 0.647238 0.518562 0.00173876
530 0.647238 0.516986 0.00158946
531 0.647238 0.515846 0.0018419
532 0.647238 0.519653 0.00166276
533 0.647238 0.518444 0.00191747
534 0.647238 0.521321 0.00187721
535 0.647238 0.518247 0.00167316
536 0.647238 0.515783 0.00169013
537 0.647238 0.517844 0.00164421
538 0.647238 0.524436 0.00181447
539 0.647238 0.527849 0.00173347
540 0.647238 0.524453 0.00146772
541 0.647238 0.52647 0.00158305
542 0.647238 0.526277 0.00165896
543 0.647238 0.524225 0.00164822
544 0.647238 0.516357 0.00165481
545 0.647238 0.516953 0.00179939
546 0.647238 0.516967 0.0015408
547 0.647238 0.515915 0.00196903
548 0.647238 0.515525 0.00181338
549 0.647238 0.520448 0.00174579
550 0.647238 0.523858 0.00176076
551 0.647238 0.517276 0.001861
552 0.647238 0.519323 0.00169516
553 0.647238 0.520091 0.00161697
554 0.647238 0.518087 0.00177231
555 0.647238 0.515717 0.00194984
556 0.647238 0.520692 0.00201044
557 0.647238 0.517124 0.00177134
558 0.647238 0.518479 0.00161889
559 0.647238 0.522469 0.00172287
560 0.647238 0.522162 0.00204037
561 0.647238 0.527333 0.00204416
562 0.647238 0.519183 0.00212609
563 0.647238 0.524076 0.00159299
564 0.647238 0.521591 0.00185165
565 0.647238 0.52407 0.00213675
566 0.647238 0.521221 0.00155872
567 0.647238 0.514993 0.00172695
568 0.647238 0.519952 0.00201926
569 0.647238 0.516707 0.00196561
570 0.647238 0.523519 0.00200467
571 0.647238 0.528153 0.00172639
572 0.647238 0.525783 0.00176239
573 0.647238 0.521863 0.00174193
574 0.647238 0.519086 0.00196196
575 0.647238 0.517915 0.00179805
576 0.647238 0.512629 0.00189743
577 0.647238 0.524484 0.00191006
578 0.647238 0.522306 0.00164819
579 0.647238 0.521452 0.00174872
580 0.647238 0.521665 0.00143793
581 0.647238 0.517478 0.00160496
582 0.647238 0.521642 0.00156579
583 0.647238 0.519714 0.00163026
584 0.647238 0.521237 0.00177085
585 0.647238 0.524159 0.00166451
586 0.647238 0.522285 0.0015952
587 0.647238 0.523726 0.00146876
588 0.647238 0.526298 0.00183142
589 0.647238 0.520735 0.00169317
590 0.647238 0.522828 0.00163757
591 0.647238 0.525184 0.00185036
592 0.647238 0.517453 0.00150873
593 0.647238 0.522253 0.00147001
594 0.647238 0.52267 0.00152412
595 0.647238 0.526008 0.00115731
596 0.647238 0.524481 0.00134994
597 0.647238 0.522737 0.00129047
598 0.647238 0.521751 0.00151805
599 0.647238 0.518971 0.00136279
600 0.649055 0.526348 0.00162309
601 0.649055 0.52876 0.00151275
602 0.649055 0.523474 0.0016193
603 0.649055 0.527522 0.00175158
604 0.649055 0.523845 0.00150764
605 0.649055 0.521558 0.00182157
606 0.649055 0.519554 0.00161019
607 0.649055 0.520948 0.00183781
608 0.649055 0.520263 0.00191369
609 0.649055 0.522666 0.0015191
610 0.649055 0.525085 0.00172635
611 0.649055 0.522965 0.00167282
612 0.649055 0.525414 0.001417
613 0.649055 0.524438 0.00153566
614 0.649055 0.527202 0.00146796
615 0.649055 0.518681 0.00159848
616 0.649055 0.523829 0.00151516
617 0.649055 0.525992 0.00148565
618 0.649055 0.52045 0.00148626
619 0.649055 0.524626 0.00165355
620 0.649055 0.524044 0.00155776
621 0.649055 0.522126 0.00151994
622 0.649055 0.522992 0.00174819
623 0.649055 0.522645 0.00186673
624 0.649055 0.522156 0.00157961
625 0.649055 0.521283 0.00153936
626 0.649055 0.52125 0.00169719
627 0.649055 0.519823 0.00146232
628 0.649055 0.519466 0.00150258
629 0.649055 0.52475 0.00157839
630 0.649055 0.52401 0.00167908
631 0.649055 0.524147 0.00162905
632 0.649055 0.524888 0.00141582
633 0.649055 0.525694 0.00122727
634 0.649055 0.521835 0.00132368
635 0.649055 0.524334 0.00161506
636 0.649055 0.527782 0.00129765
637 0.649055 0.524261 0.00143303
638 0.649055 0.525222 0.00143704
639 0.649055 0.522229 0.00138796
640 0.649055 0.521113 0.00139681
641 0.649055 0.526839 0.00125603
642 0.649055 0.52188 0.00138378
643 0.649055 0.517518 0.00177085
644 0.649055 0.522821 0.00162181
645 0.649055 0.527626 0.00160587
646 0.649055 0.523535 0.00158637
647 0.649055 0.525426 0.00149107
648 0.649055 0.51951 0.00163134
649 0.649055 0.521669 0.00185872
650 0.649055 0.524617 0.00181293
651 0.649055 0.524259 0.00152881
652 0.649055 0.522671 0.00161964
653 0.649055 0.519097 0.00159181
654 0.649055 0.520171 0.00161906
655 0.649055 0.522774 0.00150542
656 0.649055 0.521205 0.00155696
657 0.649055 0.526049 0.00162979
658 0.649055 0.520681 0.00173656
659 0.649055 0.519178 0.00150434
660 0.649055 0.515507 0.00149565
661 0.649055 0.52332 0.00149443
662 0.649055 0.526305 0.00174245
663 0.649055 0.522001 0.00162197
664 0.649055 0.524019 0.00188659
665 0.649055 0.51949 0.00165739
666 0.649055 0.523638 0.00194353
667 0.649055 0.515894 0.00187698
668 0.649055 0.5154 0.00162983
669 0.649055 0.51691 0.00177929
670 0.649055 0.522113 0.00147962
671 0.649055 0.522025 0.00130187
672 0.649055 0.525515 0.00157317
673 0.649055 0.522966 0.00137468
674 0.649055 0.523812 0.00181781
675 0.649055 0.519025 0.00164428
676 0.649055 0.523543 0.00159977
677 0.649055 0.52774 0.00160475
678 0.649055 0.529942 0.00135454
679 0.649055 0.523379 0.00175809
680 0.649055 0.522793 0.00147772
681 0.649055 0.525137 0.00151415
682 0.649055 0.524577 0.00143922
683 0.649055 0.527215 0.00140385
684 0.649055 0.529158 0.00149253
685 0.649055 0.525474 0.00149125
686 0.649055 0.524968 0.00161435
687 0.649055 0.528582 0.00146586
688 0.649055 0.526699 0.00135992
689 0.649055 0.529664 0.00131689
690 0.649055 0.530505 0.00133423
691 0.649055 0.529924 0.00140011
692 0.649055 0.532265 0.00167399
693 0.649055 0.529903 0.00146204
694 0.649055 0.529346 0.00150977
695 0.649055 0.529255 0.00158156
696 0.649055 0.526187 0.00148614
697 0.649055 0.530124 0.00149946
698 0.649055 0.53057 0.00150239
699 0.649055 0.53143 0.00155343
700 0.649055 0.533417 0.00143504
701 0.649055 0.528759 0.00162455
702 0.649055 0.528538 0.00142031
703 0.649055 0.533004 0.0015643
704 0.649055 0.532145 0.0015575
705 0.649055 0.533059 0.00134159
706 0.649055 0.526112 0.00163175
707 0.649055 0.529636 0.00153047
708 0.649055 0.526731 0.00157509
709 0.649055 0.526808 0.00153407
710 0.649055 0.529308 0.0016061
711 0.649055 0.531717 0.00176918
712 0.649055 0.529824 0.00153368
713 0.649055 0.528812 0.00166296
714 0.649055 0.524912 0.00170519
715 0.649055 0.525437 0.00130507
716 0.649055 0.5261 0.00157882
717 0.649055 0.526329 0.00144976
718 0.649055 0.524167 0.00134263
719 0.649055 0.52284 0.00166006
720 0.649055 0.525952 0.00132579
721 0.649055 0.523386 0.0016841
722 0.649055 0.528317 0.00125305
723 0.649055 0.528334 0.00156927
724 0.649055 0.527528 0.00142862
725 0.649055 0.527133 0.00144932
726 0.649055 0.528134 0.0016223
727 0.649055 0.528159 0.00161449
728 0.649055 0.525465 0.0016284
729 0.649055 0.523913 0.00141225
730 0.649055 0.529339 0.0016735
731 0.649055 0.525504 0.00162122
732 0.649055 0.524205 0.00169293
733 0.649055 0.522245 0.00158663
734 0.649055 0.52628 0.00181754
735 0.649055 0.529247 0.00181639
736 0.649055 0.523864 0.00179492
737 0.649055 0.528676 0.00178403
738 0.649055 0.529106 0.00134839
739 0.649055 0.52897 0.00151351
740 0.649055 0.531684 0.00129231
741 0.649055 0.530149 0.00173954
742 0.649055 0.518436 0.00189887
743 0.649055 0.530172 0.00185516
744 0.649055 0.53302 0.0018121
745 0.649055 0.534605 0.00157532
746 0.649055 0.532538 0.00141269
747 0.649055 0.521729 0.00142849
748 0.649055 0.523526 0.00157855
749 0.649055 0.523079 0.00173422
750 0.649055 0.522307 0.00164711
751 0.649055 0.522065 0.00186987
752 0.649055 0.522704 0.00154566
753 0.649055 0.520671 0.00132219
754 0.649055 0.522608 0.00166039
755 0.649055 0.526509 0.00159471
756 0.649055 0.524019 0.00149654
757 0.649055 0.523574 0.00150339
758 0.649055 0.525954 0.00148781
759 0.649055 0.523831 0.001763
760 0.649055 0.525925 0.00159725
761 0.649055 0.521977 0.00174592
762 0.649055 0.524378 0.00154
763 0.649055 0.522566 0.00151268
764 0.649055 0.522345 0.00165509
765 0.649055 0.519681 0.0016958
766 0.649055 0.528565 0.0016977
767 0.649055 0.521363 0.00154902
768 0.649055 0.517178 0.00168096
769 0.649055 0.518287 0.00187029
770 0.649055 0.518705 0.00191823
771 0.649055 0.516668 0.00225361
772 0.649055 0.518795 0.0021108
773 0.649055 0.523163 0.0017344
774 0.649055 0.514578 0.00179206
775 0.649055 0.522574 0.00179052
776 0.649055 0.518813 0.00186271
777 0.649055 0.516586 0.00163729
778 0.649055 0.522699 0.00197502
779 0.649055 0.523318 0.00185014
780 0.649055 0.524808 0.00165762
781 0.649055 0.525347 0.00163743
782 0.649055 0.530154 0.00152807
783 0.649055 0.524063 0.00156128
784 0.649055 0.526656 0.00162886
785 0.649055 0.521065 0.00160221
786 0.649055 0.526392 0.0016403
787 0.649055 0.52366 0.00177467
788 0.649055 0.521394 0.00167442
789 0.649055 0.523235 0.00183979
790 0.649055 0.521064 0.00165978
791 0.649055 0.524851 0.00148569
792 0.649055 0.524331 0.00159795
793 0.649055 0.52466 0.00148941
794 0.649055 0.524634 0.00171295
795 0.649055 0.524184 0.00185282
796 0.649055 0.521522 0.00170429
797 0.649055 0.523953 0.00166129
798 0.649055 0.525774 0.00165423
799 0.649055 0.521703 0.00171089
800 0.649055 0.520528 0.00160472
801 0.649055 0.518678 0.00168135
802 0.649055 0.523203 0.00179002
803 0.649055 0.520204 0.00171429
804 0.649055 0.523417 0.00167372
805 0.649055 0.521221 0.00174264
806 0.649055 0.523603 0.00160772
807 0.649055 0.520255 0.00150264
808 0.649055 0.524494 0.00202496
809 0.649055 0.52125 0.00162018
810 0.649055 0.525701 0.00153057
811 0.649055 0.526617 0.00161352
812 0.649055 0.523214 0.00161255
813 0.649055 0.519496 0.00150749
814 0.649055 0.522687 0.00183748
815 0.649055 0.519522 0.00168696
816 0.649055 0.520795 0.00171796
817 0.649055 0.523046 0.00163569
818 0.649055 0.521039 0.00179316
819 0.649055 0.520596 0.00180438
820 0.649055 0.523324 0.00150498
821 0.649055 0.524159 0.00140887
822 0.649055 0.524564 0.00143557
823 0.649055 0.522028 0.0015465
824 0.649055 0.522815 0.00178862
825 0.649055 0.525238 0.00163117
826 0.649055 0.525187 0.00169029
827 0.649055 0.528127 0.00165308
828 0.649055 0.530043 0.00144608
829 0.649055 0.527657 0.00177903
830 0.649055 0.529557 0.00159978
831 0.649055 0.525486 0.00178518
832 0.649055 0.530014 0.00153063
833 0.649055 0.533117 0.00158723
834 0.649055 0.534064 0.00155944
835 0.649055 0.525736 0.00158352
836 0.649055 0.528752 0.00181843
837 0.649055 0.524115 0.00193535
838 0.649055 0.526201 0.00143271
839 0.649055 0.523915 0.00177609
840 0.649055 0.524568 0.00184442
841 0.649055 0.52734 0.00188614
842 0.649055 0.52479 0.00213039
843 0.649055 0.525879 0.00169212
844 0.649055 0.525431 0.0014105
845 0.649055 0.520127 0.00170978
846 0.649055 0.520653 0.00167549
847 0.649055 0.518445 0.00163315
848 0.649055 0.523765 0.00181163
849 0.649055 0.522993 0.00158306
850 0.649055 0.524887 0.00148197
851 0.649055 0.527905 0.00166142
852 0.649055 0.523627 0.00148491
853 0.649055 0.522068 0.00169317
854 0.649055 0.523814 0.00169438
855 0.649055 0.521282 0.00186698
856 0.649055 0.523975 0.00185762
857 0.649055 0.527184 0.00174746
858 0.649055 0.531454 0.00174824
859 0.649055 0.525561 0.00136346
860 0.649055 0.530365 0.00153126
861 0.649055 0.532322 0.00143836
862 0.649055 0.529352 0.00151854
863 0.649055 0.525699 0.00170666
864 0.649055 0.521623 0.0017275
865 0.649055 0.520111 0.00163742
866 0.649055 0.525053 0.00159247
867 0.649055 0.522474 0.00172904
868 0.649055 0.524679 0.00138698
869 0.649055 0.527335 0.00151064
870 0.649055 0.525834 0.00155857
871 0.649055 0.528221 0.00142609
872 0.649055 0.52588 0.00149339
873 0.649055 0.527283 0.0013359
874 0.649055 0.524065 0.00137582
875 0.649055 0.521687 0.00141792
876 0.649055 0.524994 0.00134991
877 0.649055 0.52793 0.00129581
878 0.649055 0.521022 0.00138456
879 0.649055 0.528039 0.00126112
880 0.649055 0.525166 0.0014126
881 0.649055 0.527392 0.00125672
882 0.649055 0.53084 0.00144124
883 0.649055 0.52601 0.0013648
884 0.649055 0.525271 0.00143161
885 0.649055 0.520624 0.00146661
886 0.649055 0.527178 0.00144967
887 0.649055 0.526339 0.00147925
888 0.649055 0.529082 0.00160802
889 0.649055 0.521225 0.00154987
890 0.649055 0.530181 0.0014746
891 0.649055 0.524807 0.00155199
892 0.649055 0.53046 0.00155247
893 0.649055 0.525063 0.00170846
894 0.649055 0.528087 0.00146384
895 0.649055 0.527461 0.0016479
896 0.649055 0.526049 0.00157005
897 0.649055 0.526069 0.00164267
898 0.649055 0.523142 0.0017503
899 0.649055 0.519844 0.00151389
900 0.649055 0.526898 0.0017014
901 0.649055 0.522559 0.00160276
902 0.649055 0.523431 0.00157452
903 0.649055 0.525341 0.00175083
904 0.649055 0.52269 0.00169855
905 0.649055 0.525263 0.0016078
906 0.649055 0.526515 0.00152388
907 0.649055 0.524156 0.00148455
908 0.649055 0.5212 0.00163566
909 0.649055 0.522725 0.00167041
910 0.649055 0.527716 0.0015323
911 0.649055 0.523846 0.00151355
912 0.649055 0.524071 0.00146628
913 0.649055 0.519405 0.0014867
914 0.649055 0.523504 0.00159668
915 0.649055 0.524591 0.00150047
916 0.649055 0.526687 0.00170819
917 0.649055 0.52981 0.00136105
918 0.649055 0.527111 0.00189591
919 0.649055 0.533355 0.00182046
920 0.649055 0.530359 0.00171012
921 0.649055 0.522994 0.00187301
922 0.649055 0.519484 0.00208593
923 0.649055 0.519846 0.00187223
924 0.649055 0.521681 0.00190758
925 0.649055 0.519353 0.00173094
926 0.649055 0.522928 0.00159114
927 0.649055 0.514022 0.00180734
928 0.649055 0.518862 0.00189677
929 0.649055 0.520924 0.00201999
930 0.649055 0.522888 0.0015495
931 0.649055 0.522632 0.00183297
932 0.649055 0.527515 0.00190515
933 0.649055 0.521174 0.00173474
934 0.649055 0.52425 0.00208707
935 0.649055 0.518532 0.00182111
936 0.649055 0.521483 0.00196316
937 0.649055 0.522778 0.00206531
938 0.649055 0.524935 0.00185611
939 0.649055 0.524433 0.00183443
940 0.649055 0.522765 0.00174284
941 0.649055 0.52278 0.00167195
942 0.649055 0.521786 0.00185562
943 0.649055 0.530951 0.00163651
944 0.649055 0.524712 0.0014906
945 0.649055 0.526802 0.00177659
946 0.649055 0.52699 0.00154561
947 0.649055 0.522712 0.00186656
948 0.649055 0.521155 0.00199692
949 0.649055 0.523936 0.00183345
950 0.649055 0.521968 0.0018106
951 0.649055 0.519136 0.00190134
952 0.649055 0.52399 0.00186589
953 0.649055 0.522875 0.00180973
954 0.649055 0.52404 0.00177978
955 0.649055 0.525877 0.00157236
956 0.649055 0.523408 0.00169251
957 0.649055 0.524141 0.00164275
958 0.649055 0.532164 0.0016222
959 0.649055 0.528619 0.00193639
960 0.649055 0.53079 0.0014906
961 0.649055 0.516825 0.00161522
962 0.649055 0.523695 0.00168496
963 0.649055 0.52503 0.00176928
964 0.649055 0.523465 0.00178848
965 0.649055 0.526416 0.00200127
966 0.649055 0.521862 0.00179768
967 0.649055 0.523135 0.0017669
968 0.649055 0.522143 0.00199547
969 0.649055 0.521676 0.00194797
970 0.649055 0.521823 0.00175954
971 0.649055 0.524219 0.0015872
972 0.649055 0.520296 0.00168491
973 0.649055 0.52859 0.00176143
974 0.649055 0.530904 0.0015117
975 0.649055 0.531687 0.00157221
976 0.649055 0.530314 0.00161886
977 0.649055 0.530456 0.00189018
978 0.649055 0.528562 0.00185085
979 0.649055 0.532692 0.00163383
980 0.649055 0.530226 0.00158035
981 0.649055 0.527657 0.00163689
982 0.649055 0.532869 0.00159427
983 0.649055 0.526258 0.00178745
984 0.649055 0.525394 0.00169033
985 0.649055 0.526281 0.00191971
986 0.649055 0.523053 0.00177503
987 0.649055 0.521159 0.00218284
988 0.649055 0.527612 0.00203088
989 0.649055 0.525953 0.00152621
990 0.649055 0.523902 0.00176897
991 0.649055 0.525577 0.00189008
992 0.649055 0.527092 0.00166981
993 0.649055 0.524082 0.0017577
994 0.649055 0.520967 0.00180736
995 0.649055 0.522014 0.00209955
996 0.649055 0.523059 0.00198446
997 0.649055 0.525576 0.00200189
998 0.649055 0.526548 0.00160633
999 0.649055 0.527406 0.00187373
1000 0.649055 0.526199 0.00145263
1001 0.649055 0.528885 0.00161199
1002 0.649055 0.526779 0.00165089
1003 0.649055 0.525439 0.00173775
1004 0.649055 0.530953 0.00144263
1005 0.649055 0.528107 0.00161306
1006 0.649055 0.525797 0.00176883
1007 0.649055 0.526743 0.00138696
1008 0.649055 0.520532 0.00178133
1009 0.649055 0.51974 0.00180755
1010 0.649055 0.521473 0.00160281
1011 0.649055 0.520182 0.0015905
1012 0.649055 0.51966 0.00169705
1013 0.649055 0.522216 0.00179391
1014 0.649055 0.520569 0.00168865
1015 0.649055 0.519223 0.00171447
1016 0.649055 0.523501 0.00161709
1017 0.649055 0.524335 0.00160265
1018 0.649055 0.522582 0.00155224
1019 0.649055 0.520548 0.00126916
1020 0.649055 0.520454 0.0019978
1021 0.649055 0.521069 0.0015488
1022 0.649055 0.51871 0.0015697
1023 0.649055 0.51746 0.00182276
1024 0.649055 0.521153 0.00178826
1025 0.649055 0.519241 0.00166368
1026 0.649055 0.530522 0.00161441
1027 0.649055 0.526004 0.00121434
1028 0.649055 0.520079 0.00149756
1029 0.649055 0.51971 0.00149626
1030 0.649055 0.523005 0.00162414
1031 0.649055 0.520893 0.00183443
1032 0.649055 0.524037 0.00155921
1033 0.649055 0.525858 0.00151115
1034 0.649055 0.523382 0.00150598
1035 0.649055 0.523582 0.00139931
1036 0.649055 0.52386 0.00163435
1037 0.649055 0.524787 0.00162241
1038 0.649055 0.526239 0.00165863
1039 0.649055 0.523362 0.00150766
1040 0.649055 0.520137 0.00167354
1041 0.649055 0.520165 0.00172591
1042 0.649055 0.525263 0.0014128
1043 0.649055 0.525096 0.00146952
1044 0.649055 0.528174 0.00164629
1045 0.649055 0.521614 0.00169451
1046 0.649055 0.52168 0.00150392
1047 0.649055 0.525507 0.00142116
1048 0.649055 0.530476 0.00167067
1049 0.649055 0.524633 0.00158119
1050 0.649055 0.528617 0.00140432
1051 0.649055 0.523513 0.00156679
1052 0.649055 0.517205 0.00168835
1053 0.649055 0.52406 0.00167865
1054 0.649055 0.519562 0.00165117
1055 0.649055 0.523765 0.00180488
1056 0.649055 0.525921 0.00152484
1057 0.649055 0.52348 0.00145766
1058 0.649055 0.525637 0.00149281
1059 0.649055 0.528719 0.00146089
1060 0.649055 0.531988 0.00153529
1061 0.649055 0.522299 0.00164183
1062 0.649055 0.525783 0.00154534
1063 0.649055 0.527129 0.00158766
1064 0.651813 0.52637 0.00184968
1065 0.651813 0.525989 0.00154452
1066 0.651813 0.525018 0.00173475
1067 0.651813 0.526434 0.00181202
1068 0.651813 0.523582 0.00156029
1069 0.651813 0.524454 0.00166278
1070 0.651813 0.527958 0.00167973
1071 0.651813 0.524216 0.00175541
1072 0.651813 0.525478 0.00155497
1073 0.651813 0.524321 0.00175634
1074 0.651813 0.52856 0.00167809
1075 0.651813 0.527099 0.00180475
1076 0.651813 0.523595 0.00144374
1077 0.651813 0.523824 0.00151616
1078 0.651813 0.524164 0.0014623
1079 0.651813 0.524121 0.00188364
1080 0.651813 0.525067 0.00145961
1081 0.651813 0.526199 0.00159375
1082 0.651813 0.521642 0.00171394
1083 0.651813 0.524012 0.00135173
1084 0.651813 0.525047 0.00126271
1085 0.651813 0.525811 0.00140748
1086 0.651813 0.521733 0.00176206
1087 0.651813 0.527432 0.00133316
1088 0.651813 0.529547 0.00162009
1089 0.651813 0.523483 0.00167855
1090 0.651813 0.518856 0.00193737
1091 0.651813 0.521165 0.00178931
1092 0.651813 0.52305 0.00161374
1093 0.651813 0.524395 0.00158233
1094 0.651813 0.523905 0.00181463
1095 0.651813 0.525954 0.00156385
1096 0.651813 0.524539 0.00191115
1097 0.651813 0.52372 0.00161309
1098 0.651813 0.524755 0.00161685
1099 0.651813 0.525098 0.00150149
1100 0.651813 0.526242 0.00141924
1101 0.651813 0.526097 0.00149183
1102 0.651813 0.527665 0.0016825
1103 0.651813 0.524693 0.00181749
1104 0.651813 0.526843 0.00158129
1105 0.651813 0.529733 0.00151155
1106 0.651813 0.529187 0.00173654
1107 0.651813 0.53145 0.00182942
1108 0.651813 0.519208 0.00179909
1109 0.651813 0.527864 0.00190993
1110 0.651813 0.524963 0.00172099
1111 0.651813 0.529084 0.00167507
1112 0.651813 0.526512 0.00163735
1113 0.651813 0.524447 0.00174057
1114 0.651813 0.524839 0.00158528
1115 0.651813 0.528861 0.00154074
1116 0.651813 0.528001 0.00149884
1117 0.651813 0.525544 0.00167781
1118 0.651813 0.524826 0.00161881
1119 0.651813 0.527545 0.00182425
1120 0.651813 0.522907 0.00152656
1121 0.651813 0.526072 0.00156567
1122 0.651813 0.524993 0.00152461
1123 0.651813 0.530533 0.00153907
1124 0.651813 0.530972 0.00169354
1125 0.651813 0.526729 0.00143093
1126 0.651813 0.527427 0.00143444
1127 0.651813 0.525462 0.00154515
1128 0.651813 0.527007 0.00177835
1129 0.651813 0.527656 0.00158606
1130 0.651813 0.527561 0.00150136
1131 0.651813 0.527009 0.00153452
1132 0.651813 0.527786 0.00130352
1133 0.651813 0.532728 0.00137704
1134 0.651813 0.528471 0.00144469
1135 0.651813 0.532388 0.00155182
1136 0.651813 0.533473 0.00157984
1137 0.651813 0.529481 0.00165164
1138 0.651813 0.530974 0.00148745
1139 0.651813 0.532456 0.00155712
1140 0.651813 0.536189 0.00161304
1141 0.651813 0.534136 0.00168955
1142 0.651813 0.532188 0.00170831
1143 0.651813 0.534398 0.00161548
1144 0.651813 0.526141 0.00171509
1145 0.651813 0.529014 0.00181074
1146 0.651813 0.525637 0.0019891
1147 0.651813 0.526132 0.0017483
1148 0.651813 0.529041 0.00187251
1149 0.651813 0.528071 0.00170487
1150 0.651813 0.52861 0.00176935
1151 0.651813 0.533665 0.00167466
1152 0.651813 0.531241 0.00171432
1153 0.651813 0.529412 0.00185433
1154 0.651813 0.530082 0.00167709
1155 0.651813 0.531839 0.00163504
1156 0.651813 0.531466 0.00157529
1157 0.651813 0.528186 0.00159818
1158 0.651813 0.528451 0.00164047
1159 0.651813 0.528928 0.0018431
1160 0.651813 0.535834 0.00151799
1161 0.651813 0.535356 0.00135733
1162 0.651813 0.53163 0.00166439
1163 0.651813 0.532562 0.00189098
1164 0.651813 0.529433 0.00198935
1165 0.651813 0.53047 0.00169819
1166 0.651813 0.531799 0.00180119
1167 0.651813 0.532957 0.00189989
1168 0.651813 0.527966 0.00176802
1169 0.651813 0.527384 0.00154373
1170 0.651813 0.531476 0.00134323
1171 0.651813 0.529312 0.00168492
1172 0.651813 0.533164 0.00177634
1173 0.651813 0.536451 0.00156231
1174 0.651813 0.534807 0.00166002
1175 0.651813 0.52722 0.00143685
1176 0.651813 0.533925 0.00170128
1177 0.651813 0.526933 0.00185376
1178 0.651813 0.524611 0.00187502
1179 0.651813 0.525846 0.00191327
1180 0.651813 0.527047 0.00159829
1181 0.651813 0.523748 0.00192529
1182 0.651813 0.524161 0.00171974
1183 0.651813 0.529149 0.0016494
1184 0.651813 0.528434 0.00179064
1185 0.651813 0.52806 0.00184857
1186 0.651813 0.525541 0.00200814
1187 0.651813 0.528241 0.00206429
1188 0.651813 0.527667 0.00225162
1189 0.651813 0.526847 0.00220972
1190 0.651813 0.527469 0.00196292
1191 0.651813 0.523829 0.00167472
1192 0.651813 0.522951 0.00190122
1193 0.651813 0.523858 0.00196192
1194 0.651813 0.525997 0.00160596
1195 0.651813 0.525743 0.00171692
1196 0.651813 0.526904 0.00205056
1197 0.651813 0.527363 0.00212297
1198 0.651813 0.525004 0.00185576
1199 0.651813 0.521411 0.00226339
1200 0.651813 0.526432 0.00185858
1201 0.651813 0.525659 0.00171391
1202 0.651813 0.530302 0.00170178
1203 0.651813 0.533232 0.00167959
1204 0.651813 0.535062 0.00143195
1205 0.651813 0.531339 0.00176335
1206 0.651813 0.522378 0.00175169
1207 0.651813 0.522008 0.00177585
1208 0.651813 0.531398 0.00196411
1209 0.651813 0.528299 0.00153549
1210 0.651813 0.528664 0.00151758
1211 0.651813 0.533585 0.00162634
1212 0.651813 0.530532 0.00149083
1213 0.651813 0.534263 0.00173859
1214 0.651813 0.532718 0.00146696
1215 0.651813 0.527966 0.00150395
1216 0.651813 0.530873 0.00195014
1217 0.651813 0.527723 0.00176255
1218 0.651813 0.527079 0.00181826
1219 0.651813 0.526546 0.00217497
1220 0.651813 0.528848 0.00182933
1221 0.651813 0.525931 0.00178108
1222 0.651813 0.526921 0.00173082
1223 0.651813 0.529479 0.00174816
1224 0.651813 0.528662 0.00181302
1225 0.651813 0.526264 0.00169028
1226 0.651813 0.521858 0.0020897
1227 0.651813 0.527959 0.00164766
1228 0.651813 0.5274 0.00156762
1229 0.651813 0.527556 0.00168918
1230 0.651813 0.526774 0.00167039
1231 0.651813 0.527928 0.00162168
1232 0.651813 0.530421 0.00167482
1233 0.651813 0.532619 0.00164183
1234 0.651813 0.528941 0.001433
1235 0.651813 0.528127 0.00193667
1236 0.651813 0.528156 0.00167766
1237 0.651813 0.530507 0.00171703
1238 0.651813 0.531701 0.00180637
1239 0.651813 0.527837 0.00149052
1240 0.651813 0.524919 0.00162367
1241 0.651813 0.525195 0.00181319
1242 0.651813 0.529956 0.00205437
1243 0.651813 0.525165 0.00153064
1244 0.651813 0.527578 0.00144257
1245 0.651813 0.527577 0.00156192
1246 0.651813 0.533705 0.00176932
1247 0.651813 0.526377 0.00159724
1248 0.651813 0.527052 0.00154164
1249 0.651813 0.533967 0.0020242
1250 0.651813 0.527238 0.00147878
1251 0.651813 0.525803 0.00140059
1252 0.651813 0.528386 0.00158784
1253 0.651813 0.526166 0.00160616
1254 0.651813 0.522979 0.00155567
1255 0.651813 0.525048 0.00184162
1256 0.651813 0.520513 0.00169482
1257 0.651813 0.525591 0.00180756
1258 0.651813 0.518537 0.00174384
1259 0.651813 0.521999 0.00191269
1260 0.651813 0.520328 0.00171933
1261 0.651813 0.526068 0.00174523
1262 0.651813 0.525903 0.00129757
1263 0.651813 0.525935 0.00167347
1264 0.651813 0.524164 0.00145135
1265 0.651813 0.524265 0.00178273
1266 0.651813 0.521752 0.00170877
1267 0.651813 0.526429 0.00158003
1268 0.651813 0.523704 0.00172699
1269 0.651813 0.525559 0.00173709
1270 0.651813 0.525939 0.00150347
1271 0.651813 0.526982 0.00198771
1272 0.651813 0.520974 0.00160189
1273 0.651813 0.524502 0.00169492
1274 0.651813 0.524497 0.0018343
1275 0.651813 0.529542 0.00180344
1276 0.651813 0.521664 0.00196357
1277 0.651813 0.526037 0.00167405
1278 0.651813 0.525697 0.00175129
1279 0.651813 0.523005 0.00196681
1280 0.651813 0.5244 0.00200883
1281 0.651813 0.522127 0.00181158
1282 0.651813 0.523025 0.00214469
1283 0.651813 0.516825 0.00161938
1284 0.651813 0.519309 0.00186454
1285 0.651813 0.522756 0.00172187
1286 0.651813 0.524525 0.00168984
1287 0.651813 0.525485 0.00176658
1288 0.651813 0.525973 0.00170265
1289 0.651813 0.520396 0.00206226
1290 0.651813 0.521613 0.00185722
1291 0.651813 0.52258 0.00172676
1292 0.651813 0.519519 0.00172937
1293 0.651813 0.522259 0.00207209
1294 0.651813 0.519212 0.0019339
1295 0.651813 0.522946 0.00162344
1296 0.651813 0.521781 0.00172911
1297 0.651813 0.521404 0.00185761
1298 0.651813 0.523602 0.00179319
1299 0.651813 0.523292 0.00175565
1300 0.651813 0.522927 0.00183363
1301 0.651813 0.521006 0.00194377
1302 0.651813 0.520389 0.0016813
1303 0.651813 0.522827 0.00167154
1304 0.651813 0.522534 0.00174519
1305 0.651813 0.522049 0.00161919
1306 0.651813 0.522263 0.00203054
1307 0.651813 0.521391 0.00178455
1308 0.651813 0.519341 0.00216735
1309 0.651813 0.522496 0.00203474
1310 0.651813 0.526347 0.00191257
1311 0.651813 0.524516 0.00166644
1312 0.651813 0.522991 0.00183299
1313 0.651813 0.524181 0.0019613
1314 0.651813 0.517675 0.00205922
1315 0.651813 0.520025 0.00188009
1316 0.651813 0.521964 0.00180865
1317 0.651813 0.521843 0.00203713
1318 0.651813 0.520897 0.00178314
1319 0.651813 0.524504 0.00214785
1320 0.651813 0.528466 0.00176461
1321 0.651813 0.527501 0.00180807
1322 0.651813 0.523243 0.00178206
1323 0.651813 0.527635 0.00203513
1324 0.651813 0.521421 0.00182501
1325 0.651813 0.524219 0.00185245
1326 0.651813 0.528341 0.00171551
1327 0.651813 0.523273 0.00201921
1328 0.651813 0.531664 0.00195679
1329 0.651813 0.525834 0.00161052
1330 0.651813 0.524003 0.00188098
1331 0.651813 0.521135 0.00174913
1332 0.651813 0.520253 0.00172235
1333 0.651813 0.529688 0.00156254
1334 0.651813 0.526352 0.00175867
1335 0.651813 0.524549 0.00195502
1336 0.651813 0.526563 0.00147981
1337 0.651813 0.527993 0.00176456
1338 0.651813 0.522447 0.00200493
1339 0.651813 0.525375 0.00185265
1340 0.651813 0.527109 0.00162537
1341 0.651813 0.528365 0.00197488
1342 0.651813 0.5288 0.00168993
1343 0.651813 0.526556 0.0019403
1344 0.651813 0.52875 0.00193505
1345 0.651813 0.529347 0.00151438
1346 0.651813 0.529438 0.00183168
1347 0.651813 0.527442 0.00175184
1348 0.651813 0.527068 0.00178883
1349 0.651813 0.528587 0.0016294
1350 0.651813 0.531869 0.0019964
1351 0.651813 0.52688 0.00167397
1352 0.651813 0.528804 0.00165826
1353 0.651813 0.52801 0.00186098
1354 0.651813 0.525795 0.00195163
1355 0.651813 0.521789 0.00233473
1356 0.651813 0.528605 0.00231722
1357 0.651813 0.524287 0.00202677
1358 0.651813 0.521424 0.00189522
1359 0.651813 0.528759 0.00193415
1360 0.651813 0.52048 0.00186432
1361 0.651813 0.527026 0.00191242
1362 0.651813 0.524944 0.0014728
1363 0.651813 0.52699 0.00178996
1364 0.651813 0.526192 0.00178983
1365 0.651813 0.52621 0.0017735
1366 0.651813 0.524906 0.00172829
1367 0.651813 0.524272 0.00190677
1368 0.651813 0.523868 0.00157458
1369 0.651813 0.529445 0.00182311
1370 0.651813 0.532197 0.00180662
1371 0.651813 0.531588 0.00162335
1372 0.651813 0.530686 0.00157659
1373 0.651813 0.530143 0.00162691
1374 0.651813 0.525829 0.00168976
1375 0.651813 0.527966 0.00185859
1376 0.651813 0.531807 0.00176648
1377 0.651813 0.533552 0.00168262
1378 0.651813 0.531701 0.00184166
1379 0.651813 0.529086 0.00184946
1380 0.651813 0.520514 0.00208013
1381 0.651813 0.523888 0.00187048
1382 0.651813 0.522463 0.00182173
1383 0.651813 0.528448 0.00198904
1384 0.651813 0.528597 0.00186338
1385 0.651813 0.525941 0.00210111
1386 0.651813 0.529514 0.00178486
1387 0.651813 0.533181 0.0017172
1388 0.651813 0.53084 0.00204136
1389 0.651813 0.525157 0.00201505
1390 0.651813 0.527735 0.00172642
1391 0.651813 0.528802 0.00181241
1392 0.651813 0.521972 0.00168735
1393 0.651813 0.522646 0.00184559
1394 0.651813 0.527297 0.00201714
1395 0.651813 0.524761 0.00215494
1396 0.651813 0.519114 0.00186444
1397 0.651813 0.52026 0.00210792
1398 0.651813 0.521198 0.00183488
1399 0.651813 0.530087 0.0017389
1400 0.651813 0.52571 0.00184617
1401 0.651813 0.524202 0.00192085
1402 0.651813 0.529606 0.00175875
1403 0.651813 0.529605 0.00168395
1404 0.651813 0.532718 0.00157502
1405 0.651813 0.524768 0.00146619
1406 0.651813 0.524036 0.00189906
1407 0.651813 0.523395 0.00187623
1408 0.651813 0.522866 0.00155612
1409 0.651813 0.526938 0.00197991
1410 0.651813 0.527953 0.00159208
1411 0.651813 0.529899 0.00170381
1412 0.651813 0.52234 0.00160827
1413 0.651813 0.526356 0.00186817
1414 0.651813 0.528742 0.00176461
1415 0.651813 0.526172 0.00174558
1416 0.651813 0.52861 0.00173941
1417 0.651813 0.529881 0.00180161
1418 0.651813 0.529361 0.00167494
1419 0.651813 0.532768 0.00148561
1420 0.651813 0.530168 0.00148151
1421 0.651813 0.527674 0.00157694
1422 0.651813 0.528121 0.00177026
1423 0.651813 0.529213 0.00190597
1424 0.651813 0.523248 0.00183535
1425 0.651813 0.522881 0.00182632
1426 0.651813 0.523903 0.00191278
1427 0.651813 0.524001 0.00180298
1428 0.651813 0.528574 0.00163658
1429 0.651813 0.527369 0.00171248
1430 0.651813 0.523907 0.00192289
1431 0.651813 0.524829 0.00176887
1432 0.651813 0.527856 0.00165114
1433 0.651813 0.525313 0.00195834
1434 0.651813 0.523351 0.00189383
1435 0.651813 0.522713 0.00169574
1436 0.651813 0.524636 0.00183479
1437 0.651813 0.531905 0.00148382
1438 0.651813 0.531961 0.00173843
1439 0.651813 0.524729 0.00184538
1440 0.651813 0.523527 0.00181162
1441 0.651813 0.523555 0.00186417
1442 0.651813 0.521221 0.00179675
1443 0.651813 0.524042 0.00194024
1444 0.651813 0.523293 0.00189079
1445 0.651813 0.51921 0.00177453
1446 0.651813 0.525544 0.00176753
1447 0.651813 0.521467 0.00209381
1448 0.651813 0.533177 0.00179471
1449 0.651813 0.534529 0.00143755
1450 0.651813 0.530322 0.00152355
1451 0.651813 0.531579 0.00139788
1452 0.651813 0.531078 0.00178227
1453 0.651813 0.53274 0.00168892
1454 0.651813 0.529359 0.00166062
1455 0.651813 0.525791 0.00161142
1456 0.651813 0.531626 0.00181568
1457 0.651813 0.526422 0.00172287
1458 0.651813 0.526255 0.00192144
1459 0.651813 0.522499 0.00192262
1460 0.651813 0.524624 0.00180212
1461 0.651813 0.526632 0.001589
1462 0.651813 0.526818 0.00191876
1463 0.651813 0.526607 0.00141249
1464 0.651813 0.529647 0.00129498
1465 0.651813 0.526825 0.00167498
1466 0.651813 0.521668 0.0016835
1467 0.651813 0.527554 0.00165843
1468 0.651813 0.530343 0.00148912
1469 0.651813 0.526703 0.0015062
1470 0.651813 0.528647 0.0014481
1471 0.651813 0.532382 0.00137872
1472 0.651813 0.529814 0.00174722
1473 0.651813 0.527264 0.00150406
1474 0.651813 0.52606 0.00170037
1475 0.651813 0.525475 0.00177581
1476 0.651813 0.523815 0.00152739
1477 0.651813 0.524757 0.00151685
1478 0.651813 0.52902 0.00148654
1479 0.651813 0.521761 0.00174923
1480 0.651813 0.524998 0.00146204
1481 0.651813 0.529706 0.00134295
1482 0.651813 0.528643 0.00143712
1483 0.651813 0.529319 0.00150173
1484 0.651813 0.529786 0.001519
1485 0.651813 0.527373 0.00165996
1486 0.651813 0.52835 0.00159952
1487 0.651813 0.529274 0.00156093
1488 0.651813 0.520248 0.00185092
1489 0.651813 0.524348 0.00192462
1490 0.651813 0.521973 0.00191176
1491 0.651813 0.526065 0.00150896
1492 0.651813 0.520788 0.0017036
1493 0.651813 0.522442 0.00192088
1494 0.651813 0.521234 0.0019826
1495 0.651813 0.518837 0.00168773
1496 0.651813 0.521449 0.00202218
1497 0.651813 0.524972 0.00164496
1498 0.651813 0.522288 0.00172793
1499 0.651813 0.528407 0.00158814
1500 0.651813 0.523796 0.00184936
1501 0.651813 0.523225 0.00191983
1502 0.651813 0.520323 0.00182876
1503 0.651813 0.524749 0.00195722
1504 0.651813 0.520248 0.00224797
1505 0.651813 0.525478 0.00216694
1506 0.651813 0.524369 0.00174074
1507 0.651813 0.516768 0.00175069
1508 0.651813 0.523868 0.0019752
1509 0.651813 0.523637 0.00203971
1510 0.651813 0.524066 0.00191584
1511 0.651813 0.52259 0.00204182
1512 0.651813 0.519959 0.00215248
1513 0.651813 0.523924 0.00211166
1514 0.651813 0.52822 0.00188357
1515 0.651813 0.526888 0.00157192
1516 0.651813 0.525496 0.00159444
1517 0.651813 0.530216 0.00169146
1518 0.651813 0.5279 0.0019312
1519 0.651813 0.528295 0.00194543
1520 0.651813 0.523665 0.00181384
1521 0.651813 0.531356 0.00158344
1522 0.651813 0.532432 0.00159705
1523 0.651813 0.527594 0.00161791
1524 0.651813 0.52838 0.00171975
1525 0.651813 0.53166 0.00167334
1526 0.651813 0.530037 0.001721
1527 0.651813 0.525229 0.00213632
1528 0.651813 0.529372 0.0022544
1529 0.651813 0.524616 0.00210136
1530 0.651813 0.526696 0.00197681
1531 0.651813 0.524591 0.00171768
1532 0.651813 0.527009 0.00180859
1533 0.651813 0.522965 0.00188371
1534 0.651813 0.523337 0.00185942
1535 0.651813 0.522908 0.00185935
1536 0.651813 0.521443 0.00198522
1537 0.651813 0.522749 0.00168412
1538 0.651813 0.52293 0.00211051
1539 0.651813 0.522007 0.00188836
1540 0.651813 0.523475 0.0018488
1541 0.651813 0.532635 0.00181914
1542 0.651813 0.525912 0.00178184
1543 0.651813 0.528087 0.00190703
1544 0.651813 0.524209 0.00183574
1545 0.651813 0.530892 0.00159332
1546 0.651813 0.527118 0.0020266
1547 0.651813 0.522289 0.00204123
1548 0.651813 0.529155 0.00174553
1549 0.651813 0.526673 0.00176163
1550 0.651813 0.531667 0.00207717
1551 0.651813 0.533704 0.00173283
1552 0.651813 0.534372 0.00154701
1553 0.651813 0.535222 0.00187803
1554 0.651813 0.540692 0.00153042
1555 0.651813 0.52715 0.00169775
1556 0.651813 0.533077 0.00163623
1557 0.651813 0.527589 0.0017964
1558 0.651813 0.528917 0.00177489
1559 0.651813 0.524127 0.00175065
1560 0.651813 0.519588 0.00180309
1561 0.651813 0.523482 0.00204367
1562 0.651813 0.526351 0.00175194
1563 0.651813 0.52603 0.00181085
1564 0.651813 0.528545 0.00165109
1565 0.651813 0.526969 0.00201556
1566 0.651813 0.531047 0.00193801
1567 0.651813 0.532283 0.00177686
1568 0.651813 0.528349 0.00173722
1569 0.651813 0.526465 0.00175426
1570 0.651813 0.530726 0.00170123
1571 0.651813 0.52686 0.00173642
1572 0.651813 0.528173 0.00166863
1573 0.651813 0.529323 0.00149376
1574 0.651813 0.524928 0.001733
1575 0.651813 0.525235 0.00202515
1576 0.651813 0.52911 0.00191068
1577 0.651813 0.527827 0.00168799
1578 0.651813 0.529061 0.00187933
1579 0.651813 0.524106 0.00200002
1580 0.651813 0.527748 0.00177712
1581 0.651813 0.524813 0.0017967
1582 0.651813 0.532442 0.00165987
1583 0.651813 0.529258 0.00201174
1584 0.651813 0.527024 0.00184089
1585 0.651813 0.525282 0.00176655
1586 0.651813 0.528614 0.00166499
1587 0.651813 0.528107 0.00177683
1588 0.651813 0.527786 0.00162661
1589 0.651813 0.526879 0.00181716
1590 0.651813 0.523453 0.00186622
1591 0.651813 0.53055 0.00169114
1592 0.651813 0.526122 0.00191485
1593 0.651813 0.525443 0.00188338
1594 0.651813 0.525489 0.00185992
1595 0.651813 0.524938 0.00217205
1596 0.651813 0.528194 0.00191196
1597 0.651813 0.524204 0.00191121
1598 0.651813 0.524822 0.00150678
1599 0.651813 0.522956 0.0016659
1600 0.651813 0.520019 0.00168043
1601 0.651813 0.524106 0.00152391
1602 0.651813 0.525614 0.0016555
1603 0.651813 0.522524 0.00208539
1604 0.651813 0.524443 0.00170828
1605 0.651813 0.527152 0.00182568
1606 0.651813 0.525841 0.00157722
1607 0.651813 0.529519 0.00162711
1608 0.651813 0.531399 0.00163422
1609 0.651813 0.528699 0.00171126
1610 0.651813 0.528656 0.00176456
1611 0.651813 0.519304 0.00159062
1612 0.651813 0.528629 0.00164419
1613 0.651813 0.524428 0.00169996
1614 0.651813 0.530745 0.0015335
1615 0.651813 0.527498 0.00170937
1616 0.651813 0.527724 0.00168896
1617 0.651813 0.526969 0.00158345
1618 0.651813 0.53204 0.00173088
1619 0.651813 0.527069 0.00188012
1620 0.651813 0.528572 0.00178534
1621 0.651813 0.52926 0.00190305
1622 0.651813 0.528928 0.00176765
1623 0.651813 0.533239 0.00145798
1624 0.651813 0.528959 0.00151604
1625 0.651813 0.532425 0.00153177
1626 0.651813 0.529142 0.00155066
1627 0.651813 0.533227 0.00158272
1628 0.651813 0.527832 0.00150848
1629 0.651813 0.527612 0.00171025
1630 0.651813 0.532542 0.0013931
1631 0.651813 0.527139 0.00168525
1632 0.651813 0.535041 0.00163728
1633 0.651813 0.534237 0.00165969
1634 0.651813 0.534143 0.00165893
1635 0.651813 0.537061 0.00151985
1636 0.651813 0.528552 0.00202191
1637 0.651813 0.532201 0.00179762
1638 0.651813 0.530133 0.00178828
1639 0.651813 0.533894 0.00198415
1640 0.651813 0.532085 0.00174592
1641 0.651813 0.535475 0.00164118
1642 0.651813 0.526979 0.00159446
1643 0.651813 0.526012 0.00181496
1644 0.651813 0.529773 0.00174809
1645 0.651813 0.53242 0.00156992
1646 0.651813 0.530871 0.00183459
1647 0.651813 0.526202 0.00180714
1648 0.651813 0.533787 0.00149555
1649 0.651813 0.526078 0.00197723
1650 0.651813 0.524387 0.00184875
1651 0.651813 0.526098 0.0018641
1652 0.651813 0.528541 0.00231422
1653 0.651813 0.526851 0.00202203
1654 0.651813 0.527164 0.00192649
1655 0.651813 0.526561 0.00174176
1656 0.651813 0.529587 0.00187387
1657 0.651813 0.528393 0.00196182
1658 0.651813 0.532795 0.00182695
1659 0.651813 0.530617 0.00161132
1660 0.651813 0.52986 0.00184997
1661 0.651813 0.520719 0.00184674
1662 0.651813 0.529846 0.00154453
1663 0.651813 0.529608 0.00207034
1664 0.651813 0.526123 0.00222226
1665 0.651813 0.525534 0.00197234
1666 0.651813 0.524135 0.00195201
1667 0.651813 0.526661 0.00187102
1668 0.651813 0.526147 0.00209249
1669 0.651813 0.526432 0.00206079
1670 0.651813 0.516638 0.0020895
1671 0.651813 0.521669 0.00222234
1672 0.651813 0.520979 0.00203836
1673 0.651813 0.515971 0.00201544
1674 0.651813 0.519893 0.00216385
1675 0.651813 0.523675 0.00201899
1676 0.651813 0.525976 0.00220391
1677 0.651813 0.528989 0.00204672
1678 0.651813 0.528317 0.00181964
1679 0.651813 0.526866 0.00165022
1680 0.651813 0.525995 0.00180799
1681 0.651813 0.529788 0.00165563
1682 0.651813 0.529995 0.00174242
1683 0.651813 0.528489 0.00158542
1684 0.651813 0.527265 0.00192704
1685 0.651813 0.524616 0.00168206
1686 0.651813 0.529893 0.00155741
1687 0.651813 0.529759 0.00164119
1688 0.651813 0.530301 0.00149987
1689 0.651813 0.526433 0.00160491
1690 0.651813 0.525434 0.00183583
1691 0.651813 0.528289 0.00170536
1692 0.651813 0.521731 0.0015424
1693 0.651813 0.524285 0.00171763
1694 0.651813 0.528352 0.00142094
1695 0.651813 0.522266 0.00187003
1696 0.651813 0.524695 0.00160619
1697 0.651813 0.523851 0.00195802
1698 0.651813 0.530413 0.00195221
1699 0.651813 0.525194 0.00172879
1700 0.651813 0.517383 0.00186763
1701 0.651813 0.519254 0.00202676
1702 0.651813 0.529955 0.0016245
1703 0.651813 0.526894 0.00168408
1704 0.651813 0.526237 0.00175012
1705 0.651813 0.526157 0.00168664
1706 0.651813 0.525394 0.00162336
1707 0.651813 0.523984 0.00155925
1708 0.651813 0.523125 0.00153407
1709 0.651813 0.522388 0.00153172
1710 0.651813 0.524181 0.00198388
1711 0.651813 0.527575 0.00173447
1712 0.651813 0.520513 0.00184797
1713 0.651813 0.521216 0.00185266
1714 0.651813 0.517033 0.0020142
1715 0.651813 0.524688 0.00160296
1716 0.651813 0.525516 0.00194852
1717 0.651813 0.525967 0.0016357
1718 0.651813 0.527336 0.00168515
1719 0.651813 0.524793 0.00174132
1720 0.651813 0.528563 0.00160471
1721 0.651813 0.522276 0.00187314
1722 0.651813 0.517469 0.00187891
1723 0.651813 0.524007 0.00179897
1724 0.651813 0.523472 0.00174347
1725 0.651813 0.529631 0.00180112
1726 0.651813 0.520539 0.00198581
1727 0.651813 0.523352 0.00182473
1728 0.651813 0.520355 0.00187607
1729 0.651813 0.52185 0.00166769
1730 0.651813 0.524003 0.00172176
1731 0.651813 0.527245 0.00156884
1732 0.651813 0.525125 0.00148252
1733 0.651813 0.521282 0.00168609
1734 0.651813 0.524615 0.0015778
1735 0.651813 0.529925 0.00187907
1736 0.651813 0.530237 0.00170728
1737 0.651813 0.527192 0.00174182
1738 0.651813 0.527886 0.00182074
1739 0.651813 0.525949 0.00204302
1740 0.651813 0.519594 0.00167106
1741 0.651813 0.518961 0.00201614
1742 0.651813 0.527206 0.00221266
1743 0.651813 0.530402 0.00186499
1744 0.651813 0.524187 0.00186695
1745 0.651813 0.523533 0.00189991
1746 0.651813 0.52527 0.00178597
1747 0.651813 0.527646 0.00194061
1748 0.651813 0.529312 0.0017343
1749 0.651813 0.52686 0.00173971
1750 0.651813 0.532391 0.00172712
1751 0.651813 0.530384 0.00188883
1752 0.651813 0.534722 0.00162886
1753 0.651813 0.528158 0.00161843
1754 0.651813 0.526452 0.00151272
1755 0.651813 0.531078 0.00147546
1756 0.651813 0.528474 0.001686
1757 0.651813 0.533002 0.00167417
1758 0.651813 0.528592 0.00134401
1759 0.651813 0.525468 0.00171591
1760 0.651813 0.532204 0.00176576
1761 0.651813 0.533858 0.00187748
1762 0.651813 0.533457 0.00190225
1763 0.651813 0.530496 0.00171733
1764 0.651813 0.520598 0.00181499
1765 0.651813 0.524478 0.00172184
1766 0.651813 0.520654 0.00199361
1767 0.651813 0.530266 0.00180536
1768 0.651813 0.533114 0.00183434
1769 0.651813 0.534438 0.00148537
1770 0.651813 0.534009 0.00192221
1771 0.651813 0.528101 0.00178664
1772 0.651813 0.525661 0.00178957
1773 0.651813 0.530077 0.00154966
1774 0.651813 0.534598 0.00142227
1775 0.651813 0.534099 0.00157854
1776 0.651813 0.52808 0.00216593
1777 0.651813 0.523047 0.00193627
1778 0.651813 0.527398 0.00195713
1779 0.651813 0.529626 0.00185506
1780 0.651813 0.52454 0.00166685
1781 0.651813 0.52371 0.00164644
1782 0.651813 0.529409 0.0014917
1783 0.651813 0.522991 0.00164716
1784 0.651813 0.52704 0.00179591
1785 0.651813 0.526212 0.00168377
1786 0.651813 0.523533 0.001617
1787 0.651813 0.529784 0.00158731
1788 0.651813 0.527584 0.00153744
1789 0.651813 0.529483 0.00160545
1790 0.651813 0.527526 0.00184281
1791 0.651813 0.529994 0.00184768
1792 0.651813 0.527049 0.00168696
1793 0.651813 0.52943 0.00170354
1794 0.651813 0.524386 0.00195785
1795 0.651813 0.522622 0.00190918
1796 0.651813 0.526951 0.00160659
1797 0.651813 0.528647 0.0016307
1798 0.651813 0.532015 0.00142423
1799 0.651813 0.529569 0.00149622
1800 0.651813 0.526316 0.00154968
1801 0.651813 0.528406 0.00195156
1802 0.651813 0.52895 0.00181157
1803 0.651813 0.528049 0.00176487
1804 0.651813 0.526628 0.00179557
1805 0.651813 0.525739 0.00189324
1806 0.651813 0.532085 0.00175791
1807 0.651813 0.529903 0.00170677
1808 0.651813 0.529026 0.00211848
1809 0.651813 0.523821 0.00157521
1810 0.651813 0.527493 0.00159673
1811 0.651813 0.522272 0.00162873
1812 0.651813 0.523955 0.00161222
1813 0.651813 0.520537 0.00153247
1814 0.651813 0.526824 0.00151648
1815 0.651813 0.526606 0.0014622
1816 0.651813 0.524691 0.00148389
1817 0.651813 0.523447 0.00167213
1818 0.651813 0.525247 0.00201088
1819 0.651813 0.528034 0.00170556
1820 0.651813 0.524789 0.00191968
1821 0.651813 0.528202 0.00179916
1822 0.651813 0.528451 0.00178612
1823 0.651813 0.527405 0.00201729
1824 0.651813 0.521188 0.00173963
1825 0.651813 0.52019 0.00184081
1826 0.651813 0.526265 0.00163685
1827 0.651813 0.529715 0.00165677
1828 0.651813 0.526579 0.00174616
1829 0.651813 0.525393 0.00164232
1830 0.651813 0.528187 0.00167623
1831 0.651813 0.529214 0.00174887
1832 0.651813 0.527984 0.00174751
1833 0.651813 0.528332 0.00183938
1834 0.651813 0.528822 0.00205129
1835 0.651813 0.531225 0.00192449
1836 0.651813 0.526114 0.00189495
1837 0.651813 0.524447 0.00191896
1838 0.651813 0.525088 0.00159439
1839 0.651813 0.532169 0.00176688
1840 0.651813 0.529519 0.00194511
1841 0.651813 0.52815 0.00208304
1842 0.651813 0.526668 0.00158295
1843 0.651813 0.532033 0.00178529
1844 0.651813 0.529087 0.00170383
1845 0.651813 0.531872 0.00149637
1846 0.651813 0.525566 0.00202339
1847 0.651813 0.527886 0.00180792
1848 0.651813 0.525947 0.00185411
1849 0.651813 0.531334 0.00146785
1850 0.651813 0.529791 0.00163008
1851 0.651813 0.526879 0.00157038
1852 0.651813 0.527126 0.00155764
1853 0.651813 0.525415 0.00163661
1854 0.651813 0.527124 0.00164954
1855 0.651813 0.529497 0.00180467
1856 0.651813 0.527409 0.00181256
1857 0.651813 0.526524 0.00166945
1858 0.651813 0.527778 0.00177584
1859 0.651813 0.524112 0.00176592
1860 0.651813 0.52128 0.00171142
1861 0.651813 0.525904 0.00161693
1862 0.651813 0.524941 0.00160036
1863 0.651813 0.524284 0.00157444
1864 0.651813 0.527496 0.00182242
1865 0.651813 0.525218 0.00159641
1866 0.651813 0.526323 0.00197372
1867 0.651813 0.528834 0.00155333
1868 0.651813 0.528897 0.00180155
1869 0.651813 0.525846 0.00170825
1870 0.651813 0.525508 0.00149402
1871 0.651813 0.527374 0.0018269
1872 0.651813 0.528141 0.00174142
1873 0.651813 0.524275 0.00170371
1874 0.651813 0.529814 0.00148776
1875 0.651813 0.530997 0.00189538
1876 0.651813 0.5314 0.00175335
1877 0.651813 0.531997 0.0014553
1878 0.651813 0.53267 0.00131638
1879 0.651813 0.534227 0.00140984
1880 0.651813 0.532803 0.00141235
1881 0.651813 0.531224 0.00144542
1882 0.651813 0.531242 0.00131663
1883 0.651813 0.533191 0.00158207
1884 0.651813 0.532311 0.0014794
1885 0.651813 0.5311 0.00138288
1886 0.651813 0.533239 0.00134617
1887 0.651813 0.532316 0.00133397
1888 0.651813 0.535179 0.00133662
1889 0.651813 0.53205 0.00155736
1890 0.651813 0.527495 0.00171228
1891 0.651813 0.529879 0.0018199
1892 0.651813 0.525369 0.00172493
1893 0.651813 0.525995 0.00184789
1894 0.651813 0.529237 0.00180819
1895 0.651813 0.528693 0.00155549
1896 0.651813 0.530577 0.00160957
1897 0.651813 0.527201 0.0016479
1898 0.651813 0.529166 0.00161779
1899 0.651813 0.528709 0.00175542
1900 0.651813 0.522799 0.00149475
1901 0.651813 0.524887 0.00161263
1902 0.651813 0.529993 0.00166698
1903 0.651813 0.530799 0.00148299
1904 0.651813 0.526803 0.00175126
1905 0.651813 0.52462 0.0018088
1906 0.651813 0.52508 0.00200912
1907 0.651813 0.525632 0.0020437
1908 0.651813 0.528435 0.00168245
1909 0.651813 0.531861 0.00170212
1910 0.651813 0.535496 0.00145178
1911 0.651813 0.534512 0.00150033
1912 0.651813 0.531759 0.00143028
1913 0.651813 0.527879 0.00155271
1914 0.651813 0.531472 0.00163175
1915 0.651813 0.529447 0.00139616
1916 0.651813 0.53299 0.00147676
1917 0.651813 0.530171 0.00151098
1918 0.651813 0.53001 0.00148242
1919 0.651813 0.531434 0.00170458
1920 0.651813 0.528074 0.00150095
1921 0.651813 0.529716 0.00158189
1922 0.651813 0.530904 0.00129415
1923 0.651813 0.532474 0.0013802
1924 0.651813 0.5258 0.00161598
1925 0.651813 0.536205 0.00134013
1926 0.651813 0.533604 0.00144119
1927 0.651813 0.535848 0.00155506
1928 0.651813 0.531014 0.00154336
1929 0.651813 0.531738 0.00160469
1930 0.651813 0.53271 0.00147714
1931 0.651813 0.528829 0.00136714
1932 0.651813 0.532224 0.00164693
1933 0.651813 0.530292 0.00122854
1934 0.651813 0.532686 0.00117052
1935 0.651813 0.52995 0.00131638
1936 0.651813 0.530521 0.00165996
1937 0.651813 0.534716 0.00156672
1938 0.651813 0.524642 0.00147741
1939 0.651813 0.529255 0.00177571
1940 0.651813 0.525815 0.00194755
1941 0.651813 0.526744 0.00142069
1942 0.651813 0.528621 0.00146326
1943 0.651813 0.528194 0.00157451
1944 0.651813 0.529028 0.00148818
1945 0.651813 0.53071 0.00156931
1946 0.651813 0.53041 0.00182257
1947 0.651813 0.522403 0.00174483
1948 0.651813 0.525721 0.00189819
1949 0.651813 0.525559 0.00191476
1950 0.651813 0.522979 0.00181334
1951 0.651813 0.531692 0.00156229
1952 0.651813 0.529802 0.0014861
1953 0.651813 0.527651 0.00168438
1954 0.651813 0.528199 0.00180365
1955 0.651813 0.530113 0.00167389
1956 0.651813 0.529024 0.00176028
1957 0.651813 0.530239 0.00162632
1958 0.651813 0.530246 0.00175192
1959 0.651813 0.532332 0.00138142
1960 0.651813 0.529554 0.00157968
1961 0.651813 0.53053 0.00171767
1962 0.651813 0.527614 0.00179523
1963 0.651813 0.524912 0.00191323
1964 0.651813 0.528957 0.00193902
1965 0.651813 0.529679 0.00171029
1966 0.651813 0.52727 0.001675
1967 0.651813 0.524121 0.00170279
1968 0.651813 0.526793 0.00153346
1969 0.651813 0.525971 0.00171325
1970 0.651813 0.52579 0.00188203
1971 0.651813 0.529486 0.00183649
1972 0.651813 0.521749 0.00188038
1973 0.651813 0.527064 0.00178736
1974 0.651813 0.52706 0.00200778
1975 0.651813 0.517917 0.00209315
1976 0.651813 0.514054 0.0022618
1977 0.651813 0.524268 0.00205434
1978 0.651813 0.51357 0.00240008
1979 0.651813 0.512338 0.00207465
1980 0.651813 0.516521 0.00186976
1981 0.651813 0.511904 0.001958
1982 0.651813 0.512173 0.00194699
1983 0.651813 0.519306 0.00204482
1984 0.651813 0.523557 0.00217157
1985 0.651813 0.524288 0.00195079
1986 0.651813 0.525007 0.00177691
1987 0.651813 0.526756 0.00178461
1988 0.651813 0.525171 0.0020435
1989 0.651813 0.521846 0.00178067
1990 0.651813 0.517549 0.0019021
1991 0.651813 0.522085 0.00157946
1992 0.651813 0.520755 0.00195707
1993 0.651813 0.516198 0.00208339
1994 0.651813 0.520057 0.00183176
1995 0.651813 0.519186 0.00196181
1996 0.651813 0.522142 0.00213954
1997 0.651813 0.523565 0.00184769
1998 0.651813 0.519616 0.00196549
1999 0.651813 0.526336 0.00205579
2000 0.651813 0.523985 0.00197128
