4
1
-50.0858
6.25604
0
-54.305
4.8398
0
-55.3434
7.08489
0
0.128252
0.263733
1
-56.5774
3.26368
0
0.0686785
0.651937
0.645589
1.24969
1.91434
0.119226
1.21424
0.239733
1.54252
0.223008
1.07701
0.741476
0.384566
0.910127
0.477308
1.18134
1.97222
0.143391
1.23183
0.849932
0.732199
1.38397
0.154779
1.94727
1.56288
0.857685
1.98011
0.442786
0.984861
0.0688538
0.127962
0.0915557
0.731639
1.70671
0.453695
0.771729
0.91109
0.785672
1.9646
0.481844
0.287308
1.09943
0.997394
0.824256
0.29117
1.64986
0.257629
1.60332
0.863731
0.52863
1.62931
1.7766
1.63942
1.95214
0.199147
0.961453
1.53907
0.742965
1.99762
1.09203
0.704476
0.226348
1.76266
0.257142
1.28912
0.58512
1.83875
0.995268
1.90342
1.97492
0.427016
