5
0
-56.4081
2.13329
0
-51.9588
6.1242
0
-58.0333
4.39793
0
-58.4972
4.57092
0
-58.3016
4.52812
0
1.29828
1.94253
0.000299784
1.31992
1.42735
0.380364
1.53222
1.10048
0.0393209
0.887459
1.10261
0.112957
0.770725
1.30688
0.118141
1.17775
1.012
1.92014
1.3115
1.6697
1.66383
0.866058
1.87177
1.48663
1.85735
1.11838
0.352008
1.31643
1.9504
1.88731
1.11796
1.97963
1.15763
1.01265
0.740705
1.01415
0.603871
0.877669
0.0592797
0.0558538
0.0404671
0.818552
1.24111
1.39631
1.33823
1.29392
0.777629
1.25085
1.73993
0.908631
0.443873
1.44991
0.488967
1.13648
1.35523
0.246698
1.57933
1.22607
1.9602
0.0890648
1.6817
0.117368
0.13984
1.23712
1.12492
1.75156
0.905423
0.941491
0.519986
0.786088
1.31039
0.0862697
1.95814
0.453075
0.448124
0.305998
852.999
