4
1
-50.3655
3.84642
0
0.0906927
0.298928
1
-62.9984
4.86463
0
-50.3233
6.25901
0
-50.6
7.33025
0
0.447834
1.60648
1.80409
0.524389
0.625371
0.552098
0.483853
0.842841
1.59283
0.0459577
1.18475
0.522952
0.0246528
0.869912
1.40112
0.76831
1.3725
1.66505
0.915456
1.11382
1.12619
0.770257
0.433781
0.69382
1.13226
1.27315
0.582086
1.10996
1.64414
1.16408
1.3256
0.717316
1.81784
1.84075
0.057215
0.937945
0.368614
1.4691
0.648372
0.398446
1.02942
1.8197
0.313804
0.210514
1.93962
0.659321
0.219985
0.414854
0.143924
0.193959
0.118456
1.68354
0.678097
0.308002
1.23843
0.171772
1.52329
1.41566
0.55415
1.46379
0.474687
1.08997
0.955341
1.60135
1.64383
0.863981
1.2856
0.243824
0.254389
1.51595
1.98795
0.247935
1.83994
1.13075
0.258356
