0 0.516644 0.497868 7.53322e-05
1 0.528881 0.49849 8.65996e-05
2 0.548259 0.499814 0.000127553
3 0.548259 0.500209 0.000145316
4 0.553975 0.501837 0.00014698
5 0.563232 0.502078 0.00018865
6 0.5695 0.501607 0.000281392
7 0.5695 0.501081 0.000228482
8 0.5695 0.501976 0.00030261
9 0.57635 0.503268 0.000392118
10 0.57635 0.502605 0.000291292
11 0.57635 0.502972 0.000269166
12 0.57635 0.500943 0.000312801
13 0.57635 0.502321 0.000448887
14 0.57635 0.500736 0.000347094
15 0.57635 0.502977 0.000430139
16 0.57635 0.501978 0.000422047
17 0.57635 0.503995 0.000359789
18 0.581644 0.503036 0.000399489
19 0.581644 0.501545 0.000290385
20 0.581644 0.503568 0.000345218
21 0.581644 0.501781 0.000326021
22 0.581644 0.501892 0.000363541
23 0.581644 0.50053 0.000426624
24 0.581644 0.502808 0.000353252
25 0.581644 0.50258 0.00032701
26 0.581644 0.503044 0.000323391
27 0.581644 0.50453 0.000414421
28 0.581644 0.501881 0.000335843
29 0.581644 0.503379 0.000359945
30 0.581644 0.502335 0.000340696
31 0.581644 0.502769 0.000326666
32 0.581644 0.501884 0.00034091
33 0.581644 0.503151 0.000374966
34 0.581644 0.503253 0.000370476
35 0.581644 0.5046 0.000448525
36 0.581644 0.500266 0.000476755
37 0.581644 0.502714 0.000425586
38 0.600364 0.504186 0.000543065
39 0.600364 0.503251 0.000460648
40 0.600364 0.502487 0.000362676
41 0.600364 0.502089 0.000462251
42 0.600364 0.501784 0.000372682
43 0.600364 0.502319 0.000364896
44 0.623616 0.503784 0.000535974
45 0.623616 0.505194 0.000657215
46 0.623616 0.50226 0.000471878
47 0.623616 0.503585 0.000519476
48 0.623616 0.504259 0.000567419
49 0.623616 0.505515 0.000761774
50 0.623616 0.501975 0.000690856
51 0.623616 0.503761 0.000778843
52 0.623616 0.503206 0.000787087
53 0.623616 0.505418 0.000790491
54 0.623616 0.509341 0.000834683
55 0.623616 0.506792 0.000677965
56 0.623616 0.508664 0.000896273
57 0.640802 0.507568 0.000875814
58 0.640802 0.50511 0.000820142
59 0.640802 0.507108 0.000754338
60 0.640802 0.503543 0.000777153
61 0.640802 0.507459 0.000774347
62 0.640802 0.504874 0.000824291
63 0.640802 0.504499 0.000784824
64 0.640802 0.505547 0.000831657
65 0.653604 0.506295 0.00101878
66 0.653604 0.505529 0.0010262
67 0.653604 0.507955 0.000855284
68 0.653604 0.505499 0.000908141
69 0.653604 0.505551 0.000915859
70 0.653604 0.508175 0.00105783
71 0.653604 0.506557 0.00102227
72 0.653604 0.505649 0.00101598
73 0.653604 0.508933 0.00100366
74 0.653604 0.508031 0.00093414
75 0.653604 0.507134 0.000883991
76 0.653604 0.508894 0.00110365
77 0.653604 0.512193 0.00127784
78 0.653604 0.506354 0.00105172
79 0.653604 0.508463 0.000944477
80 0.653604 0.509236 0.00109447
81 0.653604 0.511363 0.0013297
82 0.653604 0.510701 0.00121216
83 0.653604 0.508759 0.00113644
84 0.653604 0.511867 0.00128399
85 0.653604 0.512112 0.00124457
86 0.653604 0.509152 0.00110783
87 0.653604 0.507626 0.00114706
88 0.653604 0.511295 0.00129866
89 0.653604 0.511571 0.00121901
90 0.653604 0.51225 0.0012464
91 0.653604 0.513251 0.00144149
92 0.653604 0.513043 0.00133341
93 0.653604 0.512636 0.00134911
94 0.653604 0.512909 0.00136818
95 0.653604 0.511445 0.00129393
96 0.653604 0.515361 0.0016306
97 0.653604 0.520513 0.00161793
98 0.653604 0.512368 0.00137855
99 0.653604 0.514622 0.0016798
100 0.653604 0.520746 0.00189894
101 0.653604 0.519241 0.0016382
102 0.653604 0.517393 0.00171325
103 0.653604 0.520956 0.00187214
104 0.653604 0.51596 0.00177286
105 0.653604 0.515466 0.00138118
106 0.653604 0.514626 0.0014679
107 0.653604 0.516821 0.00168096
108 0.653604 0.522359 0.0018074
109 0.653604 0.518022 0.00172912
110 0.653604 0.519508 0.00164762
111 0.653604 0.521703 0.00170752
112 0.653604 0.521089 0.00177955
113 0.653604 0.519226 0.00165553
114 0.653604 0.524053 0.00169174
115 0.653604 0.516204 0.00143147
116 0.653604 0.515712 0.0018144
117 0.653604 0.520777 0.00190275
118 0.700147 0.525151 0.00219412
119 0.700147 0.518884 0.00197457
120 0.700147 0.521207 0.00192299
121 0.700147 0.522153 0.00197251
122 0.700147 0.523263 0.00201082
123 0.700147 0.528161 0.00202092
124 0.700147 0.528056 0.00195145
125 0.700147 0.526428 0.002003
126 0.700147 0.531355 0.00201312
127 0.700147 0.529987 0.00195335
128 0.700147 0.523118 0.00212212
129 0.700147 0.527359 0.00243229
130 0.700147 0.529999 0.00209083
131 0.700147 0.51943 0.00176157
132 0.700147 0.524356 0.00203031
133 0.700147 0.52177 0.00213392
134 0.700147 0.521153 0.0021216
135 0.700147 0.514256 0.0018201
136 0.700147 0.515665 0.00188419
137 0.700147 0.520773 0.00199351
138 0.700147 0.523548 0.00263362
139 0.700147 0.524284 0.00265806
140 0.700147 0.523778 0.00218601
141 0.700147 0.520985 0.00191263
142 0.700147 0.516744 0.00202961
143 0.700147 0.516841 0.00231728
144 0.700147 0.517715 0.00207264
145 0.700147 0.514982 0.00170702
146 0.700147 0.514092 0.00193681
147 0.700147 0.518818 0.00204279
148 0.700147 0.525054 0.00248974
149 0.700147 0.527702 0.00197476
150 0.700147 0.517507 0.00239617
151 0.700147 0.52526 0.00224908
152 0.700147 0.531026 0.00253265
153 0.700147 0.528606 0.0027265
154 0.700147 0.522577 0.00228267
155 0.700147 0.520666 0.00222797
156 0.700147 0.525639 0.00225857
157 0.700147 0.524614 0.00212701
158 0.700147 0.522896 0.00211655
159 0.700147 0.522247 0.00199563
160 0.700147 0.523727 0.00219037
161 0.700147 0.519467 0.00274199
162 0.700147 0.518073 0.00217304
163 0.700147 0.518147 0.00229885
164 0.700147 0.514053 0.00210977
165 0.700147 0.519854 0.00218629
166 0.700147 0.525084 0.00254171
167 0.700147 0.52238 0.00249916
168 0.700147 0.522838 0.00212363
169 0.700147 0.528465 0.00254141
170 0.700147 0.524855 0.00234079
171 0.700147 0.520227 0.00232175
172 0.700147 0.516603 0.0022998
173 0.700147 0.523566 0.00237203
174 0.700147 0.520015 0.00236875
175 0.700147 0.516271 0.0025629
176 0.700147 0.516552 0.00230333
177 0.700147 0.522115 0.00305846
178 0.700147 0.525964 0.00285022
179 0.700147 0.529467 0.00288093
180 0.700147 0.524712 0.00236444
181 0.700147 0.521499 0.00206046
182 0.700147 0.52082 0.00218339
183 0.700147 0.522996 0.00238331
184 0.700147 0.526768 0.00283716
185 0.700147 0.523504 0.00225675
186 0.700147 0.525575 0.0022814
187 0.700147 0.518322 0.0028086
188 0.700147 0.522109 0.0021611
189 0.700147 0.523839 0.00211029
190 0.700147 0.523132 0.00245663
191 0.700147 0.516938 0.00221518
192 0.700147 0.521878 0.00201797
193 0.700147 0.517301 0.00224516
194 0.700147 0.52195 0.00197431
195 0.700147 0.520805 0.00203696
196 0.700147 0.524063 0.00214192
197 0.700147 0.525903 0.00236881
198 0.700147 0.522678 0.00222547
199 0.700147 0.531944 0.00285258
200 0.700147 0.522526 0.00205568
201 0.700147 0.519731 0.00197523
202 0.700147 0.524448 0.00227286
203 0.700147 0.526997 0.00228067
204 0.700147 0.526602 0.00207624
205 0.700147 0.524821 0.00244366
206 0.700147 0.52861 0.00275319
207 0.700147 0.529449 0.0026236
208 0.700147 0.525976 0.00235342
209 0.700147 0.523984 0.00229267
210 0.700147 0.52228 0.00223019
211 0.700147 0.526278 0.0023112
212 0.700147 0.526546 0.00247054
213 0.700147 0.529251 0.00264832
214 0.700147 0.530769 0.00268659
215 0.700147 0.528912 0.00238624
216 0.700147 0.522146 0.00216396
217 0.700147 0.526855 0.00228693
218 0.700147 0.534835 0.00258113
219 0.700147 0.532385 0.00290227
220 0.700147 0.528913 0.00248703
221 0.700147 0.529908 0.00231029
222 0.700147 0.522953 0.00206078
223 0.700147 0.523882 0.00246195
224 0.700147 0.522319 0.00211185
225 0.700147 0.523906 0.00206109
226 0.700147 0.52161 0.00215404
227 0.700147 0.521111 0.00186511
228 0.700147 0.524654 0.00194297
229 0.700147 0.523804 0.00214045
230 0.700147 0.520749 0.00224236
231 0.700147 0.520606 0.00215032
232 0.700147 0.523041 0.0021888
233 0.700147 0.524961 0.00253571
234 0.700147 0.530866 0.00283967
235 0.700147 0.531657 0.00262859
236 0.700147 0.526324 0.00240312
237 0.700147 0.52707 0.00281623
238 0.700147 0.528749 0.00260281
239 0.700147 0.51821 0.00235721
240 0.700147 0.521101 0.00231629
241 0.700147 0.526516 0.00248699
242 0.700147 0.526585 0.00231445
243 0.700147 0.526583 0.00239296
244 0.700147 0.530844 0.00270932
245 0.700147 0.531034 0.00235538
246 0.700147 0.532831 0.00253801
247 0.700147 0.535655 0.00279606
248 0.700147 0.534095 0.00246232
249 0.700147 0.52842 0.00266032
250 0.700147 0.534336 0.00261869
251 0.700147 0.533255 0.0026955
252 0.700147 0.529254 0.00232133
253 0.700147 0.523151 0.00243977
254 0.700147 0.519409 0.00283059
255 0.700147 0.524115 0.00258534
256 0.700147 0.520287 0.00228559
257 0.700147 0.521678 0.00217277
258 0.700147 0.526398 0.00244115
259 0.700147 0.522929 0.00240448
260 0.700147 0.532022 0.00292703
261 0.700147 0.523949 0.00243646
262 0.700147 0.523811 0.00255678
263 0.700147 0.524201 0.00256062
264 0.700147 0.529095 0.00262137
265 0.700147 0.524589 0.00236525
266 0.716347 0.528914 0.00269255
267 0.716347 0.531448 0.00252804
268 0.716347 0.533539 0.00317326
269 0.716347 0.5347 0.00263403
270 0.716347 0.528112 0.0029657
271 0.716347 0.528329 0.00262399
272 0.716347 0.529372 0.00279995
273 0.716347 0.53043 0.00292057
274 0.716347 0.52895 0.00271385
275 0.716347 0.531131 0.00303361
276 0.716347 0.525705 0.00239525
277 0.716347 0.526658 0.00238667
278 0.716347 0.533546 0.00299399
279 0.716347 0.525719 0.0029686
280 0.716347 0.530398 0.00274699
281 0.716347 0.535519 0.00293442
282 0.716347 0.531342 0.00255735
283 0.716347 0.53092 0.00289931
284 0.716347 0.526795 0.00271203
285 0.716347 0.525789 0.00270085
286 0.716347 0.527932 0.00277503
287 0.716347 0.524817 0.00276557
288 0.716347 0.526472 0.00246748
289 0.716347 0.526737 0.00258956
290 0.716347 0.525287 0.00271331
291 0.716347 0.527425 0.00243808
292 0.716347 0.527288 0.00264479
293 0.716347 0.53019 0.00315265
294 0.716347 0.529573 0.00269324
295 0.716347 0.524094 0.0026938
296 0.716347 0.518627 0.00246701
297 0.716347 0.520328 0.00261604
298 0.716347 0.527412 0.0026561
299 0.716347 0.525872 0.00271841
300 0.716347 0.530781 0.00250595
301 0.716347 0.528542 0.00312023
302 0.716347 0.524797 0.0023388
303 0.716347 0.526879 0.00291425
304 0.716347 0.528872 0.00256513
305 0.716347 0.529068 0.0028704
306 0.716347 0.524611 0.00281292
307 0.716347 0.527276 0.00289386
308 0.716347 0.528264 0.00234816
309 0.716347 0.522806 0.00278613
310 0.716347 0.529025 0.00253345
311 0.716347 0.519663 0.00251997
312 0.716347 0.526263 0.00248088
313 0.716347 0.526666 0.00276325
314 0.716347 0.52439 0.00258944
315 0.716347 0.527367 0.00287329
316 0.716347 0.520482 0.00225707
317 0.716347 0.52789 0.00292737
318 0.716347 0.53049 0.0029807
319 0.716347 0.524778 0.00263883
320 0.716347 0.525549 0.00244557
321 0.716347 0.519927 0.00251872
322 0.716347 0.525617 0.00247797
323 0.716347 0.525366 0.00275523
324 0.716347 0.524068 0.00279241
325 0.716347 0.52752 0.00283643
326 0.716347 0.523808 0.00278905
327 0.716347 0.528843 0.00286968
328 0.716347 0.52908 0.00274517
329 0.716347 0.52093 0.00245777
330 0.716347 0.525416 0.00297454
331 0.716347 0.523576 0.00243883
332 0.716347 0.522748 0.00256986
333 0.716347 0.523887 0.00246606
334 0.716347 0.526722 0.00264266
335 0.716347 0.523014 0.00252882
336 0.716347 0.527924 0.0026653
337 0.716347 0.525231 0.00255585
338 0.716347 0.532868 0.00296103
339 0.716347 0.539018 0.00288877
340 0.716347 0.529373 0.00287966
341 0.716347 0.531857 0.00264837
342 0.716347 0.532542 0.00255773
343 0.716347 0.531493 0.00289907
344 0.716347 0.528904 0.00264926
345 0.716347 0.532579 0.00323607
346 0.716347 0.525628 0.00294548
347 0.716347 0.527678 0.00287993
348 0.716347 0.52723 0.00246932
349 0.716347 0.527678 0.0028883
350 0.716347 0.525473 0.00260319
351 0.716347 0.527926 0.00270991
352 0.716347 0.533854 0.002966
353 0.716347 0.531139 0.00295024
354 0.716347 0.531393 0.00271356
355 0.716347 0.533128 0.00284302
356 0.716347 0.524572 0.00309984
357 0.716347 0.526329 0.00239449
358 0.716347 0.524331 0.00274604
359 0.716347 0.527578 0.00264789
360 0.716347 0.524449 0.00267546
361 0.716347 0.528833 0.00240504
362 0.716347 0.527478 0.00272694
363 0.716347 0.531687 0.0027571
364 0.716347 0.532938 0.00313521
365 0.716347 0.529757 0.00267891
366 0.716347 0.53252 0.00303153
367 0.716347 0.537615 0.00301258
368 0.716347 0.536074 0.00285873
369 0.716347 0.527161 0.00274556
370 0.716347 0.526892 0.00285769
371 0.716347 0.528418 0.00271963
372 0.716347 0.528223 0.0027016
373 0.716347 0.530321 0.00296601
374 0.716347 0.527862 0.00287869
375 0.716347 0.531122 0.00309363
376 0.716347 0.528393 0.00263227
377 0.716347 0.526361 0.00330708
378 0.716347 0.526866 0.00293617
379 0.716347 0.533006 0.00300889
380 0.716347 0.528539 0.00265017
381 0.716347 0.531784 0.00259758
382 0.716347 0.533393 0.00286451
383 0.716347 0.529105 0.00258097
384 0.716347 0.526869 0.00262606
385 0.716347 0.531462 0.00343056
386 0.716347 0.535861 0.00321646
387 0.716347 0.53398 0.00296375
388 0.716347 0.537365 0.00264809
389 0.718374 0.532469 0.00344837
390 0.718374 0.527764 0.00272271
391 0.718374 0.532674 0.00343268
392 0.718374 0.530467 0.00360965
393 0.718374 0.525921 0.00340634
394 0.718374 0.525194 0.00300439
395 0.718374 0.53209 0.00295472
396 0.718374 0.531916 0.00302351
397 0.718374 0.53091 0.00283782
398 0.718374 0.530656 0.00285799
399 0.718374 0.525583 0.00274289
400 0.718374 0.530114 0.00256362
401 0.718374 0.529756 0.00263848
402 0.718374 0.531653 0.00328405
403 0.718374 0.534375 0.00310021
404 0.718374 0.53122 0.0033083
405 0.718374 0.527044 0.00313541
406 0.718374 0.533251 0.00344716
407 0.718374 0.528438 0.00306259
408 0.718374 0.531368 0.00300984
409 0.718374 0.531622 0.00302948
410 0.718374 0.524789 0.00289215
411 0.718374 0.522154 0.00257788
412 0.718374 0.531088 0.00253057
413 0.718374 0.526768 0.00315072
414 0.718374 0.529453 0.00350318
415 0.718374 0.534049 0.00363044
416 0.718374 0.530622 0.00316537
417 0.718374 0.53762 0.00317954
418 0.718374 0.536959 0.00329627
419 0.718374 0.532022 0.00313326
420 0.718374 0.536464 0.00299725
421 0.718374 0.529644 0.00306178
422 0.718374 0.536988 0.00315603
423 0.718374 0.53178 0.00354422
424 0.718374 0.528055 0.00319611
425 0.718374 0.532464 0.00292086
426 0.718374 0.532341 0.00278402
427 0.718374 0.530715 0.00269912
428 0.718374 0.540656 0.00337464
429 0.718374 0.532858 0.00288056
430 0.718374 0.533017 0.00292345
431 0.718374 0.531601 0.00352178
432 0.718374 0.538422 0.00356844
433 0.718374 0.53307 0.00320701
434 0.718374 0.530819 0.00292042
435 0.718374 0.534698 0.00260376
436 0.718374 0.530853 0.00275913
437 0.718374 0.526857 0.00282084
438 0.718374 0.524637 0.00257251
439 0.718374 0.527963 0.00351651
440 0.718374 0.530291 0.00347914
441 0.718374 0.530726 0.003257
442 0.718374 0.535014 0.00312729
443 0.718374 0.538667 0.00360297
444 0.718374 0.544206 0.00371152
445 0.718374 0.542596 0.00310509
446 0.718374 0.532289 0.00321919
447 0.718374 0.532173 0.00291747
448 0.718374 0.528268 0.00318448
449 0.718374 0.524601 0.00280818
450 0.718374 0.525907 0.00323871
451 0.718374 0.533745 0.00371543
452 0.734052 0.52649 0.00294459
453 0.734052 0.5287 0.00311164
454 0.734052 0.530042 0.00263875
455 0.734052 0.528424 0.00328179
456 0.734052 0.531602 0.00343575
457 0.734052 0.542575 0.00388966
458 0.734052 0.537179 0.00362477
459 0.734052 0.529554 0.00323374
460 0.734052 0.526192 0.0030346
461 0.734052 0.527754 0.00350228
462 0.734052 0.526652 0.00342559
463 0.734052 0.53159 0.00369468
464 0.734052 0.531622 0.00342896
465 0.734052 0.528036 0.00327182
466 0.734052 0.532651 0.0030073
467 0.734052 0.526948 0.00270762
468 0.734052 0.526405 0.00303531
469 0.734052 0.532462 0.0030655
470 0.734052 0.523975 0.003087
471 0.734052 0.524542 0.00289179
472 0.734052 0.530501 0.00317347
473 0.734052 0.528346 0.00325017
474 0.734052 0.52728 0.00360609
475 0.734052 0.525304 0.0029638
476 0.734052 0.527706 0.00309796
477 0.734052 0.527236 0.00287111
478 0.734052 0.527017 0.00320641
479 0.734052 0.530927 0.00325784
480 0.734052 0.53103 0.00317894
481 0.734052 0.534874 0.00336704
482 0.734052 0.535835 0.0033233
483 0.734052 0.531887 0.00290277
484 0.734052 0.534873 0.00316719
485 0.734052 0.532258 0.00342067
486 0.734052 0.533173 0.00322748
487 0.734052 0.538675 0.00329205
488 0.734052 0.536957 0.00341454
489 0.734052 0.539474 0.00357931
490 0.734052 0.538465 0.00323113
491 0.734052 0.532563 0.00333593
492 0.734052 0.535679 0.00332641
493 0.734052 0.537096 0.00301568
494 0.734052 0.53369 0.00305609
495 0.734052 0.530051 0.0031418
496 0.734052 0.530483 0.00314588
497 0.734052 0.53587 0.00338381
498 0.734052 0.535463 0.00323534
499 0.734052 0.53938 0.00318581
500 0.734052 0.535089 0.00280971
501 0.734052 0.535805 0.0028471
502 0.734052 0.53699 0.00270241
503 0.734052 0.5373 0.00272675
504 0.734052 0.539633 0.00263722
505 0.734052 0.540388 0.00301928
506 0.734052 0.537276 0.00331992
507 0.734052 0.533201 0.00297547
508 0.734052 0.534551 0.0031504
509 0.734052 0.539958 0.00347036
510 0.734052 0.532599 0.00335284
511 0.734052 0.53614 0.00329552
512 0.734052 0.535617 0.00337199
513 0.734052 0.535586 0.00329741
514 0.734052 0.54183 0.00355958
515 0.734052 0.536085 0.00329618
516 0.734052 0.540548 0.00413579
517 0.734052 0.532595 0.00302853
518 0.734052 0.537904 0.00317389
519 0.734052 0.534412 0.00283964
520 0.734052 0.534644 0.00323055
521 0.734052 0.537197 0.0038664
522 0.734052 0.538619 0.00371713
523 0.734052 0.545815 0.0036843
524 0.734052 0.542687 0.00367451
525 0.734052 0.545527 0.00332879
526 0.734052 0.544584 0.00362896
527 0.734052 0.547149 0.00343816
528 0.734052 0.545587 0.00389431
529 0.734052 0.541475 0.00317803
530 0.734052 0.545939 0.00392834
531 0.734052 0.536731 0.00311867
532 0.734052 0.532027 0.00295515
533 0.734052 0.529303 0.00303852
534 0.734052 0.536289 0.00376049
535 0.734052 0.536467 0.00368559
536 0.734052 0.544122 0.00335762
537 0.736736 0.53558 0.00375668
538 0.736736 0.538202 0.00327963
539 0.736736 0.54225 0.00372212
540 0.736736 0.537313 0.00375744
541 0.736736 0.54089 0.00331426
542 0.736736 0.53901 0.00380093
543 0.736736 0.534688 0.00330396
544 0.736736 0.535748 0.00350561
545 0.736736 0.538217 0.00378621
546 0.736736 0.542664 0.00384597
547 0.736736 0.5381 0.00357285
548 0.736736 0.533922 0.00421566
549 0.736736 0.535715 0.00343586
550 0.736736 0.5411 0.0036434
551 0.736736 0.544757 0.00402683
552 0.736736 0.536746 0.00357689
553 0.736736 0.542155 0.00409756
554 0.736736 0.537365 0.00348385
555 0.736736 0.540958 0.00401854
556 0.736736 0.528938 0.00341832
557 0.736736 0.538485 0.00330991
558 0.736736 0.536059 0.00412109
559 0.736736 0.54107 0.00419109
560 0.736736 0.534724 0.0032945
561 0.736736 0.539174 0.00390305
562 0.736736 0.54088 0.00355124
563 0.736736 0.540401 0.00364151
564 0.736736 0.536863 0.00327419
565 0.736736 0.535054 0.00346466
566 0.736736 0.53775 0.00372114
567 0.736736 0.53886 0.00344065
568 0.736736 0.540383 0.0037406
569 0.736736 0.538609 0.00371803
570 0.736736 0.545619 0.00395943
571 0.736736 0.541844 0.0036012
572 0.736736 0.53828 0.00364879
573 0.736736 0.537651 0.00371833
574 0.736736 0.530359 0.00325163
575 0.736736 0.531427 0.00334286
576 0.736736 0.537437 0.00345346
577 0.736736 0.546431 0.00406213
578 0.736736 0.542121 0.00433782
579 0.736736 0.541312 0.00353167
580 0.736736 0.538927 0.00388519
581 0.751372 0.542989 0.00417917
582 0.751372 0.538962 0.0035725
583 0.751372 0.537128 0.00393837
584 0.751372 0.538671 0.00434891
585 0.751372 0.53996 0.00398375
586 0.751372 0.536203 0.00411445
587 0.751372 0.53373 0.00324867
588 0.751372 0.534323 0.00378668
589 0.751372 0.527937 0.003519
590 0.751372 0.52912 0.00361505
591 0.751372 0.535442 0.00377147
592 0.751372 0.529832 0.00351205
593 0.751372 0.539035 0.00371172
594 0.751372 0.53653 0.00387123
595 0.751372 0.533414 0.00354572
596 0.751372 0.534758 0.00395949
597 0.751372 0.533206 0.00355025
598 0.751372 0.546126 0.00361492
599 0.751372 0.546644 0.00380813
600 0.751372 0.539535 0.00339095
601 0.751372 0.543021 0.00350394
602 0.751372 0.550025 0.00406025
603 0.751372 0.548948 0.00431653
604 0.751372 0.544251 0.00464432
605 0.751372 0.536448 0.00358455
606 0.751372 0.543986 0.00433316
607 0.751372 0.541043 0.00365685
608 0.751372 0.536133 0.00364717
609 0.751372 0.540102 0.00346759
610 0.751372 0.539591 0.0032755
611 0.751372 0.551187 0.00429625
612 0.751372 0.541446 0.00398477
613 0.751372 0.548968 0.00419849
614 0.751372 0.542701 0.00376884
615 0.751372 0.544274 0.00402542
616 0.751372 0.539983 0.00375441
617 0.751372 0.546811 0.0036967
618 0.751372 0.54146 0.0039687
619 0.751372 0.539644 0.00362729
620 0.751372 0.543822 0.00339607
621 0.751372 0.540675 0.00400286
622 0.751372 0.540821 0.00396205
623 0.751372 0.548685 0.00435569
624 0.751372 0.547308 0.00352631
625 0.751372 0.547079 0.00421097
626 0.751372 0.543006 0.00424706
627 0.751372 0.53865 0.00397021
628 0.751372 0.548473 0.00390094
629 0.751372 0.545053 0.00394915
630 0.751372 0.554504 0.00376807
631 0.751372 0.538471 0.00383261
632 0.751372 0.543556 0.00318582
633 0.751372 0.54068 0.00407062
634 0.751372 0.548412 0.00413088
635 0.751372 0.536273 0.00367498
636 0.751372 0.543029 0.00392544
637 0.751372 0.550349 0.00408029
638 0.751372 0.547704 0.00390857
639 0.751372 0.545714 0.00457211
640 0.751372 0.54965 0.00449877
641 0.751372 0.550406 0.00405546
642 0.751372 0.546635 0.00367375
643 0.751372 0.542666 0.00369958
644 0.751372 0.54024 0.00395843
645 0.751372 0.546262 0.00439821
646 0.751372 0.545533 0.00373743
647 0.751372 0.545422 0.00352146
648 0.751372 0.535551 0.00351453
649 0.751372 0.546536 0.00393777
650 0.751372 0.542578 0.00380657
651 0.751372 0.543517 0.00406363
652 0.751372 0.540386 0.00330689
653 0.751372 0.545375 0.00365733
654 0.751372 0.547314 0.00406305
655 0.751372 0.553104 0.00456548
656 0.751372 0.553903 0.00424808
657 0.751372 0.548897 0.00455633
658 0.751372 0.547547 0.00361929
659 0.751372 0.536321 0.00343872
660 0.751372 0.535055 0.0040608
661 0.751372 0.537632 0.0042753
662 0.751372 0.533527 0.00323981
663 0.751372 0.545439 0.00407451
664 0.751372 0.544363 0.00421056
665 0.751372 0.536187 0.00444569
666 0.751372 0.533469 0.00390856
667 0.751372 0.53819 0.00399972
668 0.751372 0.530548 0.00371301
669 0.751372 0.530714 0.00421756
670 0.751372 0.533439 0.00377872
671 0.751372 0.536657 0.00359853
672 0.751372 0.543549 0.00373554
673 0.751372 0.540519 0.00383222
674 0.751372 0.528933 0.0034085
675 0.751372 0.531717 0.00401869
676 0.751372 0.532255 0.00393876
677 0.751372 0.533939 0.00379935
678 0.751372 0.535683 0.00359177
679 0.751372 0.535791 0.00410254
680 0.751372 0.536324 0.00396327
681 0.751372 0.53887 0.00369025
682 0.751372 0.532348 0.00372124
683 0.751372 0.53362 0.00354264
684 0.751372 0.53591 0.00354091
685 0.751372 0.540225 0.00412029
686 0.751372 0.53912 0.00397444
687 0.751372 0.541572 0.00383916
688 0.751372 0.541862 0.00380453
689 0.751372 0.537664 0.00362889
690 0.751372 0.54166 0.00379179
691 0.751372 0.542258 0.00381857
692 0.751372 0.53802 0.00392763
693 0.751372 0.547256 0.00396938
694 0.751372 0.540242 0.00325516
695 0.751372 0.545749 0.00365833
696 0.751372 0.541015 0.00382138
697 0.751372 0.536915 0.00368387
698 0.751372 0.535019 0.00354834
699 0.751372 0.539902 0.00419479
700 0.751372 0.544018 0.00382298
701 0.751372 0.53866 0.00342837
702 0.751372 0.538485 0.00350557
703 0.751372 0.543798 0.00376075
704 0.751372 0.544201 0.00412195
705 0.751372 0.543731 0.00347647
706 0.751372 0.545183 0.00357854
707 0.751372 0.539028 0.00334135
708 0.751372 0.541387 0.00410746
709 0.751372 0.536756 0.00342285
710 0.751372 0.539312 0.00393903
711 0.751372 0.5409 0.00387759
712 0.751372 0.542136 0.00402451
713 0.751372 0.546254 0.00405907
714 0.751372 0.543911 0.00443512
715 0.751372 0.542504 0.00360784
716 0.751372 0.544197 0.00434684
717 0.751372 0.546084 0.00407858
718 0.751372 0.544967 0.00367164
719 0.751372 0.540981 0.00426906
720 0.751372 0.531779 0.00352465
721 0.751372 0.543213 0.00378591
722 0.751372 0.546707 0.00372842
723 0.751372 0.541772 0.00403563
724 0.751372 0.536776 0.00394564
725 0.751372 0.538692 0.00410545
726 0.751372 0.538385 0.0038719
727 0.751372 0.542842 0.00384991
728 0.751372 0.54278 0.0034046
729 0.751372 0.542502 0.0034349
730 0.751372 0.545841 0.0047958
731 0.751372 0.541994 0.00394801
732 0.751372 0.544456 0.00369464
733 0.751372 0.540997 0.00364597
734 0.751372 0.541428 0.00451078
735 0.751372 0.542535 0.00363028
736 0.751372 0.546668 0.00436333
737 0.751372 0.544536 0.00391532
738 0.751372 0.549263 0.00459923
739 0.751372 0.543737 0.0037914
740 0.751372 0.540751 0.00355956
741 0.751372 0.540894 0.0037795
742 0.751372 0.543586 0.00405829
743 0.751372 0.541366 0.00391556
744 0.751372 0.5399 0.00330169
745 0.751372 0.541633 0.00400845
746 0.751372 0.540351 0.00398061
747 0.751372 0.542389 0.00402828
748 0.751372 0.547596 0.00413675
749 0.751372 0.543222 0.00417042
750 0.751372 0.540624 0.00389909
751 0.751372 0.541372 0.00412622
752 0.751372 0.53731 0.00359974
753 0.751372 0.536297 0.00368549
754 0.751372 0.539349 0.00352371
755 0.751372 0.540495 0.00383076
756 0.751372 0.54362 0.00386939
757 0.751372 0.53533 0.00387626
758 0.751372 0.541714 0.00344986
759 0.751372 0.534228 0.00343639
760 0.751372 0.536592 0.00400877
761 0.751372 0.53458 0.00346367
762 0.751372 0.528869 0.00346693
763 0.751372 0.536431 0.00362499
764 0.751372 0.539334 0.00381693
765 0.751372 0.546007 0.00385091
766 0.751372 0.541201 0.00385473
767 0.751372 0.533397 0.0038846
768 0.751372 0.53204 0.00326502
769 0.751372 0.531506 0.00394548
770 0.751372 0.54036 0.00434579
771 0.751372 0.531705 0.00342612
772 0.751372 0.534704 0.00376195
773 0.751372 0.534824 0.00334557
774 0.751372 0.53314 0.00357365
775 0.751372 0.53985 0.00398899
776 0.751372 0.540518 0.00437045
777 0.751372 0.538393 0.00383772
778 0.751372 0.541442 0.00434885
779 0.751372 0.538124 0.00382386
780 0.751372 0.540727 0.00439953
781 0.751372 0.539447 0.00330706
782 0.751372 0.543501 0.00380239
783 0.751372 0.547112 0.00425776
784 0.751372 0.541293 0.00455487
785 0.751372 0.539465 0.00408691
786 0.751372 0.538587 0.00416095
787 0.751372 0.54252 0.00367271
788 0.751372 0.53995 0.00358033
789 0.751372 0.544124 0.00393979
790 0.751372 0.548074 0.00421616
791 0.751372 0.537898 0.00388229
792 0.751372 0.539014 0.00432136
793 0.751372 0.534272 0.00352008
794 0.751372 0.539974 0.00368216
795 0.751372 0.53374 0.00396397
796 0.751372 0.540113 0.00407615
797 0.751372 0.538246 0.00404297
798 0.751372 0.541701 0.0042531
799 0.751372 0.542483 0.00389682
800 0.751372 0.542898 0.00450413
801 0.751372 0.546466 0.00421713
802 0.751372 0.535409 0.00350408
803 0.751372 0.546389 0.00411613
804 0.751372 0.541167 0.00374852
805 0.751372 0.53568 0.00420678
806 0.751372 0.535242 0.00398177
807 0.751372 0.539134 0.00418165
808 0.751372 0.531867 0.00378311
809 0.751372 0.540822 0.00367204
810 0.751372 0.53753 0.00381475
811 0.751372 0.537228 0.00385903
812 0.751372 0.536111 0.00382625
813 0.751372 0.545742 0.00419335
814 0.751372 0.542696 0.0037215
815 0.751372 0.541029 0.0040357
816 0.751372 0.533275 0.00366529
817 0.751372 0.539257 0.00423863
818 0.751372 0.540373 0.00357135
819 0.751372 0.54281 0.00418669
820 0.751372 0.536018 0.00416555
821 0.751372 0.53512 0.00342881
822 0.751372 0.539646 0.0042415
823 0.751372 0.547056 0.00410471
824 0.751372 0.545965 0.00399811
825 0.751372 0.546632 0.00473027
826 0.751372 0.541171 0.00389235
827 0.751372 0.538794 0.00419162
828 0.751372 0.540258 0.00423208
829 0.751372 0.536785 0.00391869
830 0.751372 0.534502 0.00329302
831 0.751372 0.531128 0.00365694
832 0.751372 0.533681 0.00371423
833 0.751372 0.5371 0.00415206
834 0.751372 0.53823 0.00399614
835 0.751372 0.538288 0.00401171
836 0.751372 0.544607 0.00409504
837 0.751372 0.537404 0.00381184
838 0.751372 0.534497 0.00360869
839 0.751372 0.540135 0.00389234
840 0.751372 0.541833 0.00388246
841 0.751372 0.539289 0.00449352
842 0.751372 0.534798 0.00402565
843 0.751372 0.535242 0.003844
844 0.751372 0.537476 0.00394447
845 0.751372 0.533633 0.0041944
846 0.751372 0.532932 0.00407339
847 0.751372 0.527999 0.00320143
848 0.751372 0.536868 0.00418544
849 0.751372 0.531725 0.00396063
850 0.751372 0.531593 0.00419253
851 0.751372 0.533363 0.0032612
852 0.751372 0.533056 0.00413239
853 0.751372 0.532923 0.00373234
854 0.751372 0.539071 0.0040723
855 0.751372 0.540927 0.00407105
856 0.751372 0.535108 0.00406061
857 0.751372 0.540884 0.00367926
858 0.751372 0.534744 0.00378378
859 0.751372 0.538868 0.00402465
860 0.751372 0.540882 0.00443224
861 0.751372 0.534987 0.00378705
862 0.751372 0.540776 0.00423567
863 0.751372 0.541413 0.00408921
864 0.751372 0.534915 0.00348025
865 0.751372 0.535789 0.00360719
866 0.751372 0.539192 0.00384418
867 0.751372 0.542279 0.00411778
868 0.751372 0.544284 0.00410089
869 0.751372 0.540124 0.00421808
870 0.751372 0.53724 0.00361735
871 0.751372 0.538871 0.00410031
872 0.751372 0.537587 0.00364579
873 0.751372 0.536423 0.00400652
874 0.751372 0.538384 0.00389519
875 0.751372 0.535197 0.00423831
876 0.751372 0.530766 0.00359456
877 0.751372 0.537292 0.00406004
878 0.751372 0.541413 0.00403468
879 0.751372 0.546488 0.00371
880 0.751372 0.551339 0.00407437
881 0.751372 0.541914 0.00446279
882 0.751372 0.538299 0.00396059
883 0.751372 0.540376 0.00417569
884 0.751372 0.534804 0.00335163
885 0.751372 0.542603 0.00405096
886 0.751372 0.539631 0.00382418
887 0.751372 0.531992 0.00377474
888 0.751372 0.53483 0.00364704
889 0.751372 0.541957 0.00368612
890 0.751372 0.545233 0.00374623
891 0.751372 0.538141 0.00414351
892 0.751372 0.535014 0.00379511
893 0.751372 0.540862 0.00372437
894 0.751372 0.542067 0.00364125
895 0.751372 0.542734 0.00371009
896 0.751372 0.548127 0.00394557
897 0.751372 0.546943 0.00384521
898 0.751372 0.544375 0.00444443
899 0.751372 0.544923 0.00407762
900 0.751372 0.541964 0.00406444
901 0.751372 0.545527 0.00413524
902 0.751372 0.543059 0.00373179
903 0.751372 0.539551 0.00452325
904 0.751372 0.536647 0.00388041
905 0.751372 0.537728 0.00403671
906 0.751372 0.539966 0.00387847
907 0.751372 0.531892 0.00342812
908 0.751372 0.542581 0.00368584
909 0.751372 0.544094 0.00388026
910 0.751372 0.543155 0.0042289
911 0.751372 0.546957 0.00395803
912 0.751372 0.54917 0.00409147
913 0.751372 0.544508 0.00419587
914 0.751372 0.540699 0.00398097
915 0.751372 0.537992 0.00346768
916 0.751372 0.540972 0.00363039
917 0.751372 0.551788 0.00423757
918 0.751372 0.549057 0.00442939
919 0.751372 0.541522 0.0038871
920 0.751372 0.536893 0.00369814
921 0.751372 0.542341 0.00391159
922 0.751372 0.546846 0.00423839
923 0.751372 0.542263 0.00430919
924 0.751372 0.542476 0.0040545
925 0.751372 0.541956 0.00392757
926 0.751372 0.537605 0.00393679
927 0.751372 0.534317 0.00352656
928 0.751372 0.537785 0.00376376
929 0.751372 0.53346 0.00334805
930 0.751372 0.538862 0.00315684
931 0.751372 0.544301 0.00383784
932 0.751372 0.546379 0.00428664
933 0.751372 0.538856 0.00421958
934 0.751372 0.538841 0.00419083
935 0.751372 0.551927 0.00439697
936 0.761354 0.538538 0.00422285
937 0.761354 0.538122 0.0040946
938 0.761354 0.533067 0.00379349
939 0.761354 0.530986 0.0043352
940 0.761354 0.533975 0.00420145
941 0.761354 0.535193 0.00433253
942 0.761354 0.540265 0.0048602
943 0.761354 0.530653 0.00382162
944 0.761354 0.537057 0.0044526
945 0.761354 0.536522 0.00412103
946 0.761354 0.533936 0.00398418
947 0.761354 0.531987 0.00343319
948 0.761354 0.531467 0.00379931
949 0.761354 0.537148 0.00391879
950 0.761354 0.537663 0.00357204
951 0.761354 0.53312 0.00376852
952 0.761354 0.533576 0.00395485
953 0.761354 0.541516 0.00459035
954 0.761354 0.540707 0.00370112
955 0.761354 0.543166 0.00381842
956 0.761354 0.541049 0.00389183
957 0.761354 0.543915 0.00456303
958 0.761354 0.535707 0.0043026
959 0.761354 0.54345 0.00423955
960 0.761354 0.538393 0.00380246
961 0.761354 0.545199 0.00354706
962 0.761354 0.542156 0.00402529
963 0.761354 0.545699 0.00381302
964 0.761354 0.542196 0.00399017
965 0.761354 0.544085 0.00445689
966 0.761354 0.546212 0.0044957
967 0.761354 0.550696 0.00435936
968 0.761354 0.540119 0.00372754
969 0.761354 0.540632 0.00421117
970 0.761354 0.539668 0.00440419
971 0.761354 0.538221 0.00402314
972 0.761354 0.536315 0.00378022
973 0.761354 0.537641 0.00373237
974 0.761354 0.538035 0.00390918
975 0.761354 0.535105 0.00371778
976 0.761354 0.539195 0.00437795
977 0.761354 0.536429 0.00420077
978 0.761354 0.541417 0.00347773
979 0.761354 0.538724 0.00408139
980 0.761354 0.537637 0.00437637
981 0.761354 0.533552 0.00357535
982 0.761354 0.541061 0.0037716
983 0.761354 0.542657 0.00408523
984 0.761354 0.539975 0.00419273
985 0.761354 0.538059 0.00380463
986 0.761354 0.539467 0.00436183
987 0.761354 0.537005 0.00413333
988 0.761354 0.539717 0.00397107
989 0.761354 0.540358 0.00442825
990 0.761354 0.538368 0.00473086
991 0.761354 0.54443 0.00481958
992 0.761354 0.542763 0.00408948
993 0.761354 0.540104 0.00405693
994 0.761354 0.546272 0.0043818
995 0.761354 0.542419 0.00425792
996 0.761354 0.536097 0.00405632
997 0.761354 0.530809 0.00381484
998 0.761354 0.532774 0.00400996
999 0.761354 0.533145 0.00397041
1000 0.761354 0.532894 0.00364691
1001 0.761354 0.54428 0.00400732
1002 0.761354 0.533605 0.00411476
1003 0.761354 0.539346 0.00403851
1004 0.761354 0.537199 0.00474791
1005 0.761354 0.534846 0.00391182
1006 0.761354 0.539017 0.00409375
1007 0.761354 0.540566 0.00419057
1008 0.761354 0.542111 0.00438561
1009 0.761354 0.542061 0.00397528
1010 0.761354 0.542102 0.00395085
1011 0.761354 0.53541 0.00336717
1012 0.761354 0.538111 0.00375403
1013 0.761354 0.544013 0.00371052
1014 0.761354 0.543409 0.00397648
1015 0.761354 0.539702 0.0036811
1016 0.761354 0.540666 0.00381519
1017 0.761354 0.549623 0.00402668
1018 0.761354 0.541728 0.00391914
1019 0.761354 0.543578 0.00404391
1020 0.761354 0.554682 0.00399909
1021 0.761354 0.555591 0.00444346
1022 0.761354 0.543134 0.00371186
1023 0.761354 0.552302 0.00381747
1024 0.761354 0.549549 0.00415469
1025 0.761354 0.545969 0.0044463
1026 0.761354 0.548408 0.00397922
1027 0.761354 0.5482 0.00437362
1028 0.761354 0.544007 0.00400501
1029 0.761354 0.547124 0.00399933
1030 0.761354 0.544424 0.00396981
1031 0.761354 0.547992 0.00411643
1032 0.761354 0.543301 0.00372304
1033 0.761354 0.547058 0.00366218
1034 0.761354 0.545076 0.00403829
1035 0.761354 0.547941 0.00402157
1036 0.761354 0.546477 0.00393593
1037 0.761354 0.54902 0.00436171
1038 0.761354 0.543669 0.00402189
1039 0.761354 0.545529 0.00395894
1040 0.761354 0.539008 0.00358959
1041 0.761354 0.541924 0.00395222
1042 0.761354 0.54604 0.00465551
1043 0.761354 0.542151 0.00374699
1044 0.761354 0.54153 0.00367507
1045 0.761354 0.53469 0.00371692
1046 0.761354 0.542362 0.00460688
1047 0.761354 0.534524 0.00380232
1048 0.761354 0.539043 0.00360807
1049 0.761354 0.542556 0.00469184
1050 0.761354 0.544941 0.00386531
1051 0.761354 0.549353 0.00403168
1052 0.761354 0.548233 0.00387804
1053 0.761354 0.549876 0.00407292
1054 0.768065 0.541778 0.0043837
1055 0.768065 0.537516 0.00388115
1056 0.768065 0.538895 0.00393418
1057 0.768065 0.538749 0.00439036
1058 0.768065 0.542047 0.00424083
1059 0.768065 0.54558 0.00418687
1060 0.768065 0.545328 0.00458751
1061 0.768065 0.551353 0.00454638
1062 0.768065 0.553063 0.00451073
1063 0.768065 0.546393 0.00415076
1064 0.768065 0.547357 0.00397898
1065 0.768065 0.550722 0.0051479
1066 0.768065 0.548213 0.00473052
1067 0.768065 0.545924 0.00426577
1068 0.768065 0.541249 0.00386161
1069 0.768065 0.541776 0.00388738
1070 0.768065 0.545415 0.00411384
1071 0.768065 0.545874 0.00447198
1072 0.768065 0.546297 0.00476816
1073 0.768065 0.542299 0.00416477
1074 0.768065 0.547371 0.00388995
1075 0.768065 0.547131 0.00398593
1076 0.768065 0.5403 0.00371789
1077 0.768065 0.541408 0.00348638
1078 0.768065 0.544528 0.00450838
1079 0.768065 0.543062 0.00372953
1080 0.768065 0.548788 0.0042723
1081 0.768065 0.541839 0.00376691
1082 0.768065 0.540175 0.00435877
1083 0.768065 0.543524 0.00423348
1084 0.768065 0.541952 0.00409152
1085 0.768065 0.54747 0.00415764
1086 0.768065 0.544567 0.00394449
1087 0.768065 0.546827 0.00403627
1088 0.768065 0.545039 0.0043956
1089 0.768065 0.545243 0.00427427
1090 0.768065 0.546372 0.00465425
1091 0.768065 0.551925 0.00455247
1092 0.768065 0.551441 0.00459499
1093 0.768065 0.546244 0.00384281
1094 0.768065 0.549879 0.00457842
1095 0.768065 0.546178 0.00462665
1096 0.768065 0.550218 0.00451866
1097 0.768065 0.543998 0.00459106
1098 0.768065 0.543201 0.00433377
1099 0.768065 0.542612 0.00439364
1100 0.768065 0.541471 0.00471566
1101 0.768065 0.545175 0.00435805
1102 0.768065 0.550962 0.00455943
1103 0.768065 0.552921 0.00451498
1104 0.768065 0.542106 0.00459889
1105 0.768065 0.543336 0.00413214
1106 0.768065 0.555573 0.00462481
1107 0.768065 0.546072 0.00432319
1108 0.768065 0.543333 0.0042744
1109 0.768065 0.542328 0.00425805
1110 0.768065 0.546737 0.00474859
1111 0.768065 0.549206 0.0046461
1112 0.768065 0.551355 0.00457718
1113 0.768065 0.559574 0.00417665
1114 0.768065 0.550464 0.00433116
1115 0.768065 0.554466 0.00455628
1116 0.768065 0.554158 0.00457098
1117 0.768065 0.550714 0.00441904
1118 0.768065 0.553389 0.00447313
1119 0.768065 0.550716 0.00416898
1120 0.768065 0.554503 0.00430174
1121 0.768065 0.5511 0.00427692
1122 0.768065 0.55341 0.00461077
1123 0.768065 0.555278 0.00475594
1124 0.768065 0.55036 0.00422399
1125 0.768065 0.543442 0.00431649
1126 0.768065 0.539897 0.00411395
1127 0.768065 0.541536 0.00360185
1128 0.768065 0.555574 0.00444833
1129 0.768065 0.549583 0.00442753
1130 0.768065 0.551925 0.00484534
1131 0.768065 0.553149 0.00411236
1132 0.768065 0.539419 0.0039586
1133 0.768065 0.542245 0.00382556
1134 0.768065 0.541102 0.00449465
1135 0.768065 0.548744 0.00428265
1136 0.768065 0.551308 0.00470254
1137 0.768065 0.552853 0.00400702
1138 0.768065 0.549591 0.0041265
1139 0.768065 0.549458 0.00436242
1140 0.768065 0.544536 0.00413878
1141 0.768065 0.543079 0.00383127
1142 0.768065 0.542374 0.00433846
1143 0.768065 0.548016 0.00458087
1144 0.768065 0.544878 0.00426278
1145 0.768065 0.541533 0.00379657
1146 0.768065 0.546236 0.0045881
1147 0.768065 0.550136 0.00446556
1148 0.768065 0.550688 0.00404945
1149 0.768065 0.543716 0.00447812
1150 0.768065 0.538799 0.00373707
1151 0.768065 0.542237 0.00352413
1152 0.768065 0.546094 0.00429078
1153 0.768065 0.540278 0.00350924
1154 0.768065 0.549413 0.00473187
1155 0.768065 0.546623 0.00459359
1156 0.768065 0.545591 0.00395875
1157 0.768065 0.555423 0.00453842
1158 0.768065 0.550442 0.00456537
1159 0.768065 0.555773 0.00444532
1160 0.768065 0.550011 0.00410472
1161 0.768065 0.551173 0.0040659
1162 0.768065 0.550768 0.00438333
1163 0.768065 0.547642 0.00427732
1164 0.768065 0.551318 0.00424719
1165 0.768065 0.549526 0.0041848
1166 0.768065 0.54785 0.00403397
1167 0.768065 0.545199 0.00443631
1168 0.768065 0.551775 0.00442005
1169 0.768065 0.547021 0.0042354
1170 0.768065 0.548919 0.00444116
1171 0.768065 0.550334 0.0044505
1172 0.768065 0.548444 0.00447839
1173 0.768065 0.546891 0.00420808
1174 0.768065 0.54075 0.0046065
1175 0.768065 0.546088 0.00475699
1176 0.768065 0.550019 0.00428621
1177 0.768065 0.540601 0.00449071
1178 0.768065 0.540064 0.00396077
1179 0.768065 0.548956 0.00459159
1180 0.768065 0.541825 0.00452836
1181 0.768065 0.541465 0.00413259
1182 0.768065 0.544449 0.00399725
1183 0.768065 0.544451 0.00433373
1184 0.768065 0.552572 0.00466752
1185 0.768065 0.551571 0.00485117
1186 0.768065 0.549377 0.00383648
1187 0.768065 0.554839 0.0047822
1188 0.768065 0.55206 0.00472757
1189 0.768065 0.545292 0.0050541
1190 0.768065 0.537853 0.00382846
1191 0.768065 0.541063 0.00389539
1192 0.768065 0.544754 0.00453516
1193 0.768065 0.545077 0.00466768
1194 0.768065 0.549763 0.00456296
1195 0.768065 0.547832 0.00452587
1196 0.768065 0.54033 0.00434685
1197 0.768065 0.550906 0.00408766
1198 0.768065 0.54918 0.00488729
1199 0.768065 0.53736 0.00402147
1200 0.768065 0.543509 0.00382231
1201 0.768065 0.543439 0.00385468
1202 0.768065 0.55563 0.00459616
1203 0.768065 0.553219 0.00446523
1204 0.768065 0.549427 0.00384744
1205 0.768065 0.548368 0.003635
1206 0.769616 0.555298 0.00431423
1207 0.769616 0.555878 0.00418161
1208 0.769616 0.551139 0.00424519
1209 0.769616 0.551454 0.00428128
1210 0.769616 0.545813 0.0038273
1211 0.769616 0.54468 0.00419012
1212 0.769616 0.546022 0.00438465
1213 0.769616 0.54766 0.00450402
1214 0.769616 0.557813 0.004991
1215 0.769616 0.545735 0.00482126
1216 0.769616 0.551361 0.00407132
1217 0.769616 0.542156 0.00386165
1218 0.769616 0.547868 0.00445471
1219 0.769616 0.55791 0.00461884
1220 0.769616 0.552507 0.00436616
1221 0.769616 0.553318 0.0038408
1222 0.769616 0.554687 0.00434246
1223 0.769616 0.557615 0.00474052
1224 0.769616 0.557166 0.00442123
1225 0.769616 0.550682 0.00417817
1226 0.769616 0.551077 0.00447722
1227 0.769616 0.548733 0.00408071
1228 0.769616 0.557283 0.0047418
1229 0.769616 0.554132 0.00457554
1230 0.769616 0.550946 0.00451414
1231 0.769616 0.549221 0.00446427
1232 0.769616 0.549503 0.00415655
1233 0.769616 0.54244 0.00431351
1234 0.769616 0.544262 0.00443241
1235 0.769616 0.543792 0.00489159
1236 0.769616 0.537806 0.00454534
1237 0.769616 0.537282 0.00402832
1238 0.769616 0.543906 0.00474655
1239 0.769616 0.548014 0.00459136
1240 0.769616 0.541221 0.00470775
1241 0.769616 0.543121 0.00413266
1242 0.769616 0.540473 0.0044577
1243 0.769616 0.541308 0.0046006
1244 0.769616 0.539406 0.00448303
1245 0.769616 0.538344 0.00449016
1246 0.769616 0.540592 0.00404668
1247 0.769616 0.538185 0.00420646
1248 0.769616 0.547793 0.00453556
1249 0.769616 0.540214 0.00434672
1250 0.769616 0.548239 0.00421984
1251 0.769616 0.547852 0.00459347
1252 0.769616 0.554133 0.00451913
1253 0.769616 0.540367 0.00452883
1254 0.769616 0.551999 0.00509228
1255 0.769616 0.543181 0.00467795
1256 0.769616 0.546901 0.00446619
1257 0.769616 0.538795 0.00497575
1258 0.769616 0.552653 0.00433679
1259 0.769616 0.545 0.00460785
1260 0.769616 0.540375 0.00413779
1261 0.769616 0.544085 0.00433435
1262 0.769616 0.543738 0.00400739
1263 0.769616 0.546685 0.00418882
1264 0.769616 0.546734 0.00435787
1265 0.769616 0.545653 0.0040399
1266 0.769616 0.543387 0.00446294
1267 0.769616 0.548351 0.00398222
1268 0.769616 0.546294 0.00366199
1269 0.769616 0.547891 0.00413742
1270 0.769616 0.539352 0.00382719
1271 0.769616 0.546418 0.00494834
1272 0.769616 0.545721 0.00421234
1273 0.769616 0.533411 0.00420396
1274 0.769616 0.536651 0.00457119
1275 0.769616 0.538775 0.00426727
1276 0.769616 0.53823 0.00474743
1277 0.769616 0.530634 0.00384697
1278 0.769616 0.536342 0.00412223
1279 0.769616 0.534368 0.00396699
1280 0.769616 0.535462 0.00387962
1281 0.769616 0.536975 0.00399677
1282 0.769616 0.541303 0.00431538
1283 0.769616 0.536285 0.00419397
1284 0.769616 0.541418 0.00421421
1285 0.769616 0.548733 0.00454359
1286 0.769616 0.54298 0.00510157
1287 0.769616 0.540976 0.00405402
1288 0.769616 0.540417 0.00417741
1289 0.769616 0.539294 0.00405346
1290 0.769616 0.540899 0.00435495
1291 0.769616 0.54331 0.00427888
1292 0.769616 0.543201 0.00477832
1293 0.769616 0.548976 0.00429993
1294 0.769616 0.548831 0.00468662
1295 0.769616 0.554498 0.00450894
1296 0.769616 0.548381 0.00425187
1297 0.769616 0.552382 0.00431824
1298 0.769616 0.555475 0.00404796
1299 0.769616 0.555613 0.00379581
1300 0.769616 0.553395 0.00426357
1301 0.769616 0.544313 0.0037665
1302 0.769616 0.547198 0.00389197
1303 0.769616 0.542615 0.00422326
1304 0.769616 0.544516 0.00439836
1305 0.769616 0.551781 0.00468446
1306 0.769616 0.548915 0.00452415
1307 0.769616 0.548177 0.00389014
1308 0.769616 0.54503 0.0045887
1309 0.769616 0.548361 0.00427735
1310 0.769616 0.543689 0.00445577
1311 0.769616 0.54681 0.00474196
1312 0.769616 0.542675 0.00428163
1313 0.769616 0.539642 0.00440577
1314 0.769616 0.532056 0.00385791
1315 0.769616 0.545352 0.00445081
1316 0.769616 0.542177 0.00514747
1317 0.769616 0.539572 0.00405524
1318 0.769616 0.546756 0.00440238
1319 0.769616 0.546584 0.00428781
1320 0.769616 0.545013 0.00453062
1321 0.769616 0.550607 0.00436297
1322 0.769616 0.547195 0.00431759
1323 0.769616 0.53581 0.00400721
1324 0.769616 0.545131 0.0040306
1325 0.769616 0.547762 0.00520749
1326 0.769616 0.549499 0.00374292
1327 0.769616 0.547861 0.004556
1328 0.769616 0.548626 0.00389149
1329 0.769616 0.546153 0.00466371
1330 0.769616 0.549858 0.00417254
1331 0.769616 0.538449 0.00387811
1332 0.769616 0.538006 0.00404557
1333 0.769616 0.543069 0.00433012
1334 0.769616 0.546772 0.00454143
1335 0.769616 0.547499 0.00419424
1336 0.769616 0.538591 0.0039327
1337 0.769616 0.541763 0.0046896
1338 0.769616 0.542948 0.00405703
1339 0.769616 0.539403 0.00406347
1340 0.769616 0.547226 0.00493617
1341 0.769616 0.540995 0.00439429
1342 0.769616 0.547583 0.00517931
1343 0.769616 0.546185 0.00486343
1344 0.769616 0.55274 0.0048935
1345 0.769616 0.550189 0.00476277
1346 0.769616 0.538649 0.0045871
1347 0.769616 0.542734 0.00450058
1348 0.769616 0.544136 0.00479315
1349 0.769616 0.541023 0.00495914
1350 0.769616 0.541855 0.00426425
1351 0.769616 0.545435 0.00433115
1352 0.769616 0.544011 0.00434688
1353 0.769616 0.550418 0.00487684
1354 0.769616 0.546124 0.00443211
1355 0.769616 0.547752 0.00484919
1356 0.769616 0.545302 0.00422302
1357 0.769616 0.549728 0.00401626
1358 0.769616 0.543754 0.00452135
1359 0.769616 0.544315 0.00434652
1360 0.769616 0.544175 0.0041994
1361 0.769616 0.537473 0.00403496
1362 0.769616 0.54037 0.00451154
1363 0.769616 0.537694 0.00448309
1364 0.769616 0.544601 0.00471747
1365 0.769616 0.54632 0.00433761
1366 0.769616 0.548839 0.00438068
1367 0.769616 0.547374 0.00390344
1368 0.769616 0.540097 0.0046319
1369 0.769616 0.5446 0.00429972
1370 0.769616 0.54608 0.00461084
1371 0.769616 0.549597 0.00441507
1372 0.769616 0.543988 0.00436251
1373 0.769616 0.548184 0.00519496
1374 0.769616 0.539776 0.00419496
1375 0.769616 0.541607 0.00432755
1376 0.769616 0.543966 0.0050006
1377 0.769616 0.551081 0.00441427
1378 0.769616 0.548239 0.00448928
1379 0.769616 0.550108 0.00475385
1380 0.769616 0.547729 0.00515547
1381 0.769616 0.548516 0.00446719
1382 0.769616 0.54448 0.00404909
1383 0.769616 0.548479 0.00397272
1384 0.769616 0.542669 0.00410331
1385 0.769616 0.551668 0.00467326
1386 0.769616 0.546497 0.00441841
1387 0.769616 0.54542 0.00450237
1388 0.769616 0.542463 0.00376128
1389 0.769616 0.54135 0.00425212
1390 0.769616 0.544674 0.00441898
1391 0.769616 0.549192 0.00459751
1392 0.769616 0.554501 0.00453877
1393 0.769616 0.550932 0.00349645
1394 0.769616 0.544117 0.00456916
1395 0.769616 0.546387 0.00406928
1396 0.769616 0.547868 0.00429497
1397 0.769616 0.541571 0.00416299
1398 0.769616 0.549171 0.00401001
1399 0.769616 0.539152 0.00392586
1400 0.769616 0.544485 0.00421635
1401 0.769616 0.539969 0.00420003
1402 0.769616 0.537854 0.00405146
1403 0.769616 0.543702 0.00412524
1404 0.769616 0.542195 0.00427735
1405 0.769616 0.54413 0.00365742
1406 0.769616 0.541865 0.00364934
1407 0.769616 0.547524 0.00451105
1408 0.769616 0.547747 0.0042726
1409 0.769616 0.545438 0.00414588
1410 0.769616 0.545543 0.00496373
1411 0.769616 0.542192 0.00492321
1412 0.769616 0.535446 0.00410448
1413 0.769616 0.539006 0.00398759
1414 0.769616 0.541162 0.00422162
1415 0.769616 0.542032 0.00437681
1416 0.769616 0.53628 0.00435359
1417 0.769616 0.533966 0.00373668
1418 0.769616 0.537545 0.00406796
1419 0.769616 0.532831 0.00435412
1420 0.769616 0.534982 0.00429078
1421 0.769616 0.541292 0.00495207
1422 0.769616 0.535796 0.00415299
1423 0.769616 0.539851 0.0039217
1424 0.769616 0.53758 0.00412566
1425 0.769616 0.537901 0.0045096
1426 0.769616 0.531047 0.00428796
1427 0.769616 0.536827 0.00396256
1428 0.769616 0.536772 0.00448722
1429 0.769616 0.535108 0.00388728
1430 0.769616 0.531508 0.00418084
1431 0.769616 0.538534 0.00471605
1432 0.769616 0.537722 0.00420489
1433 0.769616 0.53389 0.00441692
1434 0.769616 0.538977 0.00416042
1435 0.769616 0.536186 0.0044414
1436 0.769616 0.544236 0.00428764
1437 0.769616 0.540394 0.00399755
1438 0.769616 0.549297 0.00450316
1439 0.769616 0.55069 0.00486625
1440 0.769616 0.554183 0.00517325
1441 0.769616 0.545433 0.00434665
1442 0.769616 0.551708 0.00439376
1443 0.769616 0.540985 0.0043554
1444 0.769616 0.551316 0.00460228
1445 0.769616 0.546732 0.0044826
1446 0.769616 0.545708 0.00420245
1447 0.769616 0.551196 0.00434398
1448 0.769616 0.547899 0.0040497
1449 0.769616 0.547719 0.00425205
1450 0.769616 0.548558 0.00377854
1451 0.769616 0.551262 0.00474595
1452 0.769616 0.549033 0.0042588
1453 0.769616 0.550965 0.00452599
1454 0.769616 0.54416 0.00425846
1455 0.769616 0.540716 0.00430949
1456 0.769616 0.552523 0.00485271
1457 0.769616 0.551078 0.00502103
1458 0.769616 0.542501 0.00424804
1459 0.769616 0.547347 0.0047419
1460 0.769616 0.5459 0.00480888
1461 0.769616 0.541484 0.00444835
1462 0.769616 0.54198 0.00471971
1463 0.769616 0.546015 0.00404436
1464 0.769616 0.537144 0.00387671
1465 0.769616 0.543334 0.00436017
1466 0.769616 0.546043 0.00480442
1467 0.769616 0.547266 0.00440647
1468 0.769616 0.53995 0.00434301
1469 0.769616 0.543166 0.00501007
1470 0.769616 0.54694 0.00528487
1471 0.769616 0.535909 0.00388815
1472 0.769616 0.548473 0.00441011
1473 0.769616 0.540878 0.00448672
1474 0.769616 0.542135 0.00434314
1475 0.769616 0.54816 0.00432003
1476 0.769616 0.546518 0.00453463
1477 0.769616 0.548445 0.00450277
1478 0.769616 0.548019 0.00414064
1479 0.769616 0.545652 0.00397863
1480 0.769616 0.542532 0.00453978
1481 0.769616 0.543768 0.00417871
1482 0.769616 0.544001 0.00451477
1483 0.769616 0.541667 0.00399394
1484 0.769616 0.546714 0.00434193
1485 0.769616 0.547332 0.00413284
1486 0.769616 0.553921 0.00423099
1487 0.769616 0.54702 0.00418768
1488 0.769616 0.543162 0.00434034
1489 0.769616 0.545583 0.00411297
1490 0.769616 0.552352 0.00413069
1491 0.769616 0.552291 0.00444656
1492 0.769616 0.554749 0.00417575
1493 0.769616 0.555065 0.0046454
1494 0.769616 0.548739 0.00411112
1495 0.769616 0.549232 0.00402752
1496 0.769616 0.545145 0.00480433
1497 0.769616 0.559146 0.00496973
1498 0.769616 0.55108 0.00477266
1499 0.769616 0.5499 0.00455779
1500 0.769616 0.543494 0.0047149
1501 0.769616 0.547091 0.00426527
1502 0.769616 0.537601 0.0039055
1503 0.769616 0.532377 0.00424635
1504 0.769616 0.540474 0.00477335
1505 0.769616 0.542466 0.00472234
1506 0.769616 0.546272 0.00428067
1507 0.769616 0.546401 0.00382389
1508 0.769616 0.545503 0.004125
1509 0.769616 0.550146 0.00435119
1510 0.769616 0.54312 0.00438151
1511 0.769616 0.542326 0.00403316
1512 0.769616 0.543543 0.00417906
1513 0.769616 0.541173 0.00388773
1514 0.769616 0.542759 0.00399961
1515 0.769616 0.543884 0.00443306
1516 0.769616 0.541555 0.00463169
1517 0.769616 0.54452 0.00428112
1518 0.769616 0.537007 0.00407424
1519 0.769616 0.543628 0.00411728
1520 0.769616 0.544242 0.00409612
1521 0.769616 0.539652 0.00380655
1522 0.769616 0.549205 0.00444245
1523 0.769616 0.552162 0.00458859
1524 0.769616 0.551171 0.00419616
1525 0.769616 0.550712 0.00406754
1526 0.769616 0.547051 0.00392289
1527 0.769616 0.55436 0.0047712
1528 0.769616 0.557475 0.00522128
1529 0.769616 0.552478 0.00504824
1530 0.769616 0.55411 0.00442657
1531 0.769616 0.54347 0.00407816
1532 0.769616 0.55195 0.00410554
1533 0.769616 0.551428 0.00434734
1534 0.769616 0.559785 0.00461294
1535 0.769616 0.541636 0.00426286
1536 0.769616 0.546662 0.00420833
1537 0.769616 0.552603 0.00498305
1538 0.769616 0.543048 0.00418339
1539 0.769616 0.548021 0.00466251
1540 0.769616 0.540852 0.00484081
1541 0.769616 0.542875 0.00545564
1542 0.769616 0.541585 0.00467218
1543 0.769616 0.547172 0.00481588
1544 0.769616 0.545136 0.00408245
1545 0.769616 0.546037 0.00413245
1546 0.769616 0.53889 0.00431295
1547 0.769616 0.541129 0.00428758
1548 0.769616 0.545216 0.00434587
1549 0.769616 0.539384 0.0043857
1550 0.769616 0.547751 0.00480184
1551 0.776685 0.545589 0.00456495
1552 0.776685 0.541535 0.00451125
1553 0.776685 0.548067 0.00452064
1554 0.776685 0.551166 0.00466158
1555 0.776685 0.543067 0.00390978
1556 0.776685 0.541629 0.00428195
1557 0.776685 0.539197 0.00400903
1558 0.776685 0.544731 0.00447098
1559 0.776685 0.543564 0.00442093
1560 0.776685 0.54606 0.00474057
1561 0.776685 0.543856 0.00394403
1562 0.776685 0.549384 0.00378341
1563 0.776685 0.549413 0.00446419
1564 0.776685 0.553318 0.0046295
1565 0.776685 0.550417 0.00417022
1566 0.776685 0.551245 0.00456533
1567 0.776685 0.55154 0.00478131
1568 0.776685 0.552084 0.00453131
1569 0.776685 0.556995 0.00409122
1570 0.776685 0.553752 0.00436356
1571 0.776685 0.547444 0.00446355
1572 0.776685 0.54761 0.00464257
1573 0.776685 0.553285 0.00444469
1574 0.776685 0.551788 0.00421981
1575 0.776685 0.550944 0.00432009
1576 0.776685 0.545089 0.00407239
1577 0.776685 0.544533 0.0040739
1578 0.776685 0.54459 0.00387505
1579 0.776685 0.546918 0.00390168
1580 0.776685 0.548573 0.00387842
1581 0.776685 0.546269 0.00390923
1582 0.776685 0.544847 0.00405216
1583 0.776685 0.539951 0.00373155
1584 0.776685 0.534994 0.00390992
1585 0.776685 0.536934 0.00413929
1586 0.776685 0.538048 0.00482081
1587 0.776685 0.547331 0.00456853
1588 0.776685 0.53929 0.00436561
1589 0.776685 0.541551 0.00423289
1590 0.776685 0.545055 0.00438186
1591 0.776685 0.540673 0.00444144
1592 0.776685 0.548088 0.00455456
1593 0.776685 0.543986 0.00464557
1594 0.776685 0.539224 0.00404595
1595 0.776685 0.543346 0.0046417
1596 0.776685 0.541193 0.00451944
1597 0.776685 0.542701 0.00490154
1598 0.776685 0.539072 0.00458098
1599 0.776685 0.538632 0.00468763
1600 0.776685 0.539892 0.00439623
1601 0.776685 0.546565 0.00465422
1602 0.776685 0.542356 0.00444805
1603 0.776685 0.53993 0.00415849
1604 0.776685 0.539011 0.00458394
1605 0.776685 0.539307 0.00448326
1606 0.776685 0.542819 0.00475988
1607 0.776685 0.545013 0.00498584
1608 0.776685 0.543809 0.00482168
1609 0.776685 0.544633 0.00447001
1610 0.776685 0.543944 0.00514689
1611 0.776685 0.530539 0.0043226
1612 0.776685 0.543185 0.00490891
1613 0.776685 0.54354 0.00474798
1614 0.776685 0.544785 0.00425175
1615 0.776685 0.547975 0.0044397
1616 0.776685 0.544612 0.00392146
1617 0.776685 0.544022 0.00532087
1618 0.776685 0.54381 0.00423265
1619 0.776685 0.544672 0.00415693
1620 0.776685 0.543728 0.00431187
1621 0.776685 0.551215 0.0044362
1622 0.776685 0.549493 0.00411405
1623 0.776685 0.553227 0.00484734
1624 0.776685 0.549497 0.00496993
1625 0.776685 0.546501 0.00464768
1626 0.776685 0.537558 0.00425296
1627 0.776685 0.53728 0.00405577
1628 0.776685 0.53306 0.00404279
1629 0.776685 0.536198 0.00401725
1630 0.776685 0.541044 0.00472634
1631 0.776685 0.546606 0.00454239
1632 0.776685 0.54256 0.00458883
1633 0.776685 0.551989 0.00550584
1634 0.776685 0.543097 0.00456469
1635 0.776685 0.54764 0.00498262
1636 0.776685 0.541023 0.00478651
1637 0.776685 0.547638 0.004801
1638 0.776685 0.543522 0.00457005
1639 0.776685 0.539091 0.00478176
1640 0.776685 0.546844 0.00446521
1641 0.776685 0.55193 0.00422038
1642 0.776685 0.557614 0.00488031
1643 0.776685 0.551298 0.00464436
1644 0.776685 0.551074 0.00431909
1645 0.776685 0.545297 0.00425014
1646 0.776685 0.543418 0.00392576
1647 0.776685 0.549329 0.00424518
1648 0.776685 0.551453 0.00441698
1649 0.776685 0.547343 0.00431122
1650 0.776685 0.54451 0.00419839
1651 0.776685 0.547272 0.00414992
1652 0.776685 0.549064 0.00480283
1653 0.776685 0.547697 0.00454388
1654 0.776685 0.553057 0.0041472
1655 0.776685 0.550531 0.00488417
1656 0.776685 0.5483 0.00409807
1657 0.776685 0.545168 0.00433466
1658 0.776685 0.547772 0.00456687
1659 0.776685 0.549102 0.00479773
1660 0.776685 0.54803 0.00477588
1661 0.776685 0.550717 0.00452976
1662 0.776685 0.551326 0.00464993
1663 0.776685 0.545786 0.00446399
1664 0.776685 0.555921 0.00427807
1665 0.776685 0.553301 0.00462616
1666 0.776685 0.556496 0.004314
1667 0.776685 0.550563 0.00479158
1668 0.776685 0.546638 0.00442284
1669 0.776685 0.552759 0.00505083
1670 0.776685 0.542384 0.00391495
1671 0.776685 0.555955 0.00505089
1672 0.776685 0.547643 0.00424755
1673 0.776685 0.558514 0.00478309
1674 0.776685 0.551081 0.00470197
1675 0.776685 0.553179 0.00523814
1676 0.776685 0.549 0.0048416
1677 0.776685 0.550403 0.00496245
1678 0.776685 0.544116 0.00437859
1679 0.776685 0.549086 0.00434915
1680 0.776685 0.542955 0.0043489
1681 0.776685 0.547363 0.00434557
1682 0.776685 0.547836 0.00448334
1683 0.776685 0.556303 0.00432876
1684 0.776685 0.550269 0.00475858
1685 0.776685 0.546356 0.00454814
1686 0.776685 0.543138 0.00448905
1687 0.776685 0.546101 0.00452463
1688 0.776685 0.547307 0.00389791
1689 0.776685 0.547372 0.00404842
1690 0.776685 0.548125 0.00412502
1691 0.776685 0.549106 0.0041482
1692 0.776685 0.549792 0.0046795
1693 0.776685 0.549633 0.00360964
1694 0.776685 0.550414 0.00411659
1695 0.776685 0.554558 0.00446744
1696 0.776685 0.545217 0.00425439
1697 0.776685 0.547099 0.00447169
1698 0.776685 0.544096 0.00495739
1699 0.776685 0.547376 0.00412243
1700 0.776685 0.553861 0.00508364
1701 0.776685 0.54448 0.00390421
1702 0.776685 0.539924 0.00380728
1703 0.776685 0.545862 0.0041845
1704 0.776685 0.543225 0.00411149
1705 0.776685 0.545824 0.00424327
1706 0.776685 0.546686 0.00444607
1707 0.776685 0.548432 0.00467128
1708 0.776685 0.544378 0.00454106
1709 0.776685 0.547598 0.0045511
1710 0.776685 0.5448 0.00445761
1711 0.776685 0.541179 0.00427179
1712 0.776685 0.541853 0.00477455
1713 0.776685 0.549814 0.00519711
1714 0.776685 0.542081 0.00450381
1715 0.776685 0.543987 0.00490247
1716 0.776685 0.547295 0.00464274
1717 0.776685 0.540177 0.00434906
1718 0.776685 0.53672 0.0044606
1719 0.776685 0.541163 0.0041078
1720 0.776685 0.546684 0.00443951
1721 0.776685 0.53709 0.00465955
1722 0.776685 0.548662 0.00482113
1723 0.776685 0.541165 0.00497827
1724 0.776685 0.538081 0.00449873
1725 0.776685 0.545843 0.00469371
1726 0.776685 0.537704 0.00435461
1727 0.776685 0.536455 0.00415783
1728 0.776685 0.539566 0.00395798
1729 0.776685 0.536441 0.00427951
1730 0.776685 0.548147 0.00499856
1731 0.776685 0.551635 0.00446908
1732 0.776685 0.550082 0.00485568
1733 0.776685 0.543363 0.00379551
1734 0.776685 0.544482 0.00471007
1735 0.776685 0.543003 0.00416594
1736 0.776685 0.545163 0.004208
1737 0.776685 0.543504 0.00504222
1738 0.776685 0.545731 0.00450928
1739 0.776685 0.54771 0.00452823
1740 0.776685 0.544721 0.00401615
1741 0.776685 0.548219 0.0037116
1742 0.776685 0.553441 0.00480655
1743 0.776685 0.544536 0.00432585
1744 0.776685 0.54706 0.00443375
1745 0.776685 0.546247 0.00548527
1746 0.776685 0.543204 0.00420469
1747 0.776685 0.546431 0.0048669
1748 0.776685 0.553094 0.0042398
1749 0.776685 0.545559 0.00414936
1750 0.776685 0.551366 0.00470221
1751 0.776685 0.548604 0.00444482
1752 0.776685 0.544319 0.00419119
1753 0.776685 0.548267 0.00441994
1754 0.776685 0.54238 0.00391013
1755 0.776685 0.545425 0.0044652
1756 0.776685 0.546003 0.00398183
1757 0.776685 0.554408 0.00511464
1758 0.776685 0.545851 0.00482788
1759 0.776685 0.550856 0.00452068
1760 0.776685 0.540451 0.00392875
1761 0.776685 0.536331 0.0039222
1762 0.776685 0.538093 0.00390746
1763 0.776685 0.542042 0.00457724
1764 0.776685 0.537478 0.00402168
1765 0.776685 0.535016 0.00428136
1766 0.776685 0.538845 0.00477723
1767 0.776685 0.545994 0.00469134
1768 0.776685 0.542344 0.00441908
1769 0.776685 0.548092 0.00414988
1770 0.776685 0.545796 0.00447381
1771 0.776685 0.543992 0.00404282
1772 0.776685 0.539997 0.00412305
1773 0.776685 0.541723 0.00414334
1774 0.776685 0.544762 0.00407309
1775 0.776685 0.547631 0.00417578
1776 0.776685 0.551767 0.0042951
1777 0.776685 0.547402 0.00438448
1778 0.776685 0.547412 0.00448881
1779 0.776685 0.537529 0.0036728
1780 0.776685 0.549122 0.00423624
1781 0.776685 0.541999 0.00409801
1782 0.776685 0.544651 0.00397374
1783 0.776685 0.5469 0.00417585
1784 0.776685 0.552672 0.00505074
1785 0.776685 0.544538 0.00390522
1786 0.776685 0.547096 0.00482809
1787 0.776685 0.540864 0.00418354
1788 0.776685 0.540705 0.00399078
1789 0.776685 0.53998 0.00458676
1790 0.776685 0.537086 0.00473512
1791 0.776685 0.540546 0.00413314
1792 0.776685 0.541515 0.00479034
1793 0.776685 0.539948 0.0046991
1794 0.776685 0.536811 0.00435052
1795 0.776685 0.540742 0.00401904
1796 0.776685 0.541387 0.00447574
1797 0.776685 0.543753 0.00459579
1798 0.776685 0.546755 0.00511795
1799 0.776685 0.549166 0.0048194
1800 0.776685 0.546898 0.00572824
1801 0.776685 0.544632 0.00494076
1802 0.776685 0.542845 0.00457686
1803 0.776685 0.542124 0.00461993
1804 0.776685 0.540572 0.00449693
1805 0.776685 0.544586 0.00449203
1806 0.776685 0.542496 0.0042028
1807 0.776685 0.541832 0.0044068
1808 0.776685 0.552381 0.00464868
1809 0.776685 0.551932 0.00477633
1810 0.776685 0.54963 0.00388024
1811 0.776685 0.548464 0.00412694
1812 0.776685 0.550606 0.00442725
1813 0.776685 0.547677 0.00435693
1814 0.776685 0.552576 0.00437965
1815 0.776685 0.552262 0.00443545
1816 0.776685 0.557547 0.00497318
1817 0.776685 0.556379 0.0042302
1818 0.776685 0.556783 0.00398135
1819 0.776685 0.551505 0.00420103
1820 0.776685 0.553486 0.00436961
1821 0.776685 0.54645 0.00412813
1822 0.776685 0.54874 0.00450528
1823 0.776685 0.545146 0.00411262
1824 0.776685 0.551018 0.00432983
1825 0.776685 0.543679 0.00381858
1826 0.776685 0.549054 0.00431646
1827 0.776685 0.557358 0.00504731
1828 0.776685 0.554638 0.00418721
1829 0.776685 0.561808 0.00466361
1830 0.776685 0.554436 0.00455694
1831 0.776685 0.557206 0.00442797
1832 0.776685 0.552069 0.00509306
1833 0.776685 0.552073 0.00411386
1834 0.776685 0.554908 0.00544435
1835 0.776685 0.544515 0.00499949
1836 0.776685 0.556746 0.00448892
1837 0.776685 0.551703 0.00466288
1838 0.776685 0.554972 0.00480521
1839 0.776685 0.558681 0.00493205
1840 0.776685 0.544524 0.0045415
1841 0.776685 0.545891 0.00479321
1842 0.776685 0.542071 0.00390826
1843 0.776685 0.539677 0.00429431
1844 0.776685 0.541483 0.00447097
1845 0.776685 0.537899 0.00391073
1846 0.776685 0.543337 0.00373614
1847 0.776685 0.536241 0.00435869
1848 0.776685 0.544664 0.00462465
1849 0.776685 0.542074 0.00391784
1850 0.776685 0.539654 0.00405579
1851 0.776685 0.532857 0.00412618
1852 0.776685 0.53771 0.00440867
1853 0.776685 0.533243 0.00410666
1854 0.776685 0.53333 0.0042305
1855 0.776685 0.53638 0.00411978
1856 0.776685 0.545292 0.00421691
1857 0.776685 0.546873 0.00458419
1858 0.776685 0.546975 0.00470417
1859 0.776685 0.547395 0.00493145
1860 0.776685 0.548003 0.00473685
1861 0.776685 0.543899 0.0042777
1862 0.776685 0.548038 0.00476006
1863 0.776685 0.539793 0.0042064
1864 0.776685 0.538291 0.00395035
1865 0.776685 0.533595 0.00471974
1866 0.776685 0.531135 0.00378867
1867 0.776685 0.53861 0.00425369
1868 0.776685 0.540811 0.004228
1869 0.776685 0.543986 0.00428759
1870 0.776685 0.545484 0.00389448
1871 0.776685 0.539468 0.00391265
1872 0.776685 0.538207 0.00439806
1873 0.776685 0.53987 0.00451821
1874 0.776685 0.534892 0.00421114
1875 0.776685 0.539011 0.00429476
1876 0.776685 0.546194 0.00475437
1877 0.776685 0.547246 0.0040763
1878 0.776685 0.539737 0.00401675
1879 0.776685 0.536104 0.00382843
1880 0.776685 0.536628 0.00408373
1881 0.776685 0.540864 0.00468192
1882 0.776685 0.548612 0.00478278
1883 0.776685 0.541645 0.00415619
1884 0.776685 0.538882 0.00427941
1885 0.776685 0.545482 0.00402849
1886 0.776685 0.540263 0.00409364
1887 0.776685 0.550845 0.00456077
1888 0.776685 0.546742 0.00446573
1889 0.776685 0.544447 0.00465068
1890 0.776685 0.549298 0.00435082
1891 0.776685 0.547161 0.00499011
1892 0.776685 0.543804 0.00429479
1893 0.776685 0.54729 0.00475384
1894 0.776685 0.540368 0.00401138
1895 0.776685 0.540134 0.00451783
1896 0.776685 0.539036 0.00488445
1897 0.776685 0.542593 0.00517901
1898 0.776685 0.550188 0.00461344
1899 0.776685 0.54902 0.00428045
1900 0.776685 0.542156 0.00427187
1901 0.776685 0.548105 0.0049469
1902 0.776685 0.54637 0.00491517
1903 0.776685 0.550083 0.00521428
1904 0.776685 0.550347 0.0048212
1905 0.776685 0.543095 0.00548762
1906 0.776685 0.541212 0.00478535
1907 0.776685 0.540826 0.00486411
1908 0.776685 0.546582 0.00499822
1909 0.776685 0.540607 0.00442601
1910 0.776685 0.534759 0.00461727
1911 0.776685 0.538749 0.0047537
1912 0.776685 0.541597 0.00432461
1913 0.776685 0.532759 0.00433867
1914 0.776685 0.544324 0.00451966
1915 0.776685 0.543194 0.00431787
1916 0.776685 0.545336 0.00418026
1917 0.776685 0.543902 0.00441385
1918 0.776685 0.547685 0.00453035
1919 0.776685 0.549268 0.00433045
1920 0.776685 0.546879 0.00410377
1921 0.776685 0.549105 0.00443069
1922 0.776685 0.550037 0.00440069
1923 0.776685 0.553731 0.0044772
1924 0.776685 0.543963 0.00444772
1925 0.776685 0.545888 0.00454825
1926 0.776685 0.546234 0.00437051
1927 0.776685 0.54435 0.00458121
1928 0.776685 0.549496 0.00475395
1929 0.776685 0.539082 0.00445823
1930 0.776685 0.541553 0.0046208
1931 0.776685 0.539994 0.0039883
1932 0.776685 0.542278 0.00425341
1933 0.776685 0.544631 0.00457736
1934 0.776685 0.558288 0.00581846
1935 0.776685 0.550603 0.00469362
1936 0.776685 0.554373 0.00509082
1937 0.776685 0.548558 0.00530194
1938 0.776685 0.548274 0.00501276
1939 0.776685 0.542176 0.0039162
1940 0.776685 0.541442 0.00450088
1941 0.776685 0.541779 0.0040544
1942 0.776685 0.542798 0.00366716
1943 0.776685 0.540532 0.004712
1944 0.776685 0.541833 0.00500731
1945 0.776685 0.539352 0.00471959
1946 0.776685 0.545994 0.00395234
1947 0.776685 0.542073 0.00415706
1948 0.776685 0.546483 0.00513628
1949 0.776685 0.549968 0.00515231
1950 0.776685 0.542367 0.00487781
1951 0.776685 0.544965 0.00439051
1952 0.776685 0.549523 0.00482392
1953 0.776685 0.548709 0.00399213
1954 0.776685 0.546219 0.00432232
1955 0.776685 0.54692 0.00509534
1956 0.776685 0.544257 0.00446142
1957 0.776685 0.544363 0.00452366
1958 0.776685 0.548573 0.00452248
1959 0.776685 0.540067 0.00417273
1960 0.776685 0.552796 0.00451706
1961 0.776685 0.550506 0.00481146
1962 0.776685 0.555122 0.00481394
1963 0.776685 0.54233 0.00479859
1964 0.776685 0.546339 0.00496555
1965 0.776685 0.537624 0.0042846
1966 0.776685 0.543362 0.00426843
1967 0.776685 0.541473 0.00427047
1968 0.776685 0.551018 0.0045442
1969 0.776685 0.544558 0.00466292
1970 0.776685 0.545727 0.0044472
1971 0.776685 0.545405 0.00486069
1972 0.776685 0.555344 0.00509969
1973 0.776685 0.546886 0.00456007
1974 0.776685 0.550099 0.00487998
1975 0.776685 0.552079 0.00442355
1976 0.776685 0.556791 0.00459442
1977 0.776685 0.540738 0.00416558
1978 0.776685 0.538373 0.00429228
1979 0.776685 0.552171 0.00538915
1980 0.776685 0.550336 0.00488913
1981 0.776685 0.55231 0.00460813
1982 0.776685 0.546136 0.00452651
1983 0.776685 0.553516 0.00462902
1984 0.776685 0.544998 0.00405982
1985 0.776685 0.5481 0.0042047
1986 0.776685 0.554367 0.00477617
1987 0.776685 0.545904 0.00433794
1988 0.776685 0.545206 0.00477545
1989 0.776685 0.540981 0.00403923
1990 0.776685 0.541841 0.00419808
1991 0.776685 0.544179 0.00417439
1992 0.776685 0.547966 0.00394594
1993 0.776685 0.549965 0.00408412
1994 0.776685 0.55132 0.00451172
1995 0.776685 0.54359 0.00423876
1996 0.776685 0.545212 0.00426332
1997 0.776685 0.542641 0.00419743
1998 0.776685 0.543505 0.0045379
1999 0.776685 0.552526 0.00491581
2000 0.776685 0.540091 0.0046858
