4
1
-59.1285
3.52796
0
0.111048
0.212988
1
-63.6593
7.913
0
-61.7523
6.96117
0
-59.0845
2.96506
0
0.149318
0.690971
1.77869
1.02874
0.0858604
0.485549
1.82009
1.20964
0.850143
1.51558
1.91423
0.835823
1.88461
0.0592391
0.161711
0.887178
1.76209
1.3542
0.694039
1.68002
1.49643
1.65505
0.918891
0.716389
0.0909694
1.72113
0
1.60641
0.766318
1.21039
1.67675
1.22513
1.58841
0
1.64193
1.53205
1.68034
1.73988
0.847731
0.992935
1.91899
0.540009
1.13836
0.234679
0.0325177
1.49953
0.00444509
0.0730523
1.55449
1.33593
1.0244
0.680155
1.90392
0.0224695
1.8342
0.920889
1.85772
1.41308
1.17265
1.9466
0.336064
0
1.23442
1.23803
0.382999
0.480841
0.432162
1.64933
1.77452
1.86493
1.93757
1.57599
1.7883
0.0965257
0.210657
