0 0.587887 0.499194 0.000215015
1 0.587887 0.502551 0.000209352
2 0.587887 0.501028 0.000273951
3 0.587887 0.500415 0.000352271
4 0.587887 0.50371 0.000281013
5 0.587887 0.502777 0.000341863
6 0.587887 0.501785 0.000303463
7 0.587887 0.50113 0.000285462
8 0.587887 0.50212 0.000332595
9 0.604775 0.503142 0.000418458
10 0.604775 0.503998 0.000498569
11 0.604775 0.503199 0.000547003
12 0.604775 0.500514 0.000565008
13 0.604775 0.502231 0.000515007
14 0.604775 0.503146 0.000444981
15 0.604775 0.504873 0.000479693
16 0.604775 0.503022 0.000426355
17 0.629543 0.503424 0.00062154
18 0.629543 0.503508 0.000678228
19 0.629543 0.503032 0.000648265
20 0.629543 0.50607 0.000630242
21 0.629543 0.503608 0.000586447
22 0.629543 0.504354 0.000682943
23 0.629543 0.502118 0.000692533
24 0.629543 0.504471 0.000596624
25 0.629543 0.503603 0.000635059
26 0.629543 0.501824 0.000852861
27 0.629543 0.504854 0.000690842
28 0.629543 0.505862 0.000537677
29 0.629543 0.503268 0.000592257
30 0.629543 0.50371 0.00059907
31 0.629543 0.50358 0.00064911
32 0.629543 0.501398 0.000759016
33 0.629543 0.503018 0.000759537
34 0.629543 0.506502 0.000794826
35 0.629543 0.504285 0.000703372
36 0.629543 0.502116 0.000964277
37 0.629543 0.501716 0.00079897
38 0.629543 0.502155 0.000758962
39 0.629543 0.501903 0.000669747
40 0.629543 0.499734 0.000892854
41 0.629543 0.503787 0.000720371
42 0.629543 0.504404 0.000766648
43 0.629543 0.499213 0.00090657
44 0.629543 0.503958 0.000668771
45 0.629543 0.505085 0.000691026
46 0.629543 0.503085 0.000766821
47 0.629543 0.500899 0.00105365
48 0.629543 0.505895 0.000831986
49 0.629543 0.504343 0.000700745
50 0.629543 0.503129 0.000816871
51 0.629543 0.503372 0.00076375
52 0.629543 0.50023 0.00079728
53 0.629543 0.500679 0.000795246
54 0.629543 0.503745 0.000844383
55 0.629543 0.504409 0.00108005
56 0.629543 0.501781 0.000947245
57 0.629543 0.503534 0.000762175
58 0.629543 0.504133 0.000829864
59 0.629543 0.501212 0.0010528
60 0.629543 0.50423 0.00108839
61 0.629543 0.504775 0.000859345
62 0.629543 0.502767 0.000889039
63 0.629543 0.504025 0.00083098
64 0.629543 0.500697 0.00102086
65 0.629543 0.50111 0.00096631
66 0.629543 0.507071 0.00103887
67 0.629543 0.502727 0.000863048
68 0.629543 0.502769 0.000844302
69 0.629543 0.501653 0.000830746
70 0.629543 0.503225 0.000860326
71 0.629543 0.504837 0.000825011
72 0.629543 0.507317 0.000903758
73 0.629543 0.505297 0.00104352
74 0.629543 0.505199 0.00118123
75 0.629543 0.504921 0.00112553
76 0.629543 0.503294 0.00122031
77 0.629543 0.505279 0.00121524
78 0.629543 0.502916 0.000889836
79 0.629543 0.503431 0.0010321
80 0.629543 0.502923 0.000970876
81 0.629543 0.509023 0.000925952
82 0.629543 0.505572 0.000891207
83 0.629543 0.505928 0.00102225
84 0.629543 0.513746 0.00129458
85 0.629543 0.50964 0.000912693
86 0.629543 0.507239 0.00118827
87 0.629543 0.504824 0.00118821
88 0.629543 0.504464 0.00122214
89 0.629543 0.507971 0.000968498
90 0.629543 0.505974 0.00161793
91 0.629543 0.505667 0.0010046
92 0.629543 0.505043 0.00116988
93 0.629543 0.502329 0.00141974
94 0.629543 0.503919 0.0013531
95 0.629543 0.502773 0.00122661
96 0.629543 0.506668 0.00115258
97 0.629543 0.504861 0.00118292
98 0.629543 0.505545 0.00138024
99 0.629543 0.502283 0.00132936
100 0.629543 0.503805 0.00103964
101 0.629543 0.50937 0.00120741
102 0.629543 0.509866 0.00133115
103 0.647062 0.502719 0.00178036
104 0.647062 0.502815 0.00133634
105 0.647062 0.506263 0.00131469
106 0.647062 0.50187 0.00110317
107 0.647062 0.507628 0.00125141
108 0.647062 0.501755 0.00133333
109 0.647062 0.503911 0.00133181
110 0.647062 0.500722 0.00132057
111 0.647062 0.502062 0.00145691
112 0.647062 0.506789 0.00123458
113 0.647062 0.505326 0.00132988
114 0.647062 0.504843 0.00126155
115 0.647062 0.504897 0.00144307
116 0.647062 0.504214 0.00137658
117 0.647062 0.507326 0.00139949
118 0.647062 0.505169 0.00103949
119 0.647062 0.503267 0.00121519
120 0.647062 0.506065 0.00128238
121 0.647062 0.507944 0.00140775
122 0.647062 0.503238 0.00152504
123 0.647062 0.50744 0.00115889
124 0.647062 0.508882 0.00138924
125 0.647062 0.504616 0.00143899
126 0.647062 0.50747 0.00115269
127 0.647062 0.50468 0.00133106
128 0.647062 0.508299 0.00122496
129 0.647062 0.502592 0.00136027
130 0.647062 0.503173 0.00112521
131 0.647062 0.50524 0.00128497
132 0.647062 0.507939 0.00120903
133 0.647062 0.506956 0.00126314
134 0.647062 0.508699 0.00148896
135 0.647062 0.507413 0.0012711
136 0.647062 0.503257 0.00135405
137 0.647062 0.505074 0.00140921
138 0.647062 0.504929 0.00134562
139 0.647062 0.507341 0.00120443
140 0.647062 0.50743 0.00133373
141 0.647062 0.507132 0.00111973
142 0.647062 0.502374 0.00101267
143 0.647062 0.506487 0.00105817
144 0.647062 0.506865 0.00109291
145 0.647062 0.508698 0.00110827
146 0.647062 0.509902 0.00128338
147 0.647062 0.51162 0.00115781
148 0.647062 0.510786 0.00112659
149 0.647062 0.506627 0.00114245
150 0.647062 0.510318 0.00103605
151 0.647062 0.505658 0.00114562
152 0.647062 0.506993 0.00121496
153 0.647062 0.507402 0.00135425
154 0.647062 0.507304 0.00146554
155 0.647062 0.506301 0.0010823
156 0.647062 0.507348 0.00132097
157 0.647062 0.50647 0.00111136
158 0.647062 0.510164 0.00125497
159 0.647062 0.502598 0.00113464
160 0.647062 0.50572 0.00124225
161 0.647062 0.505545 0.00129258
162 0.647062 0.504972 0.00121107
163 0.647062 0.501227 0.00123071
164 0.647062 0.500624 0.00118659
165 0.647062 0.507271 0.00147124
166 0.647062 0.506741 0.0013874
167 0.647062 0.504535 0.00125001
168 0.647062 0.509689 0.0014292
169 0.647062 0.507231 0.0012618
170 0.647062 0.50911 0.00131596
171 0.647062 0.505979 0.00123263
172 0.647062 0.504618 0.00122707
173 0.647062 0.505554 0.00136055
174 0.647062 0.505674 0.00114034
175 0.647062 0.501709 0.00121116
176 0.647062 0.50768 0.00135235
177 0.647062 0.504552 0.00141418
178 0.647062 0.507129 0.00124771
179 0.649856 0.509066 0.00135454
180 0.649856 0.507859 0.00129046
181 0.649856 0.507601 0.00148564
182 0.649856 0.509565 0.00136729
183 0.649856 0.506496 0.00130334
184 0.649856 0.503966 0.00144837
185 0.649856 0.506973 0.00131455
186 0.649856 0.507164 0.0013644
187 0.649856 0.503115 0.00150567
188 0.649856 0.50714 0.00132059
189 0.649856 0.504768 0.00168087
190 0.649856 0.5069 0.00148606
191 0.649856 0.504958 0.00156564
192 0.649856 0.505354 0.00162679
193 0.649856 0.504126 0.00153384
194 0.649856 0.504845 0.00174164
195 0.649856 0.503201 0.00119504
196 0.649856 0.50685 0.00155321
197 0.649856 0.503857 0.00153628
198 0.649856 0.506068 0.00126351
199 0.649856 0.506166 0.00127771
200 0.649856 0.504024 0.0014054
201 0.649856 0.508762 0.0014069
202 0.649856 0.501097 0.00172814
203 0.649856 0.501787 0.00177802
204 0.649856 0.500419 0.00181395
205 0.649856 0.506367 0.00147409
206 0.649856 0.501572 0.00187454
207 0.649856 0.50894 0.00153977
208 0.649856 0.511061 0.00160702
209 0.649856 0.503862 0.00157394
210 0.649856 0.505811 0.00147293
211 0.649856 0.508204 0.00141625
212 0.649856 0.504054 0.00136805
213 0.649856 0.50334 0.00138445
214 0.649856 0.503994 0.00126938
215 0.649856 0.505384 0.00144506
216 0.649856 0.503538 0.0014462
217 0.649856 0.509468 0.00172216
218 0.649856 0.508763 0.00169231
219 0.649856 0.506911 0.00133328
220 0.649856 0.506257 0.00148938
221 0.649856 0.502271 0.00159284
222 0.649856 0.503269 0.00146051
223 0.649856 0.508686 0.00135952
224 0.649856 0.505104 0.00137758
225 0.649856 0.509431 0.00145472
226 0.649856 0.504469 0.00148156
227 0.649856 0.506631 0.00147325
228 0.649856 0.508459 0.00163592
229 0.649856 0.50659 0.00129047
230 0.649856 0.50389 0.00130886
231 0.649856 0.506777 0.0013306
232 0.649856 0.502866 0.00148486
233 0.649856 0.508429 0.00146042
234 0.649856 0.507985 0.00162054
235 0.649856 0.502567 0.00155293
236 0.649856 0.505943 0.00151671
237 0.649856 0.505522 0.00153493
238 0.649856 0.504626 0.00136855
239 0.649856 0.507153 0.00143719
240 0.649856 0.504889 0.00146197
241 0.649856 0.504801 0.00140009
242 0.649856 0.502708 0.0016193
243 0.649856 0.508002 0.00144899
244 0.649856 0.502894 0.00164558
245 0.649856 0.506738 0.00148133
246 0.649856 0.507841 0.00179116
247 0.649856 0.505981 0.00164805
248 0.649856 0.50546 0.00126508
249 0.649856 0.502913 0.00146878
250 0.649856 0.505794 0.00148282
251 0.649856 0.506849 0.00141334
252 0.649856 0.509076 0.0012172
253 0.649856 0.502062 0.00145368
254 0.649856 0.503903 0.00145317
255 0.649856 0.506882 0.00165611
256 0.649856 0.502333 0.00153197
257 0.649856 0.502042 0.00133504
258 0.649856 0.503277 0.0015407
259 0.649856 0.507845 0.00118892
260 0.649856 0.506106 0.00127826
261 0.649856 0.507414 0.00131624
262 0.649856 0.503721 0.00128934
263 0.649856 0.505761 0.00142386
264 0.649856 0.507012 0.00146575
265 0.649856 0.509316 0.00159247
266 0.649856 0.506887 0.00144186
267 0.649856 0.505978 0.00172922
268 0.649856 0.508436 0.0015999
269 0.649856 0.50602 0.00156623
270 0.649856 0.502927 0.00169357
271 0.649856 0.504019 0.00142122
272 0.649856 0.504786 0.00166366
273 0.649856 0.502333 0.00144331
274 0.649856 0.503871 0.00133535
275 0.649856 0.503061 0.00149095
276 0.649856 0.50708 0.00152941
277 0.649856 0.504894 0.00151521
278 0.649856 0.506752 0.00182724
279 0.649856 0.505125 0.00140846
280 0.649856 0.505584 0.0013431
281 0.649856 0.507546 0.00135326
282 0.649856 0.503386 0.00130927
283 0.649856 0.508917 0.00145787
284 0.649856 0.50416 0.00124844
285 0.649856 0.50445 0.00136878
286 0.649856 0.501421 0.00127003
287 0.649856 0.506791 0.00122746
288 0.649856 0.508214 0.0012572
289 0.649856 0.507344 0.00129637
290 0.649856 0.503795 0.00132656
291 0.649856 0.507494 0.00138019
292 0.649856 0.507914 0.00145635
293 0.649856 0.504161 0.00128709
294 0.649856 0.501311 0.00157066
295 0.649856 0.504568 0.00117012
296 0.649856 0.505174 0.00125289
297 0.649856 0.506604 0.00127091
298 0.649856 0.506639 0.00130709
299 0.649856 0.504177 0.00122158
300 0.649856 0.502222 0.00113544
301 0.649856 0.503436 0.00127009
302 0.649856 0.505987 0.00133225
303 0.649856 0.507001 0.00126978
304 0.649856 0.504419 0.00121211
305 0.651217 0.508772 0.00198834
306 0.651217 0.506108 0.00171624
307 0.651217 0.506826 0.00155577
308 0.651217 0.504843 0.00137843
309 0.651217 0.504775 0.00144409
310 0.651217 0.506102 0.00158172
311 0.651217 0.508673 0.00137356
312 0.651217 0.506141 0.00130717
313 0.651217 0.510053 0.00164387
314 0.651217 0.501069 0.00152841
315 0.651217 0.502757 0.00170841
316 0.651217 0.505523 0.00169026
317 0.651217 0.503144 0.00149137
318 0.656768 0.511096 0.00194042
319 0.656768 0.504231 0.00165601
320 0.656768 0.505952 0.0013471
321 0.656768 0.504678 0.00163775
322 0.656768 0.503818 0.00213784
323 0.656768 0.503244 0.00190518
324 0.656768 0.503144 0.00184327
325 0.656768 0.503555 0.00203257
326 0.656768 0.509747 0.00178274
327 0.656768 0.504914 0.00178131
328 0.656768 0.505549 0.00137982
329 0.656768 0.506967 0.00137901
330 0.656768 0.504812 0.00133064
331 0.656768 0.510238 0.00172578
332 0.656768 0.50577 0.00183316
333 0.656768 0.507191 0.00183058
334 0.656768 0.504656 0.00143168
335 0.656768 0.502579 0.00178822
336 0.656768 0.505537 0.00167199
337 0.672173 0.504178 0.00184982
338 0.672173 0.50572 0.00189078
339 0.672173 0.505667 0.00181731
340 0.672173 0.504137 0.00160293
341 0.672173 0.504799 0.00161103
342 0.672173 0.504244 0.00176275
343 0.672173 0.503222 0.00154413
344 0.672173 0.504211 0.00163784
345 0.672173 0.506497 0.00148748
346 0.672173 0.503991 0.00176099
347 0.672173 0.510758 0.00147817
348 0.672173 0.509938 0.00192078
349 0.672173 0.508174 0.0014888
350 0.672173 0.507016 0.00137597
351 0.672173 0.506936 0.00157809
352 0.672173 0.505443 0.00147141
353 0.672173 0.504692 0.00153341
354 0.672173 0.505474 0.00157025
355 0.672173 0.509575 0.00158209
356 0.677031 0.505629 0.00215836
357 0.677031 0.506557 0.00151272
358 0.677031 0.501082 0.00177017
359 0.677031 0.50479 0.00179416
360 0.677031 0.509122 0.00212428
361 0.677031 0.5121 0.0018876
362 0.677031 0.507438 0.00180726
363 0.677031 0.505773 0.00139387
364 0.677031 0.507899 0.00167051
365 0.677031 0.511008 0.00134578
366 0.677031 0.507184 0.00142602
367 0.677031 0.508775 0.00187538
368 0.677031 0.506204 0.00179125
369 0.677031 0.50615 0.00171078
370 0.677031 0.507265 0.00146054
371 0.677031 0.509288 0.00135981
372 0.677031 0.504805 0.00162023
373 0.677031 0.507816 0.00160278
374 0.677031 0.510241 0.00146135
375 0.677031 0.50454 0.00145463
376 0.677031 0.505242 0.00163591
377 0.677031 0.508432 0.0015772
378 0.677031 0.509006 0.00156805
379 0.677031 0.510249 0.00174606
380 0.677031 0.506108 0.00178057
381 0.677031 0.509639 0.00171034
382 0.677031 0.507252 0.00190892
383 0.677031 0.506592 0.00139285
384 0.677031 0.509824 0.00151549
385 0.677031 0.504481 0.00146512
386 0.677031 0.509078 0.00145572
387 0.677031 0.508132 0.00141451
388 0.677031 0.507734 0.00133043
389 0.677031 0.506241 0.00158736
390 0.677031 0.510221 0.00155982
391 0.677031 0.510673 0.00182179
392 0.677031 0.512385 0.00213036
393 0.677031 0.511983 0.00160547
394 0.677031 0.510792 0.00189834
395 0.677031 0.510192 0.00173513
396 0.677031 0.506015 0.00156457
397 0.677031 0.507379 0.00165051
398 0.677031 0.507266 0.00168715
399 0.677031 0.511523 0.00153962
400 0.677031 0.5049 0.00172506
401 0.677031 0.501332 0.00188307
402 0.677031 0.503926 0.00196842
403 0.677031 0.50831 0.00165547
404 0.677031 0.506764 0.00176849
405 0.677031 0.506125 0.00155559
406 0.677031 0.511124 0.00166619
407 0.677031 0.510559 0.00183145
408 0.677031 0.508469 0.00193417
409 0.677031 0.512173 0.00164883
410 0.677031 0.508361 0.00158614
411 0.677031 0.50716 0.00179389
412 0.677031 0.510561 0.00189145
413 0.677031 0.509581 0.00183659
414 0.682561 0.508127 0.00190235
415 0.682561 0.506608 0.00183517
416 0.682561 0.506594 0.00175974
417 0.682561 0.51055 0.00199366
418 0.682561 0.512504 0.00189276
419 0.682561 0.505606 0.0016987
420 0.682561 0.507752 0.00194138
421 0.682561 0.509816 0.00168686
422 0.682561 0.507071 0.00156709
423 0.682561 0.50765 0.00176085
424 0.682561 0.511041 0.0021744
425 0.682561 0.506781 0.00168215
426 0.682561 0.502444 0.0018106
427 0.682561 0.505559 0.00193495
428 0.682561 0.507724 0.00196707
429 0.682561 0.50508 0.00166554
430 0.682561 0.508372 0.00197512
431 0.682561 0.506067 0.00173724
432 0.682561 0.506801 0.0017042
433 0.682561 0.510827 0.00174848
434 0.682561 0.50728 0.00209666
435 0.682561 0.512262 0.00174207
436 0.682561 0.506638 0.00182852
437 0.682561 0.510713 0.00181273
438 0.682561 0.506834 0.00172513
439 0.682561 0.503932 0.0022527
440 0.682561 0.507897 0.00190289
441 0.682561 0.510045 0.00213236
442 0.682561 0.502539 0.00170788
443 0.682561 0.504053 0.00175154
444 0.682561 0.504312 0.0019722
445 0.682561 0.500341 0.00188079
446 0.682561 0.506044 0.00162702
447 0.682561 0.505519 0.00158993
448 0.682561 0.506615 0.00171602
449 0.682561 0.507579 0.00244171
450 0.682561 0.506451 0.00195814
451 0.682561 0.508479 0.00203624
452 0.682561 0.511173 0.00193077
453 0.682561 0.509164 0.00188562
454 0.682561 0.506507 0.00183319
455 0.682561 0.511815 0.00180542
456 0.682561 0.511185 0.00196753
457 0.682561 0.507315 0.00205431
458 0.682561 0.506806 0.00171071
459 0.682561 0.505753 0.00172478
460 0.682561 0.508449 0.00175503
461 0.682561 0.511212 0.0018657
462 0.682561 0.506956 0.00178277
463 0.682561 0.508495 0.00188652
464 0.682561 0.50886 0.0022759
465 0.682561 0.504523 0.00223964
466 0.682561 0.510209 0.00180658
467 0.682561 0.508447 0.00234818
468 0.682561 0.504725 0.00183525
469 0.682561 0.507988 0.00208354
470 0.682561 0.506249 0.0019723
471 0.682561 0.503514 0.00219872
472 0.682561 0.507076 0.00174109
473 0.682561 0.507997 0.00211054
474 0.682561 0.508027 0.002007
475 0.682561 0.511119 0.00179094
476 0.682561 0.509017 0.0018637
477 0.682561 0.504822 0.00185085
478 0.682561 0.507608 0.00190796
479 0.682561 0.50631 0.00210731
480 0.682561 0.505686 0.00233254
481 0.682561 0.505853 0.00224432
482 0.682561 0.510669 0.00198176
483 0.682561 0.507427 0.00184729
484 0.682561 0.50305 0.00243052
485 0.682561 0.506069 0.00217378
486 0.682561 0.502547 0.00236957
487 0.682561 0.507293 0.00206601
488 0.682561 0.510098 0.0019651
489 0.682561 0.511194 0.00202143
490 0.682561 0.508161 0.00216007
491 0.682561 0.505971 0.00198414
492 0.682561 0.509518 0.00226572
493 0.682561 0.512623 0.00191059
494 0.682561 0.501775 0.00224181
495 0.682561 0.507495 0.00183142
496 0.682561 0.509254 0.00187139
497 0.682561 0.508831 0.00175
498 0.682561 0.506774 0.0018443
499 0.682561 0.506286 0.00174715
500 0.682561 0.513272 0.00173169
501 0.682561 0.508736 0.00168773
502 0.685604 0.508465 0.00214601
503 0.685604 0.508798 0.00194735
504 0.685604 0.510978 0.00191336
505 0.685604 0.509925 0.00210322
506 0.685604 0.506063 0.0020892
507 0.685604 0.514613 0.0020452
508 0.685604 0.513918 0.00254769
509 0.685604 0.510548 0.00171118
510 0.685604 0.509334 0.00202155
511 0.685604 0.50433 0.00244787
512 0.685604 0.510357 0.00167238
513 0.685604 0.50503 0.00182187
514 0.685604 0.509313 0.00204022
515 0.685604 0.509624 0.00192623
516 0.685604 0.508322 0.00223789
517 0.685604 0.506608 0.00214186
518 0.685604 0.507038 0.00217433
519 0.685604 0.509285 0.00214591
520 0.685604 0.506128 0.00200154
521 0.685604 0.506615 0.00208433
522 0.685604 0.50593 0.00207163
523 0.685604 0.50967 0.00202532
524 0.685604 0.507233 0.00220921
525 0.685604 0.506175 0.00175301
526 0.685604 0.511431 0.00258338
527 0.705247 0.503863 0.00270532
528 0.705247 0.505462 0.00197461
529 0.705247 0.506497 0.0024437
530 0.705247 0.509518 0.00189558
531 0.705247 0.507202 0.00220595
532 0.705247 0.509085 0.00192047
533 0.705247 0.506381 0.00252311
534 0.705247 0.511021 0.00213634
535 0.705247 0.511008 0.00215494
536 0.705247 0.509273 0.00223867
537 0.705247 0.50737 0.00206082
538 0.705247 0.507523 0.00200424
539 0.705247 0.504857 0.00243057
540 0.705247 0.505792 0.00212068
541 0.705247 0.507887 0.0022223
542 0.705247 0.506707 0.00215499
543 0.705247 0.510803 0.00210028
544 0.705247 0.506988 0.00206776
545 0.705247 0.509384 0.00202851
546 0.705247 0.511253 0.0024236
547 0.705247 0.504185 0.00220022
548 0.705247 0.506727 0.00217834
549 0.705247 0.511669 0.00239759
550 0.705247 0.511847 0.00232926
551 0.705247 0.512809 0.00224564
552 0.705247 0.510626 0.00190094
553 0.705247 0.507926 0.00254413
554 0.705247 0.511039 0.0021645
555 0.705247 0.509329 0.00226871
556 0.705247 0.513515 0.00311339
557 0.705247 0.508796 0.00215638
558 0.705247 0.513384 0.00219988
559 0.705247 0.515157 0.00232755
560 0.705247 0.506047 0.00203551
561 0.705247 0.506588 0.00229731
562 0.705247 0.509948 0.00231616
563 0.705247 0.506211 0.00217102
564 0.705247 0.502571 0.00233571
565 0.705247 0.511262 0.00230035
566 0.705247 0.507804 0.00223517
567 0.705247 0.511316 0.00200124
568 0.705247 0.504282 0.00251608
569 0.705247 0.518694 0.00243931
570 0.705247 0.504485 0.00232946
571 0.705247 0.501798 0.00220045
572 0.705247 0.508458 0.00222242
573 0.705247 0.512259 0.00221423
574 0.705247 0.509892 0.00222147
575 0.705247 0.503222 0.0024813
576 0.705247 0.509426 0.00223231
577 0.705247 0.508192 0.00204582
578 0.705247 0.510137 0.00213452
579 0.705247 0.515557 0.00224622
580 0.705247 0.507674 0.00267539
581 0.705247 0.512652 0.00248859
582 0.705247 0.511245 0.00265983
583 0.705247 0.505953 0.00231751
584 0.705247 0.510259 0.002531
585 0.705247 0.50535 0.00216737
586 0.705247 0.507509 0.00244895
587 0.705247 0.5061 0.00209882
588 0.705247 0.511215 0.00198788
589 0.705247 0.511763 0.0020321
590 0.705247 0.511864 0.00206104
591 0.705247 0.509495 0.00204218
592 0.705247 0.509037 0.00202414
593 0.705247 0.508267 0.00209683
594 0.705247 0.51147 0.00186618
595 0.705247 0.510833 0.0023323
596 0.705247 0.511694 0.0024022
597 0.705247 0.510595 0.00218883
598 0.705247 0.507123 0.00246899
599 0.705247 0.514809 0.00224203
600 0.705247 0.509374 0.00216907
601 0.705247 0.513314 0.00218086
602 0.705247 0.511568 0.00270069
603 0.705247 0.510101 0.0024601
604 0.705247 0.507133 0.00237401
605 0.705247 0.50894 0.00252238
606 0.705247 0.507417 0.00205305
607 0.705247 0.509882 0.00234815
608 0.705247 0.50982 0.00204336
609 0.705247 0.510278 0.00204945
610 0.705247 0.505936 0.0021301
611 0.705247 0.513693 0.00233824
612 0.705247 0.512542 0.00264467
613 0.705247 0.509537 0.00245423
614 0.705247 0.506188 0.00266292
615 0.705247 0.508518 0.00253053
616 0.705247 0.506679 0.00233987
617 0.705247 0.507592 0.00202993
618 0.705247 0.506256 0.0021296
619 0.705247 0.502052 0.00228642
620 0.705247 0.505838 0.00215678
621 0.705247 0.511476 0.00210587
622 0.705247 0.504289 0.00201685
623 0.705247 0.509289 0.00223897
624 0.705247 0.511338 0.00211728
625 0.705247 0.510123 0.00236256
626 0.705247 0.508307 0.00223271
627 0.705247 0.507323 0.00242853
628 0.705247 0.50472 0.00226826
629 0.705247 0.508048 0.00202507
630 0.705247 0.515523 0.00197727
631 0.705247 0.506504 0.00220112
632 0.705247 0.510165 0.00202081
633 0.705247 0.50808 0.00230095
634 0.705247 0.504181 0.00217445
635 0.705247 0.507339 0.00207986
636 0.705247 0.506883 0.00219897
637 0.705247 0.511164 0.00221628
638 0.705247 0.507221 0.00222491
639 0.705247 0.509911 0.00213844
640 0.705247 0.503201 0.0021327
641 0.705247 0.50857 0.00212864
642 0.705247 0.508691 0.00256077
643 0.705247 0.510329 0.00220685
644 0.705247 0.503842 0.00230048
645 0.705247 0.508946 0.00221061
646 0.705247 0.507314 0.00219697
647 0.705247 0.50577 0.00251876
648 0.705247 0.50406 0.00240147
649 0.705247 0.513321 0.00224817
650 0.705247 0.505545 0.00217606
651 0.705247 0.509607 0.0021235
652 0.705247 0.507418 0.00240021
653 0.705247 0.504332 0.00225271
654 0.705247 0.507834 0.00217248
655 0.705247 0.5044 0.00243233
656 0.705247 0.505832 0.00248888
657 0.705247 0.510749 0.00227719
658 0.705247 0.510759 0.00227268
659 0.705247 0.509415 0.0025398
660 0.705247 0.507421 0.00237195
661 0.705247 0.511933 0.00221626
662 0.705247 0.512777 0.00250698
663 0.705247 0.511717 0.00245861
664 0.705247 0.510793 0.00232987
665 0.705247 0.510819 0.0024107
666 0.705247 0.501484 0.00249647
667 0.705247 0.508293 0.00248461
668 0.705247 0.508782 0.0021926
669 0.705247 0.510929 0.00235524
670 0.705247 0.512555 0.00240617
671 0.705247 0.50833 0.00222819
672 0.705247 0.506606 0.00240545
673 0.705247 0.512391 0.00198338
674 0.705247 0.508487 0.00225588
675 0.705247 0.514861 0.00222188
676 0.705247 0.508574 0.00235229
677 0.705247 0.513821 0.00212839
678 0.705247 0.510831 0.00209112
679 0.705247 0.514756 0.00228924
680 0.705247 0.508161 0.00210143
681 0.705247 0.504059 0.00215081
682 0.705247 0.511651 0.00216288
683 0.705247 0.515859 0.00213403
684 0.705247 0.510331 0.00214614
685 0.705247 0.509998 0.00262558
686 0.705247 0.514085 0.00232947
687 0.705247 0.512982 0.00192031
688 0.705247 0.505997 0.00217503
689 0.705247 0.50741 0.00235335
690 0.705247 0.509078 0.00217155
691 0.705247 0.508399 0.00223574
692 0.705247 0.511109 0.00205982
693 0.705247 0.505805 0.00224296
694 0.705247 0.507246 0.00248722
695 0.705247 0.503708 0.00221842
696 0.705247 0.509882 0.00221692
697 0.705247 0.506529 0.00224851
698 0.705247 0.507382 0.00218267
699 0.705247 0.505872 0.00210287
700 0.705247 0.51011 0.00204484
701 0.705247 0.509671 0.00235556
702 0.705247 0.507151 0.00212749
703 0.705247 0.503212 0.00253957
704 0.705247 0.512851 0.00218556
705 0.705247 0.512158 0.00257178
706 0.705247 0.507085 0.00219494
707 0.705247 0.513717 0.00214744
708 0.705247 0.509672 0.00218703
709 0.705247 0.51147 0.00224243
710 0.705247 0.506854 0.00212933
711 0.705247 0.508283 0.00235683
712 0.705247 0.510498 0.00233004
713 0.705247 0.508643 0.00217416
714 0.705247 0.509205 0.00220195
715 0.705247 0.508796 0.00225713
716 0.705247 0.510324 0.00243006
717 0.705247 0.511949 0.00240636
718 0.705247 0.507446 0.00232705
719 0.705247 0.515805 0.00236411
720 0.705247 0.511492 0.00251521
721 0.705247 0.51001 0.00211513
722 0.705247 0.513212 0.00267476
723 0.705247 0.510158 0.00227405
724 0.705247 0.513221 0.00215011
725 0.705247 0.51238 0.00244128
726 0.705247 0.512843 0.00244902
727 0.705247 0.504196 0.00216609
728 0.705247 0.507967 0.00263283
729 0.705247 0.507116 0.00265309
730 0.705247 0.508683 0.00236702
731 0.705247 0.506938 0.00223765
732 0.705247 0.513417 0.00237286
733 0.705247 0.511465 0.0024731
734 0.705247 0.50619 0.00248596
735 0.705247 0.50664 0.00218673
736 0.705247 0.510399 0.00243006
737 0.705247 0.505752 0.00228167
738 0.705247 0.507186 0.00214103
739 0.705247 0.514487 0.00204485
740 0.705247 0.509971 0.00204523
741 0.705247 0.512737 0.00257478
742 0.705247 0.510305 0.00232279
743 0.705247 0.510744 0.00246382
744 0.705247 0.503242 0.00220574
745 0.705247 0.508384 0.00235787
746 0.705247 0.503121 0.00227728
747 0.705247 0.512819 0.00219466
748 0.705247 0.508516 0.0023655
749 0.705247 0.505906 0.00227015
750 0.705247 0.510057 0.00215377
751 0.705247 0.507118 0.002183
752 0.705247 0.509423 0.00246206
753 0.705247 0.509569 0.00206947
754 0.705247 0.509347 0.00220983
755 0.705247 0.51364 0.00260868
756 0.705247 0.503761 0.00212687
757 0.705247 0.508907 0.00215036
758 0.705247 0.51013 0.00215371
759 0.705247 0.508422 0.0022017
760 0.705247 0.51081 0.00245616
761 0.705247 0.510971 0.00245094
762 0.705247 0.50778 0.00218665
763 0.705247 0.511431 0.00244135
764 0.705247 0.510709 0.00222096
765 0.705247 0.510492 0.00245488
766 0.705247 0.509157 0.00218178
767 0.705247 0.509897 0.00241266
768 0.705247 0.509741 0.00208537
769 0.705247 0.505976 0.00242758
770 0.705247 0.505267 0.00215456
771 0.705247 0.510329 0.00228774
772 0.705247 0.508397 0.00219459
773 0.705247 0.509028 0.00234156
774 0.705247 0.504594 0.00280646
775 0.705247 0.507455 0.00242374
776 0.705247 0.509131 0.00250574
777 0.705247 0.505363 0.00215828
778 0.705247 0.512154 0.00240976
779 0.705247 0.504664 0.00216911
780 0.705247 0.511745 0.00237749
781 0.705247 0.511942 0.00229607
782 0.705247 0.505422 0.00238427
783 0.705247 0.508088 0.00230672
784 0.705247 0.505726 0.00216192
785 0.705247 0.507037 0.00231382
786 0.705247 0.506768 0.0026096
787 0.705247 0.511129 0.00248604
788 0.705247 0.506811 0.00232773
789 0.705247 0.509165 0.0026225
790 0.705247 0.508912 0.00274417
791 0.705247 0.50597 0.00234081
792 0.705247 0.509477 0.00226149
793 0.705247 0.508356 0.00231091
794 0.705247 0.510851 0.00213079
795 0.705247 0.50683 0.00234003
796 0.705247 0.506821 0.00213273
797 0.705247 0.508427 0.00226925
798 0.705247 0.50504 0.00201771
799 0.705247 0.509308 0.00195885
800 0.705247 0.507077 0.00200928
801 0.705247 0.510305 0.00227661
802 0.705247 0.504784 0.00214163
803 0.705247 0.505587 0.00257482
804 0.705247 0.506073 0.002509
805 0.705247 0.505327 0.00233192
806 0.705247 0.509066 0.0022133
807 0.705247 0.507046 0.00225161
808 0.705247 0.510076 0.00222476
809 0.705247 0.510863 0.00240353
810 0.705247 0.508059 0.00290626
811 0.705247 0.507555 0.00276646
812 0.705247 0.509645 0.00244637
813 0.705247 0.509696 0.00235821
814 0.705247 0.504731 0.00255324
815 0.705247 0.508323 0.00222545
816 0.705247 0.512111 0.00209433
817 0.705247 0.513211 0.00215519
818 0.705247 0.506343 0.00260926
819 0.705247 0.507889 0.00244342
820 0.705247 0.508464 0.00232268
821 0.705247 0.509432 0.0020507
822 0.705247 0.509306 0.00222441
823 0.705247 0.506075 0.0019539
824 0.705247 0.510391 0.00216608
825 0.705247 0.50751 0.00228943
826 0.705247 0.508753 0.00247353
827 0.705247 0.507265 0.00240758
828 0.705247 0.509436 0.00206597
829 0.705247 0.50742 0.00215294
830 0.705247 0.507258 0.00221683
831 0.705247 0.508821 0.00232354
832 0.705247 0.509093 0.0021391
833 0.705247 0.508119 0.00213074
834 0.705247 0.506209 0.00203359
835 0.705247 0.51172 0.00255716
836 0.705247 0.50732 0.00256345
837 0.705247 0.512066 0.00256225
838 0.705247 0.507631 0.0024953
839 0.705247 0.505894 0.00267975
840 0.705247 0.505471 0.00252806
841 0.705247 0.505878 0.00245955
842 0.705247 0.507225 0.00214129
843 0.705247 0.508088 0.00269687
844 0.705247 0.508864 0.00224987
845 0.705247 0.507527 0.00213402
846 0.705247 0.505743 0.00217614
847 0.705247 0.50569 0.00210749
848 0.705247 0.507453 0.00206709
849 0.705247 0.510511 0.00200713
850 0.705247 0.509224 0.00185107
851 0.705247 0.508787 0.00215632
852 0.705247 0.511078 0.00188852
853 0.705247 0.51159 0.00249964
854 0.705247 0.507804 0.00205251
855 0.705247 0.507341 0.00209141
856 0.705247 0.506818 0.00217237
857 0.705247 0.510991 0.00204684
858 0.705247 0.509026 0.0022613
859 0.705247 0.510421 0.00212438
860 0.705247 0.513887 0.0021492
861 0.705247 0.50647 0.00231853
862 0.705247 0.506629 0.00243434
863 0.705247 0.50705 0.00269647
864 0.705247 0.508063 0.00222693
865 0.705247 0.507554 0.00258364
866 0.705247 0.508824 0.00234954
867 0.705247 0.508821 0.00234141
868 0.705247 0.50727 0.00240718
869 0.705247 0.513159 0.0027442
870 0.705247 0.50936 0.0022223
871 0.705247 0.506144 0.00222103
872 0.705247 0.507962 0.00208693
873 0.705247 0.508632 0.00224538
874 0.705247 0.508899 0.00213039
875 0.705247 0.505845 0.00225625
876 0.705247 0.508556 0.00227632
877 0.705247 0.504614 0.00244621
878 0.705247 0.50844 0.00245424
879 0.705247 0.510329 0.00217275
880 0.705247 0.510651 0.00224421
881 0.705247 0.512917 0.0024917
882 0.705247 0.509657 0.00231358
883 0.705247 0.507816 0.00216649
884 0.705247 0.502731 0.00216417
885 0.705247 0.509071 0.00219595
886 0.705247 0.505934 0.00239362
887 0.705247 0.50985 0.00256931
888 0.705247 0.510219 0.00256133
889 0.705247 0.508693 0.00221034
890 0.705247 0.507 0.00229055
891 0.705247 0.504834 0.00234734
892 0.705247 0.507963 0.0025565
893 0.705247 0.513857 0.00228969
894 0.705247 0.512865 0.00233658
895 0.705247 0.513626 0.00234256
896 0.705247 0.508406 0.00235633
897 0.705247 0.509383 0.00208551
898 0.705247 0.509572 0.00205725
899 0.705247 0.511597 0.00230889
900 0.705247 0.508051 0.00216213
901 0.705247 0.509803 0.00222203
902 0.705247 0.510542 0.00240599
903 0.705247 0.51165 0.00225655
904 0.705247 0.50937 0.00211536
905 0.705247 0.509657 0.00242979
906 0.705247 0.508142 0.00223245
907 0.705247 0.508891 0.0023254
908 0.705247 0.510436 0.0024117
909 0.705247 0.511872 0.00235892
910 0.705247 0.510395 0.00265772
911 0.705247 0.510577 0.00216291
912 0.705247 0.507555 0.00214897
913 0.705247 0.511654 0.00230799
914 0.705247 0.503599 0.00224855
915 0.705247 0.509936 0.00227985
916 0.705247 0.508972 0.00210766
917 0.705247 0.507391 0.00221084
918 0.705247 0.510536 0.00273531
919 0.705247 0.510785 0.00233346
920 0.705247 0.509932 0.00240983
921 0.705247 0.505683 0.00224128
922 0.705247 0.50822 0.00289998
923 0.705247 0.508438 0.00265495
924 0.705247 0.509267 0.00233365
925 0.705247 0.502806 0.00240664
926 0.705247 0.507544 0.00260987
927 0.705247 0.507767 0.0021813
928 0.705247 0.506349 0.00243998
929 0.705247 0.507942 0.00229968
930 0.705247 0.507754 0.00256852
931 0.705247 0.503819 0.00229225
932 0.705247 0.507709 0.00247038
933 0.705247 0.5017 0.00249321
934 0.705247 0.506554 0.00223066
935 0.705247 0.501308 0.00234489
936 0.705247 0.504629 0.00232193
937 0.705247 0.51128 0.00260286
938 0.705247 0.50124 0.00249228
939 0.705247 0.507327 0.00225015
940 0.705247 0.505971 0.00243631
941 0.705247 0.509446 0.00242831
942 0.705247 0.510648 0.00230318
943 0.705247 0.507075 0.00248112
944 0.705247 0.501867 0.00241656
945 0.705247 0.506171 0.00240603
946 0.705247 0.507578 0.00286954
947 0.705247 0.509013 0.00252204
948 0.705247 0.511847 0.00224923
949 0.705247 0.512837 0.00278141
950 0.705247 0.513396 0.00255494
951 0.705247 0.509857 0.00303224
952 0.705247 0.509365 0.00245292
953 0.705247 0.510175 0.00210751
954 0.705247 0.508039 0.00215175
955 0.705247 0.507084 0.00215293
956 0.705247 0.50909 0.00218627
957 0.705247 0.510204 0.00236948
958 0.705247 0.508222 0.00221872
959 0.705247 0.509035 0.00228938
960 0.705247 0.511378 0.00252287
961 0.705247 0.50839 0.00216995
962 0.705247 0.509977 0.00203089
963 0.705247 0.512386 0.0023219
964 0.705247 0.514719 0.00222474
965 0.705247 0.511765 0.00229133
966 0.705247 0.508841 0.0021311
967 0.705247 0.509434 0.00217232
968 0.705247 0.509479 0.00229913
969 0.705247 0.512088 0.0022614
970 0.705247 0.507432 0.00215796
971 0.705247 0.512402 0.00302273
972 0.705247 0.507191 0.00226724
973 0.705247 0.505468 0.00236756
974 0.705247 0.512084 0.00219194
975 0.705247 0.507763 0.00199431
976 0.705247 0.512515 0.00278349
977 0.705247 0.508061 0.00241148
978 0.705247 0.510474 0.00220477
979 0.705247 0.512868 0.00244641
980 0.705247 0.509863 0.00245292
981 0.705247 0.512344 0.00231432
982 0.705247 0.511941 0.00227196
983 0.705247 0.508447 0.00248457
984 0.705247 0.509405 0.00207677
985 0.705247 0.50734 0.00229184
986 0.705247 0.510036 0.00240982
987 0.705247 0.513096 0.00225517
988 0.705247 0.507536 0.00235473
989 0.705247 0.5064 0.00244348
990 0.705247 0.50866 0.00276006
991 0.705247 0.507142 0.00232016
992 0.705247 0.509447 0.00225728
993 0.705247 0.50942 0.00247329
994 0.705247 0.512872 0.00276191
995 0.705247 0.510991 0.00214155
996 0.705247 0.5066 0.00248825
997 0.705247 0.505489 0.00260325
998 0.705247 0.50723 0.00253015
999 0.705247 0.505125 0.00262922
1000 0.705247 0.510153 0.00272558
1001 0.705247 0.513142 0.00253138
1002 0.705247 0.511573 0.00251167
1003 0.705247 0.512736 0.00247489
1004 0.705247 0.510917 0.00244105
1005 0.705247 0.514202 0.00254344
1006 0.705247 0.505023 0.00233843
1007 0.705247 0.50923 0.00230738
1008 0.705247 0.505707 0.00208521
1009 0.705247 0.509073 0.0021748
1010 0.705247 0.507671 0.00245944
1011 0.705247 0.504465 0.00240275
1012 0.705247 0.507793 0.00214117
1013 0.705247 0.511305 0.00236957
1014 0.705247 0.510297 0.00237648
1015 0.705247 0.509919 0.00214979
1016 0.705247 0.507874 0.00239894
1017 0.705247 0.504917 0.00240784
1018 0.705247 0.506285 0.00244975
1019 0.705247 0.503695 0.0023602
1020 0.705247 0.507111 0.00243804
1021 0.705247 0.506863 0.00232887
1022 0.705247 0.500453 0.00257759
1023 0.705247 0.509911 0.00272958
1024 0.705247 0.506782 0.00258245
1025 0.705247 0.505471 0.00234602
1026 0.705247 0.505911 0.00256007
1027 0.705247 0.507994 0.00229007
1028 0.705247 0.50819 0.00217919
1029 0.705247 0.510856 0.00204007
1030 0.705247 0.511533 0.0020735
1031 0.705247 0.510772 0.00242703
1032 0.705247 0.513343 0.00263998
1033 0.705247 0.510057 0.00259538
1034 0.705247 0.507972 0.00232555
1035 0.705247 0.505404 0.00221669
1036 0.705247 0.50761 0.00232752
1037 0.705247 0.510298 0.00235091
1038 0.705247 0.512139 0.00249442
1039 0.705247 0.510697 0.00224623
1040 0.705247 0.507709 0.00248626
1041 0.705247 0.510339 0.00240284
1042 0.705247 0.510816 0.00226433
1043 0.705247 0.506637 0.00260926
1044 0.705247 0.506414 0.00248224
1045 0.705247 0.507658 0.00251945
1046 0.705247 0.507351 0.00248583
1047 0.705247 0.513188 0.00246254
1048 0.705247 0.511097 0.00225042
1049 0.705247 0.512576 0.00214443
1050 0.705247 0.511454 0.00221684
1051 0.705247 0.507213 0.00231243
1052 0.705247 0.512543 0.00256815
1053 0.705247 0.509894 0.00219019
1054 0.705247 0.506605 0.00217347
1055 0.705247 0.515187 0.00264573
1056 0.705247 0.509989 0.00295648
1057 0.705247 0.509137 0.00271179
1058 0.705247 0.512095 0.00246293
1059 0.705247 0.506753 0.00245845
1060 0.705247 0.507616 0.00237255
1061 0.705247 0.508574 0.00244313
1062 0.705247 0.507096 0.00265265
1063 0.705247 0.510062 0.00250332
1064 0.705247 0.510363 0.00214335
1065 0.705247 0.509491 0.00253277
1066 0.705247 0.508938 0.00200058
1067 0.705247 0.511282 0.00250357
1068 0.705247 0.513315 0.00222882
1069 0.705247 0.509792 0.00217939
1070 0.705247 0.509358 0.00225665
1071 0.705247 0.513079 0.00221918
1072 0.705247 0.508557 0.00203154
1073 0.705247 0.510662 0.0024206
1074 0.705247 0.508435 0.00210679
1075 0.705247 0.510004 0.0024674
1076 0.705247 0.509424 0.00261504
1077 0.705247 0.507671 0.00244317
1078 0.705247 0.508804 0.00272502
1079 0.705247 0.506347 0.00237837
1080 0.705247 0.501706 0.00248928
1081 0.705247 0.504336 0.00250083
1082 0.705247 0.506616 0.00219217
1083 0.705247 0.506859 0.00248062
1084 0.705247 0.50618 0.00258136
1085 0.705247 0.513643 0.002619
1086 0.705247 0.514552 0.00221367
1087 0.705247 0.505244 0.00242127
1088 0.705247 0.508788 0.00240078
1089 0.705247 0.50709 0.0026845
1090 0.705247 0.514035 0.00257409
1091 0.705247 0.510896 0.00234094
1092 0.705247 0.51196 0.00260086
1093 0.705247 0.506637 0.00244019
1094 0.705247 0.510557 0.00261336
1095 0.705247 0.50371 0.00264973
1096 0.705247 0.511054 0.00239733
1097 0.705247 0.507904 0.00244011
1098 0.705247 0.509089 0.00257438
1099 0.705247 0.507892 0.00242877
1100 0.705247 0.508825 0.00234114
1101 0.705247 0.50689 0.00227653
1102 0.705247 0.507824 0.00254149
1103 0.705247 0.512847 0.00224417
1104 0.705247 0.507802 0.00238696
1105 0.705247 0.509873 0.00231058
1106 0.705247 0.515988 0.00254377
1107 0.705247 0.507364 0.00234743
1108 0.705247 0.506623 0.00206258
1109 0.705247 0.507698 0.00211743
1110 0.705247 0.508167 0.00274564
1111 0.705247 0.510065 0.00225949
1112 0.705247 0.504177 0.00246963
1113 0.705247 0.512536 0.00235877
1114 0.705247 0.511243 0.00231065
1115 0.705247 0.510435 0.00211474
1116 0.705247 0.510853 0.00247906
1117 0.705247 0.511578 0.00211089
1118 0.705247 0.505489 0.00210232
1119 0.705247 0.50856 0.00247212
1120 0.705247 0.508459 0.00225683
1121 0.705247 0.505503 0.00237633
1122 0.705247 0.507967 0.00231618
1123 0.705247 0.51153 0.00216543
1124 0.705247 0.51049 0.00247252
1125 0.705247 0.505708 0.00229925
1126 0.705247 0.511448 0.00214221
1127 0.705247 0.508002 0.00221584
1128 0.705247 0.510269 0.00243799
1129 0.705247 0.504359 0.00253917
1130 0.705247 0.507547 0.00217786
1131 0.705247 0.509496 0.00218102
1132 0.705247 0.513663 0.00218999
1133 0.705247 0.511709 0.00228603
1134 0.705247 0.510408 0.00217961
1135 0.705247 0.51038 0.00263112
1136 0.705247 0.50686 0.00232332
1137 0.705247 0.514769 0.00242807
1138 0.705247 0.507627 0.00216182
1139 0.705247 0.512318 0.00218418
1140 0.705247 0.506819 0.00249417
1141 0.705247 0.506842 0.00209093
1142 0.705247 0.504371 0.00224469
1143 0.705247 0.513866 0.00211557
1144 0.705247 0.507173 0.00262755
1145 0.705247 0.507479 0.00225058
1146 0.705247 0.509093 0.00231289
1147 0.705247 0.511784 0.00237466
1148 0.705247 0.506754 0.00226799
1149 0.705247 0.510898 0.00209878
1150 0.705247 0.509175 0.00216442
1151 0.705247 0.505513 0.00220289
1152 0.705247 0.509914 0.00220488
1153 0.705247 0.506057 0.00216107
1154 0.705247 0.511922 0.00232207
1155 0.705247 0.509016 0.00210284
1156 0.705247 0.508289 0.00214098
1157 0.705247 0.510801 0.00247664
1158 0.705247 0.508643 0.00225651
1159 0.705247 0.51008 0.00222277
1160 0.705247 0.504878 0.00246531
1161 0.705247 0.508366 0.00263621
1162 0.705247 0.510093 0.00236391
1163 0.705247 0.514057 0.00248618
1164 0.705247 0.512414 0.00221625
1165 0.705247 0.507902 0.00229715
1166 0.705247 0.512138 0.00199774
1167 0.705247 0.511051 0.00220999
1168 0.705247 0.510613 0.00285514
1169 0.705247 0.509721 0.0022345
1170 0.705247 0.508761 0.00219151
1171 0.705247 0.509917 0.00266441
1172 0.705247 0.512339 0.00292341
1173 0.705247 0.504437 0.00280925
1174 0.705247 0.510871 0.0027764
1175 0.705247 0.507894 0.00233938
1176 0.705247 0.506675 0.00280781
1177 0.705247 0.5115 0.00228053
1178 0.705247 0.512061 0.00231896
1179 0.705247 0.507949 0.00260217
1180 0.705247 0.512499 0.00288299
1181 0.705247 0.507506 0.00227049
1182 0.705247 0.512504 0.00268103
1183 0.705247 0.511643 0.00277981
1184 0.705247 0.511784 0.00212382
1185 0.705247 0.506688 0.00243213
1186 0.705247 0.511829 0.00251091
1187 0.705247 0.514725 0.00248237
1188 0.705247 0.509915 0.00224666
1189 0.705247 0.507273 0.0022476
1190 0.705247 0.507018 0.00220715
1191 0.705247 0.505634 0.00252706
1192 0.705247 0.507916 0.00259206
1193 0.705247 0.509455 0.00259762
1194 0.705247 0.508937 0.00249087
1195 0.705247 0.505685 0.00234956
1196 0.705247 0.508479 0.00223726
1197 0.705247 0.506688 0.00226272
1198 0.705247 0.508209 0.00227936
1199 0.705247 0.512131 0.00231346
1200 0.705247 0.512201 0.00213347
1201 0.705247 0.513048 0.00230177
1202 0.705247 0.514204 0.00207008
1203 0.705247 0.510557 0.00224228
1204 0.705247 0.507268 0.00226322
1205 0.705247 0.508992 0.00242023
1206 0.705247 0.509884 0.00273822
1207 0.705247 0.508201 0.00251035
1208 0.705247 0.50858 0.00227745
1209 0.705247 0.512036 0.00230056
1210 0.705247 0.508791 0.00246692
1211 0.705247 0.507059 0.00240942
1212 0.705247 0.510436 0.00214007
1213 0.705247 0.510976 0.00222762
1214 0.705247 0.508446 0.00252443
1215 0.705247 0.506358 0.00222502
1216 0.705247 0.50712 0.00252817
1217 0.705247 0.507771 0.00238365
1218 0.705247 0.513336 0.00235162
1219 0.705247 0.510973 0.00255465
1220 0.705247 0.508693 0.00245395
1221 0.705247 0.511228 0.00244754
1222 0.705247 0.507098 0.00218516
1223 0.705247 0.507416 0.00202043
1224 0.705247 0.506138 0.00238102
1225 0.705247 0.50398 0.00253995
1226 0.705247 0.507289 0.00218195
1227 0.705247 0.508822 0.00240932
1228 0.705247 0.506482 0.00245692
1229 0.705247 0.507484 0.00260708
1230 0.705247 0.508507 0.00221148
1231 0.705247 0.507259 0.00220962
1232 0.705247 0.508169 0.00231137
1233 0.705247 0.508188 0.00225695
1234 0.705247 0.512751 0.00276439
1235 0.705247 0.510334 0.00254512
1236 0.705247 0.508869 0.00232919
1237 0.705247 0.508126 0.00215784
1238 0.705247 0.506469 0.00237959
1239 0.705247 0.516005 0.00259044
1240 0.705247 0.509953 0.00240046
1241 0.705247 0.508372 0.00230615
1242 0.705247 0.505357 0.00221092
1243 0.705247 0.512093 0.00234558
1244 0.705247 0.511757 0.00213139
1245 0.705247 0.509697 0.0020272
1246 0.705247 0.512248 0.00227902
1247 0.705247 0.513861 0.0025605
1248 0.705247 0.509483 0.00252277
1249 0.705247 0.510643 0.00212163
1250 0.705247 0.511903 0.0021683
1251 0.705247 0.512139 0.00229928
1252 0.705247 0.510443 0.00241363
1253 0.705247 0.510054 0.00248641
1254 0.705247 0.510701 0.00204545
1255 0.705247 0.513196 0.00215011
1256 0.705247 0.505661 0.00240167
1257 0.705247 0.510332 0.00220124
1258 0.705247 0.506507 0.00257021
1259 0.705247 0.513328 0.00292004
1260 0.705247 0.509988 0.00249887
1261 0.705247 0.504598 0.00236219
1262 0.705247 0.51464 0.00246758
1263 0.705247 0.510332 0.00241462
1264 0.705247 0.510637 0.00251192
1265 0.705247 0.513096 0.00243509
1266 0.705247 0.512603 0.00237056
1267 0.705247 0.506356 0.00248373
1268 0.705247 0.510985 0.0023762
1269 0.705247 0.510838 0.00207794
1270 0.705247 0.510367 0.00216963
1271 0.705247 0.512097 0.00203944
1272 0.705247 0.511205 0.00216383
1273 0.705247 0.5086 0.00218608
1274 0.705247 0.510241 0.00224634
1275 0.705247 0.508371 0.00220771
1276 0.705247 0.509039 0.00214171
1277 0.705247 0.510541 0.00234892
1278 0.705247 0.511477 0.00264498
1279 0.705247 0.511099 0.00223334
1280 0.705247 0.505123 0.00220974
1281 0.705247 0.509158 0.00232206
1282 0.705247 0.510504 0.0020038
1283 0.705247 0.512933 0.00241466
1284 0.705247 0.510811 0.00223977
1285 0.705247 0.513312 0.00240786
1286 0.705247 0.512597 0.00211813
1287 0.705247 0.509217 0.00217725
1288 0.705247 0.509426 0.00241064
1289 0.705247 0.51518 0.00239366
1290 0.705247 0.509876 0.00262
1291 0.705247 0.507023 0.00228091
1292 0.705247 0.509831 0.00231384
1293 0.705247 0.507162 0.00255166
1294 0.705247 0.510525 0.00225329
1295 0.705247 0.512973 0.00259751
1296 0.705247 0.510475 0.00212277
1297 0.705247 0.517886 0.0026526
1298 0.705247 0.508665 0.00235787
1299 0.705247 0.518938 0.00300793
1300 0.705247 0.518015 0.00293534
1301 0.705247 0.509481 0.00224484
1302 0.705247 0.512921 0.00210527
1303 0.705247 0.510578 0.00240305
1304 0.705247 0.512374 0.00257446
1305 0.705247 0.509754 0.00249127
1306 0.705247 0.509958 0.00245885
1307 0.705247 0.511683 0.00253024
1308 0.705247 0.510494 0.0026299
1309 0.705247 0.511008 0.00214886
1310 0.705247 0.509803 0.00239543
1311 0.705247 0.513734 0.00242013
1312 0.705247 0.502898 0.00235508
1313 0.705247 0.507162 0.00266752
1314 0.705247 0.505921 0.00288374
1315 0.705247 0.510495 0.00217648
1316 0.705247 0.511288 0.00216272
1317 0.705247 0.515086 0.0022711
1318 0.705247 0.508215 0.00224948
1319 0.705247 0.511565 0.00204711
1320 0.705247 0.511407 0.00253655
1321 0.705247 0.510334 0.00235823
1322 0.705247 0.514594 0.00214382
1323 0.705247 0.50794 0.00252022
1324 0.705247 0.503281 0.00248187
1325 0.705247 0.510031 0.00221229
1326 0.705247 0.511681 0.0023887
1327 0.705247 0.506971 0.0022913
1328 0.705247 0.508937 0.00215839
1329 0.705247 0.509488 0.00222438
1330 0.705247 0.509727 0.00231468
1331 0.705247 0.513625 0.00216348
1332 0.705247 0.511166 0.0022193
1333 0.705247 0.506527 0.00237214
1334 0.705247 0.507318 0.002103
1335 0.705247 0.508507 0.00295964
1336 0.705247 0.508773 0.0021829
1337 0.705247 0.510042 0.0023852
1338 0.705247 0.510562 0.00222971
1339 0.705247 0.511283 0.00220377
1340 0.705247 0.508702 0.00208859
1341 0.705247 0.51515 0.00233238
1342 0.705247 0.508173 0.00242784
1343 0.705247 0.50711 0.00216521
1344 0.705247 0.508406 0.0021949
1345 0.705247 0.509847 0.00232332
1346 0.705247 0.508697 0.00214934
1347 0.705247 0.508535 0.00237131
1348 0.705247 0.508421 0.00252227
1349 0.705247 0.509965 0.00246459
1350 0.705247 0.510302 0.00236196
1351 0.705247 0.507653 0.00236625
1352 0.705247 0.503382 0.00231438
1353 0.705247 0.505669 0.0027378
1354 0.705247 0.503867 0.00255424
1355 0.705247 0.50565 0.00229511
1356 0.705247 0.510843 0.00228712
1357 0.705247 0.504689 0.00270656
1358 0.705247 0.50854 0.00239164
1359 0.705247 0.51062 0.00235712
1360 0.705247 0.511737 0.00240174
1361 0.705247 0.510741 0.00248643
1362 0.705247 0.509648 0.00278948
1363 0.705247 0.510014 0.00214852
1364 0.705247 0.50829 0.00224937
1365 0.705247 0.504473 0.00223835
1366 0.705247 0.506965 0.0023244
1367 0.705247 0.506326 0.00246704
1368 0.705247 0.509871 0.00240569
1369 0.705247 0.509318 0.00247174
1370 0.705247 0.510135 0.00282826
1371 0.705247 0.508875 0.00234668
1372 0.705247 0.507919 0.00227095
1373 0.705247 0.512139 0.0027062
1374 0.705247 0.509092 0.00217604
1375 0.705247 0.505077 0.00223403
1376 0.705247 0.507504 0.00271326
1377 0.705247 0.510813 0.00224302
1378 0.705247 0.510155 0.00248151
1379 0.705247 0.507619 0.0023214
1380 0.705247 0.505157 0.00244641
1381 0.705247 0.507709 0.00233933
1382 0.705247 0.506186 0.00247458
1383 0.705247 0.50954 0.00236467
1384 0.705247 0.503796 0.00239467
1385 0.705247 0.508488 0.0024454
1386 0.705247 0.505608 0.00221958
1387 0.705247 0.507863 0.00216239
1388 0.705247 0.509266 0.00235843
1389 0.705247 0.508309 0.00249529
1390 0.705247 0.504786 0.00232803
1391 0.705247 0.508112 0.00223188
1392 0.705247 0.506083 0.00248331
1393 0.705247 0.50483 0.00241974
1394 0.705247 0.508131 0.00241968
1395 0.705247 0.508881 0.00235486
1396 0.705247 0.506101 0.00246727
1397 0.705247 0.503974 0.0025483
1398 0.705247 0.505237 0.00221824
1399 0.705247 0.507005 0.00250321
1400 0.705247 0.502231 0.00226368
1401 0.705247 0.508905 0.00235782
1402 0.705247 0.507114 0.00251443
1403 0.705247 0.505513 0.00247914
1404 0.705247 0.506604 0.00210528
1405 0.705247 0.504932 0.00218592
1406 0.705247 0.50803 0.00250697
1407 0.705247 0.50922 0.00211437
1408 0.705247 0.509821 0.00213003
1409 0.705247 0.510384 0.00232871
1410 0.705247 0.508006 0.00229743
1411 0.705247 0.509727 0.00229905
1412 0.705247 0.514325 0.00280728
1413 0.705247 0.506952 0.00288935
1414 0.705247 0.512424 0.00237383
1415 0.705247 0.508171 0.00272859
1416 0.705247 0.507602 0.00261794
1417 0.705247 0.50991 0.00227664
1418 0.705247 0.511587 0.00251373
1419 0.705247 0.507628 0.00228835
1420 0.705247 0.51012 0.00223575
1421 0.705247 0.507292 0.00213809
1422 0.705247 0.51178 0.00224386
1423 0.705247 0.513585 0.00244313
1424 0.705247 0.507028 0.00274559
1425 0.705247 0.510035 0.00307042
1426 0.705247 0.509006 0.00245337
1427 0.705247 0.509673 0.00278088
1428 0.705247 0.507313 0.00219154
1429 0.705247 0.506549 0.00267137
1430 0.705247 0.508682 0.00228628
1431 0.705247 0.505397 0.00268316
1432 0.705247 0.507454 0.00274369
1433 0.705247 0.510072 0.00217937
1434 0.705247 0.511397 0.00226739
1435 0.705247 0.509704 0.0023646
1436 0.705247 0.504731 0.0022695
1437 0.705247 0.510612 0.00247761
1438 0.705247 0.512699 0.00251586
1439 0.705247 0.504079 0.00262597
1440 0.705247 0.506867 0.00233955
1441 0.705247 0.509303 0.00307422
1442 0.705247 0.506278 0.00232072
1443 0.705247 0.506323 0.00256856
1444 0.705247 0.503682 0.00231626
1445 0.705247 0.506197 0.00261043
1446 0.705247 0.508285 0.00253939
1447 0.705247 0.50669 0.00215231
1448 0.705247 0.506646 0.00231224
1449 0.705247 0.505928 0.00225035
1450 0.705247 0.515282 0.00286146
1451 0.705247 0.511986 0.0029375
1452 0.705247 0.512929 0.00260764
1453 0.705247 0.509917 0.00253767
1454 0.705247 0.510536 0.00233429
1455 0.705247 0.508526 0.00234315
1456 0.705247 0.506819 0.00246111
1457 0.705247 0.511672 0.0022358
1458 0.705247 0.510183 0.00245946
1459 0.705247 0.508418 0.00209485
1460 0.705247 0.505461 0.00216786
1461 0.705247 0.509178 0.00236052
1462 0.705247 0.509347 0.00231938
1463 0.705247 0.503117 0.00232516
1464 0.705247 0.508318 0.00217374
1465 0.705247 0.509933 0.00264459
1466 0.705247 0.509574 0.00257741
1467 0.705247 0.506019 0.0026797
1468 0.705247 0.512494 0.00247687
1469 0.705247 0.505658 0.00253222
1470 0.705247 0.504111 0.00251255
1471 0.705247 0.504911 0.00229238
1472 0.705247 0.503775 0.00237902
1473 0.705247 0.508687 0.00224508
1474 0.705247 0.503959 0.00222405
1475 0.705247 0.508562 0.00245843
1476 0.705247 0.509785 0.00209637
1477 0.705247 0.506901 0.0021496
1478 0.705247 0.505945 0.00237892
1479 0.705247 0.512593 0.0024613
1480 0.705247 0.51108 0.00227217
1481 0.705247 0.511001 0.00221311
1482 0.705247 0.511268 0.0024276
1483 0.705247 0.508908 0.00246572
1484 0.705247 0.511486 0.00240317
1485 0.705247 0.509613 0.0025859
1486 0.705247 0.508265 0.0028476
1487 0.705247 0.505143 0.00254611
1488 0.705247 0.506969 0.00245221
1489 0.705247 0.506893 0.00243059
1490 0.705247 0.507997 0.00246928
1491 0.705247 0.505685 0.00258899
1492 0.705247 0.510287 0.00253669
1493 0.705247 0.511526 0.00241772
1494 0.705247 0.513269 0.00236041
1495 0.705247 0.506644 0.00246876
1496 0.705247 0.511334 0.00247631
1497 0.705247 0.514549 0.00238191
1498 0.705247 0.505991 0.00225082
1499 0.705247 0.508629 0.00234047
1500 0.705247 0.512796 0.00274625
1501 0.705247 0.503223 0.00226859
1502 0.705247 0.507461 0.00259392
1503 0.705247 0.508208 0.00221944
1504 0.705247 0.509551 0.00224896
1505 0.705247 0.503073 0.002242
1506 0.705247 0.5082 0.00259627
1507 0.705247 0.510784 0.00234732
1508 0.705247 0.507511 0.00259044
1509 0.705247 0.511164 0.00258604
1510 0.705247 0.509708 0.00238783
1511 0.705247 0.514557 0.0020927
1512 0.705247 0.514615 0.00220892
1513 0.705247 0.507545 0.00228295
1514 0.705247 0.508711 0.00267683
1515 0.705247 0.510836 0.00211012
1516 0.705247 0.509372 0.00240733
1517 0.705247 0.507249 0.00246185
1518 0.705247 0.506871 0.00227081
1519 0.705247 0.508544 0.00246153
1520 0.705247 0.507904 0.00232912
1521 0.705247 0.509609 0.00204454
1522 0.705247 0.508602 0.0022201
1523 0.705247 0.505608 0.00235995
1524 0.705247 0.511759 0.00206308
1525 0.705247 0.509941 0.00238366
1526 0.705247 0.509946 0.00227581
1527 0.705247 0.505022 0.00216392
1528 0.705247 0.510354 0.00215155
1529 0.705247 0.507588 0.00236538
1530 0.705247 0.509226 0.00212969
1531 0.705247 0.50999 0.00228264
1532 0.705247 0.50622 0.00260419
1533 0.705247 0.509317 0.0026636
1534 0.705247 0.507832 0.00227704
1535 0.705247 0.511096 0.00211609
1536 0.705247 0.510554 0.00229572
1537 0.705247 0.506115 0.00258401
1538 0.705247 0.507996 0.00236287
1539 0.705247 0.508692 0.00233933
1540 0.705247 0.510156 0.00223266
1541 0.705247 0.507956 0.00266266
1542 0.705247 0.512811 0.00274204
1543 0.705247 0.510287 0.00261967
1544 0.705247 0.506309 0.00207197
1545 0.705247 0.506325 0.00255071
1546 0.705247 0.504648 0.00251863
1547 0.705247 0.511349 0.00220546
1548 0.705247 0.507803 0.00259483
1549 0.705247 0.507958 0.00222123
1550 0.705247 0.505112 0.00223979
1551 0.705247 0.509341 0.00256026
1552 0.705247 0.512604 0.00252553
1553 0.705247 0.511017 0.00263255
1554 0.705247 0.508628 0.0023332
1555 0.705247 0.510204 0.00218281
1556 0.705247 0.507087 0.00224862
1557 0.705247 0.506077 0.00214071
1558 0.705247 0.511348 0.00237953
1559 0.705247 0.507705 0.00214184
1560 0.705247 0.509045 0.00235974
1561 0.705247 0.512204 0.0019677
1562 0.705247 0.511713 0.00222334
1563 0.705247 0.511734 0.00247632
1564 0.705247 0.507837 0.0024828
1565 0.705247 0.506819 0.00290617
1566 0.705247 0.510495 0.00263518
1567 0.705247 0.508329 0.00267733
1568 0.705247 0.512343 0.00283888
1569 0.705247 0.513368 0.00226792
1570 0.705247 0.509273 0.00254811
1571 0.705247 0.509242 0.00218069
1572 0.705247 0.509183 0.00255774
1573 0.705247 0.507715 0.00224272
1574 0.705247 0.510441 0.00220031
1575 0.705247 0.507746 0.00230166
1576 0.705247 0.507389 0.00215882
1577 0.705247 0.50844 0.00206817
1578 0.705247 0.5095 0.00268415
1579 0.705247 0.507291 0.0021245
1580 0.705247 0.505671 0.00221821
1581 0.705247 0.509358 0.0022208
1582 0.705247 0.511458 0.00233814
1583 0.705247 0.5053 0.00205613
1584 0.705247 0.506065 0.00245163
1585 0.705247 0.508386 0.0025972
1586 0.705247 0.50988 0.00243157
1587 0.705247 0.507747 0.00216565
1588 0.705247 0.503909 0.00218499
1589 0.705247 0.509943 0.00235682
1590 0.705247 0.513149 0.00251071
1591 0.705247 0.510365 0.0025812
1592 0.705247 0.504709 0.0022434
1593 0.705247 0.510462 0.00221354
1594 0.705247 0.510834 0.00219323
1595 0.705247 0.508349 0.00198702
1596 0.705247 0.512261 0.00253989
1597 0.705247 0.511294 0.00303512
1598 0.705247 0.514087 0.00236865
1599 0.705247 0.508812 0.00242517
1600 0.705247 0.50938 0.00227437
1601 0.705247 0.511555 0.00207409
1602 0.705247 0.511003 0.00221911
1603 0.705247 0.512027 0.00212712
1604 0.705247 0.508268 0.00205632
1605 0.705247 0.509723 0.00206901
1606 0.705247 0.510293 0.00228409
1607 0.705247 0.511056 0.00198133
1608 0.705247 0.510465 0.00188543
1609 0.705247 0.511324 0.0025026
1610 0.705247 0.507924 0.00220978
1611 0.705247 0.508085 0.00222041
1612 0.705247 0.507922 0.0021107
1613 0.705247 0.507267 0.00228638
1614 0.705247 0.507461 0.00202284
1615 0.705247 0.510552 0.00235416
1616 0.705247 0.508093 0.00202238
1617 0.705247 0.510885 0.00190951
1618 0.705247 0.509532 0.00204833
1619 0.705247 0.510465 0.00197939
1620 0.705247 0.508694 0.00205222
1621 0.705247 0.514848 0.00210927
1622 0.705247 0.51055 0.00198874
1623 0.705247 0.507689 0.00211319
1624 0.705247 0.512386 0.0023998
1625 0.705247 0.510382 0.00220985
1626 0.705247 0.508078 0.00213828
1627 0.705247 0.510416 0.00223635
1628 0.705247 0.507979 0.00218736
1629 0.705247 0.506975 0.00212755
1630 0.705247 0.509844 0.00215131
1631 0.705247 0.507138 0.00258096
1632 0.705247 0.51059 0.00199795
1633 0.705247 0.508619 0.00204641
1634 0.705247 0.508093 0.0019348
1635 0.705247 0.511039 0.00198011
1636 0.705247 0.505622 0.00212268
1637 0.705247 0.509621 0.00215709
1638 0.705247 0.507556 0.00212898
1639 0.705247 0.510572 0.00238648
1640 0.705247 0.510161 0.00197709
1641 0.705247 0.50979 0.00242009
1642 0.705247 0.507025 0.00235841
1643 0.705247 0.514222 0.00211926
1644 0.705247 0.5091 0.00209811
1645 0.705247 0.505403 0.00251718
1646 0.705247 0.51467 0.00242436
1647 0.705247 0.508524 0.00242408
1648 0.705247 0.507084 0.00241416
1649 0.705247 0.509737 0.00215491
1650 0.705247 0.508867 0.00209856
1651 0.705247 0.506404 0.00218766
1652 0.705247 0.511192 0.0026268
1653 0.705247 0.510077 0.00214545
1654 0.705247 0.509016 0.00213938
1655 0.705247 0.510663 0.00220307
1656 0.705247 0.508556 0.0023557
1657 0.705247 0.507442 0.00238294
1658 0.705247 0.511116 0.00252064
1659 0.705247 0.509678 0.0022784
1660 0.705247 0.50905 0.00295136
1661 0.705247 0.504465 0.00257755
1662 0.705247 0.509766 0.00227195
1663 0.705247 0.511041 0.00252565
1664 0.705247 0.508014 0.00214881
1665 0.705247 0.504014 0.00250199
1666 0.705247 0.506239 0.00214981
1667 0.705247 0.506942 0.0023879
1668 0.705247 0.508588 0.00241868
1669 0.705247 0.513736 0.00218503
1670 0.705247 0.508627 0.0024136
1671 0.705247 0.505605 0.00201845
1672 0.705247 0.504678 0.00230436
1673 0.705247 0.511293 0.0024779
1674 0.705247 0.506981 0.00213214
1675 0.705247 0.510177 0.00254179
1676 0.705247 0.512423 0.0028096
1677 0.705247 0.507473 0.00280066
1678 0.705247 0.506506 0.00269711
1679 0.705247 0.505518 0.00280839
1680 0.705247 0.512773 0.00242944
1681 0.705247 0.50786 0.00239658
1682 0.705247 0.502988 0.00245661
1683 0.705247 0.508616 0.00249101
1684 0.705247 0.510382 0.00222394
1685 0.705247 0.512187 0.00240953
1686 0.705247 0.508714 0.00251058
1687 0.705247 0.508348 0.00222272
1688 0.705247 0.513688 0.00265202
1689 0.705247 0.507723 0.00314095
1690 0.705247 0.512183 0.00250045
1691 0.705247 0.506221 0.0030468
1692 0.705247 0.507448 0.00266219
1693 0.705247 0.503306 0.00290357
1694 0.705247 0.506565 0.00223439
1695 0.705247 0.50545 0.00279097
1696 0.705247 0.505212 0.00249707
1697 0.705247 0.508677 0.00231697
1698 0.705247 0.505109 0.00245564
1699 0.705247 0.505592 0.0024713
1700 0.705247 0.50519 0.00256747
1701 0.705247 0.504877 0.00243612
1702 0.705247 0.506801 0.00309594
1703 0.705247 0.507226 0.00244803
1704 0.705247 0.508279 0.00234125
1705 0.705247 0.506477 0.00229473
1706 0.705247 0.504761 0.00286391
1707 0.705247 0.504577 0.00261975
1708 0.705247 0.500436 0.00262634
1709 0.705247 0.508865 0.00248093
1710 0.705247 0.504912 0.00227704
1711 0.705247 0.506964 0.00234299
1712 0.705247 0.516318 0.00243666
1713 0.705247 0.514912 0.00262346
1714 0.705247 0.507902 0.00234683
1715 0.705247 0.509614 0.00216075
1716 0.705247 0.507204 0.00202818
1717 0.705247 0.506824 0.00231239
1718 0.705247 0.50635 0.00242735
1719 0.705247 0.506887 0.0026751
1720 0.705247 0.511649 0.00262159
1721 0.705247 0.51043 0.00264709
1722 0.705247 0.505776 0.00268551
1723 0.705247 0.511682 0.0025447
1724 0.705247 0.51015 0.00230142
1725 0.705247 0.512227 0.00260503
1726 0.705247 0.512367 0.00220703
1727 0.705247 0.508114 0.00242124
1728 0.705247 0.505394 0.00231949
1729 0.705247 0.514267 0.00227056
1730 0.705247 0.509278 0.00240528
1731 0.705247 0.512784 0.00253519
1732 0.705247 0.510896 0.00221879
1733 0.705247 0.514139 0.00263189
1734 0.705247 0.512059 0.00246099
1735 0.705247 0.51083 0.0024999
1736 0.705247 0.515194 0.0023684
1737 0.705247 0.511941 0.00213348
1738 0.705247 0.505637 0.00254505
1739 0.705247 0.508421 0.00242864
1740 0.705247 0.512476 0.00263041
1741 0.705247 0.515079 0.00239555
1742 0.705247 0.509945 0.00220423
1743 0.705247 0.51188 0.00236035
1744 0.705247 0.509215 0.00233045
1745 0.705247 0.506211 0.00266832
1746 0.705247 0.5066 0.00247445
1747 0.705247 0.50367 0.00235337
1748 0.705247 0.510791 0.0026084
1749 0.705247 0.510799 0.00275375
1750 0.705247 0.510596 0.0022149
1751 0.705247 0.513881 0.00238216
1752 0.705247 0.508148 0.00245486
1753 0.705247 0.509508 0.00202706
1754 0.705247 0.511951 0.0022115
1755 0.705247 0.507101 0.00236501
1756 0.705247 0.510892 0.00221344
1757 0.705247 0.507103 0.00226783
1758 0.705247 0.510923 0.00228466
1759 0.705247 0.51111 0.00236
1760 0.705247 0.511156 0.00262334
1761 0.705247 0.513793 0.00209544
1762 0.705247 0.507296 0.0022459
1763 0.705247 0.509537 0.00214468
1764 0.705247 0.50855 0.00267154
1765 0.705247 0.505372 0.0022364
1766 0.705247 0.510956 0.00263887
1767 0.705247 0.505839 0.00283929
1768 0.705247 0.511639 0.00243641
1769 0.705247 0.503189 0.00280629
1770 0.705247 0.508872 0.00254353
1771 0.705247 0.504136 0.00244355
1772 0.705247 0.502812 0.00248474
1773 0.705247 0.505836 0.00229683
1774 0.705247 0.506051 0.00240866
1775 0.705247 0.51113 0.00240622
1776 0.705247 0.507531 0.00243094
1777 0.705247 0.509082 0.00225674
1778 0.705247 0.506795 0.00239548
1779 0.705247 0.505657 0.00259628
1780 0.705247 0.50765 0.00290088
1781 0.705247 0.507919 0.00253051
1782 0.705247 0.509693 0.00278599
1783 0.705247 0.51417 0.00261427
1784 0.705247 0.508305 0.00248326
1785 0.705247 0.507067 0.00245216
1786 0.705247 0.509756 0.00220957
1787 0.705247 0.513364 0.00243894
1788 0.705247 0.512828 0.00258623
1789 0.705247 0.504636 0.00280633
1790 0.705247 0.511606 0.00288344
1791 0.705247 0.506599 0.00234375
1792 0.705247 0.506604 0.00262773
1793 0.705247 0.508095 0.00211821
1794 0.705247 0.509904 0.00245404
1795 0.705247 0.514107 0.00216097
1796 0.705247 0.508276 0.00246617
1797 0.705247 0.512864 0.00264012
1798 0.705247 0.508142 0.00235144
1799 0.705247 0.513483 0.00274688
1800 0.705247 0.509884 0.00218753
1801 0.705247 0.508972 0.00255709
1802 0.705247 0.510342 0.00220133
1803 0.705247 0.509278 0.00210126
1804 0.705247 0.507675 0.00244668
1805 0.705247 0.509911 0.0028067
1806 0.705247 0.508304 0.00283487
1807 0.705247 0.510507 0.00226712
1808 0.705247 0.512568 0.00214445
1809 0.705247 0.511557 0.00241237
1810 0.705247 0.505911 0.00244674
1811 0.705247 0.509151 0.00225057
1812 0.705247 0.508088 0.00207904
1813 0.705247 0.503585 0.00237119
1814 0.705247 0.509226 0.00234927
1815 0.705247 0.509176 0.0023619
1816 0.705247 0.506237 0.00255592
1817 0.705247 0.509183 0.0022622
1818 0.705247 0.506053 0.00252481
1819 0.705247 0.505689 0.00230633
1820 0.705247 0.503772 0.00222785
1821 0.705247 0.503478 0.00239062
1822 0.705247 0.505986 0.00246336
1823 0.705247 0.50431 0.00244564
1824 0.705247 0.506363 0.00237946
1825 0.705247 0.506028 0.00229723
1826 0.705247 0.50872 0.0026065
1827 0.705247 0.506129 0.00263201
1828 0.705247 0.504398 0.00244226
1829 0.705247 0.509903 0.0022676
1830 0.705247 0.509849 0.00218578
1831 0.705247 0.507497 0.00215154
1832 0.705247 0.505955 0.00231974
1833 0.705247 0.513428 0.00232362
1834 0.705247 0.511736 0.00241268
1835 0.705247 0.50949 0.00215568
1836 0.705247 0.509724 0.00211156
1837 0.705247 0.506937 0.00205942
1838 0.705247 0.508313 0.00245869
1839 0.705247 0.516837 0.00238547
1840 0.705247 0.512393 0.00232132
1841 0.705247 0.512765 0.00210899
1842 0.705247 0.511293 0.00227887
1843 0.705247 0.506893 0.00223693
1844 0.705247 0.513639 0.00233095
1845 0.705247 0.509913 0.00239948
1846 0.705247 0.510201 0.00234398
1847 0.705247 0.510918 0.00213291
1848 0.705247 0.511598 0.00205563
1849 0.705247 0.512305 0.00223211
1850 0.705247 0.511087 0.00223248
1851 0.705247 0.511249 0.00205812
1852 0.705247 0.509529 0.00210998
1853 0.705247 0.511056 0.00201034
1854 0.705247 0.512458 0.00211583
1855 0.705247 0.506752 0.00221822
1856 0.705247 0.503353 0.00251586
1857 0.705247 0.50743 0.00216615
1858 0.705247 0.504326 0.00242357
1859 0.705247 0.509006 0.00207999
1860 0.705247 0.508817 0.00226685
1861 0.705247 0.510109 0.00254808
1862 0.705247 0.51197 0.00244248
1863 0.705247 0.511042 0.00224087
1864 0.705247 0.508818 0.00224451
1865 0.705247 0.511689 0.00229676
1866 0.705247 0.50614 0.00212661
1867 0.705247 0.507526 0.00230401
1868 0.705247 0.505783 0.00208258
1869 0.705247 0.510297 0.00233851
1870 0.705247 0.507957 0.002229
1871 0.705247 0.506788 0.00209951
1872 0.705247 0.511729 0.00219985
1873 0.705247 0.509044 0.00210317
1874 0.705247 0.506546 0.00233164
1875 0.705247 0.506783 0.00213514
1876 0.705247 0.514817 0.00236499
1877 0.705247 0.50847 0.00253883
1878 0.705247 0.508068 0.00242748
1879 0.705247 0.508918 0.00266974
1880 0.705247 0.509794 0.00256324
1881 0.705247 0.509031 0.00211826
1882 0.705247 0.512244 0.00231718
1883 0.705247 0.508114 0.00210398
1884 0.705247 0.507181 0.0020057
1885 0.705247 0.508948 0.00218288
1886 0.705247 0.505558 0.00207088
1887 0.705247 0.513567 0.00273439
1888 0.705247 0.508216 0.0022692
1889 0.705247 0.507125 0.00219444
1890 0.705247 0.505373 0.00232584
1891 0.705247 0.506228 0.00234963
1892 0.705247 0.506493 0.00209858
1893 0.705247 0.509918 0.00192203
1894 0.705247 0.507923 0.00229971
1895 0.705247 0.51182 0.00233151
1896 0.705247 0.509098 0.00247955
1897 0.705247 0.50923 0.00215806
1898 0.705247 0.512874 0.00255209
1899 0.705247 0.512395 0.00269885
1900 0.705247 0.505633 0.00235132
1901 0.705247 0.505034 0.00218575
1902 0.705247 0.505482 0.00232654
1903 0.705247 0.508708 0.00231883
1904 0.705247 0.51045 0.00239062
1905 0.705247 0.510354 0.00208176
1906 0.705247 0.51001 0.0025375
1907 0.705247 0.509162 0.0022511
1908 0.705247 0.513674 0.00241885
1909 0.705247 0.507636 0.00241398
1910 0.705247 0.506527 0.00241512
1911 0.705247 0.506847 0.00233288
1912 0.705247 0.513284 0.00244531
1913 0.705247 0.509184 0.00230287
1914 0.705247 0.508559 0.00236353
1915 0.705247 0.506091 0.00242918
1916 0.705247 0.511029 0.00226742
1917 0.705247 0.505855 0.00236232
1918 0.705247 0.50675 0.00236805
1919 0.705247 0.506348 0.00231357
1920 0.705247 0.507312 0.00255172
1921 0.705247 0.508621 0.0022932
1922 0.705247 0.505346 0.00255991
1923 0.705247 0.508626 0.00248296
1924 0.705247 0.504766 0.00277333
1925 0.705247 0.509458 0.00220491
1926 0.705247 0.509251 0.00246768
1927 0.705247 0.50698 0.00273723
1928 0.705247 0.511527 0.00286106
1929 0.705247 0.509106 0.00232183
1930 0.705247 0.507961 0.00259603
1931 0.705247 0.507087 0.00233903
1932 0.705247 0.505558 0.0025591
1933 0.705247 0.502711 0.00251478
1934 0.705247 0.507372 0.002482
1935 0.705247 0.511964 0.00236755
1936 0.705247 0.508689 0.00215251
1937 0.705247 0.510118 0.00238583
1938 0.705247 0.508981 0.00220712
1939 0.705247 0.509116 0.00273295
1940 0.705247 0.508073 0.00272863
1941 0.705247 0.509713 0.00243286
1942 0.705247 0.511607 0.0025861
1943 0.705247 0.511752 0.00280083
1944 0.705247 0.508053 0.00219515
1945 0.705247 0.5094 0.00275215
1946 0.705247 0.50273 0.00224985
1947 0.705247 0.503187 0.00214444
1948 0.705247 0.505613 0.00220242
1949 0.705247 0.506774 0.0024029
1950 0.705247 0.509627 0.00241198
1951 0.705247 0.504987 0.00265893
1952 0.705247 0.505596 0.00230818
1953 0.705247 0.512138 0.00255239
1954 0.705247 0.507202 0.00268179
1955 0.705247 0.508363 0.00227088
1956 0.705247 0.510339 0.00227352
1957 0.705247 0.51135 0.00253976
1958 0.705247 0.506327 0.00251697
1959 0.705247 0.508836 0.00271866
1960 0.705247 0.511192 0.00302813
1961 0.705247 0.507553 0.00310798
1962 0.705247 0.510197 0.00267425
1963 0.705247 0.508507 0.00261706
1964 0.705247 0.505253 0.00275465
1965 0.705247 0.507022 0.00241902
1966 0.705247 0.508556 0.0023601
1967 0.705247 0.504981 0.00243313
1968 0.705247 0.508993 0.00250882
1969 0.705247 0.508464 0.00299899
1970 0.705247 0.516768 0.00281438
1971 0.705247 0.51565 0.00308515
1972 0.705247 0.510169 0.00247883
1973 0.705247 0.51368 0.00264332
1974 0.705247 0.507786 0.00234021
1975 0.705247 0.51759 0.00244688
1976 0.705247 0.510336 0.00277517
1977 0.705247 0.518012 0.00279456
1978 0.705247 0.508355 0.0022277
1979 0.705247 0.509716 0.0023834
1980 0.705247 0.508838 0.00244612
1981 0.705247 0.508457 0.00260876
1982 0.705247 0.512586 0.0026376
1983 0.705247 0.506037 0.00212904
1984 0.705247 0.508863 0.00251779
1985 0.705247 0.506617 0.00213277
1986 0.705247 0.506276 0.00218857
1987 0.705247 0.505751 0.00217653
1988 0.705247 0.512014 0.0023173
1989 0.705247 0.509389 0.00224776
1990 0.705247 0.508895 0.00206963
1991 0.705247 0.508891 0.00215738
1992 0.705247 0.510835 0.00222025
1993 0.705247 0.509473 0.0021089
1994 0.705247 0.5139 0.00213207
1995 0.705247 0.510251 0.00211323
1996 0.705247 0.514283 0.00249257
1997 0.705247 0.507934 0.00220323
1998 0.705247 0.50938 0.00223652
1999 0.705247 0.507131 0.00221731
2000 0.705247 0.509313 0.00224023
