0 0.531749 0.497269 0.000113677
1 0.531749 0.495764 0.000134602
2 0.556477 0.499088 0.000141602
3 0.556477 0.500221 0.000221374
4 0.556477 0.500101 0.000194868
5 0.556477 0.500287 0.000207475
6 0.556477 0.499305 0.000197539
7 0.556477 0.498776 0.000179662
8 0.556477 0.499027 0.000194597
9 0.556477 0.500192 0.000239129
10 0.556477 0.500805 0.000217187
11 0.556477 0.500365 0.000199784
12 0.556477 0.500101 0.000216601
13 0.556477 0.501951 0.000230246
14 0.556477 0.500003 0.000171328
15 0.556477 0.499366 0.00024001
16 0.556477 0.499392 0.000233374
17 0.556477 0.500517 0.000244227
18 0.556477 0.500136 0.000310817
19 0.556477 0.496751 0.000339025
20 0.556477 0.500002 0.000234725
21 0.559182 0.499997 0.000293427
22 0.559182 0.501749 0.000247928
23 0.561076 0.499528 0.00030177
24 0.561076 0.499253 0.000251557
25 0.561076 0.500764 0.000303911
26 0.561076 0.499344 0.000318911
27 0.561076 0.499738 0.000260939
28 0.561076 0.500861 0.000283973
29 0.561076 0.50005 0.000277686
30 0.561076 0.499146 0.000276119
31 0.561423 0.501569 0.000293477
32 0.561423 0.499295 0.000382471
33 0.561423 0.499941 0.000267988
34 0.561423 0.500804 0.000276019
35 0.561423 0.500085 0.000283247
36 0.561423 0.500002 0.000281416
37 0.574611 0.500998 0.000313367
38 0.574611 0.50039 0.000310853
39 0.574611 0.500046 0.000270359
40 0.574611 0.501213 0.000365262
41 0.574611 0.502771 0.000450934
42 0.574611 0.503544 0.000367923
43 0.574611 0.502031 0.000373161
44 0.574611 0.501762 0.000336393
45 0.574611 0.501016 0.000401802
46 0.574611 0.501928 0.000386332
47 0.574611 0.50235 0.000308256
48 0.574611 0.498902 0.000350143
49 0.574611 0.497985 0.000325027
50 0.574611 0.501564 0.000310162
51 0.574611 0.501567 0.00034408
52 0.574611 0.49989 0.000336947
53 0.574611 0.500411 0.00032081
54 0.574611 0.500151 0.000390378
55 0.574611 0.498856 0.000422983
56 0.574611 0.500839 0.000366292
57 0.574611 0.500704 0.000409586
58 0.574611 0.50205 0.000371411
59 0.574611 0.500914 0.000315015
60 0.574611 0.502726 0.000372285
61 0.574611 0.501044 0.000324034
62 0.574611 0.501243 0.000394925
63 0.574611 0.500608 0.000403758
64 0.574611 0.502739 0.000368255
65 0.574611 0.502675 0.000356882
66 0.574611 0.503358 0.000385613
67 0.574611 0.50408 0.000402106
68 0.574611 0.50297 0.000437954
69 0.574611 0.500597 0.000339194
70 0.574611 0.502501 0.00031999
71 0.574611 0.501454 0.000310467
72 0.574611 0.502835 0.00033069
73 0.574611 0.500468 0.000352999
74 0.574611 0.499259 0.000387
75 0.574611 0.499024 0.000391284
76 0.574611 0.50199 0.000364063
77 0.574611 0.500982 0.000353672
78 0.579896 0.502075 0.000441143
79 0.579896 0.501625 0.000361005
80 0.579896 0.502275 0.000384758
81 0.579896 0.502702 0.000385063
82 0.579896 0.502185 0.000364729
83 0.579896 0.499587 0.000361341
84 0.579896 0.499711 0.00041327
85 0.579896 0.503127 0.000438982
86 0.579896 0.501804 0.000390149
87 0.579896 0.500692 0.000430592
88 0.579896 0.500965 0.000423898
89 0.579896 0.500592 0.000434445
90 0.579896 0.500082 0.000376567
91 0.579896 0.499948 0.000366766
92 0.579896 0.502406 0.000392056
93 0.579896 0.500973 0.00032874
94 0.591259 0.501114 0.000507133
95 0.591259 0.500854 0.000430752
96 0.591259 0.503191 0.000514385
97 0.591259 0.501566 0.000420526
98 0.591259 0.500622 0.000446094
99 0.591259 0.500017 0.000430803
100 0.591259 0.499815 0.000486483
101 0.591259 0.500203 0.000456686
102 0.591259 0.500331 0.00049611
103 0.591259 0.49854 0.000416485
104 0.591259 0.500993 0.000422978
105 0.591259 0.500102 0.000556097
106 0.591259 0.501391 0.000430046
107 0.591259 0.502876 0.000557745
108 0.591259 0.500646 0.000515981
109 0.591259 0.501511 0.0005488
110 0.591259 0.500394 0.000502532
111 0.591259 0.499589 0.000477518
112 0.591259 0.50358 0.000513393
113 0.591259 0.501145 0.000559734
114 0.591259 0.500071 0.000531548
115 0.591259 0.502665 0.000556185
116 0.591259 0.504294 0.000604609
117 0.600094 0.505235 0.000615067
118 0.600094 0.50314 0.000578507
119 0.600094 0.50529 0.000634587
120 0.600094 0.503259 0.00056874
121 0.600094 0.501035 0.000697338
122 0.600094 0.502366 0.000535141
123 0.600094 0.504915 0.00056922
124 0.600094 0.501016 0.000643311
125 0.600094 0.503001 0.00067987
126 0.600094 0.503478 0.000577675
127 0.600094 0.501822 0.00052374
128 0.600094 0.5017 0.000476436
129 0.600094 0.504188 0.000621766
130 0.600094 0.5023 0.000492546
131 0.600094 0.503647 0.000516117
132 0.600094 0.503197 0.000477629
133 0.600094 0.505896 0.000556249
134 0.600094 0.504183 0.000444506
135 0.600094 0.504312 0.000405596
136 0.600094 0.506236 0.000509374
137 0.600094 0.505385 0.000583828
138 0.600094 0.504932 0.000647437
139 0.600094 0.50508 0.000558467
140 0.600094 0.505499 0.000631488
141 0.600094 0.505764 0.000626424
142 0.600094 0.506284 0.000775268
143 0.600094 0.506638 0.000705174
144 0.62596 0.506681 0.000921112
145 0.62596 0.508411 0.000874818
146 0.62596 0.508571 0.000947693
147 0.62596 0.508247 0.000831739
148 0.62596 0.506546 0.000923242
149 0.62596 0.502913 0.000870374
150 0.62596 0.505498 0.000906427
151 0.62596 0.507801 0.000895784
152 0.62596 0.505149 0.000932041
153 0.62596 0.503586 0.000832419
154 0.62596 0.503714 0.000877955
155 0.62596 0.504153 0.001028
156 0.62596 0.506288 0.00100158
157 0.62596 0.506723 0.000878287
158 0.62596 0.506859 0.000810424
159 0.62596 0.511406 0.000883465
160 0.62596 0.508087 0.000843872
161 0.62596 0.513346 0.000963663
162 0.62596 0.513873 0.00127194
163 0.62596 0.512187 0.00101654
164 0.62596 0.513256 0.00101992
165 0.62596 0.514273 0.00112043
166 0.62596 0.513045 0.00100733
167 0.62596 0.514903 0.00107786
168 0.62596 0.51297 0.00100621
169 0.62596 0.516623 0.00108646
170 0.62596 0.510965 0.000936633
171 0.62596 0.5132 0.00112985
172 0.62596 0.513913 0.00116197
173 0.62596 0.513211 0.00103527
174 0.62596 0.513647 0.00110455
175 0.62596 0.515345 0.00111855
176 0.62596 0.514297 0.000973941
177 0.62596 0.514878 0.00105454
178 0.62596 0.512036 0.00100978
179 0.62596 0.512223 0.00106486
180 0.62596 0.513518 0.00105374
181 0.62596 0.511876 0.00121818
182 0.62596 0.515136 0.00107196
183 0.62596 0.517344 0.00134799
184 0.62596 0.516136 0.00108312
185 0.62596 0.51838 0.00123489
186 0.62596 0.519458 0.00124138
187 0.62596 0.517925 0.00116627
188 0.62596 0.518313 0.000984747
189 0.62596 0.519989 0.000944323
190 0.62596 0.516489 0.00108103
191 0.62596 0.51799 0.00113062
192 0.62596 0.514021 0.00118985
193 0.62596 0.517791 0.00117787
194 0.62596 0.518822 0.00105843
195 0.62596 0.515352 0.00106561
196 0.62596 0.521453 0.00111986
197 0.62596 0.520193 0.00112645
198 0.62596 0.519576 0.00110655
199 0.62596 0.520392 0.00117644
200 0.62596 0.521441 0.00108169
201 0.62596 0.521556 0.00110647
202 0.62596 0.522297 0.00122101
203 0.62596 0.514276 0.000990064
204 0.62596 0.520199 0.00107681
205 0.62596 0.516717 0.00108417
206 0.62596 0.518199 0.00112964
207 0.62596 0.52057 0.00108372
208 0.62596 0.521024 0.000957079
209 0.62596 0.523182 0.00133937
210 0.62596 0.52523 0.0010371
211 0.62596 0.525511 0.00105363
212 0.62596 0.522774 0.00109066
213 0.62596 0.524789 0.00118436
214 0.62596 0.525057 0.00120349
215 0.62596 0.523991 0.00103559
216 0.62596 0.529082 0.00119567
217 0.62596 0.522061 0.00147133
218 0.62596 0.520963 0.00101931
219 0.62596 0.520802 0.0010075
220 0.62596 0.519377 0.00102034
221 0.62596 0.521373 0.00106587
222 0.62596 0.523597 0.00121619
223 0.62596 0.520389 0.00117331
224 0.62596 0.515035 0.00116119
225 0.62596 0.518617 0.00117622
226 0.62596 0.521894 0.00117358
227 0.62596 0.520866 0.00149412
228 0.62596 0.514701 0.00107893
229 0.62596 0.519013 0.00127513
230 0.62596 0.521568 0.00129988
231 0.62596 0.516126 0.00123433
232 0.62596 0.519953 0.00122811
233 0.62596 0.523071 0.00123182
234 0.62596 0.516937 0.00103393
235 0.62596 0.522726 0.00119403
236 0.62596 0.524252 0.00113498
237 0.62596 0.522007 0.00127244
238 0.62596 0.516485 0.000984504
239 0.62596 0.516176 0.00108574
240 0.62596 0.519262 0.00111315
241 0.62596 0.515553 0.00114477
242 0.62596 0.518136 0.00104927
243 0.62596 0.520551 0.00117569
244 0.62596 0.523247 0.00115496
245 0.62596 0.525038 0.00109335
246 0.631181 0.527974 0.00135403
247 0.631181 0.52711 0.00134323
248 0.631181 0.524188 0.00133321
249 0.631181 0.521109 0.00124941
250 0.631181 0.519175 0.00126967
251 0.631181 0.516468 0.00121115
252 0.631181 0.518649 0.001195
253 0.631181 0.516637 0.00128697
254 0.631181 0.526979 0.00112804
255 0.652748 0.523153 0.00143102
256 0.652748 0.526454 0.00124792
257 0.652748 0.525246 0.00130623
258 0.652748 0.517699 0.00128584
259 0.652748 0.520718 0.00140581
260 0.652748 0.524073 0.00134565
261 0.652748 0.524291 0.00142218
262 0.652748 0.52135 0.00130607
263 0.652748 0.526102 0.00127483
264 0.652748 0.522776 0.00136559
265 0.652748 0.520912 0.00133727
266 0.652748 0.52339 0.00156862
267 0.652748 0.520903 0.00145025
268 0.652748 0.519612 0.0014362
269 0.652748 0.523417 0.00145759
270 0.652748 0.523939 0.00163883
271 0.652748 0.523345 0.0015437
272 0.652748 0.524429 0.00139555
273 0.652748 0.520586 0.00158907
274 0.652748 0.524946 0.00151519
275 0.652748 0.523468 0.00153269
276 0.652748 0.520862 0.00146951
277 0.652748 0.526079 0.00154928
278 0.652748 0.527754 0.00153211
279 0.652748 0.524651 0.00156917
280 0.652748 0.522257 0.00158658
281 0.652748 0.521326 0.00173525
282 0.652748 0.525566 0.00160519
283 0.652748 0.522877 0.001559
284 0.652748 0.525846 0.00168629
285 0.652748 0.524983 0.00111697
286 0.652748 0.526643 0.00140153
287 0.652748 0.521606 0.00150257
288 0.652748 0.523349 0.0012777
289 0.652748 0.517391 0.00152309
290 0.652748 0.522014 0.00133906
291 0.652748 0.522236 0.00151448
292 0.652748 0.526279 0.00157633
293 0.652748 0.522768 0.00148246
294 0.652748 0.522666 0.00142884
295 0.652748 0.520511 0.00137896
296 0.652748 0.52409 0.00142818
297 0.652748 0.524357 0.00141069
298 0.652748 0.525991 0.0013513
299 0.652748 0.518229 0.00123831
300 0.652748 0.519779 0.00146289
301 0.652748 0.518239 0.00153364
302 0.652748 0.520275 0.00168615
303 0.652748 0.522577 0.00147069
304 0.652748 0.521304 0.00146589
305 0.652748 0.519653 0.00151983
306 0.652748 0.521903 0.00165013
307 0.652748 0.521104 0.00130487
308 0.652748 0.523819 0.00157382
309 0.652748 0.522672 0.00171477
310 0.652748 0.525309 0.00154951
311 0.652748 0.523927 0.00131
312 0.652748 0.51955 0.00122387
313 0.652748 0.524935 0.00166451
314 0.652748 0.523918 0.00163166
315 0.652748 0.520945 0.00153681
316 0.652748 0.524001 0.00163919
317 0.652748 0.527522 0.0017435
318 0.652748 0.521427 0.00155652
319 0.652748 0.520249 0.00157539
320 0.652748 0.519467 0.00128239
321 0.652748 0.522331 0.00138122
322 0.652748 0.522491 0.00162448
323 0.652748 0.518313 0.00152285
324 0.652748 0.520243 0.00154883
325 0.652748 0.519039 0.0014944
326 0.652748 0.515862 0.00138179
327 0.652748 0.521875 0.00152286
328 0.652748 0.518758 0.00150746
329 0.652748 0.521822 0.00152126
330 0.652748 0.523048 0.00153278
331 0.652748 0.523016 0.00140416
332 0.652748 0.521196 0.00155886
333 0.652748 0.523944 0.00188088
334 0.652748 0.522309 0.00149978
335 0.652748 0.519771 0.00133536
336 0.652748 0.517672 0.00147751
337 0.652748 0.524344 0.00138882
338 0.652748 0.523981 0.00154046
339 0.652748 0.528494 0.00146822
340 0.652748 0.523453 0.0015419
341 0.652748 0.528108 0.00164499
342 0.652748 0.527319 0.00136303
343 0.652748 0.519371 0.00141384
344 0.652748 0.520361 0.00152709
345 0.652748 0.522878 0.00157199
346 0.652748 0.525095 0.00141898
347 0.652748 0.518586 0.00176121
348 0.652748 0.52442 0.00140291
349 0.652748 0.523894 0.00169237
350 0.652748 0.529541 0.0017152
351 0.652748 0.525793 0.00170706
352 0.652748 0.524884 0.00159279
353 0.652748 0.526 0.00148447
354 0.652748 0.525448 0.00179671
355 0.652748 0.530893 0.00161047
356 0.652748 0.525601 0.00160959
357 0.652748 0.526016 0.0016541
358 0.652748 0.523656 0.00150968
359 0.652748 0.520653 0.0018749
360 0.652748 0.527928 0.0018719
361 0.652748 0.528317 0.00164433
362 0.652748 0.526599 0.00162546
363 0.652748 0.526699 0.00172262
364 0.652748 0.524862 0.00154588
365 0.652748 0.526262 0.00164797
366 0.652748 0.522982 0.00141483
367 0.652748 0.527315 0.00162719
368 0.652748 0.525969 0.00177513
369 0.652748 0.531792 0.0017837
370 0.652748 0.525835 0.00137848
371 0.652748 0.52527 0.00161566
372 0.652748 0.52363 0.00156892
373 0.652748 0.528257 0.00177942
374 0.652748 0.525718 0.00167439
375 0.652748 0.521672 0.00148375
376 0.652748 0.523874 0.00157965
377 0.652748 0.524143 0.00177486
378 0.652748 0.527306 0.00152177
379 0.652748 0.525908 0.00142404
380 0.652748 0.522681 0.00165169
381 0.652748 0.526079 0.00172967
382 0.652748 0.524662 0.00173266
383 0.652748 0.525341 0.00155786
384 0.652748 0.529799 0.00149365
385 0.652748 0.527169 0.00152043
386 0.652748 0.527718 0.0017963
387 0.652748 0.525549 0.00191322
388 0.652748 0.528039 0.00183388
389 0.652748 0.518625 0.00176002
390 0.652748 0.519283 0.00165817
391 0.652748 0.515599 0.00167298
392 0.652748 0.520941 0.00177613
393 0.652748 0.517816 0.00153962
394 0.652748 0.522037 0.0016046
395 0.652748 0.521553 0.00173017
396 0.652748 0.523252 0.00160592
397 0.659556 0.526878 0.00171979
398 0.659556 0.523383 0.00167203
399 0.659556 0.528792 0.00155607
400 0.659556 0.52812 0.00165225
401 0.659556 0.523885 0.00171891
402 0.659556 0.527779 0.00161793
403 0.659556 0.523732 0.00164369
404 0.659556 0.527505 0.00181103
405 0.659556 0.529296 0.00200939
406 0.659556 0.527973 0.0018172
407 0.659556 0.522703 0.00158592
408 0.659556 0.523005 0.00158378
409 0.659556 0.517589 0.00173487
410 0.659556 0.520319 0.00174259
411 0.659556 0.523259 0.00192013
412 0.659556 0.523158 0.00193494
413 0.659556 0.518728 0.00156916
414 0.659556 0.52229 0.00194606
415 0.659556 0.520928 0.00198689
416 0.659556 0.521962 0.00197525
417 0.659556 0.521564 0.00177576
418 0.659556 0.524697 0.0017296
419 0.659556 0.527774 0.00193382
420 0.659556 0.528224 0.00173787
421 0.659556 0.52837 0.00212579
422 0.659556 0.530015 0.00179578
423 0.659556 0.524568 0.00179817
424 0.659556 0.526494 0.00192629
425 0.659556 0.52629 0.00180554
426 0.659556 0.528867 0.00195005
427 0.659556 0.529523 0.00179938
428 0.659556 0.527361 0.00175502
429 0.659556 0.526916 0.00188749
430 0.659556 0.529355 0.00205974
431 0.659556 0.528088 0.0016301
432 0.659556 0.522509 0.0017397
433 0.659556 0.527508 0.00198532
434 0.659556 0.527932 0.00166542
435 0.659556 0.529435 0.00182936
436 0.659556 0.530237 0.00177628
437 0.659556 0.530041 0.00171725
438 0.659556 0.527034 0.00187472
439 0.659556 0.52332 0.0016841
440 0.659556 0.532857 0.00195264
441 0.659556 0.530196 0.00190656
442 0.659556 0.525017 0.00160785
443 0.659556 0.526872 0.00176885
444 0.659556 0.523838 0.00167137
445 0.659556 0.525189 0.00163028
446 0.659556 0.522523 0.0020875
447 0.659556 0.523071 0.00186269
448 0.659556 0.525567 0.00175224
449 0.659556 0.528576 0.00150998
450 0.659556 0.525508 0.00178907
451 0.659556 0.531663 0.00189052
452 0.659556 0.529406 0.00202582
453 0.659556 0.523987 0.00178593
454 0.659556 0.522485 0.00140695
455 0.659556 0.52269 0.0016956
456 0.659556 0.522133 0.0017269
457 0.659556 0.526535 0.00160415
458 0.659556 0.522549 0.00140972
459 0.659556 0.524206 0.00158811
460 0.659556 0.523746 0.00198416
461 0.659556 0.525304 0.0020057
462 0.659556 0.525372 0.00198448
463 0.659556 0.525735 0.00216077
464 0.659556 0.527836 0.0019558
465 0.659556 0.522188 0.0015956
466 0.659556 0.528449 0.00164778
467 0.659556 0.531304 0.00175305
468 0.659556 0.530154 0.00157361
469 0.659556 0.527027 0.0018383
470 0.659556 0.529505 0.00150955
471 0.659556 0.531365 0.00173256
472 0.659556 0.524887 0.00184655
473 0.659556 0.52588 0.00167618
474 0.659556 0.531393 0.00190376
475 0.659556 0.527203 0.00162813
476 0.659556 0.527123 0.00167768
477 0.659556 0.522782 0.00174556
478 0.659556 0.520437 0.00181488
479 0.659556 0.52557 0.00197687
480 0.659556 0.520058 0.00156787
481 0.659556 0.526362 0.00160936
482 0.659556 0.525238 0.00177946
483 0.659556 0.520295 0.00162319
484 0.659556 0.524937 0.00167853
485 0.659556 0.526353 0.00164996
486 0.659556 0.523997 0.00193411
487 0.659556 0.519428 0.00177041
488 0.659556 0.52109 0.0017175
489 0.659556 0.518662 0.00163297
490 0.659556 0.528155 0.00227238
491 0.659556 0.5278 0.00173682
492 0.659556 0.523937 0.00189431
493 0.659556 0.52497 0.00205518
494 0.659556 0.524363 0.00164075
495 0.659556 0.528033 0.00166682
496 0.659556 0.523395 0.0017972
497 0.659556 0.526824 0.00194497
498 0.659556 0.521517 0.00162896
499 0.659556 0.523453 0.00177046
500 0.659556 0.524341 0.00180371
501 0.665107 0.520897 0.00187689
502 0.665107 0.520218 0.00188059
503 0.665107 0.52225 0.00185413
504 0.665107 0.531209 0.001873
505 0.665107 0.521161 0.00194758
506 0.665107 0.523987 0.00145917
507 0.665107 0.521229 0.00155341
508 0.665107 0.523408 0.00166214
509 0.665107 0.526399 0.00187676
510 0.665107 0.524376 0.00181098
511 0.665107 0.523392 0.00187487
512 0.665107 0.52122 0.00197632
513 0.665107 0.525044 0.00162622
514 0.665107 0.521554 0.00177708
515 0.665107 0.519387 0.00161347
516 0.665107 0.519567 0.00164063
517 0.665107 0.518463 0.00194391
518 0.665107 0.521542 0.00175201
519 0.665107 0.52049 0.00176691
520 0.665107 0.514309 0.0015721
521 0.665107 0.516591 0.00172273
522 0.665107 0.523662 0.00179048
523 0.665107 0.522755 0.00173391
524 0.665107 0.52124 0.00170196
525 0.665107 0.521921 0.00189958
526 0.665107 0.52606 0.00179331
527 0.665107 0.524867 0.00194542
528 0.665107 0.52317 0.00173285
529 0.665107 0.525482 0.00183878
530 0.665107 0.525727 0.00191027
531 0.665107 0.523227 0.00177536
532 0.665107 0.523069 0.00179938
533 0.665107 0.514619 0.00185718
534 0.665107 0.518328 0.0018981
535 0.665107 0.519156 0.00207758
536 0.665107 0.520771 0.00183986
537 0.665107 0.524206 0.00180279
538 0.665107 0.522797 0.00187658
539 0.665107 0.527598 0.0018156
540 0.665107 0.524022 0.00178732
541 0.665107 0.530542 0.00180007
542 0.665107 0.521649 0.00200588
543 0.665107 0.523962 0.00195703
544 0.665107 0.527304 0.00188987
545 0.665107 0.52736 0.00179617
546 0.665107 0.525808 0.00174537
547 0.665107 0.526168 0.00154124
548 0.665107 0.522505 0.00170312
549 0.665107 0.525161 0.00197392
550 0.665107 0.529365 0.00166925
551 0.665107 0.525844 0.00168445
552 0.665107 0.526124 0.001686
553 0.665107 0.527438 0.0017898
554 0.665107 0.525836 0.00187989
555 0.665107 0.525774 0.00169199
556 0.665107 0.534344 0.00171938
557 0.665107 0.531843 0.00157587
558 0.665107 0.528696 0.00148961
559 0.665107 0.532435 0.00147648
560 0.665107 0.530968 0.00183407
561 0.665107 0.532906 0.00201619
562 0.665107 0.53156 0.00179315
563 0.665107 0.532932 0.00204383
564 0.665107 0.527865 0.00188134
565 0.665107 0.525919 0.00195077
566 0.665107 0.529311 0.00196184
567 0.665107 0.518984 0.00191136
568 0.665107 0.521571 0.00223426
569 0.665107 0.526192 0.00183616
570 0.665107 0.529307 0.00193031
571 0.665107 0.526044 0.00180891
572 0.665107 0.519012 0.00171099
573 0.665107 0.525042 0.00159178
574 0.665107 0.526329 0.00172856
575 0.665107 0.528545 0.00187264
576 0.665107 0.52527 0.00205811
577 0.665107 0.521175 0.00194674
578 0.665107 0.522766 0.00190647
579 0.665107 0.524691 0.00191287
580 0.665107 0.527459 0.00181239
581 0.665107 0.525385 0.00160876
582 0.665107 0.525637 0.00169369
583 0.665107 0.531278 0.00187561
584 0.665107 0.527536 0.00171963
585 0.665107 0.528656 0.00189747
586 0.665107 0.523818 0.00184515
587 0.665107 0.520754 0.0017295
588 0.665107 0.523644 0.00163133
589 0.665107 0.526604 0.0017375
590 0.665107 0.528405 0.00205133
591 0.665107 0.525178 0.00173853
592 0.665107 0.525475 0.00189404
593 0.665107 0.522874 0.00176744
594 0.665107 0.523534 0.00173335
595 0.665107 0.525284 0.00178521
596 0.665107 0.524735 0.0015662
597 0.665107 0.525231 0.00169695
598 0.665107 0.524343 0.00180824
599 0.665107 0.523379 0.00181749
600 0.665107 0.523537 0.00168938
601 0.665107 0.520411 0.00162543
602 0.665107 0.520507 0.00169534
603 0.665107 0.52354 0.00165685
604 0.665107 0.521545 0.00174784
605 0.665107 0.515158 0.00177132
606 0.665107 0.518926 0.00168234
607 0.665107 0.521425 0.00181801
608 0.665107 0.528144 0.0015347
609 0.665107 0.521763 0.00185246
610 0.665107 0.51633 0.00179446
611 0.665107 0.528945 0.0019008
612 0.665107 0.525459 0.00172038
613 0.665107 0.519768 0.00156507
614 0.665107 0.524114 0.00197702
615 0.665107 0.517037 0.00182309
616 0.665107 0.521321 0.00175345
617 0.665107 0.517143 0.00155478
618 0.665107 0.51914 0.00168125
619 0.665107 0.521457 0.00171152
620 0.665107 0.525281 0.00162518
621 0.665107 0.523132 0.00149913
622 0.665107 0.522528 0.00163743
623 0.665107 0.5237 0.00154866
624 0.665107 0.524302 0.00171188
625 0.665107 0.528524 0.00177682
626 0.665107 0.525706 0.00189063
627 0.665107 0.526509 0.00180609
628 0.665107 0.52488 0.00167
629 0.665107 0.520726 0.00178193
630 0.665107 0.528727 0.00190417
631 0.665107 0.528964 0.00142966
632 0.665107 0.524507 0.00152461
633 0.665107 0.517908 0.00172763
634 0.665107 0.518114 0.00160968
635 0.665107 0.521827 0.00185891
636 0.665107 0.520417 0.00176597
637 0.665107 0.521787 0.00181687
638 0.665107 0.528035 0.00174594
639 0.665107 0.522784 0.00162103
640 0.665107 0.519609 0.00159982
641 0.665107 0.525157 0.001682
642 0.665107 0.52481 0.00181526
643 0.665107 0.527988 0.00184653
644 0.665107 0.523978 0.00187649
645 0.665107 0.522548 0.00177878
646 0.665107 0.52529 0.00195615
647 0.665107 0.524604 0.00175069
648 0.665107 0.520916 0.00186376
649 0.665107 0.519388 0.00172559
650 0.665107 0.521239 0.00176756
651 0.665107 0.518544 0.00184547
652 0.665107 0.519219 0.00191112
653 0.665107 0.520519 0.00196078
654 0.665107 0.525774 0.00194816
655 0.665107 0.529179 0.0021844
656 0.665107 0.526963 0.0015585
657 0.665107 0.525727 0.00190584
658 0.665107 0.527194 0.00183626
659 0.665107 0.528565 0.00160523
660 0.665107 0.531874 0.001996
661 0.665107 0.532185 0.00181266
662 0.665107 0.531276 0.0019689
663 0.665107 0.528517 0.0019485
664 0.665107 0.529263 0.0017901
665 0.665107 0.525981 0.00166782
666 0.665107 0.526016 0.00173847
667 0.665107 0.527433 0.00176594
668 0.665107 0.525017 0.00183344
669 0.665107 0.528114 0.00217742
670 0.665107 0.526724 0.00181561
671 0.665107 0.525059 0.00174759
672 0.665107 0.528109 0.00188676
673 0.665107 0.526487 0.00182934
674 0.665107 0.527992 0.00181041
675 0.665107 0.52547 0.0017945
676 0.665107 0.526159 0.00190348
677 0.665107 0.528893 0.00171196
678 0.665107 0.528643 0.00190548
679 0.665107 0.530037 0.00198246
680 0.665107 0.521514 0.00181714
681 0.665107 0.525593 0.00192212
682 0.665107 0.527344 0.00188935
683 0.665107 0.522168 0.00183987
684 0.665107 0.523416 0.00179246
685 0.665107 0.51903 0.0016819
686 0.665107 0.526687 0.00191932
687 0.665107 0.524523 0.00175157
688 0.665107 0.525592 0.00203196
689 0.665107 0.525266 0.00191703
690 0.665107 0.527664 0.00204909
691 0.665107 0.527967 0.00183409
692 0.665107 0.523377 0.00161545
693 0.665107 0.525279 0.00187931
694 0.665107 0.525133 0.00168861
695 0.665107 0.527521 0.00198897
696 0.665107 0.523944 0.00186253
697 0.665107 0.523112 0.00172979
698 0.665107 0.527113 0.00170843
699 0.665107 0.522924 0.00171504
700 0.665107 0.524522 0.00204405
701 0.665107 0.528983 0.00170769
702 0.665107 0.520166 0.00180776
703 0.665107 0.524353 0.00183308
704 0.665107 0.522175 0.00182731
705 0.665107 0.522646 0.00173831
706 0.665107 0.523721 0.00195488
707 0.665107 0.527936 0.00205179
708 0.665107 0.522197 0.0015212
709 0.665107 0.524045 0.00185155
710 0.665107 0.524428 0.0017523
711 0.665107 0.524635 0.0016835
712 0.665107 0.522695 0.00182444
713 0.665107 0.5288 0.00188683
714 0.665107 0.523838 0.00164325
715 0.665107 0.526148 0.00188487
716 0.665107 0.520965 0.00197492
717 0.665107 0.523418 0.0018889
718 0.665107 0.518337 0.00188812
719 0.665107 0.518949 0.00165002
720 0.665107 0.515997 0.00191668
721 0.665107 0.518652 0.00160439
722 0.665107 0.525329 0.00208522
723 0.665107 0.525238 0.00175257
724 0.665107 0.522065 0.00212586
725 0.665107 0.520288 0.00188651
726 0.665107 0.516754 0.00170558
727 0.665107 0.519321 0.00177955
728 0.665107 0.518558 0.0016455
729 0.665107 0.520849 0.00169035
730 0.665107 0.521987 0.00192509
731 0.665107 0.523911 0.00198307
732 0.665107 0.519285 0.00175369
733 0.665107 0.518788 0.00164875
734 0.665107 0.519684 0.0018524
735 0.665107 0.52019 0.00155421
736 0.665107 0.518755 0.00157606
737 0.665107 0.520285 0.00176158
738 0.665107 0.523379 0.00205643
739 0.665107 0.518031 0.00174092
740 0.665107 0.519132 0.0019498
741 0.665107 0.519542 0.00163875
742 0.665107 0.52189 0.00191177
743 0.665107 0.521023 0.00191894
744 0.665107 0.523222 0.00180517
745 0.665107 0.521194 0.00173599
746 0.665107 0.52518 0.00164678
747 0.665107 0.521828 0.00172968
748 0.665107 0.519976 0.00159685
749 0.665107 0.521684 0.00202211
750 0.665107 0.518202 0.00186221
751 0.665107 0.521436 0.001933
752 0.665107 0.520574 0.00193195
753 0.665107 0.519837 0.00195485
754 0.665107 0.523295 0.00188208
755 0.665107 0.524083 0.00177706
756 0.665107 0.519969 0.00158049
757 0.665107 0.518048 0.00159964
758 0.665107 0.517339 0.00161099
759 0.665107 0.518931 0.00208672
760 0.665107 0.514157 0.00167303
761 0.665107 0.516193 0.00190784
762 0.665107 0.5206 0.00201103
763 0.665107 0.520755 0.00190008
764 0.665107 0.52376 0.0018503
765 0.665107 0.520392 0.00222218
766 0.665107 0.516467 0.00216138
767 0.665107 0.521637 0.00189405
768 0.665107 0.520875 0.00186569
769 0.665107 0.523433 0.00184926
770 0.665107 0.526137 0.00165977
771 0.665107 0.525888 0.00195736
772 0.665107 0.523104 0.00183665
773 0.665107 0.527968 0.00184954
774 0.665107 0.527066 0.00196742
775 0.665107 0.524301 0.00199457
776 0.665107 0.527618 0.00190412
777 0.665107 0.52314 0.00183552
778 0.665107 0.521268 0.00165693
779 0.665107 0.523868 0.00188539
780 0.665107 0.530558 0.00186293
781 0.665107 0.531063 0.00198324
782 0.665107 0.53326 0.00165889
783 0.665107 0.533964 0.00181391
784 0.665107 0.52642 0.00192619
785 0.665107 0.525979 0.00187214
786 0.665107 0.525869 0.00166891
787 0.665107 0.51909 0.00171902
788 0.665107 0.523537 0.00199379
789 0.665107 0.525642 0.00188314
790 0.665107 0.525677 0.00200634
791 0.665107 0.523679 0.00187858
792 0.665107 0.523445 0.00184443
793 0.665107 0.523531 0.0019758
794 0.665107 0.521505 0.00204686
795 0.665107 0.520938 0.00183466
796 0.665107 0.524168 0.00188988
797 0.665107 0.520848 0.00180872
798 0.665107 0.528683 0.00185142
799 0.665107 0.527423 0.0019028
800 0.665107 0.527034 0.00191535
801 0.665107 0.526562 0.00178375
802 0.665107 0.528215 0.00187691
803 0.665107 0.530671 0.00183493
804 0.665107 0.527156 0.00191972
805 0.665107 0.531455 0.00181277
806 0.665107 0.525435 0.00166594
807 0.665107 0.531257 0.0020006
808 0.665107 0.532726 0.00208139
809 0.665107 0.525951 0.00196016
810 0.665107 0.524843 0.00173611
811 0.665107 0.522627 0.0018387
812 0.665107 0.524102 0.00177985
813 0.665107 0.533359 0.00171984
814 0.665107 0.525708 0.00203607
815 0.665107 0.526121 0.00185907
816 0.665107 0.530939 0.00186298
817 0.665107 0.527742 0.00197489
818 0.665107 0.525246 0.00155711
819 0.665107 0.524419 0.00184929
820 0.665107 0.524674 0.00223973
821 0.665107 0.526096 0.00225942
822 0.665107 0.529802 0.0020616
823 0.665107 0.521048 0.00187325
824 0.665107 0.520152 0.001718
825 0.665107 0.518896 0.00209681
826 0.665107 0.525016 0.00185736
827 0.665107 0.528216 0.00164382
828 0.665107 0.518571 0.00180711
829 0.665107 0.523016 0.00167216
830 0.665107 0.528804 0.00206296
831 0.665107 0.527688 0.00188844
832 0.665107 0.519484 0.00159506
833 0.665107 0.5177 0.00169218
834 0.665107 0.519492 0.00173548
835 0.665107 0.522113 0.00143535
836 0.665107 0.52416 0.00156059
837 0.665107 0.524676 0.00154661
838 0.665107 0.522668 0.00171637
839 0.665107 0.519485 0.00195147
840 0.665107 0.518041 0.00157268
841 0.665107 0.519934 0.00160386
842 0.665107 0.521538 0.00192293
843 0.665107 0.530216 0.00182489
844 0.665107 0.526805 0.00182591
845 0.665107 0.519417 0.00180003
846 0.665107 0.522849 0.00165686
847 0.665107 0.519476 0.00180599
848 0.665107 0.52131 0.0017904
849 0.665107 0.520897 0.00162119
850 0.665107 0.522979 0.00161781
851 0.665107 0.519351 0.00178246
852 0.665107 0.522312 0.0017418
853 0.665107 0.522261 0.00156445
854 0.665107 0.522999 0.00199925
855 0.665107 0.522272 0.00169026
856 0.665107 0.521842 0.00207968
857 0.665107 0.520342 0.00203843
858 0.665107 0.523654 0.00205174
859 0.665107 0.525654 0.00172077
860 0.665107 0.523831 0.00185493
861 0.665107 0.525533 0.00176908
862 0.665107 0.525283 0.00170317
863 0.665107 0.527215 0.00161879
864 0.665107 0.522967 0.00189344
865 0.665107 0.52635 0.00195904
866 0.665107 0.523384 0.00176786
867 0.665107 0.520948 0.00169724
868 0.665107 0.524171 0.00160728
869 0.665107 0.524762 0.00161338
870 0.665107 0.524283 0.00155234
871 0.665107 0.525222 0.00167752
872 0.665107 0.524255 0.00175509
873 0.665107 0.524814 0.00188085
874 0.665107 0.529526 0.00188998
875 0.665107 0.528487 0.00187971
876 0.665107 0.524979 0.00179942
877 0.665107 0.523815 0.0020224
878 0.665107 0.523438 0.00178032
879 0.665107 0.525991 0.00163293
880 0.665107 0.526339 0.00174504
881 0.665107 0.530864 0.00180729
882 0.665107 0.524747 0.00179425
883 0.665107 0.522762 0.00168963
884 0.665107 0.525547 0.00175028
885 0.665107 0.521305 0.00182571
886 0.665107 0.524993 0.00175385
887 0.665107 0.525193 0.00176612
888 0.665107 0.525555 0.00154173
889 0.665107 0.529206 0.00171738
890 0.665107 0.528192 0.00159666
891 0.665107 0.52417 0.00169449
892 0.665107 0.521372 0.00180299
893 0.665107 0.526662 0.00182668
894 0.665107 0.524379 0.00163873
895 0.665107 0.525363 0.00186189
896 0.665107 0.528818 0.00177822
897 0.665107 0.524679 0.00162306
898 0.665107 0.522211 0.00158979
899 0.665107 0.523014 0.00184456
900 0.665107 0.520698 0.00164115
901 0.665107 0.516185 0.00167806
902 0.665107 0.517702 0.00168801
903 0.665107 0.52254 0.00174466
904 0.665107 0.526559 0.00195664
905 0.665107 0.527332 0.00186865
906 0.665107 0.527289 0.00184023
907 0.665107 0.529037 0.00180781
908 0.665107 0.526517 0.00192084
909 0.665107 0.527999 0.0016839
910 0.665107 0.528001 0.00166822
911 0.665107 0.52433 0.00165453
912 0.665107 0.529215 0.00173987
913 0.665107 0.524658 0.00163098
914 0.665107 0.52513 0.00180603
915 0.665107 0.524624 0.00177546
916 0.665107 0.525384 0.00170509
917 0.665107 0.525963 0.00207091
918 0.665107 0.528104 0.00205742
919 0.665107 0.527548 0.00186487
920 0.665107 0.525068 0.00209271
921 0.665107 0.52557 0.00194396
922 0.665107 0.525082 0.00182032
923 0.665107 0.52602 0.00160454
924 0.665107 0.528031 0.00195793
925 0.665107 0.529513 0.0017847
926 0.665107 0.526067 0.00170978
927 0.665107 0.524781 0.00187593
928 0.665107 0.523392 0.00179291
929 0.665107 0.520043 0.00174693
930 0.665107 0.52483 0.00181836
931 0.665107 0.521706 0.0016798
932 0.665107 0.523252 0.00187476
933 0.665107 0.522254 0.00209907
934 0.665107 0.52268 0.00163403
935 0.665107 0.522984 0.00184093
936 0.665107 0.524037 0.00205855
937 0.665107 0.531952 0.002106
938 0.665107 0.527169 0.00176697
939 0.665107 0.5243 0.00217391
940 0.665107 0.525392 0.0017899
941 0.665107 0.53258 0.00221494
942 0.665107 0.528122 0.00179955
943 0.665107 0.529337 0.00183794
944 0.665107 0.527821 0.00176541
945 0.665107 0.530666 0.0020151
946 0.665107 0.52575 0.00206315
947 0.665107 0.525399 0.00176859
948 0.665107 0.52466 0.00180342
949 0.665107 0.525361 0.00184599
950 0.665107 0.525449 0.00162924
951 0.665107 0.522264 0.00180449
952 0.665107 0.523473 0.00184409
953 0.665107 0.523316 0.00198043
954 0.665107 0.52483 0.00192187
955 0.665107 0.525251 0.0022673
956 0.665107 0.52302 0.0020112
957 0.665107 0.523427 0.00187006
958 0.665107 0.526327 0.00187497
959 0.665107 0.52896 0.00221107
960 0.665107 0.527682 0.00196287
961 0.665107 0.524946 0.00182674
962 0.665107 0.531523 0.0019943
963 0.665107 0.527909 0.0017486
964 0.665107 0.523573 0.00214605
965 0.665107 0.524401 0.00176794
966 0.665107 0.529146 0.00186897
967 0.665107 0.526816 0.0021911
968 0.665107 0.52778 0.00176219
969 0.665107 0.527963 0.00183701
970 0.665107 0.525585 0.00168931
971 0.665107 0.526147 0.0020059
972 0.665107 0.528729 0.00215018
973 0.665107 0.526522 0.00179223
974 0.665107 0.528241 0.00185254
975 0.665107 0.522116 0.00195909
976 0.665107 0.528912 0.0019132
977 0.665107 0.523165 0.00211977
978 0.665107 0.524757 0.00172046
979 0.665107 0.523981 0.00169294
980 0.665107 0.527787 0.00194059
981 0.665107 0.527778 0.0019391
982 0.665107 0.526217 0.00171074
983 0.665107 0.529034 0.0020524
984 0.665107 0.522255 0.00174001
985 0.665107 0.525149 0.0017863
986 0.665107 0.518982 0.00175255
987 0.665107 0.520784 0.00180291
988 0.665107 0.524793 0.00166553
989 0.665107 0.529916 0.00169214
990 0.665107 0.524626 0.00165545
991 0.665107 0.528576 0.00187521
992 0.665107 0.531039 0.00172536
993 0.665107 0.528781 0.00180781
994 0.665107 0.524618 0.00181702
995 0.665107 0.521248 0.0015339
996 0.665107 0.524113 0.00163044
997 0.665107 0.527825 0.00203201
998 0.665107 0.53139 0.00183186
999 0.665107 0.530455 0.00183364
1000 0.665107 0.532858 0.00185933
1001 0.665107 0.527862 0.0019151
1002 0.665107 0.527306 0.00211185
1003 0.665107 0.528145 0.00158944
1004 0.665107 0.528761 0.0019427
1005 0.665107 0.527636 0.00192813
1006 0.665107 0.526756 0.00165027
1007 0.665107 0.530456 0.0019393
1008 0.665107 0.523404 0.00182469
1009 0.665107 0.526238 0.00210779
1010 0.665107 0.529823 0.00190182
1011 0.665107 0.53115 0.0016242
1012 0.665107 0.525267 0.00212177
1013 0.665107 0.523265 0.00174921
1014 0.665107 0.518829 0.00168782
1015 0.665107 0.528131 0.00180537
1016 0.665107 0.52955 0.00184618
1017 0.665107 0.533352 0.00194166
1018 0.665107 0.523985 0.00188508
1019 0.665107 0.525047 0.00186387
1020 0.665107 0.531926 0.00172804
1021 0.665107 0.532312 0.00173062
1022 0.665107 0.527957 0.00176804
1023 0.665107 0.526531 0.00181871
1024 0.665107 0.523875 0.00162236
1025 0.665107 0.524731 0.00186688
1026 0.665107 0.528277 0.00204413
1027 0.665107 0.528929 0.00177943
1028 0.665107 0.523758 0.00209507
1029 0.665107 0.525899 0.00182621
1030 0.665107 0.523578 0.00179963
1031 0.665107 0.518599 0.00171826
1032 0.665107 0.519716 0.00197708
1033 0.665107 0.524971 0.00185887
1034 0.665107 0.525225 0.00186788
1035 0.665107 0.516492 0.00163301
1036 0.665107 0.523213 0.00197987
1037 0.665107 0.522786 0.00161775
1038 0.665107 0.522763 0.00182653
1039 0.665107 0.520203 0.00169979
1040 0.665107 0.522095 0.00180221
1041 0.665107 0.518126 0.00194632
1042 0.665107 0.520302 0.00201465
1043 0.665107 0.518159 0.00188117
1044 0.665107 0.523699 0.00175972
1045 0.665107 0.523516 0.00173208
1046 0.665107 0.520322 0.00196329
1047 0.665107 0.526523 0.00225262
1048 0.665107 0.515209 0.0017385
1049 0.665107 0.524574 0.00196785
1050 0.665107 0.524087 0.0016207
1051 0.665107 0.521788 0.00185715
1052 0.665107 0.518 0.00169568
1053 0.665107 0.525577 0.00180767
1054 0.665107 0.524139 0.00237022
1055 0.665107 0.52568 0.00202484
1056 0.665107 0.520558 0.00194525
1057 0.665107 0.523128 0.00205754
1058 0.665107 0.522748 0.00223048
1059 0.665107 0.522727 0.00201354
1060 0.665107 0.522986 0.00184615
1061 0.665107 0.520812 0.0019411
1062 0.665107 0.523802 0.00175047
1063 0.665107 0.527912 0.00177809
1064 0.665107 0.525508 0.00146046
1065 0.665107 0.527847 0.00197388
1066 0.665107 0.523696 0.00192267
1067 0.665107 0.525636 0.00190364
1068 0.665107 0.528486 0.00172771
1069 0.665107 0.526317 0.0016288
1070 0.665107 0.525232 0.00191156
1071 0.665107 0.53196 0.00180433
1072 0.665107 0.525575 0.0018208
1073 0.665107 0.520651 0.00211072
1074 0.665107 0.524012 0.00200599
1075 0.665107 0.526338 0.00176986
1076 0.665107 0.528332 0.00175666
1077 0.665107 0.522364 0.00163822
1078 0.665107 0.530441 0.00187157
1079 0.665107 0.522324 0.00177843
1080 0.665107 0.524794 0.00207007
1081 0.665107 0.527011 0.0018008
1082 0.665107 0.528861 0.00184722
1083 0.665107 0.528805 0.00180793
1084 0.665107 0.528474 0.00231574
1085 0.665107 0.52408 0.00172426
1086 0.665107 0.522842 0.00177517
1087 0.665107 0.525526 0.00207532
1088 0.665107 0.524869 0.00203097
1089 0.665107 0.527318 0.00190242
1090 0.665107 0.527571 0.0021357
1091 0.665107 0.525579 0.0015986
1092 0.665107 0.523036 0.00201297
1093 0.665107 0.522096 0.00203159
1094 0.665107 0.524841 0.0021268
1095 0.665107 0.523553 0.0018763
1096 0.665107 0.531571 0.00194021
1097 0.665107 0.526489 0.00185776
1098 0.665107 0.524142 0.0018635
1099 0.667707 0.524659 0.00228308
1100 0.667707 0.520031 0.00201324
1101 0.667707 0.522158 0.00190799
1102 0.667707 0.530492 0.00197885
1103 0.667707 0.525238 0.00208097
1104 0.667707 0.524981 0.00174324
1105 0.667707 0.521043 0.00205488
1106 0.667707 0.527665 0.00245669
1107 0.667707 0.523616 0.00237912
1108 0.667707 0.527739 0.00225027
1109 0.667707 0.528854 0.00176764
1110 0.667707 0.530019 0.00193881
1111 0.667707 0.522236 0.00208584
1112 0.667707 0.530621 0.00217494
1113 0.667707 0.521445 0.00171051
1114 0.667707 0.52958 0.00190075
1115 0.667707 0.526353 0.00182801
1116 0.667707 0.528648 0.00217943
1117 0.667707 0.523283 0.00196958
1118 0.667707 0.527479 0.0019722
1119 0.667707 0.528064 0.00194254
1120 0.667707 0.520921 0.00170544
1121 0.667707 0.520096 0.00174626
1122 0.667707 0.522186 0.00194107
1123 0.667707 0.516202 0.00192164
1124 0.667707 0.520456 0.00206937
1125 0.667707 0.518517 0.00203669
1126 0.667707 0.52726 0.00180022
1127 0.667707 0.521864 0.00194653
1128 0.667707 0.525079 0.0019109
1129 0.667707 0.522315 0.00197302
1130 0.667707 0.5336 0.00179662
1131 0.667707 0.535173 0.00190909
1132 0.667707 0.530227 0.00175334
1133 0.667707 0.527662 0.00179989
1134 0.667707 0.530538 0.00175197
1135 0.667707 0.528082 0.00185808
1136 0.667707 0.526885 0.00167204
1137 0.667707 0.526215 0.00174212
1138 0.667707 0.531378 0.00184651
1139 0.667707 0.52754 0.00209289
1140 0.667707 0.531851 0.00160266
1141 0.667707 0.529552 0.00166659
1142 0.667707 0.528246 0.00179733
1143 0.667707 0.523201 0.00182017
1144 0.667707 0.529563 0.00178042
1145 0.667707 0.525086 0.00172458
1146 0.667707 0.524662 0.0017575
1147 0.667707 0.524512 0.00179292
1148 0.667707 0.522201 0.0017157
1149 0.667707 0.523654 0.00211004
1150 0.667707 0.521192 0.00193267
1151 0.667707 0.520835 0.00176067
1152 0.667707 0.524541 0.00189218
1153 0.667707 0.521783 0.00216565
1154 0.667707 0.527751 0.00206545
1155 0.667707 0.51863 0.00166612
1156 0.667707 0.525773 0.00166163
1157 0.667707 0.523394 0.00182343
1158 0.667707 0.527101 0.00209262
1159 0.667707 0.526428 0.00187856
1160 0.667707 0.520879 0.0018409
1161 0.667707 0.523473 0.00178661
1162 0.667707 0.525086 0.00174123
1163 0.667707 0.52354 0.00181593
1164 0.667707 0.523985 0.00192596
1165 0.667707 0.531031 0.00184283
1166 0.667707 0.527348 0.00176568
1167 0.667707 0.529588 0.00198178
1168 0.667707 0.526546 0.00178101
1169 0.667707 0.529549 0.00178655
1170 0.667707 0.528846 0.00183981
1171 0.667707 0.522509 0.00192729
1172 0.667707 0.526404 0.0020858
1173 0.667707 0.523425 0.00187294
1174 0.667707 0.522986 0.00162995
1175 0.667707 0.520828 0.00189328
1176 0.667707 0.525562 0.00173273
1177 0.667707 0.520734 0.00174956
1178 0.667707 0.518246 0.00169599
1179 0.667707 0.515826 0.00188614
1180 0.667707 0.522431 0.00163751
1181 0.667707 0.520826 0.00198923
1182 0.667707 0.520586 0.00195049
1183 0.667707 0.525065 0.00180727
1184 0.667707 0.519 0.00176779
1185 0.667707 0.520681 0.00193217
1186 0.667707 0.525527 0.00216616
1187 0.667707 0.526479 0.00184741
1188 0.667707 0.526345 0.0018433
1189 0.667707 0.522989 0.00184822
1190 0.667707 0.5252 0.00205519
1191 0.667707 0.528867 0.00189412
1192 0.667707 0.517659 0.00178452
1193 0.667707 0.529029 0.00174249
1194 0.667707 0.524503 0.00194633
1195 0.667707 0.527123 0.00168015
1196 0.667707 0.525137 0.00189279
1197 0.667707 0.521941 0.00164284
1198 0.667707 0.524081 0.00181099
1199 0.667707 0.526997 0.00172849
1200 0.667707 0.521078 0.00163733
1201 0.667707 0.529417 0.00170349
1202 0.667707 0.52269 0.00177001
1203 0.667707 0.520904 0.00167853
1204 0.667707 0.52011 0.00170698
1205 0.667707 0.526257 0.00188843
1206 0.667707 0.522722 0.00190597
1207 0.667707 0.520847 0.00174376
1208 0.667707 0.524549 0.00169282
1209 0.667707 0.52477 0.00183973
1210 0.667707 0.519789 0.00191255
1211 0.667707 0.521784 0.00188901
1212 0.667707 0.520084 0.00187445
1213 0.667707 0.526943 0.00180041
1214 0.667707 0.523924 0.00186126
1215 0.667707 0.521354 0.00184882
1216 0.667707 0.5153 0.00180987
1217 0.667707 0.519254 0.00187269
1218 0.667707 0.523059 0.00168765
1219 0.667707 0.523993 0.00188303
1220 0.667707 0.523677 0.0018846
1221 0.667707 0.520094 0.00192352
1222 0.667707 0.524222 0.00193939
1223 0.667707 0.527449 0.00180299
1224 0.667707 0.528947 0.00173368
1225 0.667707 0.521215 0.00160404
1226 0.667707 0.518293 0.00160054
1227 0.667707 0.52452 0.00191672
1228 0.667707 0.526107 0.0016014
1229 0.667707 0.530282 0.00189307
1230 0.667707 0.528199 0.00187842
1231 0.667707 0.525321 0.00166715
1232 0.667707 0.523474 0.00171517
1233 0.667707 0.519879 0.00176702
1234 0.667707 0.524533 0.001995
1235 0.667707 0.526676 0.00193264
1236 0.667707 0.523986 0.0019787
1237 0.667707 0.519448 0.00194009
1238 0.667707 0.51447 0.00181488
1239 0.667707 0.518275 0.00179561
1240 0.667707 0.513374 0.00170145
1241 0.667707 0.527004 0.00206753
1242 0.667707 0.524985 0.00195148
1243 0.667707 0.522397 0.00201034
1244 0.667707 0.526244 0.00215578
1245 0.667707 0.522389 0.00187095
1246 0.667707 0.520487 0.0019945
1247 0.667707 0.523755 0.00186864
1248 0.667707 0.522954 0.00207679
1249 0.667707 0.520089 0.0018625
1250 0.667707 0.520207 0.00182026
1251 0.667707 0.524654 0.00190542
1252 0.667707 0.520278 0.00196957
1253 0.667707 0.52491 0.00185975
1254 0.667707 0.526265 0.00202246
1255 0.667707 0.522007 0.00175799
1256 0.667707 0.520451 0.00175003
1257 0.667707 0.526702 0.00202924
1258 0.667707 0.518123 0.00186558
1259 0.667707 0.521276 0.00194141
1260 0.667707 0.522146 0.00188857
1261 0.667707 0.520155 0.00179138
1262 0.667707 0.519016 0.00174216
1263 0.667707 0.519696 0.0018085
1264 0.667707 0.518209 0.00208742
1265 0.667707 0.521676 0.00209808
1266 0.667707 0.521883 0.00189019
1267 0.667707 0.524858 0.00192389
1268 0.667707 0.526019 0.00205177
1269 0.667707 0.520764 0.00216287
1270 0.667707 0.520361 0.0019583
1271 0.667707 0.526505 0.00210377
1272 0.667707 0.519737 0.00187093
1273 0.667707 0.524193 0.00203135
1274 0.667707 0.526133 0.00198009
1275 0.667707 0.525599 0.00174483
1276 0.667707 0.519831 0.00202445
1277 0.667707 0.527148 0.00172956
1278 0.667707 0.523994 0.00198276
1279 0.667707 0.525392 0.00191974
1280 0.667707 0.522606 0.00190335
1281 0.667707 0.522474 0.00206639
1282 0.667707 0.520245 0.00230026
1283 0.667707 0.52151 0.00197417
1284 0.667707 0.52816 0.00192867
1285 0.667707 0.523628 0.00223004
1286 0.667707 0.523782 0.00181504
1287 0.667707 0.524292 0.00215656
1288 0.667707 0.524406 0.00175665
1289 0.667707 0.519835 0.00196393
1290 0.667707 0.516259 0.00188821
1291 0.667707 0.514623 0.0017153
1292 0.667707 0.520329 0.00198609
1293 0.667707 0.524444 0.00187038
1294 0.667707 0.523161 0.00194031
1295 0.667707 0.522684 0.00212613
1296 0.667707 0.532085 0.00220414
1297 0.667707 0.525012 0.00184322
1298 0.667707 0.5222 0.00209236
1299 0.667707 0.528084 0.00201601
1300 0.667707 0.533641 0.00183126
1301 0.667707 0.533038 0.00184873
1302 0.667707 0.5291 0.0023224
1303 0.667707 0.521483 0.00192724
1304 0.667707 0.52569 0.00224299
1305 0.667707 0.524534 0.00193536
1306 0.667707 0.520536 0.00199543
1307 0.667707 0.525509 0.00206591
1308 0.667707 0.525643 0.00220497
1309 0.667707 0.523834 0.00167943
1310 0.667707 0.527209 0.00193889
1311 0.667707 0.517624 0.00168233
1312 0.667707 0.525817 0.0019783
1313 0.667707 0.520918 0.00173937
1314 0.667707 0.526025 0.0018389
1315 0.667707 0.527468 0.00193151
1316 0.667707 0.520503 0.00202453
1317 0.667707 0.522903 0.00203186
1318 0.667707 0.522088 0.0018782
1319 0.667707 0.522862 0.00175227
1320 0.667707 0.521701 0.00202786
1321 0.667707 0.524447 0.00192778
1322 0.667707 0.529645 0.00190965
1323 0.667707 0.523529 0.00189649
1324 0.667707 0.527322 0.00201636
1325 0.667707 0.530391 0.0020504
1326 0.667707 0.526002 0.00183413
1327 0.667707 0.529175 0.00189102
1328 0.667707 0.536404 0.0017161
1329 0.667707 0.528348 0.00175789
1330 0.667707 0.531201 0.00174252
1331 0.667707 0.520305 0.00181467
1332 0.667707 0.521234 0.00182158
1333 0.667707 0.525899 0.00198816
1334 0.667707 0.523214 0.00194457
1335 0.667707 0.526854 0.00206253
1336 0.667707 0.521952 0.00197332
1337 0.667707 0.517158 0.00194414
1338 0.667707 0.527011 0.00217782
1339 0.667707 0.525639 0.00202771
1340 0.667707 0.515915 0.00189888
1341 0.667707 0.520678 0.00229743
1342 0.667707 0.517223 0.00180939
1343 0.667707 0.519511 0.00171842
1344 0.667707 0.52087 0.00191009
1345 0.667707 0.520065 0.00163401
1346 0.667707 0.521842 0.00206697
1347 0.667707 0.523974 0.00184297
1348 0.667707 0.52828 0.00182135
1349 0.667707 0.526673 0.00201333
1350 0.667707 0.522099 0.00186208
1351 0.667707 0.525056 0.00231382
1352 0.667707 0.521494 0.00208203
1353 0.667707 0.525129 0.00180594
1354 0.667707 0.527007 0.00196019
1355 0.667707 0.528843 0.00216708
1356 0.667707 0.5258 0.00176932
1357 0.667707 0.52209 0.0020136
1358 0.667707 0.523395 0.00237652
1359 0.667707 0.522849 0.00165547
1360 0.667707 0.520934 0.00201929
1361 0.667707 0.522436 0.00168387
1362 0.667707 0.525399 0.00182633
1363 0.667707 0.520696 0.00215348
1364 0.667707 0.521537 0.00225571
1365 0.667707 0.526508 0.00224522
1366 0.667707 0.52634 0.00215375
1367 0.667707 0.519677 0.00205033
1368 0.667707 0.522266 0.00172546
1369 0.667707 0.52317 0.0021731
1370 0.667707 0.519734 0.0020703
1371 0.667707 0.519533 0.00183417
1372 0.667707 0.520721 0.00201746
1373 0.667707 0.525103 0.00220638
1374 0.667707 0.520707 0.00223356
1375 0.667707 0.525725 0.00193313
1376 0.667707 0.530855 0.00231425
1377 0.667707 0.526776 0.00202584
1378 0.667707 0.527259 0.00200245
1379 0.667707 0.528843 0.00191016
1380 0.667707 0.525485 0.00224366
1381 0.667707 0.522311 0.0018904
1382 0.667707 0.526661 0.00203907
1383 0.667707 0.528328 0.00188366
1384 0.667707 0.524731 0.00166667
1385 0.667707 0.526134 0.0020663
1386 0.667707 0.528218 0.00195522
1387 0.667707 0.530011 0.00180786
1388 0.667707 0.52978 0.00195197
1389 0.667707 0.531538 0.00197702
1390 0.667707 0.52854 0.00164677
1391 0.667707 0.529406 0.00206363
1392 0.667707 0.527043 0.0018486
1393 0.667707 0.525382 0.00190605
1394 0.667707 0.518607 0.00182171
1395 0.667707 0.520352 0.0018446
1396 0.667707 0.520184 0.00193448
1397 0.667707 0.51979 0.00219308
1398 0.667707 0.518221 0.00193824
1399 0.667707 0.514685 0.00193104
1400 0.667707 0.518405 0.00176906
1401 0.667707 0.518406 0.00176081
1402 0.667707 0.523403 0.00210935
1403 0.667707 0.521734 0.00171088
1404 0.667707 0.523714 0.00201966
1405 0.667707 0.51893 0.0020153
1406 0.667707 0.517948 0.00201878
1407 0.667707 0.524293 0.00176026
1408 0.667707 0.519538 0.00186679
1409 0.667707 0.524197 0.00202822
1410 0.667707 0.52644 0.00185403
1411 0.667707 0.523518 0.00213574
1412 0.667707 0.521906 0.0017207
1413 0.667707 0.530805 0.00196202
1414 0.667707 0.523297 0.00185454
1415 0.667707 0.526527 0.00197001
1416 0.667707 0.530534 0.00213661
1417 0.667707 0.525473 0.00192654
1418 0.667707 0.526043 0.00181545
1419 0.667707 0.526763 0.00197256
1420 0.667707 0.528105 0.00180503
1421 0.667707 0.52288 0.0020161
1422 0.667707 0.523912 0.0019484
1423 0.667707 0.519667 0.00211008
1424 0.667707 0.516573 0.00165005
1425 0.667707 0.521253 0.00179378
1426 0.667707 0.522627 0.00210074
1427 0.667707 0.522779 0.00245003
1428 0.667707 0.524841 0.00219774
1429 0.667707 0.523192 0.00210271
1430 0.667707 0.517921 0.00183808
1431 0.667707 0.518198 0.00201886
1432 0.667707 0.514175 0.00177669
1433 0.667707 0.521719 0.00183843
1434 0.667707 0.520647 0.00219871
1435 0.667707 0.521836 0.00216015
1436 0.667707 0.516524 0.00169033
1437 0.667707 0.515611 0.00195414
1438 0.667707 0.518814 0.0019442
1439 0.667707 0.523065 0.00186395
1440 0.667707 0.521792 0.00195625
1441 0.667707 0.524403 0.00193749
1442 0.667707 0.519002 0.00187382
1443 0.667707 0.520753 0.00203217
1444 0.667707 0.52243 0.00165852
1445 0.667707 0.518123 0.00175048
1446 0.667707 0.518549 0.00174182
1447 0.667707 0.521356 0.00186219
1448 0.667707 0.519838 0.00201162
1449 0.667707 0.519794 0.00205575
1450 0.667707 0.513449 0.00188987
1451 0.667707 0.515703 0.00204903
1452 0.667707 0.514422 0.00186308
1453 0.667707 0.515979 0.00202349
1454 0.667707 0.5207 0.00196278
1455 0.667707 0.51929 0.00198327
1456 0.667707 0.520331 0.00212352
1457 0.667707 0.526817 0.00194172
1458 0.667707 0.520999 0.00195045
1459 0.667707 0.524943 0.00221017
1460 0.667707 0.52737 0.00206947
1461 0.667707 0.526349 0.00183837
1462 0.667707 0.528421 0.00179871
1463 0.667707 0.520717 0.00189469
1464 0.667707 0.524872 0.0021056
1465 0.667707 0.523435 0.00193159
1466 0.667707 0.519029 0.00197357
1467 0.667707 0.522543 0.00179611
1468 0.667707 0.525863 0.0022355
1469 0.667707 0.523982 0.00227485
1470 0.667707 0.522114 0.00223614
1471 0.667707 0.521255 0.00193634
1472 0.667707 0.520787 0.00188835
1473 0.667707 0.522129 0.00200057
1474 0.667707 0.521109 0.00183712
1475 0.667707 0.518819 0.00185293
1476 0.667707 0.517938 0.00199018
1477 0.667707 0.519951 0.00182672
1478 0.667707 0.519719 0.00178981
1479 0.667707 0.520385 0.0019815
1480 0.667707 0.51822 0.00198519
1481 0.667707 0.520529 0.00196875
1482 0.667707 0.522373 0.00180837
1483 0.667707 0.522498 0.00193544
1484 0.667707 0.52684 0.00190469
1485 0.667707 0.527168 0.00208229
1486 0.667707 0.522772 0.00175011
1487 0.667707 0.518566 0.00179403
1488 0.667707 0.527496 0.00208073
1489 0.667707 0.521485 0.00194455
1490 0.667707 0.520295 0.00190982
1491 0.667707 0.52484 0.00170325
1492 0.667707 0.523418 0.00176063
1493 0.667707 0.522825 0.0018804
1494 0.667707 0.522432 0.0019364
1495 0.667707 0.526973 0.00186383
1496 0.667707 0.527127 0.00197072
1497 0.667707 0.522072 0.00188949
1498 0.667707 0.527595 0.00198873
1499 0.667707 0.52672 0.00210113
1500 0.667707 0.524749 0.00207302
1501 0.667707 0.524534 0.00209059
1502 0.667707 0.529762 0.00195929
1503 0.667707 0.522104 0.00186937
1504 0.667707 0.520724 0.00200914
1505 0.667707 0.523083 0.00191155
1506 0.667707 0.525117 0.00185199
1507 0.667707 0.523428 0.00170541
1508 0.667707 0.529586 0.00172709
1509 0.667707 0.52614 0.00197104
1510 0.667707 0.52184 0.00168524
1511 0.667707 0.526965 0.00198767
1512 0.667707 0.522663 0.00194111
1513 0.667707 0.526816 0.00223039
1514 0.667707 0.525414 0.00189229
1515 0.667707 0.526019 0.0021185
1516 0.667707 0.519267 0.00202221
1517 0.667707 0.522529 0.00218326
1518 0.667707 0.524218 0.00189988
1519 0.667707 0.521905 0.00186005
1520 0.667707 0.517529 0.00153731
1521 0.667707 0.520242 0.00188963
1522 0.667707 0.515231 0.00186458
1523 0.667707 0.516684 0.0020289
1524 0.667707 0.524175 0.00185193
1525 0.667707 0.520386 0.00205144
1526 0.667707 0.519217 0.00198302
1527 0.667707 0.51983 0.00189265
1528 0.667707 0.522521 0.00189058
1529 0.667707 0.525522 0.00211334
1530 0.667707 0.526219 0.00205404
1531 0.667707 0.524218 0.00211761
1532 0.667707 0.521731 0.00187444
1533 0.667707 0.51789 0.00214986
1534 0.667707 0.520743 0.00185286
1535 0.667707 0.51888 0.00207895
1536 0.667707 0.516535 0.0018063
1537 0.667707 0.521997 0.00180255
1538 0.667707 0.518768 0.00209037
1539 0.667707 0.522703 0.0020886
1540 0.667707 0.521982 0.00200344
1541 0.667707 0.520672 0.00189395
1542 0.667707 0.51789 0.00209933
1543 0.667707 0.524157 0.0022428
1544 0.667707 0.518233 0.00224993
1545 0.667707 0.513807 0.00201861
1546 0.667707 0.515941 0.00182407
1547 0.667707 0.52296 0.00193317
1548 0.667707 0.521147 0.00176704
1549 0.667707 0.523448 0.00186987
1550 0.667707 0.526073 0.00202138
1551 0.667707 0.522966 0.00192155
1552 0.667707 0.521359 0.00196337
1553 0.667707 0.519493 0.00181512
1554 0.667707 0.519577 0.0018153
1555 0.667707 0.519751 0.00182307
1556 0.667707 0.515642 0.00193011
1557 0.667707 0.524433 0.00181405
1558 0.667707 0.518862 0.00188706
1559 0.667707 0.523591 0.00193882
1560 0.667707 0.517425 0.00213767
1561 0.667707 0.517904 0.00176586
1562 0.667707 0.525754 0.00207376
1563 0.667707 0.515895 0.00213085
1564 0.667707 0.519801 0.00197793
1565 0.667707 0.517361 0.00203251
1566 0.667707 0.521468 0.00222945
1567 0.667707 0.51697 0.00192709
1568 0.667707 0.520474 0.00193775
1569 0.667707 0.516589 0.00204201
1570 0.667707 0.516361 0.00186227
1571 0.667707 0.523534 0.00203438
1572 0.667707 0.526675 0.00192277
1573 0.667707 0.523681 0.00191417
1574 0.667707 0.521016 0.00203066
1575 0.667707 0.519894 0.00191334
1576 0.667707 0.520103 0.001989
1577 0.667707 0.519666 0.00214156
1578 0.667707 0.518774 0.00210584
1579 0.667707 0.523255 0.0020127
1580 0.667707 0.526479 0.0018132
1581 0.667707 0.523169 0.00192638
1582 0.667707 0.525972 0.00198491
1583 0.667707 0.52219 0.00193711
1584 0.667707 0.519202 0.00223593
1585 0.667707 0.524746 0.00203189
1586 0.667707 0.524295 0.00179045
1587 0.667707 0.525513 0.00186031
1588 0.667707 0.52831 0.00177338
1589 0.667707 0.521935 0.00199386
1590 0.667707 0.522479 0.00198791
1591 0.667707 0.524006 0.00221567
1592 0.667707 0.522283 0.00210942
1593 0.667707 0.523531 0.00207263
1594 0.667707 0.520253 0.00189511
1595 0.667707 0.521276 0.00193828
1596 0.667707 0.52116 0.00188945
1597 0.667707 0.519218 0.00202176
1598 0.667707 0.523983 0.00188946
1599 0.667707 0.525166 0.001822
1600 0.667707 0.522528 0.00201366
1601 0.667707 0.520104 0.0016976
1602 0.667707 0.520741 0.00200248
1603 0.667707 0.521814 0.00198964
1604 0.667707 0.520675 0.00187415
1605 0.667707 0.524056 0.00175621
1606 0.667707 0.523932 0.00187799
1607 0.667707 0.521815 0.00203759
1608 0.667707 0.525676 0.00198677
1609 0.667707 0.523558 0.00194798
1610 0.667707 0.52202 0.00186153
1611 0.667707 0.520358 0.00168739
1612 0.667707 0.522783 0.00190865
1613 0.667707 0.520876 0.00191585
1614 0.667707 0.51632 0.00182835
1615 0.667707 0.518903 0.00202484
1616 0.667707 0.518515 0.00194667
1617 0.667707 0.520098 0.00175873
1618 0.667707 0.519177 0.00171208
1619 0.667707 0.525746 0.00191388
1620 0.667707 0.522442 0.00175875
1621 0.667707 0.521115 0.00194488
1622 0.667707 0.517542 0.00202134
1623 0.667707 0.525385 0.00213454
1624 0.667707 0.52182 0.00176088
1625 0.667707 0.521116 0.00186074
1626 0.667707 0.524079 0.00196304
1627 0.667707 0.525395 0.00158494
1628 0.667707 0.525358 0.00214094
1629 0.667707 0.524431 0.00176174
1630 0.667707 0.523266 0.00190314
1631 0.667707 0.525193 0.00191718
1632 0.667707 0.522926 0.00200544
1633 0.667707 0.522623 0.00182206
1634 0.667707 0.520479 0.0018859
1635 0.667707 0.52563 0.00190332
1636 0.667707 0.523616 0.00192137
1637 0.667707 0.520543 0.00169145
1638 0.667707 0.520797 0.00164123
1639 0.667707 0.525313 0.00183789
1640 0.667707 0.523691 0.00204906
1641 0.667707 0.52687 0.00182217
1642 0.667707 0.527892 0.0020193
1643 0.667707 0.529351 0.00198177
1644 0.667707 0.530811 0.00204716
1645 0.667707 0.522752 0.00200378
1646 0.667707 0.518934 0.00198504
1647 0.667707 0.522253 0.00186911
1648 0.667707 0.520604 0.00200735
1649 0.667707 0.5239 0.00184028
1650 0.667707 0.525334 0.00229128
1651 0.667707 0.525124 0.00180226
1652 0.667707 0.528325 0.00179653
1653 0.667707 0.52445 0.00206716
1654 0.667707 0.521483 0.00198814
1655 0.667707 0.526915 0.00199321
1656 0.667707 0.525486 0.00174985
1657 0.667707 0.525891 0.00189905
1658 0.667707 0.524965 0.00186393
1659 0.667707 0.526901 0.00194535
1660 0.667707 0.527132 0.00173005
1661 0.667707 0.530488 0.00204451
1662 0.667707 0.526756 0.00182824
1663 0.667707 0.527358 0.0021362
1664 0.667707 0.529807 0.00208642
1665 0.667707 0.523794 0.00173898
1666 0.667707 0.524585 0.00187082
1667 0.667707 0.524718 0.00209556
1668 0.667707 0.523172 0.00177044
1669 0.667707 0.518611 0.00187159
1670 0.667707 0.524931 0.00198674
1671 0.667707 0.526051 0.00195851
1672 0.667707 0.528253 0.00174162
1673 0.667707 0.528565 0.00209655
1674 0.667707 0.526469 0.0020672
1675 0.667707 0.523362 0.00174311
1676 0.667707 0.523504 0.00183076
1677 0.667707 0.522661 0.0017581
1678 0.667707 0.518332 0.00198523
1679 0.667707 0.5269 0.00179308
1680 0.667707 0.521244 0.00205498
1681 0.667707 0.52398 0.00177492
1682 0.667707 0.524941 0.00193165
1683 0.667707 0.524554 0.00177388
1684 0.667707 0.525665 0.00211175
1685 0.667707 0.521671 0.00200811
1686 0.667707 0.523047 0.00215401
1687 0.667707 0.52293 0.0020883
1688 0.667707 0.52561 0.00192082
1689 0.667707 0.525962 0.00211063
1690 0.667707 0.5278 0.00184149
1691 0.667707 0.529613 0.00197414
1692 0.667707 0.526847 0.001984
1693 0.667707 0.527431 0.00184819
1694 0.667707 0.525527 0.00165709
1695 0.667707 0.523487 0.00188191
1696 0.667707 0.525166 0.0019707
1697 0.667707 0.521295 0.00204849
1698 0.667707 0.52949 0.00192032
1699 0.667707 0.520523 0.0018286
1700 0.667707 0.52297 0.00184192
1701 0.667707 0.522417 0.00198743
1702 0.667707 0.525593 0.00190387
1703 0.667707 0.524073 0.001891
1704 0.667707 0.526534 0.00189278
1705 0.667707 0.532137 0.00183909
1706 0.667707 0.529412 0.00199525
1707 0.667707 0.528767 0.001751
1708 0.667707 0.527966 0.00199401
1709 0.667707 0.526451 0.00187944
1710 0.667707 0.524174 0.00192044
1711 0.667707 0.526604 0.00178886
1712 0.667707 0.529493 0.00234404
1713 0.667707 0.526936 0.00187966
1714 0.667707 0.527781 0.00205402
1715 0.667707 0.531182 0.00204804
1716 0.667707 0.530494 0.00191357
1717 0.667707 0.528358 0.00172791
1718 0.667707 0.52763 0.00191022
1719 0.667707 0.527944 0.0017819
1720 0.667707 0.52778 0.00181685
1721 0.667707 0.529843 0.00184961
1722 0.667707 0.525695 0.00194406
1723 0.667707 0.523879 0.00176863
1724 0.667707 0.524755 0.00175442
1725 0.667707 0.524627 0.00177102
1726 0.667707 0.527667 0.00198377
1727 0.667707 0.52686 0.00197999
1728 0.667707 0.522819 0.00190706
1729 0.667707 0.527544 0.00191243
1730 0.667707 0.529418 0.00197479
1731 0.667707 0.526451 0.00197868
1732 0.667707 0.529356 0.00165478
1733 0.667707 0.528762 0.00182461
1734 0.667707 0.532591 0.0021259
1735 0.667707 0.523694 0.00194048
1736 0.667707 0.526598 0.00191468
1737 0.667707 0.527745 0.00216964
1738 0.667707 0.527647 0.00188969
1739 0.667707 0.529711 0.00209849
1740 0.667707 0.523573 0.00192895
1741 0.667707 0.521642 0.00171596
1742 0.667707 0.521436 0.00191516
1743 0.667707 0.524264 0.00190072
1744 0.667707 0.52752 0.00190368
1745 0.667707 0.520649 0.00206473
1746 0.667707 0.519675 0.0021687
1747 0.667707 0.522443 0.00194378
1748 0.667707 0.525391 0.00196227
1749 0.667707 0.531376 0.00197649
1750 0.667707 0.526749 0.0020673
1751 0.667707 0.526725 0.00195351
1752 0.667707 0.518326 0.0018227
1753 0.667707 0.524799 0.00182026
1754 0.667707 0.521805 0.00202443
1755 0.667707 0.525282 0.00195043
1756 0.667707 0.523887 0.00197646
1757 0.667707 0.522047 0.00198044
1758 0.667707 0.529849 0.00209082
1759 0.667707 0.522122 0.00176647
1760 0.667707 0.520805 0.00182752
1761 0.667707 0.523267 0.00195834
1762 0.667707 0.520553 0.00216916
1763 0.667707 0.523693 0.00189477
1764 0.667707 0.527391 0.00204559
1765 0.667707 0.526689 0.00170872
1766 0.667707 0.526643 0.00216959
1767 0.667707 0.526172 0.00203609
1768 0.667707 0.528134 0.00211862
1769 0.667707 0.524443 0.00200071
1770 0.667707 0.52524 0.00176371
1771 0.667707 0.523768 0.00202344
1772 0.667707 0.525426 0.00184856
1773 0.667707 0.531118 0.00204331
1774 0.667707 0.527464 0.0018913
1775 0.667707 0.523793 0.00190929
1776 0.667707 0.523868 0.00183273
1777 0.667707 0.528622 0.00179357
1778 0.667707 0.524744 0.00173807
1779 0.667707 0.526683 0.00217663
1780 0.667707 0.526523 0.00201122
1781 0.667707 0.527939 0.00196607
1782 0.667707 0.524172 0.00205564
1783 0.667707 0.522012 0.00187891
1784 0.667707 0.521511 0.0018672
1785 0.667707 0.525364 0.00187466
1786 0.667707 0.530572 0.00193326
1787 0.667707 0.524992 0.00178986
1788 0.667707 0.528944 0.00213628
1789 0.667707 0.530707 0.00167301
1790 0.667707 0.532386 0.00173037
1791 0.667707 0.536895 0.00206574
1792 0.667707 0.530399 0.00171778
1793 0.667707 0.533667 0.00208165
1794 0.667707 0.52727 0.00201847
1795 0.667707 0.528573 0.00186376
1796 0.667707 0.530893 0.00168441
1797 0.667707 0.53164 0.00179913
1798 0.667707 0.528565 0.00182702
1799 0.667707 0.526758 0.00192865
1800 0.667707 0.523197 0.00172197
1801 0.667707 0.528333 0.00224792
1802 0.667707 0.524401 0.00174733
1803 0.667707 0.524751 0.00189507
1804 0.667707 0.531669 0.00202124
1805 0.667707 0.52586 0.00196797
1806 0.667707 0.528622 0.001928
1807 0.667707 0.526097 0.00205453
1808 0.667707 0.533047 0.00195576
1809 0.667707 0.530134 0.00193025
1810 0.667707 0.528883 0.0018559
1811 0.667707 0.527634 0.00216273
1812 0.667707 0.528982 0.00162581
1813 0.667707 0.523861 0.00201942
1814 0.667707 0.523722 0.00192995
1815 0.667707 0.525428 0.00195813
1816 0.667707 0.529952 0.001862
1817 0.667707 0.532656 0.00194892
1818 0.667707 0.533493 0.00179969
1819 0.667707 0.531592 0.00203755
1820 0.667707 0.528524 0.0018757
1821 0.667707 0.526915 0.00209504
1822 0.667707 0.527633 0.00192739
1823 0.667707 0.526291 0.00197783
1824 0.667707 0.52437 0.00198287
1825 0.667707 0.527814 0.00209852
1826 0.667707 0.521064 0.00186338
1827 0.667707 0.520349 0.00182595
1828 0.667707 0.524487 0.00179848
1829 0.667707 0.530914 0.00188875
1830 0.667707 0.529576 0.00171271
1831 0.667707 0.528855 0.00204328
1832 0.667707 0.523129 0.00180381
1833 0.667707 0.525234 0.00198954
1834 0.667707 0.523092 0.00189781
1835 0.667707 0.525806 0.00200033
1836 0.667707 0.526805 0.00186202
1837 0.667707 0.525492 0.0018927
1838 0.667707 0.523201 0.00211895
1839 0.667707 0.525877 0.00201458
1840 0.667707 0.519924 0.00196496
1841 0.667707 0.518331 0.00188502
1842 0.667707 0.51985 0.00217092
1843 0.667707 0.519455 0.00170364
1844 0.667707 0.521292 0.00177928
1845 0.667707 0.516436 0.00197683
1846 0.667707 0.517993 0.00191242
1847 0.667707 0.521127 0.0020432
1848 0.667707 0.528233 0.0018846
1849 0.667707 0.529801 0.0019059
1850 0.667707 0.5207 0.00192195
1851 0.667707 0.521612 0.00189055
1852 0.667707 0.514728 0.00171412
1853 0.667707 0.527778 0.00217019
1854 0.667707 0.522189 0.00200538
1855 0.667707 0.528387 0.00210159
1856 0.667707 0.523274 0.00200433
1857 0.667707 0.522115 0.00163495
1858 0.667707 0.52323 0.00216323
1859 0.667707 0.521186 0.00178599
1860 0.667707 0.520953 0.00199535
1861 0.667707 0.523171 0.0018645
1862 0.667707 0.522971 0.00198408
1863 0.667707 0.517829 0.00221447
1864 0.667707 0.52226 0.00198782
1865 0.667707 0.522726 0.00199412
1866 0.667707 0.521656 0.00208372
1867 0.667707 0.525339 0.00191612
1868 0.667707 0.524855 0.00214515
1869 0.667707 0.522237 0.00222281
1870 0.667707 0.521902 0.00193633
1871 0.667707 0.52733 0.00212961
1872 0.667707 0.523492 0.00180555
1873 0.667707 0.523298 0.00185279
1874 0.667707 0.526611 0.0021536
1875 0.667707 0.527119 0.00218923
1876 0.667707 0.52406 0.00185122
1877 0.667707 0.525816 0.00208509
1878 0.667707 0.529745 0.00176069
1879 0.667707 0.524138 0.00207189
1880 0.667707 0.518879 0.00198743
1881 0.667707 0.523625 0.00194207
1882 0.667707 0.517229 0.00165836
1883 0.667707 0.525164 0.00194166
1884 0.667707 0.519835 0.00181997
1885 0.667707 0.519869 0.00177136
1886 0.667707 0.519803 0.001964
1887 0.667707 0.523453 0.00184864
1888 0.667707 0.522472 0.00199448
1889 0.667707 0.519576 0.00194785
1890 0.667707 0.527537 0.00219493
1891 0.667707 0.521391 0.00180306
1892 0.667707 0.521913 0.00180692
1893 0.667707 0.519683 0.00193398
1894 0.667707 0.516696 0.00190005
1895 0.667707 0.517407 0.00186077
1896 0.667707 0.51899 0.00176017
1897 0.667707 0.525707 0.00178708
1898 0.667707 0.520115 0.00193917
1899 0.667707 0.521351 0.00187036
1900 0.667707 0.524993 0.00178605
1901 0.667707 0.518626 0.00203265
1902 0.667707 0.524427 0.00217938
1903 0.667707 0.518951 0.00183691
1904 0.667707 0.530016 0.00172819
1905 0.667707 0.5243 0.00188746
1906 0.667707 0.523078 0.00192183
1907 0.667707 0.524419 0.00200403
1908 0.667707 0.516945 0.00185481
1909 0.667707 0.523808 0.0022682
1910 0.667707 0.521352 0.00240113
1911 0.667707 0.524269 0.00193528
1912 0.667707 0.522226 0.00214122
1913 0.667707 0.5224 0.00196385
1914 0.667707 0.519924 0.00207798
1915 0.667707 0.521971 0.00203732
1916 0.667707 0.522297 0.0019676
1917 0.667707 0.522623 0.00211354
1918 0.667707 0.519929 0.00203726
1919 0.667707 0.521917 0.00199991
1920 0.667707 0.521349 0.00156863
1921 0.667707 0.523372 0.00212843
1922 0.667707 0.530227 0.0021408
1923 0.667707 0.525368 0.00203866
1924 0.667707 0.527081 0.00188663
1925 0.667707 0.52248 0.00190815
1926 0.667707 0.525874 0.00209181
1927 0.667707 0.520804 0.0021861
1928 0.667707 0.526979 0.00232592
1929 0.667707 0.529185 0.00215679
1930 0.667707 0.522802 0.0018724
1931 0.667707 0.520139 0.00199026
1932 0.667707 0.52342 0.00179713
1933 0.667707 0.525983 0.0018572
1934 0.667707 0.52457 0.00188738
1935 0.667707 0.526083 0.00229642
1936 0.667707 0.525702 0.00173093
1937 0.667707 0.526828 0.00172883
1938 0.667707 0.523813 0.00197821
1939 0.667707 0.522311 0.00194942
1940 0.667707 0.524442 0.00183359
1941 0.667707 0.529186 0.00213468
1942 0.667707 0.525657 0.00197183
1943 0.667707 0.529615 0.00182347
1944 0.667707 0.521228 0.00189479
1945 0.667707 0.519071 0.00183902
1946 0.667707 0.52732 0.00178247
1947 0.667707 0.52227 0.00199899
1948 0.667707 0.526879 0.00191397
1949 0.667707 0.527665 0.00172414
1950 0.667707 0.529947 0.00184898
1951 0.667707 0.522835 0.0018907
1952 0.667707 0.524051 0.00194986
1953 0.667707 0.521845 0.0018767
1954 0.667707 0.529049 0.00213705
1955 0.667707 0.529381 0.00174788
1956 0.667707 0.524319 0.00181121
1957 0.667707 0.52356 0.0020958
1958 0.667707 0.522587 0.00166185
1959 0.667707 0.52176 0.00213862
1960 0.667707 0.525929 0.00197686
1961 0.667707 0.525567 0.00196967
1962 0.667707 0.529928 0.00211022
1963 0.667707 0.52218 0.00203023
1964 0.667707 0.525622 0.0019301
1965 0.667707 0.525697 0.00199021
1966 0.667707 0.525652 0.00220156
1967 0.667707 0.531285 0.00216859
1968 0.667707 0.527786 0.00225278
1969 0.667707 0.528834 0.00200168
1970 0.667707 0.521168 0.00184894
1971 0.667707 0.529244 0.00184726
1972 0.667707 0.531826 0.00223658
1973 0.667707 0.527922 0.00203137
1974 0.667707 0.525248 0.0022077
1975 0.667707 0.526676 0.00212111
1976 0.667707 0.518463 0.00185755
1977 0.667707 0.520292 0.00181996
1978 0.667707 0.522894 0.00167391
1979 0.667707 0.523751 0.00196808
1980 0.667707 0.527997 0.00184883
1981 0.667707 0.528369 0.00211841
1982 0.667707 0.519249 0.00195998
1983 0.667707 0.519669 0.00180355
1984 0.667707 0.522609 0.00212666
1985 0.667707 0.525511 0.00197288
1986 0.667707 0.52338 0.00235029
1987 0.667707 0.521735 0.00169677
1988 0.667707 0.522406 0.00169688
1989 0.667707 0.522931 0.00224889
1990 0.667707 0.521713 0.00206261
1991 0.667707 0.529734 0.00177797
1992 0.667707 0.525866 0.0018005
1993 0.667707 0.525573 0.00199024
1994 0.667707 0.524927 0.00186015
1995 0.667707 0.525519 0.00201375
1996 0.667707 0.523628 0.00205917
1997 0.667707 0.522092 0.00203632
1998 0.667707 0.524566 0.00207079
1999 0.667707 0.527796 0.00200998
2000 0.667707 0.522688 0.0018245
