4
1
-60.246
5.20599
0
-58.6266
4.78094
0
-53.8513
8
0
-56.9162
6.23618
0
0.128306
0.255013
1
0.560628
1.33013
2
0.920508
0.553806
0.0354862
0.0748824
0.41959
1.39659
0.13412
0.213427
0.824734
1.15724
1.10825
1.70244
1.18458
0.325407
0.807892
0.459667
0.198458
2
0.98764
1.75193
1.61322
0.32007
1.93467
1.90427
0.963789
0.611727
1.23969
1.88529
0.313712
0.979917
1.83197
0.0736948
1.97759
0.945525
0.720465
1.26852
1.64948
0.807981
1.22645
0.985144
1.51677
0.471125
1.78274
0.914972
1.23378
1.65036
1.20497
1.62486
0.742492
0.701235
0.340257
0.654714
0
2
0.745387
0.498123
0.0245387
1.91429
2
1.84416
1.23504
0.55264
1.05603
1.35392
1.85875
0
0.894294
0.00447482
0.94888
1.60881
0.596739
1.93896
