0 0.542475 0.499101 0.000106045
1 0.568495 0.497508 0.000179353
2 0.568495 0.500768 0.000304304
3 0.568495 0.499046 0.000259879
4 0.568495 0.500875 0.000222498
5 0.568495 0.500248 0.000305591
6 0.568495 0.499937 0.0002094
7 0.568495 0.501383 0.000239924
8 0.568495 0.502286 0.000273143
9 0.568495 0.501464 0.000255634
10 0.568495 0.499116 0.000264659
11 0.568495 0.501552 0.000243345
12 0.568495 0.50121 0.000270892
13 0.568495 0.499897 0.000301869
14 0.568495 0.501909 0.000237479
15 0.568495 0.500541 0.000293028
16 0.568495 0.500708 0.000214767
17 0.568495 0.499994 0.000261952
18 0.568495 0.499053 0.000325773
19 0.568495 0.501713 0.000319405
20 0.568495 0.501113 0.000302585
21 0.568495 0.500655 0.000348405
22 0.568495 0.500237 0.000424569
23 0.588591 0.503114 0.000337331
24 0.588591 0.500728 0.000381269
25 0.588591 0.499759 0.000347138
26 0.588591 0.497488 0.000439883
27 0.588591 0.501499 0.000382813
28 0.588591 0.501979 0.000435366
29 0.588591 0.502902 0.000413781
30 0.588591 0.501945 0.000422408
31 0.588591 0.501265 0.000398316
32 0.588591 0.499835 0.000440169
33 0.588591 0.501461 0.000397203
34 0.588591 0.500903 0.000330123
35 0.588591 0.503643 0.000475575
36 0.588591 0.50148 0.000380576
37 0.588591 0.50283 0.000486256
38 0.588591 0.502213 0.0004238
39 0.588591 0.501963 0.000420156
40 0.588591 0.502108 0.000489751
41 0.588591 0.501723 0.000476239
42 0.588591 0.503387 0.000557561
43 0.588591 0.503026 0.000639678
44 0.588591 0.500488 0.000547301
45 0.588591 0.503261 0.000532331
46 0.588591 0.501384 0.000610077
47 0.596993 0.500896 0.000610169
48 0.596993 0.502471 0.000515628
49 0.596993 0.503361 0.000556221
50 0.596993 0.502387 0.000482692
51 0.596993 0.503711 0.000551225
52 0.596993 0.503363 0.000514433
53 0.596993 0.50568 0.000556023
54 0.596993 0.503622 0.000658855
55 0.596993 0.504583 0.000663932
56 0.596993 0.503886 0.000576382
57 0.596993 0.506678 0.000691466
58 0.596993 0.505506 0.000664278
59 0.596993 0.50451 0.000627909
60 0.596993 0.50775 0.000561497
61 0.596993 0.508723 0.000664248
62 0.636582 0.50946 0.000866105
63 0.636582 0.503807 0.000724796
64 0.636582 0.506937 0.000720477
65 0.636582 0.508572 0.00095469
66 0.636582 0.507511 0.000874866
67 0.636582 0.504627 0.000976959
68 0.636582 0.511912 0.00112188
69 0.636582 0.508552 0.00100726
70 0.636582 0.511767 0.000964104
71 0.636582 0.507353 0.00126019
72 0.636582 0.507108 0.00102871
73 0.636582 0.511635 0.00150098
74 0.636582 0.511523 0.00120359
75 0.636582 0.515127 0.00127312
76 0.636582 0.508571 0.00128158
77 0.637896 0.510163 0.00140744
78 0.637896 0.510822 0.00122295
79 0.637896 0.51569 0.0012433
80 0.637896 0.51372 0.00139531
81 0.637896 0.517525 0.0014275
82 0.637896 0.509286 0.00147803
83 0.637896 0.513454 0.00142052
84 0.637896 0.515474 0.00130551
85 0.637896 0.512588 0.00142882
86 0.637896 0.51305 0.00132911
87 0.637896 0.50978 0.00160585
88 0.637896 0.51714 0.00151932
89 0.637896 0.511693 0.00134872
90 0.637896 0.51574 0.00144026
91 0.639337 0.515606 0.00180984
92 0.639337 0.516063 0.00162516
93 0.639337 0.516186 0.00150947
94 0.639337 0.513798 0.00153555
95 0.639337 0.515767 0.00158252
96 0.639337 0.516131 0.00176929
97 0.639337 0.508105 0.0017049
98 0.639337 0.517033 0.00182854
99 0.639337 0.515764 0.0018381
100 0.639337 0.514961 0.00194538
101 0.639337 0.520069 0.00193152
102 0.639337 0.516265 0.00192587
103 0.665876 0.519578 0.00255763
104 0.665876 0.525032 0.0016366
105 0.665876 0.522005 0.00195986
106 0.665876 0.523845 0.00224803
107 0.665876 0.524686 0.00198508
108 0.665876 0.523076 0.00173344
109 0.665876 0.52548 0.00214349
110 0.665876 0.525025 0.00191974
111 0.665876 0.525125 0.00196878
112 0.665876 0.520567 0.0021553
113 0.665876 0.525593 0.00241981
114 0.665876 0.528061 0.00274019
115 0.667012 0.527612 0.00230541
116 0.667012 0.530828 0.00228138
117 0.667012 0.528724 0.00227451
118 0.667012 0.528672 0.00217321
119 0.667012 0.526462 0.00239631
120 0.667012 0.517778 0.00214587
121 0.667012 0.528432 0.00226597
122 0.667012 0.525612 0.00266704
123 0.677876 0.525105 0.00261584
124 0.678757 0.52562 0.0027042
125 0.678757 0.530152 0.00246961
126 0.678757 0.534615 0.00249178
127 0.678757 0.532408 0.00245195
128 0.678757 0.530865 0.00259812
129 0.678757 0.53714 0.00265391
130 0.678757 0.537395 0.00226069
131 0.678757 0.534805 0.00240143
132 0.678757 0.542691 0.00287659
133 0.678757 0.536936 0.00270391
134 0.678757 0.530761 0.00246104
135 0.678757 0.531788 0.00246957
136 0.678757 0.535838 0.00243354
137 0.678757 0.53873 0.00251496
138 0.678757 0.529588 0.00265102
139 0.678757 0.532117 0.00286095
140 0.678757 0.535469 0.00312872
141 0.678757 0.531478 0.00277457
142 0.678757 0.530248 0.00284034
143 0.678757 0.542015 0.00240274
144 0.678757 0.531589 0.00284419
145 0.678757 0.535211 0.00249891
146 0.678757 0.541111 0.00278888
147 0.678757 0.534798 0.00298252
148 0.678757 0.528787 0.00260749
149 0.678757 0.528468 0.00259645
150 0.678757 0.530677 0.00257393
151 0.678757 0.533088 0.00291212
152 0.678757 0.529132 0.00273046
153 0.678757 0.532579 0.00296648
154 0.678757 0.538772 0.00296022
155 0.678757 0.53251 0.00309967
156 0.6807 0.535872 0.00283488
157 0.693007 0.536825 0.0025676
158 0.693007 0.531786 0.00269277
159 0.693007 0.539673 0.00270432
160 0.693007 0.532646 0.0034611
161 0.693007 0.534464 0.00272629
162 0.693007 0.539871 0.00310629
163 0.693007 0.531589 0.00285657
164 0.693007 0.535312 0.00295236
165 0.693007 0.535787 0.0027637
166 0.693007 0.536227 0.00275992
167 0.693007 0.535439 0.00275047
168 0.693007 0.530261 0.00266575
169 0.693007 0.534989 0.00282251
170 0.693007 0.536558 0.00273518
171 0.693007 0.536859 0.0024789
172 0.693007 0.53585 0.0031008
173 0.693007 0.536652 0.00282936
174 0.693007 0.54251 0.00292082
175 0.693007 0.541621 0.00272918
176 0.693007 0.546752 0.00281642
177 0.693007 0.54047 0.00301458
178 0.693007 0.541042 0.00354429
179 0.693007 0.539489 0.00280123
180 0.693007 0.538535 0.00302509
181 0.693007 0.534829 0.00299228
182 0.693007 0.533723 0.00263866
183 0.693007 0.537596 0.00305381
184 0.693007 0.535383 0.00258568
185 0.693007 0.531734 0.0022618
186 0.693007 0.536527 0.00269104
187 0.693007 0.540858 0.0027817
188 0.693007 0.538703 0.00266043
189 0.693007 0.537685 0.00253002
190 0.693007 0.535747 0.00262145
191 0.693007 0.536895 0.00226158
192 0.693007 0.53401 0.00293611
193 0.693007 0.545866 0.00261066
194 0.693007 0.539392 0.002752
195 0.693007 0.537677 0.00270733
196 0.693007 0.535037 0.00287772
197 0.693007 0.533051 0.00298889
198 0.693007 0.538724 0.00302792
199 0.693007 0.538456 0.00299336
200 0.693007 0.538205 0.00272914
201 0.693007 0.5437 0.00309299
202 0.693007 0.545138 0.00253777
203 0.693007 0.537354 0.00270167
204 0.693007 0.546128 0.00260395
205 0.705049 0.545468 0.00303025
206 0.705049 0.545102 0.0030059
207 0.705049 0.537085 0.00335745
208 0.705049 0.533122 0.00293416
209 0.705049 0.534828 0.00325543
210 0.705049 0.539426 0.00347067
211 0.705049 0.543255 0.00291915
212 0.705049 0.544626 0.00291577
213 0.705049 0.543232 0.00304796
214 0.705049 0.54098 0.00317915
215 0.705049 0.54537 0.00348135
216 0.705049 0.539243 0.00311365
217 0.705049 0.53742 0.00302168
218 0.705049 0.539303 0.00304325
219 0.705049 0.538981 0.00268504
220 0.705049 0.534319 0.00274713
221 0.705049 0.532384 0.00328582
222 0.705049 0.538862 0.00268202
223 0.705049 0.542912 0.00287437
224 0.705049 0.53878 0.00325895
225 0.705049 0.53614 0.00304475
226 0.705049 0.539477 0.0033863
227 0.705049 0.538405 0.00325463
228 0.705049 0.541455 0.00261025
229 0.705049 0.533696 0.00342959
230 0.705049 0.537674 0.00278368
231 0.705049 0.537233 0.00311153
232 0.705049 0.538636 0.00322623
233 0.705049 0.532998 0.00374473
234 0.705049 0.538532 0.00320376
235 0.705049 0.533216 0.00323418
236 0.705049 0.535912 0.0035019
237 0.705049 0.544884 0.00287403
238 0.705049 0.539021 0.00332125
239 0.705049 0.531177 0.00343371
240 0.705049 0.531362 0.00296434
241 0.705049 0.53571 0.00305082
242 0.705049 0.535184 0.00386023
243 0.705049 0.537374 0.00366872
244 0.705049 0.54354 0.00376403
245 0.705049 0.541373 0.00324985
246 0.705049 0.543661 0.00320352
247 0.705049 0.538083 0.00265229
248 0.705049 0.53785 0.00346407
249 0.705049 0.53252 0.00322588
250 0.705049 0.538 0.00332373
251 0.705049 0.542397 0.00362677
252 0.705049 0.543786 0.00371841
253 0.705049 0.549462 0.00311014
254 0.705049 0.541052 0.00339238
255 0.705049 0.543072 0.00303605
256 0.705049 0.547851 0.00274665
257 0.705049 0.54164 0.00266579
258 0.705049 0.539367 0.00383888
259 0.705049 0.546749 0.00340276
260 0.705049 0.543825 0.0028156
261 0.705049 0.544512 0.00278757
262 0.705049 0.541699 0.00331155
263 0.705049 0.543555 0.00300366
264 0.705049 0.543987 0.00276331
265 0.705049 0.54528 0.00358147
266 0.705049 0.543845 0.00318578
267 0.705049 0.541744 0.00317904
268 0.705049 0.543759 0.00319112
269 0.705049 0.553495 0.00282643
270 0.705049 0.547791 0.00348045
271 0.705049 0.547554 0.00354263
272 0.705049 0.544327 0.0033405
273 0.705049 0.540126 0.00308622
274 0.705049 0.541387 0.00367
275 0.705049 0.541781 0.00307727
276 0.718376 0.557082 0.00318395
277 0.718376 0.544613 0.00281815
278 0.718376 0.539365 0.00362747
279 0.718376 0.539766 0.00328776
280 0.718376 0.54275 0.00350901
281 0.718376 0.547297 0.00312432
282 0.718376 0.543079 0.00303104
283 0.718376 0.543662 0.00323408
284 0.718376 0.536447 0.00389587
285 0.718376 0.543364 0.00299748
286 0.718376 0.544849 0.00330197
287 0.718376 0.538943 0.00373962
288 0.718376 0.539203 0.00392856
289 0.718376 0.544853 0.00374733
290 0.718376 0.535057 0.00392687
291 0.718376 0.530184 0.00458188
292 0.718376 0.538751 0.00362893
293 0.718376 0.54045 0.00362039
294 0.718376 0.536605 0.0033018
295 0.718376 0.538702 0.00365818
296 0.718376 0.534082 0.0036051
297 0.718376 0.547693 0.00329797
298 0.718376 0.542093 0.00301274
299 0.718376 0.546155 0.00289282
300 0.718376 0.537711 0.0028876
301 0.718376 0.545235 0.00325906
302 0.718376 0.544625 0.00346866
303 0.718376 0.54291 0.00301656
304 0.718376 0.549172 0.00324242
305 0.718376 0.545812 0.0032691
306 0.718376 0.542789 0.00366459
307 0.718376 0.540603 0.00366603
308 0.718376 0.539965 0.0030583
309 0.718376 0.541928 0.00399825
310 0.718376 0.54748 0.00404699
311 0.718376 0.536619 0.00315583
312 0.718376 0.543071 0.00360816
313 0.718376 0.54372 0.00336998
314 0.718376 0.541692 0.0039528
315 0.718376 0.543281 0.0033715
316 0.718376 0.54185 0.00347962
317 0.718376 0.543097 0.00297183
318 0.718376 0.54106 0.00356163
319 0.718376 0.538737 0.00307468
320 0.718376 0.546301 0.00359353
321 0.718376 0.540061 0.00357159
322 0.718376 0.535763 0.00364497
323 0.718376 0.542746 0.00371152
324 0.718376 0.534665 0.0031757
325 0.718376 0.543725 0.00325845
326 0.718376 0.539887 0.00325378
327 0.718376 0.528959 0.0036285
328 0.718376 0.540948 0.00379588
329 0.718376 0.541731 0.00451111
330 0.718376 0.535979 0.0033961
331 0.718376 0.53914 0.00334546
332 0.718376 0.542332 0.00337013
333 0.718376 0.536821 0.00326419
334 0.718376 0.534466 0.00354774
335 0.718376 0.539984 0.00318576
336 0.718376 0.538597 0.00401441
337 0.718376 0.540114 0.0033899
338 0.718376 0.531937 0.00327578
339 0.718376 0.544636 0.00391682
340 0.718376 0.53504 0.00409956
341 0.718376 0.531312 0.0042899
342 0.718376 0.535518 0.00398532
343 0.718376 0.538534 0.00352123
344 0.718376 0.534173 0.00432361
345 0.718376 0.529479 0.0033771
346 0.718376 0.543694 0.00371773
347 0.718376 0.534717 0.0035539
348 0.718376 0.540767 0.00364979
349 0.718376 0.542118 0.0030058
350 0.718376 0.537612 0.0033664
351 0.718376 0.54183 0.00327215
352 0.718376 0.540392 0.00349986
353 0.718376 0.539482 0.00341791
354 0.718376 0.540931 0.00302356
355 0.718376 0.531617 0.00440096
356 0.718376 0.540345 0.00394851
357 0.718376 0.538073 0.00390815
358 0.718376 0.540245 0.00353575
359 0.718376 0.534156 0.00376688
360 0.718376 0.544317 0.0034238
361 0.718376 0.53542 0.00350552
362 0.718376 0.537594 0.00355601
363 0.718376 0.540929 0.00389053
364 0.718376 0.536616 0.0034936
365 0.718376 0.532095 0.00402272
366 0.718376 0.543736 0.00309734
367 0.718376 0.54845 0.00356136
368 0.718376 0.532577 0.00374764
369 0.718376 0.53652 0.00301543
370 0.718376 0.538953 0.00334825
371 0.718376 0.539168 0.00422506
372 0.718376 0.542777 0.00329579
373 0.718376 0.541844 0.00360004
374 0.718376 0.537488 0.0030386
375 0.718376 0.535844 0.00418527
376 0.718376 0.536548 0.00401532
377 0.718376 0.539868 0.00316421
378 0.718376 0.537008 0.00334242
379 0.718376 0.541905 0.00314954
380 0.718376 0.538039 0.00345509
381 0.718376 0.54477 0.00389248
382 0.718376 0.540174 0.00370344
383 0.718376 0.536839 0.0033737
384 0.718376 0.543929 0.0033923
385 0.718376 0.542888 0.00340564
386 0.718376 0.541363 0.00368143
387 0.718376 0.542994 0.00302855
388 0.718376 0.546156 0.00305368
389 0.718376 0.550804 0.00379712
390 0.718376 0.549805 0.00296066
391 0.718376 0.543454 0.00309616
392 0.718376 0.540391 0.00381065
393 0.718376 0.538955 0.0036355
394 0.718376 0.548713 0.00323706
395 0.718376 0.535933 0.00354625
396 0.718376 0.538118 0.00388506
397 0.718376 0.540449 0.00373612
398 0.718376 0.544114 0.0032391
399 0.718376 0.537885 0.00336629
400 0.718376 0.54652 0.00322922
401 0.718376 0.54872 0.00289468
402 0.718376 0.539188 0.00321429
403 0.718376 0.535033 0.00364231
404 0.718376 0.538547 0.00345801
405 0.718376 0.533706 0.00305175
406 0.718376 0.531344 0.00301885
407 0.718376 0.545686 0.00372308
408 0.718376 0.537747 0.00322204
409 0.718376 0.542415 0.00329644
410 0.718376 0.541575 0.00354362
411 0.718376 0.546478 0.0031019
412 0.718376 0.546989 0.00377014
413 0.718376 0.544016 0.00343551
414 0.718376 0.540393 0.00311937
415 0.718376 0.539921 0.00294907
416 0.718376 0.527954 0.00411416
417 0.718376 0.535881 0.0040287
418 0.718376 0.532326 0.00294699
419 0.718376 0.534702 0.00387253
420 0.718376 0.537612 0.00326229
421 0.718376 0.544378 0.00313884
422 0.718376 0.53931 0.00360379
423 0.718376 0.540923 0.00345454
424 0.718376 0.539438 0.0035417
425 0.718376 0.541704 0.00363789
426 0.718376 0.544213 0.00327466
427 0.718376 0.536148 0.00295496
428 0.718376 0.536677 0.00331156
429 0.718376 0.535329 0.00358806
430 0.718376 0.534353 0.00320841
431 0.718376 0.542284 0.00380264
432 0.718376 0.552042 0.0035748
433 0.718376 0.553407 0.00418512
434 0.718376 0.543984 0.00359035
435 0.718376 0.545434 0.00384704
436 0.718376 0.548313 0.00428154
437 0.718376 0.549625 0.0035847
438 0.718376 0.545226 0.00320395
439 0.718376 0.545288 0.00291171
440 0.718376 0.541175 0.00336588
441 0.718376 0.539481 0.00352967
442 0.718376 0.539563 0.00386617
443 0.718376 0.546319 0.00379442
444 0.718376 0.550418 0.00324273
445 0.718376 0.556221 0.00323043
446 0.718376 0.5489 0.00340613
447 0.718376 0.549963 0.00342844
448 0.718376 0.546086 0.00338908
449 0.718376 0.550433 0.00298514
450 0.718376 0.545999 0.00311774
451 0.718376 0.541165 0.00308725
452 0.718376 0.547752 0.00400373
453 0.718376 0.544049 0.00327711
454 0.718376 0.543103 0.003504
455 0.718376 0.548325 0.00367548
456 0.718376 0.54557 0.00308941
457 0.718376 0.547402 0.0035903
458 0.718376 0.546606 0.00383896
459 0.718376 0.54501 0.00448346
460 0.718376 0.547642 0.00375135
461 0.718376 0.543002 0.00384995
462 0.718376 0.5439 0.00348561
463 0.718376 0.55094 0.00345702
464 0.718376 0.559543 0.00378335
465 0.718376 0.551114 0.00352293
466 0.718376 0.542385 0.00337199
467 0.718376 0.55072 0.00367064
468 0.718376 0.543731 0.00394454
469 0.718376 0.5433 0.00434557
470 0.718376 0.546074 0.0031635
471 0.718376 0.550561 0.00297682
472 0.718376 0.548295 0.00363565
473 0.718376 0.548264 0.00336187
474 0.718376 0.555653 0.00387244
475 0.718376 0.547379 0.00318754
476 0.718376 0.550535 0.00372137
477 0.718376 0.538163 0.00344534
478 0.718376 0.543519 0.00320056
479 0.718376 0.548721 0.0030975
480 0.718376 0.554459 0.00372729
481 0.718376 0.552306 0.00349501
482 0.718376 0.553401 0.00361414
483 0.718376 0.536904 0.00356391
484 0.718376 0.549225 0.00409866
485 0.718376 0.54877 0.00378146
486 0.718376 0.551725 0.00388842
487 0.718376 0.547246 0.003494
488 0.718376 0.55467 0.00342565
489 0.718376 0.54049 0.00401976
490 0.718376 0.551666 0.00329878
491 0.718376 0.548656 0.00447703
492 0.718376 0.548449 0.00453866
493 0.718376 0.546396 0.00348829
494 0.718376 0.543822 0.00356316
495 0.718376 0.550944 0.0034648
496 0.718376 0.546778 0.00343272
497 0.718376 0.545075 0.00385365
498 0.718376 0.545494 0.00391522
499 0.718376 0.543424 0.00357372
500 0.718376 0.544247 0.0043578
501 0.718376 0.541437 0.00316258
502 0.718376 0.549723 0.0035526
503 0.718376 0.539501 0.0038875
504 0.718376 0.546603 0.00333037
505 0.718376 0.530209 0.00378543
506 0.718376 0.541788 0.0044066
507 0.718376 0.539445 0.00365005
508 0.718376 0.535128 0.00364818
509 0.718376 0.541066 0.00413191
510 0.718376 0.550054 0.00361137
511 0.718376 0.549175 0.00338903
512 0.718376 0.544716 0.00402373
513 0.718376 0.550569 0.00378427
514 0.718376 0.549551 0.00364037
515 0.718376 0.543408 0.00366263
516 0.718376 0.546104 0.0034956
517 0.718376 0.555552 0.00381777
518 0.718376 0.557618 0.00331694
519 0.718376 0.544354 0.00368207
520 0.718376 0.555236 0.00344622
521 0.718376 0.554217 0.00316131
522 0.718376 0.55388 0.00375869
523 0.718376 0.54351 0.00385278
524 0.718376 0.549645 0.00328773
525 0.718376 0.543635 0.00306939
526 0.718376 0.544248 0.00398302
527 0.718376 0.552995 0.00357859
528 0.718376 0.547155 0.00307419
529 0.718376 0.546939 0.00354508
530 0.718376 0.549047 0.00349584
531 0.718376 0.54599 0.00375122
532 0.718376 0.540172 0.00310826
533 0.718376 0.545794 0.00386379
534 0.718376 0.542407 0.00389814
535 0.718376 0.544352 0.0032737
536 0.718376 0.541967 0.00382634
537 0.718376 0.543353 0.00325853
538 0.718376 0.547346 0.00344531
539 0.718376 0.550451 0.00352946
540 0.718376 0.548062 0.00368773
541 0.718376 0.549855 0.00318099
542 0.718376 0.549836 0.00383904
543 0.718376 0.541931 0.00270379
544 0.718376 0.541544 0.0032702
545 0.718376 0.542525 0.00358517
546 0.718376 0.547089 0.00410049
547 0.718376 0.545003 0.00313819
548 0.718376 0.552723 0.00287693
549 0.718376 0.545785 0.00386021
550 0.718376 0.550921 0.00413927
551 0.718376 0.549294 0.00344692
552 0.718376 0.541819 0.00377458
553 0.718376 0.538437 0.00324686
554 0.718376 0.544298 0.00410138
555 0.718376 0.543415 0.00437968
556 0.718376 0.544824 0.00373464
557 0.718376 0.542656 0.00366183
558 0.718376 0.547787 0.00367868
559 0.718376 0.543637 0.00312663
560 0.718376 0.550368 0.00295113
561 0.718376 0.540114 0.00309097
562 0.718376 0.541024 0.00346273
563 0.718376 0.543719 0.00350291
564 0.718376 0.544751 0.0037293
565 0.718376 0.541053 0.00352776
566 0.718376 0.547906 0.00341789
567 0.718376 0.541473 0.00294507
568 0.718376 0.546234 0.00333056
569 0.718376 0.549117 0.00336449
570 0.718376 0.545957 0.00413266
571 0.718376 0.552383 0.00342024
572 0.718376 0.544582 0.00342711
573 0.718376 0.544039 0.00338149
574 0.718376 0.546487 0.00352814
575 0.718376 0.54928 0.00333698
576 0.718376 0.551524 0.00323536
577 0.718376 0.544548 0.00321573
578 0.718376 0.54674 0.00326233
579 0.718376 0.54077 0.00348938
580 0.718376 0.543203 0.00342392
581 0.718376 0.539956 0.00337753
582 0.718376 0.544125 0.00377122
583 0.718376 0.546815 0.00333828
584 0.718376 0.544055 0.00375373
585 0.718376 0.550023 0.00327882
586 0.718376 0.53591 0.00389704
587 0.718376 0.544002 0.00363754
588 0.718376 0.537097 0.00387256
589 0.718376 0.533362 0.00391099
590 0.718376 0.543799 0.00452952
591 0.718376 0.553102 0.0035006
592 0.718376 0.544126 0.00377259
593 0.720076 0.542338 0.00351543
594 0.720076 0.547451 0.00356339
595 0.720076 0.542057 0.00418553
596 0.720076 0.552668 0.0028897
597 0.720076 0.550956 0.00353087
598 0.720076 0.543648 0.00379561
599 0.720076 0.545648 0.00385345
600 0.720076 0.543225 0.00348551
601 0.720076 0.538759 0.00340051
602 0.720076 0.541879 0.00323442
603 0.720076 0.538676 0.0036491
604 0.720076 0.542271 0.0039176
605 0.720076 0.542833 0.00367053
606 0.720076 0.554296 0.00361554
607 0.720076 0.54706 0.00387033
608 0.720076 0.537484 0.00351562
609 0.720076 0.543475 0.00366151
610 0.720076 0.539054 0.00432698
611 0.720076 0.539861 0.00384875
612 0.720076 0.542084 0.00394224
613 0.720076 0.535382 0.00370814
614 0.720076 0.537593 0.00360658
615 0.720076 0.537154 0.00406101
616 0.720076 0.545699 0.00379544
617 0.720076 0.537913 0.00368613
618 0.720076 0.537914 0.00413349
619 0.720076 0.536 0.0037233
620 0.720076 0.540114 0.0034612
621 0.720076 0.542373 0.00353412
622 0.720076 0.541886 0.00344602
623 0.720076 0.543851 0.00366577
624 0.720076 0.547759 0.00398243
625 0.720076 0.544455 0.00369824
626 0.720076 0.547365 0.00342532
627 0.720076 0.542817 0.00397487
628 0.720076 0.54836 0.00365845
629 0.720076 0.547851 0.00358335
630 0.720076 0.548304 0.00322975
631 0.720076 0.540156 0.00389717
632 0.720076 0.546002 0.00373049
633 0.720076 0.534763 0.00376349
634 0.720076 0.54962 0.00349483
635 0.720076 0.544225 0.00335069
636 0.720076 0.544245 0.00356166
637 0.720076 0.552027 0.00373573
638 0.720076 0.545553 0.00375582
639 0.720076 0.547106 0.00412252
640 0.720076 0.543212 0.00375971
641 0.720076 0.537665 0.00360565
642 0.720076 0.550681 0.00334559
643 0.720076 0.549425 0.00375508
644 0.720076 0.557937 0.00306567
645 0.720076 0.553991 0.00302277
646 0.720076 0.553007 0.00356237
647 0.720076 0.564215 0.00306437
648 0.720076 0.56563 0.00297189
649 0.720076 0.55319 0.00322518
650 0.720076 0.549143 0.00287423
651 0.720076 0.554866 0.0033942
652 0.720076 0.545126 0.0034211
653 0.720076 0.549705 0.00376185
654 0.720076 0.553819 0.00367209
655 0.720076 0.552068 0.00403788
656 0.720076 0.548878 0.00394722
657 0.720076 0.543687 0.00413322
658 0.720076 0.546352 0.00404209
659 0.720076 0.549191 0.00308254
660 0.720076 0.555001 0.00358545
661 0.720076 0.543927 0.00350211
662 0.720076 0.547725 0.00338746
663 0.720076 0.541625 0.00366312
664 0.720076 0.556075 0.00361559
665 0.720076 0.555869 0.0034835
666 0.720076 0.553676 0.00349308
667 0.720076 0.55012 0.00328386
668 0.720076 0.540248 0.00337965
669 0.720076 0.553486 0.00312591
670 0.720076 0.548705 0.00302461
671 0.720076 0.552734 0.00330308
672 0.720076 0.54889 0.00361178
673 0.720076 0.548866 0.00332464
674 0.720076 0.54411 0.00362791
675 0.720076 0.550604 0.00331416
676 0.720076 0.545036 0.00359772
677 0.720076 0.552117 0.0035516
678 0.720076 0.546281 0.00320242
679 0.720076 0.544915 0.0034713
680 0.720076 0.553365 0.00333325
681 0.720076 0.543032 0.00323081
682 0.720076 0.549042 0.00319222
683 0.720076 0.555558 0.00359591
684 0.720076 0.542302 0.00373588
685 0.720076 0.549245 0.00303303
686 0.720076 0.543771 0.0035925
687 0.720076 0.541078 0.00349056
688 0.720076 0.545303 0.00335202
689 0.720076 0.544523 0.00326297
690 0.720076 0.54705 0.00358754
691 0.720076 0.535799 0.00365859
692 0.720076 0.543195 0.0030638
693 0.720076 0.544354 0.00367116
694 0.720076 0.542974 0.00320986
695 0.720076 0.54978 0.00324851
696 0.720076 0.540885 0.00338467
697 0.720076 0.542217 0.00329566
698 0.720076 0.539976 0.00345233
699 0.720076 0.539911 0.00363737
700 0.720076 0.541567 0.00327634
701 0.720076 0.53877 0.00380827
702 0.720076 0.544147 0.00356129
703 0.720076 0.54358 0.00374263
704 0.720076 0.543055 0.00412969
705 0.720076 0.540433 0.00392346
706 0.720076 0.537619 0.0033624
707 0.720076 0.538875 0.00386072
708 0.720076 0.540193 0.0036633
709 0.720076 0.532253 0.00343782
710 0.720076 0.551269 0.00361103
711 0.720076 0.552428 0.00374615
712 0.720076 0.543287 0.00388472
713 0.720076 0.543149 0.00389995
714 0.720076 0.537124 0.00373455
715 0.720076 0.538795 0.00302018
716 0.720076 0.53362 0.00331825
717 0.720076 0.534933 0.0032834
718 0.720076 0.539997 0.00345839
719 0.720076 0.54508 0.00355636
720 0.720076 0.540023 0.00473748
721 0.720076 0.544303 0.00335498
722 0.720076 0.544393 0.00387699
723 0.720076 0.549696 0.00355421
724 0.720076 0.54879 0.00329204
725 0.720076 0.547197 0.00323829
726 0.720076 0.546005 0.00337425
727 0.720076 0.542434 0.00306234
728 0.720076 0.545721 0.00333821
729 0.720076 0.546314 0.00314729
730 0.720076 0.54963 0.003296
731 0.720076 0.545928 0.00349467
732 0.720076 0.542868 0.00405619
733 0.720076 0.555465 0.00333745
734 0.720076 0.547973 0.0032959
735 0.720076 0.548897 0.00319607
736 0.720076 0.550186 0.00330259
737 0.720076 0.545087 0.0030885
738 0.720076 0.553395 0.00273609
739 0.720076 0.546906 0.00406432
740 0.720076 0.538352 0.00369584
741 0.720076 0.540569 0.00301886
742 0.720076 0.545022 0.00342549
743 0.720076 0.543593 0.00401688
744 0.720076 0.543125 0.00399803
745 0.720076 0.549497 0.00397539
746 0.720076 0.556788 0.00357321
747 0.720076 0.543763 0.00348686
748 0.720076 0.546034 0.00363025
749 0.720076 0.542467 0.00352471
750 0.720076 0.548669 0.00306814
751 0.720076 0.546619 0.00330858
752 0.720076 0.539874 0.00336713
753 0.720076 0.535975 0.00419581
754 0.720076 0.543854 0.00385224
755 0.720076 0.543546 0.00304754
756 0.720076 0.545715 0.00375613
757 0.720076 0.545488 0.00345464
758 0.720076 0.537857 0.00397341
759 0.720076 0.537941 0.00352097
760 0.720076 0.528608 0.00369333
761 0.720076 0.540376 0.00295467
762 0.720076 0.540581 0.00337347
763 0.720076 0.546457 0.00298481
764 0.720076 0.544603 0.00382667
765 0.720076 0.542027 0.00379489
766 0.720076 0.536753 0.00381205
767 0.720076 0.537082 0.00320635
768 0.720076 0.536969 0.00312824
769 0.720076 0.534853 0.00374734
770 0.720076 0.544456 0.00402411
771 0.720076 0.548158 0.00351267
772 0.720076 0.545888 0.00324616
773 0.720076 0.543874 0.00332085
774 0.720076 0.549954 0.00293449
775 0.720076 0.545888 0.00334195
776 0.720076 0.54276 0.00393953
777 0.720076 0.541558 0.00361525
778 0.720076 0.545146 0.00310065
779 0.720076 0.543346 0.00334812
780 0.720076 0.550776 0.00360705
781 0.720076 0.546959 0.00402192
782 0.720076 0.542566 0.00298255
783 0.720076 0.540938 0.00354722
784 0.720076 0.539264 0.00338332
785 0.720076 0.544198 0.00355034
786 0.720076 0.544437 0.00362733
787 0.720076 0.547755 0.00305296
788 0.720076 0.541724 0.00327589
789 0.720076 0.545101 0.00360315
790 0.720076 0.54372 0.00349428
791 0.720076 0.537291 0.0034916
792 0.720076 0.542013 0.00343426
793 0.720076 0.543009 0.0037214
794 0.720076 0.541322 0.00342664
795 0.720076 0.543446 0.0039736
796 0.720076 0.546811 0.00342322
797 0.720076 0.543566 0.00357064
798 0.720076 0.535851 0.0040676
799 0.720076 0.538622 0.00349132
800 0.720076 0.538408 0.00307049
801 0.720076 0.55035 0.00391473
802 0.720076 0.541481 0.00360523
803 0.720076 0.542346 0.00366656
804 0.720076 0.528707 0.00340481
805 0.720076 0.534557 0.00357302
806 0.720076 0.537795 0.00363626
807 0.720076 0.542555 0.0037185
808 0.720076 0.542442 0.00366446
809 0.720076 0.541727 0.00337016
810 0.720076 0.542921 0.0031185
811 0.720076 0.551892 0.00335487
812 0.720076 0.539211 0.00350915
813 0.720076 0.538668 0.00341806
814 0.720076 0.530385 0.00370588
815 0.720076 0.537309 0.00378979
816 0.720076 0.550296 0.00377426
817 0.720076 0.544028 0.00343496
818 0.720076 0.541592 0.00315587
819 0.720076 0.546999 0.00300076
820 0.720076 0.552361 0.00339445
821 0.720076 0.549811 0.00332006
822 0.720076 0.546234 0.003676
823 0.720076 0.553722 0.0035612
824 0.720076 0.5495 0.00346948
825 0.720076 0.552165 0.00381464
826 0.720076 0.547426 0.00299403
827 0.720076 0.541854 0.00315968
828 0.720076 0.543076 0.00347998
829 0.720076 0.5472 0.00369461
830 0.720076 0.545583 0.00327051
831 0.720076 0.531367 0.00363707
832 0.720076 0.546682 0.00342271
833 0.720076 0.544484 0.00369611
834 0.720076 0.547084 0.00339424
835 0.720076 0.535443 0.00384958
836 0.720076 0.537604 0.00288939
837 0.720076 0.546029 0.00366475
838 0.720076 0.545045 0.00415574
839 0.720076 0.546449 0.00349362
840 0.720076 0.550731 0.00449779
841 0.720076 0.543986 0.00333344
842 0.720076 0.546525 0.0033379
843 0.720076 0.550379 0.00325853
844 0.720076 0.545589 0.00300786
845 0.720076 0.546463 0.00358148
846 0.720076 0.536594 0.00379759
847 0.720076 0.540772 0.004284
848 0.720076 0.547827 0.00345038
849 0.720076 0.546993 0.00337646
850 0.720076 0.549618 0.00340994
851 0.720076 0.545205 0.0035386
852 0.720076 0.548241 0.00312474
853 0.720076 0.538742 0.00306433
854 0.720076 0.544854 0.00320267
855 0.720076 0.545688 0.00350157
856 0.720076 0.553909 0.00364644
857 0.720076 0.554634 0.00322121
858 0.720076 0.556237 0.00334715
859 0.720076 0.55749 0.0035296
860 0.720076 0.552509 0.00346184
861 0.720076 0.556279 0.00341499
862 0.720076 0.546435 0.00323408
863 0.720076 0.546454 0.0034062
864 0.720076 0.550973 0.00348212
865 0.720076 0.550965 0.00390109
866 0.720076 0.547924 0.00342295
867 0.720076 0.540587 0.0036485
868 0.720076 0.547776 0.00445228
869 0.720076 0.552236 0.00356844
870 0.720076 0.548521 0.00326588
871 0.720076 0.546037 0.00330436
872 0.720076 0.541922 0.00340078
873 0.720076 0.540863 0.00345823
874 0.720076 0.54378 0.00381615
875 0.720076 0.539937 0.00370557
876 0.720076 0.547146 0.00327675
877 0.720076 0.538543 0.00349093
878 0.720076 0.539184 0.00397912
879 0.720076 0.54289 0.00365705
880 0.720076 0.533362 0.00357112
881 0.720076 0.538552 0.00357029
882 0.720076 0.535866 0.00349217
883 0.720076 0.540904 0.00397752
884 0.720076 0.547447 0.00341195
885 0.720076 0.547991 0.00358513
886 0.720076 0.545843 0.00363809
887 0.720076 0.542418 0.00290266
888 0.720076 0.55359 0.00347572
889 0.720076 0.549738 0.00327144
890 0.720076 0.546648 0.00350967
891 0.720076 0.547433 0.00319439
892 0.720076 0.540413 0.00328493
893 0.720076 0.54011 0.00333812
894 0.720076 0.532956 0.00344859
895 0.720076 0.545097 0.00333518
896 0.720076 0.534828 0.00314686
897 0.720076 0.542853 0.0043556
898 0.720076 0.545281 0.00386026
899 0.720076 0.548081 0.00312859
900 0.720076 0.541602 0.00327363
901 0.720076 0.546543 0.00369277
902 0.720076 0.548909 0.0037306
903 0.720076 0.546456 0.00358329
904 0.720076 0.541116 0.00322094
905 0.720076 0.548115 0.00361119
906 0.720076 0.550386 0.0035925
907 0.720076 0.546624 0.0032701
908 0.720076 0.545238 0.00327206
909 0.720076 0.54827 0.00398068
910 0.720076 0.545356 0.00309122
911 0.720076 0.550354 0.00328637
912 0.720076 0.537687 0.00304677
913 0.720076 0.54055 0.00327158
914 0.720076 0.540245 0.00403313
915 0.720076 0.550315 0.00283253
916 0.720076 0.550422 0.00329129
917 0.720076 0.54935 0.00372093
918 0.720076 0.548545 0.00365857
919 0.720076 0.553971 0.00328581
920 0.720076 0.556591 0.00331299
921 0.720076 0.550713 0.00322121
922 0.720076 0.54916 0.0034196
923 0.720076 0.546032 0.00338326
924 0.720076 0.546495 0.00346798
925 0.720076 0.552026 0.00392322
926 0.720076 0.556045 0.00291678
927 0.720076 0.552184 0.00307359
928 0.720076 0.539792 0.00355706
929 0.720076 0.542731 0.00326585
930 0.720076 0.547111 0.00338198
931 0.720076 0.556722 0.00363996
932 0.720076 0.556178 0.0038058
933 0.720076 0.547609 0.00328427
934 0.720076 0.551811 0.00354105
935 0.720076 0.552301 0.00411673
936 0.720076 0.549637 0.00387734
937 0.720076 0.551656 0.00383997
938 0.720076 0.545559 0.00372363
939 0.720076 0.536832 0.00319913
940 0.720076 0.540667 0.00342068
941 0.720076 0.537445 0.00356476
942 0.720076 0.538686 0.00364164
943 0.720076 0.540958 0.0033232
944 0.720076 0.533541 0.00310806
945 0.720076 0.535691 0.00319471
946 0.720076 0.539613 0.00369238
947 0.720076 0.542188 0.00369983
948 0.720076 0.546482 0.00364311
949 0.720076 0.544756 0.00332615
950 0.720076 0.539642 0.00369561
951 0.720076 0.546991 0.00339378
952 0.720076 0.545798 0.00337455
953 0.720076 0.5426 0.00337101
954 0.720076 0.536377 0.00382263
955 0.720076 0.540692 0.00339595
956 0.720076 0.544207 0.00356811
957 0.720076 0.544455 0.0033162
958 0.720076 0.546955 0.00337678
959 0.720076 0.538531 0.00383428
960 0.720076 0.541578 0.0036394
961 0.720076 0.539742 0.00389739
962 0.720076 0.537218 0.00456426
963 0.720076 0.539479 0.00382193
964 0.720076 0.540802 0.00343431
965 0.720076 0.550057 0.00341021
966 0.720076 0.53672 0.00391932
967 0.720076 0.544969 0.00348619
968 0.720076 0.542188 0.00389814
969 0.720076 0.537538 0.00345494
970 0.720076 0.541148 0.00322743
971 0.720076 0.540286 0.00398553
972 0.720076 0.544453 0.00326366
973 0.720076 0.539698 0.00340659
974 0.720076 0.541867 0.00406842
975 0.720076 0.539965 0.00330526
976 0.720076 0.541634 0.00343943
977 0.720076 0.541433 0.00339699
978 0.720076 0.541062 0.00325686
979 0.720076 0.550381 0.00400303
980 0.720076 0.547024 0.00469934
981 0.720076 0.556003 0.00389745
982 0.720076 0.553006 0.00379924
983 0.720076 0.54375 0.00386547
984 0.720076 0.55584 0.00331265
985 0.720076 0.547559 0.00414284
986 0.720076 0.554781 0.00322019
987 0.720076 0.550941 0.00390321
988 0.720076 0.558656 0.00314157
989 0.720076 0.543564 0.00360702
990 0.720076 0.540192 0.00410713
991 0.720076 0.550921 0.00377389
992 0.720076 0.545271 0.00389302
993 0.720076 0.539488 0.00360732
994 0.720076 0.546761 0.00306568
995 0.720076 0.542137 0.00306827
996 0.720076 0.544091 0.00329093
997 0.720076 0.550508 0.00325585
998 0.720076 0.555548 0.00333728
999 0.720076 0.555783 0.00293662
1000 0.720076 0.55326 0.00369088
1001 0.720076 0.557818 0.00351944
1002 0.720076 0.560347 0.00329192
1003 0.720076 0.557513 0.003682
1004 0.720076 0.549068 0.00313816
1005 0.720076 0.553935 0.00284571
1006 0.720076 0.555092 0.0029692
1007 0.720076 0.55327 0.00373572
1008 0.720076 0.557774 0.00338177
1009 0.720076 0.554991 0.00303336
1010 0.720076 0.554958 0.00358816
1011 0.720076 0.554907 0.00313684
1012 0.720076 0.55494 0.00366509
1013 0.720076 0.557345 0.00282692
1014 0.720076 0.552474 0.00356352
1015 0.720076 0.554227 0.00354189
1016 0.720076 0.558121 0.00357869
1017 0.720076 0.558546 0.00365896
1018 0.720076 0.560384 0.00315552
1019 0.720076 0.554457 0.00350962
1020 0.720076 0.552675 0.00340976
1021 0.720076 0.549027 0.00361442
1022 0.720076 0.555287 0.00349218
1023 0.720076 0.547464 0.00307147
1024 0.720076 0.552946 0.00319601
1025 0.720076 0.549634 0.00311259
1026 0.720076 0.552589 0.0030063
1027 0.720076 0.556817 0.00373758
1028 0.720076 0.5609 0.00313792
1029 0.720076 0.557006 0.00331968
1030 0.720076 0.551981 0.00312163
1031 0.720076 0.554308 0.00358354
1032 0.720076 0.554965 0.00320803
1033 0.720076 0.551756 0.00335453
1034 0.720076 0.548875 0.0031928
1035 0.720076 0.554549 0.00346521
1036 0.720076 0.546742 0.00352187
1037 0.720076 0.544809 0.00365577
1038 0.720076 0.550409 0.00332257
1039 0.720076 0.552883 0.00282325
1040 0.720076 0.552501 0.00400413
1041 0.720076 0.550569 0.00403911
1042 0.720076 0.545285 0.00390274
1043 0.720076 0.550307 0.00370155
1044 0.720076 0.5471 0.00326603
1045 0.720076 0.553662 0.00361556
1046 0.720076 0.550712 0.00343204
1047 0.720076 0.547997 0.00356275
1048 0.720076 0.558514 0.00327244
1049 0.720076 0.552697 0.00394418
1050 0.720076 0.553943 0.00384005
1051 0.720076 0.547731 0.00379413
1052 0.720076 0.539426 0.00336161
1053 0.720076 0.545796 0.00330994
1054 0.720076 0.54959 0.00350183
1055 0.720076 0.54762 0.0034571
1056 0.720076 0.55096 0.00411689
1057 0.720076 0.545641 0.0036457
1058 0.720076 0.544212 0.00388501
1059 0.720076 0.546189 0.00306915
1060 0.720076 0.544965 0.00394789
1061 0.720076 0.548544 0.00284264
1062 0.720076 0.542058 0.00348878
1063 0.720076 0.550131 0.00367276
1064 0.720076 0.547381 0.00313192
1065 0.720076 0.549597 0.00408617
1066 0.720076 0.557305 0.00360194
1067 0.720076 0.554799 0.00332523
1068 0.720076 0.562778 0.00329163
1069 0.720076 0.552282 0.00394724
1070 0.720076 0.558963 0.00370895
1071 0.720076 0.554182 0.00330952
1072 0.720076 0.556064 0.00359768
1073 0.720076 0.551796 0.0037315
1074 0.720076 0.548643 0.00369145
1075 0.720076 0.550159 0.00285112
1076 0.720076 0.551332 0.0032726
1077 0.720076 0.549072 0.00404983
1078 0.720076 0.547331 0.00451677
1079 0.720076 0.556971 0.00386359
1080 0.720076 0.555378 0.0032634
1081 0.720076 0.549233 0.00410691
1082 0.720076 0.554369 0.00390357
1083 0.720076 0.545275 0.00397392
1084 0.720076 0.55112 0.00344894
1085 0.720076 0.55702 0.00294196
1086 0.720076 0.557796 0.00291741
1087 0.720076 0.553615 0.00332794
1088 0.720076 0.565867 0.00376563
1089 0.720076 0.553378 0.00379101
1090 0.720076 0.554624 0.00401962
1091 0.720076 0.546019 0.00369056
1092 0.720076 0.549266 0.00305661
1093 0.720076 0.549357 0.00362729
1094 0.720076 0.546173 0.00394095
1095 0.720076 0.536827 0.00332814
1096 0.720076 0.545844 0.00351246
1097 0.720076 0.549272 0.0031061
1098 0.720076 0.550772 0.00312415
1099 0.720076 0.552727 0.00269338
1100 0.720076 0.554117 0.00334877
1101 0.720076 0.552346 0.00366365
1102 0.720076 0.547867 0.00368845
1103 0.720076 0.550484 0.00397419
1104 0.720076 0.546285 0.00374731
1105 0.720076 0.54898 0.00367076
1106 0.720076 0.542465 0.00305683
1107 0.720076 0.546578 0.00329186
1108 0.720076 0.552173 0.00320621
1109 0.720076 0.552913 0.00345459
1110 0.720076 0.553031 0.00340063
1111 0.720076 0.545376 0.00343598
1112 0.720076 0.552753 0.00366611
1113 0.720076 0.553617 0.00388554
1114 0.720076 0.547273 0.00378556
1115 0.720076 0.54718 0.00360931
1116 0.720076 0.552624 0.00372912
1117 0.720076 0.55081 0.00347648
1118 0.720076 0.550093 0.00370347
1119 0.720076 0.549156 0.00340269
1120 0.720076 0.555944 0.00367794
1121 0.720076 0.55342 0.00375689
1122 0.720076 0.557197 0.00368774
1123 0.720076 0.552233 0.00305201
1124 0.720076 0.549187 0.0037165
1125 0.720076 0.554944 0.00385622
1126 0.720076 0.545557 0.00389633
1127 0.720076 0.548881 0.00305114
1128 0.720076 0.551176 0.0035928
1129 0.720076 0.542509 0.00362988
1130 0.720076 0.543333 0.00388175
1131 0.720076 0.543318 0.00380664
1132 0.720076 0.542458 0.00375798
1133 0.720076 0.535387 0.00361078
1134 0.720076 0.542621 0.0034013
1135 0.720076 0.54517 0.0035694
1136 0.720076 0.542364 0.00385796
1137 0.720076 0.540749 0.00379675
1138 0.720076 0.541045 0.0035274
1139 0.720076 0.543877 0.00319798
1140 0.720076 0.537695 0.00318463
1141 0.720076 0.542384 0.00371675
1142 0.720076 0.54764 0.00336703
1143 0.720076 0.55089 0.00389853
1144 0.720076 0.543125 0.00406474
1145 0.720076 0.55483 0.00340296
1146 0.720076 0.544906 0.00352254
1147 0.720076 0.546811 0.00357943
1148 0.720076 0.543606 0.00348711
1149 0.720076 0.54132 0.00329586
1150 0.720076 0.549613 0.00366849
1151 0.720076 0.552744 0.00353183
1152 0.720076 0.548365 0.00411802
1153 0.720076 0.546937 0.00382303
1154 0.720076 0.547838 0.00387244
1155 0.720076 0.541159 0.00332623
1156 0.720076 0.542796 0.00331666
1157 0.720076 0.550312 0.00344526
1158 0.720076 0.550561 0.00320461
1159 0.720076 0.546234 0.00334134
1160 0.720076 0.546776 0.0038936
1161 0.720076 0.547641 0.00334492
1162 0.720076 0.541056 0.00365039
1163 0.720076 0.53606 0.00364978
1164 0.720076 0.537786 0.00338913
1165 0.720076 0.543058 0.00336633
1166 0.720076 0.546552 0.00383599
1167 0.720076 0.551627 0.00324253
1168 0.720076 0.544837 0.00383633
1169 0.720076 0.547222 0.00421601
1170 0.720076 0.555122 0.00356158
1171 0.720076 0.55194 0.00320151
1172 0.720076 0.554732 0.00366277
1173 0.720076 0.547996 0.00381641
1174 0.720076 0.552263 0.00342753
1175 0.720076 0.542065 0.00363069
1176 0.720076 0.542672 0.00358197
1177 0.720076 0.543047 0.00378996
1178 0.720076 0.537032 0.00346665
1179 0.720076 0.537522 0.00316302
1180 0.720076 0.54128 0.00327314
1181 0.720076 0.542506 0.00331946
1182 0.720076 0.539897 0.00353635
1183 0.720076 0.538386 0.00301487
1184 0.720076 0.539979 0.00425032
1185 0.720076 0.539462 0.00375196
1186 0.720076 0.546712 0.00358753
1187 0.720076 0.541479 0.0033404
1188 0.720076 0.545016 0.00329323
1189 0.720076 0.553377 0.00362386
1190 0.720076 0.547557 0.00383415
1191 0.720076 0.549037 0.00404554
1192 0.720076 0.555161 0.00406396
1193 0.720076 0.54715 0.00394997
1194 0.720076 0.543466 0.00454013
1195 0.720076 0.538538 0.00414466
1196 0.720076 0.545005 0.00400311
1197 0.720076 0.549034 0.00365385
1198 0.720076 0.549298 0.00301284
1199 0.720076 0.545291 0.00330491
1200 0.720076 0.543797 0.00348905
1201 0.720076 0.540735 0.00358358
1202 0.720076 0.545948 0.00399832
1203 0.720076 0.554437 0.00362903
1204 0.72449 0.550655 0.00368232
1205 0.72449 0.549738 0.00368182
1206 0.72449 0.546608 0.00380183
1207 0.72449 0.555004 0.00319128
1208 0.72449 0.54822 0.00350311
1209 0.72449 0.550971 0.0034207
1210 0.72449 0.544407 0.00329491
1211 0.72449 0.549384 0.0032174
1212 0.72449 0.556031 0.00369235
1213 0.72449 0.551264 0.00336025
1214 0.72449 0.552215 0.00304386
1215 0.72449 0.54758 0.00345467
1216 0.72449 0.547757 0.00424584
1217 0.72449 0.541329 0.00427828
1218 0.72449 0.538056 0.00360058
1219 0.72449 0.54072 0.00356611
1220 0.72449 0.539922 0.00348118
1221 0.72449 0.546019 0.00334082
1222 0.72449 0.546421 0.00380854
1223 0.72449 0.542311 0.00403904
1224 0.72449 0.549555 0.00342437
1225 0.72449 0.547393 0.00362439
1226 0.72449 0.546648 0.00370632
1227 0.72449 0.545682 0.00373124
1228 0.72449 0.549378 0.0030571
1229 0.72449 0.548912 0.00395832
1230 0.72449 0.542412 0.00450625
1231 0.72449 0.548467 0.00321319
1232 0.72449 0.551714 0.00359322
1233 0.72449 0.537035 0.00421121
1234 0.72449 0.540337 0.00392533
1235 0.72449 0.549876 0.00353237
1236 0.72449 0.552675 0.00352537
1237 0.72449 0.545319 0.00364281
1238 0.72449 0.548316 0.00325334
1239 0.72449 0.545665 0.00434483
1240 0.72449 0.544307 0.00378143
1241 0.72449 0.54701 0.00371598
1242 0.72449 0.548504 0.00336731
1243 0.72449 0.543847 0.00425687
1244 0.72449 0.551798 0.00360959
1245 0.72449 0.537087 0.00417623
1246 0.72449 0.543221 0.00385807
1247 0.72449 0.542107 0.00367473
1248 0.72449 0.535624 0.00408787
1249 0.72449 0.543113 0.00381859
1250 0.72449 0.547043 0.00356856
1251 0.72449 0.540136 0.00384687
1252 0.72449 0.540789 0.00365345
1253 0.72449 0.537599 0.00338978
1254 0.72449 0.538855 0.00309957
1255 0.72449 0.525345 0.00347186
1256 0.72449 0.536135 0.00341131
1257 0.72449 0.53565 0.00328371
1258 0.72449 0.541478 0.00354805
1259 0.72449 0.537792 0.00398377
1260 0.72449 0.538788 0.0041028
1261 0.72449 0.544475 0.00371406
1262 0.72449 0.541318 0.00336188
1263 0.72449 0.547355 0.00365583
1264 0.72449 0.543296 0.00342262
1265 0.72449 0.549907 0.00394105
1266 0.72449 0.549657 0.00395144
1267 0.72449 0.561467 0.00332392
1268 0.72449 0.546774 0.00327432
1269 0.72449 0.555212 0.00359457
1270 0.72449 0.550077 0.00341148
1271 0.72449 0.548864 0.00343614
1272 0.72449 0.546246 0.00364461
1273 0.72449 0.556345 0.0038102
1274 0.72449 0.542305 0.00374842
1275 0.72449 0.546176 0.00410695
1276 0.72449 0.551294 0.00367096
1277 0.72449 0.542545 0.00380201
1278 0.72449 0.55055 0.00331513
1279 0.72449 0.546439 0.00368607
1280 0.72449 0.548244 0.00314185
1281 0.72449 0.546812 0.00335392
1282 0.72449 0.548849 0.0030597
1283 0.72449 0.545869 0.00363947
1284 0.72449 0.54385 0.00317498
1285 0.72449 0.550719 0.00382672
1286 0.72449 0.551487 0.00350477
1287 0.72449 0.550676 0.00299023
1288 0.72449 0.54923 0.00377809
1289 0.72449 0.548826 0.00343242
1290 0.72449 0.557173 0.00372522
1291 0.72449 0.543186 0.00354111
1292 0.72449 0.54764 0.00378362
1293 0.72449 0.537423 0.00339233
1294 0.72449 0.543105 0.00348115
1295 0.72449 0.540774 0.00361057
1296 0.72449 0.544416 0.00342846
1297 0.72449 0.543848 0.00410338
1298 0.72449 0.544259 0.00372279
1299 0.72449 0.544832 0.00368716
1300 0.72449 0.541087 0.00404523
1301 0.72449 0.535977 0.00378666
1302 0.72449 0.543331 0.00393571
1303 0.72449 0.535974 0.00380769
1304 0.72449 0.54496 0.00394269
1305 0.72449 0.54744 0.00421026
1306 0.72449 0.550677 0.00365841
1307 0.72449 0.547203 0.00374071
1308 0.72449 0.543766 0.0036338
1309 0.72449 0.546278 0.00382178
1310 0.72449 0.539009 0.00336815
1311 0.72449 0.54458 0.00384579
1312 0.72449 0.540037 0.00398821
1313 0.72449 0.537963 0.0038715
1314 0.72449 0.539668 0.00389915
1315 0.72449 0.544396 0.00386215
1316 0.72449 0.544044 0.00337251
1317 0.72449 0.539012 0.0033044
1318 0.72449 0.542978 0.00344705
1319 0.72449 0.5409 0.00395859
1320 0.72449 0.544436 0.00340153
1321 0.72449 0.544849 0.00310238
1322 0.72449 0.544227 0.00355606
1323 0.72449 0.544611 0.00322116
1324 0.72449 0.543484 0.00333359
1325 0.72449 0.541037 0.00371508
1326 0.72449 0.545956 0.00374957
1327 0.72449 0.543768 0.00385496
1328 0.72449 0.540508 0.00347203
1329 0.72449 0.551564 0.00355351
1330 0.72449 0.541427 0.00315016
1331 0.72449 0.542423 0.00379804
1332 0.72449 0.53953 0.0035482
1333 0.72449 0.542295 0.00347013
1334 0.72449 0.539956 0.00362974
1335 0.72449 0.536657 0.00342263
1336 0.72449 0.53994 0.00345965
1337 0.72449 0.537389 0.00363435
1338 0.72449 0.545006 0.00324176
1339 0.72449 0.536015 0.00328336
1340 0.72449 0.544719 0.00353229
1341 0.72449 0.541011 0.0037922
1342 0.72449 0.540525 0.00329172
1343 0.72449 0.544183 0.0040469
1344 0.72449 0.545617 0.00341944
1345 0.72449 0.545064 0.0035792
1346 0.72449 0.544168 0.00380778
1347 0.72449 0.54196 0.00364089
1348 0.72449 0.542083 0.00313879
1349 0.72449 0.534165 0.00416531
1350 0.72449 0.539762 0.00343896
1351 0.72449 0.547804 0.00305277
1352 0.72449 0.547135 0.00343612
1353 0.72449 0.539353 0.0036835
1354 0.72449 0.542674 0.00324183
1355 0.72449 0.542361 0.00325597
1356 0.72449 0.543612 0.00417901
1357 0.72449 0.548512 0.00416906
1358 0.72449 0.540885 0.00351334
1359 0.72449 0.545116 0.00362057
1360 0.72449 0.545947 0.00392734
1361 0.72449 0.547693 0.00312834
1362 0.72449 0.548058 0.00367845
1363 0.72449 0.547994 0.00344277
1364 0.72449 0.552407 0.00300314
1365 0.72449 0.552758 0.00295367
1366 0.72449 0.553259 0.00390436
1367 0.72449 0.556464 0.00386266
1368 0.72449 0.548789 0.00398104
1369 0.72449 0.545166 0.00351018
1370 0.72449 0.542938 0.00399511
1371 0.72449 0.543142 0.00353456
1372 0.72449 0.546444 0.00345346
1373 0.72449 0.538182 0.00349876
1374 0.72449 0.545985 0.00355966
1375 0.72449 0.540354 0.00342977
1376 0.72449 0.539592 0.00385711
1377 0.72449 0.545704 0.0033022
1378 0.72449 0.536974 0.00380523
1379 0.72449 0.542247 0.00348517
1380 0.72449 0.538819 0.00364435
1381 0.72449 0.543947 0.00347719
1382 0.72449 0.546864 0.00364279
1383 0.72449 0.548579 0.00386209
1384 0.72449 0.546174 0.0036099
1385 0.72449 0.544719 0.00386491
1386 0.72449 0.542049 0.00345839
1387 0.72449 0.545807 0.00309016
1388 0.72449 0.552416 0.00307574
1389 0.72449 0.552032 0.0034534
1390 0.72449 0.546723 0.00350993
1391 0.72449 0.554896 0.00316372
1392 0.72449 0.546371 0.00364521
1393 0.72449 0.538416 0.00363406
1394 0.72449 0.53928 0.00386248
1395 0.72449 0.537202 0.00320583
1396 0.72449 0.545628 0.00322923
1397 0.72449 0.53928 0.00309143
1398 0.72449 0.538786 0.00321803
1399 0.72449 0.538412 0.00356758
1400 0.72449 0.545288 0.00344852
1401 0.72449 0.540214 0.00351216
1402 0.72449 0.540624 0.00367373
1403 0.72449 0.537607 0.00367607
1404 0.72449 0.539252 0.00343254
1405 0.72449 0.544635 0.003564
1406 0.72449 0.535898 0.00405613
1407 0.72449 0.545225 0.00341248
1408 0.72449 0.543257 0.00333334
1409 0.72449 0.544984 0.00299606
1410 0.72449 0.545104 0.00353074
1411 0.72449 0.546267 0.0032213
1412 0.72449 0.543055 0.00383962
1413 0.72449 0.540757 0.00399998
1414 0.72449 0.544939 0.0037026
1415 0.72449 0.550672 0.00370129
1416 0.72449 0.547182 0.00374791
1417 0.72449 0.548763 0.00338323
1418 0.72449 0.553775 0.00385471
1419 0.72449 0.549079 0.00348837
1420 0.72449 0.557696 0.00369122
1421 0.72449 0.547991 0.00333922
1422 0.72449 0.542571 0.00307697
1423 0.72449 0.548027 0.003703
1424 0.72449 0.553977 0.00426204
1425 0.72449 0.55723 0.00373801
1426 0.72449 0.54457 0.00367334
1427 0.72449 0.547688 0.00316941
1428 0.72449 0.544463 0.0033842
1429 0.72449 0.543974 0.00363679
1430 0.72449 0.549694 0.0032715
1431 0.72449 0.547687 0.00339111
1432 0.72449 0.55211 0.00327438
1433 0.72449 0.545207 0.00376176
1434 0.72449 0.54589 0.00331808
1435 0.72449 0.543851 0.00355091
1436 0.72449 0.548524 0.00382668
1437 0.72449 0.540707 0.00384567
1438 0.72449 0.541773 0.00347928
1439 0.72449 0.541196 0.00429089
1440 0.72449 0.538589 0.00419407
1441 0.72449 0.545246 0.0042519
1442 0.72449 0.543019 0.0041341
1443 0.72449 0.545686 0.00368359
1444 0.72449 0.551732 0.00375434
1445 0.72449 0.551994 0.00333835
1446 0.72449 0.554826 0.0034367
1447 0.72449 0.553665 0.00390374
1448 0.72449 0.554089 0.00315705
1449 0.72449 0.549151 0.0032289
1450 0.72449 0.549191 0.00314963
1451 0.72449 0.546375 0.00355023
1452 0.72449 0.553469 0.00314807
1453 0.72449 0.54817 0.00363112
1454 0.72449 0.55793 0.00321405
1455 0.72449 0.55477 0.00373592
1456 0.72449 0.542365 0.00336348
1457 0.72449 0.544479 0.00379992
1458 0.72449 0.555949 0.00369813
1459 0.72449 0.555069 0.00381677
1460 0.72449 0.557219 0.00371882
1461 0.72449 0.545808 0.00362429
1462 0.72449 0.547868 0.00376264
1463 0.72449 0.549232 0.00388495
1464 0.72449 0.553872 0.0040804
1465 0.72449 0.554156 0.00346279
1466 0.72449 0.548867 0.00369293
1467 0.72449 0.549474 0.00375003
1468 0.72449 0.553822 0.00402029
1469 0.72449 0.552552 0.0039332
1470 0.72449 0.549706 0.00423802
1471 0.72449 0.549503 0.00388233
1472 0.72449 0.54758 0.00417932
1473 0.72449 0.556315 0.00423876
1474 0.72449 0.543792 0.00331877
1475 0.72449 0.547708 0.0038945
1476 0.72449 0.545836 0.00407458
1477 0.72449 0.552484 0.00347067
1478 0.72449 0.556498 0.00371952
1479 0.72449 0.560682 0.00381263
1480 0.72449 0.554644 0.00329241
1481 0.72449 0.557387 0.00391641
1482 0.72449 0.556785 0.00364358
1483 0.72449 0.560457 0.00344485
1484 0.72449 0.558028 0.00347988
1485 0.72449 0.55506 0.00357001
1486 0.72449 0.553586 0.00370007
1487 0.72449 0.554492 0.00386972
1488 0.72449 0.551537 0.00408289
1489 0.72449 0.550257 0.00373654
1490 0.72449 0.557343 0.00409773
1491 0.72449 0.549108 0.00344304
1492 0.72449 0.551493 0.00352034
1493 0.72449 0.55023 0.00311852
1494 0.72449 0.541586 0.00393607
1495 0.72449 0.550667 0.00360201
1496 0.72449 0.550102 0.00362478
1497 0.72449 0.545835 0.00395881
1498 0.72449 0.546724 0.00374804
1499 0.72449 0.55167 0.00359283
1500 0.72449 0.555144 0.00377078
1501 0.72449 0.551108 0.00397498
1502 0.72449 0.565543 0.00330826
1503 0.72449 0.559196 0.00307734
1504 0.72449 0.560417 0.00365998
1505 0.72449 0.559283 0.00349153
1506 0.72449 0.565151 0.0037291
1507 0.72449 0.563356 0.00361177
1508 0.72449 0.558051 0.00339295
1509 0.72449 0.560296 0.00374262
1510 0.72449 0.562792 0.00344182
1511 0.72449 0.560992 0.00396922
1512 0.72449 0.558939 0.00353555
1513 0.72449 0.560264 0.00380759
1514 0.72449 0.5609 0.00322708
1515 0.72449 0.559658 0.00317813
1516 0.72449 0.554633 0.00295115
1517 0.72449 0.559894 0.00332268
1518 0.72449 0.561995 0.00301304
1519 0.72449 0.559127 0.00358157
1520 0.72449 0.54828 0.00367702
1521 0.72449 0.550697 0.00332309
1522 0.72449 0.554485 0.00308937
1523 0.72449 0.547198 0.00349695
1524 0.72449 0.560118 0.00366759
1525 0.72449 0.563898 0.00325498
1526 0.72449 0.561976 0.00326707
1527 0.72449 0.562864 0.00345177
1528 0.72449 0.562552 0.00325631
1529 0.72449 0.552036 0.00344907
1530 0.72449 0.551192 0.00373064
1531 0.72449 0.551299 0.0034195
1532 0.72449 0.555063 0.00367371
1533 0.72449 0.556148 0.00385943
1534 0.72449 0.541902 0.0038868
1535 0.72449 0.560682 0.00354623
1536 0.72449 0.559378 0.00343791
1537 0.72449 0.555154 0.00348334
1538 0.72449 0.559915 0.00400966
1539 0.72449 0.562443 0.00357709
1540 0.72449 0.56278 0.00361816
1541 0.72449 0.560115 0.00446933
1542 0.72449 0.556967 0.0034573
1543 0.72449 0.557133 0.00428652
1544 0.72449 0.561034 0.0035586
1545 0.72449 0.55689 0.00420553
1546 0.72449 0.56076 0.00337122
1547 0.72449 0.559456 0.00333333
1548 0.72449 0.559237 0.00299393
1549 0.72449 0.558722 0.00341117
1550 0.72449 0.562213 0.00352439
1551 0.72449 0.56565 0.00321453
1552 0.72449 0.563777 0.00318812
1553 0.72449 0.569437 0.0032213
1554 0.72449 0.569771 0.00339109
1555 0.72449 0.561432 0.00343536
1556 0.72449 0.565238 0.00366798
1557 0.72449 0.558773 0.00364224
1558 0.72449 0.559194 0.00315789
1559 0.72449 0.555868 0.00328516
1560 0.72449 0.556477 0.00323898
1561 0.72449 0.552455 0.00342789
1562 0.72449 0.548195 0.00319879
1563 0.72449 0.555096 0.00366799
1564 0.72449 0.551661 0.00402833
1565 0.72449 0.552852 0.00352821
1566 0.72449 0.548048 0.0034145
1567 0.72449 0.548291 0.00360207
1568 0.72449 0.550809 0.00415745
1569 0.72449 0.553952 0.00367565
1570 0.72449 0.554641 0.00374117
1571 0.72449 0.561255 0.00372972
1572 0.72449 0.553564 0.00396502
1573 0.72449 0.566997 0.00359286
1574 0.72449 0.561984 0.00392585
1575 0.72449 0.560046 0.00374321
1576 0.72449 0.557015 0.0034241
1577 0.72449 0.549481 0.00379895
1578 0.72449 0.557838 0.00381279
1579 0.72449 0.552238 0.00409122
1580 0.72449 0.559185 0.00275886
1581 0.72449 0.552484 0.00324371
1582 0.72449 0.558971 0.00333658
1583 0.72449 0.557731 0.0037711
1584 0.72449 0.558959 0.00402082
1585 0.72449 0.557308 0.00355876
1586 0.72449 0.562903 0.00338231
1587 0.72449 0.565599 0.00362575
1588 0.72449 0.569017 0.0032744
1589 0.72449 0.560143 0.00362546
1590 0.72449 0.565059 0.00314955
1591 0.72449 0.563991 0.00341919
1592 0.72449 0.565459 0.00299785
1593 0.72449 0.560282 0.00366077
1594 0.72449 0.556097 0.00370612
1595 0.72449 0.567157 0.00353613
1596 0.72449 0.564157 0.00327287
1597 0.72449 0.565317 0.00399529
1598 0.72449 0.559689 0.00359173
1599 0.72449 0.555502 0.00356566
1600 0.72449 0.559392 0.00311741
1601 0.72449 0.557692 0.00392568
1602 0.72449 0.560754 0.00346388
1603 0.72449 0.568212 0.00351726
1604 0.72449 0.562081 0.00405848
1605 0.72449 0.566154 0.00309188
1606 0.72449 0.55494 0.00305753
1607 0.72449 0.560588 0.00324879
1608 0.72449 0.565071 0.00335737
1609 0.72449 0.560517 0.00368626
1610 0.72449 0.560142 0.0039413
1611 0.72449 0.555672 0.00357533
1612 0.72449 0.55894 0.00349288
1613 0.72449 0.559733 0.00358493
1614 0.72449 0.567947 0.00335373
1615 0.72449 0.569899 0.00275792
1616 0.72449 0.571832 0.00319434
1617 0.72449 0.556537 0.00299123
1618 0.72449 0.568755 0.00280548
1619 0.72449 0.565447 0.00323223
1620 0.72449 0.558081 0.00348759
1621 0.72449 0.56151 0.00354792
1622 0.72449 0.562208 0.00330111
1623 0.72449 0.559612 0.0034041
1624 0.72449 0.559672 0.00272116
1625 0.72449 0.554171 0.00291173
1626 0.72449 0.559507 0.00322391
1627 0.72449 0.557758 0.00367713
1628 0.72449 0.561885 0.00377437
1629 0.72449 0.560942 0.00350986
1630 0.72449 0.571264 0.00361067
1631 0.72449 0.564922 0.00293235
1632 0.72449 0.561983 0.00352304
1633 0.72449 0.562699 0.00361667
1634 0.72449 0.571207 0.00328311
1635 0.72449 0.573741 0.00321588
1636 0.72449 0.562477 0.00333535
1637 0.72449 0.558039 0.00389409
1638 0.72449 0.561473 0.00285267
1639 0.72449 0.555472 0.00316349
1640 0.72449 0.55526 0.00350753
1641 0.72449 0.553836 0.00405356
1642 0.72449 0.567447 0.00317461
1643 0.72449 0.558746 0.00347007
1644 0.72449 0.561554 0.0029117
1645 0.72449 0.5631 0.00320803
1646 0.72449 0.564054 0.0036871
1647 0.72449 0.564921 0.00339153
1648 0.72449 0.556273 0.00370525
1649 0.72449 0.549345 0.00321311
1650 0.72449 0.547008 0.00386635
1651 0.72449 0.553948 0.00342641
1652 0.72449 0.555186 0.0036231
1653 0.72449 0.557169 0.00368767
1654 0.72449 0.555722 0.00407316
1655 0.72449 0.558166 0.00325905
1656 0.72449 0.556408 0.00322834
1657 0.72449 0.550618 0.00321102
1658 0.72449 0.556043 0.00314
1659 0.72449 0.563501 0.00341983
1660 0.72449 0.559701 0.00343686
1661 0.72449 0.560031 0.00371559
1662 0.72449 0.558938 0.00383175
1663 0.72449 0.568922 0.00340715
1664 0.72449 0.561506 0.00396546
1665 0.72449 0.561454 0.00343274
1666 0.72449 0.562271 0.00327701
1667 0.72449 0.564417 0.00336624
1668 0.72449 0.569852 0.0033393
1669 0.72449 0.563998 0.00367027
1670 0.72449 0.564965 0.00384312
1671 0.72449 0.565144 0.0032622
1672 0.72449 0.564259 0.00343628
1673 0.72449 0.567574 0.00365077
1674 0.72449 0.556305 0.0034828
1675 0.72449 0.565811 0.00342019
1676 0.72449 0.562423 0.00279483
1677 0.72449 0.56799 0.00319591
1678 0.72449 0.55972 0.00342397
1679 0.72449 0.562872 0.00404604
1680 0.72449 0.562949 0.00330849
1681 0.72449 0.566688 0.0038865
1682 0.72449 0.56671 0.0034227
1683 0.72449 0.561437 0.00357747
1684 0.72449 0.560418 0.00324796
1685 0.72449 0.559961 0.00328649
1686 0.72449 0.555702 0.00368065
1687 0.72449 0.553058 0.00300642
1688 0.72449 0.551425 0.00343905
1689 0.72449 0.551121 0.0039139
1690 0.72449 0.559733 0.00330404
1691 0.72449 0.550898 0.00329288
1692 0.72449 0.557461 0.00385001
1693 0.72449 0.55843 0.00321726
1694 0.72449 0.563518 0.0028628
1695 0.72449 0.566108 0.00280303
1696 0.72449 0.562913 0.00326306
1697 0.72449 0.567088 0.00325974
1698 0.72449 0.559273 0.00356913
1699 0.72449 0.571715 0.00339782
1700 0.72449 0.5706 0.00325694
1701 0.72449 0.55978 0.00354834
1702 0.72449 0.556566 0.00322251
1703 0.72449 0.55585 0.00344074
1704 0.72449 0.559496 0.00320336
1705 0.72449 0.549772 0.00333745
1706 0.72449 0.559922 0.00385134
1707 0.72449 0.558769 0.00410408
1708 0.72449 0.558629 0.00372277
1709 0.72449 0.556669 0.00379759
1710 0.72449 0.552443 0.00384723
1711 0.72449 0.550858 0.00446045
1712 0.72449 0.561535 0.00318878
1713 0.72449 0.563241 0.00386824
1714 0.72449 0.566363 0.00359232
1715 0.72449 0.559395 0.00339016
1716 0.72449 0.560078 0.00310812
1717 0.72449 0.564893 0.00368873
1718 0.72449 0.558671 0.00348761
1719 0.72449 0.557073 0.0034656
1720 0.72449 0.551378 0.00398761
1721 0.72449 0.558921 0.00348397
1722 0.72449 0.560518 0.00348763
1723 0.72449 0.560645 0.00367628
1724 0.72449 0.559383 0.00398454
1725 0.72449 0.558791 0.00397307
1726 0.72449 0.561234 0.00319872
1727 0.72449 0.558182 0.00326327
1728 0.72449 0.567825 0.00305965
1729 0.72449 0.555772 0.00350464
1730 0.72449 0.559582 0.00331046
1731 0.72449 0.562543 0.00320533
1732 0.72449 0.558179 0.00331991
1733 0.72449 0.558166 0.00331536
1734 0.72449 0.558658 0.00342231
1735 0.72449 0.554082 0.0035206
1736 0.72449 0.555052 0.00397096
1737 0.72449 0.552452 0.00341263
1738 0.72449 0.557343 0.00332264
1739 0.72449 0.55771 0.00358499
1740 0.72449 0.560064 0.0035641
1741 0.72449 0.55963 0.00321564
1742 0.72449 0.553541 0.00311605
1743 0.72449 0.561358 0.00346254
1744 0.72449 0.558667 0.00330774
1745 0.72449 0.556879 0.00382048
1746 0.72449 0.558835 0.00345024
1747 0.72449 0.562211 0.00345904
1748 0.72449 0.561167 0.00344462
1749 0.72449 0.560838 0.00347657
1750 0.72449 0.555763 0.00324122
1751 0.72449 0.555755 0.0033207
1752 0.72449 0.556412 0.00338494
1753 0.72449 0.561636 0.00323746
1754 0.72449 0.558868 0.00326954
1755 0.72449 0.566097 0.00354979
1756 0.72449 0.562732 0.00374248
1757 0.72449 0.570742 0.00346315
1758 0.72449 0.572652 0.00321404
1759 0.72449 0.563124 0.00316956
1760 0.72449 0.569531 0.00284827
1761 0.72449 0.56519 0.00355999
1762 0.72449 0.563071 0.00333511
1763 0.72449 0.567246 0.00323499
1764 0.72449 0.561168 0.00306489
1765 0.72449 0.564447 0.00362557
1766 0.72449 0.561645 0.00373627
1767 0.72449 0.562613 0.00423176
1768 0.72449 0.56929 0.00342471
1769 0.72449 0.563757 0.00301444
1770 0.72449 0.561877 0.00356986
1771 0.72449 0.564631 0.00323687
1772 0.72449 0.569362 0.00301915
1773 0.72449 0.561589 0.00308406
1774 0.72449 0.558312 0.00353237
1775 0.72449 0.562167 0.00362393
1776 0.72449 0.560176 0.00335192
1777 0.72449 0.559449 0.00357664
1778 0.72449 0.550649 0.00377665
1779 0.72449 0.548502 0.0034273
1780 0.72449 0.558788 0.0034303
1781 0.72449 0.553483 0.00389775
1782 0.72449 0.546664 0.00398824
1783 0.72449 0.54767 0.0033701
1784 0.72449 0.547806 0.0035092
1785 0.72449 0.550165 0.00359174
1786 0.72449 0.550161 0.00330849
1787 0.72449 0.556505 0.0032243
1788 0.72449 0.553953 0.0036096
1789 0.72449 0.562656 0.00353561
1790 0.72449 0.559246 0.00311409
1791 0.72449 0.563201 0.00366622
1792 0.72449 0.547063 0.00382049
1793 0.72449 0.554564 0.00387332
1794 0.72449 0.5595 0.0037946
1795 0.72449 0.545959 0.00373402
1796 0.72449 0.54178 0.0039587
1797 0.72449 0.557415 0.00370362
1798 0.72449 0.555043 0.00358912
1799 0.72449 0.543634 0.00395462
1800 0.72449 0.5471 0.00346494
1801 0.72449 0.551516 0.0042374
1802 0.72449 0.562995 0.00358867
1803 0.72449 0.560062 0.00336067
1804 0.72449 0.553917 0.00389507
1805 0.72449 0.547726 0.00374182
1806 0.72449 0.5482 0.00418365
1807 0.72449 0.543309 0.00369172
1808 0.72449 0.545182 0.00397796
1809 0.72449 0.541514 0.00416231
1810 0.72449 0.548846 0.00356909
1811 0.72449 0.550155 0.00345581
1812 0.72449 0.554527 0.00375924
1813 0.72449 0.555237 0.00384162
1814 0.72449 0.553885 0.00348666
1815 0.72449 0.55589 0.00335495
1816 0.72449 0.561181 0.00349244
1817 0.72449 0.555587 0.00351086
1818 0.72449 0.566657 0.00348094
1819 0.72449 0.565316 0.00351452
1820 0.72449 0.571238 0.00287649
1821 0.72449 0.565696 0.00346359
1822 0.72449 0.570597 0.00303448
1823 0.72449 0.570214 0.00346582
1824 0.72449 0.564939 0.00392233
1825 0.72449 0.567551 0.00336199
1826 0.72449 0.566659 0.00356777
1827 0.72449 0.57214 0.00331463
1828 0.72449 0.559781 0.00332495
1829 0.72449 0.563755 0.00317562
1830 0.72449 0.561934 0.00336789
1831 0.72449 0.562135 0.00411266
1832 0.72449 0.562756 0.0035575
1833 0.72449 0.556703 0.00345104
1834 0.72449 0.562003 0.00310309
1835 0.72449 0.556777 0.00394653
1836 0.72449 0.564318 0.00332985
1837 0.72449 0.561754 0.00358701
1838 0.72449 0.554592 0.00414576
1839 0.72449 0.566185 0.00338846
1840 0.72449 0.565015 0.0033593
1841 0.72449 0.566387 0.00369361
1842 0.72449 0.563096 0.00355904
1843 0.72449 0.558995 0.00363248
1844 0.72449 0.562056 0.00376757
1845 0.72449 0.561262 0.00344582
1846 0.72449 0.552181 0.00343074
1847 0.72449 0.555878 0.00384141
1848 0.72449 0.552547 0.00381701
1849 0.72449 0.548951 0.00321846
1850 0.72449 0.553635 0.00363326
1851 0.72449 0.559717 0.00347716
1852 0.72449 0.555384 0.00335784
1853 0.72449 0.560586 0.00398664
1854 0.72449 0.555849 0.00403402
1855 0.72449 0.559524 0.00379157
1856 0.72449 0.551947 0.00351154
1857 0.72449 0.560462 0.00336061
1858 0.72449 0.561279 0.00321189
1859 0.72449 0.556116 0.00308745
1860 0.72449 0.556688 0.0035557
1861 0.72449 0.556865 0.00353549
1862 0.72449 0.554677 0.00341498
1863 0.72449 0.556179 0.00346292
1864 0.72449 0.565306 0.00364533
1865 0.72449 0.56396 0.00338432
1866 0.72449 0.567017 0.00334236
1867 0.72449 0.561367 0.0036423
1868 0.72449 0.561562 0.00300267
1869 0.72449 0.557717 0.00357717
1870 0.72449 0.560471 0.00327499
1871 0.72449 0.56192 0.00383142
1872 0.72449 0.563832 0.00339601
1873 0.72449 0.562946 0.00354211
1874 0.72449 0.559767 0.00409531
1875 0.72449 0.569413 0.00293845
1876 0.72449 0.559611 0.00346669
1877 0.72449 0.564727 0.00353011
1878 0.72449 0.558953 0.00343625
1879 0.72449 0.554853 0.00410861
1880 0.72449 0.56309 0.00384937
1881 0.72449 0.555279 0.0035186
1882 0.72449 0.553737 0.00373351
1883 0.72449 0.564599 0.00356916
1884 0.72449 0.556616 0.00372235
1885 0.72449 0.566898 0.00311081
1886 0.72449 0.564977 0.00278127
1887 0.72449 0.559888 0.00385485
1888 0.72449 0.561309 0.00325776
1889 0.72449 0.566149 0.00314306
1890 0.72449 0.565244 0.00372994
1891 0.72449 0.561501 0.00382765
1892 0.72449 0.563181 0.00369062
1893 0.72449 0.553654 0.00413797
1894 0.72449 0.55836 0.00363671
1895 0.72449 0.559553 0.00393234
1896 0.72449 0.553971 0.00311337
1897 0.72449 0.55551 0.00373179
1898 0.72449 0.558794 0.00360005
1899 0.72449 0.552906 0.00329878
1900 0.72449 0.558754 0.00357174
1901 0.72449 0.565974 0.00391164
1902 0.72449 0.563464 0.00320193
1903 0.72449 0.567133 0.00356466
1904 0.72449 0.562257 0.00389661
1905 0.72449 0.557249 0.00353513
1906 0.72449 0.557942 0.00350735
1907 0.72449 0.553676 0.00347356
1908 0.72449 0.558954 0.00340227
1909 0.72449 0.558563 0.00336289
1910 0.72449 0.56398 0.00306445
1911 0.72449 0.568555 0.00327104
1912 0.72449 0.572505 0.00310884
1913 0.72449 0.567794 0.00302819
1914 0.72449 0.569171 0.00363986
1915 0.72449 0.565323 0.0032006
1916 0.72449 0.561773 0.00326525
1917 0.72449 0.559372 0.00360843
1918 0.72449 0.561383 0.0029643
1919 0.72449 0.558618 0.00279685
1920 0.72449 0.560146 0.00388592
1921 0.72449 0.562822 0.00283996
1922 0.72449 0.570188 0.00269196
1923 0.72449 0.565522 0.00371952
1924 0.72449 0.572081 0.00277087
1925 0.72449 0.562058 0.00313311
1926 0.72449 0.558991 0.00331521
1927 0.72449 0.555181 0.00306059
1928 0.72449 0.558682 0.0027508
1929 0.72449 0.562084 0.00332431
1930 0.72449 0.562611 0.00336436
1931 0.72449 0.561911 0.00355544
1932 0.72449 0.558067 0.00345852
1933 0.72449 0.566225 0.00295427
1934 0.72449 0.566947 0.00363331
1935 0.72449 0.567237 0.0032768
1936 0.72449 0.559848 0.00324248
1937 0.72449 0.570712 0.00335596
1938 0.72449 0.563383 0.00358408
1939 0.72449 0.571801 0.003627
1940 0.72449 0.567956 0.00359591
1941 0.72449 0.560098 0.00376975
1942 0.72449 0.562744 0.00335554
1943 0.72449 0.565213 0.00330127
1944 0.72449 0.565748 0.00380283
1945 0.72449 0.569637 0.00376175
1946 0.72449 0.568295 0.0035073
1947 0.72449 0.565057 0.00334825
1948 0.72449 0.560551 0.00311448
1949 0.72449 0.563987 0.00286071
1950 0.72449 0.5589 0.0030552
1951 0.72449 0.562763 0.00313955
1952 0.72449 0.567723 0.00357948
1953 0.72449 0.565537 0.0029604
1954 0.72449 0.561758 0.00331131
1955 0.72449 0.560613 0.00357583
1956 0.72449 0.558892 0.00355739
1957 0.72449 0.561167 0.00326266
1958 0.72449 0.566456 0.00306293
1959 0.72449 0.565216 0.00324565
1960 0.72449 0.565232 0.00335488
1961 0.72449 0.562736 0.00336601
1962 0.72449 0.574304 0.00291365
1963 0.72449 0.565844 0.00265471
1964 0.72449 0.562429 0.003347
1965 0.72449 0.55729 0.00418164
1966 0.72449 0.557383 0.00342693
1967 0.72449 0.558965 0.00350899
1968 0.72449 0.562927 0.00351697
1969 0.72449 0.55928 0.00332309
1970 0.72449 0.562425 0.00333377
1971 0.72449 0.562821 0.00340112
1972 0.72449 0.561077 0.00333959
1973 0.72449 0.559783 0.00378842
1974 0.72449 0.56248 0.00378997
1975 0.72449 0.564272 0.00286013
1976 0.72449 0.565613 0.00285646
1977 0.72449 0.560621 0.00304197
1978 0.72449 0.562729 0.00363534
1979 0.72449 0.566033 0.00358238
1980 0.72449 0.560512 0.00322322
1981 0.72449 0.558737 0.00399844
1982 0.72449 0.560413 0.00345597
1983 0.72449 0.556784 0.00370844
1984 0.72449 0.565053 0.00344255
1985 0.72449 0.561803 0.00376437
1986 0.72449 0.557516 0.00402126
1987 0.72449 0.562203 0.0039093
1988 0.72449 0.562546 0.00362614
1989 0.72449 0.556493 0.00353457
1990 0.72449 0.559232 0.00327461
1991 0.72449 0.567097 0.00327732
1992 0.72449 0.565415 0.00396401
1993 0.72449 0.560094 0.00367673
1994 0.72449 0.555867 0.00361686
1995 0.72449 0.552501 0.00375624
1996 0.72449 0.546284 0.00336933
1997 0.72449 0.554882 0.0030537
1998 0.72449 0.561616 0.0036713
1999 0.72449 0.559733 0.00344615
2000 0.72449 0.558178 0.00357461
