3
2
-50.5896
7.9074
0
0.0328847
0.293844
1
0.0727719
0.260497
1
-53.7051
5.62334
0
-60.9432
4.24352
0
0.683675
1.23452
0.80842
0.912734
1.70987
0.942234
1.99653
1.17038
1.0008
0.842318
1.01398
0.316833
0.210489
0.574092
1.02988
1.10216
0.162936
0.695252
1.78293
1.87621
0.769202
0.229031
1.85537
0.580942
1.86692
1.78611
1.46823
0.896874
1.02739
0.0808205
0.0675899
1.67614
1.54111
0.807153
0.490054
0.899429
1.12759
0.790697
1.6834
1.43267
0.8645
1.62961
0.53068
1.93736
0.602566
1.40769
0.523027
0.00790873
0.682367
1.1013
0.906328
0.25235
1.18199
1.21565
0.79009
0.974866
0.424564
0.976486
1.51224
1.9003
0.510318
1.41872
0.929079
1.52871
0.453417
0.64279
0.864382
0.162814
1.84053
1.8925
1.91488
1.68691
0.998313
1.12283
0.227284
1.2945
0.161808
847.251
170
