0 0.5428 0.500671 0.000378095
1 0.597994 0.50459 0.000399973
2 0.609838 0.502908 0.000795365
3 0.609838 0.502652 0.000796928
4 0.609838 0.505941 0.000636929
5 0.609838 0.502675 0.000676258
6 0.609838 0.505393 0.000703367
7 0.618936 0.507348 0.00120109
8 0.618936 0.503298 0.00105415
9 0.618936 0.505817 0.00099679
10 0.618936 0.507493 0.00106543
11 0.618936 0.503878 0.00138191
12 0.618936 0.501763 0.00136951
13 0.618936 0.501331 0.00118965
14 0.618936 0.506673 0.00105131
15 0.618936 0.503819 0.00112156
16 0.618936 0.50665 0.00122687
17 0.620322 0.504543 0.00100465
18 0.620322 0.50355 0.00112514
19 0.620322 0.505553 0.00116193
20 0.620322 0.504317 0.00119562
21 0.626733 0.511587 0.00124589
22 0.626733 0.505739 0.00115597
23 0.626733 0.504761 0.00131121
24 0.626733 0.504696 0.00140158
25 0.626733 0.506137 0.00125606
26 0.626733 0.50602 0.000910599
27 0.626733 0.506147 0.00110561
28 0.626733 0.506521 0.000936966
29 0.626733 0.506094 0.00127329
30 0.626733 0.506555 0.00124147
31 0.626733 0.507914 0.00106385
32 0.626733 0.512182 0.00124654
33 0.626733 0.507728 0.00123263
34 0.626733 0.505694 0.0012986
35 0.626733 0.506035 0.00124626
36 0.626733 0.506344 0.00122575
37 0.626733 0.508318 0.00105643
38 0.626733 0.507524 0.00113879
39 0.626733 0.504449 0.00114355
40 0.626733 0.507551 0.00111842
41 0.626733 0.508469 0.00114477
42 0.626733 0.50613 0.00126118
43 0.629356 0.505405 0.0018134
44 0.629356 0.502355 0.00138586
45 0.629356 0.504127 0.00147277
46 0.629356 0.511354 0.00179631
47 0.653063 0.508451 0.00166231
48 0.653063 0.510633 0.00149329
49 0.653063 0.505047 0.00175331
50 0.653063 0.50729 0.00161145
51 0.653063 0.506035 0.00183674
52 0.653063 0.508112 0.00160981
53 0.653063 0.510316 0.00162413
54 0.653063 0.506363 0.00169496
55 0.653063 0.508523 0.00207614
56 0.653063 0.509606 0.00237434
57 0.653063 0.512768 0.00255793
58 0.653063 0.509023 0.00212695
59 0.653063 0.497804 0.00200132
60 0.653063 0.50449 0.00187113
61 0.653063 0.504657 0.00182208
62 0.653063 0.512408 0.00182685
63 0.653063 0.505469 0.00181535
64 0.653063 0.513008 0.00200376
65 0.653063 0.509403 0.00183324
66 0.653063 0.508232 0.00205721
67 0.653063 0.504257 0.00194444
68 0.653063 0.509838 0.00201623
69 0.653063 0.503394 0.00170538
70 0.653063 0.501872 0.00198427
71 0.653063 0.511453 0.00199309
72 0.653063 0.5079 0.00192185
73 0.653063 0.502525 0.00184899
74 0.653063 0.509237 0.00224046
75 0.653063 0.505912 0.00220464
76 0.653063 0.506273 0.00212994
77 0.655253 0.505531 0.00244448
78 0.655253 0.499545 0.00222302
79 0.655253 0.505755 0.00209081
80 0.655253 0.498328 0.00208543
81 0.655253 0.5072 0.00205945
82 0.655253 0.509451 0.00192214
83 0.655253 0.507277 0.00208713
84 0.655253 0.507319 0.0019183
85 0.655253 0.507655 0.00228658
86 0.655253 0.508193 0.00212817
87 0.655253 0.507488 0.00283292
88 0.655253 0.509661 0.0023205
89 0.655253 0.509914 0.00246748
90 0.655253 0.50937 0.00241813
91 0.655253 0.506215 0.00257851
92 0.655253 0.50893 0.00256151
93 0.655253 0.508297 0.00214783
94 0.655253 0.505391 0.00259702
95 0.655253 0.511399 0.00238655
96 0.655253 0.508236 0.00231253
97 0.655253 0.511013 0.0024416
98 0.655253 0.511872 0.00240114
99 0.655253 0.51462 0.0024992
100 0.655253 0.512642 0.00204307
101 0.655253 0.511902 0.0023099
102 0.655253 0.51179 0.00256786
103 0.655253 0.51361 0.00266918
104 0.655253 0.511821 0.00250683
105 0.655253 0.51997 0.0026337
106 0.655253 0.517492 0.00249587
107 0.655253 0.514017 0.00237004
108 0.655253 0.519111 0.00240453
109 0.655253 0.524175 0.00294509
110 0.655253 0.525769 0.002187
111 0.662351 0.523087 0.00257472
112 0.662351 0.515775 0.0027052
113 0.662351 0.513405 0.00221676
114 0.662351 0.515464 0.00222577
115 0.662351 0.514522 0.00214943
116 0.662351 0.515145 0.00294538
117 0.662351 0.514176 0.00225656
118 0.662351 0.515217 0.00209129
119 0.662351 0.519051 0.00233557
120 0.662351 0.515554 0.00224038
121 0.662351 0.520271 0.00238613
122 0.662351 0.513136 0.00222371
123 0.662351 0.512141 0.00254159
124 0.662351 0.519705 0.00244678
125 0.662351 0.520739 0.00231431
126 0.662351 0.518614 0.00245126
127 0.662351 0.513067 0.0025103
128 0.662351 0.515744 0.00238816
129 0.662351 0.529342 0.00213632
130 0.663552 0.521983 0.00231253
131 0.663552 0.518823 0.00252421
132 0.663552 0.524049 0.00235709
133 0.663552 0.517842 0.00284433
134 0.663552 0.516495 0.00249898
135 0.677949 0.51233 0.00331831
136 0.677949 0.515464 0.00250766
137 0.677949 0.514591 0.00263849
138 0.677949 0.516336 0.00276514
139 0.677949 0.519619 0.00248557
140 0.677949 0.518549 0.00272865
141 0.677949 0.515733 0.00278046
142 0.677949 0.514012 0.00256045
143 0.677949 0.517085 0.00336399
144 0.677949 0.518757 0.00331775
145 0.677949 0.5199 0.00307059
146 0.677949 0.519184 0.00271529
147 0.677949 0.520244 0.00296501
148 0.677949 0.529061 0.00282247
149 0.677949 0.522549 0.00256832
150 0.677949 0.523806 0.00336112
151 0.677949 0.516755 0.00319823
152 0.677949 0.524688 0.00265937
153 0.677949 0.520763 0.00320601
154 0.677949 0.520545 0.002989
155 0.677949 0.515991 0.0036383
156 0.677949 0.520378 0.00261733
157 0.677949 0.514638 0.00321374
158 0.677949 0.517064 0.003068
159 0.677949 0.520799 0.00279524
160 0.677949 0.522037 0.00278822
161 0.677949 0.521393 0.00324349
162 0.677949 0.520566 0.00306238
163 0.677949 0.51259 0.00298248
164 0.677949 0.511604 0.00294022
165 0.677949 0.510064 0.00322118
166 0.677949 0.513987 0.0026683
167 0.677949 0.518488 0.0034977
168 0.677949 0.513945 0.00337359
169 0.677949 0.521808 0.00256202
170 0.677949 0.514359 0.0034295
171 0.677949 0.51409 0.00271279
172 0.677949 0.514893 0.00246783
173 0.677949 0.515062 0.00253673
174 0.677949 0.516068 0.00263836
175 0.677949 0.512808 0.00308452
176 0.677949 0.512465 0.00288248
177 0.677949 0.510724 0.00310217
178 0.677949 0.520653 0.00295524
179 0.680935 0.516588 0.00268232
180 0.680935 0.518713 0.00289398
181 0.680935 0.511952 0.00306695
182 0.712057 0.519796 0.00312486
183 0.712057 0.520412 0.00360792
184 0.712057 0.513478 0.00312327
185 0.712057 0.510739 0.00350558
186 0.712057 0.51106 0.0029218
187 0.712057 0.522287 0.00268249
188 0.712057 0.512951 0.00345806
189 0.712057 0.513931 0.00325134
190 0.712057 0.510015 0.0032353
191 0.712057 0.511798 0.00336666
192 0.712057 0.512967 0.00331349
193 0.712057 0.519654 0.00317796
194 0.712057 0.517205 0.00322735
195 0.712057 0.515074 0.00302479
196 0.712057 0.517393 0.00281848
197 0.712057 0.516842 0.00281441
198 0.712057 0.509713 0.00335783
199 0.712057 0.522793 0.00350021
200 0.712057 0.512096 0.0034624
201 0.712057 0.510596 0.00377651
202 0.712057 0.509368 0.00374661
203 0.712057 0.511626 0.00287122
204 0.712057 0.509716 0.00282593
205 0.712057 0.519898 0.00286911
206 0.712057 0.522233 0.00259892
207 0.712057 0.518417 0.00302458
208 0.712057 0.519009 0.00278811
209 0.712057 0.513497 0.0027026
210 0.712057 0.503708 0.00312545
211 0.712057 0.503598 0.00428779
212 0.712057 0.505779 0.00376363
213 0.712057 0.515913 0.00284639
214 0.712057 0.510455 0.00357294
215 0.712057 0.51243 0.00416133
216 0.712057 0.507919 0.00391997
217 0.712057 0.517015 0.00283338
218 0.712057 0.514857 0.00296455
219 0.712057 0.508446 0.00338289
220 0.712057 0.506767 0.00408609
221 0.712057 0.512516 0.00436364
222 0.720472 0.511022 0.00443058
223 0.720472 0.512538 0.00362452
224 0.720472 0.514437 0.00326528
225 0.720472 0.511083 0.00324608
226 0.720472 0.505868 0.00333522
227 0.720472 0.505223 0.00360157
228 0.720472 0.509282 0.00333595
229 0.720472 0.506946 0.00347589
230 0.720472 0.504028 0.00371835
231 0.720472 0.503772 0.00413138
232 0.720472 0.509234 0.0038503
233 0.720472 0.513743 0.00380729
234 0.720472 0.50599 0.00467419
235 0.720472 0.508825 0.00398532
236 0.720472 0.501673 0.00378178
237 0.720472 0.507815 0.0045632
238 0.720472 0.49677 0.00516627
239 0.720472 0.502084 0.00489531
240 0.720472 0.505614 0.00456491
241 0.720472 0.504246 0.00384783
242 0.720472 0.501374 0.00480218
243 0.720472 0.515163 0.00385783
244 0.720472 0.508995 0.00366303
245 0.720472 0.508105 0.00418204
246 0.720472 0.509518 0.00401553
247 0.720472 0.50598 0.0041014
248 0.720472 0.505968 0.00424837
249 0.720472 0.504533 0.00416735
250 0.720472 0.506663 0.00414626
251 0.720472 0.506091 0.00387454
252 0.720472 0.511049 0.00344032
253 0.720472 0.512769 0.00427691
254 0.720472 0.507484 0.00345199
255 0.720472 0.507634 0.00372442
256 0.720472 0.511578 0.00409769
257 0.720472 0.504514 0.00425149
258 0.720472 0.504025 0.00450671
259 0.720472 0.503795 0.00434359
260 0.720472 0.509259 0.00396345
261 0.720472 0.506762 0.00383149
262 0.720472 0.512627 0.00415158
263 0.720472 0.510663 0.00398604
264 0.720472 0.505627 0.00416801
265 0.720472 0.510007 0.00369403
266 0.720472 0.509254 0.00457008
267 0.720472 0.509115 0.00504017
268 0.720472 0.511059 0.0040507
269 0.720472 0.507379 0.00420797
270 0.720472 0.50478 0.00503758
271 0.720472 0.507964 0.00396427
272 0.720472 0.506658 0.00388898
273 0.720472 0.512454 0.00451742
274 0.720472 0.518388 0.00372507
275 0.720472 0.51243 0.00403816
276 0.720472 0.508121 0.00371295
277 0.720472 0.509578 0.00483848
278 0.720472 0.511758 0.00412382
279 0.720472 0.522848 0.00373391
280 0.720472 0.510484 0.00441574
281 0.720472 0.501891 0.00438406
282 0.720472 0.510153 0.0035824
283 0.720472 0.502973 0.00489701
284 0.720472 0.503987 0.00398396
285 0.720472 0.511204 0.00398273
286 0.720472 0.51792 0.00432903
287 0.720472 0.507188 0.00476794
288 0.720472 0.497122 0.00493094
289 0.720472 0.503572 0.00418132
290 0.720472 0.511366 0.00399481
291 0.720472 0.500339 0.00386329
292 0.720472 0.51427 0.00407697
293 0.720472 0.508978 0.00448792
294 0.720472 0.50424 0.00458831
295 0.720472 0.507269 0.00369819
296 0.720472 0.505514 0.00391277
297 0.720472 0.505603 0.00403413
298 0.720472 0.510784 0.00378011
299 0.720472 0.513533 0.00395051
300 0.720472 0.512333 0.00386587
301 0.720472 0.511974 0.00416103
302 0.720472 0.506569 0.0035804
303 0.720472 0.511572 0.0043359
304 0.720472 0.506395 0.0042652
305 0.720472 0.513539 0.00417541
306 0.720472 0.503206 0.00370594
307 0.720472 0.514738 0.00449806
308 0.720472 0.50372 0.00412962
309 0.720472 0.512239 0.00452463
310 0.720472 0.514462 0.00350197
311 0.720472 0.506067 0.00358969
312 0.720472 0.50911 0.00399233
313 0.720472 0.507935 0.00454048
314 0.720472 0.512484 0.00376749
315 0.720472 0.518434 0.00400464
316 0.720472 0.514334 0.00396361
317 0.720472 0.505629 0.00422694
318 0.720472 0.510554 0.00452812
319 0.720472 0.509671 0.00441804
320 0.720472 0.50322 0.00479593
321 0.720472 0.511953 0.00398228
322 0.720472 0.501661 0.00354827
323 0.720472 0.508838 0.00360525
324 0.720472 0.514039 0.0032487
325 0.720472 0.5055 0.00402305
326 0.727231 0.516166 0.00465034
327 0.727231 0.514038 0.00372132
328 0.727231 0.511113 0.00398575
329 0.727231 0.516696 0.00431849
330 0.727231 0.519566 0.00395019
331 0.727231 0.508348 0.00394489
332 0.727231 0.507022 0.0047748
333 0.727231 0.515194 0.00394029
334 0.727231 0.519198 0.00458096
335 0.727231 0.512801 0.00416312
336 0.727231 0.515465 0.00367723
337 0.727231 0.507907 0.0040454
338 0.727231 0.502828 0.00414124
339 0.727231 0.507239 0.00425867
340 0.727231 0.511516 0.00413836
341 0.727231 0.514859 0.00398433
342 0.727231 0.509488 0.00380173
343 0.727231 0.508878 0.0044056
344 0.727231 0.499077 0.00400901
345 0.727231 0.506705 0.00382742
346 0.727231 0.505416 0.00380508
347 0.727231 0.509696 0.00463671
348 0.727231 0.520507 0.00469163
349 0.727231 0.518718 0.00423285
350 0.727231 0.509449 0.00404261
351 0.727231 0.511899 0.00450246
352 0.727231 0.507928 0.00385942
353 0.727231 0.50774 0.00442304
354 0.727231 0.512801 0.00459311
355 0.727231 0.506661 0.00504909
356 0.727231 0.504425 0.00471797
357 0.727231 0.507296 0.00491694
358 0.727231 0.511887 0.00504273
359 0.727231 0.51204 0.00476011
360 0.727231 0.507924 0.00409264
361 0.727231 0.516219 0.00531593
362 0.727231 0.514305 0.00521089
363 0.727231 0.508316 0.00492256
364 0.727231 0.514451 0.00450068
365 0.727231 0.505806 0.00442719
366 0.727231 0.502354 0.00414054
367 0.727231 0.511296 0.00460385
368 0.727231 0.509111 0.00395874
369 0.727231 0.503482 0.00438693
370 0.727231 0.51745 0.00449096
371 0.72737 0.516692 0.00456411
372 0.72737 0.517687 0.0039873
373 0.72737 0.511952 0.00412818
374 0.72737 0.521114 0.00483482
375 0.72737 0.509094 0.00437407
376 0.72737 0.517411 0.00412579
377 0.72737 0.511972 0.0043048
378 0.72737 0.507489 0.00414614
379 0.72737 0.508395 0.00428192
380 0.72737 0.509122 0.00501634
381 0.72737 0.516185 0.00456626
382 0.72737 0.509636 0.00351649
383 0.72737 0.512565 0.00390703
384 0.72737 0.515789 0.0042206
385 0.72737 0.510061 0.00492454
386 0.72737 0.504037 0.0045889
387 0.72737 0.516693 0.00445479
388 0.72737 0.515911 0.00452944
389 0.72737 0.521588 0.00385161
390 0.72737 0.511189 0.0038432
391 0.72737 0.506415 0.00430318
392 0.72737 0.508374 0.00464248
393 0.72737 0.506211 0.00456453
394 0.72737 0.503108 0.0040042
395 0.72737 0.512773 0.0037685
396 0.72737 0.508337 0.00421996
397 0.72737 0.510673 0.0050411
398 0.72737 0.505519 0.00391855
399 0.72737 0.515678 0.00396962
400 0.72737 0.501982 0.00447544
401 0.72737 0.509382 0.00466701
402 0.72737 0.514007 0.00482234
403 0.72737 0.510399 0.00458067
404 0.72737 0.506613 0.00415731
405 0.72737 0.499219 0.00364147
406 0.72737 0.502638 0.00397981
407 0.72737 0.511162 0.00423954
408 0.72737 0.507002 0.00396852
409 0.72737 0.508752 0.00460747
410 0.72737 0.505598 0.00384184
411 0.72737 0.511943 0.00503964
412 0.72737 0.506481 0.00367895
413 0.72737 0.510991 0.0036614
414 0.72737 0.506129 0.00423427
415 0.72737 0.50356 0.00416399
416 0.72737 0.514407 0.00369448
417 0.72737 0.509105 0.0038981
418 0.72737 0.513301 0.00450845
419 0.72737 0.511164 0.00371461
420 0.72737 0.507374 0.00406835
421 0.72737 0.505623 0.00434095
422 0.72737 0.505482 0.00424696
423 0.72737 0.513004 0.00425645
424 0.72737 0.508603 0.00438715
425 0.72737 0.516001 0.0041839
426 0.72737 0.513034 0.00425379
427 0.72737 0.511736 0.00471928
428 0.72737 0.505805 0.00435501
429 0.72737 0.507855 0.00437109
430 0.72737 0.50894 0.00387726
431 0.72737 0.501073 0.00488897
432 0.72737 0.512967 0.00414658
433 0.72737 0.503321 0.00400587
434 0.72737 0.51594 0.00507528
435 0.72737 0.509942 0.00412012
436 0.72737 0.507443 0.00419723
437 0.72737 0.503877 0.00455127
438 0.72737 0.506977 0.00500274
439 0.72737 0.507552 0.00492668
440 0.72737 0.497818 0.00422021
441 0.72737 0.506274 0.00418726
442 0.72737 0.504823 0.00421276
443 0.72737 0.508547 0.0041364
444 0.72737 0.517436 0.00393557
445 0.72737 0.504661 0.00537289
446 0.72737 0.501489 0.00519669
447 0.72737 0.511862 0.00474827
448 0.72737 0.509086 0.00414946
449 0.72737 0.507417 0.00434618
450 0.72737 0.504351 0.00512876
451 0.72737 0.515323 0.0043929
452 0.72737 0.517222 0.00447396
453 0.72737 0.513786 0.00469835
454 0.72737 0.520725 0.00450571
455 0.72737 0.509987 0.00457307
456 0.72737 0.51223 0.00446305
457 0.72737 0.516948 0.00418659
458 0.72737 0.517186 0.00480244
459 0.72737 0.499437 0.0048302
460 0.72737 0.515618 0.00447386
461 0.72737 0.508905 0.00390708
462 0.72737 0.514813 0.00465421
463 0.72737 0.506867 0.00381684
464 0.72737 0.510638 0.00391392
465 0.72737 0.510011 0.00384624
466 0.72737 0.50903 0.00420491
467 0.72737 0.515152 0.00409926
468 0.72737 0.518157 0.00408439
469 0.72737 0.505991 0.00430839
470 0.72737 0.503779 0.00502463
471 0.72737 0.510233 0.00433352
472 0.72737 0.507171 0.00395363
473 0.72737 0.503059 0.00451415
474 0.72737 0.510597 0.00445091
475 0.72737 0.499256 0.00466445
476 0.72737 0.502314 0.00540105
477 0.72737 0.507812 0.00446441
478 0.72737 0.511297 0.00493619
479 0.72737 0.511724 0.00415441
480 0.72737 0.508401 0.00500944
481 0.72737 0.504444 0.00491915
482 0.72737 0.504065 0.00475409
483 0.72737 0.506369 0.00495637
484 0.72737 0.511076 0.00439566
485 0.72737 0.504128 0.0042214
486 0.72737 0.51033 0.00450231
487 0.72737 0.509317 0.00483448
488 0.72737 0.511174 0.00451135
489 0.72737 0.513585 0.00439377
490 0.72737 0.516779 0.004491
491 0.72737 0.521771 0.00392349
492 0.72737 0.517481 0.00440329
493 0.72737 0.519641 0.00396932
494 0.72737 0.509574 0.00465889
495 0.72737 0.508301 0.00453203
496 0.72737 0.509854 0.00420656
497 0.72737 0.514497 0.00350378
498 0.72737 0.51241 0.00406573
499 0.72737 0.510659 0.0038677
500 0.72737 0.518658 0.00382558
501 0.72737 0.511729 0.0044127
502 0.72737 0.509363 0.00415346
503 0.72737 0.512004 0.00419587
504 0.72737 0.517779 0.00427404
505 0.72737 0.512236 0.00452198
506 0.72737 0.514463 0.00511776
507 0.72737 0.511501 0.00450732
508 0.72737 0.505223 0.00484189
509 0.72737 0.510717 0.00388033
510 0.72737 0.519608 0.00518615
511 0.72737 0.516964 0.00473523
512 0.72737 0.508738 0.00431049
513 0.72737 0.509922 0.00440056
514 0.72737 0.507086 0.00559763
515 0.72737 0.513785 0.00427532
516 0.72737 0.511998 0.00476942
517 0.72737 0.514569 0.00522408
518 0.72737 0.507377 0.00445287
519 0.72737 0.502934 0.00387122
520 0.72737 0.504889 0.00447966
521 0.72737 0.505333 0.00393914
522 0.72737 0.508867 0.00456328
523 0.72737 0.51171 0.00508627
524 0.72737 0.503153 0.00402851
525 0.72737 0.510732 0.00435246
526 0.72737 0.506396 0.00403265
527 0.72737 0.513743 0.00412157
528 0.72737 0.510607 0.00443311
529 0.72737 0.506923 0.00427219
530 0.72737 0.511098 0.00440908
531 0.72737 0.511916 0.0040275
532 0.72737 0.507514 0.00456539
533 0.72737 0.504476 0.00447428
534 0.72737 0.509294 0.00440077
535 0.72737 0.507514 0.00437698
536 0.72737 0.501945 0.00438804
537 0.72737 0.511467 0.00452267
538 0.72737 0.514428 0.00474472
539 0.72737 0.520185 0.00464225
540 0.72737 0.515776 0.0045797
541 0.72737 0.513254 0.00436622
542 0.72737 0.505279 0.00422687
543 0.72737 0.514433 0.00390724
544 0.72737 0.51453 0.00452689
545 0.72737 0.513064 0.00463774
546 0.72737 0.511333 0.00462971
547 0.72737 0.51944 0.00421507
548 0.72737 0.510628 0.00534614
549 0.72737 0.518127 0.00466375
550 0.72737 0.517296 0.00475342
551 0.72737 0.508258 0.00409178
552 0.72737 0.512372 0.00439382
553 0.72737 0.502118 0.00487295
554 0.72737 0.507698 0.00474904
555 0.72737 0.510683 0.0043751
556 0.72737 0.508012 0.00530361
557 0.72737 0.505281 0.00419158
558 0.72737 0.503183 0.00476561
559 0.72737 0.510889 0.00412429
560 0.72737 0.512547 0.00448864
561 0.72737 0.513771 0.00355304
562 0.72737 0.512532 0.00443704
563 0.72737 0.51162 0.00416698
564 0.72737 0.506337 0.00374039
565 0.72737 0.507757 0.004345
566 0.72737 0.506314 0.004599
567 0.72737 0.504232 0.00440327
568 0.72737 0.517609 0.00461418
569 0.72737 0.512722 0.00403073
570 0.72737 0.512695 0.00465176
571 0.72737 0.512327 0.00441968
572 0.72737 0.510865 0.00389785
573 0.72737 0.504161 0.00516033
574 0.72737 0.5111 0.0043094
575 0.72737 0.505713 0.00380893
576 0.72737 0.512334 0.0044149
577 0.72737 0.504113 0.00475984
578 0.72737 0.5153 0.00482611
579 0.72737 0.518943 0.00381534
580 0.72737 0.509637 0.00509838
581 0.72737 0.512694 0.0042886
582 0.72737 0.515452 0.00421363
583 0.72737 0.515418 0.00498904
584 0.72737 0.506111 0.00485625
585 0.72737 0.502708 0.00444024
586 0.72737 0.511125 0.00447157
587 0.72737 0.511375 0.00429797
588 0.72737 0.501675 0.00447693
589 0.72737 0.512455 0.00471672
590 0.735368 0.51849 0.00472413
591 0.735368 0.514539 0.00482706
592 0.735368 0.508338 0.00490154
593 0.735368 0.517792 0.00500671
594 0.735368 0.509415 0.00423508
595 0.735368 0.506535 0.00369876
596 0.735368 0.515116 0.00596444
597 0.735368 0.513382 0.00455828
598 0.735368 0.507785 0.00429748
599 0.735368 0.50889 0.00428567
600 0.735368 0.5118 0.00400504
601 0.735368 0.505682 0.00455401
602 0.735368 0.507042 0.00544234
603 0.735368 0.514488 0.00463787
604 0.735368 0.501333 0.00439171
605 0.735368 0.508429 0.00408505
606 0.735368 0.512596 0.00455475
607 0.735368 0.509975 0.0043199
608 0.735368 0.504108 0.00421005
609 0.735368 0.512179 0.00363619
610 0.735368 0.502436 0.00453938
611 0.735368 0.501501 0.00430629
612 0.735368 0.507366 0.00419061
613 0.735368 0.506857 0.00413014
614 0.735368 0.51589 0.00422901
615 0.735368 0.507296 0.00468817
616 0.735368 0.515224 0.00394035
617 0.735368 0.504215 0.00450947
618 0.735368 0.508505 0.00412384
619 0.735368 0.512935 0.00370222
620 0.735368 0.519738 0.00509529
621 0.735368 0.511309 0.00461111
622 0.735368 0.506919 0.00419758
623 0.735368 0.513683 0.00406359
624 0.735368 0.512215 0.00460363
625 0.735368 0.49906 0.00504723
626 0.735368 0.510781 0.00412222
627 0.735368 0.505017 0.00467984
628 0.735368 0.499389 0.00411563
629 0.735368 0.506489 0.00442523
630 0.735368 0.503586 0.00505458
631 0.735368 0.502877 0.00464168
632 0.735368 0.507676 0.00471909
633 0.735368 0.501811 0.00449176
634 0.735368 0.513978 0.00367042
635 0.735368 0.510043 0.00458059
636 0.735368 0.50335 0.00438743
637 0.735368 0.511484 0.00477432
638 0.735368 0.505416 0.00398708
639 0.735368 0.503159 0.00417493
640 0.735368 0.508481 0.00439037
641 0.735368 0.51098 0.00383387
642 0.735368 0.505797 0.0038385
643 0.735368 0.510646 0.00365247
644 0.735368 0.505444 0.00421212
645 0.735368 0.511562 0.00420919
646 0.735368 0.513102 0.00448094
647 0.735368 0.512292 0.00443189
648 0.735368 0.508125 0.0042366
649 0.735368 0.509029 0.00503756
650 0.735368 0.498853 0.00465876
651 0.735368 0.505209 0.00431415
652 0.735368 0.499094 0.00429741
653 0.735368 0.498193 0.00400092
654 0.735368 0.511381 0.00442989
655 0.735368 0.516195 0.00473153
656 0.735368 0.51958 0.00386835
657 0.735368 0.51729 0.00478538
658 0.735368 0.522968 0.00447116
659 0.735368 0.509882 0.00420765
660 0.735368 0.51641 0.00450234
661 0.735368 0.514207 0.00459434
662 0.735368 0.505133 0.00394352
663 0.735368 0.516365 0.00443163
664 0.735368 0.519928 0.00443656
665 0.735368 0.507763 0.0046206
666 0.735368 0.51046 0.00448717
667 0.735368 0.523053 0.00421942
668 0.735368 0.508466 0.00496237
669 0.735368 0.509399 0.0041222
670 0.735368 0.518702 0.00433554
671 0.735368 0.516133 0.00538296
672 0.735368 0.513628 0.00467639
673 0.735368 0.516521 0.00422199
674 0.735368 0.509048 0.00405411
675 0.735368 0.511222 0.00545121
676 0.735368 0.511061 0.00555892
677 0.735368 0.512019 0.00415334
678 0.735368 0.514866 0.0050683
679 0.735368 0.508305 0.00392767
680 0.735368 0.51512 0.00470678
681 0.735368 0.50863 0.00455078
682 0.735368 0.513653 0.00425478
683 0.735368 0.510245 0.00501757
684 0.735368 0.510847 0.00444036
685 0.735368 0.507958 0.00366797
686 0.735368 0.506476 0.00431226
687 0.735368 0.505773 0.00453906
688 0.735368 0.505759 0.00381985
689 0.735368 0.509157 0.00391761
690 0.735368 0.509337 0.00489369
691 0.735368 0.513235 0.004482
692 0.735368 0.509654 0.0041973
693 0.735368 0.511914 0.00479376
694 0.735368 0.504759 0.0045999
695 0.735368 0.502615 0.00457309
696 0.735368 0.505012 0.00523924
697 0.735368 0.504531 0.0043292
698 0.735368 0.507897 0.00464671
699 0.735368 0.511767 0.00420028
700 0.735368 0.502244 0.00426133
701 0.735368 0.499414 0.00470401
702 0.735368 0.509958 0.00426581
703 0.735368 0.51534 0.004902
704 0.735368 0.509037 0.00463193
705 0.735368 0.503746 0.00461435
706 0.735368 0.509976 0.00436387
707 0.735368 0.513486 0.00406869
708 0.735368 0.508561 0.00363595
709 0.735368 0.507607 0.00481383
710 0.735368 0.523503 0.00429863
711 0.735368 0.513369 0.00484956
712 0.735368 0.516208 0.00404336
713 0.735368 0.507123 0.00421963
714 0.735368 0.51944 0.00479437
715 0.735368 0.522862 0.0039239
716 0.735368 0.507846 0.0042253
717 0.735368 0.517059 0.00427132
718 0.735368 0.514464 0.00464791
719 0.735368 0.511791 0.00422594
720 0.735368 0.503613 0.00488679
721 0.735368 0.518619 0.0046302
722 0.735368 0.502855 0.00404249
723 0.735368 0.51001 0.00422814
724 0.735368 0.513636 0.00371243
725 0.735368 0.514825 0.00483175
726 0.735368 0.512224 0.00373896
727 0.735368 0.512367 0.00439716
728 0.735368 0.517603 0.00457107
729 0.735368 0.50916 0.00470619
730 0.735368 0.509462 0.00455019
731 0.735368 0.507902 0.00505829
732 0.735368 0.504108 0.00437581
733 0.735368 0.510799 0.00484579
734 0.735368 0.50701 0.00436752
735 0.735368 0.50766 0.00417534
736 0.735368 0.510471 0.00355146
737 0.735368 0.50632 0.00397032
738 0.735368 0.499554 0.00420135
739 0.735368 0.508546 0.00499806
740 0.735368 0.509617 0.00449852
741 0.735368 0.508899 0.00434639
742 0.735368 0.515675 0.00473954
743 0.735368 0.516279 0.00510099
744 0.735368 0.513148 0.00529925
745 0.735368 0.506662 0.00463943
746 0.735368 0.507859 0.00499765
747 0.735368 0.504266 0.00477904
748 0.735368 0.514593 0.00503534
749 0.735368 0.522076 0.00463158
750 0.735368 0.520454 0.00417109
751 0.735368 0.513453 0.00400554
752 0.735368 0.509732 0.00434414
753 0.735368 0.508293 0.00438361
754 0.735368 0.501334 0.00452804
755 0.735368 0.504 0.00415824
756 0.735368 0.506467 0.00416539
757 0.735368 0.496625 0.00469171
758 0.735368 0.509656 0.00414908
759 0.735368 0.506685 0.00437997
760 0.735368 0.50797 0.0035898
761 0.735368 0.510754 0.00432649
762 0.735368 0.49655 0.00439462
763 0.735368 0.50802 0.00420548
764 0.735368 0.514707 0.00444776
765 0.735368 0.515892 0.00457759
766 0.735368 0.507541 0.0042641
767 0.735368 0.511048 0.00400939
768 0.735368 0.509895 0.00436605
769 0.735368 0.507582 0.00545237
770 0.735368 0.509013 0.004966
771 0.735368 0.505842 0.00501205
772 0.735368 0.506333 0.00479064
773 0.735368 0.510634 0.00498634
774 0.735368 0.497575 0.00590873
775 0.735368 0.504567 0.00576843
776 0.735368 0.506542 0.00480428
777 0.735368 0.506344 0.0049215
778 0.735368 0.500547 0.00461165
779 0.735368 0.511005 0.00395377
780 0.735368 0.508114 0.00550334
781 0.735368 0.499897 0.00508121
782 0.735368 0.498643 0.00519211
783 0.735368 0.508249 0.00419357
784 0.735368 0.501398 0.0054189
785 0.735368 0.510054 0.00462511
786 0.735368 0.50486 0.00467986
787 0.735368 0.508028 0.00475312
788 0.735368 0.511084 0.00442447
789 0.735368 0.511161 0.00459725
790 0.735368 0.507689 0.00428627
791 0.735368 0.516539 0.00497899
792 0.735368 0.513865 0.00458608
793 0.735368 0.50377 0.0056783
794 0.735368 0.502415 0.00470236
795 0.735368 0.508624 0.00466513
796 0.735368 0.50974 0.00443331
797 0.735368 0.512062 0.00502124
798 0.735368 0.50947 0.0044014
799 0.735368 0.505956 0.00427259
800 0.735368 0.507678 0.00441534
801 0.735368 0.505954 0.00447315
802 0.735368 0.505995 0.00450655
803 0.735368 0.506492 0.00495275
804 0.735368 0.505631 0.00453177
805 0.735368 0.497384 0.00487419
806 0.735368 0.508523 0.00419856
807 0.735368 0.512295 0.0046254
808 0.735368 0.507585 0.00461089
809 0.735368 0.494931 0.00497123
810 0.735368 0.503925 0.00471749
811 0.735368 0.50461 0.00428429
812 0.735368 0.5075 0.00419048
813 0.735368 0.505151 0.00485946
814 0.735368 0.495218 0.00455235
815 0.735368 0.5001 0.00438333
816 0.735368 0.49542 0.00455703
817 0.735368 0.503359 0.00453235
818 0.735368 0.501317 0.00465538
819 0.735368 0.499329 0.00448668
820 0.735368 0.501355 0.00544903
821 0.735368 0.500299 0.00431908
822 0.735368 0.505918 0.00488284
823 0.735368 0.497581 0.00426152
824 0.735368 0.507918 0.00420467
825 0.735368 0.513884 0.0043445
826 0.735368 0.506763 0.00463355
827 0.735368 0.497275 0.00422351
828 0.735368 0.508976 0.00444729
829 0.735368 0.506872 0.00501531
830 0.735368 0.500553 0.0050032
831 0.735368 0.500313 0.00457276
832 0.735368 0.493944 0.00454577
833 0.737229 0.507279 0.00567114
834 0.737229 0.51092 0.00476549
835 0.737229 0.503357 0.00437779
836 0.737229 0.493319 0.00473097
837 0.737229 0.500741 0.00447851
838 0.737229 0.506063 0.0042058
839 0.737229 0.503427 0.00453749
840 0.737229 0.502906 0.00448375
841 0.737229 0.506682 0.00456077
842 0.737229 0.500855 0.00497914
843 0.737229 0.497176 0.00447638
844 0.737229 0.503005 0.00396568
845 0.737229 0.499891 0.00433049
846 0.737229 0.501173 0.00475205
847 0.737229 0.512708 0.00413947
848 0.737229 0.50333 0.00467434
849 0.737229 0.506928 0.00408959
850 0.737229 0.509292 0.00392749
851 0.737229 0.506609 0.00543608
852 0.737229 0.504731 0.00465763
853 0.737229 0.503422 0.00505792
854 0.737229 0.496378 0.00511473
855 0.737229 0.50318 0.00492742
856 0.737229 0.505179 0.00430593
857 0.737229 0.504324 0.00372171
858 0.737229 0.501947 0.00492896
859 0.737229 0.505709 0.00433242
860 0.737229 0.50205 0.00433491
861 0.737229 0.507506 0.00450996
862 0.737229 0.501661 0.00448997
863 0.737229 0.506516 0.0050085
864 0.737229 0.512022 0.00482642
865 0.737229 0.505906 0.00482775
866 0.737229 0.509035 0.00400262
867 0.737229 0.506711 0.00405199
868 0.737229 0.498725 0.00517212
869 0.737229 0.494674 0.00484622
870 0.737229 0.497097 0.00499587
871 0.737229 0.496009 0.00453431
872 0.737229 0.503708 0.00423136
873 0.737229 0.502933 0.00481053
874 0.737229 0.50713 0.00473072
875 0.737229 0.494541 0.00465191
876 0.737229 0.494298 0.00472437
877 0.737229 0.501875 0.00531121
878 0.737229 0.505704 0.00483913
879 0.737229 0.50732 0.00481123
880 0.737229 0.501585 0.00441718
881 0.737229 0.504931 0.00445073
882 0.737229 0.505561 0.0044053
883 0.737229 0.506246 0.0041216
884 0.737229 0.501385 0.00397049
885 0.737229 0.505728 0.00470768
886 0.737229 0.505747 0.00476358
887 0.737229 0.505586 0.00454767
888 0.737229 0.501112 0.00395213
889 0.737229 0.512279 0.00435089
890 0.737229 0.508452 0.00417232
891 0.737229 0.504135 0.00437451
892 0.737229 0.512067 0.00465366
893 0.737229 0.508225 0.00438822
894 0.737229 0.506438 0.00498856
895 0.737229 0.511889 0.0047658
896 0.737229 0.505928 0.00475604
897 0.737229 0.512074 0.00555639
898 0.737229 0.50848 0.0044099
899 0.737229 0.512576 0.00444113
900 0.737229 0.504253 0.00500822
901 0.737229 0.506794 0.00400364
902 0.737229 0.502017 0.00438414
903 0.737229 0.503563 0.00468396
904 0.737229 0.50533 0.0051151
905 0.737229 0.50626 0.00454442
906 0.737229 0.501225 0.00542547
907 0.737229 0.502876 0.00533609
908 0.737229 0.507459 0.00567851
909 0.737229 0.508227 0.00432446
910 0.737229 0.503112 0.00570572
911 0.737229 0.504061 0.00437829
912 0.737229 0.500281 0.00483498
913 0.737229 0.49679 0.00543618
914 0.737229 0.500901 0.00571379
915 0.737229 0.499674 0.00464984
916 0.737229 0.498191 0.00404484
917 0.737229 0.506314 0.00443167
918 0.737229 0.507221 0.00419391
919 0.737229 0.498079 0.00394724
920 0.737229 0.505912 0.00385618
921 0.737229 0.504485 0.00374357
922 0.737229 0.504532 0.00376112
923 0.737229 0.494883 0.00416117
924 0.737229 0.504761 0.00394554
925 0.737229 0.509478 0.00410194
926 0.737229 0.503791 0.00402272
927 0.737229 0.505915 0.00422904
928 0.737229 0.505584 0.00466108
929 0.737229 0.50776 0.00497063
930 0.737229 0.502885 0.00508429
931 0.737229 0.507057 0.00477299
932 0.737229 0.510769 0.00457665
933 0.737229 0.511851 0.00454851
934 0.737229 0.509492 0.00386326
935 0.737229 0.510133 0.00396727
936 0.737229 0.510405 0.00436596
937 0.737229 0.501984 0.00488922
938 0.737229 0.503947 0.00483506
939 0.737229 0.502163 0.0042235
940 0.737229 0.507664 0.00459146
941 0.737229 0.511621 0.00495382
942 0.737229 0.5068 0.0051349
943 0.737229 0.509918 0.00385937
944 0.737229 0.504008 0.00491271
945 0.737229 0.508386 0.00423477
946 0.737229 0.505833 0.00430464
947 0.737229 0.511994 0.00404923
948 0.737229 0.508109 0.00461004
949 0.737229 0.502784 0.00476711
950 0.737229 0.500015 0.00492661
951 0.737229 0.507466 0.00446526
952 0.737229 0.512951 0.00501289
953 0.743358 0.510134 0.00631312
954 0.743358 0.506029 0.0049719
955 0.743358 0.507229 0.00421838
956 0.743358 0.510513 0.00466691
957 0.743358 0.506566 0.00440315
958 0.743358 0.513566 0.00398543
959 0.743358 0.500511 0.00368904
960 0.743358 0.497091 0.00544111
961 0.743358 0.498876 0.00445788
962 0.743358 0.497222 0.00431709
963 0.743358 0.505822 0.00450202
964 0.743358 0.506471 0.0049226
965 0.743358 0.514756 0.00454297
966 0.743358 0.50916 0.00439907
967 0.743358 0.505603 0.004646
968 0.743358 0.500067 0.00469698
969 0.743358 0.503141 0.00447392
970 0.743358 0.502281 0.00432123
971 0.743358 0.504014 0.00471697
972 0.743358 0.508001 0.00543163
973 0.743358 0.501201 0.00511275
974 0.743358 0.512767 0.00432451
975 0.743358 0.507908 0.00500694
976 0.743358 0.508346 0.00479789
977 0.743358 0.506704 0.00486162
978 0.743358 0.509187 0.00423141
979 0.743358 0.509361 0.00443473
980 0.743358 0.496167 0.00447039
981 0.743358 0.502704 0.00413723
982 0.743358 0.507586 0.00478717
983 0.743358 0.504889 0.00407731
984 0.743358 0.500288 0.00451146
985 0.743358 0.495405 0.00424273
986 0.743358 0.500241 0.0049096
987 0.743358 0.50005 0.00457963
988 0.743358 0.505287 0.00454517
989 0.743358 0.504403 0.00445681
990 0.743358 0.499624 0.00434485
991 0.743358 0.506232 0.00447446
992 0.743358 0.510704 0.00410169
993 0.743358 0.505866 0.0048053
994 0.743358 0.500797 0.00429796
995 0.743358 0.503806 0.00435164
996 0.743358 0.496985 0.00417835
997 0.743358 0.500567 0.00457372
998 0.743358 0.506634 0.00563146
999 0.743358 0.50526 0.00453945
1000 0.743358 0.493371 0.00471701
1001 0.743358 0.50106 0.00513795
1002 0.743358 0.503952 0.00485036
1003 0.743358 0.497227 0.00487579
1004 0.743358 0.507285 0.00496413
1005 0.743358 0.500153 0.00455147
1006 0.743358 0.505538 0.00522476
1007 0.743358 0.506085 0.00487437
1008 0.743358 0.499437 0.00451175
1009 0.743358 0.504561 0.00504913
1010 0.743358 0.505404 0.00396966
1011 0.743358 0.50427 0.0047289
1012 0.743358 0.511901 0.00444078
1013 0.743358 0.502142 0.00423532
1014 0.743358 0.509352 0.00354425
1015 0.743358 0.509136 0.00412102
1016 0.743358 0.510582 0.00442639
1017 0.743358 0.501537 0.00378779
1018 0.743358 0.508789 0.00465464
1019 0.743358 0.505295 0.00421122
1020 0.743358 0.505766 0.00434125
1021 0.743358 0.498316 0.0049064
1022 0.743358 0.504654 0.0042865
1023 0.743358 0.501717 0.00395576
1024 0.743358 0.511789 0.00491997
1025 0.743358 0.509884 0.00432964
1026 0.743358 0.502871 0.00522396
1027 0.743358 0.505818 0.00528024
1028 0.743358 0.507809 0.00438715
1029 0.743358 0.501951 0.00461338
1030 0.743358 0.510053 0.0044395
1031 0.743358 0.496104 0.00440964
1032 0.743358 0.496877 0.0049835
1033 0.743358 0.513998 0.00490091
1034 0.743358 0.503503 0.00463971
1035 0.743358 0.505268 0.0046845
1036 0.743358 0.504876 0.00452888
1037 0.743358 0.50439 0.00459491
1038 0.743358 0.504218 0.00449335
1039 0.743358 0.504909 0.00482443
1040 0.743358 0.495845 0.00532489
1041 0.743358 0.497732 0.00495346
1042 0.743358 0.497687 0.00485526
1043 0.743358 0.503019 0.00483192
1044 0.743358 0.508867 0.00505063
1045 0.743358 0.504894 0.00475742
1046 0.743358 0.504138 0.00480706
1047 0.743358 0.500862 0.00426445
1048 0.743358 0.497815 0.00486601
1049 0.743358 0.510059 0.00397199
1050 0.743358 0.503125 0.0048457
1051 0.745077 0.504257 0.0050025
1052 0.745077 0.499557 0.00526567
1053 0.745077 0.500592 0.00466911
1054 0.745077 0.493882 0.00513206
1055 0.745077 0.494899 0.00511644
1056 0.745077 0.503452 0.00540577
1057 0.745077 0.503132 0.00537466
1058 0.745077 0.50879 0.00581822
1059 0.745077 0.493922 0.0043251
1060 0.745077 0.507651 0.00436574
1061 0.745077 0.503529 0.00540854
1062 0.745077 0.50455 0.00494174
1063 0.745077 0.507237 0.00486991
1064 0.745077 0.507053 0.00452394
1065 0.745077 0.502059 0.00416611
1066 0.745077 0.510565 0.00439302
1067 0.745077 0.497318 0.00467553
1068 0.745077 0.502998 0.00429683
1069 0.745077 0.502394 0.00425985
1070 0.745077 0.50294 0.0037824
1071 0.745077 0.501095 0.00493032
1072 0.745077 0.50377 0.00492288
1073 0.745077 0.504155 0.00498796
1074 0.745077 0.509058 0.00487406
1075 0.745077 0.5075 0.00505381
1076 0.745077 0.511494 0.00440598
1077 0.745077 0.510608 0.00386412
1078 0.745077 0.50514 0.00477888
1079 0.745077 0.50823 0.00475136
1080 0.745077 0.510314 0.00430425
1081 0.745077 0.503111 0.00411467
1082 0.745077 0.507453 0.00437458
1083 0.745077 0.508258 0.00489075
1084 0.745077 0.511017 0.00512797
1085 0.745077 0.501558 0.00480335
1086 0.745077 0.505148 0.0047904
1087 0.745077 0.50535 0.00404614
1088 0.745077 0.503254 0.00495557
1089 0.745077 0.507053 0.00431994
1090 0.745077 0.512641 0.00489651
1091 0.745077 0.502275 0.00499935
1092 0.745077 0.503055 0.00469289
1093 0.745077 0.502072 0.00452641
1094 0.745077 0.504928 0.00429221
1095 0.745077 0.518467 0.00478073
1096 0.745077 0.519369 0.00445367
1097 0.745077 0.512406 0.00474916
1098 0.745077 0.500811 0.00459223
1099 0.745077 0.498198 0.0052571
1100 0.745077 0.506155 0.00454813
1101 0.745077 0.506194 0.00468924
1102 0.745077 0.505561 0.005376
1103 0.745077 0.499608 0.00557906
1104 0.745077 0.505069 0.00474992
1105 0.745077 0.503128 0.00455191
1106 0.745077 0.501212 0.00528445
1107 0.745077 0.511991 0.00464112
1108 0.745077 0.508906 0.00493764
1109 0.745077 0.509683 0.00490373
1110 0.745077 0.506009 0.00491809
1111 0.745077 0.502043 0.00552826
1112 0.745077 0.507669 0.00575008
1113 0.745077 0.502162 0.00525503
1114 0.745077 0.502968 0.00517318
1115 0.745077 0.503759 0.00517392
1116 0.745077 0.501403 0.00522929
1117 0.745077 0.502684 0.00455867
1118 0.745077 0.504335 0.00423177
1119 0.745077 0.505087 0.00435839
1120 0.745077 0.507588 0.00444143
1121 0.745077 0.502783 0.00530291
1122 0.745077 0.503964 0.0050688
1123 0.745077 0.50997 0.00476044
1124 0.745077 0.510027 0.00462887
1125 0.751405 0.50789 0.00520171
1126 0.751405 0.514366 0.00574066
1127 0.751405 0.50889 0.00480119
1128 0.751405 0.507151 0.00506499
1129 0.751405 0.503513 0.00518429
1130 0.751405 0.499213 0.00497977
1131 0.751405 0.498228 0.00483526
1132 0.751405 0.508233 0.0047336
1133 0.751405 0.512743 0.00471067
1134 0.751405 0.497633 0.00439104
1135 0.751405 0.498645 0.00474852
1136 0.751405 0.506426 0.00475156
1137 0.751405 0.504936 0.00584612
1138 0.751405 0.51034 0.00465945
1139 0.751405 0.513408 0.00399692
1140 0.751405 0.507342 0.00488219
1141 0.751405 0.505743 0.00480374
1142 0.751405 0.509598 0.00442455
1143 0.751405 0.510154 0.00492024
1144 0.751405 0.505812 0.00434958
1145 0.751405 0.512066 0.00439606
1146 0.751405 0.505296 0.00481055
1147 0.751405 0.509367 0.00437885
1148 0.751405 0.510324 0.00473328
1149 0.751405 0.510459 0.004412
1150 0.751405 0.507653 0.00430809
1151 0.751405 0.503775 0.00467149
1152 0.751405 0.50001 0.00503448
1153 0.751405 0.494356 0.00452531
1154 0.751405 0.503825 0.00580473
1155 0.751405 0.506837 0.00492015
1156 0.751405 0.504361 0.00435486
1157 0.751405 0.510463 0.00551332
1158 0.751405 0.499122 0.00493907
1159 0.751405 0.510845 0.00514436
1160 0.751405 0.506294 0.00487555
1161 0.751405 0.497398 0.00509273
1162 0.751405 0.498913 0.00488735
1163 0.751405 0.505059 0.00486192
1164 0.751405 0.51652 0.00483287
1165 0.751405 0.505376 0.00491445
1166 0.751405 0.503602 0.00500793
1167 0.751405 0.502892 0.00528945
1168 0.751405 0.504157 0.00507392
1169 0.751405 0.496413 0.00515016
1170 0.751405 0.499192 0.00595047
1171 0.751405 0.5058 0.00533174
1172 0.751405 0.503242 0.00486593
1173 0.751405 0.502173 0.00481751
1174 0.751405 0.510314 0.00470757
1175 0.751405 0.507653 0.0048225
1176 0.751405 0.509529 0.00507745
1177 0.751405 0.500155 0.00510815
1178 0.751405 0.5012 0.00498731
1179 0.751405 0.509433 0.00489267
1180 0.751405 0.501208 0.00504754
1181 0.751405 0.505734 0.00490528
1182 0.751405 0.503834 0.00463545
1183 0.751405 0.514078 0.00538839
1184 0.751405 0.501627 0.00530939
1185 0.751405 0.503989 0.00471332
1186 0.751405 0.510108 0.00528101
1187 0.751405 0.498404 0.00538173
1188 0.751405 0.50916 0.00501893
1189 0.751405 0.510282 0.00509061
1190 0.751405 0.499511 0.00505536
1191 0.751405 0.50012 0.00511967
1192 0.751405 0.509065 0.0055143
1193 0.751405 0.513681 0.00549172
1194 0.751405 0.507505 0.00542252
1195 0.751405 0.509205 0.00523872
1196 0.751405 0.50408 0.00446864
1197 0.751405 0.510461 0.00518251
1198 0.751405 0.503238 0.00592563
1199 0.751405 0.515526 0.00517797
1200 0.751405 0.505034 0.00638894
1201 0.751405 0.50514 0.00501882
1202 0.751405 0.514318 0.00583751
1203 0.751405 0.512214 0.00435898
1204 0.751405 0.51438 0.00526392
1205 0.751405 0.513534 0.00469584
1206 0.751405 0.506068 0.0051387
1207 0.751405 0.521134 0.00533433
1208 0.751405 0.510422 0.00422909
1209 0.751405 0.508651 0.00437988
1210 0.751405 0.509496 0.00504091
1211 0.751405 0.510304 0.00447446
1212 0.751405 0.507153 0.00429211
1213 0.751405 0.501882 0.00541726
1214 0.751405 0.49405 0.00481313
1215 0.751405 0.494163 0.00521723
1216 0.751405 0.509416 0.00495884
1217 0.751405 0.498793 0.00524953
1218 0.751405 0.499344 0.00490278
1219 0.751405 0.512194 0.00489219
1220 0.751405 0.510459 0.00469561
1221 0.751405 0.503964 0.00452794
1222 0.751405 0.509459 0.00438041
1223 0.751405 0.502299 0.00497312
1224 0.751405 0.499084 0.00485114
1225 0.751405 0.508066 0.00518516
1226 0.751405 0.504514 0.00542187
1227 0.751405 0.502317 0.00467106
1228 0.751405 0.512301 0.00431109
1229 0.751405 0.516881 0.00519991
1230 0.751405 0.511926 0.00513234
1231 0.751405 0.503858 0.00496797
1232 0.751405 0.498191 0.00498002
1233 0.751405 0.503116 0.00553245
1234 0.751405 0.513667 0.00556307
1235 0.751405 0.508127 0.00577919
1236 0.751405 0.505386 0.00440285
1237 0.751405 0.506765 0.00433266
1238 0.751405 0.501689 0.00461011
1239 0.751405 0.499842 0.00493306
1240 0.751405 0.508538 0.00446327
1241 0.751405 0.503992 0.00475703
1242 0.751405 0.503121 0.00525272
1243 0.751405 0.496374 0.00429109
1244 0.751405 0.507464 0.00495184
1245 0.751405 0.506934 0.00447832
1246 0.751405 0.511765 0.00445042
1247 0.751405 0.502121 0.00461668
1248 0.751405 0.514776 0.0046604
1249 0.751405 0.511127 0.00525157
1250 0.751405 0.514071 0.00434233
1251 0.751405 0.507816 0.00464619
1252 0.751405 0.512352 0.00526009
1253 0.751405 0.515055 0.00484248
1254 0.751405 0.514187 0.00400046
1255 0.751405 0.509969 0.00413792
1256 0.751405 0.515742 0.00417301
1257 0.751405 0.51195 0.00446519
1258 0.751405 0.502906 0.00486652
1259 0.751405 0.500354 0.00445865
1260 0.751405 0.505349 0.00532407
1261 0.751405 0.513272 0.00485599
1262 0.751405 0.51574 0.00442389
1263 0.751405 0.506014 0.00461562
1264 0.751405 0.503494 0.00476705
1265 0.751405 0.508636 0.00500729
1266 0.751405 0.496837 0.00484508
1267 0.751405 0.509458 0.00457421
1268 0.751405 0.504105 0.00482324
1269 0.751405 0.506838 0.00514196
1270 0.751405 0.498571 0.00511631
1271 0.751405 0.497919 0.00480927
1272 0.751405 0.501128 0.00425074
1273 0.751405 0.500563 0.00463192
1274 0.751405 0.508151 0.00414349
1275 0.751405 0.509333 0.004399
1276 0.751405 0.506165 0.00543011
1277 0.751405 0.505225 0.00448888
1278 0.751405 0.506759 0.00435823
1279 0.751405 0.507127 0.00556023
1280 0.751405 0.512093 0.00529447
1281 0.751405 0.515879 0.00406523
1282 0.751405 0.513479 0.00446274
1283 0.751405 0.512053 0.00532874
1284 0.751405 0.507912 0.00455954
1285 0.751405 0.509363 0.00470117
1286 0.751405 0.518982 0.00443359
1287 0.751405 0.506214 0.00434025
1288 0.757985 0.505892 0.00519414
1289 0.757985 0.502358 0.00516874
1290 0.757985 0.504299 0.00509407
1291 0.757985 0.502918 0.00582938
1292 0.757985 0.513587 0.00432876
1293 0.757985 0.507563 0.00534834
1294 0.757985 0.500728 0.0048117
1295 0.757985 0.510153 0.00480158
1296 0.757985 0.513073 0.00496238
1297 0.757985 0.502503 0.00491974
1298 0.757985 0.500175 0.00538859
1299 0.757985 0.508785 0.00513978
1300 0.757985 0.503671 0.00537145
1301 0.757985 0.499725 0.00548669
1302 0.757985 0.502072 0.00509325
1303 0.757985 0.507982 0.00532999
1304 0.757985 0.518342 0.00539172
1305 0.757985 0.496723 0.00586206
1306 0.757985 0.506276 0.00481886
1307 0.757985 0.511981 0.00492609
1308 0.757985 0.513074 0.00512786
1309 0.757985 0.508939 0.00415645
1310 0.757985 0.518683 0.00439578
1311 0.757985 0.504411 0.00464741
1312 0.757985 0.504617 0.00594039
1313 0.757985 0.514183 0.00445449
1314 0.757985 0.509288 0.0044867
1315 0.757985 0.506939 0.00504435
1316 0.757985 0.506321 0.00466376
1317 0.757985 0.515276 0.00485758
1318 0.757985 0.519463 0.00509476
1319 0.757985 0.517079 0.00483188
1320 0.757985 0.510939 0.00507482
1321 0.757985 0.518713 0.00497399
1322 0.757985 0.499066 0.00493922
1323 0.757985 0.505489 0.00523644
1324 0.757985 0.504045 0.00536671
1325 0.757985 0.515479 0.00483762
1326 0.757985 0.509418 0.00503342
1327 0.757985 0.509612 0.00436409
1328 0.757985 0.501484 0.00514256
1329 0.757985 0.496344 0.00483559
1330 0.757985 0.509874 0.0050323
1331 0.757985 0.513321 0.00470977
1332 0.757985 0.497349 0.00493756
1333 0.757985 0.50784 0.0050426
1334 0.757985 0.506387 0.00541156
1335 0.757985 0.505649 0.00469607
1336 0.757985 0.510156 0.00442929
1337 0.757985 0.50734 0.0044729
1338 0.757985 0.50034 0.00409632
1339 0.757985 0.504979 0.00429022
1340 0.757985 0.497484 0.00466685
1341 0.757985 0.505048 0.00546935
1342 0.757985 0.507963 0.00461669
1343 0.757985 0.500308 0.0057651
1344 0.757985 0.505415 0.00574684
1345 0.757985 0.507122 0.00495293
1346 0.757985 0.502455 0.00546055
1347 0.757985 0.504017 0.00449761
1348 0.757985 0.501644 0.00554791
1349 0.757985 0.505905 0.0052064
1350 0.757985 0.502764 0.00510615
1351 0.757985 0.507073 0.00471267
1352 0.757985 0.503603 0.00590898
1353 0.757985 0.502456 0.00512208
1354 0.757985 0.49256 0.00474047
1355 0.757985 0.504918 0.00528565
1356 0.757985 0.50406 0.00503567
1357 0.757985 0.505057 0.00481598
1358 0.757985 0.506316 0.00554922
1359 0.757985 0.506178 0.00536056
1360 0.757985 0.507595 0.00497001
1361 0.757985 0.50791 0.00629631
1362 0.757985 0.502395 0.00604335
1363 0.757985 0.513967 0.0053188
1364 0.757985 0.500788 0.00528951
1365 0.757985 0.503559 0.00500589
1366 0.757985 0.507658 0.00545632
1367 0.757985 0.509692 0.00584789
1368 0.757985 0.511413 0.00483034
1369 0.757985 0.508012 0.00515087
1370 0.757985 0.508259 0.00483326
1371 0.757985 0.508526 0.00521664
1372 0.757985 0.501192 0.00476464
1373 0.757985 0.50682 0.00474264
1374 0.757985 0.503157 0.00569031
1375 0.757985 0.505334 0.00594834
1376 0.757985 0.512358 0.00508071
1377 0.76282 0.514774 0.0051947
1378 0.76282 0.50376 0.00594905
1379 0.76282 0.512943 0.00522401
1380 0.76282 0.506997 0.00533502
1381 0.76282 0.504909 0.00554528
1382 0.76282 0.507723 0.00594394
1383 0.76282 0.509327 0.0064913
1384 0.76282 0.516872 0.00534062
1385 0.76282 0.50524 0.00540378
1386 0.76282 0.501369 0.00524913
1387 0.76282 0.510741 0.00515691
1388 0.76282 0.506184 0.00542544
1389 0.76282 0.507029 0.00453563
1390 0.76282 0.501016 0.00530378
1391 0.76282 0.494153 0.00590571
1392 0.76282 0.503283 0.00517699
1393 0.76282 0.512375 0.00515429
1394 0.76282 0.497088 0.0065206
1395 0.76282 0.497969 0.00533929
1396 0.76282 0.50813 0.00487361
1397 0.76282 0.505243 0.00566158
1398 0.76282 0.500001 0.00528993
1399 0.76282 0.499025 0.00575508
1400 0.76282 0.502734 0.00460464
1401 0.76282 0.499613 0.0066506
1402 0.76282 0.505535 0.00618359
1403 0.76282 0.510107 0.00554512
1404 0.76282 0.505262 0.00616982
1405 0.76282 0.507753 0.00522585
1406 0.76282 0.510107 0.00553224
1407 0.76282 0.496544 0.0056975
1408 0.76282 0.498073 0.00499196
1409 0.76282 0.509441 0.00545439
1410 0.76282 0.505163 0.00559543
1411 0.76282 0.515492 0.00492869
1412 0.76282 0.513648 0.0046137
1413 0.76282 0.508096 0.00531345
1414 0.76282 0.505219 0.00504781
1415 0.76282 0.513556 0.00482479
1416 0.76282 0.513886 0.00445374
1417 0.76282 0.50464 0.00521995
1418 0.771657 0.513131 0.00521329
1419 0.771657 0.503895 0.00598223
1420 0.771657 0.506805 0.00471567
1421 0.771657 0.492783 0.00563719
1422 0.771657 0.498714 0.00553163
1423 0.771657 0.499361 0.00537741
1424 0.771657 0.501042 0.00555321
1425 0.771657 0.511356 0.00496245
1426 0.771657 0.507244 0.00553776
1427 0.771657 0.507526 0.00539084
1428 0.771657 0.503625 0.00512293
1429 0.771657 0.50398 0.0045624
1430 0.771657 0.507206 0.00556582
1431 0.771657 0.511529 0.00515727
1432 0.771657 0.502807 0.00539262
1433 0.771657 0.514783 0.00489589
1434 0.771657 0.508913 0.0059836
1435 0.771657 0.503548 0.00509577
1436 0.771657 0.505947 0.00486915
1437 0.771657 0.504538 0.00480268
1438 0.771657 0.506396 0.00586267
1439 0.771657 0.508936 0.0050779
1440 0.771657 0.505134 0.00576801
1441 0.771657 0.504735 0.00499301
1442 0.771657 0.503771 0.00545931
1443 0.771657 0.507305 0.0048166
1444 0.771657 0.510853 0.00526107
1445 0.771657 0.507755 0.00520243
1446 0.771657 0.512915 0.00525562
1447 0.771657 0.50426 0.00526981
1448 0.771657 0.508167 0.00483594
1449 0.771657 0.509471 0.00561851
1450 0.771657 0.497995 0.00549872
1451 0.771657 0.49824 0.00530007
1452 0.771657 0.501679 0.00535577
1453 0.771657 0.498319 0.00598576
1454 0.771657 0.500642 0.00519284
1455 0.771657 0.504909 0.00611512
1456 0.771657 0.501784 0.00616514
1457 0.771657 0.506957 0.0061274
1458 0.771657 0.514003 0.0054651
1459 0.771657 0.504781 0.00634248
1460 0.771657 0.507021 0.00525049
1461 0.771657 0.503411 0.00529133
1462 0.771657 0.507289 0.00555602
1463 0.771657 0.502134 0.005552
1464 0.771657 0.499027 0.0055487
1465 0.771657 0.503228 0.00531364
1466 0.771657 0.506496 0.00522426
1467 0.771657 0.512479 0.00545854
1468 0.771657 0.513488 0.00542843
1469 0.771657 0.505571 0.00537414
1470 0.771657 0.508852 0.00500827
1471 0.771657 0.504678 0.00566424
1472 0.771657 0.510484 0.00508005
1473 0.771657 0.502841 0.00659429
1474 0.771657 0.500132 0.00625122
1475 0.771657 0.507174 0.00495524
1476 0.771657 0.504569 0.00534177
1477 0.771657 0.50651 0.00463352
1478 0.771657 0.507451 0.00467721
1479 0.771657 0.505757 0.00587778
1480 0.771657 0.515864 0.00512857
1481 0.771657 0.512379 0.00482915
1482 0.771657 0.515732 0.00579767
1483 0.771657 0.511273 0.00454197
1484 0.771657 0.509485 0.00490906
1485 0.771657 0.516563 0.00458404
1486 0.771657 0.502219 0.00542886
1487 0.771657 0.507009 0.00470649
1488 0.771657 0.510905 0.00523962
1489 0.771657 0.51112 0.00502042
1490 0.771657 0.515426 0.00536918
1491 0.771657 0.513751 0.00594424
1492 0.771657 0.508061 0.00497444
1493 0.771657 0.503721 0.00646352
1494 0.771657 0.512296 0.00526179
1495 0.771657 0.507152 0.00576182
1496 0.771657 0.510287 0.00579334
1497 0.771657 0.507911 0.00551931
1498 0.771657 0.511283 0.00552586
1499 0.771657 0.505856 0.00554166
1500 0.771657 0.507093 0.00566883
1501 0.771657 0.503251 0.00562028
1502 0.771657 0.512124 0.00570753
1503 0.771657 0.514587 0.00529328
1504 0.771657 0.505965 0.00559985
1505 0.771657 0.504131 0.00549943
1506 0.771657 0.503278 0.0060762
1507 0.771657 0.503331 0.00561157
1508 0.771657 0.505566 0.00511217
1509 0.771657 0.508421 0.00517011
1510 0.771657 0.501576 0.00546177
1511 0.771657 0.503998 0.00666285
1512 0.771657 0.5079 0.00577211
1513 0.771657 0.506321 0.00560515
1514 0.771657 0.496544 0.00583392
1515 0.771657 0.504779 0.00517566
1516 0.771657 0.50967 0.00581149
1517 0.771657 0.504398 0.00545244
1518 0.771657 0.502448 0.00617607
1519 0.771657 0.511044 0.00492288
1520 0.771657 0.504742 0.00526236
1521 0.771657 0.507407 0.00448741
1522 0.771657 0.500687 0.00600058
1523 0.771657 0.498294 0.00556527
1524 0.771657 0.498356 0.00513704
1525 0.771657 0.500277 0.00509543
1526 0.771657 0.508853 0.00590664
1527 0.771657 0.502411 0.00556723
1528 0.771657 0.506249 0.00623876
1529 0.771657 0.508761 0.0057178
1530 0.771657 0.513936 0.00546564
1531 0.771657 0.508038 0.0055557
1532 0.771657 0.511081 0.00593782
1533 0.771657 0.508424 0.00543264
1534 0.771657 0.507921 0.00632267
1535 0.771657 0.512133 0.00542478
1536 0.771657 0.510836 0.00559533
1537 0.771657 0.513118 0.00565164
1538 0.771657 0.513823 0.00656627
1539 0.771657 0.497922 0.005451
1540 0.771657 0.510745 0.00562476
1541 0.771657 0.506293 0.00548078
1542 0.771657 0.508123 0.00537024
1543 0.771657 0.506875 0.0056313
1544 0.771657 0.512466 0.00520621
1545 0.771657 0.517197 0.00633207
1546 0.771657 0.51299 0.00504128
1547 0.771657 0.508226 0.00532708
1548 0.771657 0.51092 0.00610283
1549 0.771657 0.508095 0.00571521
1550 0.771657 0.509527 0.00489764
1551 0.771657 0.504601 0.00498284
1552 0.771657 0.499596 0.00515614
1553 0.771657 0.496664 0.00585594
1554 0.771657 0.513357 0.00542885
1555 0.771657 0.507847 0.00531494
1556 0.771657 0.503184 0.0052828
1557 0.771657 0.503064 0.0057586
1558 0.771657 0.507123 0.00508971
1559 0.771657 0.50469 0.00555014
1560 0.771657 0.516493 0.00457246
1561 0.772731 0.520935 0.00536616
1562 0.772731 0.51022 0.0053702
1563 0.772731 0.515348 0.00534081
1564 0.772731 0.511248 0.00568548
1565 0.772731 0.513496 0.00516082
1566 0.772731 0.508332 0.00462971
1567 0.772731 0.50559 0.0055519
1568 0.772731 0.511952 0.00545126
1569 0.772731 0.507897 0.00536043
1570 0.772731 0.503148 0.00529667
1571 0.772731 0.506261 0.00607509
1572 0.772731 0.504477 0.00597841
1573 0.772731 0.50408 0.00562736
1574 0.772731 0.508278 0.00506916
1575 0.772731 0.502075 0.00598294
1576 0.772731 0.512588 0.00567478
1577 0.772731 0.496788 0.00540006
1578 0.772731 0.515818 0.00526657
1579 0.772731 0.511766 0.00577431
1580 0.772731 0.502353 0.00569679
1581 0.772731 0.509143 0.00535075
1582 0.772731 0.506728 0.00500086
1583 0.772731 0.513014 0.00519352
1584 0.772731 0.512115 0.0049742
1585 0.772731 0.51402 0.00635858
1586 0.772731 0.511225 0.00578309
1587 0.772731 0.510264 0.00571288
1588 0.772731 0.513921 0.00499633
1589 0.772731 0.513819 0.00477847
1590 0.772731 0.508344 0.0051975
1591 0.772731 0.508329 0.00443882
1592 0.772731 0.511933 0.00563388
1593 0.772731 0.500761 0.00548473
1594 0.772731 0.508158 0.00482393
1595 0.772731 0.510593 0.00482661
1596 0.772731 0.508182 0.00506701
1597 0.772731 0.500629 0.00556686
1598 0.772731 0.49719 0.00621531
1599 0.772731 0.506262 0.00593891
1600 0.772731 0.507205 0.00546936
1601 0.772731 0.510705 0.00562134
1602 0.772731 0.510269 0.0052567
1603 0.772731 0.512859 0.00487054
1604 0.772731 0.507278 0.00525803
1605 0.772731 0.518087 0.00525446
1606 0.772731 0.504859 0.00538167
1607 0.772731 0.506372 0.00552902
1608 0.772731 0.50683 0.0051018
1609 0.772731 0.510889 0.00467131
1610 0.772731 0.512637 0.00553886
1611 0.772731 0.504137 0.00561261
1612 0.772731 0.500483 0.00573698
1613 0.772731 0.496534 0.00552557
1614 0.772731 0.502337 0.0058588
1615 0.772731 0.501613 0.00624059
1616 0.772731 0.50083 0.00540182
1617 0.772731 0.510252 0.00562746
1618 0.772731 0.512584 0.00578633
1619 0.772731 0.503761 0.00587741
1620 0.772731 0.505231 0.0058258
1621 0.772731 0.505462 0.00639696
1622 0.772731 0.500982 0.00624353
1623 0.772731 0.506184 0.00520287
1624 0.772731 0.502399 0.0057562
1625 0.772731 0.500854 0.00610424
1626 0.772731 0.507157 0.00546662
1627 0.772731 0.504698 0.00710705
1628 0.772731 0.504129 0.00494365
1629 0.772731 0.511129 0.0051914
1630 0.772731 0.504339 0.00613495
1631 0.772731 0.506782 0.00499933
1632 0.772731 0.511295 0.00513925
1633 0.772731 0.509388 0.00549191
1634 0.772731 0.492634 0.00577387
1635 0.772731 0.506116 0.00642052
1636 0.772731 0.505203 0.00524795
1637 0.772731 0.503887 0.00590852
1638 0.772731 0.508155 0.00548737
1639 0.772731 0.511337 0.00503768
1640 0.772731 0.507987 0.00470014
1641 0.772731 0.510748 0.00497718
1642 0.772731 0.507361 0.00591254
1643 0.772731 0.496785 0.00612352
1644 0.772731 0.498173 0.00656665
1645 0.772731 0.49824 0.00561399
1646 0.772731 0.496148 0.0058464
1647 0.772731 0.508308 0.00666534
1648 0.772731 0.504197 0.005832
1649 0.772731 0.503847 0.00504167
1650 0.772731 0.502318 0.00497674
1651 0.772731 0.5092 0.00557872
1652 0.772731 0.51052 0.0048108
1653 0.772731 0.512451 0.00567272
1654 0.772731 0.508627 0.00505128
1655 0.772731 0.505375 0.00638025
1656 0.772731 0.505981 0.00522741
1657 0.772731 0.500193 0.0058118
1658 0.772731 0.513125 0.00539141
1659 0.772731 0.509572 0.00528999
1660 0.772731 0.506758 0.00482656
1661 0.772731 0.502281 0.00513835
1662 0.772731 0.508003 0.00510374
1663 0.772731 0.512456 0.00429598
1664 0.772731 0.503397 0.0050151
1665 0.772731 0.504927 0.0055967
1666 0.772731 0.505736 0.00564383
1667 0.772731 0.498446 0.00561762
1668 0.772731 0.495383 0.00584475
1669 0.772731 0.50756 0.00568707
1670 0.772731 0.512764 0.00610101
1671 0.772731 0.506687 0.00570236
1672 0.772731 0.504553 0.00578954
1673 0.772731 0.505515 0.00565242
1674 0.772731 0.509478 0.00642151
1675 0.772731 0.511765 0.0055766
1676 0.772731 0.504603 0.00538018
1677 0.772731 0.503608 0.0052604
1678 0.772731 0.504455 0.00599843
1679 0.772731 0.504295 0.00699097
1680 0.772731 0.51142 0.00548433
1681 0.772731 0.511311 0.00537513
1682 0.772731 0.503073 0.00527255
1683 0.772731 0.503859 0.00547973
1684 0.772731 0.501937 0.00531294
1685 0.772731 0.501203 0.00486264
1686 0.772731 0.514829 0.00564697
1687 0.772731 0.505425 0.00541278
1688 0.772731 0.509924 0.00534616
1689 0.772731 0.507583 0.00563367
1690 0.772731 0.506165 0.00544609
1691 0.772731 0.512572 0.00474004
1692 0.772731 0.508491 0.00504723
1693 0.772731 0.511519 0.00551087
1694 0.772731 0.509872 0.00602957
1695 0.772731 0.512245 0.00535202
1696 0.772731 0.496735 0.00586196
1697 0.772731 0.498396 0.00495011
1698 0.772731 0.501404 0.00589429
1699 0.772731 0.502945 0.00550757
1700 0.772731 0.499067 0.0055729
1701 0.772731 0.501284 0.00538722
1702 0.772731 0.50251 0.00573042
1703 0.772731 0.508184 0.0058484
1704 0.772731 0.498745 0.00568497
1705 0.772731 0.512471 0.0058459
1706 0.772731 0.506666 0.00574684
1707 0.772731 0.509198 0.00527825
1708 0.772731 0.508475 0.00557442
1709 0.772731 0.498483 0.0052932
1710 0.772731 0.502727 0.00532761
1711 0.772731 0.513498 0.00570597
1712 0.772731 0.504581 0.00613639
1713 0.772731 0.50584 0.00576684
1714 0.772731 0.511397 0.00491252
1715 0.772731 0.496074 0.00575156
1716 0.772731 0.49811 0.00630608
1717 0.772731 0.503922 0.00499948
1718 0.772731 0.507221 0.00496632
1719 0.772731 0.509075 0.00531325
1720 0.772731 0.504514 0.00573609
1721 0.772731 0.510817 0.00593352
1722 0.772731 0.511198 0.00611569
1723 0.772731 0.51093 0.00534247
1724 0.772731 0.505264 0.00503127
1725 0.772731 0.508383 0.00519159
1726 0.772731 0.50481 0.00520111
1727 0.772731 0.505529 0.00550682
1728 0.772731 0.510448 0.00475808
1729 0.772731 0.508045 0.00513788
1730 0.772731 0.508234 0.00533318
1731 0.772731 0.506747 0.00564142
1732 0.772731 0.515989 0.00447874
1733 0.772731 0.500795 0.00462856
1734 0.772731 0.50949 0.00495338
1735 0.772731 0.506541 0.00502754
1736 0.772731 0.504852 0.00547557
1737 0.772731 0.508473 0.00468263
1738 0.772731 0.503919 0.00535781
1739 0.772731 0.498447 0.00496028
1740 0.772731 0.508827 0.00563604
1741 0.772731 0.499567 0.00563956
1742 0.772731 0.498646 0.00526981
1743 0.772731 0.504239 0.00574659
1744 0.772731 0.507215 0.00514802
1745 0.772731 0.506582 0.0061046
1746 0.772731 0.515375 0.00487453
1747 0.772731 0.511548 0.00530825
1748 0.772731 0.507886 0.00619854
1749 0.772731 0.509353 0.00503784
1750 0.772731 0.507138 0.00588702
1751 0.772731 0.507714 0.0051498
1752 0.772731 0.504839 0.00550899
1753 0.772731 0.501768 0.00568378
1754 0.772731 0.510778 0.00560273
1755 0.772731 0.512714 0.00553482
1756 0.772731 0.505237 0.00584137
1757 0.772731 0.512562 0.00579046
1758 0.772731 0.504019 0.00594344
1759 0.772731 0.505636 0.00540024
1760 0.772731 0.509745 0.00538064
1761 0.772731 0.505125 0.005785
1762 0.772731 0.511476 0.0062865
1763 0.772731 0.51023 0.00539268
1764 0.772731 0.50206 0.00566072
1765 0.772731 0.506867 0.00515846
1766 0.772731 0.504299 0.00569271
1767 0.772731 0.510758 0.00463777
1768 0.772731 0.509993 0.00467833
1769 0.772731 0.503829 0.00487162
1770 0.772731 0.502825 0.00510415
1771 0.772731 0.509317 0.00494791
1772 0.772731 0.509506 0.00460608
1773 0.772731 0.498979 0.00513144
1774 0.772731 0.500434 0.00579093
1775 0.772731 0.504892 0.00538041
1776 0.772731 0.510484 0.00489091
1777 0.772731 0.511917 0.00502438
1778 0.772731 0.508977 0.00506075
1779 0.772731 0.516733 0.00502846
1780 0.772731 0.519837 0.00520309
1781 0.772731 0.507159 0.00562941
1782 0.772731 0.512138 0.00574731
1783 0.772731 0.505167 0.00592931
1784 0.772731 0.508989 0.00524091
1785 0.772731 0.504959 0.00538219
1786 0.772731 0.511002 0.0047832
1787 0.772731 0.510302 0.00556212
1788 0.772731 0.512236 0.0052848
1789 0.772731 0.512542 0.00534065
1790 0.772731 0.514598 0.00479572
1791 0.772731 0.507032 0.00538871
1792 0.772731 0.50354 0.00620616
1793 0.772731 0.50565 0.00510757
1794 0.772731 0.508054 0.00500087
1795 0.772731 0.511169 0.00471318
1796 0.772731 0.513086 0.00504732
1797 0.772731 0.508812 0.00572295
1798 0.774203 0.512455 0.00601533
1799 0.774203 0.509369 0.00514595
1800 0.774203 0.508859 0.00594155
1801 0.774203 0.497711 0.0060096
1802 0.774203 0.509537 0.00595517
1803 0.774203 0.509733 0.00479488
1804 0.774203 0.510506 0.00569718
1805 0.774203 0.509872 0.00546418
1806 0.774203 0.506885 0.00487165
1807 0.774203 0.504186 0.00572055
1808 0.774203 0.503154 0.00533343
1809 0.774203 0.505617 0.00513182
1810 0.774203 0.504446 0.00491456
1811 0.774203 0.501393 0.00576072
1812 0.774203 0.508507 0.0047724
1813 0.774203 0.500172 0.00562629
1814 0.774203 0.496746 0.00538815
1815 0.774203 0.511426 0.00564928
1816 0.774203 0.507957 0.00491213
1817 0.774203 0.510105 0.0059634
1818 0.774203 0.516175 0.00554918
1819 0.774203 0.50605 0.00535663
1820 0.774203 0.508079 0.00582973
1821 0.774203 0.506944 0.00624004
1822 0.774203 0.50261 0.00608163
1823 0.774203 0.504011 0.00603723
1824 0.774203 0.496037 0.00671294
1825 0.774203 0.501342 0.00581012
1826 0.774203 0.507302 0.00618214
1827 0.774203 0.502884 0.00521914
1828 0.774203 0.506234 0.0052669
1829 0.774203 0.498392 0.00549738
1830 0.774203 0.498792 0.00562224
1831 0.774203 0.503496 0.00467861
1832 0.774203 0.502306 0.00515876
1833 0.774203 0.505407 0.00537249
1834 0.774203 0.512155 0.00554222
1835 0.774203 0.495328 0.00593794
1836 0.774203 0.500004 0.00510271
1837 0.774203 0.504922 0.00620342
1838 0.774203 0.507256 0.00469228
1839 0.774203 0.50495 0.00511005
1840 0.774203 0.498037 0.00542814
1841 0.774203 0.496496 0.00619421
1842 0.774203 0.505158 0.00584828
1843 0.774203 0.496121 0.00553529
1844 0.774203 0.502714 0.00600829
1845 0.774203 0.508946 0.00500393
1846 0.774203 0.506844 0.00526504
1847 0.774203 0.498761 0.00526698
1848 0.774203 0.504842 0.00512638
1849 0.774203 0.506376 0.00504961
1850 0.774203 0.50409 0.00479825
1851 0.774203 0.51469 0.00586041
1852 0.774958 0.510867 0.00625338
1853 0.774958 0.501138 0.00616653
1854 0.774958 0.507672 0.00563194
1855 0.774958 0.503964 0.00496644
1856 0.774958 0.505048 0.00482294
1857 0.774958 0.502478 0.00521974
1858 0.774958 0.517132 0.00522178
1859 0.774958 0.520398 0.00626897
1860 0.774958 0.514723 0.00540681
1861 0.774958 0.510191 0.00489252
1862 0.774958 0.513343 0.00484007
1863 0.774958 0.509645 0.00490807
1864 0.774958 0.503597 0.00536226
1865 0.774958 0.508083 0.00486479
1866 0.774958 0.504452 0.00670835
1867 0.774958 0.511803 0.00552646
1868 0.774958 0.514932 0.00568918
1869 0.774958 0.502003 0.0060878
1870 0.774958 0.504636 0.00574592
1871 0.774958 0.509231 0.00545576
1872 0.774958 0.508713 0.00506513
1873 0.774958 0.514603 0.00581747
1874 0.774958 0.512402 0.00513395
1875 0.774958 0.512923 0.00537756
1876 0.774958 0.513065 0.0056127
1877 0.774958 0.507584 0.00535187
1878 0.774958 0.507709 0.00533161
1879 0.774958 0.511162 0.00480671
1880 0.774958 0.504413 0.00473815
1881 0.774958 0.504377 0.00522014
1882 0.774958 0.507801 0.00494318
1883 0.774958 0.509597 0.00509929
1884 0.774958 0.511203 0.00552041
1885 0.774958 0.51282 0.00523111
1886 0.774958 0.512431 0.00468712
1887 0.774958 0.512033 0.00559925
1888 0.774958 0.51115 0.0044399
1889 0.774958 0.500193 0.00610426
1890 0.774958 0.51442 0.00555965
1891 0.774958 0.512179 0.00596983
1892 0.774958 0.501512 0.00584824
1893 0.774958 0.5109 0.00551785
1894 0.774958 0.512221 0.00534425
1895 0.774958 0.508323 0.00522564
1896 0.774958 0.503108 0.00503317
1897 0.774958 0.500653 0.00505229
1898 0.774958 0.507052 0.00513323
1899 0.774958 0.509559 0.0057375
1900 0.774958 0.503031 0.00537896
1901 0.774958 0.502667 0.00533959
1902 0.774958 0.49921 0.00616503
1903 0.774958 0.511666 0.00511089
1904 0.774958 0.506145 0.00471247
1905 0.774958 0.504637 0.005549
1906 0.774958 0.505245 0.00523189
1907 0.774958 0.508032 0.0054617
1908 0.774958 0.50667 0.00548009
1909 0.774958 0.498167 0.00533675
1910 0.774958 0.504945 0.00516135
1911 0.775458 0.507109 0.0060409
1912 0.775458 0.505144 0.00542902
1913 0.775458 0.503171 0.0053943
1914 0.775458 0.508173 0.00517549
1915 0.775458 0.515465 0.00503233
1916 0.775458 0.510338 0.00514995
1917 0.775458 0.501943 0.00551142
1918 0.775458 0.505169 0.00596526
1919 0.775458 0.501795 0.0065136
1920 0.775458 0.503886 0.00526518
1921 0.775458 0.498947 0.00558325
1922 0.775458 0.498833 0.00574939
1923 0.775458 0.504663 0.00549793
1924 0.775458 0.513514 0.00452356
1925 0.775458 0.503603 0.0052077
1926 0.775458 0.504419 0.00543868
1927 0.775458 0.504777 0.00595223
1928 0.775458 0.507639 0.00523828
1929 0.775458 0.509337 0.00486159
1930 0.775458 0.510483 0.00529701
1931 0.775458 0.500728 0.0049129
1932 0.775458 0.509963 0.00567843
1933 0.775458 0.509744 0.00557666
1934 0.775458 0.507466 0.00583436
1935 0.775458 0.508038 0.0060545
1936 0.775458 0.504394 0.00565772
1937 0.775458 0.499407 0.00526203
1938 0.775458 0.508018 0.00507613
1939 0.775458 0.510455 0.00567358
1940 0.775458 0.510731 0.00565154
1941 0.775458 0.515762 0.00553028
1942 0.775458 0.503068 0.00531308
1943 0.775458 0.496775 0.00572922
1944 0.775458 0.5054 0.00545545
1945 0.775458 0.503977 0.00659779
1946 0.775458 0.514317 0.00541244
1947 0.775458 0.515956 0.0051095
1948 0.775458 0.506485 0.00563791
1949 0.775458 0.512369 0.00606496
1950 0.775458 0.517756 0.00532211
1951 0.775458 0.505398 0.0054653
1952 0.775458 0.507789 0.00594028
1953 0.775458 0.51913 0.00502224
1954 0.775458 0.506734 0.00467556
1955 0.775458 0.502739 0.00610888
1956 0.775458 0.508103 0.00542339
1957 0.775458 0.504903 0.00491174
1958 0.775458 0.503235 0.0051083
1959 0.775458 0.508338 0.00496934
1960 0.775458 0.504136 0.00502321
1961 0.775458 0.501626 0.00520153
1962 0.775458 0.499866 0.00538294
1963 0.775458 0.510781 0.00560931
1964 0.775458 0.507013 0.00500552
1965 0.775458 0.504729 0.00552791
1966 0.775458 0.503429 0.00547078
1967 0.775458 0.505951 0.00568732
1968 0.775458 0.506194 0.00589772
1969 0.775458 0.502049 0.00485489
1970 0.775458 0.509678 0.00468122
1971 0.775458 0.503544 0.00536297
1972 0.775458 0.507656 0.00495407
1973 0.775458 0.510472 0.00458214
1974 0.775458 0.511355 0.00480732
1975 0.775458 0.519655 0.00533196
1976 0.775458 0.508799 0.00583787
1977 0.775458 0.513246 0.00532536
1978 0.775458 0.511056 0.00472206
1979 0.775458 0.510945 0.00560011
1980 0.775458 0.502319 0.00561509
1981 0.775458 0.503065 0.00597587
1982 0.775458 0.498208 0.00559695
1983 0.775458 0.498821 0.00492164
1984 0.775458 0.507555 0.00530393
1985 0.775458 0.509876 0.00589302
1986 0.775458 0.506459 0.0057211
1987 0.775458 0.504811 0.00487156
1988 0.775458 0.511683 0.00512242
1989 0.775458 0.511291 0.00471667
1990 0.775458 0.516768 0.00493467
1991 0.775458 0.513901 0.00467712
1992 0.775458 0.511778 0.00469398
1993 0.775458 0.503171 0.0053373
1994 0.775458 0.515651 0.0062913
1995 0.775458 0.509562 0.00517589
1996 0.775458 0.512936 0.00561229
1997 0.775458 0.499197 0.00513969
1998 0.775458 0.504921 0.00476288
1999 0.775458 0.501762 0.00473275
2000 0.775458 0.502309 0.00540724
