4
1
-64.9994
6.28525
0
-50.8095
7.33228
0
-59.0448
7.70698
0
-63.9636
3.57619
0
0.199863
0.290485
1
1.86852
0.796136
0.822255
0.00580578
1.78519
1.04459
1.03605
0.875623
0.0813841
1.51187
1.38939
0.435104
1.34097
0.418693
0.757805
0.000299954
0.815232
1.84337
0.937116
1.8153
1.14688
1.84422
1.51447
0.809894
1.24177
0
1.28509
1.14723
1.94751
1.42488
0.970347
0.111382
1.8266
0.000229405
0.256087
1.24161
0.622696
1.94809
1.31377
0.0144324
0.857951
1.98725
1.99756
0.486345
0.57046
0.243049
1.36154
0.212105
1.8316
0.638681
1.79397
1.87496
1.34625
0.819334
1.82154
4.06416e-06
0.114457
0.708142
1.32637
0.0286479
1.58117
1.18003
1.74128
0.968538
0.776261
0.0141589
1.1291
0.279923
1.28753
0.943575
1
