1
4
0.188408
0.203811
1
0.158688
0.23438
1
0.02
0.295939
1
0.0405815
0.203137
1
-56.077
3.40961
0
1.91206
0.553878
0.790816
1.46185
0.820307
0.370315
1.09752
0.206302
0.997471
0.429414
0.13505
1.48795
1.73855
0.551569
0.609229
0.354601
0.152845
1.27174
1.12276
1.7019
0.650066
0.88252
1.50469
0.428218
1.16578
0.335098
0.888791
1.20519
0.191315
0
1.51153
1.8081
1.05986
1.04398
1.92069
0.435421
1.79465
0.377369
0.555854
1.6359
0.205412
0.437338
1.72412
1.14976
0.739123
1.32641
0.569028
0.174316
0.723235
0.773083
0.45049
1.71515
0.93557
1.9446
0.280343
1.17492
1.23061
1.19637
1.52779
1.80934
1.21597
1.8653
0.781904
1.61787
0.801825
0.629725
0.104589
1.43535
0.389976
1.88095
1.98962
0.767685
0.0144274
1.23137
0.561221
