0 0.55566 0.498342 0.000299624
1 0.556352 0.499829 0.000254067
2 0.556352 0.501332 0.000242055
3 0.556352 0.501083 0.000195311
4 0.579933 0.501917 0.000390523
5 0.579933 0.499602 0.000520572
6 0.579933 0.499299 0.000352038
7 0.579933 0.49947 0.000467956
8 0.579933 0.500903 0.000447255
9 0.579933 0.501799 0.000681122
10 0.60999 0.5046 0.000452228
11 0.60999 0.501558 0.000501207
12 0.60999 0.503176 0.000443852
13 0.60999 0.501122 0.000517687
14 0.60999 0.50278 0.000520194
15 0.60999 0.501663 0.000565383
16 0.60999 0.501296 0.000605038
17 0.60999 0.50104 0.0006153
18 0.60999 0.503591 0.000598509
19 0.60999 0.497842 0.000802667
20 0.60999 0.50301 0.000535203
21 0.60999 0.502204 0.000608991
22 0.60999 0.501147 0.000599527
23 0.60999 0.502624 0.000632318
24 0.60999 0.499717 0.000549497
25 0.60999 0.502672 0.000503439
26 0.60999 0.50381 0.000554499
27 0.60999 0.503221 0.000435675
28 0.60999 0.501387 0.000495548
29 0.60999 0.50388 0.000430364
30 0.60999 0.500854 0.000547676
31 0.60999 0.501457 0.00062877
32 0.626935 0.503695 0.00060696
33 0.626935 0.500866 0.000663018
34 0.626935 0.501516 0.000742071
35 0.626935 0.501971 0.000706085
36 0.626935 0.501871 0.000547898
37 0.626935 0.503817 0.000565817
38 0.634499 0.504028 0.00081491
39 0.634499 0.505633 0.000695698
40 0.634499 0.503468 0.000962414
41 0.634499 0.504916 0.00118093
42 0.634499 0.503044 0.000978641
43 0.634499 0.505781 0.000946132
44 0.634499 0.506577 0.000989837
45 0.634499 0.503745 0.000996363
46 0.634499 0.503309 0.000747988
47 0.634499 0.502634 0.00104862
48 0.634499 0.501853 0.000962875
49 0.634499 0.503932 0.00116085
50 0.634499 0.503027 0.000786177
51 0.634499 0.502529 0.000978374
52 0.634499 0.502214 0.000986652
53 0.634499 0.502094 0.000956278
54 0.634499 0.503467 0.0009843
55 0.634499 0.502348 0.000767616
56 0.634499 0.504456 0.000701239
57 0.634499 0.502627 0.000777048
58 0.634499 0.500507 0.000946064
59 0.634499 0.503053 0.000947998
60 0.649548 0.505486 0.00136275
61 0.649548 0.503926 0.000984357
62 0.649548 0.501949 0.00118181
63 0.649548 0.505504 0.00122392
64 0.649548 0.50332 0.0012493
65 0.649548 0.503967 0.00122433
66 0.649548 0.502711 0.00107914
67 0.649548 0.504539 0.00124049
68 0.649548 0.505733 0.00149177
69 0.649548 0.501816 0.00118629
70 0.649548 0.503223 0.00131148
71 0.649548 0.504897 0.00146933
72 0.649548 0.508647 0.00130326
73 0.649548 0.503308 0.0011134
74 0.649548 0.505346 0.00108231
75 0.649548 0.501172 0.00200966
76 0.649548 0.50403 0.001224
77 0.649548 0.502712 0.00118239
78 0.649548 0.498698 0.00120004
79 0.649548 0.503089 0.00141146
80 0.649548 0.500366 0.00141124
81 0.649548 0.503638 0.001673
82 0.649548 0.51172 0.00158776
83 0.649548 0.51168 0.00150046
84 0.649548 0.499437 0.00144008
85 0.649548 0.504307 0.0012482
86 0.649548 0.499431 0.00147396
87 0.649548 0.501577 0.00123688
88 0.649548 0.503316 0.00112747
89 0.649548 0.502309 0.00191422
90 0.649548 0.500774 0.00157564
91 0.649548 0.505695 0.00116955
92 0.649548 0.506697 0.00138478
93 0.649548 0.499211 0.00139589
94 0.649548 0.507331 0.00142963
95 0.649548 0.505572 0.00141362
96 0.649548 0.502896 0.00157544
97 0.649548 0.50269 0.00151613
98 0.649548 0.50392 0.00132867
99 0.649548 0.504828 0.00157487
100 0.649548 0.501952 0.00145201
101 0.649548 0.501145 0.00136138
102 0.649548 0.499718 0.0014297
103 0.649548 0.503128 0.00157772
104 0.649548 0.507788 0.00128252
105 0.649548 0.505617 0.00139478
106 0.649548 0.508642 0.00156598
107 0.649548 0.50351 0.00138745
108 0.649548 0.507125 0.0013998
109 0.649548 0.50465 0.00172912
110 0.649548 0.504908 0.00132048
111 0.649548 0.505203 0.00163713
112 0.649548 0.50711 0.0011301
113 0.649548 0.505387 0.00177423
114 0.649548 0.502754 0.00148882
115 0.649548 0.503814 0.00155292
116 0.649548 0.50332 0.00168933
117 0.649548 0.501253 0.00214482
118 0.649548 0.504703 0.00170039
119 0.649548 0.508567 0.00155491
120 0.649548 0.503919 0.00161763
121 0.649548 0.497655 0.00161337
122 0.649548 0.501424 0.00153502
123 0.649548 0.504789 0.00176883
124 0.649548 0.505414 0.00144439
125 0.673479 0.510299 0.00204114
126 0.673479 0.509011 0.00210943
127 0.673479 0.50698 0.00151512
128 0.673479 0.509543 0.00202915
129 0.673479 0.504204 0.00183483
130 0.673479 0.502759 0.00196702
131 0.673479 0.501235 0.00166606
132 0.673479 0.502428 0.00165079
133 0.673479 0.505615 0.00207634
134 0.673479 0.507586 0.00209715
135 0.673479 0.505703 0.00149066
136 0.673479 0.504585 0.00170624
137 0.673479 0.501951 0.00211497
138 0.673479 0.501021 0.00227941
139 0.673479 0.503414 0.00163992
140 0.673479 0.499121 0.00230131
141 0.673479 0.506414 0.00274717
142 0.673479 0.49983 0.00218627
143 0.673479 0.501786 0.00206326
144 0.673479 0.508076 0.00193198
145 0.673479 0.500636 0.00179544
146 0.673479 0.502385 0.00166745
147 0.673479 0.506899 0.001849
148 0.673479 0.508767 0.00176611
149 0.673479 0.50946 0.00169734
150 0.673479 0.508388 0.00163782
151 0.673479 0.50539 0.00186477
152 0.673479 0.504981 0.00179078
153 0.673479 0.50632 0.00182284
154 0.673479 0.510704 0.00219502
155 0.673479 0.502394 0.00196661
156 0.673479 0.504001 0.00194244
157 0.673479 0.514732 0.00213356
158 0.673479 0.508375 0.00148293
159 0.673479 0.50712 0.00174891
160 0.673479 0.505276 0.00171829
161 0.673479 0.508313 0.00159798
162 0.673479 0.50854 0.00165969
163 0.673479 0.505688 0.00180508
164 0.673479 0.505122 0.00174154
165 0.673479 0.510149 0.00178856
166 0.673479 0.507269 0.00185653
167 0.673479 0.504803 0.00167301
168 0.673479 0.506298 0.00155327
169 0.673479 0.51011 0.00186881
170 0.673479 0.505568 0.00190442
171 0.673479 0.508632 0.00153627
172 0.673479 0.50722 0.00195517
173 0.673479 0.516666 0.00215929
174 0.673479 0.509657 0.00194171
175 0.673479 0.508238 0.00185443
176 0.673479 0.515308 0.00176991
177 0.673479 0.517529 0.00231413
178 0.673479 0.508133 0.0017688
179 0.673479 0.512354 0.00218028
180 0.673479 0.509514 0.00176827
181 0.673479 0.508213 0.00184559
182 0.673479 0.505261 0.00224718
183 0.673479 0.503982 0.00191312
184 0.673479 0.507589 0.00191495
185 0.673479 0.50435 0.00207162
186 0.673479 0.508244 0.00173453
187 0.673479 0.504312 0.0020044
188 0.673479 0.506069 0.00221164
189 0.673479 0.507119 0.00175547
190 0.673479 0.505027 0.00174332
191 0.673479 0.5089 0.00166425
192 0.673479 0.509992 0.00190085
193 0.673479 0.505652 0.00186265
194 0.673479 0.503955 0.00211195
195 0.673479 0.501415 0.00168248
196 0.673479 0.507064 0.00138933
197 0.673479 0.511658 0.00157224
198 0.673479 0.505358 0.00172339
199 0.673479 0.505909 0.00162753
200 0.673479 0.507048 0.0020082
201 0.673479 0.506431 0.0019266
202 0.673479 0.502094 0.00246989
203 0.673479 0.508906 0.00157338
204 0.673479 0.506191 0.00176139
205 0.673479 0.505616 0.00148427
206 0.673479 0.50309 0.00175099
207 0.673479 0.50742 0.00191645
208 0.673479 0.507685 0.00179684
209 0.673479 0.509229 0.00153178
210 0.673479 0.506027 0.00163275
211 0.673479 0.511703 0.00144322
212 0.673479 0.508404 0.00165206
213 0.673479 0.505825 0.00192886
214 0.673479 0.504915 0.00168032
215 0.673479 0.50864 0.00154783
216 0.673479 0.504481 0.00164514
217 0.673479 0.502984 0.00174752
218 0.673479 0.506606 0.0016661
219 0.673479 0.511167 0.00249422
220 0.673479 0.512156 0.0021269
221 0.673479 0.502758 0.00206466
222 0.673479 0.504202 0.00210437
223 0.673479 0.50833 0.00197461
224 0.684434 0.505734 0.00205878
225 0.684434 0.505031 0.00156197
226 0.684434 0.508483 0.00177369
227 0.684434 0.507815 0.00187061
228 0.684434 0.510139 0.00182447
229 0.684434 0.505093 0.00217801
230 0.684434 0.50352 0.00207906
231 0.684434 0.509475 0.0014534
232 0.684434 0.506978 0.0019795
233 0.684434 0.505223 0.00183009
234 0.684434 0.509134 0.00175642
235 0.684434 0.507835 0.00183426
236 0.684434 0.507911 0.00207439
237 0.684434 0.508686 0.00214973
238 0.684434 0.513398 0.00242598
239 0.684434 0.504566 0.0023695
240 0.684434 0.50503 0.00211128
241 0.684434 0.508502 0.00204626
242 0.684434 0.50662 0.00221046
243 0.684434 0.503393 0.00192231
244 0.684434 0.50501 0.00174335
245 0.684434 0.506095 0.00197995
246 0.684434 0.508531 0.00179629
247 0.684434 0.507946 0.0019243
248 0.684434 0.50405 0.00224994
249 0.684434 0.503021 0.00200196
250 0.684434 0.508874 0.00204496
251 0.684434 0.503366 0.00217112
252 0.684434 0.505765 0.00217591
253 0.684434 0.503759 0.00204381
254 0.684434 0.504566 0.0026587
255 0.684434 0.507705 0.00209584
256 0.684434 0.50348 0.00185924
257 0.684434 0.509357 0.00198903
258 0.684434 0.502239 0.00198715
259 0.684434 0.506587 0.00175862
260 0.684434 0.509391 0.00198131
261 0.684434 0.508391 0.0022232
262 0.684434 0.508976 0.00200368
263 0.684434 0.505348 0.00207457
264 0.684434 0.511063 0.0021836
265 0.684434 0.510235 0.00190546
266 0.684434 0.508911 0.00208797
267 0.684434 0.502708 0.00217867
268 0.684434 0.505488 0.00198487
269 0.684434 0.508139 0.00250297
270 0.684434 0.50645 0.00197955
271 0.684434 0.508017 0.0018349
272 0.684434 0.507421 0.00188362
273 0.684434 0.507624 0.00203319
274 0.684434 0.506925 0.00210524
275 0.684434 0.509115 0.00206948
276 0.684434 0.507716 0.00247013
277 0.684434 0.509844 0.00200519
278 0.684434 0.512334 0.00194007
279 0.684434 0.509987 0.00174216
280 0.684434 0.505147 0.00190701
281 0.684434 0.513207 0.00240238
282 0.684434 0.504928 0.00214473
283 0.684434 0.50899 0.00213211
284 0.684434 0.503156 0.00169943
285 0.684434 0.500407 0.00214192
286 0.684434 0.505502 0.00194528
287 0.684434 0.507171 0.00189037
288 0.684434 0.509158 0.00243962
289 0.684434 0.510941 0.00265447
290 0.684434 0.509776 0.00216561
291 0.684434 0.504532 0.00221234
292 0.684434 0.505825 0.00259034
293 0.684434 0.509807 0.00237852
294 0.684434 0.513073 0.00220494
295 0.684434 0.510313 0.00240146
296 0.684434 0.506763 0.0020851
297 0.684434 0.508006 0.00257537
298 0.684434 0.503461 0.00216523
299 0.684434 0.506969 0.00226364
300 0.684434 0.508443 0.00286819
301 0.684434 0.510427 0.0029492
302 0.684434 0.512646 0.0026133
303 0.684434 0.508748 0.00193414
304 0.684434 0.513286 0.00223237
305 0.684434 0.508223 0.00205401
306 0.684434 0.507103 0.00205716
307 0.684434 0.50901 0.00200468
308 0.684434 0.505539 0.00203258
309 0.684434 0.510164 0.00221652
310 0.684434 0.509451 0.00259839
311 0.684434 0.515495 0.00197325
312 0.684434 0.515082 0.0023058
313 0.684434 0.508072 0.00204602
314 0.684434 0.51166 0.00219368
315 0.684434 0.511148 0.00242369
316 0.684434 0.511095 0.00198852
317 0.684434 0.507619 0.00179903
318 0.684434 0.507027 0.00239013
319 0.684434 0.506355 0.00200384
320 0.684434 0.50561 0.00199138
321 0.684434 0.507697 0.00217527
322 0.684434 0.504852 0.00184772
323 0.684434 0.510139 0.00251721
324 0.684434 0.508196 0.00240027
325 0.684434 0.510261 0.00228951
326 0.684434 0.514358 0.00209995
327 0.684434 0.508963 0.00178105
328 0.684434 0.506651 0.00199907
329 0.684434 0.508023 0.00246554
330 0.684434 0.514785 0.00242387
331 0.684434 0.511556 0.00208969
332 0.684434 0.505049 0.00200544
333 0.684434 0.506531 0.00227785
334 0.684434 0.504621 0.00221163
335 0.684434 0.504789 0.001914
336 0.684434 0.506545 0.00202312
337 0.684434 0.508204 0.00172256
338 0.684434 0.508758 0.00190765
339 0.684434 0.504349 0.00209632
340 0.684434 0.508147 0.00206506
341 0.684434 0.505505 0.00223204
342 0.684434 0.509554 0.00193588
343 0.684434 0.505952 0.002291
344 0.684434 0.508227 0.00190372
345 0.684434 0.504659 0.00207215
346 0.684434 0.503658 0.00186513
347 0.684434 0.501107 0.0021054
348 0.684434 0.509873 0.00199826
349 0.684434 0.504963 0.00205945
350 0.684434 0.508811 0.00252469
351 0.684434 0.505154 0.00252278
352 0.684434 0.504713 0.00230854
353 0.684434 0.506196 0.00241729
354 0.684434 0.505328 0.00211455
355 0.684434 0.505449 0.00208675
356 0.684434 0.503437 0.00233582
357 0.684434 0.505112 0.00262685
358 0.684434 0.50662 0.00201233
359 0.684434 0.5024 0.0021956
360 0.684434 0.504563 0.00207744
361 0.684434 0.502419 0.00195179
362 0.684434 0.50763 0.00259892
363 0.684434 0.505894 0.00218992
364 0.684434 0.50395 0.00240138
365 0.684434 0.507538 0.0024782
366 0.684434 0.506141 0.00202005
367 0.684434 0.499381 0.00213646
368 0.684434 0.506464 0.00209923
369 0.684434 0.509177 0.00208781
370 0.684434 0.507801 0.00217069
371 0.684434 0.506362 0.00207428
372 0.684434 0.512197 0.00219247
373 0.684434 0.506776 0.00212084
374 0.684434 0.505628 0.00194624
375 0.684434 0.507006 0.00221251
376 0.684434 0.50741 0.00221716
377 0.684434 0.512846 0.00217913
378 0.684434 0.508128 0.00190724
379 0.684434 0.506422 0.00250509
380 0.684434 0.508478 0.00262994
381 0.684434 0.507406 0.00202911
382 0.684434 0.511013 0.00184193
383 0.684434 0.5089 0.00217192
384 0.684434 0.510105 0.00210104
385 0.684434 0.508371 0.00186079
386 0.684434 0.504246 0.00202658
387 0.684434 0.508653 0.00188741
388 0.684434 0.507873 0.0021501
389 0.684434 0.505571 0.00192779
390 0.684434 0.51023 0.00206274
391 0.684434 0.507791 0.00182225
392 0.684434 0.508469 0.00180417
393 0.684434 0.514551 0.00239729
394 0.684434 0.51008 0.00196787
395 0.684434 0.505699 0.0025712
396 0.684434 0.505425 0.00194335
397 0.684434 0.505092 0.00202312
398 0.684434 0.511453 0.00204325
399 0.684434 0.505835 0.00183649
400 0.684434 0.508627 0.0020499
401 0.684434 0.513324 0.00257379
402 0.684434 0.506661 0.00250049
403 0.684434 0.508387 0.00205733
404 0.684434 0.508506 0.00203033
405 0.684434 0.511188 0.00199124
406 0.684434 0.50697 0.00268917
407 0.684434 0.508004 0.00222258
408 0.684434 0.506762 0.00239617
409 0.684434 0.50971 0.0023675
410 0.684434 0.509337 0.00236006
411 0.684434 0.509065 0.00230123
412 0.684434 0.512355 0.001752
413 0.684434 0.508896 0.00259747
414 0.684434 0.510109 0.00222442
415 0.684434 0.503655 0.00241376
416 0.684434 0.506712 0.0020819
417 0.684434 0.504225 0.00205314
418 0.684434 0.507722 0.00247225
419 0.684434 0.508585 0.00196076
420 0.684434 0.51031 0.00210208
421 0.684434 0.503823 0.00231069
422 0.684434 0.508742 0.00206835
423 0.684434 0.505292 0.00200177
424 0.684434 0.507415 0.00189405
425 0.684434 0.507474 0.0019188
426 0.684434 0.50792 0.00230689
427 0.684434 0.507193 0.00205122
428 0.684434 0.507243 0.00175663
429 0.684434 0.507031 0.00206793
430 0.684434 0.51579 0.00220663
431 0.684434 0.509617 0.00207182
432 0.684434 0.506895 0.00214749
433 0.684434 0.507234 0.00192132
434 0.684434 0.509019 0.00172798
435 0.684434 0.507172 0.00221155
436 0.684434 0.502681 0.00227083
437 0.684434 0.507499 0.00171855
438 0.684434 0.509855 0.00178724
439 0.684434 0.506008 0.00204833
440 0.684434 0.507159 0.00201788
441 0.684434 0.507322 0.00228465
442 0.684434 0.509284 0.00175839
443 0.684434 0.507662 0.00228856
444 0.684434 0.505895 0.00184091
445 0.684434 0.510263 0.00226915
446 0.684434 0.504812 0.00230596
447 0.684434 0.506385 0.00205799
448 0.684434 0.508687 0.00214113
449 0.684434 0.508313 0.00210952
450 0.684434 0.506496 0.0018982
451 0.684434 0.508716 0.00212005
452 0.684434 0.507246 0.0023755
453 0.684434 0.507863 0.00212184
454 0.684434 0.5097 0.00241358
455 0.684434 0.507123 0.00216988
456 0.684434 0.504653 0.00226198
457 0.684434 0.505037 0.00211187
458 0.684434 0.509023 0.0020008
459 0.684434 0.51027 0.00218653
460 0.684434 0.505147 0.00197556
461 0.684434 0.504602 0.00202856
462 0.684434 0.503276 0.00200838
463 0.684434 0.509806 0.00175373
464 0.684434 0.504568 0.00188556
465 0.684434 0.507885 0.00204859
466 0.684434 0.507187 0.00251608
467 0.684434 0.505437 0.00213087
468 0.684434 0.510185 0.00229962
469 0.684434 0.503134 0.00235423
470 0.684434 0.508504 0.00207234
471 0.684434 0.510096 0.00192812
472 0.684434 0.508081 0.00214411
473 0.684434 0.508803 0.00195051
474 0.684434 0.508637 0.00233082
475 0.684434 0.504777 0.00244827
476 0.684434 0.507565 0.00192305
477 0.684434 0.503654 0.00215297
478 0.684434 0.506679 0.00215472
479 0.684434 0.507389 0.00192241
480 0.684434 0.506406 0.00212796
481 0.684434 0.508145 0.00229238
482 0.684434 0.505707 0.00203524
483 0.684434 0.50762 0.00195336
484 0.684434 0.509667 0.00230519
485 0.684434 0.51042 0.0020556
486 0.684434 0.506427 0.0019392
487 0.684434 0.508929 0.00182779
488 0.684434 0.503399 0.00250184
489 0.684434 0.504734 0.00209015
490 0.684434 0.5062 0.00207328
491 0.684434 0.511342 0.0024014
492 0.684434 0.505328 0.00194165
493 0.684434 0.511567 0.00219622
494 0.684434 0.508281 0.0017679
495 0.684434 0.507809 0.00177868
496 0.684434 0.508738 0.00171625
497 0.684434 0.502608 0.00197054
498 0.684434 0.502753 0.00210496
499 0.684434 0.506981 0.00203547
500 0.684434 0.502491 0.00189077
501 0.684434 0.509139 0.00187083
502 0.684434 0.503813 0.00244507
503 0.684434 0.502749 0.00272451
504 0.684434 0.503213 0.00206839
505 0.684434 0.504157 0.00191811
506 0.684434 0.506422 0.00184787
507 0.684434 0.505625 0.00213158
508 0.684434 0.507885 0.00217944
509 0.684434 0.508468 0.00208922
510 0.684434 0.509564 0.00192941
511 0.684434 0.506397 0.00195358
512 0.684434 0.503819 0.0020485
513 0.684434 0.504081 0.0022357
514 0.684434 0.508016 0.00242464
515 0.684434 0.505769 0.00241394
516 0.684434 0.503475 0.00206651
517 0.684434 0.507565 0.00214105
518 0.684434 0.508543 0.00218066
519 0.684434 0.505934 0.00214623
520 0.684434 0.512647 0.00195095
521 0.684434 0.509092 0.00214021
522 0.684434 0.507596 0.0021573
523 0.684434 0.507961 0.0023826
524 0.684434 0.510309 0.00225232
525 0.684434 0.512187 0.00221685
526 0.684434 0.507515 0.00192095
527 0.684434 0.502022 0.00211734
528 0.684434 0.508324 0.00213247
529 0.684434 0.505218 0.00227909
530 0.684434 0.508166 0.00223378
531 0.684434 0.504889 0.00197437
532 0.684434 0.502658 0.00245429
533 0.684434 0.50584 0.00242652
534 0.684434 0.506251 0.00223502
535 0.684434 0.500853 0.00190766
536 0.684434 0.508903 0.00246182
537 0.684434 0.509579 0.00246928
538 0.684434 0.508739 0.00227249
539 0.684434 0.505173 0.00216956
540 0.684434 0.509609 0.00215059
541 0.684434 0.504531 0.00213303
542 0.684434 0.508098 0.00194323
543 0.684434 0.511325 0.00216547
544 0.684434 0.511229 0.00227537
545 0.684434 0.501065 0.00223787
546 0.684434 0.503114 0.00209466
547 0.684434 0.505446 0.00187782
548 0.684434 0.508986 0.0018416
549 0.684434 0.504804 0.00177116
550 0.684434 0.506116 0.00222265
551 0.684434 0.507797 0.00192915
552 0.684434 0.505549 0.00212693
553 0.684434 0.508055 0.00190471
554 0.684434 0.508264 0.00223184
555 0.684434 0.505477 0.00228085
556 0.684434 0.503313 0.00232055
557 0.684434 0.499609 0.00246812
558 0.684434 0.507408 0.00257533
559 0.684434 0.505327 0.00182824
560 0.684434 0.504481 0.00191193
561 0.684434 0.5065 0.00197135
562 0.684434 0.506106 0.00201116
563 0.684434 0.505268 0.00213314
564 0.688891 0.508736 0.00232242
565 0.688891 0.50946 0.00217965
566 0.688891 0.507213 0.00191069
567 0.688891 0.50822 0.00177171
568 0.688891 0.506787 0.002146
569 0.688891 0.509716 0.00197476
570 0.688891 0.508213 0.00191968
571 0.688891 0.504683 0.00201562
572 0.688891 0.503414 0.00176739
573 0.688891 0.507591 0.00228188
574 0.688891 0.507593 0.001984
575 0.688891 0.504886 0.00194668
576 0.688891 0.504464 0.00217924
577 0.688891 0.509923 0.00212177
578 0.688891 0.506428 0.00209057
579 0.688891 0.502303 0.00186036
580 0.688891 0.502941 0.00220852
581 0.688891 0.509999 0.00218405
582 0.688891 0.508788 0.00233202
583 0.688891 0.510186 0.0018005
584 0.688891 0.511624 0.00216716
585 0.688891 0.506167 0.00211886
586 0.688891 0.504989 0.0020571
587 0.688891 0.506918 0.00207336
588 0.688891 0.506112 0.00207443
589 0.688891 0.506347 0.00207015
590 0.688891 0.502145 0.00180177
591 0.688891 0.511847 0.00210158
592 0.688891 0.505661 0.0018716
593 0.688891 0.508123 0.00198662
594 0.688891 0.507873 0.00204712
595 0.688891 0.510798 0.00184477
596 0.688891 0.503641 0.00221158
597 0.688891 0.507512 0.00183503
598 0.688891 0.504779 0.00231997
599 0.688891 0.509672 0.002089
600 0.688891 0.506563 0.00225599
601 0.688891 0.506315 0.00216947
602 0.688891 0.510349 0.00210499
603 0.688891 0.502303 0.00271279
604 0.688891 0.505963 0.00227482
605 0.688891 0.506336 0.00196462
606 0.688891 0.507658 0.00169528
607 0.688891 0.50701 0.00207804
608 0.688891 0.510055 0.00211421
609 0.688891 0.50725 0.0018617
610 0.688891 0.509573 0.00170156
611 0.688891 0.506179 0.00175571
612 0.688891 0.504155 0.00210007
613 0.688891 0.505924 0.00216111
614 0.688891 0.508936 0.00214661
615 0.688891 0.50968 0.00195469
616 0.688891 0.510916 0.00184755
617 0.688891 0.506163 0.00213439
618 0.688891 0.50358 0.00200046
619 0.688891 0.507452 0.00233194
620 0.688891 0.510633 0.0018981
621 0.688891 0.512045 0.0020858
622 0.688891 0.504111 0.00194643
623 0.688891 0.508004 0.00206565
624 0.688891 0.506618 0.0021918
625 0.688891 0.510379 0.00247303
626 0.688891 0.50387 0.00189302
627 0.688891 0.504701 0.00183996
628 0.688891 0.503568 0.00202167
629 0.688891 0.510907 0.00188628
630 0.688891 0.510668 0.00197384
631 0.688891 0.506989 0.00207137
632 0.688891 0.502597 0.00188823
633 0.688891 0.506312 0.00201095
634 0.688891 0.503952 0.001889
635 0.688891 0.508678 0.00213409
636 0.688891 0.505626 0.00224278
637 0.688891 0.503687 0.00182571
638 0.688891 0.501815 0.00203465
639 0.688891 0.504798 0.00245497
640 0.688891 0.508802 0.00227752
641 0.688891 0.507719 0.00231341
642 0.688891 0.507963 0.00202832
643 0.688891 0.506886 0.00188579
644 0.688891 0.503701 0.00251068
645 0.688891 0.502317 0.00189357
646 0.688891 0.508492 0.0018456
647 0.688891 0.507967 0.00213367
648 0.688891 0.510102 0.00194515
649 0.688891 0.50553 0.00189202
650 0.688891 0.503072 0.00218134
651 0.688891 0.505827 0.00223322
652 0.688891 0.505891 0.00214023
653 0.688891 0.505389 0.002197
654 0.688891 0.504603 0.00221718
655 0.688891 0.512608 0.00196521
656 0.688891 0.511812 0.00259434
657 0.688891 0.503185 0.00185093
658 0.688891 0.503364 0.00181628
659 0.688891 0.507247 0.00216543
660 0.688891 0.499599 0.00248742
661 0.688891 0.50601 0.0019474
662 0.688891 0.501221 0.00245284
663 0.688891 0.508911 0.00202979
664 0.688891 0.503706 0.00211438
665 0.688891 0.510316 0.00177917
666 0.688891 0.509381 0.00231937
667 0.688891 0.507338 0.00178643
668 0.688891 0.508572 0.00210865
669 0.688891 0.510001 0.00211901
670 0.688891 0.504027 0.00215839
671 0.688891 0.502002 0.0022015
672 0.688891 0.506375 0.00195908
673 0.688891 0.509661 0.00207593
674 0.688891 0.506894 0.00215385
675 0.688891 0.497072 0.00231023
676 0.688891 0.50041 0.00217964
677 0.688891 0.505491 0.00208412
678 0.688891 0.501875 0.0018421
679 0.688891 0.50301 0.00250018
680 0.688891 0.506899 0.00194499
681 0.688891 0.506279 0.0019776
682 0.688891 0.50853 0.00233474
683 0.688891 0.504276 0.00216126
684 0.688891 0.504941 0.00235257
685 0.688891 0.503513 0.00176157
686 0.688891 0.504971 0.00190757
687 0.688891 0.504353 0.00207792
688 0.688891 0.507602 0.0018737
689 0.688891 0.504841 0.00202731
690 0.688891 0.504091 0.00228837
691 0.688891 0.507513 0.00195949
692 0.688891 0.504698 0.00258949
693 0.688891 0.501854 0.00258609
694 0.688891 0.505184 0.00225152
695 0.688891 0.509828 0.0023705
696 0.688891 0.508746 0.00230102
697 0.688891 0.505365 0.00200037
698 0.688891 0.509231 0.0019699
699 0.688891 0.503058 0.00227926
700 0.688891 0.509436 0.00239056
701 0.688891 0.507861 0.00219657
702 0.688891 0.506623 0.00174246
703 0.688891 0.50486 0.00202035
704 0.688891 0.50613 0.00246762
705 0.688891 0.508197 0.00183646
706 0.688891 0.50365 0.00212916
707 0.688891 0.506379 0.00199082
708 0.688891 0.508957 0.00202661
709 0.688891 0.508075 0.0019519
710 0.688891 0.513457 0.00234488
711 0.688891 0.508193 0.00243626
712 0.688891 0.509044 0.00225944
713 0.688891 0.503909 0.00210692
714 0.688891 0.508283 0.00253817
715 0.688891 0.508119 0.00220599
716 0.688891 0.511217 0.00232819
717 0.688891 0.511674 0.00262262
718 0.688891 0.509668 0.0021451
719 0.688891 0.508968 0.00195741
720 0.688891 0.506742 0.00207498
721 0.688891 0.508588 0.00226162
722 0.688891 0.502737 0.00213161
723 0.688891 0.513557 0.00233324
724 0.688891 0.503572 0.00230355
725 0.688891 0.505807 0.00270132
726 0.688891 0.507643 0.00265353
727 0.688891 0.506333 0.0020762
728 0.688891 0.504461 0.00248129
729 0.688891 0.507776 0.00224331
730 0.688891 0.504893 0.00215676
731 0.688891 0.508271 0.00194374
732 0.688891 0.506466 0.00218694
733 0.688891 0.507389 0.00233869
734 0.688891 0.506686 0.00231145
735 0.688891 0.508099 0.00215418
736 0.688891 0.507629 0.00238642
737 0.688891 0.508566 0.00244448
738 0.688891 0.505961 0.00192024
739 0.688891 0.51343 0.00245106
740 0.688891 0.508815 0.00248886
741 0.688891 0.512476 0.00240347
742 0.688891 0.505977 0.00193377
743 0.688891 0.509664 0.00255164
744 0.688891 0.505251 0.0020415
745 0.688891 0.50497 0.00196612
746 0.688891 0.507222 0.00240672
747 0.688891 0.503852 0.00192784
748 0.688891 0.507208 0.00231748
749 0.688891 0.511333 0.00222911
750 0.688891 0.505582 0.0019939
751 0.688891 0.507362 0.00208682
752 0.688891 0.507786 0.00224767
753 0.688891 0.507617 0.00215534
754 0.688891 0.50533 0.00200469
755 0.688891 0.502422 0.00200691
756 0.688891 0.507497 0.00222694
757 0.688891 0.506147 0.00210526
758 0.688891 0.50548 0.00207663
759 0.688891 0.511722 0.00176761
760 0.688891 0.503157 0.00216702
761 0.688891 0.508635 0.00205804
762 0.688891 0.504006 0.0019597
763 0.688891 0.503484 0.00225333
764 0.688891 0.508471 0.00218703
765 0.688891 0.508537 0.00213687
766 0.688891 0.50518 0.00180392
767 0.688891 0.506789 0.00196621
768 0.688891 0.512343 0.00219663
769 0.688891 0.504881 0.00191196
770 0.688891 0.512475 0.00196323
771 0.688891 0.510097 0.00248203
772 0.688891 0.499264 0.00247965
773 0.688891 0.504967 0.00224552
774 0.688891 0.502116 0.00225115
775 0.688891 0.500639 0.00206646
776 0.688891 0.50661 0.00212032
777 0.688891 0.507836 0.00242267
778 0.688891 0.504493 0.00197359
779 0.688891 0.507158 0.0020204
780 0.688891 0.506251 0.00239259
781 0.688891 0.514285 0.00240193
782 0.688891 0.507518 0.00198051
783 0.688891 0.505014 0.00231356
784 0.688891 0.500712 0.00229455
785 0.688891 0.509542 0.00201317
786 0.688891 0.506095 0.00225289
787 0.688891 0.514528 0.00275461
788 0.688891 0.508544 0.00258399
789 0.688891 0.509262 0.00233594
790 0.688891 0.508014 0.00203853
791 0.688891 0.510058 0.00183333
792 0.688891 0.507745 0.00193139
793 0.688891 0.511333 0.00190088
794 0.688891 0.505055 0.00240704
795 0.688891 0.511893 0.00211742
796 0.688891 0.502414 0.00239875
797 0.688891 0.503344 0.0019274
798 0.688891 0.510465 0.00242742
799 0.688891 0.505756 0.0024438
800 0.688891 0.505028 0.00210924
801 0.688891 0.505295 0.00235077
802 0.688891 0.505735 0.00216762
803 0.688891 0.510739 0.00215266
804 0.688891 0.506851 0.00208543
805 0.688891 0.507688 0.00240097
806 0.688891 0.507731 0.00267308
807 0.688891 0.508471 0.00197527
808 0.688891 0.507979 0.00179889
809 0.688891 0.503204 0.00180241
810 0.688891 0.505988 0.00239715
811 0.688891 0.504777 0.00199708
812 0.688891 0.501096 0.00255274
813 0.688891 0.508262 0.00221646
814 0.688891 0.504552 0.00224009
815 0.688891 0.508969 0.00207281
816 0.688891 0.505358 0.00216097
817 0.688891 0.504982 0.00228585
818 0.688891 0.507051 0.00215356
819 0.688891 0.506173 0.0020927
820 0.688891 0.506144 0.00185597
821 0.688891 0.505986 0.00193602
822 0.688891 0.502337 0.00251476
823 0.688891 0.509218 0.0024021
824 0.688891 0.505359 0.00229546
825 0.688891 0.509307 0.00229747
826 0.688891 0.509344 0.00245808
827 0.688891 0.505604 0.00209494
828 0.688891 0.506318 0.00239255
829 0.688891 0.508087 0.00197092
830 0.688891 0.508972 0.00207716
831 0.688891 0.502356 0.0021186
832 0.688891 0.502591 0.00212721
833 0.688891 0.507544 0.00181896
834 0.688891 0.506022 0.00233209
835 0.688891 0.506354 0.00212185
836 0.688891 0.50549 0.00195761
837 0.688891 0.506339 0.00200886
838 0.688891 0.504095 0.00202192
839 0.688891 0.509177 0.00214582
840 0.688891 0.510667 0.0023198
841 0.688891 0.509034 0.0021436
842 0.706482 0.510787 0.00276861
843 0.706482 0.503427 0.00226517
844 0.706482 0.510662 0.00244296
845 0.706482 0.509144 0.00204337
846 0.706482 0.506113 0.00209609
847 0.706482 0.508691 0.00235539
848 0.706482 0.506964 0.00227296
849 0.706482 0.504906 0.00217707
850 0.706482 0.508971 0.00196099
851 0.706482 0.505917 0.00210769
852 0.706482 0.505187 0.00214644
853 0.706482 0.50541 0.00216478
854 0.706482 0.509957 0.00221119
855 0.706482 0.507842 0.00213471
856 0.706482 0.508508 0.0026364
857 0.706482 0.511176 0.00193948
858 0.706482 0.511374 0.00232056
859 0.706482 0.509862 0.00202833
860 0.706482 0.507157 0.00262332
861 0.706482 0.508467 0.0021584
862 0.706482 0.511061 0.00224354
863 0.706482 0.510104 0.00226227
864 0.706482 0.505235 0.00215868
865 0.706482 0.509978 0.00220281
866 0.706482 0.507702 0.00237598
867 0.706482 0.506391 0.00220297
868 0.706482 0.510094 0.00200021
869 0.706482 0.507136 0.00203953
870 0.706482 0.510338 0.00213557
871 0.706482 0.511515 0.00188086
872 0.706482 0.508495 0.00183633
873 0.706482 0.505925 0.00205233
874 0.706482 0.504892 0.00183434
875 0.706482 0.505841 0.00200157
876 0.706482 0.508563 0.0019288
877 0.706482 0.506741 0.00229644
878 0.706482 0.50709 0.00229351
879 0.706482 0.508476 0.00227023
880 0.706482 0.507136 0.0020908
881 0.706482 0.50665 0.00204972
882 0.706482 0.510859 0.00209905
883 0.706482 0.507554 0.00245365
884 0.706482 0.504294 0.00265923
885 0.706482 0.506857 0.00215865
886 0.706482 0.513079 0.00214734
887 0.706482 0.509967 0.00216961
888 0.706482 0.506011 0.00243323
889 0.706482 0.501307 0.00209927
890 0.706482 0.503674 0.00207349
891 0.706482 0.510191 0.00224636
892 0.706482 0.50681 0.00219027
893 0.706482 0.503473 0.00216535
894 0.706482 0.507316 0.00218366
895 0.706482 0.507829 0.00213824
896 0.706482 0.503935 0.00271988
897 0.706482 0.50519 0.00209527
898 0.706482 0.509064 0.00220012
899 0.706482 0.506345 0.00193529
900 0.706482 0.508615 0.00183708
901 0.706482 0.505898 0.00211464
902 0.706482 0.507075 0.00221565
903 0.706482 0.503252 0.00199416
904 0.706482 0.505261 0.00216459
905 0.706482 0.510854 0.00220869
906 0.706482 0.513492 0.00242274
907 0.706482 0.509338 0.00190428
908 0.706482 0.50379 0.00223534
909 0.706482 0.507172 0.00243941
910 0.706482 0.509227 0.00248797
911 0.706482 0.503934 0.00222922
912 0.706482 0.50433 0.00227184
913 0.706482 0.514556 0.00202473
914 0.706482 0.506664 0.00213119
915 0.706482 0.510627 0.00219821
916 0.706482 0.509034 0.00223075
917 0.706482 0.508629 0.00230108
918 0.706482 0.510544 0.00211846
919 0.706482 0.507148 0.00206711
920 0.706482 0.504133 0.00263442
921 0.706482 0.5082 0.00259146
922 0.706482 0.511017 0.00237635
923 0.706482 0.503067 0.00232203
924 0.706482 0.508062 0.00209676
925 0.706482 0.508425 0.00220589
926 0.706482 0.508024 0.00206081
927 0.706482 0.508765 0.00210838
928 0.706482 0.504164 0.00215183
929 0.706482 0.513059 0.00273112
930 0.706482 0.510083 0.00217825
931 0.706482 0.505193 0.00221059
932 0.706482 0.506217 0.00236976
933 0.706482 0.502788 0.00247746
934 0.706482 0.506398 0.00219667
935 0.706482 0.505355 0.00218989
936 0.706482 0.503876 0.0024194
937 0.706482 0.51027 0.00229816
938 0.706482 0.507923 0.00225103
939 0.706482 0.512797 0.0023018
940 0.706482 0.507406 0.00264183
941 0.706482 0.503782 0.00246709
942 0.706482 0.508214 0.00213614
943 0.706482 0.503283 0.00230439
944 0.706482 0.511081 0.00212528
945 0.706482 0.508153 0.0023338
946 0.706482 0.506239 0.00225803
947 0.706482 0.500795 0.00315139
948 0.706482 0.507028 0.00216663
949 0.706482 0.50463 0.00201545
950 0.706482 0.511467 0.00243554
951 0.706482 0.50706 0.0027382
952 0.706482 0.507445 0.00277017
953 0.706482 0.507675 0.00291531
954 0.706482 0.506262 0.00244105
955 0.706482 0.508706 0.00210405
956 0.706482 0.509524 0.00217239
957 0.706482 0.510317 0.00235075
958 0.706482 0.510885 0.00256681
959 0.706482 0.506238 0.00246373
960 0.706482 0.512974 0.00267202
961 0.706482 0.510019 0.00205392
962 0.706482 0.507529 0.00228828
963 0.706482 0.509694 0.00289283
964 0.706482 0.507549 0.00230408
965 0.706482 0.502233 0.00291576
966 0.706482 0.504379 0.0026664
967 0.706482 0.508055 0.00231451
968 0.706482 0.506033 0.00219189
969 0.706482 0.503796 0.00239647
970 0.706482 0.511604 0.00250145
971 0.706482 0.508323 0.00209241
972 0.706482 0.511692 0.00245312
973 0.706482 0.508074 0.00224065
974 0.706482 0.505276 0.00232559
975 0.706482 0.511797 0.00212591
976 0.706482 0.509244 0.00225324
977 0.706482 0.509278 0.002308
978 0.706482 0.507036 0.00182562
979 0.706482 0.504941 0.0021249
980 0.706482 0.508823 0.00233389
981 0.706482 0.505164 0.00231475
982 0.706482 0.504943 0.00238311
983 0.706482 0.505814 0.00220682
984 0.706482 0.513474 0.00266073
985 0.706482 0.505411 0.002254
986 0.706482 0.504302 0.00227483
987 0.706482 0.507743 0.00229791
988 0.706482 0.508523 0.00207321
989 0.706482 0.505895 0.00202757
990 0.706482 0.508523 0.00212585
991 0.706482 0.50843 0.00248438
992 0.706482 0.509477 0.0021537
993 0.706482 0.51053 0.00199856
994 0.706482 0.507965 0.00208478
995 0.706482 0.507953 0.00225402
996 0.706482 0.505055 0.00196637
997 0.706482 0.505356 0.00303299
998 0.706482 0.508462 0.00219874
999 0.706482 0.506963 0.00212645
1000 0.706482 0.507364 0.00226619
1001 0.706482 0.510201 0.00250026
1002 0.706482 0.509381 0.00243567
1003 0.706482 0.50945 0.00209148
1004 0.706482 0.512496 0.00211937
1005 0.706482 0.508377 0.00221592
1006 0.706482 0.506983 0.00238682
1007 0.706482 0.505699 0.00235759
1008 0.706482 0.507818 0.00241469
1009 0.706482 0.50912 0.00243868
1010 0.706482 0.508873 0.0019737
1011 0.706482 0.508849 0.00238119
1012 0.706482 0.50536 0.00221253
1013 0.706482 0.505904 0.0025325
1014 0.706482 0.507821 0.00218053
1015 0.706482 0.499321 0.00227366
1016 0.706482 0.506299 0.00237612
1017 0.706482 0.507047 0.00225939
1018 0.706482 0.509383 0.00201871
1019 0.706482 0.509743 0.00224873
1020 0.706482 0.502067 0.00215972
1021 0.706482 0.507926 0.00230141
1022 0.706482 0.508243 0.00215672
1023 0.706482 0.509371 0.00265148
1024 0.706482 0.514401 0.00205263
1025 0.706482 0.50736 0.00213606
1026 0.706482 0.510845 0.00234174
1027 0.706482 0.511249 0.00241312
1028 0.706482 0.509432 0.00209066
1029 0.706482 0.510293 0.00207931
1030 0.706482 0.508557 0.00266036
1031 0.706482 0.50781 0.00215595
1032 0.706482 0.506425 0.00194655
1033 0.706482 0.50696 0.00211967
1034 0.706482 0.50672 0.0020531
1035 0.706482 0.508302 0.00262555
1036 0.706482 0.508543 0.0026365
1037 0.706482 0.505326 0.00244377
1038 0.706482 0.504672 0.00251838
1039 0.706482 0.511056 0.00252422
1040 0.706482 0.509645 0.00222912
1041 0.706482 0.508002 0.00226557
1042 0.706482 0.51114 0.00218696
1043 0.706482 0.513269 0.00270866
1044 0.706482 0.502118 0.00235421
1045 0.706482 0.508116 0.00218215
1046 0.706482 0.49998 0.0022746
1047 0.706482 0.512533 0.00212801
1048 0.706482 0.51485 0.00226603
1049 0.706482 0.507095 0.00235718
1050 0.706482 0.509282 0.00214624
1051 0.706482 0.505565 0.00210895
1052 0.706482 0.509267 0.00237563
1053 0.706482 0.51014 0.00201973
1054 0.706482 0.510333 0.00185237
1055 0.706482 0.505764 0.00199415
1056 0.706482 0.505405 0.0020212
1057 0.706482 0.507401 0.00252283
1058 0.706482 0.509745 0.00256071
1059 0.706482 0.509392 0.00236911
1060 0.706482 0.506807 0.00242508
1061 0.706482 0.506931 0.00186316
1062 0.706482 0.509248 0.00198766
1063 0.706482 0.509307 0.00190238
1064 0.706482 0.510291 0.00211392
1065 0.706482 0.503896 0.00253944
1066 0.706482 0.508492 0.0025556
1067 0.706482 0.506396 0.00230115
1068 0.706482 0.514009 0.00218837
1069 0.706482 0.514908 0.00233873
1070 0.706482 0.513945 0.00219284
1071 0.706482 0.507252 0.00202199
1072 0.706482 0.511875 0.0021833
1073 0.706482 0.50813 0.00203807
1074 0.706482 0.508734 0.0026798
1075 0.706482 0.509805 0.00228207
1076 0.706482 0.506627 0.0029011
1077 0.706482 0.507764 0.00241728
1078 0.706482 0.50556 0.00235998
1079 0.706482 0.513064 0.00250296
1080 0.706482 0.507111 0.00233557
1081 0.706482 0.50889 0.00235376
1082 0.706482 0.509698 0.00193985
1083 0.706482 0.506421 0.00227257
1084 0.706482 0.504187 0.00221659
1085 0.706482 0.509708 0.00218355
1086 0.706482 0.50471 0.00210585
1087 0.706482 0.50308 0.00231498
1088 0.706482 0.509927 0.00226018
1089 0.706482 0.505403 0.00219455
1090 0.706482 0.50985 0.0023371
1091 0.706482 0.507005 0.0024061
1092 0.706482 0.506875 0.0024777
1093 0.706482 0.5081 0.00234133
1094 0.706482 0.50976 0.00226919
1095 0.706482 0.511832 0.00261564
1096 0.706482 0.512292 0.00223211
1097 0.706482 0.509981 0.00219839
1098 0.706482 0.510817 0.0022538
1099 0.706482 0.508087 0.0022963
1100 0.706482 0.506323 0.00208071
1101 0.706482 0.503021 0.00217502
1102 0.706482 0.507634 0.00214464
1103 0.706482 0.50104 0.00230772
1104 0.706482 0.506392 0.00268294
1105 0.706482 0.510057 0.00217044
1106 0.706482 0.502786 0.00247439
1107 0.706482 0.506834 0.0023709
1108 0.706482 0.509602 0.00226563
1109 0.706482 0.503569 0.00241335
1110 0.706482 0.508264 0.0022478
1111 0.706482 0.508788 0.00237278
1112 0.706482 0.505737 0.00226865
1113 0.706482 0.506994 0.00267271
1114 0.706482 0.509862 0.00224052
1115 0.706482 0.508086 0.00202619
1116 0.706482 0.512365 0.00200839
1117 0.706482 0.505704 0.00213699
1118 0.706482 0.512729 0.00229807
1119 0.706482 0.511605 0.00233867
1120 0.706482 0.508334 0.00210408
1121 0.706482 0.50397 0.00263152
1122 0.706482 0.506286 0.00244454
1123 0.706482 0.502609 0.00231878
1124 0.706482 0.500216 0.00221103
1125 0.706482 0.506757 0.00255413
1126 0.706482 0.503445 0.00219268
1127 0.706482 0.5067 0.00240532
1128 0.706482 0.511904 0.00255711
1129 0.706482 0.510049 0.00215474
1130 0.706482 0.504817 0.00257756
1131 0.706482 0.510032 0.0025099
1132 0.706482 0.510111 0.0023653
1133 0.706482 0.510015 0.00216137
1134 0.706482 0.508427 0.0022516
1135 0.706482 0.511665 0.00228932
1136 0.706482 0.508077 0.00236359
1137 0.706482 0.506286 0.00216913
1138 0.706482 0.505685 0.00234807
1139 0.706482 0.509665 0.0025564
1140 0.706482 0.505405 0.00209075
1141 0.706482 0.511398 0.00224143
1142 0.706482 0.512924 0.00254979
1143 0.706482 0.504251 0.00213519
1144 0.706482 0.510483 0.00201037
1145 0.706482 0.511423 0.00212756
1146 0.706482 0.509855 0.00227546
1147 0.706482 0.507027 0.0023589
1148 0.706482 0.504567 0.00218372
1149 0.706482 0.505191 0.00215959
1150 0.706482 0.506594 0.00231596
1151 0.706482 0.509949 0.00232044
1152 0.706482 0.50479 0.00259731
1153 0.706482 0.50368 0.00304311
1154 0.706482 0.506182 0.00256405
1155 0.706482 0.50882 0.00277275
1156 0.706482 0.506509 0.00238839
1157 0.706482 0.509536 0.00235571
1158 0.706482 0.508998 0.00220759
1159 0.706482 0.510716 0.00248754
1160 0.706482 0.511888 0.00224506
1161 0.706482 0.509367 0.0026985
1162 0.706482 0.510925 0.00236057
1163 0.706482 0.504616 0.00236656
1164 0.706482 0.506616 0.0026197
1165 0.706482 0.505437 0.00241939
1166 0.706482 0.508733 0.00241763
1167 0.706482 0.507092 0.00218332
1168 0.706482 0.508953 0.0022284
1169 0.706482 0.511524 0.00206967
1170 0.706482 0.509691 0.00193373
1171 0.706482 0.50889 0.00223223
1172 0.706482 0.507603 0.0018195
1173 0.706482 0.506135 0.00241134
1174 0.706482 0.505557 0.00223969
1175 0.706482 0.509081 0.00204806
1176 0.706482 0.506883 0.00247024
1177 0.706482 0.506231 0.00239674
1178 0.706482 0.505584 0.00201338
1179 0.706482 0.506179 0.00202644
1180 0.706482 0.506734 0.00213147
1181 0.706482 0.512132 0.00240911
1182 0.709711 0.505709 0.00310309
1183 0.709711 0.510531 0.00261437
1184 0.709711 0.506657 0.00252573
1185 0.709711 0.505849 0.00201705
1186 0.709711 0.506207 0.00226054
1187 0.709711 0.505103 0.0024571
1188 0.709711 0.507986 0.00255929
1189 0.709711 0.505945 0.00275047
1190 0.709711 0.509748 0.00267362
1191 0.709711 0.508603 0.00238882
1192 0.709711 0.514097 0.00227305
1193 0.709711 0.513052 0.0023224
1194 0.709711 0.510267 0.00277778
1195 0.709711 0.51128 0.00253991
1196 0.709711 0.51493 0.00303969
1197 0.709711 0.509645 0.0022793
1198 0.709711 0.506874 0.00245135
1199 0.709711 0.508515 0.00286325
1200 0.709711 0.511643 0.00253563
1201 0.709711 0.512495 0.00241174
1202 0.709711 0.514204 0.00260435
1203 0.709711 0.506746 0.00256835
1204 0.709711 0.506879 0.0026394
1205 0.709711 0.509164 0.00266048
1206 0.709711 0.510014 0.00259928
1207 0.709711 0.508507 0.00264278
1208 0.709711 0.509245 0.00238281
1209 0.709711 0.509958 0.00289671
1210 0.709711 0.50853 0.00233555
1211 0.709711 0.514245 0.00220455
1212 0.709711 0.505161 0.00245279
1213 0.709711 0.512399 0.00276811
1214 0.709711 0.506514 0.00228773
1215 0.709711 0.507092 0.00236127
1216 0.709711 0.508689 0.00233295
1217 0.709711 0.508039 0.00251941
1218 0.709711 0.500627 0.00247337
1219 0.709711 0.509841 0.00236149
1220 0.709711 0.507149 0.00273568
1221 0.709711 0.508465 0.00208661
1222 0.709711 0.50702 0.00244579
1223 0.709711 0.512385 0.0024145
1224 0.709711 0.510511 0.00221345
1225 0.709711 0.510188 0.00219641
1226 0.709711 0.51226 0.0022462
1227 0.71046 0.510664 0.00270728
1228 0.71046 0.50812 0.00233136
1229 0.71046 0.509628 0.00262871
1230 0.71046 0.512407 0.00235491
1231 0.71046 0.507026 0.00255162
1232 0.71046 0.508129 0.00223591
1233 0.71046 0.507888 0.00222872
1234 0.71046 0.509179 0.00254349
1235 0.71046 0.50794 0.00231887
1236 0.71046 0.507518 0.00250512
1237 0.71046 0.509508 0.00241916
1238 0.71046 0.50971 0.00221756
1239 0.71046 0.505378 0.00225527
1240 0.71046 0.507328 0.00217973
1241 0.71046 0.509507 0.00218064
1242 0.71046 0.506393 0.00248982
1243 0.71046 0.50876 0.00226381
1244 0.71046 0.509003 0.00242019
1245 0.71046 0.509727 0.00227417
1246 0.71046 0.503754 0.00239425
1247 0.71046 0.506052 0.00233884
1248 0.71046 0.512283 0.00228817
1249 0.71046 0.505054 0.00247172
1250 0.71046 0.507479 0.00250159
1251 0.71046 0.507548 0.00234544
1252 0.71046 0.509699 0.0027006
1253 0.71046 0.506871 0.00264893
1254 0.71046 0.510378 0.00239086
1255 0.71046 0.508227 0.00233488
1256 0.71046 0.507535 0.00251225
1257 0.71046 0.508184 0.00225915
1258 0.71046 0.513901 0.00255386
1259 0.71046 0.51253 0.00231584
1260 0.71046 0.505427 0.00325571
1261 0.71046 0.509946 0.00257697
1262 0.71046 0.510112 0.00255171
1263 0.71046 0.513438 0.00252072
1264 0.71046 0.50757 0.00222422
1265 0.71046 0.51423 0.0027089
1266 0.71046 0.506971 0.00295986
1267 0.71046 0.510222 0.00239535
1268 0.71046 0.510925 0.00255651
1269 0.71046 0.511279 0.00227175
1270 0.71046 0.509242 0.0023126
1271 0.71046 0.507445 0.00203104
1272 0.71046 0.509277 0.00226783
1273 0.71046 0.507313 0.00256075
1274 0.71046 0.513198 0.00251486
1275 0.71046 0.515125 0.00270652
1276 0.71046 0.507468 0.00226841
1277 0.71046 0.505451 0.00258805
1278 0.71046 0.502553 0.00246099
1279 0.71046 0.511496 0.0025032
1280 0.71046 0.508775 0.00258553
1281 0.71046 0.515384 0.00217982
1282 0.71046 0.508322 0.00278893
1283 0.71046 0.50951 0.00246762
1284 0.71046 0.505699 0.00239917
1285 0.71046 0.50817 0.00253394
1286 0.71046 0.505915 0.00263893
1287 0.71046 0.50436 0.00278499
1288 0.71046 0.506604 0.00257439
1289 0.71046 0.510233 0.00216738
1290 0.71046 0.507684 0.00242065
1291 0.71046 0.506697 0.00238806
1292 0.71046 0.511039 0.00305063
1293 0.71046 0.50689 0.00256554
1294 0.71046 0.505915 0.00253261
1295 0.71046 0.509548 0.00210211
1296 0.71046 0.513357 0.00270172
1297 0.71046 0.508566 0.00237042
1298 0.71046 0.50664 0.00221143
1299 0.71046 0.503319 0.00270119
1300 0.71046 0.50364 0.00278071
1301 0.71046 0.504559 0.00276802
1302 0.71046 0.510302 0.00242229
1303 0.71046 0.505549 0.00235366
1304 0.71046 0.501438 0.00249597
1305 0.71046 0.50655 0.00270361
1306 0.71046 0.511837 0.00270686
1307 0.71046 0.507621 0.00291083
1308 0.71046 0.507491 0.00304617
1309 0.71046 0.50399 0.00250056
1310 0.71046 0.505309 0.00232166
1311 0.71046 0.506746 0.0025287
1312 0.71046 0.508042 0.00250264
1313 0.71046 0.507386 0.00261447
1314 0.71046 0.502361 0.00242043
1315 0.71046 0.503783 0.00286747
1316 0.71046 0.503347 0.00241611
1317 0.71046 0.509565 0.00280979
1318 0.71046 0.506579 0.0021653
1319 0.71046 0.506008 0.00258695
1320 0.71046 0.508607 0.0025242
1321 0.71046 0.509315 0.00255051
1322 0.71046 0.507655 0.00250176
1323 0.71046 0.505897 0.00228402
1324 0.71046 0.511713 0.0022636
1325 0.71046 0.513274 0.00232942
1326 0.71046 0.512507 0.00242181
1327 0.71046 0.508084 0.00222582
1328 0.71046 0.511923 0.00253034
1329 0.71046 0.509742 0.00304114
1330 0.71046 0.506941 0.00255554
1331 0.71046 0.509193 0.00266198
1332 0.71046 0.512776 0.00261222
1333 0.71046 0.510396 0.00271849
1334 0.71046 0.510766 0.00230091
1335 0.71046 0.511362 0.00253178
1336 0.71046 0.507898 0.00241884
1337 0.71046 0.509345 0.00311443
1338 0.71046 0.511376 0.00222107
1339 0.71046 0.511823 0.00214052
1340 0.71046 0.504726 0.00275352
1341 0.71046 0.508957 0.00230738
1342 0.71046 0.507406 0.00257629
1343 0.71046 0.509625 0.00256824
1344 0.71046 0.508334 0.002495
1345 0.71046 0.507503 0.0025775
1346 0.71046 0.508457 0.00249908
1347 0.71046 0.509003 0.00212101
1348 0.71046 0.506431 0.00258961
1349 0.71046 0.507343 0.00250406
1350 0.71046 0.5089 0.00224437
1351 0.71046 0.507833 0.00213289
1352 0.71046 0.509571 0.00219124
1353 0.71046 0.507246 0.00244661
1354 0.71046 0.513594 0.00247965
1355 0.71046 0.508019 0.00211846
1356 0.71046 0.509324 0.00242545
1357 0.71046 0.511533 0.00239383
1358 0.71046 0.513459 0.00257766
1359 0.71046 0.510724 0.00278898
1360 0.71046 0.514607 0.00258009
1361 0.71046 0.510975 0.00298802
1362 0.71046 0.509686 0.00235826
1363 0.71046 0.512103 0.00253954
1364 0.71046 0.508127 0.00313441
1365 0.71046 0.509996 0.00286789
1366 0.71046 0.506138 0.00271767
1367 0.71046 0.51231 0.00295376
1368 0.71046 0.510411 0.00267321
1369 0.71046 0.510228 0.00253545
1370 0.71046 0.511756 0.0027404
1371 0.71046 0.507318 0.00242514
1372 0.71046 0.50514 0.0027542
1373 0.71046 0.506197 0.00220923
1374 0.71046 0.515426 0.00237944
1375 0.71046 0.512938 0.00220034
1376 0.71046 0.505872 0.00244142
1377 0.71046 0.508632 0.0024703
1378 0.71046 0.510353 0.00218399
1379 0.71046 0.507786 0.00265176
1380 0.71046 0.511402 0.00260119
1381 0.71046 0.506635 0.0023012
1382 0.71046 0.504659 0.0025776
1383 0.71046 0.508648 0.00234497
1384 0.71046 0.509675 0.00245187
1385 0.71046 0.500633 0.00242656
1386 0.71046 0.504365 0.00217213
1387 0.71046 0.504531 0.00270405
1388 0.71046 0.511185 0.00264565
1389 0.71046 0.510305 0.00280841
1390 0.71046 0.507469 0.0023408
1391 0.71046 0.512243 0.00241276
1392 0.71046 0.509112 0.00305987
1393 0.71046 0.508729 0.00247665
1394 0.71046 0.507655 0.00229751
1395 0.71046 0.505794 0.002535
1396 0.71046 0.505497 0.00256283
1397 0.71046 0.511208 0.00221747
1398 0.71046 0.509882 0.00260721
1399 0.71046 0.510938 0.00298731
1400 0.71046 0.505852 0.00284559
1401 0.71046 0.503019 0.00258415
1402 0.71046 0.511618 0.00253217
1403 0.71046 0.505763 0.00255193
1404 0.71046 0.507053 0.00261192
1405 0.71046 0.506736 0.00223618
1406 0.71046 0.507608 0.0028618
1407 0.71046 0.510625 0.00256852
1408 0.71046 0.505894 0.00271536
1409 0.71046 0.508511 0.0025333
1410 0.71046 0.504767 0.00220027
1411 0.71046 0.506169 0.00261605
1412 0.71046 0.506913 0.00258158
1413 0.71046 0.507114 0.00257984
1414 0.71046 0.511593 0.00219183
1415 0.71046 0.505837 0.00273432
1416 0.71046 0.51066 0.0022435
1417 0.71046 0.506659 0.00278678
1418 0.71046 0.50455 0.00241023
1419 0.71046 0.509287 0.0025221
1420 0.71046 0.507324 0.00297756
1421 0.71046 0.509216 0.00292797
1422 0.71046 0.505988 0.00253175
1423 0.71046 0.504285 0.00227988
1424 0.71046 0.508939 0.00243558
1425 0.71046 0.504158 0.00220381
1426 0.71046 0.509279 0.00234004
1427 0.71046 0.507162 0.00259861
1428 0.71046 0.505805 0.00235032
1429 0.71046 0.513103 0.0022604
1430 0.71046 0.509858 0.00209743
1431 0.71046 0.506197 0.00264129
1432 0.71046 0.508268 0.00274809
1433 0.71046 0.51044 0.00215231
1434 0.71046 0.506239 0.00291391
1435 0.71046 0.506828 0.0025041
1436 0.71046 0.510406 0.00254993
1437 0.71046 0.509204 0.00282383
1438 0.71046 0.501152 0.00278734
1439 0.71046 0.504042 0.00233768
1440 0.71046 0.508038 0.00216372
1441 0.71046 0.509193 0.00238829
1442 0.71046 0.505378 0.00256301
1443 0.71046 0.514903 0.00227409
1444 0.71046 0.514051 0.00282989
1445 0.71046 0.508578 0.00256027
1446 0.71046 0.512935 0.00228198
1447 0.71046 0.505607 0.0026355
1448 0.71046 0.503732 0.00264687
1449 0.71046 0.505386 0.00254308
1450 0.71046 0.510702 0.00269471
1451 0.71046 0.508576 0.00232523
1452 0.71046 0.508556 0.00265116
1453 0.71046 0.504348 0.00276851
1454 0.71046 0.505805 0.00253456
1455 0.71046 0.506829 0.00195345
1456 0.71046 0.510874 0.00279423
1457 0.71046 0.50403 0.00244286
1458 0.71046 0.509001 0.00310931
1459 0.71046 0.505067 0.0029467
1460 0.71046 0.503487 0.0026125
1461 0.71046 0.508381 0.00228099
1462 0.71046 0.509501 0.00231398
1463 0.71046 0.508654 0.00225585
1464 0.71046 0.509331 0.00241051
1465 0.71046 0.511748 0.00277931
1466 0.71046 0.507293 0.00262556
1467 0.71046 0.507868 0.00253338
1468 0.71046 0.510837 0.00290458
1469 0.71046 0.50465 0.00258731
1470 0.71046 0.510478 0.00248208
1471 0.71046 0.50487 0.00238102
1472 0.71046 0.504935 0.00289666
1473 0.71046 0.507276 0.0026735
1474 0.71046 0.507675 0.00235886
1475 0.71046 0.508476 0.00202491
1476 0.71046 0.508428 0.00221884
1477 0.71046 0.510375 0.00261888
1478 0.71046 0.508049 0.00265476
1479 0.71046 0.503114 0.00253825
1480 0.71046 0.504271 0.00268376
1481 0.71046 0.513367 0.00244093
1482 0.71046 0.512939 0.0024668
1483 0.71046 0.51047 0.00240914
1484 0.71046 0.514169 0.00245823
1485 0.71046 0.512338 0.00233442
1486 0.71046 0.510577 0.00242977
1487 0.71046 0.510802 0.00249267
1488 0.71046 0.510774 0.00308364
1489 0.71046 0.507117 0.00241218
1490 0.71046 0.511025 0.00278807
1491 0.71046 0.510251 0.00251153
1492 0.71046 0.506118 0.00247482
1493 0.71046 0.509275 0.00299275
1494 0.71046 0.508327 0.00235319
1495 0.71046 0.508018 0.00271898
1496 0.71046 0.514796 0.00310164
1497 0.71046 0.507314 0.00231259
1498 0.71046 0.508149 0.00255962
1499 0.71046 0.507173 0.0024063
1500 0.71046 0.508031 0.00236819
1501 0.71046 0.509141 0.00277451
1502 0.71046 0.504488 0.00234965
1503 0.71046 0.50616 0.00273486
1504 0.71046 0.509025 0.00244972
1505 0.71046 0.508691 0.00221903
1506 0.71046 0.507834 0.00239235
1507 0.71046 0.507529 0.00239357
1508 0.71046 0.502918 0.00277035
1509 0.71046 0.511453 0.0024012
1510 0.71046 0.509695 0.00220658
1511 0.71046 0.509659 0.0025128
1512 0.71046 0.509171 0.0022796
1513 0.71046 0.506154 0.00241728
1514 0.71046 0.508133 0.00211248
1515 0.71046 0.507796 0.00217736
1516 0.71046 0.507176 0.00207913
1517 0.71046 0.508637 0.00231319
1518 0.71046 0.504426 0.0021251
1519 0.71046 0.51636 0.0024543
1520 0.71046 0.510066 0.00218258
1521 0.71046 0.508622 0.00273102
1522 0.71046 0.507195 0.00255044
1523 0.71046 0.510434 0.00228619
1524 0.71046 0.505375 0.00225907
1525 0.71046 0.510149 0.00234929
1526 0.71046 0.506335 0.00245538
1527 0.71046 0.506035 0.0021307
1528 0.71046 0.507038 0.00223324
1529 0.71046 0.506638 0.00234973
1530 0.71046 0.50566 0.00234954
1531 0.71046 0.500118 0.00274079
1532 0.71046 0.512282 0.00210285
1533 0.71046 0.511116 0.00232228
1534 0.71046 0.507649 0.0026241
1535 0.71046 0.507987 0.00249579
1536 0.71046 0.513013 0.00268009
1537 0.71046 0.509579 0.00248754
1538 0.71046 0.505798 0.00260833
1539 0.71046 0.513493 0.00257096
1540 0.71046 0.511453 0.00233112
1541 0.71046 0.510816 0.00247595
1542 0.71046 0.506318 0.00271725
1543 0.71046 0.505244 0.00308249
1544 0.71046 0.508667 0.00237346
1545 0.71046 0.506762 0.00259414
1546 0.71046 0.510094 0.0024831
1547 0.71046 0.505881 0.00264498
1548 0.71046 0.511302 0.00253369
1549 0.71046 0.509934 0.00238647
1550 0.71046 0.513742 0.00242671
1551 0.71046 0.507323 0.00311761
1552 0.71046 0.505126 0.0025618
1553 0.71046 0.5085 0.00252943
1554 0.71046 0.508266 0.00251046
1555 0.71046 0.507875 0.00232583
1556 0.71046 0.5072 0.00298136
1557 0.71046 0.507643 0.00244832
1558 0.71046 0.509448 0.00244045
1559 0.71046 0.506702 0.00266286
1560 0.71046 0.511335 0.00240707
1561 0.71046 0.509507 0.00311665
1562 0.71046 0.51368 0.0028132
1563 0.71046 0.507769 0.00216938
1564 0.71046 0.510672 0.00206323
1565 0.71046 0.506462 0.00232944
1566 0.71046 0.508077 0.00264425
1567 0.71046 0.509965 0.00256907
1568 0.71046 0.513731 0.00268016
1569 0.71046 0.508796 0.00260585
1570 0.71046 0.518211 0.00247793
1571 0.71046 0.511223 0.00288722
1572 0.71046 0.504955 0.00257788
1573 0.71046 0.507906 0.00235136
1574 0.71046 0.512739 0.00236123
1575 0.71046 0.511667 0.00246549
1576 0.71046 0.508113 0.00215529
1577 0.71046 0.506996 0.00225778
1578 0.71046 0.506436 0.00206229
1579 0.71046 0.508542 0.0023901
1580 0.71046 0.508 0.00274489
1581 0.71046 0.500219 0.00224888
1582 0.71046 0.505018 0.00255087
1583 0.71046 0.510629 0.00218229
1584 0.71046 0.509857 0.00210854
1585 0.71046 0.507955 0.00234039
1586 0.71046 0.50752 0.00217296
1587 0.71046 0.50647 0.00226136
1588 0.71046 0.510525 0.00272244
1589 0.71046 0.508529 0.00207097
1590 0.71046 0.507099 0.00246001
1591 0.71046 0.50652 0.00282414
1592 0.71046 0.504524 0.00247607
1593 0.71046 0.510409 0.0024722
1594 0.71046 0.509958 0.00230396
1595 0.71046 0.506472 0.00243783
1596 0.71046 0.503423 0.00261506
1597 0.71046 0.510017 0.00223795
1598 0.71046 0.50945 0.00247086
1599 0.71046 0.509995 0.00205884
1600 0.71046 0.511096 0.00211343
1601 0.71046 0.506653 0.0023705
1602 0.71046 0.509347 0.00235858
1603 0.71046 0.509883 0.00240177
1604 0.71046 0.505285 0.0021624
1605 0.71046 0.504517 0.0020155
1606 0.71046 0.506395 0.00221259
1607 0.71046 0.507039 0.00215901
1608 0.71046 0.509091 0.00237786
1609 0.71046 0.507619 0.00215979
1610 0.71046 0.508579 0.00277689
1611 0.71046 0.508396 0.0022158
1612 0.71046 0.511711 0.00286328
1613 0.71046 0.504315 0.00289514
1614 0.71046 0.506515 0.00256375
1615 0.71046 0.509007 0.00265623
1616 0.71046 0.505856 0.00262721
1617 0.71046 0.509929 0.00229843
1618 0.71046 0.511904 0.00265989
1619 0.71046 0.511686 0.00244381
1620 0.71046 0.509237 0.0023302
1621 0.71046 0.507188 0.00223233
1622 0.71046 0.511193 0.00294094
1623 0.71046 0.50536 0.00220921
1624 0.71046 0.504721 0.00226991
1625 0.71046 0.507628 0.00215088
1626 0.71046 0.505086 0.00279224
1627 0.71046 0.505668 0.00260387
1628 0.71046 0.506541 0.00257355
1629 0.71046 0.511851 0.00269398
1630 0.71046 0.502225 0.00254185
1631 0.71046 0.50743 0.00281121
1632 0.71046 0.508591 0.00234222
1633 0.71046 0.503315 0.00301265
1634 0.71046 0.508745 0.00224251
1635 0.71046 0.506752 0.0022967
1636 0.71046 0.509536 0.00253499
1637 0.71046 0.508061 0.00238838
1638 0.71046 0.505218 0.00268625
1639 0.71046 0.51522 0.00277508
1640 0.71046 0.508246 0.00206848
1641 0.71046 0.508441 0.00264999
1642 0.71046 0.509251 0.00226201
1643 0.71046 0.503644 0.00270341
1644 0.71046 0.50553 0.00247355
1645 0.71046 0.511783 0.00236708
1646 0.71046 0.507902 0.00238662
1647 0.71046 0.510175 0.00280702
1648 0.71046 0.510289 0.00237037
1649 0.71046 0.509371 0.00248108
1650 0.71046 0.505717 0.00240553
1651 0.71046 0.512919 0.00255999
1652 0.71046 0.510566 0.00284561
1653 0.71046 0.506528 0.00256989
1654 0.71046 0.508274 0.00262152
1655 0.71046 0.51722 0.00263758
1656 0.71046 0.512787 0.00270063
1657 0.71046 0.509679 0.00284232
1658 0.71046 0.511125 0.00230063
1659 0.71046 0.507465 0.00233054
1660 0.71046 0.504487 0.00280921
1661 0.71046 0.511046 0.00244192
1662 0.71046 0.508649 0.0025551
1663 0.71046 0.505602 0.00261977
1664 0.71046 0.509027 0.00265826
1665 0.71046 0.513399 0.00289749
1666 0.71046 0.50603 0.00251145
1667 0.71046 0.510504 0.00253932
1668 0.71046 0.502166 0.00259927
1669 0.71046 0.503105 0.00278773
1670 0.71046 0.506701 0.00263885
1671 0.71046 0.507723 0.00248579
1672 0.71046 0.510575 0.00254019
1673 0.71046 0.511983 0.0028175
1674 0.71046 0.506408 0.00258278
1675 0.71046 0.505301 0.00253495
1676 0.71046 0.508174 0.00268848
1677 0.71046 0.507204 0.00249618
1678 0.71046 0.50725 0.00259366
1679 0.71046 0.51212 0.00236773
1680 0.71046 0.506196 0.00240258
1681 0.71046 0.509417 0.00230763
1682 0.71046 0.509194 0.00221308
1683 0.71046 0.503641 0.00225008
1684 0.71046 0.506425 0.00281851
1685 0.71046 0.509773 0.00255794
1686 0.71046 0.505142 0.00240799
1687 0.71046 0.510959 0.00229318
1688 0.71046 0.510485 0.00232612
1689 0.71046 0.502137 0.00256812
1690 0.71046 0.506453 0.00246489
1691 0.71046 0.505623 0.00250712
1692 0.71046 0.505449 0.00274583
1693 0.71046 0.50451 0.00236934
1694 0.71046 0.511523 0.00223657
1695 0.71046 0.507145 0.00225015
1696 0.71046 0.505036 0.00315235
1697 0.71046 0.504691 0.00259059
1698 0.71046 0.513254 0.00255625
1699 0.71046 0.510042 0.00276465
1700 0.71046 0.5085 0.00247582
1701 0.71046 0.511567 0.00237027
1702 0.71046 0.51463 0.00264503
1703 0.71046 0.509173 0.00251811
1704 0.71046 0.507676 0.00259293
1705 0.71046 0.511006 0.00248576
1706 0.71046 0.506068 0.00233314
1707 0.71046 0.506467 0.00265841
1708 0.71046 0.509155 0.00261981
1709 0.71046 0.506965 0.00225525
1710 0.71046 0.510963 0.002323
1711 0.71046 0.504409 0.00240788
1712 0.71046 0.509414 0.00263269
1713 0.71046 0.508837 0.00305863
1714 0.71046 0.510582 0.00236213
1715 0.71046 0.508691 0.00215803
1716 0.71046 0.508808 0.00236501
1717 0.71046 0.513463 0.00240695
1718 0.71046 0.510673 0.00218787
1719 0.71046 0.50563 0.0025378
1720 0.71046 0.509898 0.00235907
1721 0.71046 0.506772 0.00237994
1722 0.71046 0.50735 0.00224259
1723 0.71046 0.506015 0.00228656
1724 0.71046 0.507255 0.00242125
1725 0.71046 0.509817 0.00205993
1726 0.71046 0.50762 0.00238935
1727 0.71046 0.507087 0.00248876
1728 0.71046 0.509475 0.00234376
1729 0.71046 0.503991 0.00248255
1730 0.71046 0.510593 0.00219236
1731 0.71046 0.505102 0.00229266
1732 0.71046 0.509905 0.00217148
1733 0.71046 0.50542 0.00209522
1734 0.71046 0.508968 0.00206228
1735 0.71046 0.514272 0.00237406
1736 0.71046 0.510453 0.00257667
1737 0.71046 0.508952 0.00221652
1738 0.71046 0.503129 0.00219217
1739 0.71046 0.506836 0.00238039
1740 0.71046 0.509811 0.00251452
1741 0.71046 0.503839 0.00253678
1742 0.71046 0.50986 0.00238034
1743 0.71046 0.51406 0.00239101
1744 0.71046 0.513058 0.00255989
1745 0.71046 0.507305 0.00255373
1746 0.71046 0.506372 0.00301266
1747 0.71046 0.508249 0.00246582
1748 0.71046 0.507349 0.00226631
1749 0.71046 0.512403 0.00223523
1750 0.71046 0.513216 0.00219817
1751 0.71046 0.510345 0.00235399
1752 0.71046 0.51108 0.00262525
1753 0.71046 0.509586 0.00214446
1754 0.71046 0.508246 0.00231427
1755 0.71046 0.509461 0.00237307
1756 0.71046 0.516104 0.0023776
1757 0.71046 0.507145 0.00222242
1758 0.71046 0.50978 0.00236123
1759 0.71046 0.511162 0.002476
1760 0.71046 0.508424 0.00266109
1761 0.71046 0.509944 0.00245896
1762 0.71046 0.51093 0.00227619
1763 0.71046 0.506262 0.00255893
1764 0.71046 0.510976 0.0022589
1765 0.71046 0.506202 0.00244313
1766 0.71046 0.511835 0.00242463
1767 0.71046 0.507257 0.0025787
1768 0.71046 0.509207 0.0024879
1769 0.71046 0.511046 0.00256978
1770 0.71046 0.513362 0.00232713
1771 0.71046 0.508832 0.00285334
1772 0.71046 0.505225 0.00218007
1773 0.71046 0.512065 0.00219192
1774 0.71046 0.508643 0.00277351
1775 0.71046 0.508982 0.00242436
1776 0.71046 0.513611 0.00233026
1777 0.71046 0.513625 0.00221663
1778 0.71046 0.511123 0.00224275
1779 0.71046 0.511317 0.00213734
1780 0.71046 0.510553 0.00264299
1781 0.71046 0.505626 0.00220576
1782 0.71046 0.510906 0.00246498
1783 0.71046 0.507508 0.00226031
1784 0.71046 0.513026 0.00267313
1785 0.71046 0.505652 0.00242229
1786 0.71046 0.51026 0.00240391
1787 0.71046 0.511782 0.00232345
1788 0.71046 0.507515 0.00238775
1789 0.71046 0.508965 0.00262444
1790 0.71046 0.509814 0.00256582
1791 0.71046 0.512369 0.00253488
1792 0.71046 0.512369 0.00243861
1793 0.71046 0.507005 0.00255769
1794 0.71046 0.512906 0.00273424
1795 0.71046 0.507317 0.00257502
1796 0.71046 0.508171 0.00250309
1797 0.71046 0.506288 0.00249792
1798 0.71046 0.512137 0.00252535
1799 0.71046 0.507296 0.00328974
1800 0.71046 0.515943 0.0029486
1801 0.71046 0.506371 0.00263794
1802 0.71046 0.514578 0.00263213
1803 0.71046 0.510325 0.00257583
1804 0.71046 0.512527 0.00293954
1805 0.71046 0.506952 0.0025701
1806 0.71046 0.509783 0.00276946
1807 0.71046 0.509919 0.00263316
1808 0.71046 0.511241 0.00238722
1809 0.71046 0.511439 0.00262811
1810 0.71046 0.504147 0.00321196
1811 0.71046 0.51226 0.00293719
1812 0.71046 0.508129 0.00253907
1813 0.71046 0.507078 0.0029793
1814 0.71046 0.510947 0.00239556
1815 0.71046 0.514335 0.0022734
1816 0.71046 0.513053 0.00257255
1817 0.71046 0.505592 0.00274333
1818 0.71046 0.513092 0.0025054
1819 0.71046 0.512425 0.00230845
1820 0.71046 0.505934 0.00248529
1821 0.71046 0.510604 0.00225079
1822 0.71046 0.509392 0.00245011
1823 0.71046 0.51378 0.00274402
1824 0.71046 0.506906 0.00260615
1825 0.71046 0.506192 0.00249117
1826 0.71046 0.514481 0.0025185
1827 0.71046 0.511446 0.0026515
1828 0.71046 0.511394 0.00321833
1829 0.71046 0.507298 0.00251223
1830 0.71046 0.509162 0.00240136
1831 0.71046 0.508707 0.00234092
1832 0.71046 0.512515 0.00210722
1833 0.71046 0.510706 0.00249067
1834 0.71046 0.511216 0.00261787
1835 0.71046 0.507877 0.00249691
1836 0.71046 0.506572 0.00231482
1837 0.71046 0.510816 0.0025761
1838 0.71046 0.512498 0.0023179
1839 0.71046 0.510105 0.00251128
1840 0.71046 0.508552 0.00213916
1841 0.71046 0.515083 0.0020525
1842 0.71046 0.508817 0.00277438
1843 0.71046 0.508351 0.00242261
1844 0.71046 0.509287 0.00203982
1845 0.71046 0.511013 0.0024326
1846 0.71046 0.512308 0.00258536
1847 0.71046 0.510269 0.0026101
1848 0.71046 0.512707 0.00312113
1849 0.71046 0.510514 0.00258484
1850 0.71046 0.508441 0.00234484
1851 0.71046 0.503257 0.00254213
1852 0.71046 0.509525 0.0022556
1853 0.71046 0.509735 0.00223315
1854 0.71046 0.509096 0.00283046
1855 0.71046 0.510235 0.00265939
1856 0.71046 0.50988 0.00224811
1857 0.71046 0.50884 0.00224274
1858 0.71046 0.507702 0.00248254
1859 0.71046 0.513873 0.00254404
1860 0.71046 0.510897 0.00249028
1861 0.71046 0.509058 0.00232037
1862 0.71046 0.507395 0.00243569
1863 0.71046 0.506676 0.0027144
1864 0.71046 0.5103 0.0026467
1865 0.71046 0.507529 0.00277109
1866 0.71046 0.512487 0.0024215
1867 0.71046 0.509032 0.00273053
1868 0.71046 0.504274 0.00259873
1869 0.71046 0.504777 0.00252661
1870 0.71046 0.508493 0.00269911
1871 0.71046 0.510704 0.00263768
1872 0.71046 0.509558 0.00261834
1873 0.71046 0.507437 0.00211511
1874 0.71046 0.50582 0.00227977
1875 0.71046 0.505219 0.00261507
1876 0.71046 0.506851 0.00261496
1877 0.71046 0.508336 0.00250419
1878 0.71046 0.507358 0.00233804
1879 0.71046 0.507897 0.00216873
1880 0.71046 0.502801 0.00223502
1881 0.71046 0.505108 0.00237026
1882 0.71046 0.504724 0.00247374
1883 0.71046 0.512598 0.00256189
1884 0.71046 0.513655 0.00259227
1885 0.71046 0.512458 0.00212409
1886 0.71046 0.510312 0.00211897
1887 0.71046 0.511438 0.00254746
1888 0.71046 0.505534 0.00227101
1889 0.71046 0.507666 0.00241246
1890 0.71046 0.505171 0.00208544
1891 0.71046 0.508706 0.00231631
1892 0.71046 0.508307 0.00223422
1893 0.71046 0.510583 0.00214682
1894 0.71046 0.509757 0.00231745
1895 0.71046 0.513257 0.00233925
1896 0.71046 0.509443 0.00235194
1897 0.71046 0.505363 0.00256905
1898 0.71046 0.508003 0.00208529
1899 0.71046 0.505077 0.002439
1900 0.71046 0.512962 0.00235978
1901 0.71046 0.510083 0.00225975
1902 0.71046 0.505332 0.00258177
1903 0.71046 0.509395 0.00266655
1904 0.71046 0.508094 0.00280315
1905 0.71046 0.510958 0.00276662
1906 0.71046 0.506867 0.00297832
1907 0.71046 0.507737 0.00230127
1908 0.71046 0.503352 0.00284049
1909 0.71046 0.503922 0.0032083
1910 0.71046 0.511188 0.0026693
1911 0.71046 0.502987 0.00270059
1912 0.71046 0.512497 0.00250761
1913 0.71046 0.506227 0.00239992
1914 0.71046 0.512105 0.00239004
1915 0.71046 0.515618 0.00280292
1916 0.71046 0.513272 0.00261621
1917 0.71046 0.509025 0.00252122
1918 0.71046 0.51223 0.00247592
1919 0.714857 0.512677 0.00303292
1920 0.714857 0.511334 0.00305883
1921 0.714857 0.505614 0.00271682
1922 0.714857 0.51082 0.00302214
1923 0.714857 0.507468 0.0024926
1924 0.714857 0.511791 0.00273918
1925 0.714857 0.515913 0.00267442
1926 0.714857 0.510089 0.00230774
1927 0.714857 0.511908 0.00211023
1928 0.714857 0.506649 0.00232738
1929 0.714857 0.511285 0.00236561
1930 0.714857 0.507937 0.00248469
1931 0.714857 0.50683 0.00256163
1932 0.714857 0.505403 0.00242459
1933 0.714857 0.507175 0.00287585
1934 0.714857 0.502972 0.00269088
1935 0.714857 0.514344 0.00250973
1936 0.714857 0.506668 0.00247002
1937 0.714857 0.50677 0.00217713
1938 0.714857 0.505875 0.00237564
1939 0.714857 0.50724 0.00219664
1940 0.714857 0.50935 0.00232421
1941 0.714857 0.50441 0.0026194
1942 0.714857 0.506188 0.00233918
1943 0.714857 0.506243 0.00285693
1944 0.714857 0.506203 0.00218572
1945 0.714857 0.509908 0.0026809
1946 0.714857 0.503167 0.00227408
1947 0.714857 0.506431 0.00244683
1948 0.714857 0.510143 0.00255854
1949 0.714857 0.510423 0.00241659
1950 0.714857 0.507134 0.00236819
1951 0.714857 0.507867 0.0026676
1952 0.714857 0.508995 0.00226426
1953 0.714857 0.508797 0.00269222
1954 0.714857 0.508699 0.00248674
1955 0.714857 0.509861 0.00302177
1956 0.714857 0.515174 0.00277085
1957 0.714857 0.508466 0.00231817
1958 0.714857 0.507031 0.00250416
1959 0.714857 0.507253 0.00210443
1960 0.714857 0.507387 0.00295913
1961 0.714857 0.505154 0.00261255
1962 0.714857 0.512665 0.00226261
1963 0.714857 0.508659 0.00275226
1964 0.714857 0.509524 0.00258764
1965 0.714857 0.5141 0.00276789
1966 0.714857 0.505198 0.00283225
1967 0.714857 0.511905 0.00237475
1968 0.714857 0.513405 0.00229742
1969 0.714857 0.507093 0.002331
1970 0.714857 0.508647 0.00246442
1971 0.714857 0.508244 0.00251071
1972 0.714857 0.511077 0.00263496
1973 0.714857 0.506521 0.00260956
1974 0.714857 0.503086 0.00264628
1975 0.714857 0.506597 0.00238277
1976 0.714857 0.508819 0.00270584
1977 0.714857 0.510484 0.00259571
1978 0.714857 0.510887 0.00212394
1979 0.714857 0.510367 0.0020457
1980 0.714857 0.510424 0.00214113
1981 0.714857 0.513093 0.00270293
1982 0.714857 0.508433 0.00223948
1983 0.714857 0.505194 0.00225096
1984 0.714857 0.509425 0.00288199
1985 0.714857 0.511303 0.00309468
1986 0.714857 0.512058 0.00222783
1987 0.714857 0.508761 0.00239239
1988 0.714857 0.510704 0.0025824
1989 0.714857 0.506389 0.00243187
1990 0.714857 0.510857 0.00233177
1991 0.714857 0.507745 0.00229358
1992 0.714857 0.512554 0.0024456
1993 0.714857 0.515302 0.00236508
1994 0.714857 0.509266 0.00267623
1995 0.714857 0.51311 0.0026004
1996 0.714857 0.510973 0.00245502
1997 0.714857 0.514863 0.00223212
1998 0.714857 0.515498 0.00259346
1999 0.714857 0.513423 0.00296576
2000 0.714857 0.511045 0.00288263
