4
1
0.056078
0.258743
1
-51.86
2.00037
0
-60.4674
2.87399
0
-54.2532
2.12735
0
-59.0387
2.16034
0
1.12095
0.226256
1.4306
0.540465
1.56815
1.13056
1.56072
1.0516
1.53373
0.741489
1.72578
1.52318
0.837336
1.69199
1.142
0.212017
0.457112
0.982761
1.2127
1.48383
0.941918
0.362011
1.95968
1.862
0.41113
0.0764864
1.42998e-05
0.106535
0.60338
0.617856
1.92978
1.87218
1.59876
0.835382
1.29369
0.604566
1.6561
1.18514
1.23702
1.79152
1.03411
1.69933e-05
1.45907
1.36431
0.474001
0.615397
1.56024
1.80837
0.225764
0.605688
0.386668
2.51735e-05
1.74512
1.4955
1.35482
0.94667
1.94476
1.21852
1.4125
1.40417
1.58428
0.829535
1.59799
0.878835
1.78972
0.695238
1.79961
0.192412
0.525593
0.810058
1.08838
0.0523162
1.03585
0.137117
1.58263
-0.12337
507.416
