4
1
0.0844218
0.291235
1
-62.5186
3.96477
0
-60.121
8
0
-52.2182
3.56435
0
-58.8367
7.60002
0
1.12966
1.37617
0.212896
1.14068
0.000145092
1.47174
1.68355
1.9268
0.511963
0.180085
0.560316
0.82294
0.542757
0.0569649
1.83339
1.28087
0.608105
1.75222
1.94363
1.13695
0.261862
0.150952
0.574714
0.900223
1.6591
0.0223085
0.888791
0.897011
1.74788
0.758684
1.26028
1.99936
1.41368
1.31749
0.826377
1.92959
0.0139512
1.10208
1.03242
1.33487
0.845261
0.695462
1.15012
0.482466
1.97835
1.2465
1.13052
1.18632
1.97447
0.67296
1.72424
0.0816838
0.429394
0.15778
0.499366
1.44093
1.12208
1.50495
1.71213
1.9159
0.413878
1.17844
0.197274
1.52968
0.373827
1.98157
0.483919
1.42026
1.94105
0
1.2627
0
0.19219
0.562059
1.59906
0.160447
