0 0.534207 0.49901 0.000118323
1 0.534207 0.49893 0.000105147
2 0.562999 0.498897 0.000245728
3 0.562999 0.499316 0.000220665
4 0.562999 0.500686 0.00014206
5 0.562999 0.50087 0.000175627
6 0.58087 0.500197 0.000285781
7 0.58087 0.501944 0.000286286
8 0.58087 0.501674 0.000414167
9 0.58087 0.503988 0.000269514
10 0.58087 0.500771 0.000367992
11 0.58087 0.501217 0.000284413
12 0.58087 0.504246 0.000357306
13 0.588386 0.504118 0.000407298
14 0.589087 0.504896 0.000417627
15 0.589087 0.503465 0.0003858
16 0.589087 0.50258 0.000524736
17 0.589087 0.503858 0.00043647
18 0.589087 0.501892 0.000429382
19 0.589087 0.503477 0.000398221
20 0.589087 0.502094 0.000479342
21 0.589087 0.501989 0.000410109
22 0.589087 0.50081 0.000427972
23 0.594141 0.505703 0.000503099
24 0.594141 0.503072 0.000456237
25 0.594141 0.501439 0.000507864
26 0.608938 0.504562 0.000592382
27 0.608938 0.501276 0.000553341
28 0.608938 0.501982 0.000632858
29 0.608938 0.502282 0.000641181
30 0.608938 0.503266 0.000577529
31 0.608938 0.50561 0.000608088
32 0.608938 0.503158 0.00072655
33 0.608938 0.502094 0.000536683
34 0.608938 0.503093 0.00057659
35 0.608938 0.502872 0.000661904
36 0.608938 0.502893 0.000523655
37 0.608938 0.502906 0.000902865
38 0.608938 0.503189 0.000566207
39 0.608938 0.503028 0.000613646
40 0.608938 0.500572 0.00057034
41 0.617541 0.504829 0.000698109
42 0.617541 0.503184 0.000613912
43 0.617541 0.504979 0.000746297
44 0.617541 0.50451 0.000636057
45 0.617541 0.502732 0.000618814
46 0.617541 0.502158 0.000664527
47 0.617541 0.502729 0.00059132
48 0.617541 0.505644 0.000616494
49 0.617541 0.502575 0.000757892
50 0.617541 0.504089 0.000607034
51 0.617541 0.505126 0.000741804
52 0.617541 0.503169 0.000611787
53 0.617541 0.505267 0.000742813
54 0.617541 0.502238 0.000762869
55 0.617541 0.502454 0.000756325
56 0.617541 0.502576 0.000746227
57 0.617541 0.503386 0.000646923
58 0.617541 0.505257 0.000712849
59 0.617541 0.506952 0.000724208
60 0.617541 0.501203 0.000644886
61 0.617541 0.50252 0.000664639
62 0.617541 0.502693 0.000710192
63 0.617541 0.504807 0.000623514
64 0.617541 0.504432 0.000617798
65 0.617541 0.504713 0.000608682
66 0.617541 0.503685 0.000708749
67 0.617541 0.503032 0.000648359
68 0.617541 0.503191 0.000633777
69 0.617541 0.503733 0.00075017
70 0.617541 0.505326 0.000719755
71 0.617541 0.504976 0.000707676
72 0.617541 0.502995 0.000677614
73 0.617541 0.503673 0.000734428
74 0.617541 0.502504 0.000638986
75 0.621528 0.502628 0.000808779
76 0.621528 0.505883 0.000819019
77 0.621528 0.502853 0.00066667
78 0.621528 0.505634 0.000738019
79 0.621528 0.505557 0.00074456
80 0.621528 0.505406 0.000621736
81 0.621528 0.504749 0.00081241
82 0.621528 0.50401 0.000726873
83 0.621528 0.50222 0.000774403
84 0.621528 0.50473 0.000838154
85 0.621528 0.503878 0.000787078
86 0.621528 0.503669 0.00071216
87 0.621528 0.502428 0.000727262
88 0.621528 0.50544 0.000722028
89 0.621528 0.50271 0.000740329
90 0.621528 0.503244 0.000867354
91 0.621528 0.503009 0.000696657
92 0.621528 0.502305 0.000824039
93 0.621528 0.503044 0.000681345
94 0.621528 0.504641 0.000743282
95 0.621528 0.505269 0.000779396
96 0.621528 0.504186 0.000664702
97 0.621528 0.505493 0.00072401
98 0.621528 0.504602 0.000670065
99 0.621528 0.502669 0.000818106
100 0.621528 0.50288 0.000813898
101 0.621528 0.50345 0.000650491
102 0.621528 0.504752 0.000715031
103 0.625368 0.503984 0.000909119
104 0.625368 0.505629 0.000802626
105 0.625368 0.502034 0.00071931
106 0.625368 0.503412 0.000656182
107 0.625368 0.502408 0.000764924
108 0.625368 0.504042 0.000832607
109 0.625368 0.505539 0.00064113
110 0.625368 0.500398 0.000813119
111 0.625368 0.502627 0.00067584
112 0.625368 0.504548 0.000714893
113 0.625368 0.504796 0.000791696
114 0.625368 0.50372 0.000673662
115 0.625368 0.504468 0.000783319
116 0.625368 0.504684 0.000748679
117 0.625368 0.503648 0.000786756
118 0.625368 0.50481 0.000855892
119 0.625368 0.502201 0.000743799
120 0.625368 0.506475 0.000741954
121 0.625368 0.5053 0.000878453
122 0.625368 0.502195 0.000741309
123 0.625368 0.503608 0.000675508
124 0.625368 0.502093 0.000800795
125 0.625368 0.502349 0.000693394
126 0.625368 0.503914 0.00075572
127 0.625368 0.504428 0.000710006
128 0.625368 0.5051 0.000926677
129 0.625368 0.503498 0.000748996
130 0.625368 0.505087 0.00072888
131 0.625368 0.502949 0.000664178
132 0.625368 0.505388 0.000753401
133 0.625368 0.503585 0.000744054
134 0.625368 0.501501 0.000810694
135 0.625368 0.503737 0.000676654
136 0.625368 0.504489 0.00069184
137 0.625368 0.505485 0.000647976
138 0.625368 0.503215 0.000710764
139 0.625368 0.504559 0.000733889
140 0.625368 0.503214 0.000725958
141 0.625368 0.504366 0.00070955
142 0.625368 0.504197 0.000639956
143 0.625368 0.503824 0.000799268
144 0.625368 0.502716 0.000773458
145 0.625368 0.50237 0.000770226
146 0.625368 0.505107 0.000761638
147 0.625368 0.503112 0.000657589
148 0.625368 0.504132 0.000739969
149 0.625368 0.504267 0.000677972
150 0.625368 0.506655 0.000747793
151 0.625368 0.503914 0.000756082
152 0.625368 0.504426 0.000760511
153 0.625368 0.504389 0.000783596
154 0.625368 0.505589 0.000802283
155 0.625368 0.504429 0.000767977
156 0.625368 0.506171 0.000762964
157 0.625368 0.506642 0.000784019
158 0.625368 0.504592 0.000658844
159 0.625368 0.503713 0.000804157
160 0.625368 0.504717 0.000811749
161 0.625368 0.503575 0.00072588
162 0.625368 0.504032 0.000796884
163 0.625368 0.502442 0.000798699
164 0.625368 0.503319 0.000837494
165 0.625368 0.503977 0.000658062
166 0.625368 0.503231 0.000753223
167 0.625368 0.50303 0.000843862
168 0.625368 0.50498 0.000851828
169 0.625368 0.505794 0.000738824
170 0.625368 0.505554 0.000739278
171 0.625368 0.503453 0.000687708
172 0.625368 0.503486 0.000776235
173 0.625368 0.503488 0.000756163
174 0.625368 0.502964 0.000762518
175 0.625368 0.504531 0.000697
176 0.625368 0.504365 0.000712538
177 0.625368 0.504178 0.000704798
178 0.625368 0.502955 0.000883685
179 0.625368 0.504041 0.0010225
180 0.625368 0.504015 0.000841741
181 0.625368 0.503757 0.000830502
182 0.625368 0.505337 0.000812445
183 0.625368 0.505519 0.000960614
184 0.625368 0.504641 0.000837584
185 0.625368 0.505103 0.000801961
186 0.625368 0.50649 0.000808537
187 0.625368 0.503235 0.000760974
188 0.625368 0.505431 0.000785395
189 0.625368 0.50501 0.00072996
190 0.625368 0.504694 0.000741638
191 0.625368 0.505255 0.000720027
192 0.625368 0.505646 0.000890872
193 0.625368 0.504604 0.00079943
194 0.625368 0.505127 0.00105253
195 0.625368 0.507923 0.00085464
196 0.625368 0.501533 0.000850198
197 0.625368 0.505565 0.000935742
198 0.625368 0.506269 0.000700928
199 0.625368 0.502203 0.000905936
200 0.625368 0.504807 0.000701483
201 0.625368 0.504238 0.000859784
202 0.625368 0.505082 0.000833859
203 0.625368 0.506326 0.000768884
204 0.635783 0.505164 0.00090891
205 0.635783 0.507245 0.000907451
206 0.635783 0.50777 0.00101967
207 0.635783 0.505141 0.000998296
208 0.635783 0.507139 0.00105579
209 0.635783 0.506023 0.0011079
210 0.635783 0.504205 0.00104576
211 0.635783 0.503833 0.00093975
212 0.63808 0.507543 0.00126909
213 0.63808 0.505905 0.00115904
214 0.63808 0.506271 0.000994372
215 0.63808 0.505148 0.00100445
216 0.63808 0.506244 0.00112271
217 0.63808 0.502014 0.000968337
218 0.63808 0.506368 0.000881023
219 0.63808 0.505972 0.00124545
220 0.63808 0.500783 0.00105564
221 0.63808 0.502341 0.00116361
222 0.63808 0.504245 0.00104619
223 0.63808 0.505996 0.0011004
224 0.63808 0.503806 0.00116494
225 0.63808 0.506631 0.00114211
226 0.642592 0.506515 0.00110216
227 0.642592 0.504138 0.00115625
228 0.642592 0.510358 0.0011006
229 0.642592 0.505168 0.00104426
230 0.642592 0.504443 0.00127532
231 0.642592 0.508889 0.00133233
232 0.642592 0.506033 0.00101923
233 0.642592 0.504208 0.00119135
234 0.642932 0.506471 0.00122872
235 0.642932 0.509029 0.00108595
236 0.642932 0.506743 0.00112224
237 0.642932 0.507273 0.00122676
238 0.642932 0.508308 0.0014277
239 0.642932 0.507285 0.00151166
240 0.642932 0.505538 0.00124483
241 0.642932 0.509468 0.00121318
242 0.642932 0.508639 0.00129996
243 0.642932 0.51094 0.00141926
244 0.642932 0.504769 0.00121716
245 0.642932 0.508653 0.00116517
246 0.642932 0.50419 0.00128287
247 0.642932 0.50484 0.00124173
248 0.642932 0.504839 0.00145641
249 0.642932 0.506 0.00141699
250 0.642932 0.508378 0.00118624
251 0.642932 0.509842 0.00145811
252 0.642932 0.505326 0.00123886
253 0.642932 0.506166 0.00116486
254 0.642932 0.504521 0.00121569
255 0.642932 0.503356 0.00112796
256 0.642932 0.505053 0.00116365
257 0.642932 0.503373 0.00133486
258 0.642932 0.507106 0.00100268
259 0.642932 0.50534 0.00134713
260 0.642932 0.504705 0.00126832
261 0.642932 0.504382 0.00134473
262 0.642932 0.504602 0.00138365
263 0.642932 0.507579 0.00129297
264 0.642932 0.503204 0.0015222
265 0.642932 0.50047 0.00184337
266 0.642932 0.502328 0.00138023
267 0.642932 0.502833 0.00135005
268 0.642932 0.499619 0.00157417
269 0.642932 0.50586 0.00126812
270 0.642932 0.503083 0.00138439
271 0.642932 0.506008 0.00151001
272 0.642932 0.505743 0.00143712
273 0.642932 0.506511 0.00169009
274 0.642932 0.508589 0.00146193
275 0.642932 0.506305 0.00201416
276 0.642932 0.499964 0.0016977
277 0.642932 0.505668 0.00173311
278 0.642932 0.501403 0.00167422
279 0.642932 0.507529 0.0012535
280 0.642932 0.504189 0.00128187
281 0.642932 0.507772 0.00145946
282 0.642932 0.509119 0.00153986
283 0.642932 0.506331 0.00160502
284 0.642932 0.504733 0.00120868
285 0.642932 0.502232 0.00139013
286 0.642932 0.507838 0.00151519
287 0.642932 0.506517 0.00146154
288 0.642932 0.506344 0.00148109
289 0.642932 0.511929 0.00132621
290 0.642932 0.505935 0.00132672
291 0.642932 0.506857 0.00154888
292 0.642932 0.501257 0.00129819
293 0.642932 0.508101 0.00144492
294 0.642932 0.5048 0.00156897
295 0.642932 0.504282 0.00167732
296 0.642932 0.507224 0.00115022
297 0.642932 0.505106 0.0016636
298 0.642932 0.504377 0.00137901
299 0.642932 0.50127 0.00132686
300 0.6596 0.504694 0.00186744
301 0.6596 0.50712 0.00183295
302 0.6596 0.508848 0.00176409
303 0.6596 0.507809 0.00178891
304 0.6596 0.503725 0.00183854
305 0.6596 0.508063 0.00179907
306 0.6596 0.505054 0.00155916
307 0.6596 0.505532 0.00127868
308 0.6596 0.502166 0.00173177
309 0.6596 0.50867 0.0020372
310 0.6596 0.504787 0.00158851
311 0.6596 0.502319 0.00166565
312 0.6596 0.507815 0.00165028
313 0.6596 0.500526 0.00176996
314 0.6596 0.50152 0.00160788
315 0.6596 0.500853 0.00143058
316 0.6596 0.504529 0.00167275
317 0.6596 0.50482 0.00193649
318 0.675589 0.504753 0.00206778
319 0.675589 0.502299 0.00192015
320 0.675589 0.5002 0.00178802
321 0.675589 0.508278 0.00166834
322 0.675589 0.502826 0.00181313
323 0.675589 0.507892 0.00144759
324 0.675589 0.50483 0.00185731
325 0.675589 0.50541 0.00245488
326 0.675589 0.509742 0.00194758
327 0.675589 0.508919 0.00200204
328 0.675589 0.508286 0.00216406
329 0.675589 0.506184 0.00213714
330 0.675589 0.5055 0.00247217
331 0.675589 0.502503 0.0023507
332 0.675589 0.509509 0.00221484
333 0.675589 0.504179 0.00215103
334 0.675589 0.505752 0.00227951
335 0.675589 0.507204 0.00175716
336 0.675589 0.504057 0.00198086
337 0.675589 0.500222 0.00195725
338 0.675589 0.501297 0.00192926
339 0.675589 0.505205 0.00197153
340 0.675589 0.503296 0.00204184
341 0.675589 0.50527 0.0020599
342 0.675589 0.512537 0.00189082
343 0.675589 0.508334 0.00215094
344 0.675589 0.506277 0.00177515
345 0.675589 0.507739 0.00233834
346 0.675589 0.503498 0.00238571
347 0.675589 0.50299 0.00200361
348 0.675589 0.505132 0.00189735
349 0.675589 0.501796 0.00178812
350 0.675589 0.503604 0.00205097
351 0.675589 0.513271 0.00165502
352 0.675589 0.50732 0.00192863
353 0.675589 0.508554 0.00171782
354 0.675589 0.508982 0.00202899
355 0.675589 0.507017 0.0019418
356 0.675589 0.509195 0.00194969
357 0.675589 0.512469 0.00175615
358 0.675589 0.508294 0.00173748
359 0.675589 0.508717 0.0019666
360 0.675589 0.507464 0.00201014
361 0.675589 0.511617 0.00197477
362 0.675589 0.510316 0.00157357
363 0.675589 0.512806 0.0018298
364 0.675589 0.507577 0.00180895
365 0.675589 0.511359 0.00178943
366 0.675589 0.508896 0.00160256
367 0.675589 0.509546 0.00153658
368 0.675589 0.507897 0.0016338
369 0.675589 0.507787 0.00192327
370 0.675589 0.507107 0.0017984
371 0.675589 0.505316 0.00178791
372 0.675589 0.506552 0.00186533
373 0.675589 0.505849 0.00195777
374 0.675589 0.505737 0.00206342
375 0.675589 0.504626 0.00179285
376 0.684123 0.509787 0.00192137
377 0.684123 0.509555 0.00183481
378 0.684123 0.512188 0.00222357
379 0.684123 0.504618 0.00181035
380 0.684123 0.510159 0.00174856
381 0.684123 0.505348 0.0022603
382 0.684123 0.510409 0.00163477
383 0.684123 0.514815 0.00197594
384 0.684123 0.5086 0.00180828
385 0.684123 0.508832 0.00187705
386 0.684123 0.512659 0.00195145
387 0.684123 0.50691 0.00184409
388 0.684123 0.507913 0.00201097
389 0.684123 0.509323 0.00205514
390 0.684123 0.506004 0.00212016
391 0.684123 0.507657 0.00195422
392 0.684123 0.50955 0.00192589
393 0.684123 0.509813 0.0025583
394 0.685568 0.510599 0.00232948
395 0.685568 0.506057 0.00207833
396 0.685568 0.507958 0.00174133
397 0.685568 0.507093 0.00204025
398 0.685568 0.509606 0.00204765
399 0.685568 0.506626 0.00213626
400 0.685568 0.507161 0.00159256
401 0.685568 0.508988 0.00187072
402 0.685568 0.511329 0.00200056
403 0.685568 0.510816 0.00191482
404 0.685568 0.507929 0.00189004
405 0.685568 0.506062 0.00188804
406 0.685568 0.510871 0.00176075
407 0.685568 0.509328 0.00207151
408 0.685568 0.512322 0.00218156
409 0.685568 0.506902 0.00211456
410 0.685568 0.513516 0.00204404
411 0.685568 0.513131 0.00209455
412 0.685568 0.511515 0.00205501
413 0.685568 0.510728 0.00215852
414 0.694617 0.50998 0.00259565
415 0.694617 0.506965 0.00189065
416 0.694617 0.510184 0.00210861
417 0.694617 0.504811 0.00191315
418 0.694617 0.506394 0.00245141
419 0.694617 0.506672 0.00203627
420 0.694617 0.509038 0.00247138
421 0.694617 0.503617 0.0019681
422 0.694617 0.506986 0.00189811
423 0.694617 0.506202 0.00196569
424 0.694617 0.502034 0.00200312
425 0.694617 0.506889 0.00210615
426 0.694617 0.50346 0.00209561
427 0.694617 0.51021 0.00184236
428 0.694617 0.507977 0.00238643
429 0.694617 0.505425 0.00211634
430 0.705898 0.513494 0.00287758
431 0.705898 0.509841 0.00257555
432 0.705898 0.506864 0.00216125
433 0.705898 0.509813 0.00235121
434 0.705898 0.506333 0.0019513
435 0.705898 0.507898 0.00228668
436 0.705898 0.507601 0.00203633
437 0.705898 0.508841 0.00231859
438 0.705898 0.502193 0.00231874
439 0.705898 0.506727 0.00235852
440 0.705898 0.499538 0.0024742
441 0.705898 0.507179 0.002411
442 0.705898 0.507634 0.00226928
443 0.705898 0.505877 0.0021418
444 0.705898 0.504168 0.00253709
445 0.705898 0.507045 0.00214555
446 0.705898 0.507271 0.00214079
447 0.705898 0.509113 0.00224395
448 0.705898 0.506773 0.00241893
449 0.705898 0.509318 0.00213348
450 0.705898 0.512264 0.00269125
451 0.705898 0.505601 0.00228204
452 0.705898 0.507522 0.00216443
453 0.705898 0.509507 0.00191558
454 0.705898 0.50695 0.00220392
455 0.705898 0.510023 0.00186462
456 0.705898 0.508202 0.00219213
457 0.705898 0.510118 0.00202217
458 0.705898 0.503317 0.00212229
459 0.705898 0.50771 0.00189971
460 0.705898 0.509554 0.0020668
461 0.705898 0.507665 0.00223278
462 0.705898 0.507743 0.00216676
463 0.705898 0.507456 0.0019033
464 0.705898 0.511647 0.00191875
465 0.705898 0.50495 0.002189
466 0.705898 0.507756 0.00248
467 0.705898 0.511505 0.00213568
468 0.705898 0.509342 0.00214908
469 0.705898 0.507677 0.00242219
470 0.705898 0.506871 0.00199098
471 0.705898 0.508293 0.00192215
472 0.705898 0.507056 0.00236013
473 0.705898 0.507094 0.00238645
474 0.705898 0.505573 0.00202233
475 0.705898 0.510677 0.00250656
476 0.705898 0.513127 0.00223431
477 0.705898 0.511847 0.00255539
478 0.705898 0.508808 0.0019823
479 0.705898 0.50464 0.00223575
480 0.705898 0.508109 0.00201499
481 0.705898 0.506727 0.00186563
482 0.705898 0.509877 0.0019984
483 0.705898 0.509827 0.00250005
484 0.705898 0.50944 0.00221558
485 0.705898 0.508903 0.00240445
486 0.705898 0.511788 0.00219477
487 0.705898 0.509943 0.00245423
488 0.705898 0.51155 0.0022434
489 0.705898 0.511562 0.00210403
490 0.705898 0.511074 0.00248001
491 0.705898 0.513792 0.00235078
492 0.705898 0.511558 0.0021914
493 0.705898 0.510871 0.00240777
494 0.705898 0.512705 0.00234043
495 0.705898 0.508349 0.00226454
496 0.705898 0.510736 0.00238994
497 0.705898 0.505784 0.00240481
498 0.705898 0.507031 0.00274537
499 0.705898 0.508366 0.00213853
500 0.705898 0.512115 0.00222229
501 0.705898 0.510388 0.00236291
502 0.705898 0.503311 0.00264065
503 0.705898 0.509731 0.00198512
504 0.705898 0.506685 0.00216394
505 0.705898 0.512422 0.00213235
506 0.705898 0.510725 0.00235822
507 0.705898 0.507233 0.0020877
508 0.705898 0.507241 0.00203048
509 0.705898 0.509421 0.00238116
510 0.705898 0.509005 0.00242542
511 0.705898 0.509209 0.00246076
512 0.705898 0.505354 0.0021499
513 0.705898 0.510587 0.00249428
514 0.705898 0.5067 0.00243275
515 0.705898 0.512081 0.00248244
516 0.705898 0.508453 0.00287607
517 0.705898 0.507394 0.00201291
518 0.705898 0.510568 0.00228083
519 0.705898 0.505422 0.00189002
520 0.705898 0.506609 0.0023354
521 0.705898 0.506328 0.00233598
522 0.705898 0.50757 0.00228829
523 0.705898 0.511405 0.00209298
524 0.705898 0.510279 0.00249845
525 0.705898 0.513552 0.00203512
526 0.705898 0.513917 0.00238625
527 0.705898 0.509578 0.00210279
528 0.705898 0.505237 0.00206294
529 0.705898 0.509756 0.00193223
530 0.705898 0.509365 0.0023593
531 0.705898 0.50955 0.00197307
532 0.705898 0.509677 0.00234016
533 0.705898 0.506545 0.00220579
534 0.705898 0.509019 0.00260329
535 0.705898 0.511994 0.0025861
536 0.705898 0.511827 0.00237521
537 0.705898 0.503144 0.00242395
538 0.705898 0.512099 0.00254339
539 0.705898 0.507655 0.00265166
540 0.705898 0.509852 0.00241903
541 0.705898 0.507629 0.00206806
542 0.705898 0.504677 0.00288292
543 0.705898 0.508273 0.00220278
544 0.705898 0.507721 0.00246876
545 0.705898 0.509093 0.00284546
546 0.705898 0.502308 0.00281472
547 0.705898 0.506806 0.00287324
548 0.705898 0.504573 0.00257065
549 0.705898 0.50334 0.00260539
550 0.705898 0.510251 0.00275817
551 0.705898 0.509916 0.00265356
552 0.705898 0.507266 0.00261559
553 0.705898 0.509067 0.00269492
554 0.705898 0.510799 0.00237981
555 0.705898 0.5048 0.00216919
556 0.705898 0.50624 0.00231159
557 0.705898 0.508065 0.00218731
558 0.705898 0.509837 0.00233989
559 0.705898 0.5151 0.00210646
560 0.705898 0.508757 0.00232131
561 0.705898 0.511624 0.00241265
562 0.705898 0.515875 0.00226822
563 0.705898 0.509636 0.00229402
564 0.705898 0.511917 0.00221298
565 0.705898 0.507815 0.00239891
566 0.705898 0.499444 0.00274097
567 0.705898 0.509419 0.00239938
568 0.705898 0.505495 0.00215442
569 0.705898 0.509034 0.00244867
570 0.705898 0.506172 0.00211721
571 0.705898 0.50756 0.0018747
572 0.705898 0.508684 0.00210231
573 0.705898 0.50529 0.00226814
574 0.705898 0.504384 0.00222646
575 0.705898 0.509776 0.0025429
576 0.705898 0.509644 0.00269917
577 0.705898 0.505953 0.00236728
578 0.705898 0.504745 0.00228445
579 0.705898 0.511924 0.00216553
580 0.705898 0.507061 0.00212199
581 0.705898 0.502177 0.00258189
582 0.705898 0.511228 0.00259613
583 0.705898 0.509949 0.00223854
584 0.705898 0.509093 0.00245888
585 0.705898 0.509732 0.00269309
586 0.705898 0.505887 0.00275401
587 0.705898 0.50923 0.00237131
588 0.705898 0.506598 0.00246391
589 0.705898 0.503674 0.00232989
590 0.705898 0.506572 0.00223073
591 0.705898 0.509726 0.00203678
592 0.705898 0.514426 0.00228794
593 0.705898 0.51071 0.00219248
594 0.705898 0.509194 0.00223202
595 0.705898 0.505382 0.00218356
596 0.705898 0.507857 0.00249505
597 0.705898 0.506208 0.00255486
598 0.705898 0.509705 0.00262884
599 0.705898 0.509022 0.00260353
600 0.705898 0.508302 0.00240939
601 0.705898 0.504495 0.00257544
602 0.705898 0.506579 0.00260018
603 0.705898 0.510673 0.00289971
604 0.705898 0.505454 0.00258672
605 0.705898 0.507544 0.00271909
606 0.705898 0.504993 0.0026331
607 0.705898 0.511791 0.00259832
608 0.705898 0.504473 0.00284786
609 0.705898 0.505767 0.00256774
610 0.705898 0.507298 0.00251585
611 0.705898 0.505265 0.00250839
612 0.705898 0.509169 0.0027988
613 0.705898 0.509288 0.00233117
614 0.705898 0.504932 0.00265061
615 0.705898 0.508875 0.00229066
616 0.705898 0.504575 0.00226725
617 0.705898 0.505281 0.00268764
618 0.705898 0.507863 0.00254978
619 0.707405 0.507168 0.00267283
620 0.707405 0.506345 0.00241476
621 0.707405 0.506924 0.00238612
622 0.707405 0.507741 0.00217533
623 0.707405 0.507769 0.00208172
624 0.707405 0.510399 0.0026143
625 0.707405 0.51216 0.00235624
626 0.707405 0.501596 0.00227742
627 0.707405 0.500648 0.00326541
628 0.707405 0.508284 0.00244751
629 0.707405 0.508808 0.00227687
630 0.707405 0.51105 0.00264276
631 0.707405 0.51028 0.0023724
632 0.707405 0.50369 0.00223767
633 0.707405 0.50559 0.00226379
634 0.707405 0.512171 0.00244462
635 0.707405 0.516794 0.00288588
636 0.707405 0.507173 0.00257103
637 0.707405 0.509474 0.00226639
638 0.707405 0.510738 0.00271634
639 0.707405 0.514632 0.00272638
640 0.707405 0.511326 0.00278173
641 0.707405 0.50773 0.00265902
642 0.707405 0.507665 0.00228966
643 0.707405 0.507542 0.00215704
644 0.707405 0.510716 0.00234653
645 0.707405 0.506583 0.00216892
646 0.707405 0.509976 0.002333
647 0.707405 0.508161 0.00236355
648 0.707405 0.506256 0.00240767
649 0.707405 0.51271 0.00232606
650 0.707405 0.505901 0.00237
651 0.707405 0.505959 0.00258416
652 0.707405 0.509513 0.00254749
653 0.707405 0.513081 0.00243798
654 0.707405 0.507099 0.00236195
655 0.707405 0.509011 0.00212204
656 0.707405 0.509669 0.00209038
657 0.707405 0.506168 0.00221275
658 0.707405 0.509494 0.00193432
659 0.707405 0.511055 0.00232182
660 0.707405 0.514206 0.00264164
661 0.707405 0.508098 0.00237664
662 0.707405 0.509981 0.00227397
663 0.707405 0.506208 0.00231917
664 0.707405 0.507088 0.00224345
665 0.707405 0.509946 0.00231412
666 0.707405 0.508706 0.00236429
667 0.707405 0.515435 0.00250881
668 0.707405 0.511377 0.00217223
669 0.707405 0.51243 0.00234398
670 0.707405 0.50632 0.00252547
671 0.707405 0.513277 0.00228877
672 0.707405 0.506568 0.00216764
673 0.707405 0.509363 0.00208947
674 0.707405 0.507383 0.00203435
675 0.707405 0.508056 0.00269322
676 0.707405 0.508194 0.00246319
677 0.707405 0.511792 0.00272248
678 0.707405 0.512417 0.00267515
679 0.707405 0.507967 0.00244489
680 0.707405 0.51658 0.00257156
681 0.707405 0.509767 0.00261989
682 0.707405 0.511154 0.00278341
683 0.707405 0.510626 0.00240992
684 0.707405 0.51012 0.00257281
685 0.707405 0.508415 0.00263375
686 0.707405 0.506068 0.00245529
687 0.707405 0.509308 0.00238763
688 0.707405 0.505784 0.00247005
689 0.707405 0.515226 0.00287318
690 0.707405 0.510194 0.00263265
691 0.707405 0.509159 0.00241516
692 0.707405 0.508369 0.00267457
693 0.707405 0.507256 0.00252819
694 0.707405 0.508102 0.00218877
695 0.707405 0.512908 0.00247109
696 0.707405 0.509744 0.00255764
697 0.707405 0.508489 0.00258378
698 0.707405 0.513293 0.00287472
699 0.707405 0.509432 0.00301956
700 0.707405 0.505974 0.00275114
701 0.707405 0.506236 0.0026526
702 0.707405 0.508561 0.00284983
703 0.707405 0.509148 0.00287318
704 0.707405 0.508535 0.00254861
705 0.707405 0.506082 0.00247108
706 0.707405 0.507901 0.00253538
707 0.707405 0.507463 0.00275282
708 0.707405 0.503976 0.00270454
709 0.707405 0.508424 0.00251216
710 0.707405 0.507663 0.0028557
711 0.707405 0.50598 0.00269743
712 0.707405 0.502634 0.00235567
713 0.707405 0.506154 0.00212207
714 0.707405 0.505267 0.00244049
715 0.707405 0.509429 0.00270373
716 0.707405 0.50825 0.0024091
717 0.707405 0.50935 0.0022454
718 0.707405 0.506775 0.00225305
719 0.707405 0.509311 0.00260694
720 0.707405 0.512915 0.00283312
721 0.707405 0.510383 0.00246245
722 0.707405 0.509497 0.00247477
723 0.707405 0.514963 0.00271133
724 0.707405 0.513702 0.00261462
725 0.707405 0.51088 0.00249241
726 0.707405 0.501815 0.00274657
727 0.707405 0.506881 0.00272065
728 0.707405 0.512248 0.00251957
729 0.707405 0.51109 0.00267067
730 0.707405 0.511017 0.00324149
731 0.707405 0.511357 0.00270369
732 0.707405 0.510895 0.00235162
733 0.707405 0.512657 0.00216423
734 0.707405 0.502769 0.00253808
735 0.707405 0.503771 0.00298561
736 0.707405 0.509587 0.00227703
737 0.707405 0.512434 0.0023425
738 0.707405 0.50463 0.00273984
739 0.707405 0.508668 0.00244922
740 0.707405 0.509401 0.00269824
741 0.707405 0.503198 0.00238208
742 0.707405 0.511004 0.00226859
743 0.707405 0.511226 0.00255866
744 0.707405 0.515799 0.00234068
745 0.707405 0.506337 0.0027074
746 0.707405 0.50542 0.00235986
747 0.707405 0.50693 0.00213037
748 0.707405 0.509989 0.00232043
749 0.707405 0.512715 0.00234713
750 0.707405 0.505399 0.00225206
751 0.707405 0.513315 0.00289126
752 0.707405 0.503369 0.00226611
753 0.707405 0.508142 0.00239111
754 0.707405 0.511318 0.00268703
755 0.707405 0.505008 0.00247907
756 0.707405 0.507675 0.00224332
757 0.707405 0.515346 0.00266482
758 0.707405 0.50626 0.00242227
759 0.707405 0.511375 0.00267467
760 0.707405 0.512286 0.0025146
761 0.707405 0.513771 0.00263328
762 0.707405 0.508198 0.0024792
763 0.707405 0.506974 0.00273522
764 0.707405 0.508902 0.00269728
765 0.707405 0.513057 0.002231
766 0.707405 0.509948 0.00234202
767 0.707405 0.510623 0.00269626
768 0.707405 0.514413 0.0026844
769 0.707405 0.503315 0.00268252
770 0.707405 0.51363 0.00263487
771 0.707405 0.507815 0.00265816
772 0.707405 0.50436 0.002801
773 0.707405 0.506517 0.00266362
774 0.707405 0.506012 0.00239877
775 0.707405 0.507972 0.00266288
776 0.707405 0.510295 0.00282861
777 0.707405 0.514251 0.00293222
778 0.707405 0.508646 0.00282309
779 0.707405 0.506119 0.00243274
780 0.707405 0.513107 0.0025915
781 0.707405 0.512979 0.00284244
782 0.707405 0.512565 0.00265311
783 0.707405 0.510517 0.00236011
784 0.707405 0.503414 0.00239151
785 0.707405 0.509969 0.00253571
786 0.707405 0.505437 0.0026085
787 0.707405 0.508349 0.00248243
788 0.707405 0.505395 0.00258076
789 0.707405 0.50614 0.00271095
790 0.707405 0.505896 0.00295697
791 0.707405 0.508286 0.00290973
792 0.707405 0.511326 0.00281599
793 0.707405 0.507213 0.00233598
794 0.707405 0.509079 0.00281506
795 0.707405 0.506081 0.00282667
796 0.707405 0.503693 0.00271163
797 0.707405 0.508937 0.00256408
798 0.707405 0.509295 0.00262453
799 0.707405 0.509472 0.00285247
800 0.707405 0.510626 0.00294159
801 0.707405 0.510097 0.00306103
802 0.707405 0.512724 0.00333754
803 0.707405 0.507761 0.00309672
804 0.707405 0.509334 0.00276557
805 0.707405 0.50554 0.00292853
806 0.707405 0.507356 0.00257425
807 0.707405 0.511155 0.00270715
808 0.707405 0.512624 0.00252617
809 0.707405 0.506101 0.00246765
810 0.707405 0.505648 0.00280204
811 0.711959 0.512076 0.00336503
812 0.711959 0.505059 0.00294058
813 0.715984 0.513698 0.00313049
814 0.715984 0.509719 0.00257526
815 0.715984 0.508898 0.00274565
816 0.715984 0.515056 0.00248503
817 0.715984 0.50551 0.00250247
818 0.715984 0.51178 0.00284249
819 0.715984 0.508162 0.00269036
820 0.715984 0.512967 0.00267311
821 0.715984 0.505997 0.00315639
822 0.715984 0.508778 0.00275311
823 0.715984 0.50832 0.00245748
824 0.715984 0.510422 0.00261186
825 0.715984 0.505543 0.00268029
826 0.715984 0.512716 0.00231383
827 0.715984 0.504878 0.00266165
828 0.715984 0.509922 0.0023546
829 0.715984 0.504579 0.00261213
830 0.715984 0.511609 0.00235983
831 0.715984 0.506834 0.00272387
832 0.715984 0.51228 0.00309553
833 0.715984 0.50713 0.0032663
834 0.715984 0.51077 0.00290103
835 0.715984 0.510314 0.00249186
836 0.715984 0.51103 0.00237963
837 0.721189 0.508131 0.00295998
838 0.721189 0.508195 0.00264826
839 0.721189 0.509207 0.00243206
840 0.721189 0.50836 0.00295483
841 0.721189 0.506812 0.00241952
842 0.721189 0.508575 0.00278533
843 0.721189 0.509828 0.00256716
844 0.721189 0.510118 0.00242054
845 0.721189 0.513676 0.00221132
846 0.721189 0.505616 0.00267885
847 0.721189 0.510922 0.00234137
848 0.721189 0.504107 0.00282858
849 0.721189 0.508848 0.00235263
850 0.721189 0.504926 0.00244644
851 0.721189 0.50301 0.00254393
852 0.721189 0.509308 0.00260969
853 0.721189 0.509767 0.00297523
854 0.721189 0.512197 0.00258597
855 0.721189 0.504302 0.00255941
856 0.721189 0.510302 0.00293667
857 0.721189 0.513344 0.00308442
858 0.721189 0.506564 0.00266696
859 0.721189 0.510756 0.00290237
860 0.721189 0.510081 0.00245738
861 0.721189 0.508639 0.00241562
862 0.721189 0.506523 0.00264863
863 0.721189 0.50843 0.00270922
864 0.721189 0.510427 0.00247234
865 0.721189 0.508476 0.00231793
866 0.721189 0.506557 0.00236346
867 0.721189 0.504614 0.00252554
868 0.721189 0.511089 0.0031134
869 0.721189 0.507761 0.00248292
870 0.721189 0.509338 0.00266499
871 0.721189 0.507458 0.00279616
872 0.721189 0.508949 0.00306095
873 0.721189 0.50934 0.00303056
874 0.721189 0.512891 0.00273963
875 0.721189 0.508788 0.00242396
876 0.721189 0.504339 0.00281194
877 0.721189 0.511395 0.00286798
878 0.721189 0.50571 0.00269707
879 0.721189 0.511899 0.00247877
880 0.721189 0.51043 0.00244918
881 0.721189 0.507189 0.00310198
882 0.721189 0.512263 0.00261283
883 0.721189 0.509928 0.00297081
884 0.721189 0.514466 0.00286455
885 0.721189 0.508705 0.00286473
886 0.721189 0.512589 0.00260219
887 0.721189 0.502907 0.00239293
888 0.721189 0.510625 0.00269529
889 0.721189 0.505138 0.00255855
890 0.721189 0.503836 0.00267467
891 0.721189 0.51068 0.00314019
892 0.721189 0.5103 0.00280987
893 0.721189 0.510307 0.00228734
894 0.721189 0.511806 0.00274239
895 0.721189 0.510884 0.00249287
896 0.721189 0.508606 0.0026168
897 0.721189 0.507626 0.00307442
898 0.721189 0.503559 0.00270519
899 0.721189 0.501607 0.0027952
900 0.721189 0.500958 0.00283972
901 0.721189 0.502784 0.00333995
902 0.721189 0.509507 0.00257915
903 0.721189 0.509604 0.00286941
904 0.721189 0.506127 0.00267397
905 0.721189 0.506913 0.0030876
906 0.721189 0.507271 0.00292748
907 0.721189 0.507422 0.00291246
908 0.721189 0.509274 0.00270018
909 0.721189 0.509817 0.00285617
910 0.721189 0.508917 0.00308909
911 0.721189 0.503718 0.00305806
912 0.721189 0.505172 0.00288873
913 0.721189 0.508625 0.00265113
914 0.721189 0.510753 0.00261212
915 0.721189 0.512759 0.00278887
916 0.721189 0.50583 0.00264538
917 0.721189 0.506111 0.00276612
918 0.721189 0.510352 0.0023308
919 0.721189 0.50878 0.00308309
920 0.721189 0.508247 0.00289119
921 0.721189 0.504509 0.00281823
922 0.721189 0.501882 0.00256943
923 0.721189 0.507159 0.00267383
924 0.721189 0.506679 0.00307526
925 0.721189 0.510024 0.00268148
926 0.721189 0.511626 0.00298299
927 0.721189 0.508263 0.0030891
928 0.721189 0.507924 0.00312079
929 0.721189 0.50927 0.00277608
930 0.721189 0.511749 0.00276371
931 0.721189 0.511512 0.00275125
932 0.721189 0.510152 0.00277009
933 0.721189 0.510977 0.0024789
934 0.721189 0.509584 0.0024567
935 0.721189 0.507393 0.00256106
936 0.721189 0.512513 0.00236762
937 0.721189 0.505564 0.00245915
938 0.721189 0.508207 0.0025583
939 0.721189 0.50904 0.00290688
940 0.721189 0.519781 0.00305051
941 0.721189 0.508233 0.00261925
942 0.721189 0.509573 0.00271885
943 0.721189 0.503099 0.00259983
944 0.721189 0.510616 0.0025973
945 0.721189 0.506051 0.00235093
946 0.721189 0.511438 0.00253915
947 0.721189 0.509112 0.00269949
948 0.721189 0.509177 0.00309251
949 0.721189 0.510917 0.00276583
950 0.721189 0.510472 0.00251504
951 0.721189 0.511973 0.00315136
952 0.721189 0.515152 0.0029317
953 0.721189 0.512103 0.00278098
954 0.721189 0.514906 0.00285312
955 0.721189 0.512903 0.00249352
956 0.721189 0.516196 0.00309151
957 0.721189 0.512426 0.00260612
958 0.721189 0.510165 0.00228828
959 0.721189 0.511003 0.00265648
960 0.721189 0.509279 0.00260447
961 0.721189 0.513996 0.00250037
962 0.721189 0.510733 0.00294853
963 0.721189 0.51041 0.0026008
964 0.721189 0.506428 0.00260334
965 0.721189 0.507948 0.00263088
966 0.721189 0.508621 0.0026396
967 0.721189 0.507732 0.00269879
968 0.721189 0.510148 0.00254879
969 0.721189 0.506993 0.00233754
970 0.721189 0.508692 0.00268741
971 0.721189 0.508934 0.00239881
972 0.721189 0.506256 0.00261951
973 0.721189 0.504728 0.00268737
974 0.721189 0.504176 0.00253773
975 0.721189 0.505193 0.00271126
976 0.721189 0.506328 0.00258388
977 0.721189 0.508814 0.00239103
978 0.721189 0.510804 0.0025323
979 0.721189 0.511129 0.00224935
980 0.721189 0.506578 0.00277187
981 0.721189 0.511363 0.00275041
982 0.721189 0.512313 0.00317614
983 0.721189 0.506081 0.00272331
984 0.721189 0.50636 0.00238155
985 0.721189 0.503573 0.00269792
986 0.721189 0.501152 0.00245218
987 0.721189 0.506191 0.00272247
988 0.721189 0.505198 0.0025784
989 0.721189 0.510652 0.00265012
990 0.721189 0.515377 0.00263615
991 0.721189 0.508439 0.00249099
992 0.721189 0.514566 0.00261706
993 0.721189 0.510103 0.00244285
994 0.721189 0.506676 0.00243544
995 0.721189 0.508704 0.00225083
996 0.721189 0.507596 0.00270458
997 0.721189 0.511627 0.00276183
998 0.721189 0.507255 0.00304885
999 0.721189 0.511889 0.002552
1000 0.721189 0.510802 0.0024177
1001 0.721189 0.506726 0.00288819
1002 0.721189 0.508198 0.00287394
1003 0.721189 0.510707 0.00280089
1004 0.721189 0.51181 0.00264713
1005 0.721189 0.511519 0.00245947
1006 0.721189 0.511623 0.00218578
1007 0.721189 0.505791 0.0023875
1008 0.721189 0.508146 0.00264535
1009 0.721189 0.507878 0.00246002
1010 0.721189 0.509325 0.00267171
1011 0.721189 0.509433 0.00270977
1012 0.721189 0.506393 0.00239882
1013 0.721189 0.508743 0.00308206
1014 0.721189 0.506138 0.00266336
1015 0.721189 0.507471 0.00274991
1016 0.721189 0.506977 0.00233168
1017 0.721189 0.511361 0.00274611
1018 0.721189 0.509215 0.00267902
1019 0.721189 0.507731 0.00283603
1020 0.721189 0.507531 0.00238845
1021 0.721189 0.511526 0.00260486
1022 0.721189 0.508385 0.00271571
1023 0.721189 0.504774 0.00363266
1024 0.721189 0.508912 0.00269787
1025 0.721189 0.508443 0.00242544
1026 0.721189 0.505892 0.00276995
1027 0.721189 0.504549 0.00284305
1028 0.721189 0.509114 0.00295798
1029 0.721189 0.505324 0.00282263
1030 0.721189 0.510713 0.0029528
1031 0.721189 0.510055 0.00305008
1032 0.721189 0.508126 0.00265257
1033 0.721189 0.503965 0.00277051
1034 0.721189 0.517461 0.00298805
1035 0.721189 0.510172 0.00279975
1036 0.721189 0.513341 0.00312117
1037 0.721189 0.511223 0.00269273
1038 0.721189 0.514003 0.00332526
1039 0.721189 0.508547 0.00303324
1040 0.721189 0.513093 0.00309264
1041 0.721189 0.509543 0.0028751
1042 0.721189 0.510327 0.00248296
1043 0.721189 0.516155 0.00290143
1044 0.721189 0.514057 0.00327316
1045 0.721189 0.515274 0.00275534
1046 0.721189 0.513511 0.00271815
1047 0.721189 0.509594 0.00302139
1048 0.721189 0.507828 0.00313443
1049 0.721189 0.511599 0.00302266
1050 0.721189 0.511633 0.00298946
1051 0.721189 0.509936 0.00284406
1052 0.721189 0.510233 0.00264365
1053 0.721189 0.510998 0.00283663
1054 0.721189 0.509124 0.00258589
1055 0.721189 0.513612 0.00258594
1056 0.721189 0.511117 0.00285576
1057 0.721189 0.503462 0.00276408
1058 0.721189 0.511145 0.00297479
1059 0.721189 0.514427 0.00251716
1060 0.721189 0.512544 0.00280002
1061 0.721189 0.511975 0.00344311
1062 0.721189 0.511345 0.00309595
1063 0.721189 0.51222 0.00254356
1064 0.721189 0.519498 0.0028312
1065 0.721189 0.510855 0.00283014
1066 0.721189 0.510878 0.00271092
1067 0.721189 0.512508 0.00245926
1068 0.721189 0.510757 0.0026558
1069 0.721189 0.512393 0.00270647
1070 0.721189 0.512972 0.00240275
1071 0.721189 0.516548 0.002571
1072 0.721189 0.507907 0.00266605
1073 0.721189 0.510416 0.00227805
1074 0.721189 0.51052 0.00267017
1075 0.721189 0.509659 0.00262848
1076 0.721189 0.508173 0.00270082
1077 0.721189 0.511998 0.00234446
1078 0.721189 0.504947 0.00236161
1079 0.721189 0.510538 0.00237937
1080 0.721189 0.504376 0.0029813
1081 0.721189 0.510895 0.00329625
1082 0.721189 0.508322 0.00285117
1083 0.721189 0.505769 0.0026698
1084 0.721189 0.50684 0.00229839
1085 0.721189 0.509605 0.00249922
1086 0.721189 0.508601 0.00248741
1087 0.721189 0.507679 0.00250136
1088 0.721189 0.509305 0.00235117
1089 0.721189 0.511047 0.00296309
1090 0.721189 0.506145 0.00259705
1091 0.721189 0.505452 0.00286531
1092 0.721189 0.509111 0.00267961
1093 0.721189 0.506633 0.0028976
1094 0.721189 0.506236 0.00249396
1095 0.721189 0.509542 0.00282054
1096 0.721189 0.506836 0.00301287
1097 0.721189 0.505481 0.00250179
1098 0.721189 0.509399 0.00305428
1099 0.721189 0.508856 0.00314624
1100 0.721189 0.507764 0.00272549
1101 0.721189 0.506082 0.00284898
1102 0.721189 0.50798 0.002614
1103 0.721189 0.512078 0.00256886
1104 0.721189 0.510425 0.00281728
1105 0.721189 0.509345 0.00233042
1106 0.721189 0.509505 0.00238365
1107 0.721189 0.510064 0.00226314
1108 0.721189 0.510743 0.00230787
1109 0.721189 0.50906 0.0023337
1110 0.721189 0.505114 0.00228656
1111 0.721189 0.509014 0.00256708
1112 0.721189 0.512552 0.00248813
1113 0.721189 0.507216 0.00235719
1114 0.721189 0.509218 0.0023929
1115 0.721189 0.509166 0.00230252
1116 0.721189 0.505349 0.00268936
1117 0.721189 0.510601 0.00264262
1118 0.721189 0.509554 0.00257661
1119 0.721189 0.509575 0.002374
1120 0.721189 0.506066 0.00249422
1121 0.721189 0.505483 0.00288979
1122 0.721189 0.507166 0.00287828
1123 0.721189 0.504307 0.0028195
1124 0.721189 0.507503 0.00249934
1125 0.721189 0.510099 0.00292678
1126 0.721189 0.510254 0.00255555
1127 0.721189 0.505084 0.0025695
1128 0.721189 0.508219 0.00254609
1129 0.721189 0.506688 0.00289638
1130 0.721189 0.507719 0.00285193
1131 0.721189 0.509926 0.00259283
1132 0.721189 0.509879 0.00234959
1133 0.721189 0.507373 0.00254853
1134 0.721189 0.507353 0.0026474
1135 0.721189 0.505929 0.00294423
1136 0.721189 0.51189 0.00293148
1137 0.721189 0.50627 0.00244832
1138 0.721189 0.512659 0.00262315
1139 0.721189 0.512927 0.0023344
1140 0.721189 0.509597 0.00297365
1141 0.721189 0.509063 0.00256284
1142 0.721189 0.509667 0.00254491
1143 0.721189 0.512812 0.00283779
1144 0.721189 0.508931 0.00299043
1145 0.721189 0.509576 0.00351153
1146 0.721189 0.508541 0.002589
1147 0.721189 0.507981 0.0033487
1148 0.721189 0.508815 0.00298614
1149 0.721189 0.512586 0.00282697
1150 0.721189 0.507508 0.00298459
1151 0.721189 0.51701 0.00312095
1152 0.721189 0.511739 0.00259808
1153 0.721189 0.509461 0.00279178
1154 0.721189 0.505027 0.00279717
1155 0.721189 0.502464 0.00275695
1156 0.721189 0.506628 0.00263428
1157 0.721189 0.514347 0.00255961
1158 0.721189 0.508084 0.00289625
1159 0.721189 0.51111 0.0028432
1160 0.721189 0.510005 0.0027803
1161 0.721189 0.506208 0.00256606
1162 0.721189 0.504956 0.00271307
1163 0.721189 0.509189 0.00310174
1164 0.721189 0.507417 0.00298258
1165 0.721189 0.508262 0.00315989
1166 0.721189 0.508229 0.00259136
1167 0.721189 0.509311 0.00262538
1168 0.721189 0.50804 0.00269563
1169 0.721189 0.508984 0.00283165
1170 0.721189 0.50829 0.00251301
1171 0.721189 0.511343 0.0028306
1172 0.721189 0.511495 0.00299339
1173 0.721189 0.509979 0.00269359
1174 0.721189 0.503969 0.00248345
1175 0.721189 0.505441 0.0023683
1176 0.721189 0.510758 0.00264399
1177 0.721189 0.504467 0.00278193
1178 0.721189 0.509417 0.00283185
1179 0.721189 0.512014 0.00246685
1180 0.721189 0.513042 0.0027222
1181 0.721189 0.509673 0.0027875
1182 0.721189 0.511716 0.0028472
1183 0.721189 0.508629 0.00256134
1184 0.721189 0.510177 0.00302741
1185 0.721189 0.50833 0.00259672
1186 0.721189 0.506824 0.00289648
1187 0.721189 0.509045 0.0025202
1188 0.721189 0.508447 0.00285948
1189 0.721189 0.511699 0.00269306
1190 0.721189 0.511574 0.00237166
1191 0.721189 0.509373 0.00269545
1192 0.721189 0.510793 0.002204
1193 0.721189 0.509237 0.00282898
1194 0.721189 0.50964 0.00277828
1195 0.721189 0.508511 0.00266793
1196 0.721189 0.510536 0.00296429
1197 0.721189 0.512427 0.00286133
1198 0.721189 0.50682 0.00250759
1199 0.721189 0.509304 0.00255031
1200 0.721189 0.508128 0.0025155
1201 0.721189 0.506689 0.00245752
1202 0.721189 0.50609 0.00243461
1203 0.721189 0.506456 0.00235137
1204 0.721189 0.50948 0.00285057
1205 0.721189 0.50943 0.00236736
1206 0.721189 0.507027 0.00243725
1207 0.721189 0.50625 0.00263376
1208 0.721189 0.510709 0.00239772
1209 0.721189 0.506216 0.00246471
1210 0.721189 0.511077 0.00245458
1211 0.721189 0.5077 0.00265648
1212 0.721189 0.50752 0.00281695
1213 0.721189 0.509722 0.00288864
1214 0.721189 0.505191 0.00285205
1215 0.721189 0.512864 0.00262243
1216 0.721189 0.506358 0.0025905
1217 0.721189 0.508842 0.00269302
1218 0.721189 0.512208 0.00283873
1219 0.721189 0.509175 0.00226453
1220 0.721189 0.511996 0.00251533
1221 0.721189 0.507011 0.00253256
1222 0.721189 0.511408 0.00278521
1223 0.721189 0.51244 0.00286412
1224 0.721189 0.513646 0.00271166
1225 0.721189 0.509921 0.00245676
1226 0.721189 0.507335 0.00235956
1227 0.721189 0.509663 0.0031034
1228 0.721189 0.512608 0.00278815
1229 0.721189 0.507023 0.00259137
1230 0.721189 0.507463 0.002716
1231 0.721189 0.508543 0.00260833
1232 0.721189 0.508685 0.00253152
1233 0.721189 0.513916 0.00244074
1234 0.721189 0.51131 0.002624
1235 0.721189 0.514058 0.0031383
1236 0.721189 0.509703 0.00236011
1237 0.721189 0.512112 0.00250613
1238 0.721189 0.508568 0.0026923
1239 0.721189 0.512344 0.00272871
1240 0.721189 0.507662 0.00248262
1241 0.721189 0.505742 0.00264405
1242 0.721189 0.508963 0.00253643
1243 0.721189 0.506092 0.00272521
1244 0.721189 0.508562 0.00250553
1245 0.721189 0.511293 0.00311884
1246 0.721189 0.509966 0.00267544
1247 0.721189 0.506353 0.00293685
1248 0.721189 0.506459 0.00247668
1249 0.721189 0.507004 0.00261809
1250 0.721189 0.507836 0.00251719
1251 0.721189 0.503885 0.00297038
1252 0.721189 0.504167 0.00320279
1253 0.721189 0.509498 0.00297037
1254 0.721189 0.509082 0.00261742
1255 0.721189 0.503198 0.00264119
1256 0.721189 0.51098 0.00250731
1257 0.721189 0.51132 0.0029186
1258 0.721189 0.509637 0.00303303
1259 0.721189 0.506514 0.00302456
1260 0.721189 0.50793 0.00296559
1261 0.721189 0.506678 0.0031559
1262 0.721189 0.512732 0.00305183
1263 0.721189 0.504843 0.00270198
1264 0.721189 0.509563 0.00330284
1265 0.721189 0.510145 0.00264037
1266 0.721189 0.508127 0.00305053
1267 0.721189 0.507411 0.00315043
1268 0.721189 0.507908 0.00302828
1269 0.721189 0.506281 0.00327912
1270 0.721189 0.506758 0.00279399
1271 0.721189 0.50516 0.0024352
1272 0.721189 0.505208 0.00248673
1273 0.721189 0.508412 0.00276656
1274 0.721189 0.508774 0.00362344
1275 0.721189 0.508017 0.00234247
1276 0.721189 0.503761 0.00297893
1277 0.721189 0.50867 0.00255282
1278 0.721189 0.511553 0.00289011
1279 0.721189 0.506175 0.00269314
1280 0.721189 0.508365 0.0028215
1281 0.721189 0.506543 0.00252076
1282 0.721189 0.50785 0.00334729
1283 0.721189 0.506372 0.00272384
1284 0.721189 0.507382 0.00297672
1285 0.721189 0.509862 0.00278947
1286 0.721189 0.505912 0.00282919
1287 0.721189 0.507401 0.00265129
1288 0.721189 0.506738 0.00286214
1289 0.721189 0.513478 0.0029121
1290 0.721189 0.509177 0.002759
1291 0.721189 0.509543 0.00254615
1292 0.721189 0.510018 0.00261266
1293 0.721189 0.511603 0.00319197
1294 0.721189 0.512526 0.00295282
1295 0.721189 0.505286 0.00286085
1296 0.721189 0.508559 0.00256088
1297 0.721189 0.51077 0.00270363
1298 0.721189 0.505267 0.00273461
1299 0.721189 0.510655 0.00262259
1300 0.721189 0.507505 0.00258711
1301 0.721189 0.507355 0.00254755
1302 0.721189 0.511129 0.00234688
1303 0.721189 0.509215 0.0024213
1304 0.721189 0.512154 0.00264314
1305 0.721189 0.506543 0.0023015
1306 0.721189 0.502945 0.00280475
1307 0.721189 0.509541 0.00249819
1308 0.721189 0.507787 0.00311788
1309 0.721189 0.511084 0.00291553
1310 0.721189 0.51026 0.00261745
1311 0.721189 0.51118 0.0028717
1312 0.721189 0.509225 0.00267487
1313 0.721189 0.513347 0.00280841
1314 0.721189 0.509443 0.00243064
1315 0.721189 0.508588 0.00304291
1316 0.721189 0.505874 0.00244762
1317 0.721189 0.506594 0.00276445
1318 0.721189 0.513666 0.00260702
1319 0.721189 0.509225 0.00260753
1320 0.721189 0.507874 0.00288064
1321 0.721189 0.508943 0.00257472
1322 0.721189 0.513509 0.00284747
1323 0.721189 0.511971 0.00237748
1324 0.721189 0.50748 0.00275262
1325 0.721189 0.512934 0.00293251
1326 0.721189 0.512401 0.00272812
1327 0.721189 0.509315 0.00249377
1328 0.721189 0.514654 0.00339655
1329 0.721189 0.512329 0.00312749
1330 0.721189 0.510322 0.00290906
1331 0.721189 0.513702 0.0022724
1332 0.721189 0.506763 0.00262784
1333 0.721189 0.506027 0.00288394
1334 0.721189 0.512885 0.00299864
1335 0.721189 0.510493 0.00271713
1336 0.721189 0.509378 0.00258882
1337 0.721189 0.513805 0.00265816
1338 0.721189 0.512588 0.00270874
1339 0.721189 0.507038 0.00285899
1340 0.721189 0.512152 0.00236487
1341 0.721189 0.505929 0.00244428
1342 0.721189 0.512878 0.00291477
1343 0.721189 0.507793 0.00266728
1344 0.721189 0.509683 0.00236928
1345 0.721189 0.510052 0.00236105
1346 0.721189 0.5099 0.00271675
1347 0.721189 0.511794 0.00234998
1348 0.721189 0.512129 0.00244337
1349 0.721189 0.510161 0.00251134
1350 0.721189 0.511455 0.00256528
1351 0.721189 0.510272 0.00286905
1352 0.721189 0.515786 0.00343571
1353 0.721189 0.507069 0.00253843
1354 0.721189 0.503562 0.00266896
1355 0.721189 0.514759 0.00288077
1356 0.721189 0.51249 0.00289868
1357 0.721189 0.509759 0.00306213
1358 0.721189 0.510422 0.00257251
1359 0.721189 0.507991 0.00269627
1360 0.721189 0.507055 0.00247287
1361 0.721189 0.509172 0.00247351
1362 0.721189 0.506764 0.00263604
1363 0.721189 0.512561 0.0026091
1364 0.721189 0.508677 0.00246022
1365 0.721189 0.508365 0.0028276
1366 0.721189 0.503309 0.00247877
1367 0.721189 0.510243 0.00274928
1368 0.721189 0.509924 0.00272924
1369 0.721189 0.505099 0.002728
1370 0.721189 0.505033 0.00258502
1371 0.721189 0.507658 0.00292978
1372 0.721189 0.507896 0.00255532
1373 0.721189 0.506258 0.00268227
1374 0.721189 0.509136 0.00298181
1375 0.721189 0.510953 0.00259324
1376 0.721189 0.508458 0.00270864
1377 0.721189 0.507169 0.00263306
1378 0.721189 0.505742 0.00288101
1379 0.721189 0.510931 0.0025635
1380 0.721189 0.509767 0.00289546
1381 0.721189 0.510404 0.00258283
1382 0.721189 0.504924 0.00272705
1383 0.721189 0.509096 0.00243423
1384 0.721189 0.505542 0.00260006
1385 0.721189 0.508479 0.00282871
1386 0.721189 0.505829 0.00265096
1387 0.721189 0.50965 0.00258918
1388 0.721189 0.509144 0.00258466
1389 0.721189 0.508077 0.00247464
1390 0.721189 0.508704 0.00228717
1391 0.721189 0.510642 0.00222139
1392 0.721189 0.505643 0.00285745
1393 0.721189 0.501317 0.00248324
1394 0.721189 0.506551 0.00222393
1395 0.721189 0.510683 0.00247251
1396 0.721189 0.505855 0.00264377
1397 0.721189 0.505467 0.0022069
1398 0.721189 0.505448 0.00240647
1399 0.721189 0.509434 0.00250457
1400 0.721189 0.50873 0.00249712
1401 0.721189 0.511361 0.00239203
1402 0.721189 0.510346 0.00235773
1403 0.721189 0.509128 0.00215828
1404 0.721189 0.507685 0.00215629
1405 0.721189 0.508892 0.00243848
1406 0.721189 0.508689 0.00253342
1407 0.721189 0.509432 0.00246078
1408 0.721189 0.505822 0.0024821
1409 0.721189 0.508439 0.00290802
1410 0.721189 0.512039 0.00260283
1411 0.721189 0.507932 0.00331849
1412 0.721189 0.507177 0.00250689
1413 0.721189 0.511518 0.00292315
1414 0.721189 0.51327 0.00268061
1415 0.721189 0.507517 0.0025321
1416 0.721189 0.508378 0.00277658
1417 0.721189 0.508196 0.00279162
1418 0.721189 0.510816 0.00252034
1419 0.721189 0.509451 0.00313037
1420 0.721189 0.509225 0.00277302
1421 0.721189 0.509147 0.00293041
1422 0.721189 0.505954 0.00297145
1423 0.721189 0.50634 0.00249766
1424 0.721189 0.508186 0.00303888
1425 0.721189 0.506585 0.00286111
1426 0.721189 0.512729 0.00249347
1427 0.721189 0.513745 0.00247789
1428 0.721189 0.512298 0.00240232
1429 0.721189 0.512221 0.00213859
1430 0.721189 0.510776 0.00256467
1431 0.721189 0.510821 0.00228902
1432 0.721189 0.507967 0.00248308
1433 0.721189 0.513533 0.0026809
1434 0.721189 0.511347 0.00257923
1435 0.721189 0.508532 0.00299489
1436 0.721189 0.512498 0.00306273
1437 0.721189 0.513443 0.00264016
1438 0.721189 0.507017 0.00256639
1439 0.721189 0.508528 0.00250244
1440 0.721189 0.513499 0.00279683
1441 0.721189 0.508572 0.00283345
1442 0.721189 0.513134 0.00275711
1443 0.721189 0.505985 0.00316558
1444 0.721189 0.507178 0.0031564
1445 0.721189 0.510255 0.00284661
1446 0.721189 0.511923 0.00276089
1447 0.721189 0.512471 0.00318
1448 0.721189 0.506961 0.00268819
1449 0.721189 0.508085 0.00333206
1450 0.721189 0.503931 0.00305503
1451 0.721189 0.515634 0.00320001
1452 0.721189 0.515846 0.00276027
1453 0.721189 0.51196 0.00241081
1454 0.721189 0.507445 0.00274035
1455 0.721189 0.518004 0.00283517
1456 0.721189 0.511125 0.00312504
1457 0.721189 0.506899 0.00336608
1458 0.721189 0.507683 0.00301825
1459 0.721189 0.505158 0.00320067
1460 0.721189 0.503802 0.00282458
1461 0.721189 0.503163 0.00303622
1462 0.721189 0.509217 0.00304226
1463 0.721189 0.508087 0.00334449
1464 0.721189 0.511965 0.00273895
1465 0.721189 0.503803 0.00302334
1466 0.721189 0.506395 0.00276967
1467 0.721189 0.505472 0.00266338
1468 0.721189 0.508935 0.00246757
1469 0.721189 0.509635 0.0023106
1470 0.721189 0.50919 0.00290944
1471 0.721189 0.510244 0.00294129
1472 0.721189 0.509597 0.00248116
1473 0.721189 0.511687 0.00297326
1474 0.721189 0.511953 0.00253663
1475 0.721189 0.512948 0.00312059
1476 0.721189 0.510294 0.00278559
1477 0.721189 0.510911 0.00292546
1478 0.721189 0.51008 0.00272794
1479 0.721189 0.510604 0.00253075
1480 0.721189 0.510449 0.00258489
1481 0.721189 0.511919 0.00285615
1482 0.721189 0.512482 0.00288821
1483 0.721189 0.513786 0.00313905
1484 0.721189 0.510152 0.00280339
1485 0.721189 0.510659 0.00327353
1486 0.721189 0.515195 0.00307329
1487 0.721189 0.510272 0.00300681
1488 0.721189 0.508785 0.00319096
1489 0.721189 0.511096 0.00370299
1490 0.721189 0.51854 0.00265888
1491 0.721189 0.515011 0.00287379
1492 0.721189 0.507625 0.00276512
1493 0.721189 0.506721 0.0033795
1494 0.721189 0.51208 0.00301864
1495 0.721189 0.508565 0.00283901
1496 0.721189 0.507917 0.00262082
1497 0.721189 0.509777 0.00333514
1498 0.721189 0.511205 0.00244641
1499 0.721189 0.509903 0.00269062
1500 0.721189 0.509536 0.00258799
1501 0.721189 0.510733 0.00251373
1502 0.721189 0.510403 0.00273197
1503 0.721189 0.510842 0.00275843
1504 0.721189 0.510752 0.00264517
1505 0.721189 0.510988 0.00300386
1506 0.721189 0.50595 0.00254885
1507 0.721189 0.507664 0.00254638
1508 0.721189 0.508591 0.00273905
1509 0.721189 0.509992 0.00280497
1510 0.721189 0.512562 0.00337588
1511 0.721189 0.506957 0.00291372
1512 0.721292 0.50874 0.00317488
1513 0.721292 0.514577 0.00267467
1514 0.721292 0.514226 0.00275001
1515 0.721292 0.513817 0.00250452
1516 0.721292 0.507371 0.00287755
1517 0.721292 0.508237 0.00241166
1518 0.721292 0.50567 0.00307878
1519 0.721292 0.508819 0.00328432
1520 0.721292 0.508282 0.00280906
1521 0.721292 0.507037 0.00271012
1522 0.721292 0.512479 0.00302441
1523 0.721292 0.512342 0.00276388
1524 0.721292 0.503879 0.00275768
1525 0.721292 0.513726 0.00268399
1526 0.721292 0.510181 0.00306453
1527 0.721292 0.508804 0.00251411
1528 0.721292 0.507543 0.00269723
1529 0.721292 0.509237 0.0028408
1530 0.721292 0.514307 0.00270671
1531 0.721292 0.507313 0.00285134
1532 0.721292 0.505598 0.00262645
1533 0.721292 0.506523 0.00306852
1534 0.721292 0.50893 0.00274954
1535 0.721292 0.505148 0.00272824
1536 0.721292 0.5088 0.00242974
1537 0.721292 0.507083 0.00262271
1538 0.721292 0.505641 0.00268135
1539 0.721292 0.507931 0.0026143
1540 0.721292 0.511809 0.00329104
1541 0.721292 0.507411 0.00266002
1542 0.721292 0.50659 0.00262939
1543 0.721292 0.507572 0.002878
1544 0.721292 0.50897 0.00345415
1545 0.721292 0.507965 0.00253498
1546 0.721292 0.508478 0.00273843
1547 0.721292 0.511738 0.00258767
1548 0.721292 0.51152 0.0027213
1549 0.721292 0.511541 0.00273603
1550 0.721292 0.507663 0.00253906
1551 0.721292 0.506475 0.00314391
1552 0.721292 0.509763 0.00252753
1553 0.721292 0.508585 0.00281612
1554 0.721292 0.50621 0.00260512
1555 0.721292 0.506165 0.00241888
1556 0.721292 0.509907 0.00322856
1557 0.721292 0.514814 0.0026315
1558 0.721292 0.512215 0.00299156
1559 0.721292 0.510733 0.00236707
1560 0.721292 0.507209 0.00236639
1561 0.721292 0.505363 0.00254276
1562 0.721292 0.511957 0.00254418
1563 0.721292 0.508296 0.00258199
1564 0.721292 0.509212 0.00316852
1565 0.721292 0.508203 0.00244197
1566 0.721292 0.508964 0.00244054
1567 0.721292 0.511043 0.00258227
1568 0.721292 0.505554 0.00264298
1569 0.721292 0.509619 0.00247007
1570 0.721292 0.511939 0.00283338
1571 0.721292 0.511941 0.00284412
1572 0.721292 0.510251 0.00257218
1573 0.721292 0.512987 0.00257827
1574 0.721292 0.514411 0.00255931
1575 0.721292 0.508379 0.00265874
1576 0.721292 0.509945 0.00284137
1577 0.721292 0.510776 0.00246004
1578 0.721292 0.513082 0.00270838
1579 0.721292 0.508926 0.00278552
1580 0.721292 0.511151 0.00248776
1581 0.721292 0.508363 0.0025983
1582 0.721292 0.508504 0.00241579
1583 0.721292 0.508885 0.00259769
1584 0.721292 0.504706 0.0027659
1585 0.721292 0.514373 0.00267945
1586 0.721292 0.507652 0.00286662
1587 0.721292 0.511359 0.00298437
1588 0.721292 0.511804 0.00281328
1589 0.721292 0.511025 0.00273429
1590 0.721292 0.507938 0.00268386
1591 0.721292 0.509012 0.0028734
1592 0.721292 0.507974 0.00288133
1593 0.721292 0.508691 0.0028948
1594 0.721292 0.503477 0.00301396
1595 0.721292 0.515825 0.00373384
1596 0.721292 0.510198 0.00301695
1597 0.721292 0.508844 0.00288344
1598 0.721292 0.508347 0.00300164
1599 0.721292 0.506446 0.00281516
1600 0.721292 0.504422 0.0031767
1601 0.721292 0.504484 0.00290311
1602 0.721292 0.509935 0.00279213
1603 0.721292 0.512576 0.00314561
1604 0.721292 0.503887 0.00299066
1605 0.721292 0.510499 0.00271978
1606 0.721292 0.511496 0.00235217
1607 0.721292 0.513712 0.00328459
1608 0.721292 0.512814 0.0030523
1609 0.721292 0.507272 0.0028766
1610 0.721292 0.510731 0.00286349
1611 0.721292 0.51258 0.00239524
1612 0.721292 0.50973 0.00304414
1613 0.721292 0.511765 0.00262045
1614 0.721292 0.507878 0.00328161
1615 0.721292 0.514297 0.00263714
1616 0.721292 0.510282 0.00264053
1617 0.721292 0.511593 0.00246582
1618 0.721292 0.509458 0.0027224
1619 0.721292 0.514503 0.00265516
1620 0.721292 0.505792 0.00319994
1621 0.721292 0.507374 0.00254576
1622 0.721292 0.507849 0.00264222
1623 0.721292 0.506479 0.00304382
1624 0.721292 0.510182 0.00298571
1625 0.721292 0.506622 0.00282377
1626 0.721292 0.506269 0.00293864
1627 0.721292 0.507772 0.00271332
1628 0.721292 0.503842 0.00348277
1629 0.721292 0.507102 0.0026315
1630 0.721292 0.50796 0.0030295
1631 0.721292 0.507647 0.00284762
1632 0.721292 0.510837 0.00237172
1633 0.721292 0.509828 0.00278683
1634 0.721292 0.508698 0.00312322
1635 0.721292 0.509974 0.00268814
1636 0.721292 0.509617 0.00250789
1637 0.721292 0.513859 0.00313553
1638 0.721292 0.50652 0.00264498
1639 0.721292 0.512332 0.00277929
1640 0.721292 0.515275 0.00324098
1641 0.721292 0.512327 0.00256377
1642 0.721292 0.509509 0.00280629
1643 0.721292 0.508567 0.00253979
1644 0.721292 0.510261 0.0023701
1645 0.721292 0.513726 0.00272239
1646 0.721292 0.515456 0.00261014
1647 0.721292 0.511932 0.00251369
1648 0.721292 0.509607 0.00249386
1649 0.721292 0.50979 0.00275395
1650 0.721292 0.506878 0.00269158
1651 0.721292 0.5101 0.00268872
1652 0.721292 0.506926 0.00276412
1653 0.721292 0.512636 0.00264768
1654 0.721292 0.507957 0.00262246
1655 0.721292 0.508132 0.00273856
1656 0.721292 0.511836 0.00237023
1657 0.721292 0.509287 0.00271167
1658 0.721292 0.507174 0.00259059
1659 0.721292 0.505873 0.00265865
1660 0.721292 0.505916 0.00270786
1661 0.721292 0.506977 0.00261177
1662 0.721292 0.505311 0.00286058
1663 0.721292 0.511431 0.00257225
1664 0.721292 0.509444 0.00287537
1665 0.721292 0.503912 0.0029829
1666 0.721292 0.508174 0.00286459
1667 0.721292 0.50668 0.00250302
1668 0.721292 0.509814 0.00250417
1669 0.721292 0.50983 0.00292843
1670 0.721292 0.504072 0.00277463
1671 0.721292 0.508773 0.00242728
1672 0.721292 0.504911 0.00267416
1673 0.721292 0.509583 0.00270619
1674 0.721292 0.512069 0.00305132
1675 0.721292 0.509768 0.0028418
1676 0.721292 0.506597 0.0027516
1677 0.721292 0.509493 0.00257731
1678 0.721292 0.506761 0.00265114
1679 0.721292 0.506024 0.00256539
1680 0.721292 0.509646 0.00242111
1681 0.721292 0.512509 0.00243675
1682 0.721292 0.507183 0.00242798
1683 0.721292 0.510021 0.00253102
1684 0.721292 0.514694 0.00349329
1685 0.721292 0.509602 0.00286993
1686 0.721292 0.504786 0.00277124
1687 0.721292 0.507228 0.00338901
1688 0.721292 0.50712 0.00248522
1689 0.721292 0.512443 0.00338141
1690 0.721292 0.513674 0.00263125
1691 0.721292 0.509998 0.00316484
1692 0.721292 0.50062 0.00263947
1693 0.721292 0.504838 0.00277589
1694 0.721292 0.511298 0.00244262
1695 0.721292 0.503673 0.00287196
1696 0.721292 0.512232 0.00265788
1697 0.721292 0.512072 0.00276859
1698 0.721292 0.509009 0.00298874
1699 0.721292 0.508774 0.00278842
1700 0.721292 0.511949 0.0027467
1701 0.721292 0.509855 0.00284766
1702 0.721292 0.51249 0.00294758
1703 0.721292 0.507864 0.00282242
1704 0.721292 0.509479 0.00303074
1705 0.721292 0.51447 0.0029288
1706 0.721292 0.512665 0.00297327
1707 0.721292 0.511553 0.00262521
1708 0.721292 0.510151 0.00299646
1709 0.721292 0.501046 0.0030271
1710 0.721292 0.50989 0.00247087
1711 0.721292 0.506121 0.0028482
1712 0.721292 0.508097 0.00319166
1713 0.721292 0.509178 0.00290723
1714 0.721292 0.510339 0.0027221
1715 0.721292 0.508642 0.00305043
1716 0.721292 0.501452 0.00342736
1717 0.721292 0.507229 0.00268235
1718 0.721292 0.510885 0.00302541
1719 0.721292 0.505649 0.00266481
1720 0.721292 0.514404 0.00255582
1721 0.721292 0.508695 0.00294735
1722 0.721292 0.50718 0.00288489
1723 0.721292 0.50763 0.00266287
1724 0.721292 0.513856 0.00292835
1725 0.721292 0.510421 0.00293485
1726 0.721292 0.511606 0.00314669
1727 0.721292 0.513831 0.00307416
1728 0.721292 0.511768 0.00310802
1729 0.721292 0.511228 0.00267355
1730 0.721292 0.503005 0.00267269
1731 0.721292 0.507165 0.00260008
1732 0.721292 0.50581 0.00296972
1733 0.721292 0.514738 0.00275458
1734 0.721292 0.509844 0.00266673
1735 0.721292 0.511258 0.00270105
1736 0.721292 0.505884 0.00323878
1737 0.721292 0.506925 0.00276391
1738 0.721292 0.505518 0.00302998
1739 0.721292 0.51322 0.00281057
1740 0.721292 0.510623 0.00319052
1741 0.721292 0.505807 0.00303958
1742 0.721292 0.512507 0.00321692
1743 0.721292 0.509665 0.00269273
1744 0.721292 0.509908 0.00256296
1745 0.721292 0.505801 0.00258021
1746 0.721292 0.507409 0.00270392
1747 0.721292 0.508975 0.00236301
1748 0.721292 0.507892 0.00236112
1749 0.721292 0.509736 0.00252439
1750 0.721292 0.510129 0.00257474
1751 0.721292 0.50365 0.00244473
1752 0.721292 0.511563 0.00257953
1753 0.721292 0.511749 0.00263072
1754 0.721292 0.512561 0.0028823
1755 0.721292 0.508108 0.00232611
1756 0.721292 0.510254 0.00268267
1757 0.721292 0.506232 0.00267287
1758 0.721292 0.506153 0.00296259
1759 0.721292 0.507752 0.00296045
1760 0.721292 0.511927 0.00271649
1761 0.721292 0.512509 0.00290768
1762 0.721292 0.507813 0.00242081
1763 0.721292 0.50878 0.00273055
1764 0.721292 0.50216 0.00298835
1765 0.721292 0.506492 0.00301845
1766 0.721292 0.505458 0.00260625
1767 0.721292 0.511032 0.00256347
1768 0.721292 0.508181 0.00317209
1769 0.721292 0.510075 0.00244025
1770 0.721292 0.508046 0.00284024
1771 0.721292 0.510373 0.00246172
1772 0.721292 0.509406 0.00303805
1773 0.721292 0.50911 0.00256865
1774 0.721292 0.51203 0.00291722
1775 0.721292 0.506764 0.00271723
1776 0.721292 0.510031 0.00298418
1777 0.721292 0.50701 0.00274195
1778 0.721292 0.510423 0.00250751
1779 0.721292 0.512274 0.00281474
1780 0.721292 0.511221 0.00297462
1781 0.721292 0.515998 0.00270053
1782 0.721292 0.516391 0.00288932
1783 0.721292 0.510398 0.0026281
1784 0.721292 0.510644 0.00329003
1785 0.721292 0.508848 0.00289707
1786 0.721292 0.512278 0.00264502
1787 0.721292 0.508155 0.00306924
1788 0.721292 0.504315 0.00264562
1789 0.721292 0.511463 0.0026624
1790 0.721292 0.508132 0.00269801
1791 0.721292 0.51127 0.00259936
1792 0.721292 0.507824 0.00257559
1793 0.721292 0.508052 0.00288566
1794 0.721292 0.513509 0.00232426
1795 0.721292 0.515976 0.00239888
1796 0.721292 0.507325 0.00271369
1797 0.721292 0.50926 0.00265511
1798 0.721292 0.509955 0.00255319
1799 0.721292 0.511388 0.00303847
1800 0.721292 0.511143 0.00254196
1801 0.721292 0.511921 0.00251892
1802 0.721292 0.509248 0.00265155
1803 0.721292 0.507745 0.00342346
1804 0.721292 0.50958 0.00291475
1805 0.721292 0.508625 0.00238503
1806 0.721292 0.507054 0.00248123
1807 0.721292 0.504332 0.00264203
1808 0.721292 0.508045 0.00257715
1809 0.721292 0.509912 0.0026026
1810 0.721292 0.507994 0.00239347
1811 0.721292 0.511769 0.00236022
1812 0.721292 0.508301 0.00223346
1813 0.721292 0.509445 0.00244759
1814 0.721292 0.507885 0.00245689
1815 0.721292 0.513027 0.00284641
1816 0.721292 0.509124 0.00305008
1817 0.721292 0.511666 0.00254575
1818 0.721292 0.51054 0.00312416
1819 0.721292 0.512859 0.00278831
1820 0.721292 0.509039 0.00251103
1821 0.721292 0.509901 0.0024217
1822 0.721292 0.514469 0.00241868
1823 0.721292 0.509422 0.00287183
1824 0.721292 0.508659 0.00252407
1825 0.721292 0.511181 0.00257895
1826 0.721292 0.509431 0.00264203
1827 0.721292 0.5072 0.00257327
1828 0.721292 0.515851 0.00265143
1829 0.721292 0.513736 0.00332648
1830 0.721292 0.510985 0.00256308
1831 0.721292 0.511335 0.00267265
1832 0.721292 0.511872 0.00276127
1833 0.721292 0.507007 0.00297366
1834 0.721292 0.511694 0.00285764
1835 0.721292 0.515951 0.00275359
1836 0.721292 0.509096 0.00304501
1837 0.721292 0.509285 0.002789
1838 0.721292 0.511832 0.00271567
1839 0.721292 0.51226 0.00279377
1840 0.721292 0.50682 0.00286286
1841 0.721292 0.510546 0.0026198
1842 0.721292 0.512836 0.0026612
1843 0.721292 0.50738 0.0025452
1844 0.721292 0.513135 0.00271474
1845 0.721292 0.506705 0.00274811
1846 0.721292 0.507826 0.0032682
1847 0.721292 0.507593 0.00273275
1848 0.721292 0.50829 0.002501
1849 0.721292 0.506288 0.00252921
1850 0.721292 0.512714 0.00307291
1851 0.721292 0.51017 0.00318605
1852 0.721292 0.511297 0.00270609
1853 0.721292 0.508451 0.0026349
1854 0.721292 0.513561 0.0025788
1855 0.721292 0.507164 0.00274889
1856 0.721292 0.507141 0.00263508
1857 0.721292 0.50315 0.00248629
1858 0.721292 0.509349 0.00250227
1859 0.721292 0.512262 0.00276418
1860 0.721292 0.510365 0.00236745
1861 0.721292 0.506204 0.00252817
1862 0.721292 0.502604 0.00263456
1863 0.721292 0.510123 0.00252078
1864 0.721292 0.511662 0.00269029
1865 0.721292 0.508256 0.0023444
1866 0.721292 0.507342 0.00269081
1867 0.721292 0.508933 0.0026272
1868 0.721292 0.511448 0.00283457
1869 0.721292 0.507355 0.00254658
1870 0.721292 0.509316 0.00276608
1871 0.721292 0.508388 0.0024156
1872 0.721292 0.512294 0.00263436
1873 0.721292 0.509511 0.00248597
1874 0.721292 0.512493 0.0030878
1875 0.721292 0.507102 0.00232623
1876 0.721292 0.507839 0.00244265
1877 0.721292 0.507862 0.00266046
1878 0.721292 0.507715 0.00261258
1879 0.721292 0.511502 0.00229401
1880 0.721292 0.506991 0.00268083
1881 0.721292 0.508383 0.00235041
1882 0.721292 0.510979 0.00253527
1883 0.721292 0.511683 0.00242804
1884 0.721292 0.503535 0.00240975
1885 0.721292 0.508708 0.00255945
1886 0.721292 0.506446 0.00261886
1887 0.721292 0.50706 0.0027064
1888 0.721292 0.51035 0.00291507
1889 0.721292 0.507181 0.00329417
1890 0.721292 0.510636 0.00297678
1891 0.721292 0.514386 0.00226598
1892 0.721292 0.508777 0.00278845
1893 0.721292 0.510843 0.00283422
1894 0.721292 0.510008 0.0024425
1895 0.721292 0.514239 0.00274806
1896 0.721292 0.512659 0.00248457
1897 0.721292 0.509897 0.00264711
1898 0.721292 0.509244 0.00280636
1899 0.721292 0.51119 0.00267916
1900 0.721292 0.510072 0.00246591
1901 0.721292 0.50891 0.00256764
1902 0.721292 0.508173 0.00282626
1903 0.721292 0.510729 0.00257724
1904 0.721292 0.511836 0.00285967
1905 0.721292 0.507657 0.0030291
1906 0.721292 0.511226 0.00281913
1907 0.721292 0.509027 0.00261285
1908 0.721292 0.505891 0.00284267
1909 0.721292 0.498825 0.00288204
1910 0.721292 0.505804 0.00258695
1911 0.721292 0.505119 0.00286788
1912 0.721292 0.508528 0.00301217
1913 0.721292 0.510427 0.00268428
1914 0.721292 0.512823 0.00243084
1915 0.721292 0.51133 0.00256979
1916 0.721292 0.507577 0.00288179
1917 0.721292 0.505749 0.00298987
1918 0.721292 0.507972 0.00267668
1919 0.721292 0.509997 0.00273722
1920 0.721292 0.508947 0.00292832
1921 0.721292 0.512747 0.00314333
1922 0.721292 0.509561 0.00260491
1923 0.721292 0.508944 0.00265392
1924 0.721292 0.51201 0.00267227
1925 0.721292 0.509997 0.00287723
1926 0.721292 0.508228 0.00340622
1927 0.721292 0.512503 0.00276641
1928 0.721292 0.516266 0.00264347
1929 0.721292 0.514383 0.00302026
1930 0.721292 0.509378 0.00287642
1931 0.721292 0.50797 0.00236169
1932 0.721292 0.512491 0.00241566
1933 0.721292 0.511474 0.00236589
1934 0.721292 0.513817 0.00276044
1935 0.721292 0.512101 0.00234149
1936 0.721292 0.512897 0.00262737
1937 0.721292 0.50991 0.00274826
1938 0.721292 0.505464 0.00335875
1939 0.721292 0.505264 0.00286221
1940 0.721292 0.508864 0.00264818
1941 0.721292 0.507964 0.00266223
1942 0.721292 0.50878 0.0026891
1943 0.721292 0.503558 0.00304821
1944 0.721292 0.514687 0.00312511
1945 0.721292 0.514481 0.00238819
1946 0.721292 0.501914 0.00310418
1947 0.721292 0.507549 0.00269809
1948 0.721292 0.512204 0.00291428
1949 0.721292 0.507962 0.00259262
1950 0.721292 0.511725 0.00294276
1951 0.721292 0.508531 0.00293829
1952 0.721292 0.509846 0.0027211
1953 0.721292 0.501864 0.00281342
1954 0.721292 0.504994 0.00299212
1955 0.721292 0.510739 0.00292017
1956 0.721292 0.508952 0.00245771
1957 0.721292 0.512069 0.00227239
1958 0.721292 0.510294 0.00291533
1959 0.721292 0.510319 0.00279195
1960 0.721292 0.516663 0.00292052
1961 0.721292 0.510983 0.0028986
1962 0.721292 0.507298 0.00280913
1963 0.721292 0.509972 0.00310197
1964 0.721292 0.50794 0.00284128
1965 0.721292 0.511318 0.00238449
1966 0.721292 0.504483 0.00304262
1967 0.721292 0.508248 0.00268351
1968 0.721292 0.507269 0.00283537
1969 0.721292 0.50671 0.00279641
1970 0.721292 0.515579 0.00263802
1971 0.721292 0.515497 0.00329031
1972 0.721292 0.509517 0.00287761
1973 0.721292 0.510036 0.00302633
1974 0.721292 0.505126 0.00255072
1975 0.721292 0.511123 0.00256135
1976 0.721292 0.503996 0.00268517
1977 0.721292 0.510604 0.00280944
1978 0.721292 0.503735 0.00276209
1979 0.721292 0.501637 0.00258397
1980 0.721292 0.510149 0.00252002
1981 0.721292 0.507308 0.00268346
1982 0.721292 0.50857 0.00265831
1983 0.721292 0.507631 0.00275792
1984 0.721292 0.512009 0.00322363
1985 0.721292 0.508488 0.00263115
1986 0.721292 0.513008 0.00265229
1987 0.721292 0.510511 0.00252391
1988 0.721292 0.507143 0.00289593
1989 0.721292 0.514744 0.00242496
1990 0.721292 0.510378 0.00253987
1991 0.721292 0.505189 0.00250481
1992 0.721292 0.50913 0.00268129
1993 0.721292 0.510946 0.00242157
1994 0.721292 0.511713 0.00276412
1995 0.721292 0.510299 0.00253554
1996 0.721292 0.504618 0.00271172
1997 0.721292 0.50571 0.00272174
1998 0.721292 0.515305 0.00257701
1999 0.721292 0.506084 0.00270917
2000 0.721292 0.510922 0.0027811
