5
0
-52.773
3.8409
0
-58.9024
2.36901
0
-63.958
4.41037
0
-64.4775
5.64892
0
-55.1006
5.81225
0
1.13253
1.05748
2
1.31581
0.73888
0.212739
0.919684
1.69461
1.69734
0.884917
1.99987
0.956446
0.280182
0.535978
1.07945
0.999932
1.82444
1.39771
1.0143
0.579243
1.35084
0.33758
0.110982
0.042984
1.14333
1.93163
0.231809
1.99868
0.381988
1.29084
0.897084
1.99258
0.0330944
1.51936
0.245894
0.304344
0.816253
1.46026
1.7581
1.26028
0.0910029
1.73508
1.10349
1.11745
0.713571
0.949979
1.62
0.486202
1.45246
0.248165
1.09264
1.94026
0.28936
1.70528
0.915782
0.15412
0.00362485
1.15326
0.491565
0.973028
0.248932
1.18899
0.994726
1.12345
0.544018
1.98981
0.944812
0.346208
0.00131536
0.484084
0.463306
0.200896
0.994155
0.182708
0.29967
0.30512
852.56
