3
2
0.166207
0.22504
1
-50.7414
2.4712
0
-64.0969
2.36749
0
0.0932382
0.234598
1
-61.4723
5.16498
0
1.29207
0.712968
1.45732
1.88543
0.807256
0.073724
1.91296
1.44614
1.99852
0.89578
1.51175
0.857567
1.49456
1.65005
1.67811
0.83913
0.409882
0.0432107
1.30537
0.117215
0.861155
0.665744
0.539891
0.430445
0.928487
0.911471
0.132802
0.207528
1.35335
1.72304
1.44518
1.55772
1.32814
1.70282
1.3132
1.99986
1.83494
0.546484
1.395
1.49703
0.700736
0.631405
0.746465
0.822672
0.713498
0.00902669
0.446836
1.89172
0.476421
0.963399
2
0.414104
1.98886
0.00698235
1.87518
0.699038
1.59082
1.24192
1.77615
0.733611
1.23567
1.26892
1.28182
1.35304
1.01148
0.423656
0.479993
1.75806
0.402349
0.805998
0.465912
1.84507
1.42053
1.92542
1.95552
0.5566
-0.921719
478.3
60
