5
0
-64.552
2.7508
0
-54.5827
3.1447
0
-61.0125
5.45961
0
-55.296
4.729
0
-50.0082
2.85063
0
1.36048
1.49282
0.635312
0.585149
0.882058
0.0148877
1.95932
0.788312
1.69752
1.32967
1.1822
1.96836
1.82353
1.36573
1.03787
1.43777
1.71952
1.99394
1.27469
1.60298
0.502427
0.142856
1.76287
1.18463
1.17812
0.671534
0.702082
0.485143
0.906482
0.745868
1.10938
1.32613
0.567647
1.9474
1.99876
0.979651
0.00869964
1.23844
0.739681
1.18108
1.14862
0.937998
1.69182
1.34933
0.452904
1.73243
1.3654
0.231084
1.66842
0.194699
0.589086
1.70037
1.7232
0.18805
0.960205
1.9322
1.0403
1.91231
1.73603
0.0925553
1.66571
1.4667
0.9293
0.82607
0.0177031
1.96292
0.00290229
1.2945
0.853553
1.98956
1.38624
1.19209
1.2262
0.614752
1.48956
1.43375
-0.194432
916.875
130
