3
2
-51.6229
4.05088
0
0.172718
0.20329
1
0.0842227
0.247686
1
-51.7305
3.11857
0
-51.3129
7.85007
0
0.12473
0.874994
1.68399
1.93987
1.04685
1.02416
1.44904
1.75805
1.38382
0.406727
1.01156
0.965355
0.189746
0.829384
0.366093
1.26538
0.820195
1.68954
0.538381
0.675105
0.742039
1.32632
0.562531
0.0609554
0.601464
0.0652926
0.0180446
0.0723066
0.909671
1.10618
1.01093
0.961116
0.592792
0.831839
0.600372
0.830348
1.74564
1.54745
0.712695
1.19882
1.39438
0.856891
1.86801
1.78016
0.567491
1.17212
1.0789
1.03986
0.287255
0.553435
1.47809
1.47353
1.82041
1.05977
0.66561
0.264702
0.139891
0.724061
0.101099
0.623324
1.3466
1.02644
1.58089
0.502962
0.385368
1.34574
1.75531
0.361422
0.639934
0.797329
0.830581
0.492001
0.946752
0.773383
0.0301241
1.13796
-0.387607
768.981
110
