5
0
-64.9797
3.93322
0
-51.6081
3.47931
0
-60.9486
7.28588
0
-64.7844
7.00226
0
-62.1993
3.55957
0
1.75964
1.00466
1.15201
0.0216665
1.73419
0.645719
0.699093
0.0975286
1.00231
1.82054
1.97823
1.8332
0.688919
1.45399
0.288711
1.18483
0.759887
1.36223
0.556847
0.431341
1.57959
0.53563
1.5242
1.3916
0.372961
0.543967
1.82166
0.536709
0.590814
0.702477
1.99777
0.241
1.92715
0.316608
0.701565
0.0749662
0.701784
1.35436
1.47878
1.26027
1.55257
1.03601
0.184476
1.57376
1.56292
0.403178
0.501155
0.146363
0.143803
1.23061
1.3489
0.10296
1.07447
1.42456
1.99345
0.981874
1.3084
0.372743
0.244317
0.00213291
1.65615
1.55382
1.90201
0.12219
0.79654
1.55357
1.31801
1.10505
1.2568
0.220472
0.00400962
0.331242
1.1361
1.29872
0.652509
1.47636
-0.226139
938.18
130
