0 0.557016 0.499711 0.000495052
1 0.557016 0.501723 0.000360489
2 0.564195 0.501505 0.000407495
3 0.594484 0.504409 0.000586376
4 0.594484 0.504049 0.000802525
5 0.630379 0.50684 0.00102209
6 0.630379 0.504508 0.000982374
7 0.630379 0.507234 0.000889533
8 0.630379 0.503083 0.00119222
9 0.630379 0.503541 0.00119133
10 0.630379 0.503682 0.00114063
11 0.630379 0.500506 0.00135643
12 0.630379 0.502943 0.00122288
13 0.630379 0.505351 0.00106068
14 0.630379 0.506487 0.00113093
15 0.630379 0.506862 0.0011606
16 0.631252 0.510378 0.00110629
17 0.631252 0.509415 0.00127908
18 0.631252 0.509317 0.00134273
19 0.631252 0.512213 0.00131733
20 0.631252 0.512855 0.00144891
21 0.640287 0.512778 0.00164911
22 0.640287 0.509123 0.00171777
23 0.640287 0.510403 0.00163355
24 0.640287 0.511815 0.00194078
25 0.640287 0.505939 0.0023522
26 0.640287 0.5066 0.0018449
27 0.640287 0.51031 0.00206374
28 0.640287 0.505239 0.00180522
29 0.640287 0.508839 0.00172241
30 0.640287 0.507275 0.00225869
31 0.646309 0.507011 0.00191189
32 0.646309 0.504431 0.00213777
33 0.646309 0.502817 0.00195463
34 0.646309 0.509313 0.00211209
35 0.646309 0.505288 0.00172471
36 0.646545 0.509766 0.00237332
37 0.646545 0.506052 0.00205263
38 0.646545 0.506256 0.00240889
39 0.646545 0.508153 0.00218082
40 0.648638 0.508389 0.00208935
41 0.648638 0.505597 0.00171142
42 0.648638 0.507159 0.00157058
43 0.648638 0.508325 0.00213134
44 0.648638 0.508424 0.00203582
45 0.648638 0.513469 0.00237548
46 0.661908 0.506749 0.00241442
47 0.661908 0.502506 0.00208174
48 0.661908 0.506766 0.00203188
49 0.661908 0.503902 0.00263166
50 0.661908 0.499838 0.00223416
51 0.661908 0.50903 0.00202824
52 0.661908 0.509613 0.00218205
53 0.661908 0.515407 0.00182612
54 0.661908 0.509417 0.00170879
55 0.661908 0.507795 0.00240498
56 0.661908 0.511323 0.00183108
57 0.661908 0.508145 0.00238829
58 0.661908 0.511791 0.00231609
59 0.661908 0.499669 0.0028716
60 0.661908 0.502287 0.00230817
61 0.661908 0.51021 0.00227774
62 0.661908 0.505532 0.00280975
63 0.661908 0.500253 0.00246746
64 0.661908 0.506946 0.00256287
65 0.661908 0.504152 0.00196982
66 0.661908 0.501137 0.002764
67 0.661908 0.500898 0.0028324
68 0.661908 0.511106 0.00250205
69 0.661908 0.503804 0.00240529
70 0.661908 0.500022 0.00200739
71 0.687528 0.504802 0.00254932
72 0.687528 0.509142 0.00231792
73 0.687528 0.510246 0.00301322
74 0.687528 0.509463 0.00251125
75 0.687528 0.513771 0.00207541
76 0.687528 0.515692 0.00215273
77 0.687528 0.509242 0.00228548
78 0.687528 0.508619 0.00286487
79 0.687528 0.50674 0.0028582
80 0.687528 0.505639 0.00251568
81 0.687528 0.507473 0.0026292
82 0.687528 0.510872 0.00270086
83 0.687528 0.513094 0.00283149
84 0.687528 0.5245 0.002568
85 0.687528 0.518769 0.00252497
86 0.687528 0.509165 0.00293576
87 0.687528 0.511293 0.0025284
88 0.687528 0.514715 0.00243664
89 0.687528 0.510926 0.00280528
90 0.687528 0.514926 0.00270221
91 0.687528 0.516687 0.00271917
92 0.687528 0.516082 0.00258891
93 0.687528 0.509718 0.00297433
94 0.687528 0.505084 0.00287628
95 0.687528 0.503999 0.00272168
96 0.687528 0.511105 0.00268597
97 0.687528 0.517927 0.00290431
98 0.687528 0.51094 0.00275768
99 0.687528 0.512901 0.00300271
100 0.687528 0.517018 0.00308896
101 0.687528 0.513629 0.00249804
102 0.687528 0.513226 0.00276057
103 0.687528 0.504599 0.00279665
104 0.687528 0.510943 0.002749
105 0.687528 0.516088 0.00297763
106 0.687528 0.518622 0.00299049
107 0.687528 0.516605 0.00257666
108 0.687528 0.51595 0.00300546
109 0.687528 0.518225 0.00251428
110 0.687528 0.51524 0.00287759
111 0.687528 0.513572 0.00256534
112 0.687528 0.515698 0.00295142
113 0.687528 0.518944 0.00280731
114 0.687528 0.517279 0.00346156
115 0.691832 0.515513 0.00347338
116 0.691832 0.514247 0.00291731
117 0.691832 0.510189 0.00283858
118 0.691832 0.515193 0.00268224
119 0.691832 0.522851 0.00306719
120 0.691832 0.52305 0.00231683
121 0.691832 0.521111 0.00254055
122 0.691832 0.515176 0.00259578
123 0.691832 0.518403 0.00275645
124 0.691832 0.516653 0.00277963
125 0.691832 0.516228 0.00229567
126 0.691832 0.514835 0.0026607
127 0.691832 0.518299 0.00254685
128 0.691832 0.510071 0.00243924
129 0.691832 0.512069 0.00291158
130 0.691832 0.521936 0.0024872
131 0.691832 0.517722 0.00257688
132 0.691832 0.514093 0.00272084
133 0.691832 0.517578 0.00262527
134 0.691832 0.523461 0.00298873
135 0.691832 0.518305 0.00290734
136 0.691832 0.518921 0.00226056
137 0.691832 0.521079 0.00239275
138 0.691832 0.526174 0.00237801
139 0.691832 0.517305 0.00241046
140 0.701309 0.518092 0.0029459
141 0.701309 0.517558 0.00337428
142 0.701309 0.522732 0.00276726
143 0.701309 0.528042 0.00286224
144 0.701309 0.522585 0.00262784
145 0.701309 0.522892 0.00277237
146 0.701309 0.520669 0.00258261
147 0.701309 0.51441 0.00275562
148 0.701309 0.514975 0.00324402
149 0.701309 0.517469 0.00301451
150 0.701309 0.517248 0.0035757
151 0.701309 0.52254 0.00304837
152 0.701309 0.519533 0.00275601
153 0.701309 0.519005 0.00245361
154 0.701309 0.519394 0.00269118
155 0.701309 0.52008 0.00307801
156 0.701309 0.518713 0.00263037
157 0.701309 0.518318 0.00265759
158 0.701309 0.516828 0.002919
159 0.701309 0.513589 0.00368354
160 0.701309 0.514596 0.00348843
161 0.701309 0.519452 0.00277441
162 0.701309 0.517721 0.00287683
163 0.701309 0.519168 0.00297193
164 0.701309 0.521757 0.00292342
165 0.701309 0.513902 0.00321857
166 0.701309 0.528293 0.00314758
167 0.701309 0.520122 0.00307822
168 0.701309 0.523097 0.00302992
169 0.701309 0.52018 0.00324493
170 0.701309 0.516078 0.0028434
171 0.701309 0.522973 0.00259178
172 0.701309 0.519219 0.00251449
173 0.701309 0.517637 0.00248101
174 0.701309 0.517625 0.00346457
175 0.701309 0.520307 0.00344213
176 0.701309 0.514732 0.0028671
177 0.701309 0.528525 0.00321873
178 0.701309 0.522405 0.00315743
179 0.701309 0.511192 0.00288496
180 0.701309 0.522188 0.00332471
181 0.701309 0.525648 0.00327783
182 0.701309 0.516748 0.00328416
183 0.701309 0.515249 0.0035947
184 0.701309 0.518881 0.00275215
185 0.701309 0.515997 0.002411
186 0.701309 0.515177 0.00296926
187 0.701309 0.514655 0.00300913
188 0.701309 0.517372 0.00273424
189 0.701309 0.523444 0.00268828
190 0.701309 0.524476 0.00334944
191 0.701309 0.519372 0.00339454
192 0.701309 0.521413 0.00301272
193 0.701309 0.524584 0.00286672
194 0.701309 0.52025 0.00290492
195 0.701309 0.518584 0.00301793
196 0.701309 0.522124 0.00319422
197 0.701309 0.520446 0.00334558
198 0.701309 0.514571 0.00380929
199 0.701309 0.518307 0.003515
200 0.701309 0.515722 0.00328977
201 0.701309 0.517024 0.00384145
202 0.701309 0.510944 0.00341601
203 0.701309 0.519289 0.00318543
204 0.701309 0.519423 0.00311788
205 0.701309 0.527768 0.00349603
206 0.701309 0.52599 0.00372808
207 0.701309 0.519556 0.00345836
208 0.701309 0.518271 0.00330112
209 0.701309 0.524185 0.00341334
210 0.701309 0.512692 0.00335975
211 0.701309 0.518721 0.00390276
212 0.701309 0.515878 0.00355072
213 0.701309 0.51682 0.00353419
214 0.701309 0.512722 0.00338717
215 0.701309 0.522025 0.00325039
216 0.701309 0.517598 0.00300787
217 0.701309 0.519187 0.00329958
218 0.701309 0.520973 0.00340512
219 0.701309 0.520092 0.00319789
220 0.701309 0.520073 0.00331889
221 0.701309 0.519751 0.00286137
222 0.701309 0.518141 0.00265302
223 0.701309 0.518874 0.00275075
224 0.701309 0.516785 0.00367899
225 0.701309 0.51733 0.0033208
226 0.701309 0.515924 0.0024335
227 0.701309 0.521419 0.00306166
228 0.701309 0.522191 0.00298691
229 0.701309 0.5277 0.00375953
230 0.701309 0.52664 0.00333147
231 0.701309 0.521666 0.00346083
232 0.701309 0.518074 0.00402798
233 0.701309 0.524305 0.00360593
234 0.701309 0.515449 0.00340608
235 0.701309 0.518285 0.00314208
236 0.701309 0.514749 0.00295351
237 0.701309 0.516544 0.00305202
238 0.701309 0.5208 0.00318209
239 0.701309 0.516259 0.0027741
240 0.701309 0.51847 0.00329316
241 0.701309 0.515036 0.00277187
242 0.701309 0.513776 0.00301415
243 0.701309 0.516451 0.00299922
244 0.701309 0.519679 0.00322022
245 0.701309 0.52373 0.00289451
246 0.701309 0.516514 0.00328366
247 0.701309 0.516715 0.00302826
248 0.701309 0.521391 0.00330258
249 0.701309 0.518654 0.00248969
250 0.701309 0.530323 0.00332255
251 0.701309 0.520531 0.002631
252 0.701309 0.522664 0.00329294
253 0.701309 0.519599 0.00317694
254 0.701309 0.524866 0.00318874
255 0.708205 0.516667 0.00333735
256 0.708205 0.518034 0.00310339
257 0.708205 0.522579 0.00313513
258 0.708205 0.515325 0.0027651
259 0.708205 0.516409 0.00251986
260 0.708205 0.516134 0.00355941
261 0.708205 0.518586 0.00296246
262 0.708205 0.519741 0.00392537
263 0.708205 0.52114 0.00319184
264 0.708205 0.51936 0.0031218
265 0.708205 0.523509 0.00278485
266 0.708205 0.525146 0.0026066
267 0.708205 0.522996 0.00305304
268 0.708205 0.522269 0.00326577
269 0.708205 0.522193 0.00263292
270 0.708205 0.516706 0.00301066
271 0.708205 0.523913 0.00269629
272 0.708205 0.521704 0.00338924
273 0.708205 0.524389 0.00317253
274 0.708205 0.520357 0.00300926
275 0.708205 0.521077 0.00327429
276 0.708205 0.510872 0.00300147
277 0.708205 0.512585 0.00315844
278 0.708205 0.522731 0.00285567
279 0.708205 0.518826 0.00277561
280 0.708205 0.518145 0.00290136
281 0.708205 0.517019 0.00307803
282 0.708205 0.520947 0.00309173
283 0.708205 0.523052 0.00248261
284 0.708205 0.525382 0.00286879
285 0.708205 0.516031 0.00247666
286 0.708205 0.51556 0.0027724
287 0.708205 0.514723 0.00299252
288 0.708205 0.524018 0.00245301
289 0.708205 0.523067 0.0029522
290 0.708205 0.519475 0.00264083
291 0.708205 0.520201 0.00236693
292 0.708205 0.519408 0.00316085
293 0.708205 0.524033 0.00293532
294 0.708205 0.521516 0.00340162
295 0.708205 0.524219 0.00348999
296 0.708205 0.515676 0.00304578
297 0.708205 0.517229 0.00268034
298 0.708205 0.520668 0.00258939
299 0.708205 0.515137 0.00287381
300 0.708205 0.520061 0.00267962
301 0.708205 0.519689 0.00289882
302 0.708205 0.523031 0.00282031
303 0.708205 0.521602 0.00266741
304 0.708205 0.517569 0.00260601
305 0.708205 0.522558 0.00282917
306 0.708205 0.521249 0.00280091
307 0.708205 0.524607 0.00313865
308 0.708205 0.518523 0.00329795
309 0.708205 0.524802 0.00303357
310 0.708205 0.527752 0.00291227
311 0.708205 0.523485 0.00380597
312 0.708205 0.534136 0.00339769
313 0.708205 0.528083 0.00282177
314 0.708205 0.519379 0.00311899
315 0.708205 0.528969 0.00337778
316 0.708205 0.527372 0.00353002
317 0.708205 0.52476 0.00286195
318 0.708205 0.525945 0.00347325
319 0.708205 0.520398 0.00306512
320 0.708205 0.521425 0.00298439
321 0.708205 0.5205 0.00291378
322 0.708205 0.518366 0.00324729
323 0.708205 0.52182 0.00290921
324 0.708205 0.523763 0.00304037
325 0.708205 0.518104 0.00335285
326 0.708205 0.523906 0.0031031
327 0.708205 0.519557 0.00337222
328 0.708205 0.517165 0.003269
329 0.708205 0.517703 0.0030792
330 0.708205 0.519541 0.00293561
331 0.708205 0.513688 0.00295616
332 0.708205 0.515761 0.00317481
333 0.708205 0.518029 0.00375613
334 0.708205 0.522198 0.00357865
335 0.708205 0.525811 0.0035035
336 0.708205 0.515474 0.00336764
337 0.708205 0.518799 0.00360719
338 0.708205 0.523913 0.00287507
339 0.708205 0.521525 0.00336905
340 0.708205 0.51782 0.00272006
341 0.708205 0.520403 0.00316374
342 0.708205 0.519126 0.00319539
343 0.708205 0.521141 0.00309641
344 0.708205 0.516829 0.00438558
345 0.708205 0.518427 0.00330607
346 0.708205 0.519311 0.00331888
347 0.708205 0.52181 0.00305005
348 0.708205 0.526695 0.0033369
349 0.708205 0.523986 0.00319733
350 0.708205 0.530191 0.00405685
351 0.708205 0.519294 0.00369273
352 0.708205 0.523182 0.00302542
353 0.708205 0.518943 0.00296679
354 0.708205 0.529548 0.00370759
355 0.708205 0.525117 0.00363941
356 0.708205 0.523549 0.00385071
357 0.708205 0.520771 0.00319493
358 0.708205 0.516511 0.00318188
359 0.708205 0.520242 0.00349685
360 0.708205 0.513889 0.00343382
361 0.708205 0.522682 0.00381845
362 0.708205 0.518137 0.00380525
363 0.708205 0.515988 0.00371577
364 0.708205 0.517762 0.00324404
365 0.708205 0.512533 0.00379071
366 0.708205 0.519317 0.00388817
367 0.708205 0.511664 0.00387756
368 0.708205 0.518007 0.00353448
369 0.708205 0.517113 0.00319188
370 0.708205 0.514241 0.00337802
371 0.708205 0.509486 0.00332761
372 0.708205 0.516607 0.00287863
373 0.708205 0.515737 0.00315677
374 0.708205 0.51859 0.0037086
375 0.708205 0.514858 0.00326938
376 0.708205 0.525909 0.00338063
377 0.708205 0.521144 0.00320418
378 0.708205 0.512104 0.00332553
379 0.708205 0.51272 0.00324245
380 0.708205 0.511546 0.0033833
381 0.708205 0.512917 0.00318238
382 0.708205 0.513635 0.00309489
383 0.708205 0.51533 0.00326116
384 0.708205 0.51835 0.00294463
385 0.708205 0.509491 0.00301583
386 0.708205 0.512744 0.00337057
387 0.708205 0.511819 0.00326619
388 0.708205 0.52212 0.00282943
389 0.708205 0.518483 0.00372595
390 0.708205 0.524908 0.0036862
391 0.708205 0.516134 0.00258449
392 0.708205 0.514475 0.00330174
393 0.708205 0.518923 0.0035922
394 0.708205 0.518827 0.00306626
395 0.708205 0.517833 0.00321985
396 0.708205 0.513333 0.0037351
397 0.708205 0.518644 0.00369666
398 0.708205 0.512938 0.0032159
399 0.708205 0.514466 0.00302739
400 0.708205 0.523284 0.0037672
401 0.708205 0.52033 0.00337149
402 0.708205 0.518604 0.00316723
403 0.708205 0.519406 0.00356741
404 0.708205 0.528425 0.00377864
405 0.708205 0.511878 0.00340926
406 0.708205 0.508679 0.0033472
407 0.708205 0.516317 0.00381161
408 0.708205 0.511984 0.00335801
409 0.708205 0.522907 0.00347378
410 0.708205 0.515663 0.00397203
411 0.708205 0.513076 0.00333886
412 0.708205 0.515177 0.00451924
413 0.708205 0.521426 0.00342147
414 0.708205 0.523363 0.00324362
415 0.708205 0.523323 0.00378445
416 0.708205 0.519419 0.00314584
417 0.708205 0.516033 0.00374456
418 0.708205 0.522381 0.00319339
419 0.708205 0.508532 0.003471
420 0.708205 0.516822 0.00307751
421 0.708205 0.523726 0.00282958
422 0.708205 0.518585 0.00300255
423 0.708205 0.520883 0.00372468
424 0.708205 0.516545 0.00345261
425 0.708205 0.515318 0.00298954
426 0.708205 0.519228 0.00372443
427 0.708205 0.524958 0.0030308
428 0.708205 0.512261 0.00285726
429 0.708205 0.512424 0.0033445
430 0.708205 0.512331 0.00379238
431 0.708205 0.512336 0.00359828
432 0.708205 0.521062 0.00326823
433 0.708205 0.522836 0.00342568
434 0.708205 0.522441 0.00408418
435 0.708205 0.513733 0.00330266
436 0.708205 0.512337 0.00350989
437 0.708205 0.517325 0.00368361
438 0.708205 0.509967 0.00345616
439 0.708205 0.513731 0.0028657
440 0.708205 0.519976 0.00370532
441 0.708205 0.524039 0.00330261
442 0.708205 0.519296 0.0029747
443 0.708205 0.514303 0.00323215
444 0.708205 0.521371 0.00339175
445 0.708205 0.514508 0.00375509
446 0.708205 0.512418 0.00274862
447 0.708205 0.521624 0.00313044
448 0.708205 0.508939 0.00398317
449 0.708205 0.524269 0.00315907
450 0.708205 0.517569 0.00352319
451 0.708205 0.520184 0.00315745
452 0.708205 0.515339 0.00306706
453 0.708205 0.515605 0.00315632
454 0.708205 0.519951 0.0032931
455 0.708205 0.523386 0.00380103
456 0.708205 0.5217 0.00320578
457 0.708205 0.524767 0.00317664
458 0.708205 0.52108 0.00336065
459 0.708205 0.525159 0.00345686
460 0.708205 0.52655 0.00350117
461 0.708205 0.519247 0.0042257
462 0.708205 0.520253 0.00368845
463 0.708205 0.522655 0.00367309
464 0.708205 0.524555 0.00325297
465 0.708205 0.518222 0.00345985
466 0.708205 0.522242 0.00405658
467 0.708205 0.519241 0.00386948
468 0.708205 0.517869 0.00324185
469 0.708205 0.520688 0.00321549
470 0.708205 0.5224 0.00290117
471 0.708205 0.521079 0.00298479
472 0.708205 0.520341 0.00267551
473 0.708205 0.520512 0.00332828
474 0.708205 0.530007 0.00268043
475 0.708205 0.527564 0.00341204
476 0.708205 0.529363 0.00344498
477 0.708205 0.523768 0.00355019
478 0.708205 0.51459 0.00351104
479 0.708205 0.518249 0.00393673
480 0.708205 0.519044 0.0031282
481 0.708205 0.518742 0.00320903
482 0.708205 0.522295 0.00347222
483 0.708205 0.517335 0.00378665
484 0.708205 0.521833 0.00286481
485 0.708205 0.520325 0.00296258
486 0.708205 0.518835 0.00374412
487 0.708205 0.520553 0.00338376
488 0.708205 0.51873 0.00299623
489 0.708205 0.525875 0.00329474
490 0.708205 0.524952 0.00294195
491 0.708205 0.521372 0.00334063
492 0.708205 0.517302 0.00314744
493 0.708205 0.52013 0.00335825
494 0.708205 0.519261 0.004104
495 0.708205 0.514441 0.00310274
496 0.708205 0.528919 0.0033136
497 0.708205 0.523459 0.00349222
498 0.708205 0.5183 0.0029144
499 0.708205 0.524208 0.00302347
500 0.708205 0.521956 0.00259941
501 0.708205 0.524144 0.00274755
502 0.708205 0.518726 0.00294233
503 0.708205 0.519823 0.00306799
504 0.708205 0.517313 0.00345616
505 0.708205 0.520932 0.00301949
506 0.708205 0.520301 0.00274311
507 0.708205 0.520618 0.00284618
508 0.708205 0.516831 0.0029902
509 0.708205 0.508234 0.00270446
510 0.708205 0.511697 0.00272631
511 0.708205 0.522396 0.00287793
512 0.708205 0.523686 0.00332248
513 0.708205 0.519109 0.00291599
514 0.708205 0.512833 0.0027889
515 0.708205 0.509001 0.00332403
516 0.708205 0.51429 0.00286376
517 0.708205 0.519362 0.00269961
518 0.708205 0.514661 0.00297932
519 0.708205 0.516815 0.00312156
520 0.708205 0.515559 0.00307484
521 0.708205 0.51302 0.00279492
522 0.708205 0.509337 0.00293404
523 0.708205 0.517518 0.00294105
524 0.708205 0.522501 0.00333925
525 0.708205 0.521833 0.00282627
526 0.708205 0.513744 0.00272045
527 0.708205 0.5108 0.00262842
528 0.708205 0.511588 0.00317598
529 0.708205 0.508964 0.0035812
530 0.708205 0.514843 0.00304398
531 0.708205 0.517171 0.00287947
532 0.708205 0.510607 0.00286671
533 0.708205 0.522455 0.00345593
534 0.708205 0.525005 0.00336179
535 0.708205 0.521891 0.00322078
536 0.708205 0.521172 0.00262628
537 0.708205 0.520617 0.00247429
538 0.708205 0.530382 0.00328514
539 0.708205 0.522364 0.00335789
540 0.708205 0.519743 0.00344601
541 0.708205 0.523174 0.00323527
542 0.708205 0.516988 0.0033017
543 0.708205 0.51101 0.00286799
544 0.708205 0.518114 0.00287161
545 0.708205 0.515771 0.00282265
546 0.708205 0.519185 0.0029273
547 0.708205 0.523607 0.00275585
548 0.708205 0.519118 0.00266698
549 0.708205 0.526083 0.00312672
550 0.708205 0.518832 0.0027196
551 0.708205 0.517028 0.00280895
552 0.708205 0.519549 0.00247248
553 0.708205 0.517341 0.0027185
554 0.708205 0.516158 0.00256704
555 0.708205 0.51103 0.00292451
556 0.708205 0.526814 0.00324349
557 0.708205 0.51848 0.00323714
558 0.708205 0.51538 0.00286809
559 0.708205 0.524422 0.00297046
560 0.708205 0.512473 0.00261571
561 0.708205 0.515204 0.00285868
562 0.708205 0.513214 0.00271495
563 0.708205 0.515519 0.00288777
564 0.708205 0.510049 0.00274413
565 0.708205 0.514479 0.00310937
566 0.708205 0.510604 0.00287964
567 0.708205 0.512973 0.00267952
568 0.708205 0.518722 0.00293752
569 0.708205 0.525797 0.00317169
570 0.708205 0.514576 0.00267039
571 0.708205 0.521205 0.00238795
572 0.708205 0.51736 0.0027048
573 0.708205 0.518458 0.00295953
574 0.708205 0.519293 0.00244853
575 0.708205 0.520246 0.00246236
576 0.708205 0.519537 0.00237598
577 0.708205 0.517532 0.00262802
578 0.708205 0.524339 0.00301272
579 0.708205 0.516967 0.0025137
580 0.708205 0.522549 0.00273322
581 0.708205 0.521647 0.0029297
582 0.708205 0.527267 0.00281841
583 0.708205 0.517414 0.00281947
584 0.708205 0.521218 0.00262963
585 0.708205 0.513605 0.00249738
586 0.708205 0.524279 0.00275093
587 0.708205 0.527392 0.00264093
588 0.708205 0.529072 0.00381832
589 0.708205 0.524637 0.00302248
590 0.708205 0.521662 0.00334343
591 0.708205 0.525545 0.00317338
592 0.708205 0.518697 0.0024235
593 0.708205 0.51852 0.00270522
594 0.708205 0.522693 0.00338159
595 0.708205 0.519816 0.00307443
596 0.708205 0.524516 0.00298916
597 0.708205 0.51943 0.00278565
598 0.708205 0.521596 0.00288226
599 0.708205 0.516894 0.00307609
600 0.708205 0.52218 0.00286594
601 0.708205 0.523883 0.00306299
602 0.708205 0.527646 0.00273365
603 0.708205 0.523041 0.00286477
604 0.708205 0.521375 0.00279959
605 0.708205 0.519821 0.00305193
606 0.708205 0.527107 0.00365841
607 0.708205 0.519458 0.00267629
608 0.708205 0.51756 0.00297325
609 0.708205 0.51899 0.00258682
610 0.708205 0.513906 0.00272398
611 0.708205 0.517502 0.00267128
612 0.708205 0.517818 0.00285187
613 0.708205 0.522921 0.00283068
614 0.708205 0.518843 0.00294427
615 0.708205 0.52463 0.00340689
616 0.708205 0.51919 0.00293549
617 0.708205 0.526415 0.00318358
618 0.708205 0.520705 0.00300278
619 0.708205 0.518352 0.00263623
620 0.708205 0.519854 0.00352315
621 0.708205 0.519354 0.00305645
622 0.708205 0.520633 0.00296089
623 0.708205 0.516073 0.00358839
624 0.708205 0.516702 0.00329149
625 0.708205 0.512355 0.00365332
626 0.708205 0.516075 0.00297141
627 0.708205 0.525197 0.00291756
628 0.708205 0.516696 0.00307488
629 0.708205 0.515581 0.00373593
630 0.708205 0.517689 0.00329794
631 0.708205 0.519789 0.00314864
632 0.708205 0.522332 0.00330503
633 0.708205 0.520401 0.00292822
634 0.708205 0.518865 0.00302567
635 0.708205 0.526008 0.00298354
636 0.708205 0.518137 0.00325028
637 0.708205 0.519897 0.00345435
638 0.708205 0.512494 0.00378723
639 0.708205 0.512353 0.00349875
640 0.708205 0.518719 0.00330447
641 0.708205 0.523801 0.0027706
642 0.708205 0.523708 0.0033311
643 0.708205 0.522741 0.00330317
644 0.708205 0.525854 0.00376945
645 0.708205 0.514732 0.00320346
646 0.708205 0.523621 0.00313606
647 0.708205 0.519921 0.00348171
648 0.708205 0.52038 0.00318199
649 0.708205 0.517601 0.00294175
650 0.708205 0.525929 0.00327781
651 0.708205 0.516245 0.00321634
652 0.708205 0.528684 0.00303105
653 0.708205 0.518034 0.00306463
654 0.708205 0.517206 0.00291786
655 0.708205 0.519696 0.00379958
656 0.708205 0.518598 0.00323353
657 0.708206 0.522642 0.00346559
658 0.708206 0.525355 0.00334894
659 0.708206 0.523693 0.00293835
660 0.708206 0.520844 0.00326786
661 0.708206 0.531039 0.00333631
662 0.708206 0.526649 0.00351785
663 0.708206 0.516069 0.00341771
664 0.708206 0.517778 0.00311882
665 0.708206 0.518063 0.00304879
666 0.708206 0.51543 0.00319081
667 0.708206 0.516922 0.00365592
668 0.708206 0.521605 0.00335966
669 0.708206 0.513096 0.00340506
670 0.708206 0.516009 0.00329217
671 0.708206 0.517724 0.0034325
672 0.708206 0.510823 0.00369839
673 0.708206 0.504089 0.00385169
674 0.708206 0.522489 0.00315124
675 0.708206 0.517026 0.00379394
676 0.708206 0.517344 0.0038187
677 0.708206 0.517816 0.00344953
678 0.708206 0.526243 0.00303192
679 0.708206 0.517778 0.00313449
680 0.708206 0.513488 0.00302908
681 0.708206 0.520206 0.00368318
682 0.708206 0.516807 0.00321328
683 0.708206 0.518548 0.00288548
684 0.708206 0.51895 0.00298543
685 0.708206 0.515415 0.00295649
686 0.708206 0.518421 0.0027361
687 0.708206 0.521109 0.00387625
688 0.708206 0.519093 0.00296781
689 0.708206 0.519226 0.00288202
690 0.708206 0.530393 0.00377121
691 0.708206 0.521681 0.00314258
692 0.708206 0.527883 0.00376163
693 0.708206 0.522714 0.00275949
694 0.708206 0.521347 0.00257975
695 0.708206 0.522509 0.00357198
696 0.708206 0.51769 0.00308647
697 0.708206 0.519189 0.00312365
698 0.708206 0.517794 0.00305139
699 0.708206 0.516112 0.00352317
700 0.708206 0.523184 0.00345204
701 0.708206 0.522531 0.0033841
702 0.708206 0.518367 0.00291012
703 0.708206 0.522531 0.00352698
704 0.708206 0.516126 0.00346095
705 0.708206 0.525817 0.0036245
706 0.708206 0.518099 0.00340382
707 0.708206 0.521379 0.00349247
708 0.708206 0.517906 0.00365568
709 0.708206 0.532341 0.00385729
710 0.708206 0.52042 0.00372491
711 0.708206 0.519163 0.003625
712 0.708206 0.522442 0.00336796
713 0.708206 0.521804 0.00340734
714 0.708206 0.515454 0.00289424
715 0.708206 0.51797 0.00368867
716 0.708206 0.512446 0.00289093
717 0.708206 0.513369 0.00317571
718 0.708206 0.517313 0.00387606
719 0.708206 0.529163 0.00334367
720 0.708206 0.519338 0.00399317
721 0.708206 0.514937 0.00302179
722 0.708206 0.512853 0.00361962
723 0.708206 0.517106 0.00355673
724 0.708206 0.517555 0.00377569
725 0.708206 0.526332 0.00296422
726 0.708206 0.520343 0.00312608
727 0.708206 0.517208 0.00306023
728 0.708206 0.521867 0.00320593
729 0.708206 0.522178 0.00312676
730 0.708206 0.524612 0.00334733
731 0.708206 0.523175 0.00350577
732 0.708206 0.522374 0.00327484
733 0.708206 0.530784 0.00316566
734 0.708206 0.523702 0.003233
735 0.708206 0.518033 0.00329322
736 0.708206 0.51803 0.0035979
737 0.708206 0.532948 0.0028384
738 0.711132 0.523966 0.00390838
739 0.711132 0.517894 0.00354874
740 0.711132 0.526827 0.00348901
741 0.711132 0.518292 0.00328874
742 0.711132 0.52371 0.00334605
743 0.711132 0.518092 0.00290209
744 0.711132 0.516498 0.00345658
745 0.711132 0.517033 0.00284681
746 0.711132 0.52123 0.0033557
747 0.711132 0.51973 0.00323222
748 0.711132 0.519368 0.00395186
749 0.711132 0.514631 0.00326738
750 0.711132 0.513877 0.00373182
751 0.711132 0.518804 0.00299074
752 0.711132 0.52433 0.00303254
753 0.711132 0.517672 0.00324812
754 0.711132 0.510979 0.00296235
755 0.711132 0.516276 0.00317465
756 0.711132 0.514754 0.00314856
757 0.711132 0.510646 0.00294557
758 0.711132 0.510423 0.00378652
759 0.711132 0.511579 0.0028116
760 0.711132 0.508385 0.00294714
761 0.711132 0.515707 0.00359395
762 0.711132 0.516711 0.00321817
763 0.711132 0.514277 0.00347835
764 0.711132 0.517098 0.00328629
765 0.711132 0.519948 0.0030685
766 0.711132 0.512703 0.00345893
767 0.711132 0.516881 0.00264205
768 0.711132 0.522922 0.00291627
769 0.711132 0.523629 0.00279099
770 0.711132 0.518977 0.00348382
771 0.711132 0.518549 0.00358418
772 0.711132 0.513814 0.00306608
773 0.711132 0.514624 0.00357169
774 0.711132 0.514204 0.00364895
775 0.711132 0.519855 0.00384516
776 0.711132 0.522399 0.00336709
777 0.711132 0.517081 0.00373566
778 0.711132 0.513908 0.00371635
779 0.711132 0.517934 0.00331426
780 0.711132 0.517502 0.00401395
781 0.711132 0.524943 0.00351347
782 0.711132 0.521263 0.00348577
783 0.711132 0.511107 0.00332648
784 0.711132 0.518881 0.00337362
785 0.711132 0.512949 0.00319526
786 0.711132 0.516967 0.00355746
787 0.711132 0.518326 0.00324997
788 0.711132 0.508308 0.00355456
789 0.711132 0.518652 0.00340176
790 0.711132 0.524814 0.00327509
791 0.711132 0.528548 0.00401279
792 0.711132 0.524237 0.00355841
793 0.711132 0.517153 0.00361582
794 0.711132 0.519969 0.00402974
795 0.711132 0.520291 0.00308364
796 0.711132 0.514683 0.00352593
797 0.711132 0.518449 0.00364723
798 0.711132 0.519662 0.00336218
799 0.711132 0.519939 0.00375485
800 0.711132 0.520549 0.00380117
801 0.711132 0.52263 0.00371198
802 0.711132 0.52378 0.00321778
803 0.711132 0.519647 0.00334186
804 0.711132 0.518392 0.00335912
805 0.711132 0.527386 0.00330978
806 0.711132 0.518797 0.00358661
807 0.711132 0.518141 0.0037255
808 0.711132 0.515963 0.00347742
809 0.711132 0.520443 0.00392714
810 0.711132 0.52716 0.00360011
811 0.711132 0.531799 0.00350759
812 0.711132 0.523273 0.00392951
813 0.711132 0.523696 0.00320056
814 0.711132 0.522408 0.00326718
815 0.711132 0.520612 0.00354095
816 0.711132 0.512267 0.00378689
817 0.711132 0.522361 0.00366892
818 0.711132 0.522884 0.00331508
819 0.711132 0.520204 0.00303072
820 0.711132 0.525619 0.00319344
821 0.711132 0.517083 0.00333209
822 0.711132 0.512771 0.0031867
823 0.711132 0.523213 0.00323353
824 0.711132 0.518532 0.00293527
825 0.711132 0.519792 0.00336557
826 0.711132 0.523626 0.00344826
827 0.711132 0.516641 0.00308022
828 0.711132 0.518626 0.00349685
829 0.711132 0.520296 0.00347689
830 0.711132 0.523191 0.00374524
831 0.711132 0.522005 0.00365389
832 0.711132 0.526759 0.00373078
833 0.711132 0.52017 0.00396561
834 0.711132 0.519511 0.00327139
835 0.711132 0.519558 0.00344821
836 0.711132 0.512951 0.0036316
837 0.711132 0.516573 0.00310529
838 0.711132 0.525982 0.00332792
839 0.711132 0.52074 0.00342517
840 0.711132 0.519727 0.0034952
841 0.711132 0.516619 0.00285887
842 0.711132 0.518368 0.00307786
843 0.711132 0.51601 0.00304261
844 0.711132 0.517408 0.00348164
845 0.711132 0.518429 0.00281441
846 0.711132 0.520806 0.00350487
847 0.711132 0.524745 0.00298366
848 0.711132 0.526972 0.00304896
849 0.711132 0.520959 0.00348252
850 0.711132 0.521865 0.00314826
851 0.711132 0.517291 0.00303862
852 0.711132 0.514605 0.00301484
853 0.711132 0.518441 0.00318226
854 0.711132 0.511909 0.00330048
855 0.711132 0.517505 0.00378551
856 0.711132 0.523235 0.00369756
857 0.711132 0.517277 0.00341806
858 0.711132 0.515902 0.00279303
859 0.711132 0.51262 0.00345225
860 0.711132 0.512886 0.00317418
861 0.711132 0.527369 0.00309487
862 0.711132 0.521538 0.00309237
863 0.711132 0.520062 0.00347932
864 0.711132 0.52001 0.00341788
865 0.711132 0.519332 0.00395385
866 0.711132 0.515433 0.00387507
867 0.711132 0.513515 0.00369451
868 0.711132 0.51489 0.00301137
869 0.711132 0.52003 0.00360126
870 0.711132 0.518443 0.00348197
871 0.711132 0.51927 0.00306092
872 0.711132 0.523495 0.00323221
873 0.711132 0.515469 0.00317362
874 0.711132 0.515381 0.00297201
875 0.711132 0.518305 0.00336335
876 0.711132 0.511412 0.00321366
877 0.711132 0.516311 0.00363852
878 0.711132 0.511505 0.00344818
879 0.711132 0.515487 0.00354617
880 0.711132 0.518624 0.00258838
881 0.711132 0.515642 0.00337
882 0.711132 0.517258 0.00367872
883 0.711132 0.518738 0.00414668
884 0.711132 0.520512 0.00309907
885 0.711132 0.522518 0.00356264
886 0.711132 0.515611 0.00315748
887 0.711132 0.519392 0.00307667
888 0.711132 0.521123 0.00349127
889 0.711132 0.513407 0.00398147
890 0.711132 0.5172 0.00319071
891 0.711132 0.519014 0.00386419
892 0.711132 0.520774 0.0035654
893 0.711132 0.511721 0.00346747
894 0.711132 0.514215 0.00334086
895 0.711132 0.514569 0.00381657
896 0.711132 0.513049 0.00367001
897 0.711132 0.511589 0.00345678
898 0.711132 0.520254 0.00363221
899 0.711132 0.515117 0.00313313
900 0.711132 0.522767 0.00409957
901 0.711132 0.524621 0.00382308
902 0.711132 0.516316 0.00342528
903 0.711132 0.513358 0.0035272
904 0.711132 0.512884 0.00329171
905 0.711132 0.521508 0.00319788
906 0.711132 0.530458 0.0035778
907 0.711132 0.518555 0.00364336
908 0.711132 0.522807 0.00401563
909 0.711132 0.524454 0.0030121
910 0.711132 0.532971 0.0032226
911 0.711132 0.520835 0.00335663
912 0.711132 0.52432 0.00299191
913 0.711132 0.519986 0.0036098
914 0.711132 0.516188 0.00354459
915 0.711132 0.519285 0.0034488
916 0.711132 0.517448 0.00290212
917 0.711132 0.522022 0.00330223
918 0.711132 0.516919 0.00318812
919 0.711132 0.529117 0.00340567
920 0.711132 0.51735 0.00330316
921 0.711132 0.513902 0.0031281
922 0.711132 0.523026 0.00341829
923 0.711132 0.516006 0.00320769
924 0.711132 0.519 0.00332062
925 0.711132 0.526179 0.0027534
926 0.711132 0.520283 0.00276185
927 0.711132 0.523501 0.00283804
928 0.711132 0.519066 0.00324503
929 0.711132 0.516961 0.00325065
930 0.711132 0.522698 0.00323161
931 0.711132 0.528409 0.00384051
932 0.711132 0.513472 0.00377652
933 0.711132 0.52151 0.0032044
934 0.711132 0.516038 0.00293565
935 0.711132 0.514231 0.00330198
936 0.711132 0.517968 0.00309555
937 0.711132 0.510135 0.00327848
938 0.711132 0.516635 0.00335083
939 0.711132 0.522489 0.00336855
940 0.711132 0.519432 0.00287861
941 0.711132 0.522733 0.00302535
942 0.711132 0.521369 0.0033594
943 0.711132 0.521089 0.00296887
944 0.711132 0.518828 0.00308546
945 0.711132 0.523911 0.00306471
946 0.711132 0.518943 0.00325861
947 0.711132 0.519267 0.00260254
948 0.711132 0.521861 0.00260502
949 0.711132 0.52011 0.00347681
950 0.711132 0.520578 0.00297723
951 0.711132 0.519475 0.00307582
952 0.711132 0.515745 0.00276103
953 0.711132 0.513112 0.00317528
954 0.711132 0.523399 0.00286617
955 0.711132 0.517226 0.00292719
956 0.711132 0.51972 0.00318031
957 0.711132 0.519254 0.00284393
958 0.711132 0.517516 0.00281265
959 0.711132 0.519493 0.0028558
960 0.711132 0.518628 0.00311379
961 0.711132 0.517922 0.00284812
962 0.711132 0.518986 0.00326333
963 0.711132 0.520162 0.00328473
964 0.711132 0.518475 0.00313485
965 0.711132 0.515763 0.00328052
966 0.711132 0.515609 0.0031143
967 0.711132 0.510798 0.00330274
968 0.711132 0.516052 0.00369907
969 0.711132 0.516914 0.00355927
970 0.711132 0.520223 0.00280025
971 0.711132 0.521241 0.00283961
972 0.711132 0.523479 0.00311568
973 0.711132 0.525575 0.0037845
974 0.711132 0.517135 0.00353384
975 0.711132 0.520438 0.00311457
976 0.711132 0.507808 0.00304634
977 0.711132 0.519582 0.00299652
978 0.711132 0.51957 0.00294489
979 0.711132 0.52049 0.00318663
980 0.711132 0.519382 0.00286011
981 0.711132 0.523651 0.00318225
982 0.711132 0.5169 0.00307214
983 0.711132 0.51575 0.00345128
984 0.711132 0.51398 0.00320628
985 0.711132 0.518035 0.00325736
986 0.711132 0.517593 0.00357987
987 0.711132 0.520246 0.00344084
988 0.711132 0.517893 0.00298859
989 0.711132 0.52259 0.00373038
990 0.711132 0.518095 0.00307778
991 0.711132 0.517649 0.00339913
992 0.711132 0.525646 0.00296337
993 0.711132 0.51608 0.00320257
994 0.711132 0.522719 0.00321224
995 0.711132 0.523707 0.00327407
996 0.711132 0.517882 0.00267166
997 0.711132 0.52061 0.00256374
998 0.711132 0.521486 0.00331389
999 0.711132 0.519555 0.00318289
1000 0.711132 0.513153 0.00272592
1001 0.711132 0.518345 0.00274335
1002 0.711132 0.513855 0.00381806
1003 0.711132 0.519296 0.00349045
1004 0.711132 0.513516 0.00308149
1005 0.711132 0.517553 0.00272974
1006 0.711132 0.519915 0.00340931
1007 0.711132 0.519988 0.00288139
1008 0.711132 0.520523 0.00308026
1009 0.711132 0.528725 0.00324879
1010 0.711132 0.521791 0.00324519
1011 0.711132 0.521311 0.00349007
1012 0.711132 0.519168 0.00313407
1013 0.711132 0.515309 0.0031249
1014 0.711132 0.524339 0.00394486
1015 0.711132 0.522221 0.00305312
1016 0.711132 0.524232 0.00264242
1017 0.711132 0.512205 0.00332902
1018 0.711132 0.523576 0.00297202
1019 0.711132 0.527377 0.00302715
1020 0.711132 0.519537 0.0028642
1021 0.711132 0.523082 0.00316726
1022 0.711132 0.520817 0.00328068
1023 0.711132 0.518962 0.00310996
1024 0.711132 0.518971 0.0032394
1025 0.711132 0.513263 0.00285766
1026 0.711132 0.521894 0.00321547
1027 0.711132 0.526639 0.00365686
1028 0.711132 0.517142 0.0028171
1029 0.711132 0.517038 0.0032955
1030 0.711132 0.519133 0.00305241
1031 0.711132 0.512345 0.00292792
1032 0.711132 0.509803 0.00316832
1033 0.711132 0.517815 0.00311045
1034 0.711132 0.520008 0.00314707
1035 0.711132 0.518204 0.00301867
1036 0.711132 0.51836 0.00353784
1037 0.711132 0.521701 0.00326768
1038 0.711132 0.5164 0.00335309
1039 0.711132 0.51372 0.00338269
1040 0.711132 0.510096 0.00366054
1041 0.711132 0.51551 0.00319143
1042 0.711132 0.517496 0.00331032
1043 0.711132 0.513095 0.00362269
1044 0.711132 0.52138 0.00334202
1045 0.711132 0.519266 0.00378556
1046 0.711132 0.519285 0.00363424
1047 0.711132 0.520209 0.00353901
1048 0.711132 0.524002 0.00386718
1049 0.711132 0.517152 0.00311291
1050 0.711132 0.506438 0.0035518
1051 0.711132 0.5104 0.00347666
1052 0.711132 0.512023 0.00345537
1053 0.711132 0.518233 0.0031733
1054 0.711132 0.509991 0.00308607
1055 0.711132 0.511683 0.00349345
1056 0.711132 0.517673 0.00369198
1057 0.711132 0.517438 0.00370202
1058 0.711132 0.515856 0.00299652
1059 0.711132 0.518337 0.00310602
1060 0.711132 0.51304 0.00334883
1061 0.711132 0.520552 0.00271305
1062 0.711132 0.526295 0.00322934
1063 0.711132 0.52197 0.00360985
1064 0.711132 0.516858 0.00318656
1065 0.711132 0.519362 0.00321051
1066 0.711132 0.516885 0.00342616
1067 0.711132 0.513173 0.00330071
1068 0.711132 0.515485 0.00307193
1069 0.711132 0.520157 0.00318317
1070 0.711132 0.518079 0.0034408
1071 0.711132 0.523491 0.00351274
1072 0.711132 0.528051 0.00342734
1073 0.711132 0.524794 0.00296631
1074 0.711132 0.519041 0.00286286
1075 0.711132 0.529992 0.00350198
1076 0.711132 0.531148 0.00311375
1077 0.711132 0.522927 0.00285399
1078 0.711132 0.526842 0.00321145
1079 0.711132 0.521462 0.00329398
1080 0.711132 0.524584 0.00335794
1081 0.711132 0.523406 0.00318088
1082 0.711132 0.527099 0.00272478
1083 0.711132 0.520817 0.00327532
1084 0.711132 0.520819 0.00313457
1085 0.711132 0.522645 0.0034692
1086 0.711132 0.520276 0.00334098
1087 0.711132 0.514516 0.00335236
1088 0.711132 0.521766 0.00335199
1089 0.711132 0.525607 0.00389868
1090 0.711188 0.520746 0.0039097
1091 0.711188 0.51955 0.00300848
1092 0.711188 0.519869 0.00339811
1093 0.711188 0.527818 0.0031741
1094 0.711188 0.525864 0.00337105
1095 0.711188 0.523173 0.00356255
1096 0.711188 0.520256 0.00329037
1097 0.711188 0.524038 0.00361021
1098 0.711188 0.520752 0.00385156
1099 0.711188 0.519652 0.00338214
1100 0.711188 0.52066 0.00339262
1101 0.711188 0.5215 0.00308292
1102 0.711188 0.522356 0.00336978
1103 0.711188 0.524948 0.00267649
1104 0.711188 0.52163 0.00325352
1105 0.711188 0.525658 0.00295807
1106 0.711188 0.521544 0.00304879
1107 0.711188 0.523328 0.00301762
1108 0.711188 0.516669 0.00322904
1109 0.711188 0.518745 0.00300847
1110 0.711188 0.521428 0.00370593
1111 0.711188 0.522419 0.00349464
1112 0.711188 0.522405 0.00325124
1113 0.711188 0.522494 0.00355094
1114 0.711188 0.515168 0.00301456
1115 0.711188 0.521443 0.0024391
1116 0.711188 0.518097 0.00280909
1117 0.711188 0.509947 0.00317489
1118 0.711188 0.515875 0.00323352
1119 0.711188 0.516364 0.00316034
1120 0.711188 0.522364 0.00288944
1121 0.711188 0.523711 0.00308357
1122 0.711188 0.522683 0.00316186
1123 0.711188 0.517262 0.00307785
1124 0.711188 0.520643 0.00306483
1125 0.711188 0.518649 0.00258419
1126 0.711188 0.520731 0.00309071
1127 0.711188 0.524491 0.00283835
1128 0.711188 0.527318 0.00336593
1129 0.711188 0.528611 0.00348438
1130 0.711188 0.52125 0.0034673
1131 0.711188 0.519154 0.00363106
1132 0.711188 0.524716 0.00345844
1133 0.711188 0.534455 0.00259402
1134 0.711188 0.527696 0.0032092
1135 0.711188 0.523667 0.00284114
1136 0.711188 0.517448 0.00292725
1137 0.711188 0.52043 0.00323494
1138 0.711188 0.518515 0.00275698
1139 0.711188 0.5165 0.00301946
1140 0.711188 0.525435 0.00337368
1141 0.711188 0.526553 0.00339607
1142 0.711188 0.515391 0.0034585
1143 0.711188 0.513251 0.00316212
1144 0.711188 0.516612 0.00299173
1145 0.711188 0.513525 0.00315379
1146 0.711188 0.52069 0.00316508
1147 0.711188 0.508541 0.00342008
1148 0.711188 0.513687 0.00346314
1149 0.711188 0.516933 0.00298445
1150 0.711188 0.510552 0.00318954
1151 0.711188 0.518367 0.00320328
1152 0.711188 0.513767 0.00310962
1153 0.711188 0.510877 0.00360685
1154 0.711188 0.517745 0.00312348
1155 0.711188 0.515881 0.0027
1156 0.711188 0.511376 0.0025565
1157 0.711188 0.51884 0.00315956
1158 0.711188 0.51274 0.00354451
1159 0.711188 0.514801 0.00302491
1160 0.711188 0.519958 0.00323959
1161 0.711188 0.524232 0.00347421
1162 0.711188 0.5155 0.00336404
1163 0.711188 0.519892 0.00307392
1164 0.711188 0.521174 0.00320207
1165 0.711188 0.515237 0.00314421
1166 0.711188 0.515275 0.00334655
1167 0.711188 0.521681 0.0035179
1168 0.711188 0.518206 0.00349402
1169 0.711188 0.517582 0.00339298
1170 0.711188 0.512996 0.00273716
1171 0.711188 0.512454 0.00324357
1172 0.711188 0.516081 0.00350625
1173 0.711188 0.517148 0.00363365
1174 0.711188 0.518414 0.00359566
1175 0.711188 0.519084 0.0034882
1176 0.711188 0.519644 0.00372105
1177 0.711188 0.52433 0.00335271
1178 0.711188 0.519426 0.00332729
1179 0.711188 0.516847 0.00319905
1180 0.711188 0.517695 0.00348681
1181 0.711188 0.52369 0.00324122
1182 0.711188 0.523277 0.00300332
1183 0.711188 0.519064 0.00348802
1184 0.711188 0.523014 0.0036256
1185 0.711188 0.519457 0.00294749
1186 0.711188 0.52202 0.00299006
1187 0.711188 0.520887 0.00312615
1188 0.711188 0.515973 0.00290804
1189 0.711188 0.517372 0.00239148
1190 0.711188 0.521562 0.00264207
1191 0.711188 0.522394 0.00323805
1192 0.711188 0.516748 0.00282853
1193 0.711188 0.5222 0.00310353
1194 0.711188 0.522436 0.00320628
1195 0.711188 0.521837 0.00296763
1196 0.711188 0.515834 0.00355424
1197 0.711188 0.5197 0.00313062
1198 0.711188 0.521914 0.00319604
1199 0.711188 0.515653 0.00353627
1200 0.711188 0.523877 0.00338398
1201 0.711188 0.514937 0.00270949
1202 0.711188 0.514508 0.00270257
1203 0.711188 0.511675 0.00282721
1204 0.711188 0.520373 0.00287368
1205 0.711188 0.517859 0.00289938
1206 0.711188 0.522362 0.00318371
1207 0.711188 0.522332 0.00377329
1208 0.711188 0.518503 0.00360783
1209 0.711188 0.521826 0.00322179
1210 0.711188 0.523654 0.00382304
1211 0.711188 0.527363 0.0034804
1212 0.711188 0.52255 0.00311473
1213 0.711188 0.52456 0.00309631
1214 0.711188 0.520452 0.00319621
1215 0.711188 0.514557 0.00330677
1216 0.711188 0.515216 0.00315134
1217 0.711188 0.521461 0.00322813
1218 0.711188 0.517957 0.00375628
1219 0.711188 0.511463 0.0039371
1220 0.711188 0.517709 0.00359213
1221 0.711188 0.511488 0.00321403
1222 0.711188 0.517076 0.00323984
1223 0.711188 0.517364 0.00307664
1224 0.711188 0.508139 0.00312747
1225 0.711188 0.51232 0.00347627
1226 0.711188 0.51501 0.00319129
1227 0.711188 0.514448 0.00287195
1228 0.711188 0.51811 0.00315641
1229 0.711188 0.51604 0.00389443
1230 0.711188 0.525728 0.00321878
1231 0.711188 0.526109 0.00319667
1232 0.711188 0.526627 0.00349156
1233 0.711188 0.521626 0.00329625
1234 0.711188 0.527692 0.00319383
1235 0.711188 0.520619 0.00326238
1236 0.711188 0.520804 0.00331137
1237 0.711188 0.520163 0.00339346
1238 0.711188 0.519583 0.00349198
1239 0.711188 0.51467 0.00335358
1240 0.711188 0.517202 0.00311743
1241 0.711188 0.526548 0.00320559
1242 0.711188 0.527443 0.00313595
1243 0.711188 0.522009 0.00264954
1244 0.711188 0.521408 0.00247301
1245 0.711188 0.522023 0.00278416
1246 0.711188 0.518019 0.00282795
1247 0.711188 0.512355 0.00315914
1248 0.711188 0.519229 0.00282342
1249 0.711188 0.518544 0.00265168
1250 0.711188 0.525962 0.00290361
1251 0.711188 0.516743 0.00336496
1252 0.711188 0.519294 0.00318105
1253 0.711188 0.514826 0.00306327
1254 0.711188 0.518267 0.00271745
1255 0.711188 0.520414 0.00289821
1256 0.711188 0.519228 0.00296012
1257 0.711188 0.520305 0.00315148
1258 0.711188 0.515646 0.0032301
1259 0.711188 0.522694 0.00405163
1260 0.711188 0.523737 0.00293162
1261 0.711188 0.517567 0.00298254
1262 0.711188 0.519703 0.00315573
1263 0.711188 0.520905 0.00302421
1264 0.711188 0.517231 0.00319813
1265 0.711188 0.519664 0.00281387
1266 0.711188 0.525128 0.00342305
1267 0.711188 0.512815 0.00342276
1268 0.711188 0.518021 0.0032179
1269 0.711188 0.511356 0.0030537
1270 0.711188 0.514952 0.0029011
1271 0.711188 0.517953 0.00297194
1272 0.711188 0.516848 0.00270127
1273 0.711188 0.520314 0.00328517
1274 0.711188 0.524889 0.00293271
1275 0.711188 0.518215 0.00295951
1276 0.711188 0.509663 0.00312899
1277 0.711188 0.517993 0.00305886
1278 0.711188 0.514464 0.00256074
1279 0.711188 0.519094 0.00348376
1280 0.711188 0.517677 0.00338808
1281 0.711188 0.522097 0.0030636
1282 0.711188 0.517209 0.00330868
1283 0.711188 0.517836 0.00277323
1284 0.711188 0.521856 0.00256321
1285 0.711188 0.519601 0.00280015
1286 0.711188 0.518063 0.00283018
1287 0.711188 0.515117 0.00291629
1288 0.711188 0.521803 0.00299009
1289 0.711188 0.516491 0.00308362
1290 0.711188 0.519203 0.00278713
1291 0.711188 0.524308 0.00320616
1292 0.711188 0.516463 0.00272377
1293 0.711188 0.52097 0.00278016
1294 0.711188 0.522994 0.00288543
1295 0.711188 0.515808 0.00288559
1296 0.711188 0.521788 0.00309215
1297 0.711188 0.51724 0.00271123
1298 0.711188 0.524159 0.00281403
1299 0.711188 0.513845 0.00308159
1300 0.711188 0.51657 0.00266486
1301 0.711188 0.515724 0.00335978
1302 0.711188 0.52148 0.00305781
1303 0.711188 0.523153 0.00317105
1304 0.711188 0.519789 0.00242149
1305 0.711188 0.518944 0.00259882
1306 0.711188 0.518375 0.00305074
1307 0.711188 0.524291 0.00301608
1308 0.711188 0.519644 0.0029553
1309 0.711188 0.5222 0.00262874
1310 0.711188 0.52073 0.00293428
1311 0.711188 0.519778 0.00335809
1312 0.711188 0.510005 0.00338276
1313 0.711188 0.51381 0.0030516
1314 0.711188 0.517959 0.00295079
1315 0.711188 0.522594 0.00277637
1316 0.711188 0.515645 0.00316802
1317 0.711188 0.51259 0.00316481
1318 0.711188 0.517036 0.00303064
1319 0.711188 0.517981 0.00295178
1320 0.711188 0.519792 0.00389196
1321 0.711188 0.518724 0.00324912
1322 0.711188 0.522833 0.00330583
1323 0.711188 0.517929 0.0034912
1324 0.711188 0.516504 0.00305843
1325 0.711188 0.508211 0.00343987
1326 0.711188 0.513253 0.00380116
1327 0.711188 0.506827 0.0029764
1328 0.711188 0.516953 0.00321332
1329 0.711188 0.514692 0.00323167
1330 0.711188 0.512083 0.00328077
1331 0.711188 0.516198 0.00351367
1332 0.711188 0.515766 0.00306752
1333 0.711188 0.518007 0.0034365
1334 0.711188 0.521663 0.00294107
1335 0.711188 0.515903 0.00296255
1336 0.711188 0.519593 0.00318067
1337 0.711188 0.52219 0.00333864
1338 0.711188 0.521543 0.00275423
1339 0.711188 0.522657 0.00308016
1340 0.711188 0.520815 0.00343833
1341 0.711188 0.527362 0.00342869
1342 0.711188 0.527432 0.00322623
1343 0.711188 0.522574 0.00321053
1344 0.711188 0.52784 0.00332668
1345 0.711188 0.519505 0.00398712
1346 0.711188 0.519383 0.00387432
1347 0.711188 0.52247 0.00313731
1348 0.711188 0.523808 0.00310505
1349 0.711188 0.526961 0.00407497
1350 0.711188 0.521425 0.00394666
1351 0.711188 0.517518 0.00354994
1352 0.711188 0.522579 0.00330335
1353 0.711188 0.529235 0.00330742
1354 0.711188 0.528133 0.00321393
1355 0.711188 0.521828 0.00341115
1356 0.711188 0.522392 0.00324489
1357 0.711188 0.532826 0.00356894
1358 0.711188 0.521288 0.00371227
1359 0.711188 0.52511 0.00296156
1360 0.711188 0.528145 0.00283257
1361 0.711188 0.52487 0.00312541
1362 0.711188 0.522892 0.00345109
1363 0.711188 0.517873 0.00359293
1364 0.711188 0.525474 0.00357352
1365 0.711188 0.517856 0.00393013
1366 0.711188 0.524926 0.00293016
1367 0.711188 0.518133 0.00322741
1368 0.711188 0.526037 0.00334822
1369 0.711188 0.522747 0.00306779
1370 0.711188 0.522651 0.00299704
1371 0.711188 0.527815 0.00338536
1372 0.711188 0.526889 0.00364479
1373 0.711188 0.527512 0.00376299
1374 0.711188 0.525342 0.00348749
1375 0.711188 0.521865 0.00279198
1376 0.711188 0.525189 0.00346356
1377 0.711188 0.528505 0.00355968
1378 0.711188 0.525784 0.00274504
1379 0.711188 0.528166 0.00318317
1380 0.711188 0.519523 0.00325403
1381 0.711188 0.518498 0.00285089
1382 0.711188 0.521205 0.00272175
1383 0.711188 0.518817 0.00310855
1384 0.711188 0.51268 0.00306119
1385 0.711188 0.519194 0.00322402
1386 0.711188 0.513219 0.00262516
1387 0.711188 0.51255 0.00333287
1388 0.711188 0.514744 0.00252527
1389 0.711188 0.515445 0.00299027
1390 0.711188 0.510125 0.00350014
1391 0.711188 0.519294 0.00354963
1392 0.711188 0.516164 0.00334377
1393 0.711188 0.514577 0.00373654
1394 0.711188 0.515943 0.00312257
1395 0.711188 0.51417 0.0025405
1396 0.711188 0.513413 0.0028746
1397 0.711188 0.523424 0.0030853
1398 0.711188 0.518776 0.00397918
1399 0.711188 0.522698 0.00309121
1400 0.711188 0.518175 0.00311765
1401 0.711188 0.516352 0.00286543
1402 0.711188 0.515301 0.00285141
1403 0.711188 0.524827 0.00275152
1404 0.716402 0.520036 0.00363353
1405 0.716402 0.520503 0.00388791
1406 0.716402 0.516157 0.00326827
1407 0.716402 0.515845 0.00332827
1408 0.716402 0.520345 0.00380405
1409 0.716402 0.520685 0.00333836
1410 0.716402 0.519723 0.00294133
1411 0.716402 0.519239 0.00336226
1412 0.716402 0.515582 0.00281104
1413 0.716402 0.520315 0.00278914
1414 0.716402 0.522369 0.00325869
1415 0.716402 0.518792 0.0031219
1416 0.716402 0.509618 0.00334994
1417 0.716402 0.518875 0.00317021
1418 0.716402 0.514998 0.00291629
1419 0.716402 0.511045 0.00310705
1420 0.716402 0.515208 0.0029423
1421 0.716402 0.510519 0.00271043
1422 0.716402 0.517122 0.00401901
1423 0.716402 0.521325 0.00335068
1424 0.716402 0.512967 0.00370442
1425 0.716402 0.520586 0.0031723
1426 0.716402 0.519539 0.00346427
1427 0.716402 0.525479 0.00374128
1428 0.716402 0.517345 0.00329873
1429 0.716402 0.522332 0.00315168
1430 0.716402 0.51995 0.00321354
1431 0.716402 0.5278 0.00332366
1432 0.716402 0.520476 0.00289233
1433 0.716402 0.515015 0.00341186
1434 0.716402 0.513453 0.00314921
1435 0.716402 0.52201 0.00315695
1436 0.716402 0.51559 0.00300764
1437 0.716402 0.527726 0.00329277
1438 0.716402 0.523813 0.00340855
1439 0.716402 0.522021 0.00336886
1440 0.716402 0.51703 0.00283818
1441 0.716402 0.516779 0.00333086
1442 0.716402 0.526359 0.00374089
1443 0.716402 0.523503 0.00383584
1444 0.716402 0.522539 0.00308931
1445 0.716402 0.518418 0.00364319
1446 0.716402 0.517619 0.0033817
1447 0.716402 0.509152 0.00325941
1448 0.716402 0.512039 0.00297047
1449 0.716402 0.516328 0.00357218
1450 0.716402 0.513248 0.0033024
1451 0.716402 0.518314 0.00346238
1452 0.716402 0.519 0.00367733
1453 0.716402 0.523369 0.00341819
1454 0.716402 0.517289 0.0037773
1455 0.716402 0.512918 0.00405625
1456 0.716402 0.514262 0.00378034
1457 0.716402 0.51171 0.00328484
1458 0.716402 0.51193 0.00329681
1459 0.716402 0.510443 0.00315727
1460 0.716402 0.521491 0.00318748
1461 0.716402 0.52082 0.00354026
1462 0.716402 0.509451 0.00362638
1463 0.716402 0.508022 0.00362492
1464 0.716402 0.512471 0.00326106
1465 0.716402 0.515577 0.00336071
1466 0.716402 0.517081 0.00389984
1467 0.716402 0.525848 0.00387973
1468 0.716402 0.518564 0.00278306
1469 0.716402 0.51091 0.00359329
1470 0.716402 0.5208 0.00302357
1471 0.716402 0.522165 0.00362029
1472 0.716402 0.51583 0.0035457
1473 0.716402 0.520521 0.00330761
1474 0.716402 0.523987 0.00336713
1475 0.716402 0.511025 0.00384802
1476 0.716402 0.517551 0.00319404
1477 0.716402 0.516859 0.00292164
1478 0.716402 0.512516 0.00290566
1479 0.716402 0.517284 0.00345043
1480 0.716402 0.515771 0.00347318
1481 0.716402 0.509576 0.00345948
1482 0.716402 0.517435 0.0034965
1483 0.716402 0.516764 0.00302832
1484 0.716402 0.517455 0.00339642
1485 0.716402 0.520291 0.00349227
1486 0.716402 0.522009 0.00380095
1487 0.716402 0.51855 0.00373275
1488 0.716402 0.516182 0.00310969
1489 0.716402 0.520756 0.00305049
1490 0.716402 0.520137 0.00320398
1491 0.716402 0.518702 0.00310089
1492 0.716402 0.51973 0.00317073
1493 0.716402 0.515077 0.00312198
1494 0.716402 0.517976 0.00316482
1495 0.716402 0.520256 0.0028477
1496 0.716402 0.516772 0.00300007
1497 0.716402 0.512547 0.00270594
1498 0.716402 0.517427 0.00302814
1499 0.716402 0.512808 0.0032576
1500 0.716402 0.521711 0.00357892
1501 0.716402 0.519919 0.00332291
1502 0.716402 0.515159 0.00369523
1503 0.716402 0.527784 0.00341422
1504 0.716402 0.525783 0.00342004
1505 0.716402 0.516587 0.00312028
1506 0.716402 0.520721 0.003226
1507 0.716402 0.51263 0.00299589
1508 0.716402 0.522637 0.00358246
1509 0.716402 0.522124 0.0028309
1510 0.716402 0.516225 0.00370312
1511 0.716402 0.515213 0.00316147
1512 0.716402 0.519722 0.00315259
1513 0.716402 0.518275 0.00347003
1514 0.716402 0.519015 0.00349167
1515 0.716402 0.521492 0.00343107
1516 0.716402 0.522125 0.00307033
1517 0.716402 0.523096 0.00289639
1518 0.716402 0.522945 0.00298607
1519 0.716402 0.517228 0.00330306
1520 0.716402 0.518037 0.00328966
1521 0.716402 0.511465 0.00330628
1522 0.716402 0.51187 0.00300499
1523 0.716402 0.518283 0.00339041
1524 0.716402 0.519664 0.00308718
1525 0.716402 0.522475 0.00318009
1526 0.716402 0.513414 0.00331657
1527 0.716402 0.521316 0.00340351
1528 0.716402 0.521999 0.00355992
1529 0.716402 0.513283 0.00331883
1530 0.716402 0.517004 0.00327602
1531 0.716402 0.51844 0.00333731
1532 0.716402 0.516074 0.00313789
1533 0.716402 0.511174 0.00323871
1534 0.716402 0.513299 0.00340277
1535 0.716402 0.515168 0.00273777
1536 0.716402 0.514719 0.0027982
1537 0.716402 0.523016 0.00272354
1538 0.716402 0.516087 0.00340448
1539 0.716402 0.523299 0.00328319
1540 0.716402 0.521324 0.00318931
1541 0.716402 0.514735 0.0035375
1542 0.716402 0.524098 0.00405347
1543 0.716402 0.52103 0.00346157
1544 0.716402 0.513077 0.00342663
1545 0.716402 0.519291 0.00385625
1546 0.716402 0.524103 0.00305176
1547 0.716402 0.518893 0.00341658
1548 0.716402 0.511405 0.00354164
1549 0.716402 0.520315 0.00358886
1550 0.716402 0.518216 0.00346982
1551 0.716402 0.517238 0.00306909
1552 0.716402 0.513326 0.00312044
1553 0.716402 0.510279 0.00348908
1554 0.716402 0.513527 0.00381966
1555 0.716402 0.517594 0.0035158
1556 0.716402 0.513533 0.00401952
1557 0.716402 0.511643 0.00299846
1558 0.716402 0.514978 0.00309078
1559 0.716402 0.512083 0.00337855
1560 0.716402 0.51563 0.00366546
1561 0.716402 0.511769 0.00364552
1562 0.716402 0.510868 0.00333437
1563 0.716402 0.514139 0.00316563
1564 0.716402 0.519071 0.00315011
1565 0.716402 0.515192 0.00309309
1566 0.716402 0.51604 0.00309894
1567 0.716402 0.511282 0.00340573
1568 0.716402 0.513595 0.00340013
1569 0.716402 0.510951 0.00340684
1570 0.716402 0.516031 0.00394933
1571 0.716402 0.51555 0.00345249
1572 0.716402 0.515918 0.00347667
1573 0.716402 0.513929 0.00309985
1574 0.716402 0.522279 0.00327867
1575 0.716402 0.515963 0.00314971
1576 0.716402 0.510402 0.00330247
1577 0.716402 0.515038 0.00314914
1578 0.716402 0.512103 0.00383333
1579 0.716402 0.51745 0.00396018
1580 0.716402 0.52163 0.00341676
1581 0.716402 0.514753 0.00311855
1582 0.716402 0.520841 0.00342381
1583 0.716402 0.519571 0.0033045
1584 0.716402 0.521019 0.00335014
1585 0.716402 0.518048 0.0034472
1586 0.716402 0.518714 0.00282293
1587 0.716402 0.518967 0.00327824
1588 0.716402 0.51957 0.00375248
1589 0.716402 0.518389 0.00358862
1590 0.716402 0.517322 0.00285287
1591 0.716402 0.519771 0.00294558
1592 0.716402 0.51887 0.00292906
1593 0.716402 0.519113 0.00302582
1594 0.716402 0.517062 0.00318638
1595 0.716402 0.518681 0.00313087
1596 0.716402 0.525224 0.00334848
1597 0.716402 0.515864 0.00368552
1598 0.716402 0.517203 0.00383561
1599 0.716402 0.516027 0.00399052
1600 0.716402 0.522912 0.00410833
1601 0.716402 0.515876 0.00320641
1602 0.716402 0.524695 0.00317494
1603 0.716402 0.518961 0.00348844
1604 0.716402 0.523282 0.00341669
1605 0.716402 0.522961 0.00353957
1606 0.716402 0.521618 0.00437393
1607 0.716402 0.520073 0.00344128
1608 0.716402 0.524148 0.00323907
1609 0.716402 0.522872 0.00405611
1610 0.716402 0.521055 0.00336773
1611 0.716402 0.52394 0.00330696
1612 0.716402 0.521836 0.00328932
1613 0.716402 0.526373 0.00320432
1614 0.716402 0.523998 0.00309782
1615 0.716402 0.5246 0.0032351
1616 0.716402 0.521999 0.00312283
1617 0.716402 0.518572 0.00326934
1618 0.716402 0.515633 0.00287274
1619 0.716402 0.520776 0.00300031
1620 0.716402 0.519864 0.00311297
1621 0.716402 0.519883 0.00370372
1622 0.716402 0.524464 0.0031616
1623 0.716402 0.524707 0.00309073
1624 0.716402 0.519315 0.00320765
1625 0.716402 0.520058 0.00307131
1626 0.716402 0.517988 0.00322071
1627 0.716402 0.520718 0.00322322
1628 0.716402 0.523874 0.00328363
1629 0.716402 0.515327 0.00383614
1630 0.716402 0.525265 0.00402197
1631 0.716402 0.531148 0.0029509
1632 0.716402 0.520978 0.00304825
1633 0.716402 0.52704 0.00335404
1634 0.716402 0.526825 0.00335103
1635 0.716402 0.518202 0.00335157
1636 0.716402 0.524836 0.00332956
1637 0.716402 0.528947 0.00329323
1638 0.723299 0.521693 0.00407718
1639 0.723299 0.524111 0.00418574
1640 0.723299 0.521789 0.00302278
1641 0.723299 0.520518 0.00339316
1642 0.723299 0.520794 0.00356661
1643 0.723299 0.517022 0.00365513
1644 0.723299 0.513506 0.00344839
1645 0.723299 0.51004 0.00368261
1646 0.723299 0.513505 0.00374992
1647 0.723299 0.5155 0.00316145
1648 0.723299 0.514746 0.00322378
1649 0.723299 0.519602 0.0032735
1650 0.723299 0.521757 0.00380863
1651 0.723299 0.527335 0.00357669
1652 0.723299 0.521058 0.00355348
1653 0.723299 0.517711 0.00377931
1654 0.723299 0.524058 0.00357481
1655 0.723299 0.520415 0.00345896
1656 0.723299 0.519034 0.00366245
1657 0.723299 0.516814 0.00334484
1658 0.723299 0.51875 0.00317544
1659 0.723299 0.52215 0.00352118
1660 0.723299 0.51738 0.00379861
1661 0.723299 0.512506 0.00325868
1662 0.723299 0.517192 0.00389099
1663 0.723299 0.523027 0.00339347
1664 0.723299 0.515542 0.00340679
1665 0.723299 0.524138 0.00343871
1666 0.723299 0.512601 0.00378268
1667 0.723299 0.511891 0.00375918
1668 0.723299 0.51828 0.0032255
1669 0.723299 0.518152 0.00359031
1670 0.723299 0.521286 0.00396773
1671 0.723299 0.519472 0.00343876
1672 0.723299 0.518109 0.00334845
1673 0.723299 0.518407 0.00373318
1674 0.723299 0.513718 0.003689
1675 0.723299 0.523774 0.00346998
1676 0.723299 0.524913 0.00362028
1677 0.723299 0.519095 0.00309213
1678 0.723299 0.520967 0.00353022
1679 0.723299 0.518624 0.003929
1680 0.723299 0.523088 0.00318075
1681 0.723299 0.521922 0.00295134
1682 0.723299 0.518069 0.00360109
1683 0.723299 0.523177 0.00365377
1684 0.723299 0.522164 0.00324294
1685 0.723299 0.528297 0.00320224
1686 0.723299 0.525455 0.00348232
1687 0.723299 0.528022 0.00307744
1688 0.723299 0.523324 0.00291173
1689 0.723299 0.526063 0.00319281
1690 0.723299 0.524066 0.00422295
1691 0.723299 0.522678 0.00298542
1692 0.723299 0.519801 0.00331016
1693 0.723299 0.522536 0.00337858
1694 0.723299 0.516548 0.00380173
1695 0.723299 0.521767 0.00370905
1696 0.723299 0.520051 0.00308317
1697 0.723299 0.519063 0.00359587
1698 0.723299 0.521268 0.0033627
1699 0.723299 0.520586 0.00388524
1700 0.723299 0.524252 0.00327344
1701 0.723299 0.528209 0.00365338
1702 0.723299 0.52179 0.0031374
1703 0.723299 0.517915 0.0040061
1704 0.723299 0.520672 0.00375049
1705 0.723299 0.520246 0.00290292
1706 0.723299 0.518311 0.00336545
1707 0.723299 0.514782 0.00333779
1708 0.723299 0.523355 0.00312867
1709 0.723299 0.51695 0.00315995
1710 0.723299 0.525622 0.00323823
1711 0.723299 0.516769 0.00316383
1712 0.723299 0.521158 0.00315551
1713 0.723299 0.519514 0.00357017
1714 0.723299 0.522755 0.00316486
1715 0.723299 0.522496 0.00354494
1716 0.723299 0.520431 0.0035114
1717 0.723299 0.519522 0.00339431
1718 0.723299 0.518744 0.00316158
1719 0.723299 0.526571 0.00356845
1720 0.723299 0.525156 0.00343442
1721 0.723299 0.51244 0.00340426
1722 0.723299 0.520338 0.00289563
1723 0.723299 0.519634 0.00328893
1724 0.723299 0.525208 0.00341098
1725 0.723299 0.519207 0.00400383
1726 0.723299 0.521658 0.00338248
1727 0.723299 0.523578 0.00337356
1728 0.723299 0.521075 0.00381157
1729 0.723299 0.517032 0.00356188
1730 0.723299 0.515113 0.00381206
1731 0.723299 0.514027 0.00336988
1732 0.723299 0.521511 0.00310697
1733 0.723299 0.519555 0.00315536
1734 0.723299 0.518216 0.00318208
1735 0.723299 0.515403 0.00309795
1736 0.723299 0.518126 0.00329836
1737 0.723299 0.518518 0.00293977
1738 0.723299 0.518721 0.00336148
1739 0.723299 0.523086 0.00308567
1740 0.723299 0.522034 0.00295338
1741 0.723299 0.519511 0.00430251
1742 0.723299 0.522166 0.00414854
1743 0.723299 0.515715 0.00380898
1744 0.723299 0.519155 0.00324739
1745 0.723299 0.517463 0.0033206
1746 0.723299 0.51814 0.00390808
1747 0.723299 0.529176 0.00303708
1748 0.723299 0.522053 0.0034938
1749 0.723299 0.515787 0.00369972
1750 0.723299 0.512478 0.00335584
1751 0.723299 0.51711 0.00367578
1752 0.723299 0.51132 0.00359979
1753 0.723299 0.515917 0.00362641
1754 0.723299 0.51914 0.00383828
1755 0.723299 0.524453 0.00416165
1756 0.723299 0.53099 0.00382492
1757 0.723299 0.524201 0.00350947
1758 0.723299 0.523661 0.00357682
1759 0.723299 0.514811 0.00355852
1760 0.723299 0.511412 0.00375178
1761 0.723299 0.509255 0.00347125
1762 0.723299 0.51564 0.00368307
1763 0.723299 0.517964 0.00316524
1764 0.723299 0.510732 0.00331766
1765 0.723299 0.513709 0.0033713
1766 0.723299 0.519859 0.00317542
1767 0.723299 0.524498 0.00340018
1768 0.723299 0.526914 0.0033801
1769 0.723299 0.518436 0.00318312
1770 0.723299 0.51789 0.0034746
1771 0.723299 0.514837 0.0036265
1772 0.723299 0.51457 0.00356136
1773 0.723299 0.51741 0.00351787
1774 0.723299 0.520622 0.00372315
1775 0.723299 0.520516 0.00351926
1776 0.723299 0.520145 0.00343645
1777 0.723299 0.519856 0.00367516
1778 0.723299 0.522576 0.00352124
1779 0.723299 0.522746 0.00335667
1780 0.723299 0.514073 0.00331398
1781 0.723299 0.516372 0.00352479
1782 0.723299 0.514306 0.00330859
1783 0.723299 0.520089 0.00378303
1784 0.723299 0.51727 0.00335746
1785 0.723299 0.51372 0.00370016
1786 0.723299 0.518763 0.00395122
1787 0.723299 0.513701 0.00402101
1788 0.723299 0.512107 0.00389416
1789 0.723299 0.517138 0.00316449
1790 0.723299 0.523794 0.00379061
1791 0.723299 0.520024 0.0035496
1792 0.723299 0.51578 0.00377709
1793 0.723299 0.518442 0.00402972
1794 0.723299 0.521166 0.00355136
1795 0.723299 0.518091 0.00385397
1796 0.723299 0.512891 0.00386912
1797 0.723299 0.510982 0.00356273
1798 0.723299 0.522738 0.00314334
1799 0.723299 0.521664 0.0030171
1800 0.723299 0.520375 0.00323346
1801 0.723299 0.517702 0.003466
1802 0.723299 0.522938 0.00317743
1803 0.723299 0.519684 0.0032916
1804 0.723299 0.517052 0.00342364
1805 0.723299 0.515779 0.00338254
1806 0.723299 0.525703 0.00343313
1807 0.723299 0.518757 0.00342935
1808 0.723299 0.522936 0.00318838
1809 0.723299 0.528542 0.00344146
1810 0.723299 0.526582 0.00364513
1811 0.723299 0.523346 0.00330796
1812 0.723299 0.526262 0.00314143
1813 0.723299 0.520253 0.00365736
1814 0.723299 0.522842 0.0033806
1815 0.723299 0.520987 0.00339213
1816 0.723299 0.526517 0.0039485
1817 0.723299 0.523125 0.00303028
1818 0.723299 0.521084 0.00359962
1819 0.723299 0.516504 0.00366231
1820 0.723299 0.519202 0.00340619
1821 0.723299 0.515974 0.00379022
1822 0.723299 0.5211 0.00411684
1823 0.723299 0.512688 0.00364305
1824 0.723299 0.518235 0.00406835
1825 0.723299 0.517218 0.00339234
1826 0.723299 0.51502 0.00343997
1827 0.723299 0.524957 0.00414182
1828 0.723299 0.520229 0.00320539
1829 0.723299 0.521975 0.00360821
1830 0.723299 0.5196 0.00345035
1831 0.723299 0.522066 0.00333209
1832 0.723299 0.520394 0.00300467
1833 0.723299 0.512039 0.00318889
1834 0.723299 0.51793 0.00360931
1835 0.723299 0.519611 0.00336413
1836 0.723299 0.522287 0.00315278
1837 0.723299 0.519613 0.00324983
1838 0.723299 0.523725 0.00346557
1839 0.723299 0.524154 0.0029369
1840 0.723299 0.52202 0.00280228
1841 0.723299 0.521138 0.00336237
1842 0.723299 0.524764 0.00315037
1843 0.723299 0.521885 0.00322303
1844 0.723299 0.521479 0.00336837
1845 0.723299 0.531166 0.00305438
1846 0.723299 0.536788 0.00304849
1847 0.723299 0.522747 0.00334718
1848 0.723299 0.519707 0.00344656
1849 0.723299 0.522239 0.0043345
1850 0.723299 0.523475 0.00328572
1851 0.723299 0.527071 0.00338831
1852 0.723299 0.515025 0.00403784
1853 0.723299 0.52121 0.00352923
1854 0.723299 0.515596 0.00386045
1855 0.723299 0.521041 0.00359759
1856 0.723299 0.518873 0.00328855
1857 0.723299 0.518067 0.00334895
1858 0.723299 0.528394 0.00318052
1859 0.723299 0.53196 0.00331744
1860 0.723299 0.516948 0.00398367
1861 0.723299 0.520835 0.0032995
1862 0.723299 0.523328 0.00294772
1863 0.723299 0.519574 0.00295345
1864 0.723299 0.526606 0.00403045
1865 0.723299 0.520547 0.00360397
1866 0.723299 0.519516 0.00334553
1867 0.723299 0.51456 0.00319758
1868 0.723299 0.514724 0.00322983
1869 0.723299 0.523079 0.00297886
1870 0.723299 0.515006 0.00328026
1871 0.723299 0.51655 0.00331854
1872 0.723299 0.516673 0.00306259
1873 0.723299 0.518194 0.00328265
1874 0.723299 0.51482 0.0028112
1875 0.723299 0.518693 0.00375759
1876 0.723299 0.518556 0.00338591
1877 0.723299 0.521552 0.00315025
1878 0.723299 0.525303 0.00360854
1879 0.723299 0.524857 0.00377846
1880 0.723299 0.524306 0.00297205
1881 0.723299 0.516923 0.00294571
1882 0.723299 0.522656 0.00342501
1883 0.723299 0.514483 0.00319558
1884 0.723299 0.518092 0.00323898
1885 0.723299 0.522107 0.00349235
1886 0.723299 0.521652 0.00342755
1887 0.723299 0.513663 0.00295631
1888 0.723299 0.51788 0.00334326
1889 0.723299 0.511136 0.0034281
1890 0.723299 0.514933 0.00354549
1891 0.723299 0.523197 0.00283372
1892 0.723299 0.523408 0.0034736
1893 0.723299 0.523131 0.00326345
1894 0.723299 0.519539 0.00330988
1895 0.723299 0.517966 0.00349006
1896 0.723299 0.518099 0.00299005
1897 0.723299 0.513701 0.00320224
1898 0.723299 0.518006 0.00300053
1899 0.723299 0.527343 0.00298958
1900 0.723299 0.51813 0.00288595
1901 0.723299 0.523554 0.00300837
1902 0.723299 0.517282 0.00318378
1903 0.723299 0.516679 0.00279947
1904 0.723299 0.518692 0.00323143
1905 0.723299 0.524871 0.00323434
1906 0.723299 0.521175 0.00319658
1907 0.723299 0.516047 0.00319807
1908 0.723299 0.522343 0.00294624
1909 0.723299 0.516281 0.00311698
1910 0.723299 0.513914 0.00316318
1911 0.723299 0.518052 0.00308676
1912 0.723299 0.517078 0.00343443
1913 0.723299 0.516426 0.00332048
1914 0.723299 0.514017 0.00386102
1915 0.723299 0.515767 0.00330039
1916 0.723299 0.517845 0.00344297
1917 0.723299 0.522421 0.00296713
1918 0.723299 0.52313 0.0028906
1919 0.723299 0.521161 0.00311444
1920 0.723299 0.522539 0.0037726
1921 0.723299 0.525538 0.00338507
1922 0.723299 0.513991 0.00338828
1923 0.723299 0.520328 0.00316448
1924 0.723299 0.52798 0.00350258
1925 0.723299 0.519692 0.00357067
1926 0.723299 0.525384 0.00338018
1927 0.723299 0.523877 0.00357591
1928 0.723299 0.520629 0.00303552
1929 0.723299 0.521301 0.00335641
1930 0.723299 0.524728 0.00370769
1931 0.723299 0.519833 0.00338489
1932 0.723299 0.51612 0.00359305
1933 0.723299 0.52203 0.00351192
1934 0.723299 0.52783 0.00363309
1935 0.723299 0.529937 0.00331971
1936 0.723299 0.523787 0.00346239
1937 0.723299 0.522391 0.00415443
1938 0.723299 0.522804 0.00379063
1939 0.723299 0.523172 0.00323161
1940 0.723299 0.521342 0.00374805
1941 0.723299 0.523459 0.00319719
1942 0.723299 0.51276 0.00333803
1943 0.723299 0.520215 0.00331706
1944 0.723299 0.524248 0.00328396
1945 0.723299 0.526588 0.0035112
1946 0.723299 0.530196 0.00375292
1947 0.723299 0.522808 0.00376938
1948 0.723299 0.519145 0.00367117
1949 0.723299 0.523974 0.00342693
1950 0.723299 0.518707 0.00403791
1951 0.723299 0.519531 0.00347672
1952 0.723299 0.520392 0.00342429
1953 0.723299 0.526278 0.00332748
1954 0.723299 0.528693 0.00465359
1955 0.723299 0.513964 0.00366421
1956 0.723299 0.517875 0.00347732
1957 0.723299 0.521773 0.00366485
1958 0.723299 0.518273 0.00364353
1959 0.723299 0.524914 0.00424621
1960 0.723299 0.523742 0.00362584
1961 0.723299 0.520136 0.00310789
1962 0.723299 0.521568 0.00368066
1963 0.723299 0.527136 0.00349909
1964 0.723299 0.521586 0.00352313
1965 0.723299 0.521307 0.00311974
1966 0.723299 0.516575 0.00350864
1967 0.723299 0.51876 0.00375538
1968 0.723299 0.527685 0.00347877
1969 0.723299 0.518417 0.00358182
1970 0.723299 0.513098 0.00362125
1971 0.723299 0.512614 0.00308578
1972 0.723299 0.517701 0.00344622
1973 0.723299 0.517002 0.00306812
1974 0.723299 0.521846 0.00323376
1975 0.723299 0.518595 0.00354943
1976 0.723299 0.513827 0.00320217
1977 0.723299 0.520795 0.00289046
1978 0.723299 0.513062 0.00341
1979 0.723299 0.516973 0.00345556
1980 0.723299 0.514651 0.00320247
1981 0.723299 0.509826 0.0036787
1982 0.723299 0.519079 0.00370733
1983 0.723299 0.516863 0.00369756
1984 0.723299 0.517887 0.00329659
1985 0.723299 0.520627 0.00346483
1986 0.723299 0.51802 0.0031725
1987 0.723299 0.515668 0.0034665
1988 0.723299 0.51866 0.00355132
1989 0.723299 0.523209 0.00292773
1990 0.723299 0.52198 0.00379907
1991 0.723299 0.515284 0.00298546
1992 0.723299 0.520468 0.00384757
1993 0.723299 0.522996 0.0037722
1994 0.723299 0.517577 0.00398381
1995 0.723299 0.516433 0.00395717
1996 0.723299 0.519276 0.00359056
1997 0.723299 0.520966 0.0035281
1998 0.723299 0.517982 0.00393886
1999 0.723299 0.514362 0.00289719
2000 0.723299 0.523832 0.00391284
