4
1
-50.7034
6.77677
0
-55.7483
3.16517
0
-58.3624
5.83475
0
-58.4753
2.06962
0
0.118131
0.242985
1
0.969216
0.865476
0.265517
0.789576
0.583966
0.910355
1.32149
0.310067
0.233651
1.63789
1.68002
0.385751
0.393304
0.481256
1.77003
1.61703
0.646301
0.843798
0.0726199
0.731594
1.45721
1.79788
0.762157
1.279
0.45551
1.86658
0.655759
0.3716
1.51332
1.25646
1.13235
0.362197
0.564796
0.561697
0.583873
0.416049
0.497504
0.634769
1.37593
0.781031
0.806674
1.9887
1.59162
0.769179
1.88124
1.33463
0.111086
1.09333
0.44541
1.92942
0.223464
1.51625
1.09528
1.3338
1.34443
1.67739
0.646767
0.30735
0.210487
1.9325
1.70856
1.69786
1.34737
1.8679
0.304763
0.110412
1.78268
1.31622
0.259212
0.343485
0.992115
