0 0.556524 0.498593 0.000590693
1 0.556524 0.499798 0.00056702
2 0.556524 0.501824 0.000341795
3 0.556524 0.503366 0.000292706
4 0.595079 0.499746 0.000480644
5 0.595079 0.506861 0.000548393
6 0.619449 0.505316 0.000733783
7 0.619449 0.508522 0.000983609
8 0.619449 0.502011 0.000980767
9 0.619449 0.507517 0.00108512
10 0.619449 0.504874 0.000938806
11 0.619449 0.506489 0.000930997
12 0.619449 0.506582 0.00106989
13 0.619449 0.50246 0.00122474
14 0.63158 0.501692 0.00116817
15 0.63158 0.505274 0.00115791
16 0.63158 0.505483 0.00112289
17 0.63158 0.503082 0.00129113
18 0.63158 0.506647 0.000943819
19 0.63158 0.504376 0.00115431
20 0.63158 0.501267 0.00110622
21 0.63158 0.505516 0.00111625
22 0.63158 0.506235 0.00118644
23 0.63158 0.510174 0.000854141
24 0.63158 0.507556 0.000889631
25 0.63158 0.504728 0.00108818
26 0.63158 0.505604 0.00115836
27 0.63158 0.508767 0.00108695
28 0.63158 0.507001 0.00132967
29 0.63158 0.501518 0.00143617
30 0.63158 0.506926 0.000948513
31 0.63158 0.505774 0.000929
32 0.63194 0.503127 0.00117085
33 0.63194 0.501962 0.0011715
34 0.63194 0.505249 0.00152621
35 0.63194 0.499684 0.00156904
36 0.63194 0.503662 0.00127541
37 0.63194 0.499845 0.00140317
38 0.63194 0.505649 0.00134423
39 0.63194 0.501449 0.00126746
40 0.63194 0.505367 0.00149123
41 0.63194 0.504617 0.00147299
42 0.63194 0.503892 0.00146284
43 0.63194 0.503422 0.00155007
44 0.63194 0.507778 0.00138346
45 0.63194 0.504021 0.00129381
46 0.63194 0.50452 0.00134321
47 0.63194 0.495279 0.00144757
48 0.63194 0.501461 0.00145311
49 0.63194 0.50731 0.00134705
50 0.63194 0.502204 0.00113767
51 0.63194 0.504161 0.00117689
52 0.63194 0.502158 0.00135292
53 0.63194 0.506746 0.0012507
54 0.63194 0.506367 0.00128301
55 0.63194 0.503992 0.00133054
56 0.63194 0.502799 0.00136843
57 0.63194 0.505863 0.00112077
58 0.639932 0.505576 0.001537
59 0.639932 0.503365 0.0017113
60 0.639932 0.505234 0.00164419
61 0.639932 0.506561 0.00163764
62 0.639932 0.502177 0.00155316
63 0.639932 0.51011 0.00116665
64 0.639932 0.511113 0.00153561
65 0.639932 0.50234 0.00202223
66 0.639932 0.506726 0.0013756
67 0.639932 0.508154 0.00138534
68 0.639932 0.502214 0.00164606
69 0.639932 0.507093 0.00148855
70 0.639932 0.503234 0.00151417
71 0.639932 0.512102 0.0012522
72 0.639932 0.509595 0.00106222
73 0.639932 0.508782 0.00118706
74 0.639932 0.510157 0.0014523
75 0.639932 0.506956 0.00135133
76 0.639932 0.506246 0.00137738
77 0.639932 0.508516 0.00123534
78 0.639932 0.510154 0.00129722
79 0.639932 0.506737 0.00167312
80 0.639932 0.508674 0.00126832
81 0.639932 0.507916 0.00140455
82 0.639932 0.506288 0.00143432
83 0.639932 0.502498 0.00160697
84 0.639932 0.510822 0.0016352
85 0.639932 0.513528 0.00186651
86 0.639932 0.50459 0.00185137
87 0.639932 0.506685 0.00159564
88 0.639932 0.504126 0.00152339
89 0.639932 0.506843 0.00150327
90 0.639932 0.507738 0.00149282
91 0.639932 0.508889 0.00139296
92 0.639932 0.507081 0.00167736
93 0.639932 0.507668 0.00176641
94 0.639932 0.507111 0.00148263
95 0.683352 0.506536 0.00191133
96 0.683352 0.508909 0.00131342
97 0.683352 0.510468 0.00133751
98 0.683352 0.512271 0.00133305
99 0.683352 0.509192 0.00178425
100 0.683352 0.510496 0.00157767
101 0.683352 0.513388 0.0016759
102 0.683352 0.514607 0.001875
103 0.683352 0.511097 0.00161733
104 0.683352 0.512596 0.00192042
105 0.683352 0.507585 0.00188663
106 0.683352 0.510032 0.00191224
107 0.683352 0.518282 0.00200215
108 0.683352 0.515869 0.00191138
109 0.683352 0.516828 0.0021111
110 0.683352 0.505542 0.00238052
111 0.683352 0.50904 0.00206881
112 0.683352 0.507887 0.00243556
113 0.683352 0.510833 0.00217028
114 0.683352 0.509917 0.00221352
115 0.683352 0.511482 0.00213548
116 0.683352 0.505838 0.00246591
117 0.69199 0.51817 0.00229475
118 0.69199 0.505101 0.00273282
119 0.69199 0.505557 0.0026243
120 0.69199 0.508305 0.00253658
121 0.69199 0.505385 0.00308217
122 0.69199 0.508143 0.003261
123 0.69199 0.504068 0.0031567
124 0.69199 0.514766 0.00289415
125 0.69199 0.51029 0.00254892
126 0.69199 0.505089 0.00309907
127 0.69199 0.515788 0.00284143
128 0.69199 0.511523 0.00253867
129 0.69199 0.511478 0.00295874
130 0.69199 0.5098 0.00270792
131 0.69199 0.511954 0.00238145
132 0.69199 0.513091 0.00312463
133 0.69199 0.509876 0.00288535
134 0.69199 0.515474 0.00363819
135 0.69199 0.505669 0.00300453
136 0.69199 0.506841 0.0033114
137 0.69199 0.510833 0.00301135
138 0.69199 0.51957 0.00278148
139 0.69199 0.51371 0.00337226
140 0.69199 0.503372 0.00316554
141 0.69199 0.512152 0.00336904
142 0.69199 0.50983 0.00280855
143 0.69199 0.509503 0.00329157
144 0.69199 0.51096 0.00322929
145 0.69199 0.507735 0.00319092
146 0.69199 0.505296 0.00346501
147 0.69199 0.522358 0.00362171
148 0.69199 0.503005 0.00357456
149 0.69199 0.52217 0.00291213
150 0.69199 0.507679 0.00351439
151 0.69199 0.515386 0.00287816
152 0.69199 0.501616 0.00381251
153 0.69199 0.500749 0.00304115
154 0.69199 0.508091 0.00385318
155 0.69199 0.514504 0.00310598
156 0.69199 0.515442 0.00300072
157 0.69199 0.503741 0.00387425
158 0.69199 0.50519 0.00333505
159 0.69199 0.506808 0.00317525
160 0.69199 0.511951 0.00335788
161 0.69199 0.506657 0.00310764
162 0.69199 0.510012 0.0033866
163 0.69199 0.502389 0.00389199
164 0.69199 0.510637 0.00304903
165 0.69199 0.50568 0.00361828
166 0.69199 0.507698 0.00349339
167 0.69199 0.512519 0.00327462
168 0.69199 0.520841 0.00292522
169 0.695386 0.510224 0.004003
170 0.695386 0.501075 0.00359885
171 0.695386 0.515342 0.00346594
172 0.710328 0.508689 0.00402828
173 0.710328 0.50376 0.00385301
174 0.710328 0.506758 0.00314175
175 0.710328 0.501239 0.00326749
176 0.710328 0.508908 0.00329745
177 0.710328 0.50234 0.00318685
178 0.710328 0.511619 0.00339506
179 0.713214 0.510789 0.00406232
180 0.713214 0.504884 0.00413587
181 0.713214 0.508333 0.00315673
182 0.713214 0.507 0.00439899
183 0.713214 0.50386 0.00368476
184 0.713214 0.502969 0.00393093
185 0.713214 0.499655 0.00411178
186 0.713214 0.496514 0.00472827
187 0.713214 0.503825 0.0039336
188 0.713214 0.50623 0.00389604
189 0.713214 0.505119 0.00345934
190 0.713214 0.515117 0.00430785
191 0.713214 0.512271 0.00363455
192 0.713214 0.501919 0.00352325
193 0.713214 0.508232 0.00379462
194 0.713214 0.50746 0.00355195
195 0.713214 0.509276 0.00367309
196 0.713214 0.510661 0.00419942
197 0.713214 0.507619 0.00408878
198 0.713214 0.509334 0.00396673
199 0.713214 0.505204 0.00424894
200 0.713214 0.499788 0.00400302
201 0.717202 0.502122 0.00454912
202 0.717202 0.515317 0.00353162
203 0.717202 0.506867 0.00446804
204 0.717202 0.499228 0.00450537
205 0.717202 0.509394 0.0036142
206 0.717202 0.512169 0.00390537
207 0.717202 0.508606 0.0034927
208 0.717202 0.517923 0.00406831
209 0.717202 0.500858 0.00386442
210 0.717202 0.506115 0.00384673
211 0.717202 0.511936 0.00323178
212 0.717202 0.501549 0.00400902
213 0.717202 0.513019 0.00414899
214 0.717202 0.500161 0.00402414
215 0.717202 0.502415 0.0038427
216 0.717202 0.506816 0.00424255
217 0.717202 0.503388 0.00465325
218 0.717202 0.514582 0.00385878
219 0.717202 0.503773 0.00485753
220 0.717202 0.500529 0.00476318
221 0.717202 0.512266 0.00439521
222 0.717202 0.50235 0.00477069
223 0.717202 0.504435 0.00463719
224 0.717202 0.507087 0.00374168
225 0.717202 0.511855 0.00410818
226 0.717202 0.506273 0.00380521
227 0.717202 0.509166 0.00366564
228 0.717202 0.504948 0.00413747
229 0.717202 0.507067 0.0038076
230 0.717202 0.506695 0.00405913
231 0.717202 0.506789 0.00395638
232 0.717202 0.510108 0.00367362
233 0.717202 0.499282 0.00428361
234 0.717202 0.510219 0.00413112
235 0.717202 0.503501 0.00485676
236 0.717202 0.516483 0.00422008
237 0.717202 0.505994 0.00381651
238 0.717202 0.497997 0.00547306
239 0.717202 0.502916 0.00463323
240 0.717202 0.498935 0.00404273
241 0.717202 0.503635 0.00406902
242 0.717202 0.518633 0.00373691
243 0.717202 0.506309 0.00412641
244 0.717202 0.512285 0.00388868
245 0.717202 0.51041 0.0041023
246 0.717202 0.523336 0.00359746
247 0.717202 0.507098 0.00477581
248 0.717202 0.497911 0.0046983
249 0.717202 0.514661 0.00392804
250 0.718993 0.507597 0.00421463
251 0.718993 0.515876 0.00450839
252 0.718993 0.514024 0.00405295
253 0.718993 0.498094 0.00427131
254 0.718993 0.50861 0.00468221
255 0.718993 0.511987 0.00371118
256 0.718993 0.504932 0.00481393
257 0.718993 0.514817 0.00445217
258 0.718993 0.515797 0.00394788
259 0.718993 0.515863 0.00380465
260 0.718993 0.520478 0.00401261
261 0.718993 0.506977 0.00355129
262 0.718993 0.510332 0.00376653
263 0.718993 0.512643 0.00407077
264 0.718993 0.508706 0.00448635
265 0.718993 0.510547 0.00426375
266 0.718993 0.510207 0.00387084
267 0.718993 0.509436 0.00344372
268 0.7442 0.520709 0.00490557
269 0.7442 0.507094 0.00488255
270 0.7442 0.510661 0.00405995
271 0.7442 0.498725 0.00419433
272 0.7442 0.513363 0.00422722
273 0.7442 0.517819 0.0046724
274 0.7442 0.511442 0.00377679
275 0.7442 0.499567 0.00441213
276 0.7442 0.504853 0.00496464
277 0.7442 0.511872 0.00492199
278 0.7442 0.514737 0.00413828
279 0.7442 0.512101 0.00455678
280 0.7442 0.506395 0.0044765
281 0.7442 0.512873 0.00421695
282 0.7442 0.505016 0.00441707
283 0.7442 0.509427 0.00386041
284 0.7442 0.511068 0.00425559
285 0.7442 0.506241 0.00391559
286 0.7442 0.503531 0.00429433
287 0.7442 0.509067 0.00413654
288 0.7442 0.506207 0.0041608
289 0.7442 0.511858 0.00410943
290 0.7442 0.514446 0.00393126
291 0.7442 0.514856 0.00445498
292 0.7442 0.51625 0.00465666
293 0.7442 0.514752 0.00572479
294 0.7442 0.513861 0.00405558
295 0.7442 0.514382 0.00454042
296 0.7442 0.508413 0.00398648
297 0.7442 0.51006 0.00372563
298 0.7442 0.497183 0.00479896
299 0.7442 0.506682 0.00479595
300 0.7442 0.505936 0.00411626
301 0.7442 0.514115 0.00412323
302 0.7442 0.515483 0.00533322
303 0.7442 0.508084 0.00464719
304 0.7442 0.515626 0.00399733
305 0.7442 0.507588 0.00480845
306 0.7442 0.519784 0.00404563
307 0.7442 0.514001 0.0046789
308 0.7442 0.508517 0.00439892
309 0.7442 0.504109 0.00447355
310 0.7442 0.512838 0.00412676
311 0.7442 0.515038 0.00395063
312 0.7442 0.520444 0.00422126
313 0.7442 0.521121 0.00485936
314 0.7442 0.520248 0.00437704
315 0.7442 0.507076 0.00412421
316 0.7442 0.51441 0.00385099
317 0.7442 0.5122 0.00449795
318 0.7442 0.50964 0.00430071
319 0.7442 0.508071 0.00420961
320 0.7442 0.509877 0.00462024
321 0.7442 0.514151 0.00427241
322 0.7442 0.51418 0.00421992
323 0.7442 0.515708 0.00440565
324 0.7442 0.510079 0.00397817
325 0.7442 0.509932 0.00373784
326 0.7442 0.513747 0.0040653
327 0.7442 0.505552 0.00438995
328 0.7442 0.511171 0.00441261
329 0.7442 0.512666 0.00377437
330 0.7442 0.517619 0.00420592
331 0.7442 0.513339 0.00387369
332 0.7442 0.509566 0.00385054
333 0.7442 0.506193 0.0039741
334 0.7442 0.509475 0.00494587
335 0.7442 0.517087 0.0044238
336 0.7442 0.508736 0.00477997
337 0.7442 0.51068 0.00465986
338 0.7442 0.51278 0.00457845
339 0.7442 0.507549 0.0043467
340 0.7442 0.515813 0.00427534
341 0.7442 0.517085 0.00440917
342 0.7442 0.519584 0.00423747
343 0.7442 0.510741 0.00548307
344 0.7442 0.509741 0.00501136
345 0.7442 0.507081 0.00477017
346 0.7442 0.51464 0.00434468
347 0.7442 0.506452 0.00448254
348 0.7442 0.509665 0.00430376
349 0.7442 0.504626 0.00403416
350 0.7442 0.514707 0.00430329
351 0.7442 0.506731 0.00459452
352 0.7442 0.511819 0.00496139
353 0.7442 0.510042 0.00408634
354 0.7442 0.513932 0.00425604
355 0.7442 0.508434 0.00386158
356 0.7442 0.51012 0.00519843
357 0.7442 0.503623 0.00505997
358 0.7442 0.501287 0.00596615
359 0.7442 0.506192 0.00495414
360 0.7442 0.50797 0.00490053
361 0.7442 0.505646 0.00443408
362 0.7442 0.51724 0.00526331
363 0.7442 0.513145 0.00481685
364 0.7442 0.509233 0.0046289
365 0.7442 0.510504 0.00498176
366 0.7442 0.512669 0.0045745
367 0.7442 0.507604 0.00388198
368 0.7442 0.50816 0.00404822
369 0.7442 0.509434 0.00406169
370 0.7442 0.500496 0.00514713
371 0.7442 0.514045 0.00415835
372 0.7442 0.505892 0.00436128
373 0.7442 0.507919 0.00416834
374 0.7442 0.512036 0.00462203
375 0.7442 0.508794 0.0046416
376 0.7442 0.512693 0.0043364
377 0.7442 0.506168 0.00450726
378 0.7442 0.505851 0.00410224
379 0.7442 0.512198 0.00441687
380 0.7442 0.502195 0.00473815
381 0.7442 0.504283 0.00478235
382 0.7442 0.505127 0.00480308
383 0.7442 0.503908 0.00491034
384 0.7442 0.499501 0.00422755
385 0.7442 0.509098 0.00466861
386 0.7442 0.514314 0.0045133
387 0.755742 0.515211 0.00528953
388 0.755742 0.502094 0.00495499
389 0.755742 0.506297 0.0051785
390 0.755742 0.517166 0.00478668
391 0.755742 0.511677 0.00505436
392 0.755742 0.512565 0.00469831
393 0.755742 0.51685 0.00479636
394 0.755742 0.50726 0.00518414
395 0.755742 0.509785 0.00411663
396 0.755742 0.516485 0.0044283
397 0.755742 0.510503 0.00445409
398 0.755742 0.507179 0.00442235
399 0.755742 0.519209 0.00444845
400 0.755742 0.510688 0.00515286
401 0.755742 0.511313 0.00438427
402 0.755742 0.517846 0.00402164
403 0.755742 0.506014 0.00524283
404 0.755742 0.501869 0.00459589
405 0.755742 0.511613 0.00458353
406 0.755742 0.509852 0.0044375
407 0.755742 0.510714 0.00577603
408 0.755742 0.509879 0.00493599
409 0.755742 0.501085 0.00493799
410 0.755742 0.510222 0.00489433
411 0.755742 0.511788 0.00443025
412 0.755742 0.506211 0.00576945
413 0.755742 0.507127 0.00537493
414 0.755742 0.512474 0.00507033
415 0.755742 0.507092 0.00516583
416 0.755742 0.502036 0.00578321
417 0.755742 0.508103 0.00479465
418 0.755742 0.511471 0.00524315
419 0.755742 0.5067 0.00475512
420 0.755742 0.502439 0.00447168
421 0.755742 0.51203 0.00518582
422 0.755742 0.508356 0.00511813
423 0.755742 0.506521 0.00472531
424 0.755742 0.507399 0.00478723
425 0.755742 0.511534 0.00489155
426 0.755742 0.51717 0.00406879
427 0.755742 0.505852 0.00471448
428 0.755742 0.513267 0.00422154
429 0.755742 0.514224 0.00519868
430 0.755742 0.517595 0.00466038
431 0.755742 0.515049 0.00490203
432 0.755742 0.511871 0.00466525
433 0.755742 0.514068 0.00460274
434 0.755742 0.511436 0.00472388
435 0.755742 0.506327 0.00528874
436 0.755742 0.513564 0.00499064
437 0.755742 0.505906 0.00451931
438 0.755742 0.517202 0.0045223
439 0.755742 0.49667 0.0057351
440 0.755742 0.517625 0.00525452
441 0.755742 0.501492 0.00537376
442 0.755742 0.504219 0.00469672
443 0.755742 0.505264 0.00402824
444 0.755742 0.506668 0.00532031
445 0.755742 0.507193 0.00494586
446 0.755742 0.510013 0.00532368
447 0.755742 0.508609 0.00456039
448 0.755742 0.507778 0.00438529
449 0.755742 0.512095 0.00477995
450 0.755742 0.508182 0.00475652
451 0.755742 0.513649 0.00426212
452 0.755742 0.512222 0.00526638
453 0.755742 0.507464 0.00433691
454 0.755742 0.497261 0.00467257
455 0.755742 0.507944 0.0049495
456 0.755742 0.504634 0.00490187
457 0.755742 0.514184 0.00487186
458 0.755742 0.504789 0.00500523
459 0.755742 0.513209 0.00450841
460 0.755742 0.515729 0.00440128
461 0.755742 0.506884 0.00443502
462 0.755742 0.508918 0.0049982
463 0.755742 0.502475 0.00443026
464 0.755742 0.514595 0.00428124
465 0.755742 0.507826 0.00450014
466 0.755742 0.505358 0.00478717
467 0.755742 0.506072 0.00470577
468 0.755742 0.517809 0.0052386
469 0.755742 0.513202 0.00481519
470 0.755742 0.519181 0.00498342
471 0.755742 0.516774 0.00479964
472 0.755742 0.520094 0.00456095
473 0.755742 0.509441 0.00494062
474 0.755742 0.514946 0.00488198
475 0.755742 0.506024 0.00487121
476 0.755742 0.506863 0.0047733
477 0.755742 0.502824 0.00518654
478 0.755742 0.507737 0.00435736
479 0.755742 0.50732 0.00482341
480 0.755742 0.508823 0.00448944
481 0.755742 0.501267 0.00581265
482 0.755742 0.506736 0.00463216
483 0.755742 0.504891 0.0051364
484 0.755742 0.505472 0.00468381
485 0.755742 0.508966 0.00536369
486 0.755742 0.507493 0.00493645
487 0.755742 0.508443 0.00468153
488 0.755742 0.519035 0.00472106
489 0.755742 0.517456 0.00412046
490 0.755742 0.512126 0.00450501
491 0.755742 0.510395 0.0053534
492 0.755742 0.512398 0.00455795
493 0.755742 0.513223 0.00456402
494 0.755742 0.51196 0.00526479
495 0.755742 0.509469 0.00457241
496 0.755742 0.513421 0.00489501
497 0.755742 0.508975 0.00446925
498 0.755742 0.519869 0.00471941
499 0.755742 0.506711 0.0047633
500 0.755742 0.498843 0.00489854
501 0.755742 0.511121 0.00539667
502 0.755742 0.512799 0.00573921
503 0.755742 0.506803 0.00466662
504 0.755742 0.519134 0.00457973
505 0.755742 0.511364 0.00517787
506 0.755742 0.516737 0.00499191
507 0.755742 0.520934 0.00504379
508 0.755742 0.512638 0.00495718
509 0.755742 0.507534 0.00426846
510 0.755742 0.512361 0.00440239
511 0.755742 0.507569 0.00461
512 0.755742 0.510731 0.00471293
513 0.755742 0.50497 0.00476996
514 0.755742 0.513687 0.00510796
515 0.755742 0.50973 0.00494961
516 0.755742 0.504471 0.00448967
517 0.755742 0.517836 0.00477966
518 0.755742 0.514748 0.00485292
519 0.755742 0.508946 0.00447795
520 0.755742 0.51247 0.00491887
521 0.755742 0.512949 0.00540359
522 0.755742 0.513774 0.00549897
523 0.755742 0.513725 0.00541201
524 0.755742 0.512178 0.00404289
525 0.755742 0.510787 0.00496305
526 0.755742 0.504253 0.00526853
527 0.755742 0.505959 0.00508895
528 0.755742 0.524191 0.00411764
529 0.755742 0.514705 0.00442636
530 0.755742 0.50703 0.00528939
531 0.755742 0.508602 0.00493214
532 0.755742 0.519247 0.00449734
533 0.755742 0.510958 0.00537028
534 0.755742 0.517809 0.00394657
535 0.755742 0.511244 0.00458586
536 0.755742 0.517246 0.00480076
537 0.755742 0.51715 0.004858
538 0.755742 0.518888 0.00403302
539 0.755742 0.515084 0.00532346
540 0.755742 0.513119 0.00519205
541 0.755742 0.508429 0.00432228
542 0.755742 0.507357 0.00431427
543 0.755742 0.502575 0.00470522
544 0.755742 0.5088 0.00473644
545 0.755742 0.498375 0.00539696
546 0.755742 0.494969 0.00549884
547 0.755742 0.507565 0.00456152
548 0.755742 0.499049 0.00443498
549 0.755742 0.504025 0.0052741
550 0.755742 0.506795 0.00526422
551 0.755742 0.507105 0.00381806
552 0.755742 0.512949 0.00458905
553 0.755742 0.510103 0.00559331
554 0.755742 0.507531 0.00522956
555 0.755742 0.507552 0.00469995
556 0.755742 0.505872 0.00471412
557 0.755742 0.507926 0.00414635
558 0.755742 0.516607 0.00495586
559 0.755742 0.505862 0.00528381
560 0.755742 0.510982 0.00586604
561 0.755742 0.505293 0.00614539
562 0.755742 0.509528 0.00485398
563 0.755742 0.518219 0.00422477
564 0.755742 0.510306 0.00451718
565 0.755742 0.512808 0.00433568
566 0.755742 0.512275 0.00366745
567 0.755742 0.512831 0.00425615
568 0.755742 0.515788 0.00440943
569 0.755742 0.50976 0.00469847
570 0.755742 0.511257 0.00483243
571 0.755742 0.515002 0.00449853
572 0.755742 0.516995 0.00424146
573 0.755742 0.51464 0.00543575
574 0.755742 0.512227 0.00502114
575 0.755742 0.505646 0.00456722
576 0.755742 0.503441 0.00532452
577 0.755742 0.510595 0.00464889
578 0.755742 0.514833 0.00510789
579 0.755742 0.503486 0.00466259
580 0.755742 0.511072 0.00519044
581 0.755742 0.513491 0.00493468
582 0.755742 0.515567 0.00503369
583 0.755742 0.506133 0.00477861
584 0.755742 0.50949 0.00464999
585 0.755742 0.516816 0.00496482
586 0.755742 0.516456 0.00494081
587 0.755742 0.511382 0.00470511
588 0.755742 0.503292 0.00509987
589 0.755742 0.508699 0.0051466
590 0.755742 0.510083 0.00512104
591 0.755742 0.510651 0.00579724
592 0.755742 0.508161 0.00469261
593 0.755742 0.50125 0.00511188
594 0.755742 0.50099 0.0047741
595 0.755742 0.510504 0.00512485
596 0.755742 0.51919 0.00535332
597 0.755742 0.515555 0.00519614
598 0.755742 0.504728 0.0048172
599 0.755742 0.507044 0.00419304
600 0.755742 0.514179 0.00413802
601 0.755742 0.498079 0.00456692
602 0.755742 0.513269 0.00455843
603 0.755742 0.50947 0.00492459
604 0.755742 0.506553 0.0048582
605 0.755742 0.513338 0.00421903
606 0.755742 0.507482 0.00400189
607 0.755742 0.505781 0.00462173
608 0.755742 0.511265 0.00410704
609 0.755742 0.514964 0.00502134
610 0.755742 0.520871 0.00560273
611 0.755742 0.516291 0.00486498
612 0.755742 0.513655 0.00459278
613 0.755742 0.519956 0.00493699
614 0.755742 0.509876 0.00447654
615 0.755742 0.504232 0.00448122
616 0.755742 0.508878 0.00436096
617 0.755742 0.509761 0.00498835
618 0.755742 0.51292 0.0051503
619 0.755742 0.512454 0.00470929
620 0.755742 0.507431 0.00495909
621 0.755742 0.516068 0.00573616
622 0.755742 0.509528 0.00621518
623 0.755742 0.512805 0.00421233
624 0.755742 0.515486 0.00499174
625 0.755742 0.505881 0.00509144
626 0.755742 0.502995 0.00420559
627 0.755742 0.511684 0.00484185
628 0.755742 0.506372 0.00511983
629 0.755742 0.509589 0.0046996
630 0.755742 0.51109 0.00523975
631 0.755742 0.497882 0.00566454
632 0.755742 0.504036 0.00423107
633 0.755742 0.498008 0.00466647
634 0.755742 0.494493 0.00511432
635 0.755742 0.503409 0.00476002
636 0.755742 0.503991 0.00485367
637 0.755742 0.511366 0.00566312
638 0.755742 0.505928 0.00462707
639 0.755742 0.500664 0.00484254
640 0.755742 0.506738 0.00512929
641 0.755742 0.504017 0.00524198
642 0.755742 0.506481 0.00484434
643 0.755742 0.502669 0.00464699
644 0.755742 0.510459 0.00459771
645 0.755742 0.509897 0.00438012
646 0.755742 0.507463 0.00558586
647 0.755742 0.508971 0.00490344
648 0.755742 0.508174 0.00517357
649 0.755742 0.510365 0.0048522
650 0.755742 0.505857 0.00472939
651 0.755742 0.511179 0.00498802
652 0.755742 0.506956 0.0050856
653 0.755742 0.513918 0.00441049
654 0.755742 0.52 0.00499625
655 0.755742 0.524292 0.00463714
656 0.755742 0.514334 0.00560821
657 0.755742 0.505322 0.00474336
658 0.755742 0.509316 0.00537594
659 0.755742 0.511585 0.00508201
660 0.755742 0.503665 0.00637944
661 0.755742 0.504092 0.00493572
662 0.755742 0.499992 0.00529397
663 0.755742 0.503849 0.00469617
664 0.755742 0.509607 0.00453867
665 0.757478 0.502195 0.00569207
666 0.757478 0.50396 0.00423169
667 0.757478 0.504975 0.0051135
668 0.757478 0.501096 0.00462171
669 0.757478 0.516881 0.00434533
670 0.757478 0.508895 0.00518655
671 0.757478 0.504131 0.00526616
672 0.757478 0.497387 0.00424766
673 0.757478 0.503735 0.0045632
674 0.757478 0.505053 0.0052763
675 0.757478 0.511483 0.00506836
676 0.757478 0.511371 0.00495032
677 0.757478 0.512476 0.0049008
678 0.757478 0.508334 0.00488704
679 0.757478 0.515549 0.00523286
680 0.757478 0.511374 0.00481608
681 0.757478 0.511323 0.00483352
682 0.757478 0.513255 0.0042343
683 0.757478 0.514593 0.00451034
684 0.757478 0.519696 0.00569129
685 0.757478 0.510536 0.00500123
686 0.757478 0.515801 0.00466553
687 0.757478 0.515599 0.00440899
688 0.757478 0.507529 0.00486507
689 0.757478 0.515296 0.00509131
690 0.757478 0.513145 0.00497904
691 0.757478 0.514257 0.00481603
692 0.757478 0.511167 0.00559952
693 0.757478 0.513232 0.00548454
694 0.757478 0.523063 0.0058978
695 0.757478 0.514179 0.00527517
696 0.757478 0.509264 0.00512871
697 0.757478 0.50778 0.00484516
698 0.757478 0.506313 0.00453293
699 0.757478 0.501616 0.00447168
700 0.757478 0.515764 0.00478836
701 0.757478 0.499741 0.00536698
702 0.757478 0.508511 0.00531738
703 0.757478 0.504409 0.00500649
704 0.757478 0.504719 0.00504911
705 0.757478 0.506172 0.00476611
706 0.757478 0.510417 0.00434328
707 0.757478 0.514006 0.0050777
708 0.757478 0.500905 0.00464223
709 0.757478 0.509196 0.00480448
710 0.757478 0.507961 0.00461723
711 0.757478 0.508786 0.00546754
712 0.757478 0.505659 0.00481911
713 0.757478 0.51111 0.0052424
714 0.757478 0.512377 0.00558494
715 0.757478 0.514445 0.00443517
716 0.757478 0.506291 0.00467567
717 0.757478 0.513511 0.00585769
718 0.757478 0.506452 0.00555129
719 0.757478 0.50141 0.00516156
720 0.757478 0.506699 0.00487157
721 0.757478 0.511013 0.00532513
722 0.757478 0.499509 0.00541091
723 0.757478 0.507057 0.00541666
724 0.757478 0.506887 0.00459758
725 0.757478 0.510451 0.00488881
726 0.757478 0.510502 0.00459871
727 0.757478 0.515051 0.00408277
728 0.757478 0.508129 0.00462802
729 0.757478 0.509265 0.00454277
730 0.757478 0.510768 0.00440047
731 0.757478 0.513188 0.00442446
732 0.766041 0.520074 0.00530151
733 0.766041 0.510835 0.00475406
734 0.766041 0.49904 0.00559128
735 0.766041 0.50637 0.00511248
736 0.766041 0.512755 0.00518652
737 0.766041 0.51091 0.00571658
738 0.766041 0.500773 0.00492441
739 0.766041 0.504574 0.00495035
740 0.766041 0.508316 0.00594852
741 0.766041 0.510781 0.00485375
742 0.766041 0.517462 0.00480788
743 0.766041 0.509683 0.00543708
744 0.766041 0.514576 0.00486595
745 0.766041 0.507389 0.0049964
746 0.766041 0.50919 0.00525188
747 0.766041 0.511027 0.00480318
748 0.766041 0.508486 0.00481646
749 0.766041 0.512846 0.00519537
750 0.766041 0.514623 0.00508129
751 0.766041 0.509065 0.00448229
752 0.766041 0.510017 0.00433644
753 0.766041 0.507769 0.00438795
754 0.766041 0.515453 0.00548196
755 0.766041 0.516466 0.00463427
756 0.766041 0.511812 0.00476876
757 0.766041 0.504014 0.00546746
758 0.766041 0.510666 0.00496576
759 0.766041 0.512671 0.00435868
760 0.766041 0.508653 0.00547267
761 0.766041 0.512368 0.00471121
762 0.766041 0.512689 0.00477065
763 0.766041 0.505319 0.00447803
764 0.766041 0.514214 0.0044013
765 0.766041 0.516056 0.00540438
766 0.766041 0.518509 0.00524387
767 0.766041 0.51199 0.00509769
768 0.766041 0.510265 0.00450723
769 0.766041 0.509431 0.00493652
770 0.766041 0.515771 0.00456833
771 0.766041 0.512121 0.0043168
772 0.766041 0.509797 0.00454091
773 0.766041 0.507733 0.00428152
774 0.766041 0.510168 0.00462692
775 0.766041 0.512074 0.00463115
776 0.766041 0.516165 0.00531146
777 0.766041 0.513452 0.00482059
778 0.766041 0.512708 0.00462497
779 0.766041 0.512283 0.00460225
780 0.766041 0.503869 0.00420345
781 0.766041 0.516927 0.0047793
782 0.766041 0.519082 0.00490041
783 0.766041 0.515032 0.00549837
784 0.766041 0.511892 0.00478013
785 0.766041 0.508418 0.00478694
786 0.766041 0.505997 0.00561337
787 0.766041 0.520409 0.00492215
788 0.766041 0.513348 0.00491816
789 0.766041 0.499956 0.00490679
790 0.766041 0.512008 0.00440477
791 0.766041 0.521441 0.00460265
792 0.766041 0.514055 0.00535102
793 0.766041 0.521511 0.00484601
794 0.766041 0.505858 0.00505732
795 0.766041 0.515438 0.00490481
796 0.766041 0.50787 0.00462438
797 0.766041 0.514539 0.00501519
798 0.766041 0.512777 0.00458816
799 0.766041 0.501824 0.00492779
800 0.766041 0.51376 0.00460213
801 0.766041 0.507323 0.00486924
802 0.766041 0.50795 0.00556866
803 0.766041 0.512733 0.0045655
804 0.766041 0.505457 0.0041147
805 0.766041 0.510874 0.00491784
806 0.766041 0.502924 0.00495988
807 0.766041 0.514742 0.00494931
808 0.766041 0.511157 0.00484308
809 0.766041 0.506672 0.00512179
810 0.766041 0.513821 0.00465319
811 0.766041 0.508294 0.00470603
812 0.766041 0.511134 0.00509881
813 0.766041 0.515749 0.00518844
814 0.766041 0.510962 0.00477926
815 0.766041 0.512092 0.0047003
816 0.766041 0.510934 0.00507584
817 0.766041 0.507271 0.00567307
818 0.766041 0.511855 0.00577209
819 0.766041 0.508986 0.00544612
820 0.766041 0.511364 0.00508114
821 0.766041 0.506549 0.00534713
822 0.766041 0.50588 0.00465969
823 0.766041 0.508485 0.00479322
824 0.766041 0.51854 0.0050858
825 0.766041 0.510894 0.00607761
826 0.766041 0.506448 0.00539684
827 0.766041 0.509652 0.00503181
828 0.766041 0.510406 0.0046816
829 0.766041 0.508956 0.00407108
830 0.767384 0.512627 0.00534104
831 0.767384 0.506072 0.00543847
832 0.767384 0.506309 0.00486473
833 0.767384 0.516563 0.00533982
834 0.767384 0.514693 0.00510369
835 0.767384 0.515296 0.00469568
836 0.767384 0.510125 0.00505253
837 0.767384 0.518392 0.00530572
838 0.767384 0.510977 0.00529534
839 0.767384 0.51302 0.00510526
840 0.767384 0.507177 0.0047664
841 0.767384 0.522556 0.00479786
842 0.767384 0.506916 0.00494025
843 0.767384 0.51459 0.00508569
844 0.767384 0.511683 0.00436852
845 0.767384 0.509978 0.00464218
846 0.767384 0.50522 0.00494703
847 0.767384 0.511887 0.00543441
848 0.767384 0.510283 0.00538624
849 0.767384 0.511102 0.00507068
850 0.767384 0.506558 0.00524766
851 0.767384 0.513352 0.00437759
852 0.767384 0.509176 0.00491115
853 0.767384 0.517117 0.0050403
854 0.767384 0.517045 0.00596831
855 0.767384 0.512892 0.00496178
856 0.767384 0.503178 0.00471964
857 0.767384 0.507083 0.00430379
858 0.767384 0.51272 0.00569187
859 0.767384 0.51105 0.0057139
860 0.767384 0.510291 0.00500323
861 0.767384 0.508794 0.00527018
862 0.767384 0.509604 0.005231
863 0.767384 0.504612 0.00494787
864 0.767384 0.507882 0.00507701
865 0.767384 0.507492 0.00553788
866 0.767384 0.500526 0.00516346
867 0.767384 0.522797 0.0049767
868 0.767384 0.516196 0.00509157
869 0.767384 0.507826 0.00512918
870 0.767384 0.507331 0.00623386
871 0.767384 0.50864 0.00525677
872 0.767384 0.517878 0.00525135
873 0.767384 0.519358 0.00584953
874 0.767384 0.513467 0.00612461
875 0.767384 0.502444 0.0058513
876 0.767384 0.506954 0.00538211
877 0.767384 0.518292 0.00467292
878 0.767384 0.518203 0.00548471
879 0.767384 0.51685 0.004839
880 0.767384 0.514973 0.00527202
881 0.767384 0.512796 0.00503815
882 0.775987 0.519566 0.00616838
883 0.775987 0.511139 0.00525815
884 0.775987 0.513539 0.00484484
885 0.775987 0.508908 0.00475673
886 0.775987 0.506402 0.00508428
887 0.775987 0.514167 0.00507471
888 0.775987 0.511882 0.00497533
889 0.775987 0.522494 0.00456168
890 0.775987 0.513788 0.00520356
891 0.775987 0.513871 0.00520452
892 0.775987 0.50907 0.00499252
893 0.775987 0.510644 0.00512141
894 0.775987 0.522895 0.00522166
895 0.775987 0.51093 0.0044138
896 0.775987 0.507135 0.00488347
897 0.775987 0.506041 0.0052394
898 0.775987 0.51105 0.00551705
899 0.775987 0.509461 0.00525765
900 0.775987 0.49441 0.00534362
901 0.775987 0.502652 0.00546611
902 0.775987 0.506964 0.0060769
903 0.775987 0.507963 0.0050997
904 0.775987 0.515138 0.0054887
905 0.775987 0.504661 0.00505297
906 0.775987 0.514345 0.00510829
907 0.775987 0.504753 0.00529239
908 0.775987 0.502531 0.00540714
909 0.775987 0.503141 0.00552463
910 0.775987 0.515545 0.00400953
911 0.775987 0.50704 0.00480134
912 0.775987 0.502252 0.00485304
913 0.775987 0.515861 0.00504341
914 0.775987 0.516684 0.00586716
915 0.775987 0.510984 0.00552209
916 0.775987 0.509173 0.00540264
917 0.775987 0.506287 0.00535361
918 0.775987 0.517936 0.00482416
919 0.775987 0.515436 0.00611159
920 0.775987 0.507775 0.00509537
921 0.775987 0.516414 0.00513566
922 0.775987 0.510649 0.00556275
923 0.775987 0.513731 0.00505347
924 0.775987 0.508097 0.00589977
925 0.775987 0.509325 0.00513701
926 0.775987 0.517311 0.00595379
927 0.775987 0.515514 0.00564962
928 0.775987 0.513413 0.00564641
929 0.775987 0.512189 0.00526619
930 0.775987 0.510379 0.00537932
931 0.775987 0.526481 0.00475802
932 0.775987 0.509112 0.00564205
933 0.775987 0.511879 0.0057511
934 0.775987 0.506875 0.00545068
935 0.775987 0.502687 0.00590649
936 0.775987 0.515176 0.00579919
937 0.775987 0.513612 0.00547721
938 0.775987 0.512957 0.00507924
939 0.775987 0.513219 0.00544271
940 0.775987 0.509217 0.00493739
941 0.775987 0.518026 0.00514561
942 0.775987 0.515395 0.00617196
943 0.775987 0.514463 0.00523742
944 0.775987 0.514698 0.00550029
945 0.775987 0.510106 0.00583775
946 0.775987 0.516137 0.00470827
947 0.775987 0.508781 0.00495068
948 0.775987 0.511903 0.00491098
949 0.775987 0.504497 0.00561092
950 0.775987 0.504094 0.00563996
951 0.775987 0.504529 0.00537442
952 0.775987 0.508926 0.00617456
953 0.775987 0.508734 0.00544561
954 0.775987 0.51112 0.00487779
955 0.775987 0.510319 0.00508947
956 0.775987 0.515312 0.00469511
957 0.775987 0.513603 0.00553854
958 0.775987 0.508357 0.00486486
959 0.775987 0.509369 0.00564304
960 0.775987 0.504904 0.00570155
961 0.775987 0.504457 0.00525072
962 0.775987 0.50999 0.00576127
963 0.775987 0.506273 0.00540062
964 0.775987 0.511167 0.00563704
965 0.775987 0.512242 0.00589837
966 0.775987 0.511967 0.00561098
967 0.775987 0.506467 0.00507307
968 0.775987 0.512431 0.0060365
969 0.775987 0.504008 0.00568869
970 0.775987 0.50108 0.00525863
971 0.775987 0.510801 0.00581849
972 0.775987 0.510255 0.00545109
973 0.775987 0.516863 0.00498597
974 0.775987 0.503401 0.00543763
975 0.775987 0.500113 0.00617688
976 0.775987 0.506221 0.00606857
977 0.775987 0.501714 0.00530823
978 0.775987 0.506927 0.00520778
979 0.775987 0.506868 0.00519964
980 0.775987 0.503343 0.00567139
981 0.775987 0.505898 0.00494287
982 0.775987 0.500665 0.00562123
983 0.775987 0.519181 0.00531474
984 0.775987 0.511566 0.00508518
985 0.775987 0.512566 0.005471
986 0.775987 0.505613 0.00551967
987 0.775987 0.513804 0.00545558
988 0.775987 0.512633 0.00511782
989 0.775987 0.511691 0.00615171
990 0.775987 0.512975 0.00490036
991 0.775987 0.507972 0.00492438
992 0.775987 0.50836 0.00582142
993 0.775987 0.502988 0.0060626
994 0.775987 0.512477 0.00521498
995 0.775987 0.513267 0.00522812
996 0.775987 0.509274 0.00548849
997 0.775987 0.51002 0.0050688
998 0.775987 0.50992 0.00558325
999 0.775987 0.509079 0.0049793
1000 0.775987 0.506741 0.0052188
1001 0.775987 0.512761 0.00477396
1002 0.775987 0.514918 0.00461756
1003 0.775987 0.506987 0.00563486
1004 0.775987 0.515661 0.0054211
1005 0.775987 0.505019 0.00598073
1006 0.775987 0.514289 0.0049278
1007 0.775987 0.518767 0.0059378
1008 0.775987 0.501 0.00547891
1009 0.775987 0.513008 0.00501431
1010 0.775987 0.510811 0.0052341
1011 0.775987 0.507549 0.00558549
1012 0.775987 0.512407 0.00498678
1013 0.775987 0.502976 0.00546936
1014 0.775987 0.503881 0.00511455
1015 0.775987 0.523846 0.00552593
1016 0.775987 0.504378 0.0049343
1017 0.775987 0.504826 0.00573446
1018 0.775987 0.491188 0.00548464
1019 0.775987 0.507695 0.00480875
1020 0.775987 0.511127 0.00471491
1021 0.775987 0.508007 0.00519958
1022 0.775987 0.521136 0.00476478
1023 0.775987 0.505425 0.00584146
1024 0.775987 0.506001 0.00559571
1025 0.775987 0.503185 0.00529627
1026 0.775987 0.502911 0.00479449
1027 0.775987 0.511537 0.00523878
1028 0.775987 0.508146 0.00467384
1029 0.775987 0.519707 0.0051665
1030 0.775987 0.514562 0.00576646
1031 0.775987 0.511315 0.00570856
1032 0.775987 0.5152 0.00553167
1033 0.775987 0.513764 0.00573278
1034 0.775987 0.512237 0.00573988
1035 0.775987 0.510487 0.00584314
1036 0.775987 0.508066 0.00571271
1037 0.775987 0.511746 0.00533163
1038 0.775987 0.51237 0.00464473
1039 0.775987 0.507549 0.00530706
1040 0.775987 0.5096 0.00585301
1041 0.775987 0.512835 0.00495127
1042 0.775987 0.509629 0.00548042
1043 0.775987 0.520379 0.00477796
1044 0.775987 0.504706 0.00535826
1045 0.775987 0.509767 0.00512378
1046 0.775987 0.512311 0.00463572
1047 0.775987 0.512313 0.00513719
1048 0.775987 0.51123 0.00505858
1049 0.775987 0.512932 0.00514155
1050 0.775987 0.509789 0.00533545
1051 0.775987 0.505142 0.00521638
1052 0.775987 0.513931 0.00522903
1053 0.775987 0.504994 0.00525358
1054 0.775987 0.513688 0.00502425
1055 0.775987 0.510792 0.00494913
1056 0.775987 0.510904 0.00476675
1057 0.775987 0.51588 0.0058456
1058 0.775987 0.507035 0.00505592
1059 0.775987 0.511866 0.00555767
1060 0.775987 0.512904 0.00514727
1061 0.775987 0.506167 0.00539778
1062 0.775987 0.51033 0.0052523
1063 0.775987 0.511534 0.0042493
1064 0.775987 0.506787 0.00500751
1065 0.775987 0.512323 0.00510885
1066 0.775987 0.50775 0.00496976
1067 0.775987 0.509317 0.00504196
1068 0.775987 0.518799 0.00415156
1069 0.775987 0.515432 0.00470079
1070 0.775987 0.515585 0.00514561
1071 0.775987 0.505054 0.00503882
1072 0.775987 0.514589 0.004763
1073 0.775987 0.512687 0.00481315
1074 0.775987 0.51691 0.00493875
1075 0.775987 0.513631 0.00483098
1076 0.775987 0.512917 0.00483498
1077 0.775987 0.512862 0.00516097
1078 0.775987 0.517236 0.0064894
1079 0.775987 0.513977 0.004656
1080 0.775987 0.519287 0.00531248
1081 0.775987 0.520336 0.0060404
1082 0.775987 0.510613 0.00553638
1083 0.775987 0.509848 0.00524579
1084 0.775987 0.506016 0.00488005
1085 0.775987 0.509869 0.00507697
1086 0.775987 0.517907 0.00510448
1087 0.775987 0.506898 0.00516588
1088 0.775987 0.518068 0.00513493
1089 0.775987 0.506632 0.00513635
1090 0.775987 0.507978 0.00632172
1091 0.775987 0.505549 0.00543895
1092 0.775987 0.513815 0.00470529
1093 0.775987 0.514178 0.00637177
1094 0.775987 0.506403 0.00506994
1095 0.775987 0.502096 0.00554789
1096 0.775987 0.519585 0.00534221
1097 0.775987 0.508981 0.00641768
1098 0.775987 0.515436 0.0052455
1099 0.775987 0.510083 0.00598823
1100 0.775987 0.511793 0.00590947
1101 0.775987 0.503769 0.00607673
1102 0.775987 0.495205 0.00579194
1103 0.775987 0.50368 0.00540139
1104 0.775987 0.502866 0.0057967
1105 0.775987 0.514098 0.00614702
1106 0.775987 0.505359 0.00634502
1107 0.775987 0.508625 0.00531003
1108 0.775987 0.513221 0.00530216
1109 0.775987 0.512303 0.00563145
1110 0.775987 0.517763 0.00537449
1111 0.775987 0.508541 0.00480394
1112 0.775987 0.511243 0.00576723
1113 0.775987 0.513931 0.00534798
1114 0.775987 0.506794 0.00531375
1115 0.775987 0.510076 0.00523614
1116 0.775987 0.508636 0.00526692
1117 0.775987 0.508887 0.00558165
1118 0.775987 0.515923 0.00536338
1119 0.775987 0.506329 0.00553287
1120 0.775987 0.514089 0.00552591
1121 0.775987 0.512686 0.00557857
1122 0.775987 0.512585 0.00477672
1123 0.775987 0.515258 0.00526602
1124 0.775987 0.507792 0.00541899
1125 0.775987 0.507622 0.00516119
1126 0.775987 0.518375 0.00430231
1127 0.775987 0.516568 0.00538877
1128 0.775987 0.508857 0.00521047
1129 0.775987 0.500846 0.00531331
1130 0.775987 0.514979 0.00471093
1131 0.775987 0.516715 0.0054222
1132 0.775987 0.509898 0.00533833
1133 0.775987 0.516288 0.00575983
1134 0.775987 0.509991 0.00576965
1135 0.775987 0.524578 0.00494104
1136 0.775987 0.520268 0.00610741
1137 0.775987 0.51583 0.00600316
1138 0.775987 0.516655 0.00533172
1139 0.775987 0.510901 0.00511815
1140 0.775987 0.510127 0.00552934
1141 0.775987 0.518428 0.00486074
1142 0.775987 0.517592 0.00487746
1143 0.775987 0.510431 0.00525672
1144 0.775987 0.513142 0.00617033
1145 0.775987 0.505069 0.00578719
1146 0.775987 0.520444 0.00594351
1147 0.775987 0.520613 0.00510421
1148 0.775987 0.507022 0.00550506
1149 0.775987 0.511054 0.00516717
1150 0.775987 0.514426 0.0062859
1151 0.775987 0.507128 0.00575564
1152 0.775987 0.518409 0.00516893
1153 0.775987 0.510778 0.00562129
1154 0.775987 0.514069 0.00514818
1155 0.775987 0.515497 0.00495595
1156 0.775987 0.50971 0.00526366
1157 0.775987 0.510184 0.00494943
1158 0.775987 0.506029 0.00551877
1159 0.775987 0.499843 0.00607265
1160 0.775987 0.507373 0.00464511
1161 0.775987 0.509755 0.00498914
1162 0.775987 0.506762 0.00504565
1163 0.775987 0.512657 0.00429763
1164 0.775987 0.508336 0.00432616
1165 0.775987 0.505085 0.00419509
1166 0.775987 0.511971 0.00535658
1167 0.775987 0.501751 0.00550012
1168 0.775987 0.507857 0.00516082
1169 0.775987 0.511986 0.00466501
1170 0.775987 0.513712 0.00502187
1171 0.775987 0.509896 0.00462433
1172 0.775987 0.500656 0.00509882
1173 0.775987 0.507578 0.00482318
1174 0.775987 0.517834 0.00477966
1175 0.775987 0.506368 0.00500982
1176 0.775987 0.506379 0.00461092
1177 0.775987 0.505845 0.004695
1178 0.775987 0.514087 0.00481804
1179 0.775987 0.514223 0.00500058
1180 0.775987 0.509049 0.00548863
1181 0.775987 0.513321 0.0045204
1182 0.775987 0.513216 0.00469823
1183 0.775987 0.511402 0.0055514
1184 0.775987 0.512723 0.00471935
1185 0.775987 0.509849 0.00474891
1186 0.775987 0.516309 0.00450634
1187 0.775987 0.513268 0.00485456
1188 0.775987 0.509473 0.00487701
1189 0.775987 0.504687 0.00529267
1190 0.775987 0.51221 0.00519129
1191 0.775987 0.515897 0.00515843
1192 0.775987 0.505359 0.00577859
1193 0.775987 0.514885 0.00498814
1194 0.775987 0.509719 0.00417985
1195 0.775987 0.51779 0.00447
1196 0.775987 0.519171 0.00457225
1197 0.775987 0.506519 0.00566527
1198 0.775987 0.502054 0.0051128
1199 0.775987 0.502139 0.00565095
1200 0.775987 0.506305 0.00586442
1201 0.775987 0.512228 0.00524529
1202 0.775987 0.512541 0.0051888
1203 0.775987 0.509962 0.00506517
1204 0.775987 0.515171 0.00518609
1205 0.775987 0.51107 0.00536865
1206 0.775987 0.510929 0.00593145
1207 0.775987 0.515377 0.00560763
1208 0.775987 0.50711 0.00535303
1209 0.775987 0.512633 0.0047872
1210 0.775987 0.503755 0.0052015
1211 0.775987 0.50724 0.00545011
1212 0.775987 0.514824 0.00606065
1213 0.775987 0.513275 0.00491788
1214 0.775987 0.515522 0.00534416
1215 0.775987 0.517548 0.00542328
1216 0.775987 0.510822 0.00531658
1217 0.775987 0.513117 0.00622471
1218 0.775987 0.514629 0.00635477
1219 0.775987 0.509621 0.00580771
1220 0.775987 0.509501 0.00557331
1221 0.775987 0.510905 0.00518747
1222 0.775987 0.512196 0.00579108
1223 0.775987 0.508966 0.00494876
1224 0.775987 0.514457 0.00591776
1225 0.775987 0.514426 0.00521768
1226 0.775987 0.52548 0.00501907
1227 0.775987 0.511287 0.00598034
1228 0.775987 0.514369 0.00499178
1229 0.775987 0.510946 0.00527785
1230 0.775987 0.50562 0.00568074
1231 0.775987 0.507408 0.00534179
1232 0.775987 0.509003 0.00552656
1233 0.775987 0.501727 0.00596814
1234 0.775987 0.503267 0.00503818
1235 0.775987 0.51066 0.00476382
1236 0.775987 0.51132 0.00559466
1237 0.775987 0.507174 0.00479486
1238 0.775987 0.506892 0.00633412
1239 0.775987 0.505633 0.00584205
1240 0.775987 0.503798 0.00726393
1241 0.775987 0.518028 0.0048107
1242 0.775987 0.512146 0.005136
1243 0.775987 0.50903 0.00618958
1244 0.775987 0.507566 0.00635107
1245 0.775987 0.509724 0.00571934
1246 0.775987 0.517891 0.00527243
1247 0.775987 0.515262 0.00611166
1248 0.775987 0.510739 0.00582343
1249 0.775987 0.510327 0.00542643
1250 0.775987 0.509177 0.00456703
1251 0.775987 0.506273 0.0050833
1252 0.775987 0.508457 0.00519759
1253 0.775987 0.512462 0.005205
1254 0.775987 0.511476 0.00501789
1255 0.775987 0.511192 0.00510244
1256 0.775987 0.512699 0.00573486
1257 0.775987 0.512442 0.00495059
1258 0.775987 0.51265 0.00593933
1259 0.775987 0.505525 0.00526118
1260 0.775987 0.507068 0.00511835
1261 0.775987 0.507737 0.00512906
1262 0.775987 0.507725 0.00468621
1263 0.775987 0.504094 0.00517589
1264 0.775987 0.509268 0.00490412
1265 0.775987 0.511617 0.00557311
1266 0.775987 0.51147 0.00542295
1267 0.775987 0.511495 0.00546685
1268 0.775987 0.51818 0.00467739
1269 0.775987 0.512421 0.00553133
1270 0.775987 0.514763 0.00518973
1271 0.775987 0.510379 0.00579053
1272 0.775987 0.511001 0.00555764
1273 0.775987 0.507224 0.00572813
1274 0.775987 0.518799 0.00519066
1275 0.775987 0.519232 0.00495098
1276 0.775987 0.513775 0.00557058
1277 0.775987 0.508744 0.00538149
1278 0.775987 0.508154 0.00491541
1279 0.775987 0.511166 0.00550386
1280 0.775987 0.514337 0.00601454
1281 0.775987 0.511267 0.00564822
1282 0.775987 0.517507 0.00532293
1283 0.775987 0.514139 0.00531186
1284 0.775987 0.509193 0.00513672
1285 0.775987 0.512259 0.00555962
1286 0.775987 0.507692 0.00577413
1287 0.775987 0.518116 0.00521849
1288 0.775987 0.506085 0.0053463
1289 0.775987 0.517781 0.00517089
1290 0.775987 0.510265 0.005132
1291 0.775987 0.512255 0.00541491
1292 0.775987 0.521912 0.00521834
1293 0.775987 0.520581 0.00591622
1294 0.775987 0.50728 0.00617077
1295 0.775987 0.51461 0.00498337
1296 0.775987 0.510608 0.00577946
1297 0.775987 0.512271 0.00537372
1298 0.775987 0.508813 0.0054228
1299 0.775987 0.516139 0.00571479
1300 0.775987 0.524326 0.0059092
1301 0.775987 0.520852 0.00563327
1302 0.775987 0.512018 0.00537739
1303 0.775987 0.510436 0.00498854
1304 0.775987 0.509975 0.00510949
1305 0.775987 0.505361 0.00526413
1306 0.775987 0.514182 0.00501868
1307 0.775987 0.50855 0.00521388
1308 0.775987 0.507012 0.005512
1309 0.775987 0.502375 0.00553592
1310 0.775987 0.51132 0.0057655
1311 0.775987 0.516407 0.00482223
1312 0.775987 0.512498 0.00548252
1313 0.775987 0.502984 0.00580873
1314 0.775987 0.515191 0.00495308
1315 0.775987 0.514519 0.00517157
1316 0.775987 0.509087 0.00527756
1317 0.775987 0.522103 0.00621372
1318 0.775987 0.515454 0.00491874
1319 0.775987 0.516049 0.00482506
1320 0.775987 0.512186 0.00528834
1321 0.775987 0.509839 0.00535297
1322 0.775987 0.510135 0.00543605
1323 0.775987 0.511536 0.00514602
1324 0.775987 0.514334 0.00519004
1325 0.775987 0.508434 0.00514393
1326 0.775987 0.508829 0.00461282
1327 0.775987 0.5076 0.00419683
1328 0.775987 0.509799 0.00503276
1329 0.775987 0.521817 0.00455596
1330 0.775987 0.516764 0.00513778
1331 0.775987 0.517538 0.00528985
1332 0.775987 0.516117 0.00543517
1333 0.775987 0.511776 0.00473085
1334 0.775987 0.518182 0.00489384
1335 0.775987 0.514503 0.00583841
1336 0.775987 0.510769 0.0045467
1337 0.775987 0.508003 0.00502484
1338 0.775987 0.515122 0.00550826
1339 0.775987 0.518687 0.00478081
1340 0.775987 0.520001 0.00440567
1341 0.775987 0.529236 0.00498589
1342 0.775987 0.520472 0.00524497
1343 0.775987 0.509522 0.00528524
1344 0.775987 0.508168 0.00494066
1345 0.775987 0.514348 0.00505674
1346 0.775987 0.511151 0.00513025
1347 0.775987 0.510958 0.00525721
1348 0.775987 0.51386 0.00498826
1349 0.775987 0.511059 0.00562056
1350 0.775987 0.514158 0.00498291
1351 0.775987 0.510435 0.00537129
1352 0.775987 0.525047 0.00518379
1353 0.775987 0.517177 0.00476302
1354 0.775987 0.509146 0.00488914
1355 0.775987 0.50672 0.00467776
1356 0.775987 0.514292 0.00545897
1357 0.775987 0.513705 0.00509279
1358 0.775987 0.505714 0.00496838
1359 0.775987 0.512616 0.00442856
1360 0.775987 0.505417 0.00520905
1361 0.775987 0.516948 0.00492992
1362 0.775987 0.510374 0.00478807
1363 0.775987 0.505446 0.00532229
1364 0.775987 0.513068 0.00533076
1365 0.775987 0.511643 0.00553071
1366 0.775987 0.515982 0.00557988
1367 0.775987 0.514338 0.00525729
1368 0.775987 0.510224 0.00564541
1369 0.775987 0.513118 0.00537471
1370 0.775987 0.519581 0.00661036
1371 0.775987 0.516479 0.00557098
1372 0.775987 0.519375 0.00509884
1373 0.775987 0.519303 0.00550402
1374 0.775987 0.522265 0.00501891
1375 0.775987 0.511591 0.00501511
1376 0.775987 0.516507 0.00462678
1377 0.775987 0.509576 0.00585318
1378 0.775987 0.506982 0.00505849
1379 0.775987 0.514229 0.00448702
1380 0.775987 0.517773 0.00498705
1381 0.775987 0.509898 0.00472092
1382 0.775987 0.506883 0.0051828
1383 0.775987 0.512009 0.00534806
1384 0.775987 0.512738 0.0052492
1385 0.775987 0.512281 0.00492748
1386 0.775987 0.501803 0.00575072
1387 0.775987 0.513647 0.00495027
1388 0.775987 0.520361 0.0054896
1389 0.775987 0.51048 0.00521997
1390 0.775987 0.516656 0.00562361
1391 0.775987 0.516521 0.00554685
1392 0.775987 0.512118 0.00495937
1393 0.775987 0.501908 0.00514601
1394 0.775987 0.507052 0.00499159
1395 0.775987 0.519984 0.00480773
1396 0.775987 0.51227 0.00463129
1397 0.775987 0.51156 0.00458706
1398 0.775987 0.517809 0.00450059
1399 0.775987 0.521979 0.00626664
1400 0.775987 0.513911 0.0048497
1401 0.775987 0.51488 0.0052551
1402 0.775987 0.509082 0.005078
1403 0.775987 0.513552 0.00500798
1404 0.775987 0.510452 0.00467433
1405 0.775987 0.518731 0.00456574
1406 0.775987 0.511669 0.00496628
1407 0.775987 0.514939 0.00502348
1408 0.775987 0.516641 0.00441481
1409 0.775987 0.511887 0.0052403
1410 0.775987 0.513661 0.00500169
1411 0.775987 0.515147 0.00517704
1412 0.775987 0.518848 0.00472124
1413 0.775987 0.50886 0.00518318
1414 0.775987 0.513658 0.00475257
1415 0.775987 0.511567 0.00541217
1416 0.775987 0.51463 0.00444419
1417 0.775987 0.51371 0.0047982
1418 0.775987 0.517226 0.00545126
1419 0.775987 0.511907 0.00520987
1420 0.775987 0.509874 0.0052083
1421 0.775987 0.509123 0.00518111
1422 0.775987 0.516261 0.00507884
1423 0.775987 0.507781 0.00458403
1424 0.775987 0.507737 0.00488606
1425 0.775987 0.51729 0.00567093
1426 0.775987 0.51271 0.00477285
1427 0.775987 0.516574 0.0050034
1428 0.775987 0.518707 0.00454485
1429 0.775987 0.506833 0.00512863
1430 0.775987 0.510757 0.00522808
1431 0.775987 0.511554 0.00493566
1432 0.775987 0.514847 0.00443216
1433 0.775987 0.515292 0.00439055
1434 0.775987 0.52081 0.00489266
1435 0.775987 0.522124 0.00443085
1436 0.775987 0.507304 0.00460441
1437 0.775987 0.517785 0.00421392
1438 0.775987 0.513115 0.00511072
1439 0.775987 0.510954 0.0061868
1440 0.775987 0.509851 0.00462841
1441 0.775987 0.50871 0.00474789
1442 0.775987 0.510223 0.00556171
1443 0.775987 0.512921 0.00533908
1444 0.775987 0.504077 0.00550107
1445 0.775987 0.514175 0.00449303
1446 0.775987 0.513381 0.00453639
1447 0.775987 0.511491 0.00625815
1448 0.775987 0.505852 0.00563827
1449 0.775987 0.510141 0.00543978
1450 0.775987 0.510807 0.00486087
1451 0.775987 0.507489 0.00494994
1452 0.775987 0.510908 0.00551374
1453 0.775987 0.512595 0.00581146
1454 0.775987 0.50996 0.0053349
1455 0.775987 0.515698 0.00513822
1456 0.775987 0.512335 0.00470288
1457 0.775987 0.512994 0.00561042
1458 0.775987 0.507974 0.00466021
1459 0.775987 0.505351 0.00523429
1460 0.775987 0.51281 0.00580096
1461 0.775987 0.508982 0.0051169
1462 0.775987 0.514048 0.00506146
1463 0.775987 0.509116 0.00458379
1464 0.775987 0.510215 0.00588932
1465 0.775987 0.50643 0.00603832
1466 0.775987 0.513387 0.00626419
1467 0.775987 0.502851 0.00555246
1468 0.775987 0.511154 0.00509262
1469 0.775987 0.518832 0.00514057
1470 0.775987 0.508032 0.00506594
1471 0.775987 0.50705 0.00534179
1472 0.775987 0.502494 0.00547591
1473 0.775987 0.509254 0.00611275
1474 0.775987 0.517812 0.00514218
1475 0.775987 0.515477 0.00544617
1476 0.775987 0.514593 0.00530087
1477 0.775987 0.507504 0.00476262
1478 0.775987 0.507394 0.00593042
1479 0.775987 0.506602 0.0057882
1480 0.775987 0.508241 0.00549102
1481 0.775987 0.504607 0.00549975
1482 0.775987 0.502874 0.00544858
1483 0.775987 0.502359 0.00505001
1484 0.775987 0.508241 0.00503736
1485 0.775987 0.509838 0.00463509
1486 0.775987 0.513776 0.00492274
1487 0.775987 0.518694 0.00498442
1488 0.775987 0.513383 0.00566455
1489 0.775987 0.51471 0.00513655
1490 0.775987 0.51424 0.00488914
1491 0.775987 0.517768 0.00427788
1492 0.775987 0.514124 0.00510888
1493 0.775987 0.51244 0.00523925
1494 0.775987 0.511421 0.00514704
1495 0.775987 0.510498 0.00536608
1496 0.775987 0.51712 0.0048769
1497 0.775987 0.511975 0.0052171
1498 0.775987 0.511928 0.00466811
1499 0.775987 0.517842 0.00477875
1500 0.775987 0.509017 0.00587102
1501 0.775987 0.511865 0.00503819
1502 0.775987 0.514268 0.00511099
1503 0.775987 0.509499 0.00525435
1504 0.775987 0.503734 0.00482496
1505 0.775987 0.512318 0.00505803
1506 0.775987 0.511552 0.00522597
1507 0.775987 0.501868 0.00530226
1508 0.775987 0.510518 0.00551956
1509 0.775987 0.503711 0.00516146
1510 0.775987 0.50811 0.00528109
1511 0.775987 0.510114 0.00474663
1512 0.775987 0.505981 0.00519803
1513 0.775987 0.509644 0.00472248
1514 0.775987 0.505924 0.00485815
1515 0.775987 0.509167 0.00515163
1516 0.775987 0.509039 0.00530906
1517 0.775987 0.512261 0.00436466
1518 0.775987 0.507894 0.00496239
1519 0.775987 0.501726 0.00515408
1520 0.775987 0.516484 0.00486961
1521 0.775987 0.50773 0.004842
1522 0.775987 0.51542 0.00455573
1523 0.775987 0.513154 0.00527566
1524 0.775987 0.500854 0.00594766
1525 0.775987 0.510386 0.00552301
1526 0.775987 0.510004 0.00482026
1527 0.775987 0.511817 0.00590195
1528 0.775987 0.509858 0.00566637
1529 0.775987 0.516904 0.00566841
1530 0.775987 0.505325 0.00548611
1531 0.775987 0.503802 0.00592768
1532 0.775987 0.49959 0.00515049
1533 0.775987 0.511664 0.00521061
1534 0.775987 0.505017 0.00565828
1535 0.775987 0.505218 0.00512542
1536 0.775987 0.518383 0.00463059
1537 0.775987 0.507994 0.00466835
1538 0.775987 0.509886 0.00524804
1539 0.775987 0.506624 0.0052596
1540 0.775987 0.509341 0.00531481
1541 0.775987 0.504738 0.00506452
1542 0.775987 0.506472 0.00644756
1543 0.775987 0.505592 0.00578944
1544 0.775987 0.513482 0.00528268
1545 0.775987 0.505905 0.00516442
1546 0.775987 0.513573 0.00558339
1547 0.775987 0.518443 0.0056597
1548 0.775987 0.513279 0.00620189
1549 0.775987 0.517201 0.00587297
1550 0.775987 0.511712 0.0050284
1551 0.775987 0.512781 0.0054901
1552 0.775987 0.510306 0.00505368
1553 0.775987 0.508706 0.00642221
1554 0.775987 0.512454 0.00568052
1555 0.775987 0.501912 0.00495999
1556 0.775987 0.503142 0.0054291
1557 0.775987 0.506861 0.00524685
1558 0.775987 0.512954 0.00475797
1559 0.775987 0.509987 0.00559492
1560 0.775987 0.507114 0.00515876
1561 0.775987 0.509945 0.00527307
1562 0.775987 0.514299 0.00545623
1563 0.775987 0.514439 0.00484481
1564 0.775987 0.518199 0.00506453
1565 0.775987 0.507847 0.00477132
1566 0.775987 0.525132 0.00505973
1567 0.775987 0.520478 0.00488499
1568 0.775987 0.515052 0.00595107
1569 0.775987 0.508157 0.00550817
1570 0.775987 0.512771 0.00581295
1571 0.775987 0.521057 0.00583339
1572 0.775987 0.518333 0.00558902
1573 0.775987 0.515755 0.00572577
1574 0.775987 0.514454 0.00490397
1575 0.775987 0.500545 0.00557272
1576 0.775987 0.505042 0.00510978
1577 0.775987 0.500596 0.00630691
1578 0.775987 0.503557 0.00598853
1579 0.775987 0.505431 0.00524066
1580 0.775987 0.511152 0.00514902
1581 0.775987 0.507199 0.00574291
1582 0.775987 0.513043 0.00624655
1583 0.775987 0.508482 0.00518953
1584 0.775987 0.511596 0.00495809
1585 0.775987 0.507169 0.00575372
1586 0.775987 0.508451 0.00469123
1587 0.775987 0.512872 0.00534238
1588 0.775987 0.507309 0.00548829
1589 0.775987 0.51984 0.00482493
1590 0.775987 0.513496 0.0048846
1591 0.775987 0.513628 0.00519296
1592 0.775987 0.512895 0.0044591
1593 0.775987 0.50422 0.00544251
1594 0.775987 0.513181 0.00460761
1595 0.775987 0.511173 0.0048618
1596 0.775987 0.508123 0.00545568
1597 0.775987 0.512749 0.00512612
1598 0.775987 0.515473 0.00542962
1599 0.775987 0.514113 0.00576021
1600 0.775987 0.513566 0.00465107
1601 0.775987 0.513073 0.00579767
1602 0.775987 0.517206 0.00537255
1603 0.775987 0.511819 0.00504149
1604 0.775987 0.511508 0.00506527
1605 0.775987 0.513582 0.00495404
1606 0.775987 0.505448 0.005208
1607 0.775987 0.506523 0.00545485
1608 0.775987 0.502788 0.00547626
1609 0.775987 0.510726 0.00522484
1610 0.775987 0.498583 0.00527257
1611 0.775987 0.508198 0.0051477
1612 0.775987 0.51202 0.00542465
1613 0.775987 0.513719 0.00575382
1614 0.775987 0.513396 0.00488437
1615 0.775987 0.515094 0.00509968
1616 0.775987 0.511609 0.00530643
1617 0.775987 0.507586 0.00516651
1618 0.775987 0.509276 0.00476041
1619 0.775987 0.513517 0.00519934
1620 0.775987 0.508934 0.00501286
1621 0.775987 0.500312 0.00586258
1622 0.775987 0.511699 0.00524944
1623 0.775987 0.510321 0.00563038
1624 0.775987 0.509082 0.00518693
1625 0.775987 0.503291 0.00557159
1626 0.775987 0.516702 0.00606341
1627 0.775987 0.504952 0.00578663
1628 0.775987 0.514263 0.00533578
1629 0.775987 0.508487 0.00588382
1630 0.775987 0.510569 0.00522719
1631 0.775987 0.518473 0.00542009
1632 0.775987 0.508777 0.00518805
1633 0.775987 0.512653 0.00540775
1634 0.775987 0.514974 0.00526106
1635 0.775987 0.507759 0.00564396
1636 0.775987 0.511685 0.00603198
1637 0.775987 0.506711 0.00685678
1638 0.775987 0.515286 0.00598146
1639 0.775987 0.511782 0.00560481
1640 0.775987 0.515244 0.00476525
1641 0.775987 0.516848 0.00522265
1642 0.775987 0.505716 0.00561163
1643 0.775987 0.511756 0.00655009
1644 0.775987 0.51571 0.00538754
1645 0.775987 0.505716 0.0049388
1646 0.775987 0.514385 0.00511695
1647 0.775987 0.51697 0.00473806
1648 0.775987 0.519732 0.00473485
1649 0.775987 0.526714 0.00496353
1650 0.775987 0.520587 0.00507245
1651 0.775987 0.516737 0.0051487
1652 0.775987 0.513785 0.00629438
1653 0.775987 0.509905 0.00524531
1654 0.775987 0.518986 0.00524387
1655 0.775987 0.5171 0.00600112
1656 0.775987 0.519018 0.0051613
1657 0.775987 0.507085 0.00528105
1658 0.775987 0.512256 0.0051074
1659 0.775987 0.503728 0.00563273
1660 0.775987 0.499317 0.00523464
1661 0.775987 0.518778 0.00545558
1662 0.775987 0.517304 0.00605483
1663 0.775987 0.514222 0.00530325
1664 0.775987 0.507173 0.00533099
1665 0.775987 0.51363 0.00524028
1666 0.775987 0.516605 0.00663619
1667 0.775987 0.514202 0.00561067
1668 0.775987 0.506544 0.00579464
1669 0.775987 0.514208 0.0047952
1670 0.775987 0.507151 0.00589555
1671 0.775987 0.506987 0.00501124
1672 0.775987 0.515649 0.00510465
1673 0.775987 0.519532 0.00592029
1674 0.775987 0.514485 0.0057082
1675 0.775987 0.517445 0.0057806
1676 0.775987 0.509742 0.00593951
1677 0.775987 0.508666 0.00534518
1678 0.775987 0.505499 0.0060022
1679 0.775987 0.520382 0.00568231
1680 0.775987 0.511333 0.00564125
1681 0.775987 0.510869 0.00680452
1682 0.775987 0.5055 0.00585114
1683 0.775987 0.507989 0.00514384
1684 0.775987 0.51144 0.0049935
1685 0.775987 0.514569 0.00502841
1686 0.775987 0.506058 0.0051357
1687 0.775987 0.512544 0.00587931
1688 0.775987 0.503892 0.00518865
1689 0.775987 0.507224 0.00538835
1690 0.775987 0.513713 0.00557463
1691 0.775987 0.514615 0.00504134
1692 0.775987 0.506203 0.00472716
1693 0.775987 0.510828 0.00458126
1694 0.775987 0.511844 0.00465102
1695 0.775987 0.510589 0.00505843
1696 0.775987 0.510128 0.00515803
1697 0.775987 0.508309 0.00462964
1698 0.775987 0.508543 0.00515748
1699 0.775987 0.517781 0.00548617
1700 0.775987 0.510613 0.00539709
1701 0.775987 0.514255 0.0048005
1702 0.775987 0.511147 0.00508635
1703 0.775987 0.513329 0.00467947
1704 0.775987 0.518162 0.00535681
1705 0.775987 0.503055 0.00529756
1706 0.775987 0.516467 0.00492241
1707 0.775987 0.510307 0.00524907
1708 0.775987 0.502203 0.004955
1709 0.775987 0.512632 0.00501278
1710 0.775987 0.511606 0.00525155
1711 0.775987 0.515052 0.00570686
1712 0.775987 0.52007 0.00468232
1713 0.775987 0.511815 0.00469609
1714 0.775987 0.51385 0.00503375
1715 0.775987 0.508912 0.00500424
1716 0.775987 0.516477 0.0048587
1717 0.775987 0.50963 0.00464687
1718 0.775987 0.508976 0.00524952
1719 0.775987 0.511404 0.0045818
1720 0.775987 0.511167 0.0054917
1721 0.775987 0.511644 0.00561029
1722 0.775987 0.510206 0.00476318
1723 0.775987 0.507911 0.00546833
1724 0.775987 0.51902 0.00473257
1725 0.775987 0.517378 0.00468611
1726 0.775987 0.515018 0.00505965
1727 0.775987 0.517108 0.00470392
1728 0.775987 0.515082 0.00487543
1729 0.775987 0.509841 0.00466458
1730 0.775987 0.512708 0.00519702
1731 0.775987 0.520882 0.00442817
1732 0.775987 0.508591 0.00517836
1733 0.775987 0.509324 0.00563412
1734 0.775987 0.507293 0.004915
1735 0.775987 0.503953 0.00572866
1736 0.775987 0.509603 0.00560404
1737 0.775987 0.507259 0.00450312
1738 0.775987 0.502753 0.00544531
1739 0.775987 0.508541 0.00552113
1740 0.775987 0.516623 0.00511537
1741 0.775987 0.519016 0.00482345
1742 0.775987 0.518242 0.00563753
1743 0.775987 0.521835 0.00504538
1744 0.775987 0.524887 0.00501918
1745 0.775987 0.516391 0.00529854
1746 0.775987 0.51396 0.00458518
1747 0.775987 0.518549 0.00448466
1748 0.775987 0.519487 0.00468689
1749 0.775987 0.518521 0.00512307
1750 0.775987 0.516236 0.00495474
1751 0.775987 0.513374 0.00483703
1752 0.775987 0.510644 0.00584617
1753 0.775987 0.515322 0.00514553
1754 0.775987 0.521163 0.00475463
1755 0.775987 0.512682 0.00481275
1756 0.775987 0.517052 0.00510819
1757 0.775987 0.516025 0.00433712
1758 0.775987 0.509175 0.00469412
1759 0.775987 0.508331 0.00463123
1760 0.775987 0.515338 0.00488694
1761 0.775987 0.516806 0.00525087
1762 0.775987 0.506752 0.0052691
1763 0.775987 0.511208 0.00477733
1764 0.775987 0.509719 0.00559787
1765 0.775987 0.506881 0.00539603
1766 0.775987 0.512253 0.00474466
1767 0.775987 0.513864 0.00528481
1768 0.775987 0.509099 0.00493036
1769 0.775987 0.5057 0.00563318
1770 0.775987 0.508151 0.00512988
1771 0.775987 0.513495 0.00542628
1772 0.775987 0.514535 0.00529256
1773 0.775987 0.508579 0.00515445
1774 0.775987 0.510335 0.00510136
1775 0.775987 0.507363 0.00604554
1776 0.775987 0.510504 0.00463956
1777 0.775987 0.510978 0.00559495
1778 0.775987 0.502725 0.0059995
1779 0.775987 0.517833 0.0050105
1780 0.775987 0.51335 0.00574069
1781 0.775987 0.510254 0.00542519
1782 0.775987 0.513236 0.00483899
1783 0.775987 0.514082 0.00549522
1784 0.775987 0.516382 0.0050584
1785 0.775987 0.517087 0.00518167
1786 0.775987 0.522372 0.00412906
1787 0.775987 0.510484 0.00513152
1788 0.775987 0.509986 0.0054479
1789 0.775987 0.510465 0.00481816
1790 0.775987 0.510897 0.00517482
1791 0.775987 0.503552 0.00511672
1792 0.775987 0.510941 0.00616648
1793 0.775987 0.50313 0.00635518
1794 0.775987 0.511539 0.00610894
1795 0.775987 0.511312 0.00551078
1796 0.775987 0.511943 0.00572644
1797 0.775987 0.518066 0.00504585
1798 0.775987 0.508023 0.00476634
1799 0.775987 0.517822 0.00502563
1800 0.775987 0.503979 0.00544668
1801 0.775987 0.512804 0.00595085
1802 0.775987 0.510364 0.00508755
1803 0.775987 0.500911 0.00558213
1804 0.775987 0.507367 0.0052901
1805 0.775987 0.507398 0.00634553
1806 0.775987 0.504981 0.00547152
1807 0.775987 0.507916 0.00441235
1808 0.775987 0.517691 0.00534011
1809 0.775987 0.512299 0.00539267
1810 0.775987 0.497581 0.00601797
1811 0.775987 0.498685 0.00527013
1812 0.775987 0.508399 0.00518608
1813 0.775987 0.514066 0.00533077
1814 0.775987 0.500235 0.00517185
1815 0.775987 0.501563 0.00626225
1816 0.775987 0.506429 0.00570346
1817 0.775987 0.505147 0.0053429
1818 0.775987 0.509968 0.00569896
1819 0.775987 0.514085 0.00529368
1820 0.775987 0.513378 0.00479258
1821 0.775987 0.515725 0.00558028
1822 0.775987 0.503324 0.00539994
1823 0.775987 0.505093 0.00535582
1824 0.775987 0.511353 0.00526429
1825 0.775987 0.50857 0.0048379
1826 0.775987 0.50874 0.00501714
1827 0.775987 0.511665 0.00497784
1828 0.775987 0.516806 0.00523713
1829 0.775987 0.507839 0.00544059
1830 0.775987 0.513992 0.00500284
1831 0.775987 0.516261 0.00518694
1832 0.775987 0.511078 0.00512183
1833 0.775987 0.51254 0.00452505
1834 0.775987 0.509575 0.00509011
1835 0.775987 0.501975 0.00570144
1836 0.775987 0.510494 0.00504814
1837 0.775987 0.508707 0.00500278
1838 0.775987 0.511599 0.00475347
1839 0.775987 0.511887 0.00567551
1840 0.775987 0.510882 0.00455984
1841 0.775987 0.505002 0.00488139
1842 0.775987 0.507225 0.00454898
1843 0.775987 0.503348 0.00536026
1844 0.775987 0.516597 0.00533608
1845 0.775987 0.505617 0.00574163
1846 0.775987 0.513969 0.00564247
1847 0.775987 0.51097 0.00532856
1848 0.775987 0.509486 0.00524642
1849 0.775987 0.514537 0.00549895
1850 0.775987 0.507095 0.00578719
1851 0.775987 0.501242 0.00523789
1852 0.775987 0.505368 0.00479876
1853 0.775987 0.501892 0.0050754
1854 0.775987 0.504787 0.00639721
1855 0.775987 0.505347 0.00557224
1856 0.775987 0.512454 0.00512821
1857 0.775987 0.518716 0.00579308
1858 0.775987 0.509356 0.00493568
1859 0.775987 0.506192 0.00473551
1860 0.775987 0.512718 0.00463723
1861 0.775987 0.512331 0.0046854
1862 0.775987 0.503187 0.00470529
1863 0.775987 0.50413 0.00519599
1864 0.775987 0.50661 0.00525557
1865 0.775987 0.515093 0.00529264
1866 0.775987 0.50957 0.00578935
1867 0.775987 0.514293 0.00495507
1868 0.775987 0.517534 0.00459018
1869 0.775987 0.512309 0.00522619
1870 0.775987 0.508513 0.00549081
1871 0.775987 0.508265 0.00525478
1872 0.775987 0.514315 0.00503491
1873 0.775987 0.511529 0.00495302
1874 0.775987 0.515636 0.00467531
1875 0.775987 0.516866 0.00474517
1876 0.775987 0.504507 0.0059638
1877 0.775987 0.510902 0.00488443
1878 0.775987 0.517008 0.00533508
1879 0.775987 0.508288 0.00514119
1880 0.775987 0.510788 0.00544835
1881 0.775987 0.517774 0.00481719
1882 0.775987 0.515212 0.00470129
1883 0.775987 0.512082 0.00516027
1884 0.775987 0.50994 0.00503998
1885 0.775987 0.506633 0.00524436
1886 0.775987 0.515825 0.00520538
1887 0.775987 0.502828 0.005657
1888 0.775987 0.505996 0.00543636
1889 0.775987 0.515812 0.00523193
1890 0.775987 0.513393 0.00563166
1891 0.775987 0.517904 0.00498077
1892 0.775987 0.505907 0.00461116
1893 0.775987 0.5079 0.00473071
1894 0.775987 0.514617 0.0049164
1895 0.775987 0.512448 0.00591616
1896 0.775987 0.514522 0.00552979
1897 0.775987 0.505115 0.0060105
1898 0.775987 0.511837 0.00488222
1899 0.775987 0.514186 0.00490534
1900 0.775987 0.508485 0.00532176
1901 0.775987 0.51425 0.00510635
1902 0.775987 0.512531 0.00487632
1903 0.775987 0.511851 0.0044644
1904 0.775987 0.510544 0.00563194
1905 0.775987 0.516732 0.00548837
1906 0.775987 0.512791 0.00505127
1907 0.775987 0.516129 0.00592726
1908 0.775987 0.516636 0.00517809
1909 0.775987 0.514684 0.00502437
1910 0.775987 0.516951 0.00530465
1911 0.775987 0.509406 0.00542755
1912 0.775987 0.508038 0.00493115
1913 0.775987 0.512551 0.00460748
1914 0.775987 0.505505 0.00470905
1915 0.775987 0.505035 0.0050781
1916 0.775987 0.50836 0.0047563
1917 0.775987 0.52139 0.0047249
1918 0.775987 0.522229 0.00481657
1919 0.775987 0.521576 0.005318
1920 0.775987 0.507168 0.00582349
1921 0.775987 0.506337 0.00551788
1922 0.775987 0.506868 0.00494409
1923 0.775987 0.510296 0.00477086
1924 0.775987 0.509742 0.00526754
1925 0.775987 0.51309 0.0049211
1926 0.775987 0.515881 0.00457589
1927 0.775987 0.515129 0.00468746
1928 0.775987 0.522575 0.00441894
1929 0.775987 0.514999 0.00525681
1930 0.775987 0.506255 0.00488358
1931 0.775987 0.5049 0.00467562
1932 0.775987 0.508506 0.00493222
1933 0.775987 0.507269 0.00516012
1934 0.775987 0.516665 0.0054673
1935 0.775987 0.511669 0.00516061
1936 0.775987 0.507305 0.00573512
1937 0.775987 0.513176 0.00526185
1938 0.775987 0.518357 0.00479912
1939 0.775987 0.511271 0.00596896
1940 0.775987 0.516956 0.00499395
1941 0.775987 0.509383 0.00606561
1942 0.775987 0.523561 0.00558268
1943 0.775987 0.517949 0.0053918
1944 0.775987 0.509014 0.00529352
1945 0.775987 0.506903 0.00504015
1946 0.775987 0.502305 0.00537444
1947 0.775987 0.502487 0.00476158
1948 0.775987 0.511263 0.00455662
1949 0.775987 0.508568 0.00597119
1950 0.775987 0.51672 0.00475401
1951 0.775987 0.511529 0.0052965
1952 0.775987 0.511565 0.00517846
1953 0.775987 0.503399 0.00491455
1954 0.775987 0.515099 0.00435027
1955 0.775987 0.516351 0.00520231
1956 0.775987 0.510794 0.00526917
1957 0.775987 0.517842 0.00498592
1958 0.775987 0.517196 0.00512002
1959 0.775987 0.50625 0.00593293
1960 0.775987 0.505684 0.00634762
1961 0.775987 0.50894 0.00526315
1962 0.775987 0.510996 0.00538313
1963 0.775987 0.510262 0.00600619
1964 0.775987 0.508381 0.00585547
1965 0.775987 0.511672 0.00553061
1966 0.775987 0.51362 0.00479002
1967 0.775987 0.509349 0.00527242
1968 0.775987 0.516212 0.00457594
1969 0.775987 0.513793 0.00534279
1970 0.775987 0.505834 0.00520117
1971 0.775987 0.515017 0.00496719
1972 0.775987 0.520916 0.00528385
1973 0.775987 0.514361 0.00564733
1974 0.775987 0.508373 0.00518891
1975 0.775987 0.513111 0.00564356
1976 0.775987 0.513004 0.00603172
1977 0.775987 0.511082 0.00566348
1978 0.775987 0.509927 0.00615273
1979 0.775987 0.508757 0.00598859
1980 0.775987 0.51303 0.00541116
1981 0.775987 0.516206 0.00520619
1982 0.775987 0.508365 0.00563335
1983 0.775987 0.515121 0.00606384
1984 0.775987 0.51295 0.00550947
1985 0.775987 0.509939 0.00616184
1986 0.775987 0.512152 0.00563753
1987 0.775987 0.508291 0.00583023
1988 0.775987 0.506818 0.00572517
1989 0.775987 0.511935 0.00527534
1990 0.775987 0.507106 0.0058231
1991 0.775987 0.504383 0.00494216
1992 0.775987 0.5147 0.00490273
1993 0.775987 0.506003 0.00561274
1994 0.775987 0.511056 0.00502808
1995 0.775987 0.506957 0.00571144
1996 0.775987 0.512501 0.00529228
1997 0.775987 0.507942 0.00492054
1998 0.775987 0.509318 0.00525419
1999 0.775987 0.507598 0.00554485
2000 0.775987 0.515534 0.00517958
2001 0.775987 0.512517 0.0047868
2002 0.775987 0.501959 0.00515624
2003 0.775987 0.506127 0.00523565
2004 0.775987 0.513579 0.00555001
2005 0.775987 0.511277 0.00483754
2006 0.775987 0.514334 0.00537113
2007 0.775987 0.506899 0.00475608
2008 0.775987 0.517916 0.00499426
2009 0.775987 0.515765 0.00506815
2010 0.775987 0.509902 0.00465244
2011 0.775987 0.51258 0.00525238
2012 0.775987 0.513372 0.00514782
2013 0.775987 0.512731 0.0051396
2014 0.775987 0.508873 0.00548939
2015 0.775987 0.510557 0.00444005
2016 0.775987 0.517806 0.005337
2017 0.775987 0.512983 0.00495516
2018 0.775987 0.510363 0.00504887
2019 0.775987 0.514414 0.0052865
2020 0.775987 0.509828 0.00507614
2021 0.775987 0.508717 0.00457377
2022 0.775987 0.504487 0.00542312
2023 0.775987 0.501986 0.00526796
2024 0.775987 0.509108 0.00486276
2025 0.775987 0.505658 0.0051604
2026 0.775987 0.512161 0.0044836
2027 0.775987 0.507983 0.00505616
2028 0.775987 0.510889 0.00567911
2029 0.775987 0.505138 0.0047045
2030 0.775987 0.515549 0.00517998
2031 0.775987 0.516202 0.00522459
2032 0.775987 0.517566 0.0055745
2033 0.775987 0.509094 0.0044739
2034 0.775987 0.500989 0.00576905
2035 0.775987 0.509748 0.00487583
2036 0.775987 0.510982 0.00505558
2037 0.775987 0.507746 0.00525495
2038 0.775987 0.519253 0.00544116
2039 0.775987 0.517431 0.00521703
2040 0.775987 0.508662 0.00622183
2041 0.775987 0.510946 0.00526505
2042 0.775987 0.516438 0.00519255
2043 0.775987 0.515861 0.00482986
2044 0.775987 0.5079 0.00571716
2045 0.775987 0.521682 0.00479043
2046 0.775987 0.514536 0.00575049
2047 0.775987 0.515376 0.00510251
2048 0.775987 0.510373 0.00541456
2049 0.775987 0.516662 0.00521373
2050 0.775987 0.517651 0.00560919
2051 0.775987 0.51562 0.0057209
2052 0.775987 0.515123 0.00498121
2053 0.775987 0.503209 0.00495703
2054 0.775987 0.511599 0.00537577
2055 0.775987 0.513978 0.00542838
2056 0.775987 0.508112 0.00522774
2057 0.775987 0.509803 0.00595123
2058 0.775987 0.510641 0.00528333
2059 0.775987 0.507994 0.00550424
2060 0.775987 0.511675 0.00497521
2061 0.775987 0.516191 0.00467167
2062 0.775987 0.513035 0.00548446
2063 0.775987 0.513157 0.00595357
2064 0.775987 0.51098 0.00553388
2065 0.775987 0.519722 0.00490792
2066 0.775987 0.510876 0.00555831
2067 0.775987 0.510636 0.00552577
2068 0.775987 0.503997 0.00506615
2069 0.775987 0.506164 0.00480728
2070 0.775987 0.507512 0.00523135
2071 0.775987 0.51639 0.00563388
2072 0.775987 0.512712 0.00528817
2073 0.775987 0.507768 0.00561993
2074 0.775987 0.51359 0.00550266
2075 0.775987 0.512159 0.00563898
2076 0.775987 0.521523 0.00564516
2077 0.775987 0.507873 0.00506385
2078 0.775987 0.511985 0.00602885
2079 0.775987 0.512957 0.00522646
2080 0.775987 0.507695 0.00555483
2081 0.775987 0.504018 0.00531829
2082 0.775987 0.513039 0.00483562
2083 0.775987 0.515656 0.00507795
2084 0.775987 0.509471 0.00580409
2085 0.775987 0.51309 0.005986
2086 0.775987 0.507583 0.00523199
2087 0.775987 0.513211 0.00534187
2088 0.775987 0.502744 0.00525624
2089 0.775987 0.508388 0.00470594
2090 0.775987 0.511237 0.00607167
2091 0.775987 0.503638 0.00553989
2092 0.775987 0.511955 0.00539598
2093 0.775987 0.513759 0.0056331
2094 0.775987 0.507737 0.0056494
2095 0.775987 0.511765 0.00529727
2096 0.775987 0.518961 0.00445921
2097 0.775987 0.516306 0.00465343
2098 0.775987 0.5104 0.00491345
2099 0.775987 0.506401 0.00550388
2100 0.775987 0.506992 0.00588093
2101 0.775987 0.506054 0.00556795
2102 0.775987 0.505238 0.00578838
2103 0.775987 0.519789 0.0057014
2104 0.775987 0.519622 0.00538732
2105 0.775987 0.506988 0.00521856
2106 0.775987 0.511751 0.00521483
2107 0.775987 0.513175 0.00493733
2108 0.775987 0.504889 0.00549471
2109 0.775987 0.505441 0.0052953
2110 0.775987 0.506057 0.00505478
2111 0.775987 0.502304 0.00563616
2112 0.775987 0.50733 0.00501449
2113 0.775987 0.508279 0.00521681
2114 0.775987 0.518604 0.00413644
2115 0.775987 0.507347 0.00511193
2116 0.775987 0.507874 0.00477382
2117 0.775987 0.51756 0.00513993
2118 0.775987 0.517711 0.00478805
2119 0.775987 0.516186 0.00484493
2120 0.775987 0.509471 0.00513698
2121 0.775987 0.512506 0.00530145
2122 0.775987 0.516657 0.0047831
2123 0.775987 0.512751 0.00465221
2124 0.775987 0.516474 0.00442286
2125 0.775987 0.513397 0.00546738
2126 0.775987 0.517506 0.00494405
2127 0.775987 0.520614 0.00450269
2128 0.775987 0.514832 0.00492372
2129 0.775987 0.513174 0.00475163
2130 0.775987 0.507281 0.00493649
2131 0.775987 0.508596 0.00523293
2132 0.775987 0.51608 0.0047884
2133 0.775987 0.510196 0.00624372
2134 0.775987 0.511769 0.00501358
2135 0.775987 0.514718 0.00506472
2136 0.775987 0.515971 0.00507094
2137 0.775987 0.510569 0.00534821
2138 0.775987 0.511813 0.00500179
2139 0.775987 0.512348 0.00481776
2140 0.775987 0.51512 0.00550438
2141 0.775987 0.510857 0.00575522
2142 0.775987 0.513699 0.00609896
2143 0.775987 0.509888 0.00504158
2144 0.775987 0.503565 0.00521744
2145 0.775987 0.509954 0.00601812
2146 0.775987 0.514076 0.00527436
2147 0.775987 0.515093 0.00536474
2148 0.775987 0.522346 0.00501873
2149 0.775987 0.512089 0.0051769
2150 0.775987 0.514945 0.00525986
2151 0.775987 0.516124 0.00472261
2152 0.775987 0.513373 0.00485618
2153 0.775987 0.504972 0.00543287
2154 0.775987 0.515852 0.00639876
2155 0.775987 0.50982 0.00559891
2156 0.775987 0.529096 0.0046708
2157 0.775987 0.516468 0.00503785
2158 0.775987 0.513062 0.00521243
2159 0.775987 0.524038 0.0046
2160 0.775987 0.508482 0.00585536
2161 0.775987 0.511859 0.00470111
2162 0.775987 0.515667 0.00490558
2163 0.775987 0.511889 0.0055004
2164 0.775987 0.517417 0.00510696
2165 0.775987 0.518062 0.00490945
2166 0.775987 0.511705 0.00562654
2167 0.775987 0.510316 0.005197
2168 0.775987 0.511858 0.00585869
2169 0.775987 0.509226 0.00530112
2170 0.775987 0.510244 0.00503376
2171 0.775987 0.512844 0.00502897
2172 0.775987 0.512907 0.00575144
2173 0.775987 0.513399 0.00545806
2174 0.775987 0.51306 0.00461407
2175 0.775987 0.518288 0.00504688
2176 0.775987 0.513432 0.00526867
2177 0.775987 0.512167 0.00520797
2178 0.775987 0.508985 0.0053122
2179 0.775987 0.514209 0.0045194
2180 0.775987 0.506611 0.00560153
2181 0.775987 0.504948 0.00506565
2182 0.775987 0.510456 0.00576562
2183 0.775987 0.513314 0.00567331
2184 0.775987 0.511955 0.00495805
2185 0.775987 0.520754 0.0053919
2186 0.775987 0.51965 0.00576205
2187 0.775987 0.516756 0.00498051
2188 0.775987 0.516027 0.00492228
2189 0.775987 0.519163 0.00572051
2190 0.775987 0.512601 0.00496693
2191 0.775987 0.51327 0.00463796
2192 0.775987 0.518973 0.00532676
2193 0.775987 0.521052 0.00491256
2194 0.775987 0.519913 0.00450437
2195 0.775987 0.511502 0.00472222
2196 0.775987 0.52245 0.00508997
2197 0.775987 0.515876 0.0056053
2198 0.775987 0.508016 0.00519065
2199 0.775987 0.516479 0.00582874
2200 0.775987 0.507 0.00544716
2201 0.775987 0.509491 0.00535641
2202 0.775987 0.503732 0.00521497
2203 0.775987 0.511168 0.0047842
2204 0.775987 0.510037 0.00513835
2205 0.775987 0.510474 0.00562217
2206 0.775987 0.511563 0.00480219
2207 0.775987 0.513784 0.00659082
2208 0.775987 0.51192 0.00510221
2209 0.775987 0.516654 0.00503223
2210 0.775987 0.511641 0.00560843
2211 0.775987 0.505532 0.0057332
2212 0.775987 0.507296 0.005228
2213 0.775987 0.509924 0.00546008
2214 0.775987 0.515242 0.00638099
2215 0.775987 0.521054 0.00560798
2216 0.775987 0.514123 0.00471272
2217 0.775987 0.517084 0.00536575
2218 0.775987 0.511386 0.00550448
2219 0.775987 0.505854 0.00513534
2220 0.775987 0.522972 0.00570211
2221 0.775987 0.511608 0.00525676
2222 0.775987 0.503906 0.00517655
2223 0.775987 0.501716 0.00554108
2224 0.775987 0.511947 0.00608648
2225 0.775987 0.50051 0.00523058
2226 0.775987 0.505418 0.005615
2227 0.775987 0.508532 0.00646386
2228 0.775987 0.509996 0.00509578
2229 0.775987 0.505787 0.00583521
2230 0.775987 0.509407 0.00504087
2231 0.775987 0.513647 0.00580654
2232 0.775987 0.504953 0.00583435
2233 0.775987 0.514354 0.00554882
2234 0.775987 0.510122 0.00514957
2235 0.775987 0.513002 0.00527426
2236 0.775987 0.50982 0.00519685
2237 0.775987 0.510497 0.00641299
2238 0.775987 0.511725 0.004973
2239 0.775987 0.511484 0.00614181
2240 0.775987 0.515902 0.00522999
2241 0.775987 0.501379 0.0054711
2242 0.775987 0.5107 0.00542938
2243 0.775987 0.503766 0.00620627
2244 0.775987 0.522972 0.00539996
2245 0.775987 0.503158 0.00556533
2246 0.775987 0.513555 0.00543895
2247 0.775987 0.513054 0.00490734
2248 0.775987 0.514101 0.00561295
2249 0.775987 0.503397 0.00553105
2250 0.775987 0.504736 0.00538411
2251 0.775987 0.517139 0.00564707
2252 0.775987 0.516207 0.00564672
2253 0.775987 0.50976 0.00520383
2254 0.775987 0.512853 0.00514121
2255 0.775987 0.516451 0.00529125
2256 0.775987 0.511947 0.00553572
2257 0.775987 0.50821 0.00516323
2258 0.775987 0.508411 0.00542845
2259 0.775987 0.504897 0.00518021
2260 0.775987 0.510121 0.00611693
2261 0.775987 0.508298 0.00591176
2262 0.775987 0.510891 0.00567554
2263 0.775987 0.508929 0.00551345
2264 0.775987 0.513877 0.00560757
2265 0.775987 0.510271 0.00571657
2266 0.775987 0.512385 0.00591684
2267 0.775987 0.509057 0.00591717
2268 0.775987 0.510983 0.00568011
2269 0.775987 0.512933 0.00659775
2270 0.775987 0.51155 0.00560874
2271 0.775987 0.505329 0.00574826
2272 0.775987 0.514644 0.00646424
2273 0.775987 0.514761 0.00503619
2274 0.775987 0.510565 0.00536895
2275 0.775987 0.502156 0.00578602
2276 0.775987 0.507055 0.00515101
2277 0.775987 0.517677 0.00505488
2278 0.775987 0.522487 0.00579876
2279 0.775987 0.511453 0.00535347
2280 0.775987 0.505124 0.00571369
2281 0.775987 0.507674 0.0051203
2282 0.775987 0.510983 0.00504846
2283 0.775987 0.512488 0.00472542
2284 0.775987 0.51182 0.004944
2285 0.775987 0.502264 0.00674049
2286 0.775987 0.516701 0.00526022
2287 0.775987 0.509104 0.00506212
2288 0.775987 0.5069 0.00530578
2289 0.775987 0.510105 0.00557298
2290 0.775987 0.506923 0.00525342
2291 0.775987 0.504707 0.00610496
2292 0.775987 0.515319 0.00516123
2293 0.775987 0.513078 0.00563535
2294 0.775987 0.50785 0.00515302
2295 0.775987 0.504637 0.005366
2296 0.775987 0.509338 0.00569168
2297 0.775987 0.511927 0.00483452
2298 0.775987 0.51081 0.00493141
2299 0.775987 0.514347 0.0051057
2300 0.775987 0.511556 0.00478902
2301 0.775987 0.509108 0.00523987
2302 0.775987 0.512152 0.0050208
2303 0.775987 0.508348 0.00574622
2304 0.775987 0.515642 0.00521673
2305 0.775987 0.499635 0.00530972
2306 0.775987 0.50218 0.00566186
2307 0.775987 0.509207 0.00531449
2308 0.775987 0.497678 0.00633185
2309 0.775987 0.514306 0.00595061
2310 0.775987 0.510092 0.00489813
2311 0.775987 0.513649 0.00479633
2312 0.775987 0.50886 0.0049739
2313 0.775987 0.509797 0.00493536
2314 0.775987 0.513416 0.0052049
2315 0.775987 0.511003 0.00484909
2316 0.775987 0.519217 0.005171
2317 0.775987 0.506909 0.0048834
2318 0.775987 0.514694 0.00548234
2319 0.775987 0.514727 0.00468175
2320 0.775987 0.510264 0.00575675
2321 0.775987 0.508771 0.00559883
2322 0.775987 0.512138 0.00537755
2323 0.775987 0.513238 0.0051084
2324 0.775987 0.512686 0.00446429
2325 0.775987 0.504663 0.00529815
2326 0.775987 0.508778 0.00496497
2327 0.775987 0.499336 0.00506357
2328 0.775987 0.514789 0.00553292
2329 0.775987 0.510874 0.0046597
2330 0.775987 0.509734 0.0051004
2331 0.775987 0.504187 0.00474806
2332 0.775987 0.505214 0.0049098
2333 0.775987 0.510559 0.00570442
2334 0.775987 0.504481 0.00519052
2335 0.775987 0.514668 0.0057796
2336 0.775987 0.510438 0.00501953
2337 0.775987 0.514007 0.00559543
2338 0.775987 0.507791 0.00600025
2339 0.775987 0.521522 0.00520331
2340 0.775987 0.525238 0.00478245
2341 0.775987 0.519661 0.0053255
2342 0.775987 0.509962 0.00562195
2343 0.775987 0.515796 0.00573419
2344 0.775987 0.514102 0.00571944
2345 0.775987 0.518293 0.00477665
2346 0.775987 0.509226 0.00557816
2347 0.775987 0.515324 0.00510808
2348 0.775987 0.502909 0.00581882
2349 0.775987 0.514892 0.00538645
2350 0.775987 0.513984 0.00575543
2351 0.775987 0.513331 0.00493384
2352 0.775987 0.513544 0.00482392
2353 0.775987 0.513437 0.00554871
2354 0.775987 0.507499 0.00513838
2355 0.775987 0.510264 0.00533055
2356 0.775987 0.514683 0.0049174
2357 0.775987 0.517382 0.00509357
2358 0.775987 0.51427 0.00517085
2359 0.775987 0.507522 0.00535765
2360 0.775987 0.514864 0.00480131
2361 0.775987 0.512023 0.00464021
2362 0.775987 0.510474 0.00512758
2363 0.775987 0.504499 0.00623477
2364 0.775987 0.514572 0.00516033
2365 0.775987 0.506518 0.00462049
2366 0.775987 0.511263 0.0046818
2367 0.775987 0.50976 0.00493644
2368 0.775987 0.508251 0.00529004
2369 0.775987 0.51354 0.00527029
2370 0.775987 0.516305 0.00495097
2371 0.775987 0.509896 0.00494552
2372 0.775987 0.519687 0.00446528
2373 0.775987 0.511997 0.00537594
2374 0.775987 0.511027 0.0042083
2375 0.775987 0.514079 0.00465991
2376 0.775987 0.515725 0.00548946
2377 0.775987 0.515591 0.00515615
2378 0.775987 0.506957 0.00539945
2379 0.775987 0.513665 0.00460775
2380 0.775987 0.5098 0.00519556
2381 0.775987 0.51399 0.00485365
2382 0.775987 0.514713 0.00446897
2383 0.775987 0.504951 0.00540079
2384 0.775987 0.509755 0.00537415
2385 0.775987 0.517906 0.00514277
2386 0.775987 0.521938 0.0046464
2387 0.775987 0.514658 0.00456378
2388 0.775987 0.510002 0.0049074
2389 0.775987 0.523822 0.00487805
2390 0.775987 0.50601 0.00488852
2391 0.775987 0.511353 0.00532303
2392 0.775987 0.514121 0.00441941
2393 0.775987 0.507156 0.00460313
2394 0.775987 0.517279 0.00482356
2395 0.775987 0.513642 0.00514376
2396 0.775987 0.517938 0.00497274
2397 0.775987 0.505996 0.00561636
2398 0.775987 0.514594 0.00526967
2399 0.775987 0.510561 0.00561259
2400 0.775987 0.514574 0.00612217
2401 0.775987 0.509339 0.00563383
2402 0.775987 0.513886 0.00532662
2403 0.775987 0.512747 0.00531579
2404 0.775987 0.516821 0.00544668
2405 0.775987 0.510041 0.00440412
2406 0.775987 0.511594 0.00497422
2407 0.775987 0.514029 0.00487131
2408 0.775987 0.506467 0.00555865
2409 0.775987 0.515813 0.00533883
2410 0.775987 0.514096 0.00487042
2411 0.775987 0.503081 0.00518243
2412 0.775987 0.514688 0.00520617
2413 0.775987 0.514901 0.00476922
2414 0.775987 0.517919 0.00542078
2415 0.775987 0.513249 0.00588901
2416 0.775987 0.507329 0.00505066
2417 0.775987 0.499567 0.00551482
2418 0.775987 0.517588 0.00481108
2419 0.775987 0.509773 0.00514159
2420 0.775987 0.508815 0.00491005
2421 0.775987 0.506674 0.00501405
2422 0.775987 0.516192 0.00520028
2423 0.775987 0.514396 0.00523149
2424 0.775987 0.508284 0.0050979
2425 0.775987 0.514736 0.0055286
2426 0.775987 0.517177 0.00547376
2427 0.775987 0.509819 0.00542504
2428 0.775987 0.512751 0.00539293
2429 0.775987 0.512312 0.00513729
2430 0.775987 0.51676 0.00473223
2431 0.775987 0.51117 0.00471946
2432 0.775987 0.514879 0.00468481
2433 0.775987 0.513845 0.00529163
2434 0.775987 0.517344 0.00534333
2435 0.775987 0.513047 0.00516272
2436 0.775987 0.513394 0.0057318
2437 0.775987 0.511975 0.00477693
2438 0.775987 0.513911 0.00492775
2439 0.775987 0.51263 0.00456066
2440 0.775987 0.518243 0.00482081
2441 0.775987 0.511261 0.00540719
2442 0.775987 0.511077 0.00483847
2443 0.775987 0.508908 0.00509171
2444 0.775987 0.510499 0.00470243
2445 0.775987 0.5113 0.00594628
2446 0.775987 0.505994 0.00528513
2447 0.775987 0.513549 0.00489559
2448 0.775987 0.510536 0.00447143
2449 0.775987 0.513147 0.00484362
2450 0.775987 0.511582 0.00607999
2451 0.775987 0.517322 0.00566469
2452 0.775987 0.505774 0.00520319
2453 0.775987 0.506848 0.00484903
2454 0.775987 0.507417 0.00545302
2455 0.775987 0.513011 0.00511946
2456 0.775987 0.518284 0.0053837
2457 0.775987 0.499027 0.00497682
2458 0.775987 0.505481 0.00556953
2459 0.775987 0.508492 0.00522427
2460 0.775987 0.520455 0.00568061
2461 0.775987 0.512472 0.00515672
2462 0.775987 0.511926 0.00485723
2463 0.775987 0.510551 0.0050478
2464 0.775987 0.509064 0.00517843
2465 0.775987 0.501038 0.00508876
2466 0.775987 0.506613 0.0055476
2467 0.775987 0.50575 0.00562784
2468 0.775987 0.51307 0.00508673
2469 0.775987 0.516954 0.00531301
2470 0.775987 0.508819 0.00510705
2471 0.775987 0.510098 0.00493764
2472 0.775987 0.50313 0.00554346
2473 0.775987 0.505381 0.00603143
2474 0.775987 0.509425 0.00537652
2475 0.775987 0.518129 0.00435043
2476 0.775987 0.512337 0.00504265
2477 0.775987 0.517202 0.00485016
2478 0.775987 0.520245 0.00529136
2479 0.775987 0.512484 0.00497023
2480 0.775987 0.510643 0.0055372
2481 0.775987 0.517535 0.00470494
2482 0.775987 0.515972 0.00509998
2483 0.775987 0.51557 0.00481813
2484 0.775987 0.505439 0.00537343
2485 0.775987 0.502507 0.00605827
2486 0.775987 0.502252 0.00543435
2487 0.775987 0.513774 0.00578728
2488 0.775987 0.512741 0.00589978
2489 0.775987 0.515747 0.00516194
2490 0.775987 0.503246 0.00595769
2491 0.775987 0.504169 0.0061603
2492 0.775987 0.511727 0.00568326
2493 0.775987 0.504252 0.00593038
2494 0.775987 0.509694 0.00579675
2495 0.775987 0.509071 0.00497267
2496 0.775987 0.511116 0.00597655
2497 0.775987 0.514897 0.00513335
2498 0.775987 0.517142 0.00529372
2499 0.775987 0.506988 0.00587771
2500 0.775987 0.516106 0.00497932
2501 0.775987 0.515757 0.00522195
2502 0.775987 0.512578 0.00538745
2503 0.775987 0.508356 0.00545081
2504 0.775987 0.517987 0.00453908
2505 0.775987 0.517496 0.00464459
2506 0.775987 0.520931 0.00506758
2507 0.775987 0.52024 0.00512403
2508 0.775987 0.516894 0.00574759
2509 0.775987 0.50388 0.00643215
2510 0.775987 0.507041 0.00515449
2511 0.775987 0.509548 0.00490331
2512 0.775987 0.511884 0.00533918
2513 0.775987 0.512471 0.00558774
2514 0.775987 0.508433 0.00540244
2515 0.775987 0.51466 0.00603304
2516 0.775987 0.51202 0.00541569
2517 0.775987 0.51616 0.00474803
2518 0.775987 0.514628 0.00485035
2519 0.775987 0.515627 0.00495553
2520 0.775987 0.509679 0.00510157
2521 0.775987 0.515822 0.00479802
2522 0.775987 0.519583 0.00498152
2523 0.775987 0.517873 0.00438011
2524 0.775987 0.515248 0.00578413
2525 0.775987 0.518885 0.00473365
2526 0.775987 0.513896 0.00509893
2527 0.775987 0.514767 0.00594291
2528 0.775987 0.515992 0.00539134
2529 0.775987 0.515379 0.00534668
2530 0.775987 0.515047 0.00553853
2531 0.775987 0.509709 0.00595283
2532 0.775987 0.516268 0.00511088
2533 0.775987 0.513409 0.00461469
2534 0.775987 0.510237 0.00555937
2535 0.775987 0.513217 0.00558435
2536 0.775987 0.508483 0.00482631
2537 0.775987 0.514256 0.00642602
2538 0.775987 0.514338 0.00589509
2539 0.775987 0.517496 0.0048411
2540 0.775987 0.514796 0.00565638
2541 0.775987 0.510412 0.00500607
2542 0.775987 0.517762 0.00516895
2543 0.775987 0.510009 0.00549343
2544 0.775987 0.513143 0.00557483
2545 0.775987 0.510542 0.00561856
2546 0.775987 0.511766 0.00538041
2547 0.775987 0.518096 0.00457135
2548 0.775987 0.514654 0.00572794
2549 0.775987 0.510085 0.00579346
2550 0.775987 0.523329 0.0047093
2551 0.775987 0.51255 0.00544018
2552 0.775987 0.517504 0.00526796
2553 0.775987 0.51432 0.00497301
2554 0.775987 0.511057 0.0051261
2555 0.775987 0.514839 0.00497502
2556 0.775987 0.512435 0.00456107
2557 0.775987 0.50667 0.00476089
2558 0.775987 0.518206 0.00472369
2559 0.775987 0.513367 0.00513773
2560 0.775987 0.511162 0.00560014
2561 0.775987 0.509691 0.00509802
2562 0.775987 0.509989 0.0059031
2563 0.775987 0.510617 0.00525575
2564 0.775987 0.516453 0.00520767
2565 0.775987 0.511674 0.00466039
2566 0.775987 0.512115 0.00698767
2567 0.775987 0.508865 0.00481958
2568 0.775987 0.506833 0.00516271
2569 0.775987 0.5122 0.00462149
2570 0.775987 0.508275 0.00476797
2571 0.775987 0.506778 0.00633735
2572 0.775987 0.515704 0.0053253
2573 0.775987 0.509835 0.00584631
2574 0.775987 0.511516 0.00530587
2575 0.775987 0.512415 0.00520034
2576 0.775987 0.504645 0.00514114
2577 0.775987 0.518444 0.00532596
2578 0.775987 0.511856 0.00481096
2579 0.775987 0.516032 0.00523367
2580 0.775987 0.508357 0.0057879
2581 0.775987 0.516193 0.00492258
2582 0.775987 0.511769 0.00460057
2583 0.775987 0.507649 0.00536257
2584 0.775987 0.501142 0.00547992
2585 0.775987 0.512754 0.00560833
2586 0.775987 0.513105 0.00595193
2587 0.775987 0.513253 0.00461216
2588 0.775987 0.510978 0.0058149
2589 0.775987 0.50935 0.00470622
2590 0.775987 0.509435 0.00497367
2591 0.775987 0.509637 0.00468316
2592 0.775987 0.507457 0.00548224
2593 0.775987 0.510266 0.00512132
2594 0.775987 0.525442 0.00481026
2595 0.775987 0.517429 0.00602409
2596 0.775987 0.517697 0.00539038
2597 0.775987 0.521307 0.00477799
2598 0.775987 0.506694 0.00553078
2599 0.775987 0.515208 0.00514742
2600 0.775987 0.509606 0.00493294
2601 0.775987 0.508981 0.00559807
2602 0.775987 0.503107 0.00571366
2603 0.775987 0.513753 0.00453087
2604 0.775987 0.513153 0.0049259
2605 0.775987 0.513965 0.00530644
2606 0.775987 0.516563 0.00460536
2607 0.775987 0.50503 0.00495546
2608 0.775987 0.507882 0.00498908
2609 0.775987 0.505347 0.00514976
2610 0.775987 0.508895 0.00497854
2611 0.775987 0.516913 0.00533374
2612 0.775987 0.518084 0.00543863
2613 0.775987 0.504678 0.00631388
2614 0.775987 0.51168 0.00516113
2615 0.775987 0.514421 0.00566602
2616 0.775987 0.5118 0.00504066
2617 0.775987 0.512551 0.00513799
2618 0.775987 0.513366 0.00490866
2619 0.775987 0.512946 0.00543496
2620 0.775987 0.511729 0.0049052
2621 0.775987 0.511109 0.00498327
2622 0.775987 0.507935 0.00527511
2623 0.775987 0.506434 0.00507475
2624 0.775987 0.509984 0.00510238
2625 0.775987 0.507312 0.00484451
2626 0.775987 0.509778 0.00478219
2627 0.775987 0.510306 0.00574934
2628 0.775987 0.511013 0.00562873
2629 0.775987 0.506457 0.00510158
2630 0.775987 0.50977 0.00618644
2631 0.775987 0.501878 0.00507623
2632 0.775987 0.510444 0.00478004
2633 0.775987 0.504719 0.00506588
2634 0.775987 0.508606 0.00537887
2635 0.775987 0.508844 0.00432972
2636 0.775987 0.511639 0.00479267
2637 0.775987 0.509795 0.00484713
2638 0.775987 0.516171 0.00474181
2639 0.775987 0.50553 0.00573978
2640 0.775987 0.514604 0.0051928
2641 0.775987 0.511809 0.00534236
2642 0.775987 0.516224 0.00455469
2643 0.775987 0.51594 0.00514665
2644 0.775987 0.511852 0.00444055
2645 0.775987 0.519595 0.00506775
2646 0.775987 0.516799 0.00447206
2647 0.775987 0.514195 0.00580316
2648 0.775987 0.516897 0.00465633
2649 0.775987 0.514689 0.00616906
2650 0.775987 0.508259 0.00513242
2651 0.775987 0.510564 0.0047324
2652 0.775987 0.510645 0.00549445
2653 0.775987 0.511107 0.00483637
2654 0.775987 0.503497 0.00517216
2655 0.775987 0.502769 0.00499826
2656 0.775987 0.503587 0.00561103
2657 0.775987 0.508622 0.0056167
2658 0.775987 0.514108 0.00597469
2659 0.775987 0.510614 0.00487022
2660 0.775987 0.50195 0.00559372
2661 0.775987 0.502727 0.00516611
2662 0.775987 0.503632 0.00556814
2663 0.775987 0.505799 0.00534815
2664 0.775987 0.516532 0.00541791
2665 0.775987 0.50943 0.00545362
2666 0.775987 0.51019 0.00473008
2667 0.775987 0.514507 0.00559264
2668 0.775987 0.507833 0.00435721
2669 0.775987 0.51584 0.00453172
2670 0.775987 0.517608 0.00502965
2671 0.775987 0.520085 0.00603306
2672 0.775987 0.518951 0.00479519
2673 0.775987 0.511678 0.00531028
2674 0.775987 0.513689 0.0046935
2675 0.775987 0.506586 0.00521367
2676 0.775987 0.507003 0.00470634
2677 0.775987 0.513755 0.00502499
2678 0.775987 0.520089 0.00461447
2679 0.775987 0.512441 0.00480256
2680 0.775987 0.521166 0.00505866
2681 0.775987 0.510157 0.00539794
2682 0.775987 0.503785 0.00562906
2683 0.775987 0.520955 0.00485002
2684 0.775987 0.520849 0.00464737
2685 0.775987 0.508483 0.00448916
2686 0.775987 0.507871 0.00478529
2687 0.775987 0.516473 0.00497327
2688 0.775987 0.515614 0.00533942
2689 0.775987 0.517722 0.00518039
2690 0.775987 0.513567 0.00537756
2691 0.775987 0.515765 0.00494881
2692 0.775987 0.517852 0.00459053
2693 0.775987 0.518693 0.00433459
2694 0.775987 0.517233 0.00469508
2695 0.775987 0.509043 0.00488414
2696 0.775987 0.520214 0.00564859
2697 0.775987 0.517019 0.00553062
2698 0.775987 0.513828 0.00551807
2699 0.775987 0.516308 0.0043055
2700 0.775987 0.514819 0.0049747
2701 0.775987 0.507768 0.00500485
2702 0.775987 0.513797 0.00483713
2703 0.775987 0.517126 0.00498787
2704 0.775987 0.511899 0.00455703
2705 0.775987 0.508516 0.00532882
2706 0.775987 0.519817 0.00503815
2707 0.775987 0.51039 0.00602346
2708 0.775987 0.503948 0.00592482
2709 0.775987 0.511086 0.00494679
2710 0.775987 0.506861 0.00526357
2711 0.775987 0.525972 0.00496857
2712 0.775987 0.514486 0.00545637
2713 0.775987 0.515896 0.00550651
2714 0.775987 0.50982 0.00559367
2715 0.775987 0.514683 0.0053072
2716 0.775987 0.519411 0.00466144
2717 0.775987 0.508453 0.00457058
2718 0.775987 0.506757 0.00533086
2719 0.775987 0.51138 0.00458777
2720 0.775987 0.517769 0.0051734
2721 0.775987 0.5102 0.00572237
2722 0.775987 0.505997 0.00532214
2723 0.775987 0.50645 0.00425377
2724 0.775987 0.511612 0.0044318
2725 0.775987 0.509977 0.00518903
2726 0.775987 0.50576 0.00610089
2727 0.775987 0.514779 0.0056883
2728 0.775987 0.512373 0.00466972
2729 0.775987 0.517783 0.00532496
2730 0.775987 0.508959 0.00479233
2731 0.775987 0.515438 0.00509843
2732 0.775987 0.506118 0.00579605
2733 0.775987 0.506923 0.0059888
2734 0.775987 0.509484 0.00533067
2735 0.775987 0.507352 0.00523359
2736 0.775987 0.501391 0.00504136
2737 0.775987 0.506667 0.00551031
2738 0.775987 0.513697 0.00447306
2739 0.775987 0.511587 0.00460194
2740 0.775987 0.505324 0.00516329
2741 0.775987 0.505093 0.00522936
2742 0.775987 0.515151 0.0053629
2743 0.775987 0.510793 0.00489152
2744 0.775987 0.504965 0.00509485
2745 0.775987 0.50583 0.0054753
2746 0.775987 0.508064 0.00559603
2747 0.775987 0.502203 0.00628131
2748 0.775987 0.507419 0.00571794
2749 0.775987 0.506375 0.00535563
2750 0.775987 0.512635 0.00547087
2751 0.775987 0.51503 0.00518089
2752 0.775987 0.515403 0.00539604
2753 0.775987 0.508224 0.00497675
2754 0.775987 0.510852 0.00570224
2755 0.775987 0.515266 0.00542364
2756 0.775987 0.514944 0.00604053
2757 0.775987 0.518799 0.00541426
2758 0.775987 0.511123 0.00574549
2759 0.775987 0.504729 0.00608977
2760 0.775987 0.507347 0.00533322
2761 0.775987 0.519083 0.00493071
2762 0.775987 0.51042 0.00547079
2763 0.775987 0.508836 0.00610901
2764 0.775987 0.5155 0.0057529
2765 0.775987 0.516127 0.00506022
2766 0.775987 0.515208 0.00526142
2767 0.775987 0.514271 0.00466936
2768 0.775987 0.512481 0.00493342
2769 0.775987 0.520896 0.00512697
2770 0.775987 0.510178 0.00587053
2771 0.775987 0.514599 0.00648114
2772 0.775987 0.520622 0.00523263
2773 0.775987 0.512157 0.00555755
2774 0.775987 0.511897 0.00579794
2775 0.775987 0.514974 0.0046457
2776 0.775987 0.514237 0.00485032
2777 0.775987 0.51487 0.0047472
2778 0.775987 0.514674 0.00514877
2779 0.775987 0.517271 0.00487103
2780 0.775987 0.510277 0.00501202
2781 0.775987 0.518756 0.00542311
2782 0.775987 0.512566 0.0053806
2783 0.775987 0.513342 0.00432887
2784 0.775987 0.516028 0.00480932
2785 0.775987 0.511963 0.00440334
2786 0.775987 0.517012 0.00524412
2787 0.775987 0.508782 0.00488462
2788 0.775987 0.515611 0.00507265
2789 0.775987 0.51656 0.00496765
2790 0.775987 0.514284 0.00577128
2791 0.775987 0.519098 0.0053207
2792 0.775987 0.507318 0.00573057
2793 0.775987 0.509065 0.00490385
2794 0.775987 0.512153 0.00460424
2795 0.775987 0.514889 0.00529545
2796 0.775987 0.511427 0.00498804
2797 0.775987 0.524197 0.00487508
2798 0.775987 0.515825 0.00498388
2799 0.775987 0.508352 0.00577849
2800 0.775987 0.525123 0.00536314
2801 0.775987 0.514268 0.00502531
2802 0.775987 0.512156 0.00505161
2803 0.775987 0.507173 0.00551517
2804 0.775987 0.515093 0.00513664
2805 0.775987 0.522636 0.00539422
2806 0.775987 0.509776 0.00477855
2807 0.775987 0.525393 0.00496448
2808 0.775987 0.514705 0.00607175
2809 0.775987 0.516783 0.00526498
2810 0.775987 0.512107 0.00485308
2811 0.775987 0.51299 0.00549612
2812 0.775987 0.50897 0.0056438
2813 0.775987 0.517469 0.00484747
2814 0.775987 0.51339 0.0054702
2815 0.775987 0.516387 0.0050512
2816 0.775987 0.510085 0.00537695
2817 0.775987 0.509578 0.00620654
2818 0.775987 0.510188 0.00511329
2819 0.775987 0.511174 0.00496194
2820 0.775987 0.510864 0.00542607
2821 0.775987 0.518915 0.00527356
2822 0.775987 0.513625 0.00523554
2823 0.775987 0.512377 0.00500385
2824 0.775987 0.508753 0.00573208
2825 0.775987 0.508402 0.00506938
2826 0.775987 0.506027 0.00587736
2827 0.775987 0.514259 0.00590733
2828 0.775987 0.503347 0.00505112
2829 0.775987 0.512582 0.00516993
2830 0.775987 0.508771 0.00496119
2831 0.775987 0.504828 0.00548639
2832 0.775987 0.501022 0.00606086
2833 0.775987 0.510316 0.00516681
2834 0.775987 0.50336 0.00601328
2835 0.775987 0.512699 0.00548772
2836 0.775987 0.500906 0.00575369
2837 0.775987 0.506185 0.00587659
2838 0.775987 0.509657 0.00600934
2839 0.775987 0.512318 0.00567769
2840 0.775987 0.507127 0.00526607
2841 0.775987 0.508358 0.00487919
2842 0.775987 0.508582 0.00523941
2843 0.775987 0.510622 0.0052945
2844 0.775987 0.505008 0.00620343
2845 0.775987 0.51123 0.00622987
2846 0.775987 0.515425 0.00492021
2847 0.775987 0.511411 0.00513472
2848 0.775987 0.50157 0.0058799
2849 0.775987 0.507164 0.00589723
2850 0.775987 0.507173 0.00573305
2851 0.775987 0.504353 0.00599983
2852 0.775987 0.50191 0.00629932
2853 0.775987 0.515708 0.00487265
2854 0.775987 0.504603 0.00531755
2855 0.775987 0.512527 0.00564903
2856 0.775987 0.512655 0.005178
2857 0.775987 0.518933 0.00447797
2858 0.775987 0.507285 0.00525211
2859 0.775987 0.512121 0.00551278
2860 0.775987 0.507358 0.00488658
2861 0.775987 0.51312 0.0046681
2862 0.775987 0.509369 0.00489197
2863 0.775987 0.517462 0.00486433
2864 0.775987 0.51657 0.00514491
2865 0.775987 0.512562 0.00519031
2866 0.775987 0.516096 0.00485202
2867 0.775987 0.504077 0.0048594
2868 0.775987 0.519036 0.00483405
2869 0.775987 0.525084 0.00501154
2870 0.775987 0.509163 0.0051934
2871 0.775987 0.505849 0.00532985
2872 0.775987 0.508514 0.0052504
2873 0.775987 0.510221 0.00455048
2874 0.775987 0.504964 0.00521505
2875 0.775987 0.503642 0.00537439
2876 0.775987 0.508623 0.00499901
2877 0.775987 0.512913 0.00538516
2878 0.775987 0.51369 0.00501804
2879 0.775987 0.508825 0.00580156
2880 0.775987 0.517704 0.00527715
2881 0.775987 0.516793 0.00564531
2882 0.775987 0.502485 0.00522337
2883 0.775987 0.508919 0.00505011
2884 0.775987 0.508447 0.00555406
2885 0.775987 0.512738 0.00554155
2886 0.775987 0.519149 0.00504135
2887 0.775987 0.505017 0.00524985
2888 0.775987 0.517193 0.00510199
2889 0.775987 0.514783 0.00549607
2890 0.775987 0.515229 0.00487026
2891 0.775987 0.507488 0.005401
2892 0.775987 0.511883 0.0055571
2893 0.775987 0.502455 0.00530273
2894 0.775987 0.515841 0.00565294
2895 0.775987 0.515656 0.00608237
2896 0.775987 0.515729 0.0051194
2897 0.775987 0.51101 0.00481797
2898 0.775987 0.512534 0.00499074
2899 0.775987 0.513867 0.00493897
2900 0.775987 0.500669 0.00546842
2901 0.775987 0.509843 0.00488374
2902 0.775987 0.516896 0.00508799
2903 0.775987 0.507081 0.0057537
2904 0.775987 0.51499 0.00564715
2905 0.775987 0.512025 0.00493058
2906 0.775987 0.51335 0.00478607
2907 0.775987 0.509026 0.00525326
2908 0.775987 0.508339 0.00588583
2909 0.775987 0.504931 0.00553303
2910 0.775987 0.506288 0.00516997
2911 0.775987 0.513329 0.00504752
2912 0.775987 0.505406 0.00580983
2913 0.775987 0.505909 0.00510499
2914 0.775987 0.508683 0.00559757
2915 0.775987 0.510114 0.00484048
2916 0.775987 0.512166 0.00555229
2917 0.775987 0.508335 0.00524117
2918 0.775987 0.50748 0.0052568
2919 0.775987 0.511147 0.00580197
2920 0.775987 0.511797 0.00569138
2921 0.775987 0.505108 0.00558583
2922 0.775987 0.508372 0.00518941
2923 0.775987 0.509613 0.00503393
2924 0.775987 0.519592 0.0058237
2925 0.775987 0.510007 0.00518041
2926 0.775987 0.516766 0.00537919
2927 0.775987 0.51436 0.00480138
2928 0.775987 0.500892 0.00537216
2929 0.775987 0.515279 0.0056186
2930 0.775987 0.507898 0.00590628
2931 0.775987 0.509724 0.00534384
2932 0.775987 0.499976 0.00572075
2933 0.775987 0.506098 0.00544181
2934 0.775987 0.510378 0.00513905
2935 0.775987 0.505069 0.00537651
2936 0.775987 0.509978 0.00481108
2937 0.775987 0.509811 0.00637902
2938 0.775987 0.520278 0.00517519
2939 0.775987 0.506829 0.00561309
2940 0.775987 0.507651 0.00503627
2941 0.775987 0.501018 0.00509054
2942 0.775987 0.507237 0.00506354
2943 0.775987 0.505563 0.00553154
2944 0.775987 0.506606 0.00573081
2945 0.775987 0.505586 0.00531545
2946 0.775987 0.507712 0.0054195
2947 0.775987 0.510171 0.00605356
2948 0.775987 0.506874 0.00596048
2949 0.775987 0.513456 0.00486445
2950 0.775987 0.506669 0.00502285
2951 0.775987 0.509723 0.00462983
2952 0.775987 0.51198 0.00535949
2953 0.775987 0.513236 0.00577084
2954 0.775987 0.517088 0.00528043
2955 0.775987 0.516701 0.00526609
2956 0.775987 0.508436 0.00643388
2957 0.775987 0.511636 0.00532739
2958 0.775987 0.518037 0.00558056
2959 0.775987 0.512901 0.00456738
2960 0.775987 0.507992 0.00513913
2961 0.775987 0.509627 0.0050136
2962 0.775987 0.512462 0.0049531
2963 0.775987 0.505714 0.00565214
2964 0.775987 0.517078 0.0052577
2965 0.775987 0.508637 0.00478691
2966 0.775987 0.50558 0.00554507
2967 0.775987 0.51611 0.00488089
2968 0.775987 0.514139 0.00540591
2969 0.775987 0.507925 0.00553786
2970 0.775987 0.508376 0.00542078
2971 0.775987 0.508894 0.00588811
2972 0.775987 0.497526 0.00570241
2973 0.775987 0.504378 0.0058675
2974 0.775987 0.514914 0.00515937
2975 0.775987 0.501533 0.0057412
2976 0.775987 0.511381 0.00555919
2977 0.775987 0.512256 0.00483637
2978 0.775987 0.503004 0.00507709
2979 0.775987 0.511928 0.00524665
2980 0.775987 0.511602 0.00578549
2981 0.775987 0.50776 0.00575089
2982 0.775987 0.514009 0.00570749
2983 0.775987 0.510382 0.00606644
2984 0.775987 0.510599 0.00551233
2985 0.775987 0.508014 0.00531164
2986 0.775987 0.510466 0.00539188
2987 0.775987 0.510853 0.00512046
2988 0.775987 0.520272 0.00522491
2989 0.775987 0.512893 0.00497422
2990 0.775987 0.515213 0.00525937
2991 0.775987 0.507114 0.00577734
2992 0.775987 0.512727 0.00490968
2993 0.775987 0.507259 0.00560494
2994 0.775987 0.508995 0.00475421
2995 0.775987 0.516612 0.0054556
2996 0.775987 0.509413 0.00516958
2997 0.775987 0.514084 0.00489506
2998 0.775987 0.513599 0.00529192
2999 0.775987 0.507375 0.00502399
3000 0.775987 0.516543 0.00435935
