0 0.533776 0.498676 8.59466e-05
1 0.533776 0.498611 0.000107864
2 0.540764 0.499232 0.000210321
3 0.576068 0.500807 0.000228335
4 0.576068 0.499516 0.000279571
5 0.576068 0.500975 0.000214969
6 0.576068 0.502293 0.000223507
7 0.576068 0.501354 0.000223226
8 0.576068 0.499979 0.000226443
9 0.576068 0.501633 0.000313838
10 0.576068 0.502066 0.000323557
11 0.57696 0.502787 0.000372028
12 0.57696 0.501996 0.000409278
13 0.57696 0.500276 0.000495908
14 0.57696 0.502624 0.000332438
15 0.57696 0.501616 0.000458292
16 0.57696 0.503549 0.000329554
17 0.57696 0.498103 0.000413151
18 0.57696 0.501335 0.000355292
19 0.581108 0.501228 0.000492421
20 0.581108 0.501428 0.000338967
21 0.581108 0.502713 0.000320044
22 0.581108 0.501233 0.000417116
23 0.581108 0.502708 0.000350922
24 0.581108 0.503116 0.000345543
25 0.581108 0.50315 0.000326701
26 0.581108 0.502483 0.000370574
27 0.581108 0.501422 0.00042033
28 0.581108 0.503163 0.000376082
29 0.581108 0.501631 0.000374247
30 0.581108 0.502447 0.000422151
31 0.581108 0.500782 0.000464226
32 0.581108 0.500033 0.000433699
33 0.581108 0.503084 0.000396476
34 0.581108 0.503665 0.000469936
35 0.581108 0.502797 0.000421277
36 0.581108 0.503916 0.000392595
37 0.597861 0.504515 0.000463597
38 0.598955 0.505602 0.000540698
39 0.598955 0.50445 0.000538197
40 0.598955 0.501751 0.000659803
41 0.598955 0.501601 0.000558653
42 0.598955 0.501753 0.000489272
43 0.598955 0.504071 0.000557711
44 0.598955 0.503578 0.000493391
45 0.598955 0.503595 0.000704526
46 0.598955 0.502746 0.000573319
47 0.598955 0.504673 0.000592704
48 0.598955 0.502501 0.000637907
49 0.598955 0.501574 0.00068244
50 0.598955 0.501769 0.000466201
51 0.598955 0.503842 0.000483223
52 0.598955 0.503447 0.000547479
53 0.598955 0.503221 0.000571706
54 0.598955 0.504955 0.000645249
55 0.598955 0.504267 0.000520618
56 0.598955 0.505765 0.000535972
57 0.598955 0.504059 0.000394787
58 0.598955 0.50285 0.000468053
59 0.598955 0.502641 0.000481867
60 0.620431 0.505083 0.000681788
61 0.659151 0.505614 0.000722243
62 0.659151 0.504131 0.000910621
63 0.659151 0.50537 0.000729063
64 0.659151 0.504299 0.000833558
65 0.659151 0.506013 0.000916798
66 0.659151 0.50791 0.0007087
67 0.659151 0.503423 0.00100833
68 0.659151 0.506445 0.00101338
69 0.659151 0.507594 0.000908461
70 0.659151 0.507499 0.000987214
71 0.659151 0.505123 0.000808698
72 0.659151 0.506139 0.00101255
73 0.659151 0.50527 0.000791861
74 0.659151 0.505013 0.000905888
75 0.659151 0.508768 0.000988282
76 0.659151 0.507451 0.000951597
77 0.659151 0.505247 0.000924829
78 0.659151 0.503323 0.00107412
79 0.659151 0.506952 0.00115649
80 0.659151 0.507124 0.00103952
81 0.659151 0.505593 0.00102013
82 0.659151 0.505802 0.00103589
83 0.659151 0.505886 0.000927323
84 0.659151 0.505416 0.00131401
85 0.659151 0.506333 0.00115496
86 0.659151 0.505425 0.00127417
87 0.659151 0.507676 0.00108303
88 0.659151 0.506004 0.00102928
89 0.659151 0.50729 0.00108127
90 0.659151 0.506862 0.00142715
91 0.659151 0.505308 0.00133047
92 0.659151 0.506733 0.00110991
93 0.659151 0.506606 0.000987121
94 0.659151 0.504324 0.000983117
95 0.659151 0.505925 0.000836729
96 0.659151 0.508064 0.000946387
97 0.659151 0.5081 0.00105634
98 0.659151 0.502809 0.00101911
99 0.659151 0.505616 0.0010685
100 0.659151 0.504337 0.00104418
101 0.659151 0.506625 0.00108183
102 0.659151 0.504037 0.00116043
103 0.659151 0.508412 0.00106059
104 0.659151 0.505767 0.00132578
105 0.659151 0.504497 0.00126387
106 0.659151 0.507084 0.0011211
107 0.659151 0.509288 0.00119977
108 0.659151 0.506793 0.00147024
109 0.659151 0.508661 0.00148883
110 0.659151 0.506543 0.00138952
111 0.659151 0.505235 0.00132754
112 0.659151 0.504679 0.00124784
113 0.659151 0.509434 0.00133713
114 0.659151 0.510121 0.00164329
115 0.659151 0.5084 0.001416
116 0.659151 0.51157 0.00157232
117 0.659151 0.513037 0.00194579
118 0.659151 0.512239 0.00159838
119 0.659151 0.509739 0.00153875
120 0.659151 0.50549 0.00147144
121 0.659151 0.510442 0.0014477
122 0.659151 0.508237 0.00144712
123 0.659151 0.50828 0.00158967
124 0.659754 0.512336 0.00194407
125 0.659754 0.510139 0.00152513
126 0.659754 0.511547 0.00145218
127 0.659754 0.508731 0.00163414
128 0.659754 0.510812 0.00159491
129 0.659754 0.507599 0.00154244
130 0.659754 0.510897 0.00159454
131 0.659754 0.513516 0.00148486
132 0.659754 0.512546 0.00144007
133 0.659754 0.511982 0.00145174
134 0.659754 0.510729 0.0015036
135 0.659754 0.509917 0.00142295
136 0.665347 0.511689 0.00199947
137 0.665347 0.511138 0.00185414
138 0.665347 0.513717 0.00173963
139 0.665347 0.510201 0.00198222
140 0.665347 0.511718 0.00154531
141 0.665347 0.510674 0.00177586
142 0.665347 0.511585 0.00179478
143 0.665347 0.511225 0.00172956
144 0.665347 0.507257 0.00145653
145 0.665347 0.512198 0.00166409
146 0.665347 0.513076 0.00165626
147 0.665347 0.511671 0.00161767
148 0.665347 0.508116 0.00147173
149 0.665347 0.51147 0.00151874
150 0.665347 0.514526 0.00179838
151 0.665347 0.516072 0.00160805
152 0.665347 0.515766 0.00161176
153 0.665347 0.51036 0.00151027
154 0.665347 0.514789 0.00190958
155 0.665347 0.511681 0.00183339
156 0.665347 0.512147 0.00162298
157 0.665347 0.515092 0.00186249
158 0.665347 0.515441 0.00161421
159 0.665347 0.508629 0.0014696
160 0.665347 0.510651 0.00161257
161 0.665347 0.512501 0.00148037
162 0.665347 0.511386 0.00173597
163 0.665347 0.508137 0.00148991
164 0.665347 0.510724 0.00166755
165 0.665347 0.513467 0.00178205
166 0.665347 0.515186 0.00167292
167 0.665347 0.516546 0.00204216
168 0.665347 0.516298 0.00151399
169 0.665347 0.509972 0.0016482
170 0.665347 0.509847 0.00168375
171 0.665347 0.505906 0.0014434
172 0.665347 0.507337 0.00206579
173 0.665347 0.506061 0.00166401
174 0.665347 0.515305 0.00183472
175 0.665347 0.513078 0.00180185
176 0.665347 0.513992 0.00202793
177 0.665347 0.515468 0.00236303
178 0.665347 0.510655 0.00166808
179 0.665347 0.511366 0.00223001
180 0.665347 0.516332 0.00186355
181 0.665347 0.512183 0.001935
182 0.665347 0.513651 0.00166125
183 0.665347 0.513915 0.00175267
184 0.676355 0.518808 0.00195272
185 0.676355 0.511556 0.00164687
186 0.676355 0.508858 0.00159506
187 0.676355 0.505855 0.0016476
188 0.676355 0.510849 0.00181615
189 0.676355 0.512313 0.00179319
190 0.676355 0.506513 0.0020219
191 0.676355 0.5108 0.00179267
192 0.676355 0.512621 0.00166223
193 0.676355 0.519472 0.00163623
194 0.676355 0.515531 0.00236042
195 0.676355 0.511909 0.00173257
196 0.676355 0.516202 0.00161635
197 0.676355 0.515723 0.00187852
198 0.676355 0.513328 0.00184373
199 0.676355 0.515632 0.00193297
200 0.676355 0.516843 0.00206246
201 0.676355 0.514282 0.00180481
202 0.687496 0.512226 0.00187626
203 0.687496 0.504551 0.00201288
204 0.687496 0.506529 0.00196803
205 0.694897 0.515792 0.00249182
206 0.694897 0.512484 0.00236073
207 0.694897 0.515398 0.00193849
208 0.694897 0.509598 0.00230291
209 0.694897 0.509533 0.00202599
210 0.694897 0.513344 0.00210266
211 0.694897 0.512813 0.00236125
212 0.694897 0.517324 0.00187944
213 0.694897 0.512809 0.00188207
214 0.694897 0.511734 0.00198257
215 0.694897 0.510442 0.00208598
216 0.694897 0.507475 0.00198486
217 0.694897 0.511777 0.00224486
218 0.694897 0.507334 0.00219559
219 0.694897 0.509325 0.00198473
220 0.694897 0.516385 0.00192281
221 0.694897 0.511119 0.00243299
222 0.694897 0.515939 0.00186412
223 0.694897 0.508666 0.00218349
224 0.694897 0.515386 0.00185611
225 0.694897 0.514511 0.00217327
226 0.694897 0.516496 0.00238624
227 0.694897 0.51168 0.00194556
228 0.694897 0.510749 0.00205496
229 0.694897 0.505506 0.00225614
230 0.694897 0.51554 0.0021035
231 0.694897 0.512788 0.0019532
232 0.694897 0.51049 0.00217495
233 0.694897 0.513644 0.00195277
234 0.694897 0.512523 0.00233792
235 0.694897 0.510592 0.00221828
236 0.694897 0.512521 0.00201354
237 0.694897 0.517315 0.00226255
238 0.694897 0.511555 0.00219891
239 0.694897 0.515553 0.00191649
240 0.694897 0.513599 0.00228547
241 0.694897 0.517619 0.0021195
242 0.694897 0.515983 0.0022128
243 0.694897 0.514816 0.00192789
244 0.694897 0.5138 0.00224975
245 0.694897 0.514476 0.00195036
246 0.694897 0.515054 0.00193717
247 0.694897 0.517365 0.00212588
248 0.694897 0.516029 0.00212851
249 0.694897 0.511367 0.00181608
250 0.694897 0.513837 0.00207872
251 0.694897 0.517062 0.00203431
252 0.694897 0.514974 0.00238603
253 0.694897 0.51329 0.00236588
254 0.694897 0.51419 0.00234572
255 0.694897 0.517387 0.00229974
256 0.694897 0.518893 0.00222013
257 0.694897 0.514459 0.00224281
258 0.694897 0.517123 0.00198589
259 0.694897 0.516125 0.00216878
260 0.694897 0.516408 0.00222646
261 0.694897 0.510628 0.00223519
262 0.694897 0.513954 0.00230326
263 0.694897 0.514236 0.00223715
264 0.694897 0.518921 0.002102
265 0.694897 0.509549 0.00193977
266 0.694897 0.512735 0.00182752
267 0.694897 0.515239 0.00180298
268 0.694897 0.512625 0.00197947
269 0.694897 0.512917 0.00188003
270 0.694897 0.508949 0.00201358
271 0.694897 0.51131 0.0025826
272 0.694897 0.513763 0.00186208
273 0.694897 0.511199 0.00202494
274 0.694897 0.509796 0.00203868
275 0.694897 0.510623 0.00264554
276 0.694897 0.510205 0.00201998
277 0.694897 0.514551 0.00222655
278 0.694897 0.509247 0.00224203
279 0.694897 0.518674 0.00233154
280 0.694897 0.513612 0.00196813
281 0.694897 0.51098 0.00205513
282 0.694897 0.516129 0.00226217
283 0.694897 0.516785 0.00214321
284 0.694897 0.510489 0.00231362
285 0.694897 0.512952 0.001948
286 0.694897 0.517358 0.00199672
287 0.694897 0.511545 0.0019936
288 0.694897 0.514112 0.002002
289 0.694897 0.513938 0.00196291
290 0.694897 0.511257 0.00207719
291 0.694897 0.511343 0.00198853
292 0.694897 0.513668 0.00204557
293 0.694897 0.51184 0.00238542
294 0.694897 0.510607 0.00176454
295 0.694897 0.515735 0.00203179
296 0.694897 0.514938 0.00219365
297 0.694897 0.513166 0.00210529
298 0.694897 0.511491 0.00190429
299 0.694897 0.514972 0.00211274
300 0.694897 0.51113 0.00199072
301 0.694897 0.515272 0.00233887
302 0.694897 0.516468 0.00227064
303 0.694897 0.508725 0.00222607
304 0.694897 0.512316 0.00193544
305 0.694897 0.508409 0.00207121
306 0.694897 0.514958 0.00214129
307 0.694897 0.51264 0.00215182
308 0.694897 0.513914 0.0021309
309 0.694897 0.517227 0.00227925
310 0.694897 0.516684 0.00199969
311 0.694897 0.516168 0.00215361
312 0.694897 0.517533 0.00224344
313 0.694897 0.516031 0.00214751
314 0.694897 0.514747 0.00180483
315 0.694897 0.510776 0.00206425
316 0.694897 0.513511 0.00185289
317 0.694897 0.5134 0.00209512
318 0.694897 0.515701 0.00179094
319 0.694897 0.515313 0.00212423
320 0.694897 0.514385 0.00213328
321 0.694897 0.514789 0.00227024
322 0.694897 0.509809 0.0019451
323 0.694897 0.516458 0.00191813
324 0.694897 0.51704 0.00226436
325 0.694897 0.517966 0.00189712
326 0.694897 0.515262 0.00196214
327 0.694897 0.5089 0.00196292
328 0.694897 0.508097 0.00213619
329 0.694897 0.51398 0.00235036
330 0.694897 0.511685 0.00207393
331 0.694897 0.5161 0.00212282
332 0.694897 0.511237 0.00243032
333 0.694897 0.513446 0.00208797
334 0.694897 0.516064 0.00232878
335 0.694897 0.511137 0.00200827
336 0.694897 0.507963 0.00195419
337 0.694897 0.510817 0.00208723
338 0.694897 0.508141 0.00185432
339 0.694897 0.513874 0.00235066
340 0.694897 0.512256 0.00209355
341 0.694897 0.51498 0.00216042
342 0.694897 0.514639 0.00188687
343 0.694897 0.510678 0.00197124
344 0.694897 0.516698 0.00223387
345 0.694897 0.514825 0.00234989
346 0.694897 0.505702 0.00216722
347 0.694897 0.511263 0.00171229
348 0.694897 0.507839 0.00187726
349 0.694897 0.51053 0.00199729
350 0.694897 0.514533 0.00206327
351 0.694897 0.51132 0.00214312
352 0.694897 0.509097 0.00206447
353 0.694897 0.507129 0.00217084
354 0.694897 0.508242 0.00190571
355 0.694897 0.512476 0.00196505
356 0.694897 0.516385 0.00203122
357 0.694897 0.518759 0.00240448
358 0.694897 0.515461 0.0021159
359 0.694897 0.513965 0.0023389
360 0.694897 0.514379 0.00228714
361 0.694897 0.515028 0.0022448
362 0.694897 0.516399 0.00227516
363 0.694897 0.518807 0.00217845
364 0.694897 0.517961 0.00234094
365 0.694897 0.519328 0.00209341
366 0.694897 0.517832 0.00221868
367 0.694897 0.513413 0.00240011
368 0.694897 0.517179 0.00225906
369 0.694897 0.521372 0.0021078
370 0.694897 0.516944 0.00236042
371 0.694897 0.515725 0.00195667
372 0.694897 0.514702 0.00206441
373 0.694897 0.513126 0.00198543
374 0.694897 0.513443 0.00217264
375 0.694897 0.509891 0.00187092
376 0.694897 0.510779 0.00193549
377 0.694897 0.513524 0.00230359
378 0.694897 0.516726 0.00203097
379 0.694897 0.513296 0.00218314
380 0.694897 0.51079 0.00237818
381 0.694897 0.516646 0.00216455
382 0.694897 0.512485 0.00197238
383 0.694897 0.514501 0.00195305
384 0.694897 0.516278 0.00197471
385 0.694897 0.51413 0.00236138
386 0.694897 0.512389 0.00219227
387 0.694897 0.514028 0.00207976
388 0.694897 0.516718 0.00247383
389 0.694897 0.510456 0.00193562
390 0.694897 0.508066 0.00191692
391 0.694897 0.510162 0.00212208
392 0.694897 0.515113 0.00196896
393 0.694897 0.511378 0.00192617
394 0.694897 0.51048 0.00188068
395 0.694897 0.516104 0.00232919
396 0.694897 0.507353 0.0020652
397 0.711613 0.511958 0.00250039
398 0.711613 0.51261 0.0026026
399 0.711613 0.517327 0.00271361
400 0.711613 0.514961 0.00262424
401 0.711613 0.516994 0.00213092
402 0.711613 0.514321 0.00214038
403 0.711613 0.511574 0.00217889
404 0.711613 0.511203 0.00209868
405 0.711613 0.514739 0.0022348
406 0.711613 0.515561 0.00252387
407 0.711613 0.512502 0.00225608
408 0.711613 0.513642 0.0023117
409 0.711613 0.513383 0.00274377
410 0.711613 0.517551 0.00237213
411 0.711613 0.515331 0.00224126
412 0.711613 0.513198 0.00230135
413 0.711613 0.512576 0.00232691
414 0.72102 0.513684 0.00276531
415 0.72102 0.514509 0.00253618
416 0.72102 0.512579 0.00223771
417 0.72102 0.516662 0.00264798
418 0.72102 0.51846 0.00246114
419 0.72102 0.516812 0.00264817
420 0.72102 0.518749 0.00264793
421 0.72102 0.509333 0.00226955
422 0.72102 0.511298 0.00256994
423 0.72102 0.511057 0.00272587
424 0.72102 0.512832 0.00253154
425 0.72102 0.512338 0.00246192
426 0.72102 0.51496 0.00291559
427 0.72102 0.512368 0.00236221
428 0.72102 0.513787 0.00249611
429 0.72102 0.510448 0.00258209
430 0.72102 0.514097 0.00250546
431 0.72102 0.513827 0.002618
432 0.72102 0.521412 0.00229135
433 0.72102 0.518179 0.00219077
434 0.72102 0.515252 0.00259052
435 0.72102 0.51424 0.00229455
436 0.72102 0.513592 0.00291684
437 0.72102 0.520109 0.00214987
438 0.72102 0.514487 0.00220034
439 0.72102 0.517672 0.00288146
440 0.72102 0.512857 0.00257566
441 0.72102 0.520265 0.00252342
442 0.72102 0.518489 0.00253401
443 0.72102 0.513515 0.00280168
444 0.72102 0.513607 0.00252467
445 0.72102 0.519053 0.00285154
446 0.72102 0.514489 0.00248312
447 0.72102 0.515455 0.0025413
448 0.72102 0.514422 0.00236285
449 0.72102 0.514562 0.00287554
450 0.72102 0.518826 0.00251061
451 0.72102 0.516093 0.00226538
452 0.72102 0.521591 0.00265655
453 0.72102 0.517646 0.00310096
454 0.72102 0.512087 0.00271442
455 0.72102 0.511995 0.00279048
456 0.72102 0.52033 0.00272286
457 0.72102 0.513035 0.00249872
458 0.72102 0.512274 0.00249301
459 0.72102 0.517795 0.00281017
460 0.72102 0.512915 0.00305382
461 0.72102 0.518839 0.00250955
462 0.72102 0.510715 0.00257545
463 0.72102 0.518478 0.00246581
464 0.72102 0.514935 0.00243764
465 0.72102 0.512773 0.002844
466 0.72102 0.515787 0.00271612
467 0.72102 0.514814 0.00265443
468 0.72102 0.514907 0.00229048
469 0.72102 0.518249 0.00270018
470 0.72102 0.5143 0.00230866
471 0.724544 0.513237 0.00271404
472 0.724544 0.513912 0.0024502
473 0.724544 0.514041 0.00257403
474 0.724544 0.512371 0.00266571
475 0.724544 0.517128 0.0030078
476 0.724544 0.512843 0.00260052
477 0.724544 0.5149 0.00261233
478 0.724544 0.516744 0.00275169
479 0.724544 0.51867 0.00273919
480 0.724544 0.518986 0.00246718
481 0.724544 0.517213 0.00252909
482 0.724544 0.51304 0.00257904
483 0.724544 0.516849 0.00248644
484 0.724544 0.516901 0.00241499
485 0.724544 0.512372 0.00257771
486 0.724544 0.515956 0.0023051
487 0.724544 0.512027 0.00247427
488 0.724544 0.514425 0.00237704
489 0.724544 0.515395 0.00270448
490 0.724544 0.516886 0.00258894
491 0.724544 0.512275 0.00281906
492 0.724544 0.516405 0.00274325
493 0.724544 0.514227 0.00279101
494 0.724544 0.514512 0.00222749
495 0.724544 0.513874 0.00240286
496 0.724544 0.514985 0.00235087
497 0.724544 0.51443 0.00236733
498 0.724544 0.513485 0.00262246
499 0.724544 0.514752 0.00252152
500 0.724544 0.515614 0.00238997
501 0.724544 0.515024 0.00233119
502 0.724544 0.514427 0.00242693
503 0.724544 0.51504 0.00250982
504 0.724544 0.517119 0.00247573
505 0.724544 0.516628 0.00270377
506 0.724544 0.51962 0.00283098
507 0.724544 0.520857 0.00237108
508 0.724544 0.511999 0.0022159
509 0.724544 0.514372 0.00246452
510 0.724544 0.516476 0.00259913
511 0.724544 0.517219 0.00310225
512 0.724544 0.519985 0.0024491
513 0.724544 0.513334 0.0026105
514 0.724544 0.517218 0.00231244
515 0.724544 0.514026 0.00245041
516 0.724544 0.511471 0.00247998
517 0.724544 0.512517 0.00266467
518 0.724544 0.517136 0.00242396
519 0.724544 0.517295 0.00240896
520 0.724544 0.514048 0.0025768
521 0.724544 0.514897 0.00225966
522 0.724544 0.518556 0.00252538
523 0.724544 0.51466 0.00233902
524 0.724544 0.515607 0.00256649
525 0.724544 0.514509 0.00274243
526 0.724544 0.516702 0.00256983
527 0.724544 0.516577 0.00271098
528 0.724544 0.511696 0.00255306
529 0.724544 0.516943 0.0024392
530 0.724544 0.516203 0.00301033
531 0.724544 0.51138 0.00261671
532 0.724544 0.508954 0.00265878
533 0.724544 0.514511 0.0023627
534 0.724544 0.515031 0.00278598
535 0.724544 0.513523 0.00265513
536 0.724544 0.518342 0.00277594
537 0.724544 0.522639 0.00286768
538 0.724544 0.511693 0.002448
539 0.724544 0.513521 0.00278999
540 0.724544 0.517891 0.00284714
541 0.725877 0.519523 0.00363309
542 0.725877 0.514744 0.00238856
543 0.725877 0.513231 0.00251398
544 0.725877 0.51591 0.00236365
545 0.725877 0.514223 0.00276399
546 0.725877 0.513288 0.00266429
547 0.725877 0.515076 0.00275375
548 0.725877 0.513187 0.00260227
549 0.725877 0.515094 0.00300552
550 0.725877 0.515 0.00273983
551 0.725877 0.510782 0.00271525
552 0.725877 0.514058 0.00267942
553 0.725877 0.517769 0.00251305
554 0.725877 0.512531 0.00266162
555 0.725877 0.515955 0.00229835
556 0.725877 0.519284 0.00262882
557 0.725877 0.51893 0.00270271
558 0.725877 0.517838 0.00280386
559 0.725877 0.515691 0.00279604
560 0.725877 0.519717 0.00311447
561 0.725877 0.513435 0.00247212
562 0.725877 0.518204 0.00294619
563 0.725877 0.513971 0.00265903
564 0.725877 0.511361 0.00252805
565 0.725877 0.513023 0.00275787
566 0.725877 0.513041 0.0026747
567 0.725877 0.513155 0.00285361
568 0.725877 0.509988 0.00270792
569 0.725877 0.51505 0.00278914
570 0.725877 0.51566 0.00314463
571 0.725877 0.51454 0.00268
572 0.725877 0.514487 0.00273154
573 0.725877 0.510033 0.00256902
574 0.725877 0.518606 0.0027579
575 0.725877 0.512675 0.00272305
576 0.725877 0.512617 0.00252798
577 0.725877 0.511008 0.00258291
578 0.725877 0.512987 0.00258479
579 0.725877 0.509751 0.00327709
580 0.725877 0.517997 0.00312734
581 0.725877 0.511573 0.00278432
582 0.725877 0.513843 0.00278192
583 0.725877 0.518054 0.0027492
584 0.725877 0.51047 0.002786
585 0.725877 0.512819 0.00233352
586 0.725877 0.512608 0.00263186
587 0.725877 0.516192 0.00260769
588 0.725877 0.519021 0.00288519
589 0.725877 0.510452 0.00262822
590 0.725877 0.509839 0.00251149
591 0.725877 0.514893 0.00256436
592 0.725877 0.514407 0.0023641
593 0.725877 0.513959 0.00255957
594 0.725877 0.516273 0.0027147
595 0.725877 0.513562 0.00262132
596 0.725877 0.515641 0.00279659
597 0.725877 0.516478 0.00270145
598 0.725877 0.512649 0.00252588
599 0.725877 0.513986 0.00265272
600 0.725877 0.514457 0.0031377
601 0.725877 0.517281 0.0036167
602 0.725877 0.515003 0.00318765
603 0.725877 0.519774 0.00272809
604 0.725877 0.518065 0.00253366
605 0.725877 0.513895 0.00272005
606 0.725877 0.510768 0.00280663
607 0.725877 0.510308 0.00277576
608 0.725877 0.513958 0.00274038
609 0.725877 0.513213 0.00272141
610 0.725877 0.516487 0.00281737
611 0.725877 0.516605 0.00275217
612 0.725877 0.51525 0.00246478
613 0.725877 0.523784 0.00320716
614 0.725877 0.515919 0.00284056
615 0.725877 0.516329 0.00255092
616 0.725877 0.518903 0.00273925
617 0.725877 0.512246 0.00289488
618 0.725877 0.511804 0.00272474
619 0.725877 0.520245 0.00284484
620 0.725877 0.511331 0.00281679
621 0.725877 0.516159 0.00252201
622 0.725877 0.511761 0.00247483
623 0.725877 0.517591 0.00312092
624 0.725877 0.517735 0.00281244
625 0.725877 0.513393 0.00307396
626 0.725877 0.51476 0.00297201
627 0.725877 0.514246 0.00294223
628 0.725877 0.514201 0.00277388
629 0.725877 0.514498 0.00284376
630 0.725877 0.523145 0.00294755
631 0.725877 0.515892 0.00275372
632 0.725877 0.514528 0.0029159
633 0.725877 0.518255 0.00258821
634 0.725877 0.515082 0.00266829
635 0.725877 0.511731 0.00278568
636 0.725877 0.519636 0.0026973
637 0.725877 0.517605 0.00276969
638 0.725877 0.513879 0.00306773
639 0.725877 0.511924 0.00301638
640 0.725877 0.512181 0.0029914
641 0.725877 0.51313 0.00249299
642 0.725877 0.522916 0.00242466
643 0.725877 0.511787 0.00281352
644 0.725877 0.516694 0.00303537
645 0.725877 0.511656 0.0031619
646 0.725877 0.515722 0.00351227
647 0.725877 0.522054 0.00327744
648 0.725877 0.516566 0.00242614
649 0.725877 0.517748 0.00277604
650 0.725877 0.520972 0.00260929
651 0.725877 0.519682 0.00283093
652 0.725877 0.52565 0.00279875
653 0.725877 0.522153 0.00303083
654 0.725877 0.513867 0.00265709
655 0.725877 0.513034 0.00253144
656 0.725877 0.515628 0.00282065
657 0.725877 0.51784 0.00299478
658 0.725877 0.514881 0.00297107
659 0.725877 0.518896 0.0028744
660 0.725877 0.510805 0.00304909
661 0.725877 0.519115 0.00274392
662 0.725877 0.511679 0.00280688
663 0.725877 0.513667 0.00276154
664 0.725877 0.513442 0.00256445
665 0.725877 0.50923 0.00262844
666 0.725877 0.51058 0.00320101
667 0.725877 0.515131 0.00286535
668 0.725877 0.513072 0.00261976
669 0.725877 0.514836 0.00294942
670 0.725877 0.512517 0.00336086
671 0.725877 0.511956 0.00293129
672 0.725877 0.514798 0.00264951
673 0.725877 0.512683 0.00284768
674 0.725877 0.515119 0.00269549
675 0.725877 0.515895 0.00256707
676 0.725877 0.511854 0.0031962
677 0.725877 0.517743 0.00263856
678 0.725877 0.515532 0.00257395
679 0.725877 0.518238 0.00253382
680 0.725877 0.518991 0.00307697
681 0.725877 0.525537 0.00280774
682 0.725877 0.515227 0.00276104
683 0.725877 0.515427 0.00259688
684 0.725877 0.514626 0.0026303
685 0.725877 0.517859 0.0025231
686 0.725877 0.513852 0.00263888
687 0.725877 0.517281 0.00238962
688 0.725877 0.514444 0.00247624
689 0.725877 0.512956 0.00326828
690 0.725877 0.517548 0.00313526
691 0.725877 0.511536 0.00318859
692 0.725877 0.513854 0.00259216
693 0.725877 0.516672 0.00278735
694 0.725877 0.520315 0.00248756
695 0.725877 0.518925 0.00283318
696 0.725877 0.515093 0.0025334
697 0.725877 0.51815 0.00286462
698 0.725877 0.519215 0.00259721
699 0.725877 0.518253 0.00261435
700 0.725877 0.514114 0.00267827
701 0.725877 0.51474 0.00248055
702 0.725877 0.518069 0.00248
703 0.725877 0.513029 0.0027554
704 0.725877 0.513714 0.00268978
705 0.725877 0.509583 0.00279966
706 0.725877 0.510713 0.00275492
707 0.725877 0.512299 0.00271831
708 0.725877 0.516956 0.00274181
709 0.725877 0.514346 0.00257562
710 0.725877 0.508734 0.00274818
711 0.725877 0.512331 0.00273812
712 0.725877 0.510863 0.00249092
713 0.725877 0.516741 0.00271855
714 0.725877 0.517192 0.00286391
715 0.725877 0.519591 0.00286516
716 0.725877 0.516787 0.00315794
717 0.725877 0.512899 0.00260121
718 0.725877 0.518943 0.00275943
719 0.725877 0.518626 0.00288494
720 0.725877 0.512978 0.00274199
721 0.725877 0.514622 0.00286401
722 0.725877 0.514649 0.00279213
723 0.725877 0.517097 0.00301005
724 0.725877 0.519123 0.00252811
725 0.725877 0.515764 0.00257948
726 0.725877 0.514624 0.0027634
727 0.725877 0.516014 0.00264223
728 0.725877 0.508307 0.00276231
729 0.725877 0.511886 0.00256719
730 0.725877 0.512987 0.0024293
731 0.725877 0.515098 0.00274014
732 0.725877 0.5162 0.00242317
733 0.725877 0.515714 0.00309948
734 0.725877 0.510797 0.002623
735 0.725877 0.509732 0.0025813
736 0.725877 0.514316 0.00268412
737 0.725877 0.516417 0.00292172
738 0.725877 0.519325 0.00288376
739 0.725877 0.511587 0.00298927
740 0.725877 0.511523 0.00266212
741 0.725877 0.51668 0.00299499
742 0.725877 0.52052 0.00342008
743 0.725877 0.519205 0.00279667
744 0.725877 0.514023 0.00285374
745 0.725877 0.518638 0.00307022
746 0.725877 0.509474 0.00303252
747 0.725877 0.51551 0.00323765
748 0.725877 0.519908 0.00280253
749 0.725877 0.512805 0.00279696
750 0.725877 0.510357 0.00281134
751 0.725877 0.516359 0.00243682
752 0.725877 0.518351 0.00257838
753 0.725877 0.515208 0.0027036
754 0.725877 0.520471 0.00250231
755 0.725877 0.516392 0.00240793
756 0.725877 0.513825 0.00257019
757 0.725877 0.518611 0.00245838
758 0.725877 0.517574 0.00259672
759 0.725877 0.515316 0.00303093
760 0.725877 0.517303 0.00321763
761 0.725877 0.513743 0.00333152
762 0.725877 0.513086 0.0028215
763 0.725877 0.517544 0.00260807
764 0.725877 0.52252 0.00326899
765 0.725877 0.516519 0.00269126
766 0.725877 0.510526 0.00266292
767 0.725877 0.517124 0.00240152
768 0.725877 0.515131 0.00258108
769 0.725877 0.515489 0.00287646
770 0.725877 0.514835 0.00263883
771 0.725877 0.511993 0.0027721
772 0.725877 0.517473 0.00280263
773 0.725877 0.514798 0.00258105
774 0.725877 0.517478 0.00267917
775 0.725877 0.516361 0.002512
776 0.725877 0.51516 0.00302738
777 0.725877 0.516989 0.00270498
778 0.725877 0.516872 0.00292101
779 0.725877 0.519018 0.00295462
780 0.725877 0.520848 0.00263867
781 0.725877 0.513554 0.00253911
782 0.725877 0.518853 0.00331619
783 0.725877 0.516331 0.00273588
784 0.725877 0.514453 0.00272316
785 0.725877 0.511118 0.00284114
786 0.725877 0.516388 0.00259966
787 0.725877 0.517583 0.00291204
788 0.725877 0.513347 0.00297092
789 0.725877 0.512631 0.00283187
790 0.725877 0.510934 0.00293619
791 0.725877 0.5183 0.00284484
792 0.725877 0.519462 0.00268096
793 0.725877 0.517034 0.00251931
794 0.725877 0.521593 0.00363287
795 0.725877 0.513883 0.00331124
796 0.725877 0.515549 0.00292915
797 0.725877 0.516405 0.00263834
798 0.725877 0.513025 0.00283659
799 0.725877 0.511967 0.00254333
800 0.725877 0.509774 0.00265537
801 0.725877 0.517818 0.00244711
802 0.725877 0.519993 0.00271302
803 0.725877 0.517837 0.0027146
804 0.725877 0.517696 0.00253867
805 0.725877 0.510806 0.00283185
806 0.725877 0.517373 0.00274001
807 0.725877 0.511176 0.00243343
808 0.725877 0.510093 0.00249971
809 0.725877 0.513054 0.00257527
810 0.725877 0.5163 0.00298264
811 0.725877 0.521019 0.00283082
812 0.725877 0.515422 0.00268363
813 0.725877 0.520628 0.00278547
814 0.725877 0.510742 0.00264637
815 0.725877 0.509062 0.00320577
816 0.725877 0.515878 0.00282473
817 0.725877 0.511957 0.00310674
818 0.725877 0.523257 0.00293952
819 0.725877 0.514639 0.00283975
820 0.725877 0.513733 0.0030338
821 0.725877 0.51322 0.00285507
822 0.725877 0.516532 0.00275703
823 0.725877 0.514701 0.0029911
824 0.725877 0.509195 0.00327498
825 0.725877 0.510291 0.00281049
826 0.725877 0.511141 0.00257546
827 0.725877 0.511641 0.00303309
828 0.725877 0.509757 0.00278108
829 0.725877 0.509583 0.00270614
830 0.725877 0.514626 0.00295463
831 0.725877 0.510287 0.00309219
832 0.725877 0.513522 0.00293797
833 0.725877 0.515503 0.00264734
834 0.725877 0.515504 0.00272177
835 0.725877 0.51079 0.00310208
836 0.725877 0.51361 0.00262255
837 0.725877 0.513567 0.00258228
838 0.725877 0.510393 0.00284078
839 0.725877 0.508692 0.002668
840 0.725877 0.510631 0.00301279
841 0.725877 0.521254 0.0027011
842 0.725877 0.512122 0.00306595
843 0.725877 0.514168 0.00299554
844 0.725877 0.511929 0.00268184
845 0.725877 0.515058 0.00290651
846 0.725877 0.519556 0.0028465
847 0.725877 0.514243 0.00285088
848 0.725877 0.513933 0.00307657
849 0.725877 0.517528 0.00326193
850 0.725877 0.514529 0.00296491
851 0.725877 0.515465 0.00242608
852 0.725877 0.515153 0.00243901
853 0.725877 0.511233 0.00293951
854 0.725877 0.515547 0.00300223
855 0.725877 0.516145 0.00261824
856 0.725877 0.507226 0.00286712
857 0.725877 0.510155 0.00270756
858 0.725877 0.512902 0.00297749
859 0.725877 0.51497 0.00306448
860 0.725877 0.51596 0.00261653
861 0.725877 0.514321 0.00293926
862 0.725877 0.513607 0.00268572
863 0.725877 0.517165 0.0025568
864 0.725877 0.518114 0.00267468
865 0.725877 0.522305 0.00273027
866 0.725877 0.510694 0.00261802
867 0.725877 0.514148 0.0027441
868 0.725877 0.513484 0.00294685
869 0.725877 0.517383 0.00298276
870 0.725877 0.517225 0.00274614
871 0.725877 0.511798 0.00298791
872 0.725877 0.516828 0.00290234
873 0.725877 0.52059 0.00288108
874 0.725877 0.517068 0.0024926
875 0.725877 0.512926 0.00279511
876 0.725877 0.516303 0.00241472
877 0.725877 0.515498 0.00281361
878 0.725877 0.515196 0.00268023
879 0.725877 0.514502 0.00251452
880 0.725877 0.518336 0.00258213
881 0.725877 0.516197 0.00252295
882 0.725877 0.51515 0.00296447
883 0.725877 0.512031 0.00286228
884 0.725877 0.513273 0.00301653
885 0.725877 0.516064 0.00277866
886 0.725877 0.5132 0.00262106
887 0.725877 0.514279 0.00309955
888 0.725877 0.51511 0.00289143
889 0.725877 0.517733 0.00276177
890 0.725877 0.524284 0.00353437
891 0.725877 0.512221 0.00268133
892 0.725877 0.513562 0.00274562
893 0.725877 0.51685 0.00283551
894 0.725877 0.516379 0.00241006
895 0.725877 0.510652 0.00258049
896 0.725877 0.511062 0.00289969
897 0.725877 0.512264 0.00304315
898 0.725877 0.5122 0.00281397
899 0.725877 0.509526 0.00256443
900 0.725877 0.515045 0.00290836
901 0.725877 0.51272 0.00243482
902 0.725877 0.510004 0.00245804
903 0.725877 0.508957 0.00252402
904 0.725877 0.51125 0.00261599
905 0.725877 0.518874 0.00335258
906 0.725877 0.515218 0.00284637
907 0.725877 0.513193 0.00281979
908 0.725877 0.514936 0.00254336
909 0.725877 0.512388 0.00280429
910 0.725877 0.509864 0.00302756
911 0.725877 0.511977 0.00273269
912 0.725877 0.514063 0.0026391
913 0.725877 0.514024 0.00351254
914 0.725877 0.512556 0.00287018
915 0.725877 0.515159 0.00286359
916 0.725877 0.508809 0.00274287
917 0.725877 0.515765 0.00318436
918 0.725877 0.512484 0.00298193
919 0.725877 0.516016 0.00365754
920 0.725877 0.519287 0.00301841
921 0.725877 0.517775 0.00302626
922 0.725877 0.51965 0.0027736
923 0.725877 0.513437 0.00370227
924 0.725877 0.514842 0.00281022
925 0.725877 0.514377 0.00289976
926 0.725877 0.514198 0.00272637
927 0.725877 0.513978 0.00288009
928 0.725877 0.510537 0.00246576
929 0.725877 0.514388 0.0027198
930 0.725877 0.514021 0.0028136
931 0.725877 0.516859 0.00272987
932 0.725877 0.52283 0.00260037
933 0.725877 0.519391 0.00266585
934 0.725877 0.519003 0.00308429
935 0.725877 0.517919 0.00252158
936 0.725877 0.516808 0.00312742
937 0.725877 0.512434 0.00268275
938 0.725877 0.517816 0.00288627
939 0.725877 0.516385 0.0027636
940 0.725877 0.516089 0.00275134
941 0.725877 0.516031 0.00298351
942 0.725877 0.513459 0.00261344
943 0.725877 0.517087 0.0029993
944 0.725877 0.513667 0.00264391
945 0.725877 0.509928 0.00277611
946 0.725877 0.512364 0.00313827
947 0.725877 0.512345 0.00258563
948 0.725877 0.517051 0.00286955
949 0.725877 0.513893 0.00242099
950 0.725877 0.508657 0.00266034
951 0.725877 0.510368 0.0027226
952 0.725877 0.510664 0.0027121
953 0.725877 0.513675 0.00240073
954 0.725877 0.513402 0.00276652
955 0.725877 0.518835 0.00251738
956 0.725877 0.512412 0.00254223
957 0.725877 0.516575 0.00287078
958 0.725877 0.514269 0.00318343
959 0.725877 0.509247 0.00267192
960 0.725877 0.518144 0.00280312
961 0.725877 0.513649 0.00259931
962 0.725877 0.5169 0.00265745
963 0.725877 0.516152 0.00278627
964 0.725877 0.520839 0.00270004
965 0.725877 0.521829 0.00283185
966 0.725877 0.521759 0.00293187
967 0.725877 0.518349 0.00318882
968 0.725877 0.514459 0.00284291
969 0.725877 0.517366 0.00272531
970 0.725877 0.518239 0.00323304
971 0.725877 0.517422 0.00283303
972 0.725877 0.513926 0.00275342
973 0.725877 0.516247 0.00277646
974 0.725877 0.513137 0.00242793
975 0.725877 0.513721 0.00244206
976 0.725877 0.511466 0.00251828
977 0.725877 0.515543 0.00270256
978 0.725877 0.516516 0.00250145
979 0.725877 0.513384 0.00270052
980 0.725877 0.509779 0.00258986
981 0.725877 0.510394 0.00255959
982 0.725877 0.515644 0.00275012
983 0.725877 0.515615 0.00279953
984 0.725877 0.516903 0.00346166
985 0.725877 0.520608 0.00318862
986 0.725877 0.513669 0.00275256
987 0.725877 0.510766 0.0024706
988 0.725877 0.514558 0.00247001
989 0.725877 0.512341 0.00222079
990 0.725877 0.516159 0.00244228
991 0.725877 0.516586 0.00282658
992 0.725877 0.514272 0.00264878
993 0.725877 0.516083 0.00269011
994 0.725877 0.520013 0.00239421
995 0.725877 0.518097 0.00277806
996 0.725877 0.515927 0.0027274
997 0.725877 0.518628 0.00296389
998 0.725877 0.514579 0.00255735
999 0.725877 0.511473 0.00249215
1000 0.725877 0.514161 0.00247566
1001 0.725877 0.518202 0.00262659
1002 0.725877 0.51032 0.00277463
1003 0.725877 0.5184 0.00250275
1004 0.725877 0.516343 0.00292487
1005 0.725877 0.51779 0.00274452
1006 0.725877 0.519694 0.00284544
1007 0.725877 0.515053 0.00251926
1008 0.725877 0.517514 0.00313443
1009 0.725877 0.509484 0.00275707
1010 0.725877 0.515984 0.00355588
1011 0.725877 0.513962 0.00306888
1012 0.725877 0.512928 0.00259387
1013 0.725877 0.516674 0.00269005
1014 0.725877 0.516311 0.00292471
1015 0.725877 0.516838 0.00269424
1016 0.725877 0.51032 0.00290377
1017 0.725877 0.514047 0.00259272
1018 0.725877 0.511166 0.00247076
1019 0.725877 0.513533 0.0026351
1020 0.725877 0.516973 0.00270548
1021 0.725877 0.51043 0.00264015
1022 0.725877 0.511613 0.00316438
1023 0.725877 0.513976 0.00345065
1024 0.725877 0.513117 0.00272183
1025 0.725877 0.511458 0.00254486
1026 0.725877 0.517341 0.00300095
1027 0.725877 0.510804 0.00259952
1028 0.725877 0.508007 0.00255214
1029 0.725877 0.515379 0.00241902
1030 0.725877 0.511324 0.00249641
1031 0.725877 0.513836 0.0024587
1032 0.725877 0.513255 0.00247664
1033 0.725877 0.514013 0.00291739
1034 0.725877 0.512459 0.00249116
1035 0.725877 0.515333 0.00258389
1036 0.725877 0.510192 0.00264009
1037 0.725877 0.512451 0.00264849
1038 0.725877 0.515714 0.00239533
1039 0.725877 0.510319 0.0023666
1040 0.725877 0.513668 0.002561
1041 0.725877 0.515442 0.00247968
1042 0.725877 0.512125 0.00244603
1043 0.725877 0.518235 0.00265156
1044 0.725877 0.516375 0.00276821
1045 0.725877 0.515882 0.00296272
1046 0.725877 0.513678 0.00246551
1047 0.725877 0.51471 0.00245777
1048 0.725877 0.51669 0.00262021
1049 0.725877 0.513742 0.00242967
1050 0.725877 0.517264 0.00298951
1051 0.725877 0.514884 0.00301712
1052 0.725877 0.514487 0.00314927
1053 0.725877 0.518102 0.00302413
1054 0.725877 0.521016 0.00279455
1055 0.725877 0.513075 0.00309888
1056 0.725877 0.514828 0.00296641
1057 0.725877 0.516753 0.00284711
1058 0.725877 0.521802 0.0030174
1059 0.725877 0.51634 0.00256594
1060 0.725877 0.510105 0.00248983
1061 0.725877 0.512454 0.00257964
1062 0.725877 0.516741 0.00277627
1063 0.725877 0.517462 0.00272694
1064 0.725877 0.517649 0.00269127
1065 0.725877 0.514742 0.00250663
1066 0.725877 0.515849 0.00293026
1067 0.725877 0.516424 0.00236687
1068 0.725877 0.513181 0.00256694
1069 0.725877 0.520089 0.00304747
1070 0.725877 0.516791 0.00239391
1071 0.725877 0.517989 0.00276867
1072 0.725877 0.516108 0.00338378
1073 0.725877 0.514429 0.00286435
1074 0.725877 0.511293 0.00279973
1075 0.725877 0.517776 0.00324361
1076 0.725877 0.517639 0.0023717
1077 0.725877 0.518184 0.00261468
1078 0.725877 0.51593 0.00257025
1079 0.725877 0.514288 0.00250763
1080 0.725877 0.514325 0.00245331
1081 0.725877 0.511642 0.00281359
1082 0.725877 0.51905 0.00270378
1083 0.725877 0.519831 0.00291456
1084 0.725877 0.51756 0.00230995
1085 0.725877 0.510295 0.00244345
1086 0.725877 0.514179 0.00280552
1087 0.725877 0.521636 0.00270445
1088 0.725877 0.516813 0.00280827
1089 0.725877 0.519188 0.00309233
1090 0.725877 0.50925 0.00258472
1091 0.725877 0.513504 0.00236485
1092 0.725877 0.512412 0.00250764
1093 0.725877 0.513535 0.00242647
1094 0.725877 0.510784 0.00235696
1095 0.725877 0.511175 0.00233267
1096 0.725877 0.512398 0.00250386
1097 0.725877 0.516017 0.002768
1098 0.725877 0.519531 0.00275675
1099 0.725877 0.522023 0.00290674
1100 0.725877 0.521086 0.00327105
1101 0.725877 0.516792 0.00281244
1102 0.725877 0.514421 0.00273066
1103 0.725877 0.514919 0.00237703
1104 0.725877 0.5107 0.00259289
1105 0.725877 0.510755 0.0026367
1106 0.725877 0.516696 0.00290553
1107 0.725877 0.515048 0.00275668
1108 0.725877 0.515455 0.0026117
1109 0.725877 0.509671 0.00259126
1110 0.725877 0.513023 0.00246835
1111 0.725877 0.515483 0.00262199
1112 0.725877 0.516064 0.00281873
1113 0.725877 0.514035 0.00288155
1114 0.725877 0.513527 0.00295603
1115 0.725877 0.514198 0.00314956
1116 0.725877 0.514824 0.00285802
1117 0.725877 0.517781 0.00300083
1118 0.725877 0.511984 0.00262836
1119 0.725877 0.514798 0.00264483
1120 0.725877 0.511437 0.00262958
1121 0.725877 0.515705 0.00330546
1122 0.725877 0.51325 0.00322087
1123 0.725877 0.516583 0.00280829
1124 0.725877 0.512798 0.00274969
1125 0.725877 0.517993 0.00281011
1126 0.725877 0.512485 0.0026916
1127 0.725877 0.514821 0.00303678
1128 0.725877 0.514091 0.00278808
1129 0.725877 0.513076 0.00313016
1130 0.725877 0.51397 0.00312958
1131 0.725877 0.51426 0.0031122
1132 0.725877 0.514069 0.0029836
1133 0.725877 0.512153 0.00292318
1134 0.725877 0.51542 0.0030039
1135 0.725877 0.510804 0.00256373
1136 0.725877 0.511764 0.00264294
1137 0.725877 0.514441 0.0027912
1138 0.725877 0.51238 0.00279016
1139 0.725877 0.508738 0.00322426
1140 0.725877 0.515185 0.0031096
1141 0.725877 0.512132 0.00275239
1142 0.725877 0.510974 0.0026489
1143 0.725877 0.519124 0.00293288
1144 0.725877 0.51552 0.00256809
1145 0.725877 0.516754 0.00287002
1146 0.725877 0.514972 0.00284153
1147 0.725877 0.517952 0.00283853
1148 0.725877 0.517365 0.00306255
1149 0.725877 0.513666 0.00290008
1150 0.725877 0.519993 0.0034219
1151 0.725877 0.511073 0.00311205
1152 0.725877 0.509448 0.00260348
1153 0.725877 0.510764 0.00272416
1154 0.725877 0.517749 0.00317321
1155 0.725877 0.514031 0.00239901
1156 0.725877 0.512364 0.0024205
1157 0.725877 0.509302 0.00266864
1158 0.725877 0.512091 0.00277171
1159 0.725877 0.515666 0.00276705
1160 0.725877 0.517372 0.00257194
1161 0.725877 0.516594 0.00251854
1162 0.725877 0.516263 0.00326212
1163 0.725877 0.515635 0.00265842
1164 0.725877 0.515513 0.0025431
1165 0.725877 0.514635 0.00289529
1166 0.725877 0.518418 0.00316213
1167 0.725877 0.512841 0.00252985
1168 0.725877 0.513475 0.00294669
1169 0.725877 0.510864 0.00279052
1170 0.725877 0.509683 0.00261022
1171 0.725877 0.517833 0.00302786
1172 0.725877 0.511979 0.00275262
1173 0.725877 0.512342 0.00257945
1174 0.725877 0.517101 0.00305282
1175 0.725877 0.516672 0.0028594
1176 0.725877 0.512353 0.00265421
1177 0.725877 0.516619 0.00268343
1178 0.725877 0.512173 0.00257446
1179 0.725877 0.511957 0.00247129
1180 0.725877 0.509242 0.0026432
1181 0.725877 0.514492 0.00262555
1182 0.725877 0.516908 0.00265312
1183 0.725877 0.519338 0.00277964
1184 0.725877 0.516462 0.00282881
1185 0.725877 0.515811 0.00263222
1186 0.725877 0.513875 0.00236093
1187 0.725877 0.515736 0.00323473
1188 0.725877 0.518507 0.00310868
1189 0.725877 0.5116 0.00277416
1190 0.725877 0.5127 0.00240413
1191 0.725877 0.513295 0.00224701
1192 0.725877 0.50891 0.00246853
1193 0.725877 0.516328 0.0027725
1194 0.725877 0.513871 0.00228529
1195 0.725877 0.512644 0.00244255
1196 0.725877 0.511534 0.00250861
1197 0.725877 0.510847 0.00259133
1198 0.725877 0.514828 0.00257794
1199 0.725877 0.512492 0.00242703
1200 0.725877 0.514721 0.0025442
1201 0.725877 0.512069 0.00253541
1202 0.725877 0.509693 0.00295301
1203 0.725877 0.514526 0.00296938
1204 0.725877 0.510953 0.00265998
1205 0.725877 0.513246 0.00259975
1206 0.725877 0.509809 0.00237706
1207 0.725877 0.512529 0.0027504
1208 0.725877 0.515487 0.00274755
1209 0.725877 0.51637 0.0029065
1210 0.725877 0.517851 0.00309319
1211 0.725877 0.512901 0.00250613
1212 0.725877 0.513817 0.00302351
1213 0.725877 0.510217 0.00253697
1214 0.725877 0.513491 0.00249161
1215 0.725877 0.515248 0.00289304
1216 0.725877 0.513346 0.00273021
1217 0.725877 0.514295 0.00251042
1218 0.725877 0.513639 0.00260533
1219 0.725877 0.514041 0.00301813
1220 0.725877 0.516799 0.00274127
1221 0.725877 0.509432 0.00269708
1222 0.725877 0.510727 0.00262736
1223 0.725877 0.515721 0.00266407
1224 0.725877 0.511048 0.00292183
1225 0.725877 0.514835 0.0027375
1226 0.725877 0.513 0.00304642
1227 0.725877 0.514586 0.00254792
1228 0.725877 0.515071 0.00252258
1229 0.725877 0.512179 0.00256845
1230 0.725877 0.507228 0.00303293
1231 0.725877 0.5133 0.00260455
1232 0.725877 0.514798 0.0029629
1233 0.725877 0.518367 0.00342712
1234 0.725877 0.513512 0.00278389
1235 0.725877 0.518557 0.00268097
1236 0.725877 0.514361 0.0027659
1237 0.725877 0.520504 0.00334826
1238 0.725877 0.517618 0.00275991
1239 0.725877 0.516858 0.0028163
1240 0.725877 0.520536 0.00265453
1241 0.725877 0.515862 0.00240398
1242 0.725877 0.513747 0.0025517
1243 0.725877 0.515627 0.00256487
1244 0.725877 0.51356 0.00290419
1245 0.725877 0.514291 0.00286843
1246 0.725877 0.514055 0.00258044
1247 0.725877 0.512204 0.0026609
1248 0.725877 0.513601 0.00264944
1249 0.725877 0.515028 0.00254748
1250 0.725877 0.51375 0.00321554
1251 0.725877 0.515577 0.00289618
1252 0.725877 0.516127 0.00250894
1253 0.725877 0.513692 0.00256784
1254 0.725877 0.517274 0.00285114
1255 0.725877 0.512333 0.00251385
1256 0.725877 0.513626 0.00250074
1257 0.725877 0.515411 0.00265747
1258 0.725877 0.517999 0.0027043
1259 0.725877 0.512163 0.00267124
1260 0.725877 0.509963 0.00226045
1261 0.725877 0.513078 0.0025514
1262 0.725877 0.514319 0.00237101
1263 0.725877 0.513295 0.00231635
1264 0.725877 0.514123 0.00299253
1265 0.725877 0.513456 0.00245763
1266 0.725877 0.513327 0.00253229
1267 0.725877 0.516908 0.00279618
1268 0.725877 0.51694 0.00269606
1269 0.725877 0.516797 0.00252042
1270 0.725877 0.513764 0.00255485
1271 0.725877 0.513229 0.00242255
1272 0.725877 0.520119 0.00286803
1273 0.725877 0.518807 0.00250143
1274 0.725877 0.514006 0.00269976
1275 0.725877 0.513424 0.00283825
1276 0.725877 0.513118 0.00257785
1277 0.725877 0.51647 0.00269144
1278 0.725877 0.513006 0.00270067
1279 0.725877 0.514345 0.00282684
1280 0.725877 0.516611 0.00266743
1281 0.725877 0.514949 0.00271963
1282 0.725877 0.518461 0.00253624
1283 0.725877 0.518192 0.00324006
1284 0.725877 0.519342 0.00274907
1285 0.725877 0.517597 0.00285737
1286 0.725877 0.512606 0.00307894
1287 0.725877 0.516853 0.00287894
1288 0.725877 0.517793 0.0026931
1289 0.725877 0.514084 0.00275108
1290 0.725877 0.521261 0.00291794
1291 0.725877 0.514193 0.0028343
1292 0.725877 0.51911 0.00281616
1293 0.725877 0.512045 0.00255387
1294 0.725877 0.520828 0.00319492
1295 0.725877 0.518698 0.00250533
1296 0.725877 0.516068 0.00250717
1297 0.725877 0.516044 0.00237631
1298 0.725877 0.513525 0.00249381
1299 0.725877 0.515773 0.0026997
1300 0.725877 0.513651 0.00249697
1301 0.725877 0.508576 0.00245465
1302 0.725877 0.515986 0.00274741
1303 0.725877 0.513479 0.00261951
1304 0.725877 0.514053 0.00273352
1305 0.725877 0.515364 0.00262657
1306 0.725877 0.511031 0.00263391
1307 0.725877 0.515786 0.00295937
1308 0.725877 0.51806 0.00263759
1309 0.725877 0.513466 0.00272259
1310 0.725877 0.513761 0.00255676
1311 0.725877 0.512707 0.00260212
1312 0.725877 0.511444 0.00294317
1313 0.725877 0.512679 0.00281534
1314 0.725877 0.508164 0.00282042
1315 0.725877 0.50694 0.0027968
1316 0.725877 0.512787 0.00313191
1317 0.725877 0.509493 0.00313468
1318 0.725877 0.513755 0.00254032
1319 0.725877 0.513863 0.00285272
1320 0.725877 0.517505 0.00316419
1321 0.725877 0.513261 0.00263999
1322 0.725877 0.510205 0.00242237
1323 0.725877 0.512045 0.00253632
1324 0.725877 0.515966 0.00284901
1325 0.725877 0.513428 0.00248886
1326 0.725877 0.519856 0.00268109
1327 0.725877 0.512824 0.00267553
1328 0.725877 0.510216 0.00305803
1329 0.725877 0.511951 0.00268469
1330 0.725877 0.513535 0.00264877
1331 0.725877 0.512794 0.00284119
1332 0.725877 0.516517 0.00262955
1333 0.725877 0.511193 0.00251946
1334 0.725877 0.51307 0.00233824
1335 0.725877 0.515176 0.00273786
1336 0.725877 0.514408 0.00245895
1337 0.725877 0.511447 0.00256523
1338 0.725877 0.517616 0.00288654
1339 0.725877 0.511173 0.00265137
1340 0.725877 0.515461 0.00315094
1341 0.725877 0.514762 0.00254437
1342 0.725877 0.510948 0.00267558
1343 0.725877 0.514206 0.00253037
1344 0.725877 0.510025 0.00260768
1345 0.725877 0.514814 0.00255197
1346 0.725877 0.512755 0.00241203
1347 0.725877 0.510472 0.00261899
1348 0.725877 0.510837 0.00289416
1349 0.725877 0.509126 0.00275848
1350 0.725877 0.512152 0.00276859
1351 0.725877 0.506339 0.00289519
1352 0.725877 0.513128 0.00255264
1353 0.725877 0.51299 0.00265216
1354 0.725877 0.518071 0.00329699
1355 0.725877 0.513682 0.00254882
1356 0.725877 0.515436 0.00254088
1357 0.725877 0.520319 0.00276475
1358 0.725877 0.5124 0.00274528
1359 0.725877 0.515272 0.00263248
1360 0.725877 0.518858 0.00331866
1361 0.725877 0.516487 0.00274804
1362 0.725877 0.51331 0.00290052
1363 0.725877 0.516733 0.00283252
1364 0.725877 0.516731 0.00261779
1365 0.725877 0.517877 0.00254975
1366 0.725877 0.51991 0.00267798
1367 0.725877 0.517344 0.00265324
1368 0.725877 0.516493 0.00249209
1369 0.725877 0.513902 0.00260919
1370 0.725877 0.513418 0.00277051
1371 0.725877 0.511482 0.00255364
1372 0.725877 0.511598 0.00266503
1373 0.725877 0.515071 0.00271324
1374 0.725877 0.51563 0.00251303
1375 0.725877 0.514075 0.00311944
1376 0.725877 0.513319 0.00262476
1377 0.725877 0.509684 0.00263497
1378 0.725877 0.51343 0.00286085
1379 0.725877 0.518573 0.00294391
1380 0.725877 0.517191 0.00245301
1381 0.725877 0.513077 0.0026531
1382 0.725877 0.513501 0.0025404
1383 0.725877 0.515441 0.00315943
1384 0.725877 0.520602 0.00270876
1385 0.725877 0.51843 0.00268044
1386 0.725877 0.51511 0.00258367
1387 0.725877 0.509496 0.00242317
1388 0.725877 0.51069 0.00241454
1389 0.725877 0.515333 0.00278842
1390 0.725877 0.511376 0.00251874
1391 0.725877 0.51138 0.00260381
1392 0.725877 0.511771 0.00275111
1393 0.725877 0.517834 0.0030412
1394 0.725877 0.515423 0.00262819
1395 0.725877 0.513263 0.00251857
1396 0.725877 0.512981 0.00276529
1397 0.725877 0.510982 0.00286115
1398 0.725877 0.514929 0.00253948
1399 0.725877 0.511709 0.00279621
1400 0.725877 0.513983 0.00267104
1401 0.725877 0.514599 0.00275081
1402 0.725877 0.511413 0.00284635
1403 0.725877 0.51305 0.00276213
1404 0.725877 0.512025 0.00291535
1405 0.725877 0.517272 0.00294055
1406 0.725877 0.513194 0.00271271
1407 0.725877 0.514094 0.00248592
1408 0.725877 0.516705 0.0024578
1409 0.725877 0.516647 0.00302263
1410 0.725877 0.513771 0.00236879
1411 0.725877 0.517372 0.00267377
1412 0.725877 0.516913 0.00288905
1413 0.725877 0.508379 0.00272716
1414 0.725877 0.516774 0.00256214
1415 0.725877 0.520412 0.00320684
1416 0.725877 0.517756 0.00307022
1417 0.725877 0.521802 0.00290886
1418 0.725877 0.522216 0.00272159
1419 0.725877 0.518155 0.0027094
1420 0.725877 0.515771 0.00296756
1421 0.725877 0.516658 0.00283726
1422 0.725877 0.519375 0.00298203
1423 0.725877 0.517234 0.00286294
1424 0.725877 0.519131 0.00288252
1425 0.725877 0.513641 0.0026248
1426 0.725877 0.521001 0.00265982
1427 0.725877 0.517472 0.00262172
1428 0.725877 0.514708 0.00282726
1429 0.725877 0.512651 0.0025983
1430 0.725877 0.516888 0.00266109
1431 0.725877 0.516323 0.00257034
1432 0.725877 0.518661 0.00287144
1433 0.725877 0.518561 0.00272178
1434 0.725877 0.523585 0.00313533
1435 0.725877 0.518477 0.0026685
1436 0.725877 0.516302 0.00254617
1437 0.725877 0.519118 0.00300951
1438 0.725877 0.517953 0.00252876
1439 0.725877 0.51423 0.00272256
1440 0.725877 0.516869 0.00269809
1441 0.725877 0.515996 0.00239818
1442 0.725877 0.518547 0.0025085
1443 0.725877 0.517678 0.0026923
1444 0.725877 0.514682 0.00278447
1445 0.725877 0.518594 0.00277072
1446 0.725877 0.517427 0.00349759
1447 0.725877 0.516246 0.00288991
1448 0.725877 0.513678 0.00293034
1449 0.725877 0.511775 0.00283116
1450 0.725877 0.519109 0.00260569
1451 0.725877 0.515929 0.00268478
1452 0.725877 0.51668 0.00291341
1453 0.725877 0.520675 0.00307335
1454 0.725877 0.515219 0.00263065
1455 0.725877 0.513119 0.00246815
1456 0.725877 0.514642 0.00275395
1457 0.725877 0.512321 0.00251894
1458 0.725877 0.509517 0.00252422
1459 0.725877 0.513761 0.002526
1460 0.725877 0.519588 0.00234934
1461 0.725877 0.515945 0.0023917
1462 0.725877 0.516528 0.00252271
1463 0.725877 0.514337 0.00271916
1464 0.725877 0.51154 0.00280187
1465 0.725877 0.508821 0.00308272
1466 0.725877 0.510646 0.00266627
1467 0.725877 0.51354 0.00285546
1468 0.725877 0.510645 0.0024581
1469 0.725877 0.517822 0.00260275
1470 0.725877 0.517465 0.00261129
1471 0.725877 0.513538 0.00279879
1472 0.725877 0.514622 0.00263057
1473 0.725877 0.516105 0.00265849
1474 0.725877 0.516533 0.00295677
1475 0.725877 0.510502 0.00287829
1476 0.725877 0.513446 0.00272169
1477 0.725877 0.515054 0.00262351
1478 0.725877 0.513367 0.00256647
1479 0.725877 0.516395 0.00281755
1480 0.725877 0.513486 0.00270879
1481 0.725877 0.512122 0.0027664
1482 0.725877 0.517639 0.00304495
1483 0.725877 0.519197 0.00278987
1484 0.725877 0.516115 0.0026275
1485 0.725877 0.524182 0.00302363
1486 0.725877 0.510077 0.0027061
1487 0.725877 0.515201 0.00270973
1488 0.725877 0.517585 0.00282064
1489 0.725877 0.518617 0.00292742
1490 0.725877 0.514296 0.00294797
1491 0.725877 0.518233 0.00295162
1492 0.725877 0.512783 0.0026706
1493 0.725877 0.516743 0.00255413
1494 0.725877 0.510993 0.00255379
1495 0.725877 0.513075 0.00272338
1496 0.725877 0.519071 0.00271076
1497 0.725877 0.516976 0.00287326
1498 0.725877 0.516942 0.00288724
1499 0.725877 0.518514 0.00271944
1500 0.725877 0.51483 0.00261705
1501 0.725877 0.517128 0.00250875
1502 0.725877 0.513668 0.00272652
1503 0.725877 0.51634 0.00244417
1504 0.725877 0.519186 0.00284789
1505 0.725877 0.516715 0.00263291
1506 0.725877 0.516827 0.00278701
1507 0.725877 0.515603 0.00325214
1508 0.725877 0.512043 0.00295845
1509 0.725877 0.509633 0.00294815
1510 0.725877 0.51014 0.00300487
1511 0.725877 0.517675 0.00300316
1512 0.725877 0.514933 0.0029961
1513 0.725877 0.516246 0.00312931
1514 0.725877 0.516534 0.00278826
1515 0.725877 0.514662 0.00297615
1516 0.725877 0.513462 0.00278639
1517 0.725877 0.518942 0.00281571
1518 0.725877 0.512917 0.00267423
1519 0.725877 0.515218 0.00285826
1520 0.725877 0.51359 0.00265884
1521 0.725877 0.508994 0.00265437
1522 0.725877 0.515121 0.0026208
1523 0.725877 0.520009 0.00261613
1524 0.725877 0.517555 0.00262247
1525 0.725877 0.515768 0.00273961
1526 0.725877 0.51194 0.00293004
1527 0.725877 0.520332 0.00258665
1528 0.725877 0.515229 0.00277464
1529 0.725877 0.515466 0.0031477
1530 0.725877 0.514017 0.00258319
1531 0.725877 0.519336 0.00326363
1532 0.725877 0.518586 0.00263967
1533 0.725877 0.514145 0.00277515
1534 0.725877 0.513815 0.00255747
1535 0.725877 0.516487 0.00278547
1536 0.725877 0.515857 0.00257154
1537 0.725877 0.51126 0.00291463
1538 0.725877 0.521006 0.00268128
1539 0.725877 0.516485 0.00275617
1540 0.725877 0.517708 0.00244011
1541 0.725877 0.519928 0.00272304
1542 0.725877 0.516162 0.00266856
1543 0.725877 0.512545 0.00274172
1544 0.725877 0.513409 0.00274552
1545 0.725877 0.515242 0.00261491
1546 0.725877 0.518399 0.00270726
1547 0.725877 0.515281 0.00257537
1548 0.725877 0.514384 0.00270494
1549 0.725877 0.516217 0.00298524
1550 0.725877 0.511641 0.00289088
1551 0.725877 0.516466 0.00269792
1552 0.725877 0.514741 0.00255828
1553 0.725877 0.520232 0.0028563
1554 0.725877 0.51103 0.0025265
1555 0.725877 0.514103 0.00248326
1556 0.725877 0.51257 0.00264998
1557 0.725877 0.519024 0.00307657
1558 0.725877 0.524223 0.00331151
1559 0.725877 0.515987 0.0028774
1560 0.725877 0.514225 0.00301039
1561 0.725877 0.518225 0.0031423
1562 0.725877 0.511053 0.0027442
1563 0.725877 0.514917 0.00279324
1564 0.725877 0.515235 0.00257918
1565 0.725877 0.513453 0.00268117
1566 0.725877 0.516397 0.00262484
1567 0.725877 0.517388 0.00249188
1568 0.725877 0.517797 0.00262017
1569 0.725877 0.512218 0.00319815
1570 0.725877 0.512224 0.00307904
1571 0.725877 0.517962 0.00273805
1572 0.725877 0.515695 0.00275934
1573 0.725877 0.516394 0.00252659
1574 0.725877 0.516244 0.00282162
1575 0.725877 0.511204 0.00299427
1576 0.725877 0.513587 0.00249834
1577 0.725877 0.50983 0.00291192
1578 0.725877 0.512951 0.00276603
1579 0.725877 0.519703 0.0030963
1580 0.725877 0.518617 0.00290292
1581 0.725877 0.519892 0.00280429
1582 0.725877 0.517403 0.0027508
1583 0.725877 0.514842 0.00248252
1584 0.725877 0.515396 0.00251393
1585 0.725877 0.512976 0.00255641
1586 0.725877 0.519876 0.00292146
1587 0.725877 0.519524 0.00255829
1588 0.725877 0.519459 0.00288544
1589 0.725877 0.51607 0.00302093
1590 0.725877 0.519683 0.00296196
1591 0.725877 0.514114 0.00281579
1592 0.725877 0.52122 0.00282346
1593 0.725877 0.521668 0.00307082
1594 0.725877 0.523014 0.00319722
1595 0.725877 0.51597 0.00314075
1596 0.725877 0.516782 0.0028583
1597 0.725877 0.518855 0.00263423
1598 0.725877 0.522697 0.00273644
1599 0.725877 0.518781 0.00267728
1600 0.725877 0.521142 0.00270677
1601 0.725877 0.520766 0.00265236
1602 0.725877 0.519949 0.00277508
1603 0.725877 0.517089 0.00285248
1604 0.725877 0.516291 0.00259724
1605 0.725877 0.52037 0.00258901
1606 0.725877 0.520329 0.00271795
1607 0.725877 0.511069 0.00258775
1608 0.725877 0.518513 0.00281598
1609 0.725877 0.516897 0.00267795
1610 0.725877 0.524799 0.0025874
1611 0.725877 0.515967 0.00281765
1612 0.725877 0.51588 0.00236999
1613 0.725877 0.514309 0.00276414
1614 0.725877 0.518537 0.00255236
1615 0.725877 0.519716 0.0028641
1616 0.725877 0.512555 0.00254665
1617 0.725877 0.521066 0.00312604
1618 0.725877 0.519002 0.00266052
1619 0.725877 0.516569 0.00267401
1620 0.725877 0.515245 0.00280586
1621 0.725877 0.520217 0.00286355
1622 0.725877 0.513121 0.00290221
1623 0.725877 0.515222 0.00243707
1624 0.725877 0.516843 0.00236735
1625 0.725877 0.51556 0.0024692
1626 0.725877 0.51628 0.00282901
1627 0.725877 0.518296 0.00267417
1628 0.725877 0.520897 0.00283644
1629 0.725877 0.514682 0.00299396
1630 0.725877 0.506944 0.00271628
1631 0.725877 0.516314 0.00264305
1632 0.725877 0.516622 0.00287808
1633 0.725877 0.514022 0.00247991
1634 0.725877 0.512808 0.00278311
1635 0.725877 0.508966 0.00249474
1636 0.725877 0.517473 0.00257087
1637 0.725877 0.514421 0.002868
1638 0.725877 0.517349 0.00314346
1639 0.725877 0.516926 0.00246661
1640 0.725877 0.515882 0.0029458
1641 0.725877 0.515362 0.0026087
1642 0.725877 0.510213 0.00251865
1643 0.725877 0.514655 0.00300014
1644 0.725877 0.515716 0.0027243
1645 0.725877 0.512148 0.00276541
1646 0.725877 0.514588 0.00265713
1647 0.725877 0.515456 0.00298434
1648 0.725877 0.511003 0.0028092
1649 0.725877 0.514563 0.00250499
1650 0.725877 0.514092 0.00237609
1651 0.725877 0.513401 0.00238783
1652 0.725877 0.516951 0.00260435
1653 0.725877 0.517953 0.00264337
1654 0.725877 0.511408 0.00258626
1655 0.725877 0.517568 0.00282818
1656 0.725877 0.509541 0.00266562
1657 0.725877 0.50922 0.00322544
1658 0.725877 0.521106 0.00286321
1659 0.725877 0.510759 0.00251817
1660 0.725877 0.514279 0.00253677
1661 0.725877 0.514525 0.00240359
1662 0.725877 0.513248 0.00254287
1663 0.725877 0.514346 0.00296924
1664 0.725877 0.510803 0.00234965
1665 0.725877 0.510027 0.00271783
1666 0.725877 0.513608 0.00273374
1667 0.725877 0.514014 0.0031459
1668 0.725877 0.515021 0.00316912
1669 0.725877 0.519032 0.00304966
1670 0.725877 0.514188 0.00303501
1671 0.725877 0.51262 0.00255113
1672 0.725877 0.515062 0.00252671
1673 0.725877 0.518994 0.00283498
1674 0.725877 0.514921 0.00315628
1675 0.725877 0.519263 0.00306908
1676 0.725877 0.513466 0.00268185
1677 0.725877 0.516781 0.00259628
1678 0.725877 0.514182 0.0028205
1679 0.725877 0.517332 0.00281685
1680 0.725877 0.51361 0.00253448
1681 0.725877 0.516912 0.00302723
1682 0.725877 0.518293 0.00250017
1683 0.725877 0.515992 0.00263317
1684 0.725877 0.51486 0.00232608
1685 0.725877 0.515093 0.0029931
1686 0.725877 0.51594 0.00277587
1687 0.725877 0.51615 0.00282414
1688 0.725877 0.511015 0.00292552
1689 0.725877 0.518044 0.00280137
1690 0.725877 0.517821 0.00265936
1691 0.725877 0.511877 0.00256468
1692 0.725877 0.514643 0.00267721
1693 0.725877 0.516409 0.00269993
1694 0.725877 0.51336 0.00285213
1695 0.725877 0.513236 0.00261185
1696 0.725877 0.511916 0.00266124
1697 0.725877 0.516334 0.00296454
1698 0.725877 0.514197 0.00267267
1699 0.725877 0.513634 0.00255392
1700 0.725877 0.51395 0.00266203
1701 0.725877 0.512642 0.00273818
1702 0.725877 0.516597 0.00278072
1703 0.725877 0.514765 0.00256477
1704 0.725877 0.51974 0.00290346
1705 0.725877 0.509016 0.00231031
1706 0.725877 0.512381 0.00277396
1707 0.725877 0.510126 0.00250692
1708 0.725877 0.515128 0.00269382
1709 0.725877 0.519072 0.00288774
1710 0.725877 0.513444 0.00289802
1711 0.725877 0.516882 0.00326888
1712 0.725877 0.514 0.00271575
1713 0.725877 0.51525 0.00250222
1714 0.725877 0.512654 0.00252939
1715 0.725877 0.512065 0.00270528
1716 0.725877 0.511959 0.00267412
1717 0.725877 0.516746 0.0026367
1718 0.725877 0.519416 0.00273366
1719 0.725877 0.516507 0.00245569
1720 0.725877 0.51628 0.00270935
1721 0.725877 0.513119 0.00288485
1722 0.725877 0.515503 0.00307091
1723 0.725877 0.518784 0.003036
1724 0.725877 0.520208 0.00319809
1725 0.725877 0.522731 0.00318376
1726 0.725877 0.520403 0.00300119
1727 0.725877 0.516041 0.00307084
1728 0.725877 0.514801 0.00254174
1729 0.725877 0.514594 0.00241408
1730 0.725877 0.512816 0.00301069
1731 0.725877 0.515551 0.00293217
1732 0.725877 0.514276 0.00241579
1733 0.725877 0.514912 0.00266927
1734 0.725877 0.517958 0.00275817
1735 0.725877 0.514576 0.00262999
1736 0.725877 0.52065 0.00282436
1737 0.725877 0.52334 0.00315639
1738 0.725877 0.520956 0.00276497
1739 0.725877 0.520506 0.00281829
1740 0.725877 0.513185 0.0027653
1741 0.725877 0.513349 0.00254007
1742 0.725877 0.513054 0.00303027
1743 0.725877 0.510151 0.00277764
1744 0.725877 0.515246 0.00310238
1745 0.725877 0.516699 0.00275734
1746 0.725877 0.516936 0.00259392
1747 0.725877 0.516743 0.00288479
1748 0.725877 0.524639 0.00289853
1749 0.725877 0.521043 0.00247861
1750 0.725877 0.519033 0.00283667
1751 0.725877 0.519063 0.00250464
1752 0.725877 0.515502 0.00279261
1753 0.725877 0.514066 0.00268385
1754 0.725877 0.516553 0.00279094
1755 0.725877 0.518772 0.00275469
1756 0.725877 0.516523 0.00294501
1757 0.725877 0.518252 0.0028869
1758 0.725877 0.52355 0.00315063
1759 0.725877 0.515782 0.00266582
1760 0.725877 0.516137 0.00273073
1761 0.725877 0.516204 0.00291368
1762 0.725877 0.520032 0.00261216
1763 0.725877 0.51952 0.00267518
1764 0.725877 0.51751 0.00292706
1765 0.725877 0.517358 0.0027619
1766 0.725877 0.516896 0.00305121
1767 0.725877 0.513118 0.00299874
1768 0.725877 0.519773 0.00296497
1769 0.725877 0.522528 0.00306441
1770 0.725877 0.515759 0.00272355
1771 0.725877 0.512743 0.00264405
1772 0.725877 0.513905 0.0026085
1773 0.725877 0.515085 0.00272564
1774 0.725877 0.51306 0.00278912
1775 0.725877 0.509435 0.00262734
1776 0.725877 0.517077 0.00265233
1777 0.725877 0.512087 0.00274624
1778 0.725877 0.511125 0.00290937
1779 0.725877 0.515936 0.00283369
1780 0.725877 0.513967 0.00267141
1781 0.725877 0.513257 0.0026232
1782 0.725877 0.515159 0.00256565
1783 0.725877 0.514664 0.00302625
1784 0.725877 0.516174 0.00284612
1785 0.725877 0.517676 0.00288353
1786 0.725877 0.516489 0.0025966
1787 0.725877 0.520756 0.00313064
1788 0.725877 0.515736 0.00279299
1789 0.725877 0.516358 0.00274881
1790 0.725877 0.517816 0.00343309
1791 0.725877 0.517085 0.00285728
1792 0.725877 0.506981 0.00328318
1793 0.725877 0.518133 0.00276877
1794 0.725877 0.514849 0.00258025
1795 0.725877 0.511347 0.00259077
1796 0.725877 0.511428 0.00268115
1797 0.725877 0.510545 0.00262349
1798 0.725877 0.510616 0.00284191
1799 0.725877 0.513831 0.00267738
1800 0.725877 0.511254 0.00249623
1801 0.725877 0.515287 0.00306352
1802 0.725877 0.517834 0.0035709
1803 0.725877 0.521028 0.00272258
1804 0.725877 0.51437 0.00281608
1805 0.725877 0.510342 0.00258216
1806 0.725877 0.516418 0.00257896
1807 0.725877 0.518609 0.00295805
1808 0.725877 0.517281 0.00271293
1809 0.725877 0.51532 0.0028338
1810 0.725877 0.520727 0.00269655
1811 0.725877 0.522396 0.00273737
1812 0.725877 0.514037 0.00256944
1813 0.725877 0.516899 0.00320052
1814 0.725877 0.511767 0.0027539
1815 0.725877 0.5164 0.00308399
1816 0.725877 0.512944 0.00268841
1817 0.725877 0.519707 0.0026555
1818 0.725877 0.515199 0.00267389
1819 0.725877 0.512041 0.00255542
1820 0.725877 0.518741 0.00256509
1821 0.725877 0.516516 0.00286823
1822 0.725877 0.518037 0.0029358
1823 0.725877 0.517194 0.00289387
1824 0.725877 0.513275 0.00262782
1825 0.725877 0.51638 0.00272081
1826 0.725877 0.51795 0.00299581
1827 0.725877 0.514881 0.00250579
1828 0.725877 0.517927 0.00291404
1829 0.725877 0.513848 0.00329878
1830 0.725877 0.521047 0.0029696
1831 0.725877 0.512341 0.00273249
1832 0.725877 0.515514 0.00264061
1833 0.725877 0.516125 0.00300202
1834 0.725877 0.51454 0.00346737
1835 0.725877 0.518379 0.00284324
1836 0.725877 0.518553 0.00267287
1837 0.725877 0.510386 0.00258019
1838 0.725877 0.519949 0.00288804
1839 0.725877 0.517512 0.0030188
1840 0.725877 0.516647 0.00266849
1841 0.725877 0.512551 0.00284695
1842 0.725877 0.515155 0.00313783
1843 0.725877 0.519786 0.00325834
1844 0.725877 0.523331 0.00307361
1845 0.725877 0.523009 0.00371115
1846 0.725877 0.519176 0.00336478
1847 0.725877 0.515957 0.00271925
1848 0.725877 0.512319 0.00246065
1849 0.725877 0.517216 0.003083
1850 0.725877 0.520824 0.00310275
1851 0.725877 0.511696 0.00279691
1852 0.725877 0.514602 0.00300952
1853 0.725877 0.514933 0.00320957
1854 0.725877 0.523216 0.00278461
1855 0.725877 0.52015 0.00304412
1856 0.725877 0.518875 0.00272042
1857 0.725877 0.513418 0.00282491
1858 0.725877 0.516402 0.00286705
1859 0.725877 0.514315 0.00265471
1860 0.725877 0.51224 0.00275986
1861 0.725877 0.513018 0.00275604
1862 0.725877 0.517983 0.0031966
1863 0.725877 0.511195 0.0026073
1864 0.725877 0.512892 0.00273435
1865 0.725877 0.515923 0.00252897
1866 0.725877 0.509875 0.00272604
1867 0.725877 0.515283 0.00289081
1868 0.725877 0.513036 0.00273848
1869 0.725877 0.511191 0.00247728
1870 0.725877 0.513448 0.00261709
1871 0.725877 0.513143 0.00256768
1872 0.725877 0.515397 0.00257464
1873 0.725877 0.512405 0.00258978
1874 0.725877 0.513758 0.0030504
1875 0.725877 0.51685 0.00294171
1876 0.725877 0.51609 0.00252766
1877 0.725877 0.51689 0.00269117
1878 0.725877 0.511285 0.00257171
1879 0.725877 0.515619 0.00274584
1880 0.725877 0.51551 0.00275554
1881 0.725877 0.513528 0.00269503
1882 0.725877 0.517804 0.00310792
1883 0.725877 0.510722 0.00268004
1884 0.725877 0.518653 0.0029847
1885 0.725877 0.518521 0.00320927
1886 0.733145 0.516394 0.00319215
1887 0.733145 0.517449 0.00336584
1888 0.733145 0.515121 0.00306472
1889 0.733145 0.511202 0.00261337
1890 0.733145 0.51573 0.0027528
1891 0.733145 0.516543 0.00280129
1892 0.733145 0.516796 0.00269685
1893 0.733145 0.510722 0.00286453
1894 0.733145 0.515781 0.00322969
1895 0.733145 0.509912 0.0024618
1896 0.733145 0.518105 0.00289555
1897 0.733145 0.517198 0.00265164
1898 0.733145 0.517231 0.00285074
1899 0.733145 0.51805 0.00279656
1900 0.733145 0.516273 0.00261002
1901 0.733145 0.514089 0.00260797
1902 0.733145 0.51453 0.00265144
1903 0.733145 0.519874 0.00327332
1904 0.733145 0.516788 0.00259047
1905 0.733145 0.514859 0.00272105
1906 0.733145 0.514112 0.0028518
1907 0.733145 0.510758 0.00256544
1908 0.733145 0.518379 0.00298113
1909 0.733145 0.514236 0.00271
1910 0.733145 0.505869 0.00277622
1911 0.733145 0.51006 0.0025698
1912 0.733145 0.515452 0.00282874
1913 0.733145 0.519659 0.00311047
1914 0.733145 0.517934 0.00317948
1915 0.733145 0.519139 0.00315677
1916 0.733145 0.519564 0.00312165
1917 0.733145 0.518067 0.00266668
1918 0.733145 0.518133 0.00265144
1919 0.733145 0.519862 0.00286229
1920 0.733145 0.514195 0.00276391
1921 0.733145 0.51645 0.0032097
1922 0.733145 0.515042 0.00312066
1923 0.733145 0.514555 0.00315164
1924 0.733145 0.515714 0.0032144
1925 0.733145 0.517265 0.00294545
1926 0.733145 0.518544 0.00259402
1927 0.733145 0.512132 0.00264608
1928 0.733145 0.514185 0.00258395
1929 0.733145 0.51304 0.0025064
1930 0.733145 0.515411 0.00258408
1931 0.733145 0.515649 0.00275205
1932 0.733145 0.5146 0.00275329
1933 0.733145 0.516752 0.00276794
1934 0.733145 0.517121 0.00257759
1935 0.733145 0.517733 0.0026086
1936 0.733145 0.519309 0.00287325
1937 0.733145 0.513863 0.00270474
1938 0.733145 0.513954 0.00287185
1939 0.733145 0.513135 0.00256387
1940 0.733145 0.51283 0.00296078
1941 0.733145 0.511356 0.00251808
1942 0.733145 0.514471 0.00293999
1943 0.733145 0.519239 0.00290061
1944 0.733145 0.525302 0.00318332
1945 0.733145 0.515978 0.00260883
1946 0.733145 0.513801 0.00303633
1947 0.733145 0.51141 0.0027126
1948 0.733145 0.515411 0.00273399
1949 0.733145 0.513711 0.0026894
1950 0.733145 0.520016 0.00280822
1951 0.733145 0.519523 0.00286826
1952 0.733145 0.519536 0.00299624
1953 0.733145 0.515649 0.00305374
1954 0.733145 0.508825 0.00299307
1955 0.733145 0.518206 0.00286466
1956 0.733145 0.505588 0.00276398
1957 0.733145 0.510995 0.00265129
1958 0.733145 0.515053 0.00259115
1959 0.733145 0.513051 0.00277628
1960 0.733145 0.514831 0.002734
1961 0.733145 0.518715 0.00284161
1962 0.733145 0.511018 0.0032071
1963 0.733145 0.512636 0.00238593
1964 0.733145 0.508674 0.00285375
1965 0.733145 0.515878 0.00257916
1966 0.733145 0.512014 0.00253279
1967 0.733145 0.512436 0.00261975
1968 0.733145 0.514716 0.00240839
1969 0.733145 0.516907 0.00291792
1970 0.733145 0.516819 0.00282866
1971 0.733145 0.513867 0.00283191
1972 0.733145 0.513953 0.00279298
1973 0.733145 0.511477 0.00270559
1974 0.733145 0.519949 0.00334539
1975 0.733145 0.512269 0.00289022
1976 0.733145 0.515537 0.00260555
1977 0.733145 0.51589 0.0029097
1978 0.733145 0.518535 0.00323927
1979 0.736011 0.517964 0.00299257
1980 0.736011 0.51461 0.00246289
1981 0.736011 0.517873 0.00271594
1982 0.736011 0.514228 0.00257163
1983 0.736011 0.514271 0.00257561
1984 0.736011 0.511528 0.0027752
1985 0.736011 0.510954 0.00267461
1986 0.736011 0.514921 0.00297799
1987 0.736011 0.514035 0.00287845
1988 0.736011 0.514001 0.00300723
1989 0.736011 0.510717 0.00261653
1990 0.736011 0.516255 0.00285962
1991 0.736011 0.512444 0.00291865
1992 0.736011 0.514402 0.0028841
1993 0.736011 0.513297 0.00273465
1994 0.736011 0.511794 0.00313155
1995 0.736011 0.515946 0.0029682
1996 0.736011 0.51411 0.00274804
1997 0.736011 0.5149 0.00273322
1998 0.736011 0.512777 0.00270703
1999 0.736011 0.519696 0.00288194
2000 0.736011 0.521459 0.00339374
