0 0.528783 0.497184 8.55133e-05
1 0.528848 0.498544 8.73284e-05
2 0.530863 0.499592 0.00015383
3 0.530863 0.497157 0.000194837
4 0.573062 0.501733 0.000240283
5 0.579498 0.500226 0.000396494
6 0.579498 0.499322 0.000381477
7 0.579498 0.499491 0.000397772
8 0.581168 0.502975 0.000475257
9 0.647252 0.503929 0.000632753
10 0.647252 0.501369 0.000623312
11 0.647252 0.503316 0.000552764
12 0.647252 0.501371 0.00065115
13 0.647252 0.501773 0.000566741
14 0.647252 0.504165 0.000502486
15 0.647252 0.50264 0.000670483
16 0.647252 0.501944 0.000835596
17 0.647252 0.501723 0.000715374
18 0.647252 0.501909 0.000813869
19 0.647252 0.503905 0.000839424
20 0.649482 0.508528 0.00108306
21 0.649482 0.504586 0.00114569
22 0.649482 0.506489 0.00106975
23 0.649482 0.505177 0.00122257
24 0.649482 0.504283 0.00132408
25 0.649482 0.508236 0.001482
26 0.649482 0.506366 0.00141314
27 0.649482 0.504565 0.00146213
28 0.649482 0.505342 0.00155073
29 0.649482 0.50458 0.0015723
30 0.649482 0.509324 0.00176967
31 0.649482 0.503098 0.00197149
32 0.649482 0.501217 0.00194724
33 0.649482 0.500863 0.00172565
34 0.649482 0.505103 0.0021326
35 0.649482 0.503466 0.00177625
36 0.649482 0.508046 0.00130363
37 0.649482 0.504957 0.00163821
38 0.649482 0.507912 0.00147404
39 0.649482 0.50429 0.00172106
40 0.649482 0.507485 0.0017634
41 0.649482 0.50646 0.00166207
42 0.649482 0.505754 0.0018114
43 0.649482 0.500637 0.00180763
44 0.649482 0.503884 0.00193041
45 0.649482 0.509337 0.00201786
46 0.649482 0.509922 0.00189799
47 0.649482 0.507491 0.0016688
48 0.649482 0.506383 0.00243585
49 0.649482 0.510434 0.00253746
50 0.649482 0.511781 0.00270691
51 0.649482 0.510171 0.00288388
52 0.649482 0.507312 0.00213719
53 0.656557 0.513047 0.00266599
54 0.656557 0.509796 0.00254373
55 0.656557 0.513276 0.00326921
56 0.665545 0.526209 0.00286837
57 0.665545 0.521863 0.0028273
58 0.665545 0.520379 0.00269291
59 0.665545 0.523723 0.00326813
60 0.665545 0.518228 0.00303067
61 0.665545 0.520217 0.00297322
62 0.665545 0.519812 0.00279841
63 0.681287 0.525268 0.00260144
64 0.681287 0.521979 0.00266975
65 0.681287 0.527741 0.00280223
66 0.681287 0.520464 0.00265913
67 0.681287 0.520847 0.00290858
68 0.681287 0.524231 0.00258721
69 0.681287 0.5288 0.00260866
70 0.681287 0.524732 0.0029376
71 0.681287 0.5259 0.00283405
72 0.681287 0.530736 0.0025656
73 0.681287 0.528648 0.00229758
74 0.681287 0.526819 0.00265357
75 0.681287 0.520158 0.00281933
76 0.681287 0.531414 0.00324622
77 0.681287 0.536354 0.00246691
78 0.681287 0.535301 0.00273227
79 0.681287 0.538515 0.00244821
80 0.681287 0.546781 0.00273499
81 0.681287 0.533574 0.00299651
82 0.681287 0.537652 0.00264885
83 0.681287 0.538353 0.00298979
84 0.681287 0.530391 0.00265933
85 0.681287 0.533466 0.0029242
86 0.681287 0.527827 0.00265142
87 0.681287 0.52622 0.00250121
88 0.681287 0.530215 0.00294958
89 0.687631 0.52286 0.00303094
90 0.687631 0.529409 0.00258058
91 0.687631 0.532968 0.00295636
92 0.687631 0.537773 0.00269559
93 0.687631 0.545962 0.00283704
94 0.701959 0.540628 0.00341932
95 0.701959 0.536208 0.00284255
96 0.701959 0.532399 0.00330207
97 0.701959 0.539217 0.00278317
98 0.701959 0.536563 0.0027277
99 0.701959 0.530783 0.003024
100 0.701959 0.542144 0.00265755
101 0.701959 0.541786 0.00310566
102 0.701959 0.532509 0.00288349
103 0.701959 0.529642 0.00304203
104 0.701959 0.533576 0.00306879
105 0.701959 0.533105 0.00322671
106 0.701959 0.52845 0.00311821
107 0.701959 0.532193 0.00290487
108 0.701959 0.53473 0.00319846
109 0.701959 0.531608 0.00356494
110 0.701959 0.537436 0.00326387
111 0.701959 0.534027 0.0028431
112 0.701959 0.531784 0.00308527
113 0.701959 0.533627 0.00305027
114 0.701959 0.532559 0.00310567
115 0.701959 0.539323 0.00296348
116 0.701959 0.538257 0.00300419
117 0.701959 0.518425 0.00315833
118 0.701959 0.532472 0.00305983
119 0.701959 0.52738 0.00312162
120 0.701959 0.541869 0.00361914
121 0.701959 0.537678 0.00304842
122 0.701959 0.53575 0.00340793
123 0.701959 0.528598 0.00398963
124 0.701959 0.525957 0.00385853
125 0.701959 0.527585 0.00411983
126 0.701959 0.531045 0.00359193
127 0.701959 0.534769 0.00397018
128 0.701959 0.531568 0.00373997
129 0.701959 0.535401 0.00327659
130 0.701959 0.530191 0.00391295
131 0.701959 0.534195 0.00332585
132 0.701959 0.540675 0.00368873
133 0.701959 0.54038 0.00508242
134 0.701959 0.531613 0.00431447
135 0.701959 0.536573 0.00397671
136 0.701959 0.54038 0.00415733
137 0.701959 0.529969 0.00384234
138 0.701959 0.526126 0.0039675
139 0.701959 0.5433 0.00398867
140 0.701959 0.532986 0.00478044
141 0.701959 0.538998 0.004325
142 0.701959 0.538912 0.00394235
143 0.701959 0.541964 0.00349134
144 0.701959 0.537275 0.00285812
145 0.701959 0.536256 0.00341826
146 0.701959 0.535589 0.00388766
147 0.701959 0.543412 0.0032811
148 0.701959 0.554402 0.00372611
149 0.701959 0.540424 0.00294529
150 0.701959 0.537849 0.00326422
151 0.716576 0.548247 0.00360115
152 0.716576 0.552755 0.00346009
153 0.716576 0.543619 0.00357923
154 0.716576 0.549234 0.00328833
155 0.716576 0.53967 0.00355507
156 0.716576 0.537772 0.00357474
157 0.716576 0.541789 0.00318623
158 0.716576 0.541119 0.00326453
159 0.716576 0.536838 0.00319205
160 0.716576 0.541097 0.00411847
161 0.716576 0.544824 0.00315978
162 0.716576 0.549127 0.00294979
163 0.726705 0.54467 0.00334726
164 0.726705 0.547584 0.00298096
165 0.726705 0.546524 0.00319171
166 0.726705 0.549634 0.00379792
167 0.726705 0.549555 0.00329866
168 0.726705 0.553231 0.00297349
169 0.726705 0.548971 0.00287425
170 0.726705 0.546333 0.00385404
171 0.726705 0.557234 0.00261506
172 0.726705 0.549959 0.0032395
173 0.726705 0.553269 0.00295514
174 0.726705 0.55405 0.00335047
175 0.726705 0.554923 0.0033144
176 0.726705 0.553335 0.00307769
177 0.726705 0.545875 0.00352987
178 0.726705 0.550975 0.00339393
179 0.726705 0.555202 0.00312397
180 0.726705 0.547731 0.00361092
181 0.726705 0.563088 0.00322358
182 0.726705 0.55302 0.00333774
183 0.726705 0.556662 0.00354317
184 0.726705 0.559819 0.00349181
185 0.726705 0.559189 0.00378979
186 0.726705 0.558464 0.0031693
187 0.726705 0.557841 0.00354432
188 0.726705 0.556082 0.00334201
189 0.726705 0.554271 0.00316212
190 0.726705 0.564626 0.00273924
191 0.726705 0.556333 0.00354499
192 0.726705 0.555916 0.00398883
193 0.726705 0.554038 0.0034753
194 0.726705 0.561202 0.00340798
195 0.726705 0.559873 0.00362928
196 0.726705 0.559885 0.00372935
197 0.726705 0.564611 0.00345728
198 0.726705 0.568852 0.00307992
199 0.726705 0.570584 0.00335939
200 0.726705 0.556443 0.003512
201 0.726705 0.560344 0.00394045
202 0.726705 0.562936 0.00353595
203 0.726705 0.560342 0.00377938
204 0.726705 0.555238 0.00392848
205 0.726705 0.56434 0.00381427
206 0.726705 0.561545 0.00355787
207 0.726705 0.565807 0.0035087
208 0.726705 0.566701 0.0036593
209 0.726705 0.562186 0.00396549
210 0.726705 0.559506 0.00405968
211 0.726705 0.560127 0.00388854
212 0.728544 0.560333 0.0043342
213 0.728544 0.560029 0.00381271
214 0.728544 0.564219 0.00354929
215 0.728544 0.557705 0.0042477
216 0.728544 0.563386 0.00404789
217 0.728544 0.564826 0.00386261
218 0.728544 0.565519 0.00303756
219 0.728544 0.563887 0.00390059
220 0.728544 0.567085 0.0038009
221 0.728544 0.558065 0.00390016
222 0.728544 0.566804 0.00327246
223 0.728544 0.563633 0.00348689
224 0.728544 0.562408 0.00391748
225 0.740598 0.568162 0.0036835
226 0.740598 0.579907 0.00328919
227 0.740598 0.56833 0.00376511
228 0.740598 0.571706 0.00393051
229 0.740598 0.572716 0.00309607
230 0.740598 0.571468 0.00374436
231 0.740598 0.567074 0.00322391
232 0.740598 0.566608 0.00359398
233 0.740598 0.565765 0.00342404
234 0.740598 0.565999 0.0035072
235 0.740598 0.573545 0.00368669
236 0.740598 0.572031 0.00374019
237 0.740598 0.574221 0.00271922
238 0.740598 0.562005 0.00356598
239 0.740598 0.568653 0.00336986
240 0.740598 0.563 0.00360504
241 0.740598 0.575194 0.00317322
242 0.740598 0.574764 0.00303535
243 0.740598 0.578189 0.00296726
244 0.740598 0.574568 0.00310117
245 0.740598 0.572774 0.00266156
246 0.740598 0.578638 0.00352505
247 0.740598 0.569172 0.00285432
248 0.740598 0.5719 0.00308896
249 0.740598 0.573617 0.00325866
250 0.740598 0.568323 0.00330126
251 0.740598 0.568972 0.0028331
252 0.740598 0.573001 0.00301188
253 0.740598 0.571783 0.00310144
254 0.740598 0.560435 0.0036632
255 0.740598 0.566698 0.00329154
256 0.740598 0.571393 0.00406479
257 0.740598 0.565874 0.00370677
258 0.740598 0.570315 0.00318919
259 0.740598 0.558947 0.00347254
260 0.740598 0.566993 0.00330342
261 0.740598 0.571431 0.00335883
262 0.740598 0.573949 0.00358969
263 0.740598 0.570067 0.00334928
264 0.740598 0.564699 0.00385942
265 0.740598 0.577756 0.00375626
266 0.740598 0.568898 0.00393037
267 0.740598 0.563859 0.00337553
268 0.740598 0.571156 0.00353278
269 0.740598 0.568202 0.00328525
270 0.740598 0.564014 0.00403499
271 0.740598 0.556521 0.00331664
272 0.740598 0.563715 0.00439143
273 0.740598 0.562601 0.00360059
274 0.740598 0.55787 0.00333495
275 0.740598 0.560923 0.00388715
276 0.740598 0.560693 0.00376055
277 0.740598 0.562729 0.00429138
278 0.740598 0.564857 0.00356182
279 0.740598 0.55309 0.00379619
280 0.740598 0.561453 0.003677
281 0.740598 0.570841 0.00346852
282 0.740598 0.568473 0.00370026
283 0.740598 0.565662 0.00379076
284 0.740598 0.558593 0.00374838
285 0.740598 0.55851 0.00331724
286 0.740598 0.564437 0.00346855
287 0.740598 0.557421 0.00384364
288 0.740598 0.554465 0.00319318
289 0.740598 0.56103 0.00345309
290 0.740598 0.557139 0.00364382
291 0.740598 0.558899 0.00325698
292 0.740598 0.561125 0.00354022
293 0.740598 0.567154 0.00338035
294 0.740598 0.563312 0.00291631
295 0.740598 0.555294 0.00302612
296 0.740598 0.560217 0.00342323
297 0.740598 0.559371 0.00377689
298 0.740598 0.567431 0.00336929
299 0.740598 0.556 0.00375014
300 0.740598 0.567923 0.00366574
301 0.740598 0.569829 0.00358555
302 0.740598 0.56967 0.0033907
303 0.740598 0.568063 0.00316392
304 0.740598 0.575248 0.00291498
305 0.740598 0.57286 0.00356622
306 0.740598 0.57652 0.00325852
307 0.740598 0.573077 0.00388331
308 0.740598 0.567618 0.00339497
309 0.740598 0.564516 0.00366144
310 0.740598 0.567627 0.00335822
311 0.740598 0.557298 0.00340136
312 0.740598 0.560455 0.00415011
313 0.740598 0.558223 0.00393347
314 0.740598 0.549767 0.00437391
315 0.740598 0.558403 0.00331628
316 0.740598 0.553226 0.00431476
317 0.740598 0.568649 0.00348048
318 0.740598 0.563161 0.00319145
319 0.740598 0.567415 0.00293256
320 0.740598 0.566861 0.00373902
321 0.740598 0.563464 0.0034981
322 0.740598 0.577254 0.00376002
323 0.740598 0.570278 0.0040574
324 0.740598 0.570057 0.0034831
325 0.740598 0.569241 0.003625
326 0.740598 0.553864 0.00433346
327 0.740598 0.56419 0.00392197
328 0.740598 0.554594 0.00364012
329 0.740598 0.551005 0.00373995
330 0.740598 0.557753 0.00340406
331 0.740598 0.563466 0.0041397
332 0.740598 0.563542 0.00433603
333 0.740598 0.572025 0.00394702
334 0.740598 0.56839 0.00422346
335 0.740598 0.556623 0.00452879
336 0.740598 0.560077 0.0039208
337 0.740598 0.564663 0.00370502
338 0.740598 0.572146 0.00369808
339 0.740598 0.554126 0.00342939
340 0.740598 0.553172 0.00405436
341 0.740598 0.562824 0.00446265
342 0.740598 0.560948 0.00390705
343 0.740598 0.565749 0.003751
344 0.740598 0.558805 0.00441168
345 0.740598 0.559021 0.00391381
346 0.740598 0.562364 0.00402803
347 0.740598 0.565321 0.00346865
348 0.740598 0.568399 0.0043
349 0.740598 0.561338 0.00379544
350 0.740598 0.566921 0.00393099
351 0.740598 0.561142 0.00354464
352 0.740598 0.552434 0.00475488
353 0.740598 0.557884 0.00434622
354 0.740598 0.547876 0.00450396
355 0.740598 0.549672 0.00434417
356 0.740598 0.553058 0.00373408
357 0.740598 0.553263 0.00434757
358 0.740598 0.561058 0.00445529
359 0.740598 0.551258 0.00363015
360 0.740598 0.563211 0.00431423
361 0.740598 0.564852 0.00415708
362 0.740598 0.558507 0.00437353
363 0.740598 0.560617 0.00358037
364 0.740598 0.558519 0.00409972
365 0.740598 0.558202 0.00430866
366 0.740598 0.558765 0.00366109
367 0.740598 0.555298 0.00342299
368 0.740598 0.556152 0.00431709
369 0.740598 0.557966 0.00436625
370 0.740598 0.553441 0.00421199
371 0.740598 0.557368 0.0046658
372 0.740598 0.548377 0.00384807
373 0.740598 0.560713 0.00429609
374 0.740598 0.554847 0.00411011
375 0.740598 0.55343 0.00410258
376 0.740598 0.552959 0.00394347
377 0.740598 0.554252 0.00399323
378 0.740598 0.548347 0.00384235
379 0.740598 0.550481 0.00446188
380 0.740598 0.556038 0.0043815
381 0.740598 0.558971 0.00342277
382 0.740598 0.558146 0.00400016
383 0.740598 0.553173 0.00387094
384 0.740598 0.561385 0.00395875
385 0.740598 0.560414 0.00414351
386 0.740598 0.546249 0.00362888
387 0.740598 0.549881 0.00370339
388 0.740598 0.549863 0.00398125
389 0.740598 0.558016 0.00426913
390 0.740598 0.557203 0.00408804
391 0.740598 0.552465 0.00463638
392 0.740598 0.555069 0.00396939
393 0.740598 0.557213 0.00427766
394 0.740598 0.54957 0.00401288
395 0.740598 0.540642 0.00363028
396 0.740598 0.543032 0.0036338
397 0.740598 0.548786 0.00393191
398 0.740598 0.554589 0.00359504
399 0.740598 0.556538 0.00426346
400 0.740598 0.550323 0.00419132
401 0.740598 0.555745 0.0037736
402 0.740598 0.553219 0.00394904
403 0.740598 0.550041 0.00404451
404 0.740598 0.555027 0.00366585
405 0.740598 0.553284 0.00455631
406 0.740598 0.551441 0.00346313
407 0.740598 0.554854 0.0034655
408 0.740598 0.551726 0.00410754
409 0.740598 0.555792 0.00460175
410 0.740598 0.551482 0.00372852
411 0.740598 0.556154 0.0042024
412 0.740598 0.556454 0.00454827
413 0.740598 0.553355 0.00390398
414 0.740598 0.557509 0.00417476
415 0.740598 0.558571 0.00414766
416 0.740598 0.555884 0.00312416
417 0.740598 0.555296 0.0037664
418 0.740598 0.549921 0.00353936
419 0.740598 0.553503 0.00408511
420 0.740598 0.557363 0.00369836
421 0.740598 0.559502 0.00398377
422 0.740598 0.557553 0.00423516
423 0.740598 0.551353 0.00399362
424 0.740598 0.54346 0.00377687
425 0.740598 0.557741 0.00374602
426 0.740598 0.552379 0.00408731
427 0.740598 0.554332 0.00439404
428 0.740598 0.553524 0.00409365
429 0.740598 0.552911 0.00463107
430 0.740598 0.55384 0.00444037
431 0.740598 0.553445 0.00443523
432 0.740598 0.558642 0.00378082
433 0.741887 0.565597 0.00433091
434 0.741887 0.560186 0.00378499
435 0.741887 0.552863 0.00378745
436 0.741887 0.555078 0.00375541
437 0.741887 0.561981 0.00387204
438 0.741887 0.569008 0.00339685
439 0.741887 0.552519 0.00404483
440 0.741887 0.558107 0.00430084
441 0.741887 0.56774 0.00384466
442 0.741887 0.562075 0.00377404
443 0.741887 0.551529 0.00390351
444 0.741887 0.545056 0.00429268
445 0.741887 0.550928 0.00494474
446 0.741887 0.550659 0.00451244
447 0.741887 0.552075 0.00425561
448 0.741887 0.548479 0.0037916
449 0.741887 0.542658 0.00383344
450 0.741887 0.547758 0.00403274
451 0.741887 0.558169 0.0042206
452 0.741887 0.550008 0.00423859
453 0.741887 0.547485 0.00442456
454 0.741887 0.547914 0.00440168
455 0.741887 0.54633 0.0038124
456 0.741887 0.549988 0.00435867
457 0.741887 0.556022 0.00380126
458 0.741887 0.552125 0.00435604
459 0.741887 0.558984 0.00430034
460 0.741887 0.558915 0.00431419
461 0.741887 0.556378 0.003931
462 0.741887 0.550303 0.00439807
463 0.741887 0.555736 0.0038549
464 0.741887 0.560825 0.00452276
465 0.741887 0.55381 0.004274
466 0.741887 0.565385 0.00346295
467 0.741887 0.56067 0.00373204
468 0.741887 0.553282 0.00443752
469 0.74215 0.555309 0.00494333
470 0.74215 0.553797 0.00494049
471 0.74215 0.545342 0.00544807
472 0.74215 0.550875 0.00429555
473 0.74215 0.547084 0.00403022
474 0.74215 0.553138 0.00418556
475 0.74215 0.560707 0.00355696
476 0.74215 0.552315 0.00412842
477 0.74215 0.559233 0.00386485
478 0.74215 0.55467 0.0044334
479 0.74215 0.558725 0.00405108
480 0.74215 0.556583 0.00469133
481 0.74215 0.557232 0.004172
482 0.74215 0.556087 0.00406389
483 0.74215 0.566034 0.00324921
484 0.74215 0.550876 0.0047296
485 0.74215 0.552173 0.00424122
486 0.74215 0.554952 0.00393334
487 0.74215 0.554535 0.0043368
488 0.74215 0.559405 0.0036577
489 0.74215 0.55942 0.0045272
490 0.74215 0.545046 0.00374411
491 0.74215 0.551521 0.00468679
492 0.74215 0.55377 0.00499972
493 0.74215 0.545631 0.00433128
494 0.74215 0.553446 0.00486483
495 0.74215 0.550348 0.00442041
496 0.74215 0.555778 0.0040116
497 0.74215 0.556757 0.00412161
498 0.74215 0.559606 0.00421091
499 0.74215 0.555985 0.00441735
500 0.74215 0.569297 0.00477554
501 0.74215 0.557225 0.0041604
502 0.74215 0.556963 0.00363522
503 0.74215 0.555438 0.00403155
504 0.74215 0.556944 0.00424048
505 0.74215 0.565822 0.00345251
506 0.74215 0.559869 0.0037115
507 0.74215 0.555398 0.00447046
508 0.74215 0.555944 0.00374629
509 0.74215 0.557397 0.00370049
510 0.74215 0.559036 0.00374977
511 0.74215 0.563508 0.00355116
512 0.74215 0.548017 0.00383847
513 0.74215 0.546954 0.00319251
514 0.74215 0.545577 0.00425172
515 0.74215 0.551196 0.00450628
516 0.74215 0.551064 0.00345104
517 0.74215 0.56134 0.00422288
518 0.74215 0.554159 0.00394393
519 0.74215 0.558918 0.00487515
520 0.74215 0.555432 0.00449626
521 0.74215 0.560705 0.00399441
522 0.74215 0.56135 0.00385799
523 0.74215 0.552754 0.00343409
524 0.74215 0.549478 0.0040274
525 0.74215 0.546895 0.00479606
526 0.74215 0.547872 0.00452667
527 0.74215 0.553664 0.00417276
528 0.74215 0.563296 0.00416153
529 0.74215 0.558042 0.00377709
530 0.74215 0.55953 0.00421623
531 0.74215 0.5591 0.00405436
532 0.74215 0.555696 0.00336177
533 0.74215 0.553804 0.00374414
534 0.74215 0.553251 0.00424711
535 0.74215 0.555424 0.00426222
536 0.74215 0.558282 0.00429709
537 0.74215 0.555782 0.00435768
538 0.74215 0.551101 0.00406268
539 0.74215 0.542385 0.00404663
540 0.750571 0.554802 0.00451192
541 0.750571 0.556865 0.00383712
542 0.750571 0.556889 0.00372198
543 0.750571 0.557434 0.00397519
544 0.750571 0.561915 0.00393109
545 0.750571 0.562063 0.00437596
546 0.750571 0.559185 0.0038759
547 0.750571 0.57053 0.00429094
548 0.750571 0.572615 0.00385927
549 0.750571 0.566119 0.00396109
550 0.750571 0.565756 0.00443585
551 0.750571 0.563662 0.00356001
552 0.750571 0.549819 0.00386063
553 0.750571 0.566393 0.00400874
554 0.750571 0.563613 0.00417089
555 0.750571 0.571472 0.00341476
556 0.750571 0.563448 0.00374477
557 0.750571 0.57431 0.00344866
558 0.750571 0.574027 0.00410167
559 0.750571 0.568272 0.00396406
560 0.750571 0.570112 0.00416889
561 0.750571 0.568042 0.00376016
562 0.750571 0.56725 0.00401141
563 0.750571 0.562156 0.00421311
564 0.750571 0.570952 0.00394712
565 0.750571 0.568982 0.00340774
566 0.750571 0.567724 0.00378188
567 0.750571 0.570533 0.00407913
568 0.750571 0.567306 0.00368564
569 0.750571 0.569789 0.0045162
570 0.750571 0.561291 0.00433619
571 0.750571 0.565155 0.00388559
572 0.750571 0.564983 0.00372392
573 0.750571 0.567001 0.00448498
574 0.750571 0.565727 0.0050694
575 0.750571 0.571586 0.00394891
576 0.750571 0.567284 0.00385142
577 0.750571 0.560433 0.00461931
578 0.750571 0.564105 0.00422979
579 0.750571 0.567238 0.00438525
580 0.750571 0.570757 0.00359393
581 0.750571 0.564857 0.00431015
582 0.750571 0.566339 0.00464245
583 0.750571 0.57098 0.00454362
584 0.750571 0.577617 0.00404889
585 0.750571 0.571588 0.00397108
586 0.750571 0.574905 0.00362617
587 0.750571 0.568029 0.00442175
588 0.750571 0.574802 0.00364549
589 0.750571 0.580715 0.00364917
590 0.750571 0.575965 0.00344008
591 0.750571 0.568316 0.00319528
592 0.750571 0.572942 0.00330999
593 0.750571 0.569991 0.0038262
594 0.750571 0.563018 0.00380591
595 0.750571 0.569584 0.00364238
596 0.750571 0.565902 0.00399156
597 0.750571 0.5716 0.00372286
598 0.750571 0.566123 0.0039784
599 0.750571 0.563521 0.00330556
600 0.750571 0.571861 0.00361483
601 0.750571 0.568723 0.00336346
602 0.750571 0.5625 0.00384999
603 0.750571 0.567706 0.004431
604 0.750571 0.559942 0.00427216
605 0.750571 0.569528 0.00378902
606 0.750571 0.567328 0.00400563
607 0.750571 0.562822 0.00379373
608 0.750571 0.56374 0.00416929
609 0.750571 0.575469 0.00413406
610 0.750571 0.565217 0.00381851
611 0.750571 0.564112 0.00364436
612 0.750571 0.564332 0.00396809
613 0.750571 0.560532 0.00462491
614 0.750571 0.561265 0.00358125
615 0.750571 0.568412 0.00414932
616 0.750571 0.563864 0.00411515
617 0.750571 0.558925 0.00352826
618 0.750571 0.561887 0.00341393
619 0.750571 0.569861 0.00381474
620 0.750571 0.578752 0.00371911
621 0.750571 0.573949 0.00358845
622 0.750571 0.572077 0.00384358
623 0.750571 0.563692 0.00357167
624 0.750571 0.562092 0.00353925
625 0.750571 0.568635 0.00358519
626 0.750571 0.564413 0.00437652
627 0.750571 0.566855 0.00419839
628 0.750571 0.565558 0.00386615
629 0.750571 0.566295 0.00410732
630 0.750571 0.569462 0.00448367
631 0.750571 0.562227 0.00424715
632 0.750571 0.561236 0.0042097
633 0.750571 0.568632 0.00350871
634 0.750571 0.558445 0.0045103
635 0.750571 0.569378 0.00356866
636 0.750571 0.559095 0.00371732
637 0.750571 0.566702 0.00458215
638 0.750571 0.559847 0.00354919
639 0.750571 0.566251 0.00404722
640 0.750571 0.567318 0.00396104
641 0.750571 0.570194 0.00390353
642 0.750571 0.562991 0.00407462
643 0.750571 0.566433 0.00405502
644 0.750571 0.567863 0.00395096
645 0.750571 0.571795 0.00409662
646 0.750571 0.574697 0.00419941
647 0.750571 0.571301 0.00392039
648 0.750571 0.561458 0.00427351
649 0.750571 0.562571 0.00448876
650 0.750571 0.563617 0.00381057
651 0.750571 0.57079 0.00351716
652 0.750571 0.563907 0.0040825
653 0.750571 0.559705 0.00374851
654 0.750571 0.562608 0.00409567
655 0.750571 0.559515 0.00419117
656 0.750571 0.564586 0.00355202
657 0.750571 0.565746 0.00383228
658 0.750571 0.557915 0.00344245
659 0.750571 0.555447 0.00450671
660 0.750571 0.565275 0.00375364
661 0.750571 0.565063 0.00398925
662 0.750571 0.565085 0.00401177
663 0.750571 0.567941 0.00414763
664 0.750571 0.558182 0.00362849
665 0.750571 0.564127 0.00379365
666 0.750571 0.567963 0.00485753
667 0.750571 0.569972 0.00406972
668 0.750571 0.571559 0.0034281
669 0.750571 0.556849 0.00415824
670 0.750571 0.56332 0.00423428
671 0.750571 0.560581 0.0044342
672 0.750571 0.558896 0.0034818
673 0.750571 0.561209 0.00358276
674 0.750571 0.554399 0.0042153
675 0.750571 0.555354 0.00360428
676 0.750571 0.559848 0.00405124
677 0.750571 0.558128 0.00414715
678 0.750571 0.555067 0.00426724
679 0.750571 0.569229 0.00441763
680 0.750571 0.564204 0.00410243
681 0.750571 0.55973 0.00498549
682 0.750571 0.566289 0.00443653
683 0.750571 0.561789 0.00466975
684 0.750571 0.563 0.00353348
685 0.750571 0.564759 0.00379251
686 0.750571 0.562132 0.00406692
687 0.750571 0.558466 0.00440215
688 0.750571 0.567849 0.00383695
689 0.750571 0.56683 0.00443949
690 0.750571 0.560965 0.00459494
691 0.750571 0.560619 0.00443993
692 0.750571 0.560314 0.00407613
693 0.750571 0.564257 0.00451915
694 0.772385 0.56312 0.00437448
695 0.772385 0.567622 0.00382295
696 0.772385 0.563674 0.00383948
697 0.772385 0.564957 0.00426893
698 0.772385 0.565162 0.00394999
699 0.772385 0.561949 0.00362255
700 0.772385 0.561442 0.00417135
701 0.772385 0.567748 0.00461194
702 0.772385 0.567976 0.00372719
703 0.772385 0.569785 0.00398648
704 0.772385 0.564952 0.00485563
705 0.772385 0.571116 0.00443127
706 0.772385 0.563876 0.00436317
707 0.772385 0.571859 0.00460346
708 0.772385 0.571416 0.00409634
709 0.772385 0.567486 0.00508234
710 0.772385 0.57296 0.00435812
711 0.772385 0.572096 0.00388834
712 0.772385 0.568635 0.00417176
713 0.772385 0.580287 0.00446332
714 0.772385 0.569456 0.00445728
715 0.772385 0.577149 0.0045729
716 0.772385 0.576325 0.00404649
717 0.772385 0.580637 0.00408968
718 0.772385 0.571907 0.00488039
719 0.772385 0.575257 0.00424514
720 0.772385 0.584432 0.00403511
721 0.772385 0.577158 0.00394031
722 0.772385 0.573954 0.00522812
723 0.772385 0.581115 0.00452956
724 0.772385 0.578019 0.00392924
725 0.772385 0.570793 0.00405715
726 0.772385 0.578109 0.00398117
727 0.772385 0.581706 0.00430759
728 0.772385 0.576866 0.00489473
729 0.772385 0.567781 0.0049025
730 0.772385 0.569383 0.00451728
731 0.772385 0.580283 0.00477934
732 0.772385 0.57673 0.0049204
733 0.772385 0.578691 0.0047332
734 0.772385 0.573306 0.00450142
735 0.772385 0.571779 0.00410975
736 0.772385 0.576025 0.00424755
737 0.772385 0.577086 0.00373884
738 0.772385 0.565798 0.00398154
739 0.772385 0.572564 0.0038782
740 0.772385 0.573855 0.00482159
741 0.772385 0.57783 0.00499607
742 0.772385 0.568942 0.00415624
743 0.772385 0.563943 0.0050001
744 0.772385 0.570347 0.00472436
745 0.772385 0.567375 0.00450628
746 0.772385 0.566628 0.00499682
747 0.772385 0.575607 0.00444281
748 0.772385 0.571673 0.00414432
749 0.772385 0.569096 0.00493912
750 0.772385 0.572595 0.0041277
751 0.772385 0.580318 0.00432046
752 0.772385 0.58068 0.00467141
753 0.772385 0.572832 0.00454994
754 0.772385 0.569425 0.00409329
755 0.772385 0.584651 0.00378449
756 0.772385 0.574921 0.00426247
757 0.772385 0.567256 0.0045163
758 0.772385 0.570241 0.00429107
759 0.772385 0.574597 0.00419799
760 0.772385 0.577539 0.00469152
761 0.772385 0.573082 0.0041538
762 0.772385 0.569544 0.00397317
763 0.772385 0.57492 0.00477464
764 0.772385 0.577682 0.0048267
765 0.772385 0.574285 0.00427887
766 0.772385 0.575744 0.00410271
767 0.772385 0.584805 0.00381852
768 0.772385 0.582891 0.00366244
769 0.772385 0.567917 0.00479196
770 0.772385 0.571443 0.00386161
771 0.772385 0.568041 0.0048874
772 0.772385 0.579891 0.00490989
773 0.772385 0.578725 0.00477984
774 0.772385 0.575879 0.00458682
775 0.772385 0.576472 0.00477417
776 0.772385 0.578291 0.00444743
777 0.772385 0.585695 0.00426853
778 0.772385 0.571709 0.00449462
779 0.772385 0.573654 0.00417481
780 0.772385 0.57275 0.00470458
781 0.772385 0.57142 0.00356204
782 0.772385 0.578267 0.00376763
783 0.772385 0.585278 0.00451547
784 0.772385 0.583651 0.00496627
785 0.772385 0.584756 0.0042677
786 0.772385 0.584084 0.00381968
787 0.772385 0.583799 0.00417776
788 0.772385 0.589673 0.0044734
789 0.772385 0.588772 0.00455751
790 0.772385 0.58059 0.00443845
791 0.772385 0.573711 0.00468132
792 0.772385 0.586087 0.00586047
793 0.772385 0.577137 0.00436296
794 0.772385 0.583844 0.00378247
795 0.772385 0.580743 0.00518346
796 0.772385 0.569476 0.00488945
797 0.772385 0.574969 0.00554064
798 0.772385 0.577196 0.00644949
799 0.772385 0.569798 0.00479583
800 0.772385 0.58255 0.00519525
801 0.772385 0.574519 0.00480489
802 0.772385 0.572006 0.00559721
803 0.772385 0.572108 0.00509273
804 0.772385 0.575462 0.00402963
805 0.772385 0.571193 0.00536529
806 0.772385 0.577619 0.00484016
807 0.772385 0.577519 0.00443767
808 0.772385 0.58001 0.00387645
809 0.772385 0.581458 0.00454734
810 0.772385 0.571051 0.00514289
811 0.772385 0.578835 0.0047058
812 0.772385 0.578145 0.00390994
813 0.772385 0.572853 0.00483588
814 0.772385 0.570598 0.00457484
815 0.772385 0.564309 0.00468845
816 0.772385 0.563158 0.00506772
817 0.772385 0.567358 0.00508869
818 0.772385 0.567178 0.00476437
819 0.772385 0.566635 0.00453014
820 0.772385 0.574167 0.00439349
821 0.772385 0.579016 0.00516619
822 0.772385 0.582659 0.00495894
823 0.772385 0.582632 0.00439704
824 0.772385 0.577803 0.00483016
825 0.772385 0.580789 0.00512785
826 0.772385 0.567914 0.00512172
827 0.772385 0.571407 0.00444306
828 0.772385 0.575736 0.00494937
829 0.772385 0.573766 0.00480948
830 0.772385 0.57632 0.00374718
831 0.772385 0.566768 0.00475505
832 0.772385 0.568243 0.00426213
833 0.772385 0.573479 0.00473459
834 0.772385 0.566042 0.00437822
835 0.772385 0.579509 0.00491752
836 0.772385 0.582087 0.004817
837 0.772385 0.577527 0.00433277
838 0.772385 0.574956 0.00399481
839 0.772385 0.572619 0.00506785
840 0.772385 0.572517 0.00517656
841 0.772385 0.572082 0.00410321
842 0.772385 0.574202 0.00486843
843 0.772385 0.574315 0.00518451
844 0.772385 0.577096 0.0051413
845 0.78252 0.57263 0.004805
846 0.78252 0.571836 0.00494807
847 0.78252 0.573639 0.00445854
848 0.78252 0.585357 0.00426529
849 0.78252 0.576544 0.00528457
850 0.78252 0.581609 0.00474243
851 0.78252 0.583904 0.00497623
852 0.78252 0.565254 0.00461372
853 0.78252 0.569357 0.0056563
854 0.78252 0.573771 0.00475282
855 0.78252 0.571978 0.00447821
856 0.78252 0.571442 0.00470713
857 0.78252 0.564755 0.00489193
858 0.78252 0.570932 0.00426613
859 0.78252 0.573291 0.00536684
860 0.78252 0.573179 0.00436218
861 0.78252 0.563294 0.00498216
862 0.78252 0.568288 0.00447098
863 0.78252 0.576475 0.00484554
864 0.78252 0.572277 0.00413674
865 0.78252 0.567515 0.00503615
866 0.78252 0.570587 0.00479122
867 0.78252 0.571383 0.00450197
868 0.783689 0.578668 0.00489124
869 0.783689 0.57716 0.00505847
870 0.783689 0.580845 0.005036
871 0.783689 0.57361 0.00521343
872 0.783689 0.575459 0.00508102
873 0.783689 0.57287 0.00419268
874 0.783689 0.583569 0.00472691
875 0.783689 0.587673 0.00461921
876 0.783689 0.580567 0.00430529
877 0.783689 0.571298 0.00566057
878 0.783689 0.57283 0.00395463
879 0.783689 0.568238 0.00484359
880 0.783689 0.576712 0.00447019
881 0.783689 0.57745 0.00426005
882 0.783689 0.586456 0.00494855
883 0.783689 0.57387 0.00441993
884 0.783689 0.578709 0.00406489
885 0.783689 0.57569 0.00401856
886 0.783689 0.588266 0.0040445
887 0.783689 0.577032 0.00476511
888 0.783689 0.575396 0.00396807
889 0.783689 0.580318 0.0047216
890 0.783689 0.580434 0.00452174
891 0.783689 0.578134 0.00413346
892 0.783689 0.575242 0.00463135
893 0.783689 0.580354 0.00520436
894 0.783689 0.579925 0.00466306
895 0.783689 0.584308 0.00469395
896 0.783689 0.582823 0.00424353
897 0.783689 0.579498 0.00486863
898 0.783689 0.58394 0.00484475
899 0.783689 0.584076 0.00433639
900 0.783689 0.581547 0.00486008
901 0.783689 0.579102 0.004113
902 0.783689 0.583304 0.00422861
903 0.783689 0.582346 0.00477482
904 0.783689 0.583592 0.00478835
905 0.783689 0.578182 0.0050342
906 0.783689 0.574407 0.00520242
907 0.783689 0.585452 0.00419841
908 0.783689 0.586738 0.00428759
909 0.783689 0.587005 0.00482292
910 0.783689 0.579496 0.00512238
911 0.783689 0.582975 0.00419353
912 0.783689 0.586466 0.00587669
913 0.783689 0.57922 0.00619836
914 0.783689 0.579372 0.00503605
915 0.783689 0.576655 0.0046875
916 0.783689 0.576025 0.00479484
917 0.783689 0.571983 0.00503637
918 0.783689 0.577239 0.00497454
919 0.783689 0.581475 0.0048287
920 0.783689 0.577692 0.00448488
921 0.783689 0.578339 0.00429889
922 0.783689 0.577648 0.00507941
923 0.783689 0.570716 0.00487593
924 0.783689 0.578186 0.00487242
925 0.783689 0.594307 0.00465182
926 0.783689 0.579663 0.00493478
927 0.783689 0.574753 0.00448888
928 0.783689 0.574512 0.00491606
929 0.783689 0.575925 0.00479764
930 0.783689 0.585585 0.00463779
931 0.783689 0.581829 0.00482335
932 0.783689 0.577985 0.00502365
933 0.783689 0.578465 0.00554458
934 0.783689 0.578308 0.00426364
935 0.783689 0.575645 0.00461039
936 0.783689 0.579514 0.00358564
937 0.783689 0.584463 0.00413536
938 0.783689 0.584158 0.00491385
939 0.783689 0.590363 0.00511435
940 0.783689 0.588877 0.00484859
941 0.783689 0.586589 0.00434951
942 0.783689 0.583949 0.00539181
943 0.783689 0.578414 0.00559532
944 0.783689 0.583674 0.00456556
945 0.783689 0.576109 0.00465473
946 0.783689 0.583486 0.00440377
947 0.783689 0.587144 0.00380817
948 0.783689 0.581514 0.00506455
949 0.783689 0.579248 0.00521371
950 0.783689 0.581897 0.00517223
951 0.783689 0.58828 0.0049425
952 0.783689 0.586447 0.0046953
953 0.783689 0.569689 0.00523006
954 0.783689 0.583708 0.00456878
955 0.783689 0.583632 0.00484232
956 0.783689 0.574768 0.00427395
957 0.783689 0.575759 0.00470325
958 0.783689 0.576898 0.00477697
959 0.783689 0.566951 0.00463008
960 0.783689 0.575508 0.00453154
961 0.783689 0.576318 0.00477991
962 0.783689 0.563882 0.00475181
963 0.783689 0.582509 0.00529783
964 0.783689 0.567078 0.00500574
965 0.783689 0.580825 0.00490616
966 0.783689 0.571879 0.00529628
967 0.783689 0.585851 0.00461576
968 0.783689 0.571834 0.0049461
969 0.783689 0.581133 0.00578378
970 0.783689 0.583767 0.00533969
971 0.783689 0.581382 0.00553036
972 0.783689 0.578693 0.00488674
973 0.783689 0.580074 0.00443256
974 0.783689 0.583307 0.00461949
975 0.783689 0.581137 0.00482857
976 0.783689 0.57276 0.00564622
977 0.783689 0.567273 0.00451877
978 0.783689 0.570348 0.00465396
979 0.783689 0.569444 0.00511639
980 0.783689 0.570259 0.00484378
981 0.783689 0.566123 0.00431985
982 0.783689 0.57706 0.00474047
983 0.783689 0.565207 0.00550238
984 0.783689 0.564828 0.00528089
985 0.783689 0.574919 0.0048371
986 0.783689 0.583145 0.00421041
987 0.783689 0.578625 0.00450387
988 0.783689 0.582515 0.00477258
989 0.783689 0.574446 0.00476286
990 0.783689 0.577363 0.00495536
991 0.783689 0.562242 0.00532359
992 0.783689 0.564466 0.00580889
993 0.783689 0.570621 0.00531843
994 0.783689 0.56651 0.00585468
995 0.783689 0.569618 0.00430742
996 0.783689 0.582187 0.00549892
997 0.783689 0.583316 0.00587648
998 0.783689 0.574458 0.00529547
999 0.783689 0.577819 0.00477876
1000 0.783689 0.573757 0.00581498
1001 0.783689 0.574623 0.00514756
1002 0.783689 0.572448 0.0051972
1003 0.783689 0.567841 0.0052632
1004 0.783689 0.572518 0.00550337
1005 0.783689 0.570801 0.00447455
1006 0.783689 0.565578 0.0055685
1007 0.783689 0.580097 0.00625783
1008 0.783689 0.577197 0.00599463
1009 0.783689 0.579335 0.00498902
1010 0.783689 0.588896 0.00468845
1011 0.783689 0.574517 0.00441271
1012 0.783689 0.581426 0.00483345
1013 0.783689 0.578268 0.00477275
1014 0.783689 0.575846 0.0058087
1015 0.783689 0.570299 0.00605772
1016 0.783689 0.57668 0.00467284
1017 0.783689 0.56547 0.00505449
1018 0.783689 0.566686 0.00538726
1019 0.783689 0.563662 0.00527281
1020 0.783689 0.565639 0.00555318
1021 0.783689 0.565765 0.00555203
1022 0.783689 0.568985 0.00537562
1023 0.783689 0.571191 0.00511229
1024 0.783689 0.570051 0.00533019
1025 0.783689 0.571845 0.00508744
1026 0.783689 0.577007 0.00463928
1027 0.783689 0.58606 0.00412316
1028 0.783689 0.585075 0.00502154
1029 0.783689 0.576233 0.0048224
1030 0.783689 0.578722 0.00487734
1031 0.783689 0.574308 0.00464795
1032 0.783689 0.573155 0.0049828
1033 0.783689 0.572839 0.00461882
1034 0.783689 0.573245 0.00546004
1035 0.783689 0.579804 0.00472733
1036 0.783689 0.576711 0.00544082
1037 0.783689 0.573338 0.00524108
1038 0.783689 0.569682 0.00507066
1039 0.783689 0.578533 0.00568286
1040 0.783689 0.571461 0.0055762
1041 0.783689 0.563526 0.00487921
1042 0.783689 0.565669 0.00585053
1043 0.783689 0.577783 0.0051696
1044 0.783689 0.563856 0.00483628
1045 0.783689 0.563936 0.00526799
1046 0.783689 0.57003 0.00594058
1047 0.783689 0.56608 0.00506267
1048 0.783689 0.568112 0.00535875
1049 0.783689 0.56509 0.00499705
1050 0.783689 0.558621 0.00580494
1051 0.783689 0.567732 0.00569588
1052 0.783689 0.565968 0.00582625
1053 0.783689 0.562891 0.00547307
1054 0.783689 0.556651 0.00581541
1055 0.783689 0.566299 0.00612264
1056 0.783689 0.574233 0.00497118
1057 0.783689 0.575057 0.00515507
1058 0.783689 0.565122 0.00599031
1059 0.783689 0.552507 0.00481842
1060 0.783689 0.556839 0.00531111
1061 0.783689 0.559794 0.00545769
1062 0.783689 0.552235 0.00534372
1063 0.783689 0.56558 0.00550392
1064 0.783689 0.556661 0.00530386
1065 0.783689 0.564167 0.00513405
1066 0.783689 0.566781 0.00531895
1067 0.783689 0.56805 0.00465422
1068 0.783689 0.5668 0.00534223
1069 0.783689 0.572187 0.0044656
1070 0.783689 0.558327 0.0054846
1071 0.783689 0.554275 0.00562491
1072 0.783689 0.555677 0.00542677
1073 0.783689 0.557541 0.00547389
1074 0.783689 0.555303 0.00555141
1075 0.783689 0.549581 0.00628282
1076 0.783689 0.55336 0.00580204
1077 0.783689 0.561514 0.005433
1078 0.783689 0.565473 0.00542492
1079 0.783689 0.570029 0.00628156
1080 0.783689 0.55598 0.00574776
1081 0.783689 0.566585 0.00617746
1082 0.783689 0.559132 0.0056171
1083 0.783689 0.564639 0.00612145
1084 0.783689 0.559779 0.00512072
1085 0.783689 0.563506 0.00497204
1086 0.783689 0.564451 0.00482783
1087 0.783689 0.57599 0.00482942
1088 0.783689 0.566907 0.00412336
1089 0.783689 0.568841 0.00517281
1090 0.783689 0.56771 0.00529755
1091 0.783689 0.563667 0.00528219
1092 0.783689 0.563122 0.00548352
1093 0.783689 0.568804 0.006357
1094 0.783689 0.56696 0.00540415
1095 0.783689 0.571597 0.00610721
1096 0.783689 0.566776 0.00557166
1097 0.783689 0.571429 0.00523785
1098 0.783689 0.571368 0.0044872
1099 0.783689 0.564836 0.00485031
1100 0.783689 0.577788 0.00469736
1101 0.783689 0.574842 0.00401146
1102 0.783689 0.582784 0.00477039
1103 0.783689 0.567123 0.00463209
1104 0.783689 0.577225 0.00497279
1105 0.783689 0.572997 0.00492844
1106 0.783689 0.576278 0.00442169
1107 0.783689 0.568296 0.0049337
1108 0.783689 0.574837 0.00530217
1109 0.783689 0.576908 0.00500806
1110 0.783689 0.56928 0.00467377
1111 0.783689 0.572648 0.00483305
1112 0.783689 0.57583 0.00424115
1113 0.783689 0.574939 0.00489806
1114 0.783689 0.575608 0.00473233
1115 0.783689 0.570005 0.00469095
1116 0.783689 0.569934 0.00486073
1117 0.783689 0.567576 0.00513458
1118 0.783689 0.578942 0.00514156
1119 0.783689 0.573617 0.00467614
1120 0.783689 0.575856 0.004896
1121 0.783689 0.554013 0.00574493
1122 0.783689 0.559803 0.00550533
1123 0.783689 0.556659 0.00550204
1124 0.783689 0.558013 0.0047016
1125 0.783689 0.552405 0.00516907
1126 0.783689 0.565553 0.00547243
1127 0.783689 0.567662 0.00451244
1128 0.783689 0.559628 0.00557543
1129 0.783689 0.566501 0.00513678
1130 0.783689 0.566201 0.00510643
1131 0.783689 0.57255 0.00484811
1132 0.783689 0.577623 0.00487308
1133 0.783689 0.559068 0.00481975
1134 0.783689 0.572366 0.00521057
1135 0.783689 0.577583 0.00499896
1136 0.783689 0.57608 0.00522734
1137 0.783689 0.574762 0.00505109
1138 0.783689 0.577711 0.00464028
1139 0.783689 0.56879 0.00479097
1140 0.783689 0.579878 0.00447477
1141 0.783689 0.573509 0.00500991
1142 0.783689 0.573149 0.00512175
1143 0.783689 0.57456 0.00460291
1144 0.783689 0.57206 0.0052992
1145 0.783689 0.57349 0.00517327
1146 0.783689 0.57675 0.00529552
1147 0.783689 0.579924 0.00570308
1148 0.783689 0.569585 0.00513808
1149 0.783689 0.560694 0.00523354
1150 0.783689 0.570671 0.00508235
1151 0.783689 0.578788 0.00445303
1152 0.783689 0.577456 0.00456797
1153 0.783689 0.568722 0.00530152
1154 0.783689 0.576597 0.00599622
1155 0.783689 0.577489 0.00485492
1156 0.783689 0.577805 0.00509567
1157 0.783689 0.571943 0.00510037
1158 0.783689 0.568334 0.00536218
1159 0.783689 0.573078 0.00610704
1160 0.783689 0.562965 0.00568055
1161 0.783689 0.572475 0.00483832
1162 0.783689 0.579717 0.00455407
1163 0.783689 0.574758 0.00578937
1164 0.783689 0.57718 0.00519607
1165 0.783689 0.571376 0.00536032
1166 0.783689 0.571363 0.00503576
1167 0.783689 0.5714 0.00523515
1168 0.783689 0.573437 0.00470887
1169 0.783689 0.578177 0.0047737
1170 0.783689 0.572234 0.00451208
1171 0.783689 0.569992 0.0048227
1172 0.783689 0.571491 0.00447776
1173 0.783689 0.572411 0.00490928
1174 0.783689 0.578592 0.00434368
1175 0.783689 0.580768 0.00526287
1176 0.783689 0.561604 0.00437586
1177 0.783689 0.575795 0.00459541
1178 0.783689 0.576817 0.00541223
1179 0.783689 0.569489 0.00472898
1180 0.783689 0.564839 0.00463287
1181 0.783689 0.563542 0.00444588
1182 0.783689 0.558907 0.00485832
1183 0.783689 0.571446 0.00458657
1184 0.783689 0.570518 0.00480573
1185 0.783689 0.554653 0.00580898
1186 0.783689 0.566791 0.00525837
1187 0.783689 0.565349 0.0045535
1188 0.783689 0.566432 0.00490597
1189 0.783689 0.568415 0.00491205
1190 0.783689 0.570753 0.0054309
1191 0.783689 0.559613 0.00529503
1192 0.783689 0.561189 0.0051689
1193 0.783689 0.568645 0.00498277
1194 0.783689 0.566478 0.00519353
1195 0.783689 0.577248 0.00466953
1196 0.783689 0.565921 0.00534254
1197 0.783689 0.560711 0.00574446
1198 0.783689 0.564701 0.00547101
1199 0.783689 0.564208 0.00544993
1200 0.783689 0.566686 0.00520328
1201 0.783689 0.570648 0.00522055
1202 0.783689 0.573793 0.00464682
1203 0.783689 0.575472 0.00474084
1204 0.783689 0.579551 0.00501846
1205 0.783689 0.562518 0.00456656
1206 0.783689 0.568658 0.00479904
1207 0.783689 0.570583 0.00462133
1208 0.783689 0.570184 0.00600863
1209 0.783689 0.56488 0.00476694
1210 0.783689 0.571191 0.0047906
1211 0.783689 0.557401 0.00522576
1212 0.783689 0.563687 0.00522738
1213 0.783689 0.567696 0.00488809
1214 0.783689 0.566609 0.00526908
1215 0.783689 0.559286 0.00506152
1216 0.783689 0.567431 0.00492665
1217 0.783689 0.569623 0.00487568
1218 0.783689 0.574709 0.00511398
1219 0.783689 0.565053 0.00542165
1220 0.783689 0.573453 0.00492561
1221 0.783689 0.577942 0.00599386
1222 0.783689 0.573788 0.00421211
1223 0.783689 0.574366 0.00464735
1224 0.783689 0.572884 0.00522187
1225 0.783689 0.573388 0.00435263
1226 0.783689 0.582142 0.00424056
1227 0.783689 0.571181 0.00491007
1228 0.783689 0.569222 0.00425808
1229 0.783689 0.567619 0.00431781
1230 0.783689 0.564672 0.00479427
1231 0.783689 0.561809 0.00501752
1232 0.783689 0.568558 0.00513065
1233 0.783689 0.568381 0.00524013
1234 0.783689 0.567696 0.00518198
1235 0.783689 0.579562 0.00433883
1236 0.783689 0.570271 0.00443451
1237 0.783689 0.57585 0.00563563
1238 0.783689 0.582922 0.0046278
1239 0.783689 0.576463 0.00518754
1240 0.783689 0.576588 0.00528263
1241 0.783689 0.574821 0.00550882
1242 0.783689 0.573141 0.00425943
1243 0.783689 0.57272 0.00461987
1244 0.783689 0.571579 0.00542666
1245 0.783689 0.572443 0.00551009
1246 0.783689 0.574755 0.00470707
1247 0.783689 0.577349 0.0053806
1248 0.783689 0.577623 0.00458485
1249 0.783689 0.576602 0.00446233
1250 0.783689 0.569775 0.00467573
1251 0.783689 0.570214 0.00473103
1252 0.783689 0.563288 0.00512293
1253 0.783689 0.57059 0.00487503
1254 0.783689 0.581741 0.0047265
1255 0.783689 0.579206 0.00511976
1256 0.783689 0.573894 0.00507904
1257 0.783689 0.577683 0.00492503
1258 0.783689 0.577469 0.00602106
1259 0.783689 0.572851 0.00574305
1260 0.783689 0.571435 0.00562029
1261 0.783689 0.573947 0.00523318
1262 0.783689 0.563503 0.00559446
1263 0.783689 0.560732 0.00501567
1264 0.783689 0.56216 0.00452641
1265 0.783689 0.56103 0.00491062
1266 0.783689 0.563624 0.00505737
1267 0.783689 0.568239 0.00559698
1268 0.783689 0.578154 0.00529479
1269 0.783689 0.568996 0.00549785
1270 0.783689 0.579145 0.00422559
1271 0.783689 0.570531 0.00532615
1272 0.783689 0.566719 0.00437033
1273 0.783689 0.57588 0.00610629
1274 0.783689 0.570564 0.00531539
1275 0.783689 0.56448 0.00611784
1276 0.783689 0.570908 0.00498493
1277 0.783689 0.572541 0.00665128
1278 0.783689 0.568162 0.00451829
1279 0.783689 0.571022 0.00469718
1280 0.783689 0.573067 0.00519257
1281 0.783689 0.573622 0.00492736
1282 0.783689 0.573993 0.00575621
1283 0.783689 0.564651 0.00499814
1284 0.783689 0.564605 0.00539719
1285 0.783689 0.569689 0.00503365
1286 0.783689 0.561653 0.00517434
1287 0.783689 0.567316 0.0043871
1288 0.783689 0.56765 0.00511759
1289 0.783689 0.567558 0.0052278
1290 0.783689 0.569328 0.00470669
1291 0.783689 0.576453 0.00569716
1292 0.783689 0.571539 0.00468053
1293 0.783689 0.55893 0.00487284
1294 0.783689 0.559138 0.00600573
1295 0.783689 0.563976 0.00560284
1296 0.783689 0.572841 0.00591809
1297 0.783689 0.565848 0.00542892
1298 0.783689 0.574407 0.00540708
1299 0.783689 0.579186 0.00554763
1300 0.783689 0.575576 0.00593461
1301 0.783689 0.578995 0.00546789
1302 0.783689 0.565436 0.00542228
1303 0.783689 0.571575 0.00484346
1304 0.783689 0.575639 0.00424881
1305 0.783689 0.574954 0.00548864
1306 0.783689 0.572281 0.00496388
1307 0.783689 0.573171 0.00576211
1308 0.783689 0.570676 0.00513979
1309 0.783689 0.57326 0.00510454
1310 0.783689 0.566247 0.00497889
1311 0.783689 0.563524 0.00471413
1312 0.783689 0.573934 0.00569746
1313 0.783689 0.569754 0.0055979
1314 0.783689 0.572663 0.00506253
1315 0.783689 0.571849 0.00471517
1316 0.783689 0.578251 0.00533547
1317 0.783689 0.566539 0.00523169
1318 0.783689 0.5718 0.00508082
1319 0.783689 0.56807 0.0042099
1320 0.783689 0.5749 0.00478061
1321 0.783689 0.569781 0.00460194
1322 0.783689 0.56972 0.00463075
1323 0.783689 0.572246 0.00504395
1324 0.783689 0.567978 0.0049902
1325 0.783689 0.563226 0.00583747
1326 0.783689 0.574782 0.00499812
1327 0.783689 0.569135 0.00541474
1328 0.783689 0.560395 0.00539137
1329 0.783689 0.569234 0.00559031
1330 0.783689 0.568146 0.00497795
1331 0.783689 0.566394 0.00554612
1332 0.783689 0.57096 0.00524974
1333 0.783689 0.573777 0.00494289
1334 0.783689 0.579616 0.00510906
1335 0.783689 0.57259 0.00503132
1336 0.783689 0.577804 0.00472941
1337 0.783689 0.576091 0.00500836
1338 0.783689 0.583115 0.00449423
1339 0.783689 0.582238 0.00479592
1340 0.783689 0.570697 0.00451508
1341 0.783689 0.57241 0.00593415
1342 0.783689 0.577812 0.00471977
1343 0.783689 0.583439 0.00489978
1344 0.783689 0.573153 0.00498044
1345 0.783689 0.567454 0.00484614
1346 0.783689 0.561499 0.00473177
1347 0.783689 0.56942 0.00492423
1348 0.783689 0.574063 0.00469072
1349 0.783689 0.577257 0.00444818
1350 0.783689 0.569164 0.00518768
1351 0.783689 0.572275 0.00502257
1352 0.783689 0.571485 0.00535892
1353 0.783689 0.57049 0.00495305
1354 0.783689 0.569026 0.00545043
1355 0.783689 0.566166 0.00538162
1356 0.783689 0.574539 0.0048064
1357 0.783689 0.570386 0.00471403
1358 0.783689 0.565534 0.00500824
1359 0.783689 0.576321 0.0047537
1360 0.783689 0.580733 0.00454361
1361 0.783689 0.574779 0.00513043
1362 0.783689 0.563368 0.00500979
1363 0.783689 0.561633 0.0054559
1364 0.783689 0.555944 0.00605602
1365 0.783689 0.565516 0.00506487
1366 0.783689 0.577506 0.00580139
1367 0.783689 0.565445 0.0062331
1368 0.783689 0.569618 0.00492962
1369 0.783689 0.564892 0.00512049
1370 0.783689 0.559386 0.00559895
1371 0.783689 0.567332 0.00591261
1372 0.783689 0.559068 0.00539002
1373 0.783689 0.561649 0.00555956
1374 0.783689 0.568071 0.00545166
1375 0.783689 0.566913 0.00611579
1376 0.783689 0.564636 0.00543336
1377 0.783689 0.565177 0.00492506
1378 0.783689 0.571303 0.00496097
1379 0.783689 0.567621 0.0042954
1380 0.783689 0.556558 0.00452939
1381 0.783689 0.576251 0.00512902
1382 0.783689 0.56792 0.00530767
1383 0.783689 0.565962 0.00561557
1384 0.783689 0.567708 0.00523944
1385 0.783689 0.56587 0.0046155
1386 0.783689 0.573836 0.00473688
1387 0.783689 0.570546 0.00460574
1388 0.783689 0.575425 0.0052118
1389 0.783689 0.567991 0.00485075
1390 0.783689 0.577383 0.00556852
1391 0.783689 0.560001 0.00506473
1392 0.783689 0.568447 0.00510072
1393 0.783689 0.583348 0.00469042
1394 0.783689 0.572185 0.00525436
1395 0.783689 0.562715 0.00464117
1396 0.783689 0.564166 0.00453847
1397 0.783689 0.561183 0.00505946
1398 0.783689 0.570585 0.00491239
1399 0.783689 0.560098 0.0048407
1400 0.783689 0.560894 0.00500232
1401 0.783689 0.570959 0.00533453
1402 0.783689 0.562734 0.00492672
1403 0.783689 0.567844 0.00451965
1404 0.783689 0.562502 0.00485305
1405 0.783689 0.571449 0.00532127
1406 0.783689 0.576177 0.00633831
1407 0.783689 0.577122 0.00508344
1408 0.783689 0.566874 0.00479933
1409 0.783689 0.579207 0.00479855
1410 0.783689 0.565001 0.00436393
1411 0.783689 0.567635 0.00494215
1412 0.783689 0.565671 0.0045807
1413 0.783689 0.56353 0.00484533
1414 0.783689 0.568387 0.00546798
1415 0.783689 0.571123 0.00511179
1416 0.783689 0.569009 0.00506223
1417 0.783689 0.570163 0.00488275
1418 0.783689 0.577385 0.00467365
1419 0.783689 0.571954 0.00457758
1420 0.783689 0.584593 0.0041561
1421 0.783689 0.568354 0.00492844
1422 0.783689 0.562936 0.0047867
1423 0.783689 0.573181 0.0047802
1424 0.783689 0.569032 0.00498832
1425 0.783689 0.565764 0.00520454
1426 0.783689 0.568791 0.00499118
1427 0.783689 0.560382 0.00562594
1428 0.783689 0.556008 0.00509923
1429 0.783689 0.555723 0.00583605
1430 0.783689 0.565364 0.00498813
1431 0.783689 0.557277 0.00513321
1432 0.783689 0.563315 0.00557886
1433 0.783689 0.569484 0.00560512
1434 0.783689 0.563796 0.00444769
1435 0.783689 0.569812 0.0046559
1436 0.783689 0.569248 0.00429507
1437 0.783689 0.573373 0.00513594
1438 0.783689 0.571827 0.00501977
1439 0.783689 0.570915 0.00593244
1440 0.783689 0.577147 0.00464229
1441 0.783689 0.569814 0.00526097
1442 0.783689 0.570794 0.00495995
1443 0.783689 0.565336 0.00537192
1444 0.783689 0.577689 0.00482543
1445 0.783689 0.564737 0.00488502
1446 0.783689 0.564954 0.00541115
1447 0.783689 0.562278 0.0050235
1448 0.783689 0.577707 0.00525043
1449 0.783689 0.571589 0.00482962
1450 0.783689 0.560258 0.00473966
1451 0.783689 0.576568 0.0046772
1452 0.783689 0.569629 0.00568096
1453 0.783689 0.561207 0.00504209
1454 0.783689 0.572451 0.0052753
1455 0.783689 0.574052 0.00464829
1456 0.783689 0.572579 0.00410699
1457 0.783689 0.571025 0.00473631
1458 0.783689 0.568735 0.00493417
1459 0.783689 0.572599 0.00507937
1460 0.783689 0.579841 0.00476862
1461 0.783689 0.579561 0.00479257
1462 0.783689 0.582246 0.00519172
1463 0.783689 0.572716 0.00451989
1464 0.783689 0.57533 0.00493582
1465 0.783689 0.575198 0.00514996
1466 0.783689 0.578594 0.00454439
1467 0.783689 0.567687 0.0045715
1468 0.783689 0.572721 0.00495797
1469 0.783689 0.570224 0.00498514
1470 0.783689 0.57366 0.00442112
1471 0.783689 0.585889 0.00565892
1472 0.783689 0.581405 0.0044088
1473 0.783689 0.570263 0.00417065
1474 0.783689 0.576826 0.00519842
1475 0.783689 0.573182 0.00501499
1476 0.783689 0.559323 0.00484156
1477 0.783689 0.568145 0.0053097
1478 0.783689 0.568114 0.00554599
1479 0.783689 0.56436 0.00559373
1480 0.783689 0.57106 0.00601278
1481 0.783689 0.570012 0.00578101
1482 0.783689 0.570555 0.00569632
1483 0.783689 0.570624 0.00631051
1484 0.783689 0.575641 0.0052451
1485 0.783689 0.576903 0.0051616
1486 0.783689 0.571825 0.00472557
1487 0.783689 0.57203 0.00554321
1488 0.783689 0.581006 0.00460113
1489 0.783689 0.575245 0.00491303
1490 0.783689 0.581045 0.00485983
1491 0.783689 0.57243 0.00476039
1492 0.783689 0.565556 0.00466989
1493 0.783689 0.571499 0.00504243
1494 0.783689 0.558104 0.00430408
1495 0.783689 0.561076 0.00395492
1496 0.783689 0.569253 0.00455017
1497 0.783689 0.571004 0.00539147
1498 0.783689 0.562177 0.00499658
1499 0.783689 0.566224 0.00528252
1500 0.783689 0.563708 0.00510651
1501 0.783689 0.570149 0.00543538
1502 0.783689 0.566414 0.00629128
1503 0.783689 0.573418 0.00486571
1504 0.783689 0.574784 0.00498014
1505 0.783689 0.575591 0.00468401
1506 0.783689 0.565645 0.0053097
1507 0.783689 0.570532 0.00493575
1508 0.783689 0.57758 0.00498127
1509 0.783689 0.563662 0.00463312
1510 0.783689 0.572732 0.00531208
1511 0.783689 0.568145 0.00502889
1512 0.783689 0.567685 0.00499628
1513 0.783689 0.569965 0.00513609
1514 0.783689 0.558951 0.00596057
1515 0.783689 0.558702 0.00548605
1516 0.783689 0.566788 0.00531716
1517 0.783689 0.562303 0.00526911
1518 0.783689 0.568434 0.00577869
1519 0.783689 0.561484 0.0049515
1520 0.783689 0.565228 0.00478379
1521 0.783689 0.572295 0.00543609
1522 0.783689 0.57564 0.00470589
1523 0.783689 0.568889 0.00512517
1524 0.783689 0.570613 0.00504122
1525 0.783689 0.565136 0.00524805
1526 0.783689 0.570444 0.00485414
1527 0.783689 0.570348 0.0046657
1528 0.783689 0.572706 0.00459003
1529 0.783689 0.574256 0.00443365
1530 0.783689 0.570599 0.00550454
1531 0.783689 0.573291 0.00492293
1532 0.783689 0.570226 0.00464035
1533 0.783689 0.573039 0.00486242
1534 0.783689 0.570111 0.00454349
1535 0.783689 0.574175 0.00530554
1536 0.783689 0.575337 0.0049341
1537 0.783689 0.569385 0.00454421
1538 0.783689 0.56776 0.00529067
1539 0.783689 0.577147 0.00493124
1540 0.783689 0.576297 0.00512798
1541 0.783689 0.574028 0.00492241
1542 0.783689 0.563441 0.0056635
1543 0.783689 0.572611 0.00404956
1544 0.783689 0.567829 0.00511736
1545 0.783689 0.574709 0.00501173
1546 0.783689 0.568238 0.00490437
1547 0.783689 0.570755 0.00568739
1548 0.783689 0.565583 0.00440247
1549 0.783689 0.56754 0.00466702
1550 0.783689 0.573862 0.00425705
1551 0.783689 0.568048 0.00447243
1552 0.783689 0.566468 0.00481371
1553 0.783689 0.571808 0.00478862
1554 0.783689 0.578168 0.00470239
1555 0.783689 0.571533 0.00454727
1556 0.783689 0.581304 0.00467654
1557 0.783689 0.576705 0.00479143
1558 0.783689 0.573704 0.004878
1559 0.783689 0.578437 0.00547515
1560 0.783689 0.57067 0.00477514
1561 0.783689 0.562321 0.00505452
1562 0.783689 0.567071 0.00522107
1563 0.783689 0.561576 0.00520481
1564 0.783689 0.554989 0.00471112
1565 0.783689 0.566965 0.00454159
1566 0.783689 0.563713 0.00530355
1567 0.783689 0.574227 0.00506227
1568 0.783689 0.571078 0.00411163
1569 0.783689 0.57132 0.00435655
1570 0.783689 0.576716 0.00458958
1571 0.783689 0.572182 0.00475692
1572 0.783689 0.580867 0.00432283
1573 0.783689 0.571502 0.00449489
1574 0.783689 0.57769 0.00462303
1575 0.783689 0.57258 0.00492336
1576 0.783689 0.566073 0.00413753
1577 0.783689 0.571599 0.00512341
1578 0.783689 0.565612 0.00458028
1579 0.783689 0.563433 0.00462109
1580 0.783689 0.566654 0.00460899
1581 0.783689 0.562835 0.00504357
1582 0.783689 0.563961 0.00520977
1583 0.783689 0.562478 0.00420924
1584 0.783689 0.561951 0.00520417
1585 0.783689 0.561609 0.00529264
1586 0.783689 0.563593 0.00622867
1587 0.783689 0.55767 0.00558259
1588 0.783689 0.559189 0.00566793
1589 0.783689 0.560356 0.00478641
1590 0.783689 0.564585 0.00532892
1591 0.783689 0.562438 0.0052095
1592 0.783689 0.568846 0.00524831
1593 0.783689 0.569841 0.00511011
1594 0.783689 0.561064 0.00505676
1595 0.783689 0.559742 0.00522344
1596 0.783689 0.568501 0.00526394
1597 0.783689 0.565746 0.0057866
1598 0.783689 0.56125 0.0045335
1599 0.783689 0.553952 0.00576248
1600 0.783689 0.560792 0.00552373
1601 0.783689 0.569339 0.00481289
1602 0.783689 0.567499 0.00466412
1603 0.783689 0.56286 0.00439082
1604 0.783689 0.575685 0.00458184
1605 0.783689 0.568112 0.00472278
1606 0.783689 0.574758 0.00507858
1607 0.783689 0.565237 0.00465985
1608 0.783689 0.567495 0.00468167
1609 0.783689 0.562669 0.00555542
1610 0.783689 0.567254 0.00471203
1611 0.783689 0.563649 0.00468078
1612 0.783689 0.57124 0.00491724
1613 0.783689 0.570856 0.00484765
1614 0.828837 0.563497 0.00575475
1615 0.828837 0.563083 0.00516788
1616 0.828837 0.564951 0.00538047
1617 0.828837 0.563789 0.00534057
1618 0.828837 0.564186 0.00514495
1619 0.828837 0.571429 0.00601499
1620 0.828837 0.563707 0.00551042
1621 0.828837 0.562282 0.00550348
1622 0.828837 0.568191 0.00597042
1623 0.828837 0.566326 0.00563157
1624 0.828837 0.568934 0.00543329
1625 0.828837 0.56508 0.00503537
1626 0.828837 0.566109 0.00504482
1627 0.828837 0.568463 0.0050842
1628 0.828837 0.568004 0.00507367
1629 0.828837 0.565058 0.00610816
1630 0.828837 0.571863 0.00581214
1631 0.828837 0.559254 0.00587343
1632 0.828837 0.571366 0.00566682
1633 0.828837 0.57485 0.00567698
1634 0.828837 0.575692 0.00538126
1635 0.828837 0.565185 0.00538415
1636 0.828837 0.574718 0.00583005
1637 0.828837 0.574188 0.00601114
1638 0.828837 0.575535 0.00619317
1639 0.828837 0.579084 0.00517575
1640 0.828837 0.568538 0.00549691
1641 0.828837 0.572452 0.00576395
1642 0.828837 0.565885 0.00640398
1643 0.828837 0.562055 0.00494401
1644 0.828837 0.570379 0.00615337
1645 0.828837 0.568297 0.0048606
1646 0.828837 0.574097 0.00503468
1647 0.828837 0.58021 0.00505098
1648 0.828837 0.569885 0.00465592
1649 0.828837 0.568824 0.00528726
1650 0.828837 0.576706 0.00491226
1651 0.828837 0.577473 0.00428209
1652 0.828837 0.577449 0.00433485
1653 0.828837 0.580384 0.0051941
1654 0.828837 0.577681 0.00524975
1655 0.828837 0.58764 0.00441635
1656 0.828837 0.584083 0.00470218
1657 0.828837 0.580928 0.00432369
1658 0.828837 0.58243 0.0052012
1659 0.828837 0.582386 0.00483563
1660 0.828837 0.582033 0.00509033
1661 0.828837 0.586315 0.00426492
1662 0.828837 0.581435 0.00485287
1663 0.828837 0.578784 0.00445518
1664 0.828837 0.58434 0.00503722
1665 0.828837 0.577663 0.00450292
1666 0.828837 0.575853 0.00478417
1667 0.828837 0.569257 0.00513013
1668 0.828837 0.568045 0.00530385
1669 0.828837 0.574088 0.00559936
1670 0.828837 0.575257 0.00518518
1671 0.828837 0.583448 0.00550617
1672 0.828837 0.586831 0.0052447
1673 0.828837 0.582968 0.00447318
1674 0.828837 0.585061 0.00477094
1675 0.828837 0.582241 0.00581085
1676 0.828837 0.575844 0.00489514
1677 0.828837 0.578362 0.0048861
1678 0.828837 0.577982 0.00477874
1679 0.828837 0.573604 0.005236
1680 0.828837 0.573332 0.00488765
1681 0.828837 0.57598 0.00451724
1682 0.828837 0.56971 0.00465843
1683 0.828837 0.567266 0.00560184
1684 0.828837 0.572717 0.00553947
1685 0.828837 0.570116 0.00582027
1686 0.828837 0.573997 0.0054577
1687 0.828837 0.5804 0.00566545
1688 0.828837 0.583908 0.00519218
1689 0.828837 0.580734 0.00507852
1690 0.828837 0.575648 0.00516537
1691 0.828837 0.583904 0.00439607
1692 0.828837 0.575091 0.00488715
1693 0.828837 0.583398 0.00575078
1694 0.828837 0.57232 0.00462315
1695 0.828837 0.576698 0.00478266
1696 0.828837 0.568751 0.00497122
1697 0.828837 0.574473 0.00488852
1698 0.828837 0.572174 0.00532953
1699 0.828837 0.569103 0.0048759
1700 0.828837 0.568539 0.00585989
1701 0.828837 0.574185 0.00571924
1702 0.828837 0.572171 0.00511906
1703 0.828837 0.573702 0.0048326
1704 0.828837 0.573328 0.00491026
1705 0.828837 0.574202 0.00571991
1706 0.828837 0.579702 0.00511476
1707 0.828837 0.571841 0.00581891
1708 0.828837 0.572362 0.00455848
1709 0.828837 0.565082 0.00503366
1710 0.828837 0.567964 0.00565955
1711 0.828837 0.580749 0.0054628
1712 0.828837 0.58014 0.0048733
1713 0.828837 0.575952 0.00454639
1714 0.828837 0.570916 0.00529262
1715 0.828837 0.575123 0.00510633
1716 0.828837 0.573559 0.00511773
1717 0.828837 0.567933 0.00468257
1718 0.828837 0.579093 0.00505706
1719 0.828837 0.572842 0.00507849
1720 0.828837 0.579916 0.00541181
1721 0.828837 0.573535 0.00446674
1722 0.828837 0.572672 0.00527696
1723 0.828837 0.564634 0.00543424
1724 0.828837 0.576739 0.00482528
1725 0.828837 0.574025 0.00462487
1726 0.828837 0.565193 0.00522677
1727 0.828837 0.575983 0.00491224
1728 0.828837 0.569037 0.00493145
1729 0.828837 0.569854 0.00482244
1730 0.828837 0.563173 0.00527712
1731 0.828837 0.568245 0.00511743
1732 0.828837 0.571699 0.00497513
1733 0.828837 0.576746 0.00473086
1734 0.828837 0.580752 0.00521846
1735 0.828837 0.577509 0.00496578
1736 0.828837 0.588701 0.00437102
1737 0.828837 0.580007 0.00427572
1738 0.828837 0.580067 0.00511137
1739 0.828837 0.580007 0.00462943
1740 0.828837 0.578344 0.00443643
1741 0.828837 0.581632 0.00559179
1742 0.828837 0.576153 0.00492872
1743 0.828837 0.57442 0.00490962
1744 0.828837 0.575633 0.0047261
1745 0.828837 0.575442 0.00467091
1746 0.828837 0.575208 0.00451734
1747 0.828837 0.57278 0.00505244
1748 0.828837 0.575977 0.00568395
1749 0.828837 0.576629 0.00580051
1750 0.828837 0.575427 0.0053685
1751 0.828837 0.575374 0.0045955
1752 0.828837 0.573531 0.00504862
1753 0.828837 0.577037 0.0051194
1754 0.828837 0.570643 0.00545776
1755 0.828837 0.584966 0.00503729
1756 0.828837 0.578879 0.00568088
1757 0.828837 0.578557 0.00500577
1758 0.828837 0.57186 0.00490709
1759 0.828837 0.580367 0.00507103
1760 0.828837 0.570611 0.00491013
1761 0.828837 0.588635 0.00479633
1762 0.828837 0.586104 0.00432874
1763 0.828837 0.584298 0.00541181
1764 0.828837 0.580253 0.00522288
1765 0.828837 0.582654 0.00536606
1766 0.828837 0.56975 0.00532406
1767 0.828837 0.575369 0.00502873
1768 0.828837 0.573619 0.00523069
1769 0.828837 0.580496 0.00581731
1770 0.828837 0.577432 0.00570566
1771 0.828837 0.579823 0.00544091
1772 0.828837 0.579341 0.00509164
1773 0.828837 0.585288 0.00499441
1774 0.828837 0.582084 0.00479962
1775 0.828837 0.574498 0.00546722
1776 0.828837 0.575694 0.00529943
1777 0.828837 0.566098 0.00536071
1778 0.828837 0.565884 0.00578419
1779 0.828837 0.562867 0.00519001
1780 0.828837 0.570884 0.00554904
1781 0.828837 0.568378 0.00471382
1782 0.828837 0.572923 0.00542731
1783 0.828837 0.566541 0.00535652
1784 0.828837 0.5668 0.00528702
1785 0.828837 0.566394 0.00501432
1786 0.828837 0.570258 0.00484076
1787 0.828837 0.575536 0.00507635
1788 0.828837 0.578934 0.00499987
1789 0.828837 0.569508 0.00535929
1790 0.828837 0.579929 0.00505716
1791 0.828837 0.579892 0.0051215
1792 0.828837 0.574297 0.00554443
1793 0.828837 0.574685 0.00571192
1794 0.828837 0.578191 0.00473053
1795 0.828837 0.57417 0.00552496
1796 0.828837 0.56655 0.00515814
1797 0.828837 0.570465 0.00553085
1798 0.828837 0.572447 0.00534083
1799 0.828837 0.571223 0.00525995
1800 0.828837 0.570491 0.00455769
1801 0.828837 0.570522 0.00494781
1802 0.828837 0.564996 0.00486845
1803 0.828837 0.575173 0.00507386
1804 0.828837 0.577994 0.00560278
1805 0.828837 0.574432 0.00513298
1806 0.828837 0.583567 0.00528193
1807 0.828837 0.588486 0.0043531
1808 0.828837 0.581221 0.00546842
1809 0.828837 0.574041 0.00487149
1810 0.828837 0.576326 0.0051137
1811 0.828837 0.577233 0.00505313
1812 0.828837 0.574636 0.00508248
1813 0.828837 0.568203 0.00467077
1814 0.828837 0.570778 0.00521877
1815 0.828837 0.573066 0.00490608
1816 0.828837 0.5674 0.00466509
1817 0.828837 0.567059 0.00528284
1818 0.828837 0.567277 0.00627726
1819 0.828837 0.572337 0.00527761
1820 0.828837 0.578171 0.00483864
1821 0.828837 0.58097 0.00463625
1822 0.828837 0.577888 0.00491761
1823 0.828837 0.572888 0.00496789
1824 0.828837 0.572265 0.0052934
1825 0.828837 0.57658 0.00548772
1826 0.828837 0.576931 0.00492145
1827 0.828837 0.572217 0.00456999
1828 0.828837 0.577786 0.00510635
1829 0.828837 0.57714 0.00539517
1830 0.828837 0.576548 0.00514568
1831 0.828837 0.575905 0.00558352
1832 0.828837 0.57786 0.00462074
1833 0.828837 0.588916 0.0041719
1834 0.828837 0.573447 0.00497816
1835 0.828837 0.584942 0.0054757
1836 0.828837 0.591724 0.00473762
1837 0.828837 0.589026 0.00471046
1838 0.828837 0.578079 0.00521265
1839 0.828837 0.585152 0.00395575
1840 0.828837 0.578948 0.00424349
1841 0.828837 0.583126 0.00577928
1842 0.828837 0.580715 0.00487408
1843 0.828837 0.583955 0.00492948
1844 0.828837 0.576635 0.0041919
1845 0.828837 0.58089 0.00534623
1846 0.828837 0.584033 0.00475171
1847 0.828837 0.583501 0.00473767
1848 0.828837 0.57932 0.00424358
1849 0.828837 0.580934 0.004522
1850 0.828837 0.585201 0.00464326
1851 0.828837 0.571567 0.00456191
1852 0.828837 0.571101 0.00567333
1853 0.828837 0.572475 0.00581994
1854 0.828837 0.564367 0.0049773
1855 0.828837 0.573596 0.00549411
1856 0.828837 0.571491 0.00572526
1857 0.828837 0.577812 0.00516843
1858 0.828837 0.577395 0.00497848
1859 0.828837 0.57527 0.00536533
1860 0.828837 0.580161 0.00544304
1861 0.828837 0.576482 0.00642149
1862 0.828837 0.572291 0.00530818
1863 0.828837 0.572554 0.00483898
1864 0.828837 0.57232 0.00615967
1865 0.828837 0.577834 0.00492653
1866 0.828837 0.582263 0.00608525
1867 0.828837 0.585379 0.00552038
1868 0.828837 0.586068 0.00451566
1869 0.828837 0.57819 0.00492065
1870 0.828837 0.573804 0.00480199
1871 0.828837 0.578748 0.00500857
1872 0.828837 0.579739 0.00527123
1873 0.828837 0.576807 0.00489379
1874 0.828837 0.577696 0.00515899
1875 0.828837 0.572481 0.00593095
1876 0.828837 0.584112 0.00546022
1877 0.828837 0.570384 0.00606706
1878 0.828837 0.572544 0.00548529
1879 0.828837 0.577265 0.00504441
1880 0.828837 0.569165 0.00586091
1881 0.828837 0.579881 0.00495884
1882 0.828837 0.568767 0.00474994
1883 0.828837 0.58375 0.00441197
1884 0.828837 0.575029 0.00572507
1885 0.828837 0.585508 0.00538776
1886 0.828837 0.579975 0.00562391
1887 0.828837 0.584201 0.0046127
1888 0.828837 0.578996 0.0056477
1889 0.828837 0.582753 0.00533558
1890 0.828837 0.58624 0.00505714
1891 0.828837 0.581283 0.00480925
1892 0.828837 0.584257 0.00607156
1893 0.828837 0.571854 0.00494125
1894 0.828837 0.577855 0.00576114
1895 0.828837 0.577063 0.00556716
1896 0.828837 0.574574 0.00596831
1897 0.828837 0.567312 0.00639767
1898 0.828837 0.577919 0.0054247
1899 0.828837 0.576688 0.00508944
1900 0.828837 0.575196 0.00563521
1901 0.828837 0.579016 0.00570156
1902 0.828837 0.569676 0.00667062
1903 0.828837 0.569054 0.00558412
1904 0.828837 0.572819 0.0054875
1905 0.828837 0.572573 0.00524337
1906 0.828837 0.57198 0.00579068
1907 0.828837 0.566763 0.00513373
1908 0.828837 0.576431 0.00530032
1909 0.828837 0.573684 0.0052502
1910 0.828837 0.566864 0.00620299
1911 0.828837 0.57038 0.00523336
1912 0.828837 0.562982 0.00614191
1913 0.828837 0.56518 0.00546916
1914 0.828837 0.580829 0.00525525
1915 0.828837 0.571258 0.00532263
1916 0.828837 0.573947 0.00514217
1917 0.828837 0.57026 0.00547516
1918 0.828837 0.574575 0.00544155
1919 0.828837 0.580153 0.00542035
1920 0.828837 0.572426 0.00509594
1921 0.828837 0.580926 0.00459591
1922 0.828837 0.569876 0.00472478
1923 0.828837 0.578233 0.00520925
1924 0.828837 0.56873 0.00521778
1925 0.828837 0.574329 0.00503719
1926 0.828837 0.573189 0.00483269
1927 0.828837 0.574665 0.00526205
1928 0.828837 0.562632 0.00527167
1929 0.828837 0.581781 0.00495726
1930 0.828837 0.585955 0.00496832
1931 0.828837 0.57907 0.00524601
1932 0.828837 0.590597 0.00497314
1933 0.828837 0.580607 0.00488869
1934 0.828837 0.5869 0.00524057
1935 0.828837 0.576391 0.00445274
1936 0.828837 0.583267 0.00484545
1937 0.828837 0.573326 0.00475506
1938 0.828837 0.577748 0.00550165
1939 0.828837 0.573803 0.00463115
1940 0.828837 0.584583 0.00534804
1941 0.828837 0.585725 0.00473096
1942 0.828837 0.578139 0.0054995
1943 0.828837 0.571375 0.00604903
1944 0.828837 0.575702 0.00524125
1945 0.828837 0.573717 0.00556996
1946 0.828837 0.574617 0.00551536
1947 0.828837 0.564996 0.00581351
1948 0.828837 0.580831 0.00576675
1949 0.828837 0.576157 0.00500453
1950 0.828837 0.578362 0.00505474
1951 0.828837 0.586427 0.00497743
1952 0.828837 0.579432 0.00521449
1953 0.828837 0.581959 0.00480961
1954 0.828837 0.583907 0.00477913
1955 0.828837 0.576552 0.0048008
1956 0.828837 0.573918 0.00572612
1957 0.828837 0.574844 0.00560347
1958 0.828837 0.570065 0.00577059
1959 0.828837 0.573867 0.00531958
1960 0.828837 0.568642 0.00546163
1961 0.828837 0.574776 0.00569657
1962 0.828837 0.569185 0.00608231
1963 0.828837 0.562733 0.00589545
1964 0.828837 0.563175 0.00650867
1965 0.828837 0.564889 0.00478832
1966 0.828837 0.575918 0.00635604
1967 0.828837 0.581816 0.00569334
1968 0.828837 0.572412 0.00533909
1969 0.828837 0.572356 0.00525942
1970 0.828837 0.566822 0.00619823
1971 0.828837 0.57424 0.00514447
1972 0.828837 0.572309 0.00525796
1973 0.828837 0.575156 0.0052262
1974 0.828837 0.578785 0.00486435
1975 0.828837 0.585336 0.00465093
1976 0.828837 0.576594 0.00506183
1977 0.828837 0.576645 0.00570405
1978 0.828837 0.576718 0.00527003
1979 0.828837 0.584341 0.00562323
1980 0.828837 0.584465 0.00499229
1981 0.828837 0.581114 0.00569508
1982 0.828837 0.574253 0.00528267
1983 0.828837 0.580583 0.00560453
1984 0.828837 0.575304 0.00522132
1985 0.828837 0.573359 0.00506974
1986 0.828837 0.584111 0.00471943
1987 0.828837 0.577062 0.00505519
1988 0.828837 0.582029 0.00523006
1989 0.828837 0.57538 0.00596088
1990 0.828837 0.573955 0.00589183
1991 0.828837 0.576252 0.00584846
1992 0.828837 0.577268 0.00494011
1993 0.828837 0.567644 0.00562654
1994 0.828837 0.575894 0.00693024
1995 0.828837 0.578788 0.00615904
1996 0.828837 0.581887 0.00503519
1997 0.828837 0.577878 0.00612305
1998 0.828837 0.580499 0.00558846
1999 0.828837 0.57595 0.00534358
2000 0.828837 0.580445 0.00493563
