5
0
-55.9352
5.43568
0
-57.553
5.27345
0
-56.5861
5.26005
0
-62.3019
7.99938
0
-59.6847
5.93494
0
0.977389
1.59378
1.357
0.619538
1.37935
0.717224
0.0522541
1.9463
0.891694
1.14588
1.16302
1.22575
0.496688
0.642232
1.08373
0.265038
1.30583
1.79738
1.83523
1.4627
0.989086
1.58999
0.981961
1.54423
0.583601
1.84189
1.99921
0.188908
0.228151
1.48277
0.0971433
1.81965
1.94017
1.34584
0.282931
0.541631
0.836013
1.69776
1.50449
1.47826
1.026
0.37418
1.99926
1.45198
1.76425
1.49795
0.02434
1.50704
0.798723
0.545014
1.67918
1.76041
1.85032
0.425329
0.0265355
1.30929
0.648706
0.513043
0.907351
0.265124
1.44489
0
1.10306
0.67413
0.592583
1.95836
1.7237
1.19995
2
1.08623
0.646909
0.874568
0.829437
0.0178885
0.640836
1.80758
-0.495283
1103.79
100
