4
1
-60.1249
4.82001
0
-55.5343
6.68046
0
-61.7275
3.03304
0
0.117396
0.211479
1
-62.3197
2.06004
0
0.437267
1.02137
1.57327
0.403113
1.84404
1.77244
0.210879
1.60007
1.08117
1.85677
0.918959
0.319554
1.05484
0.874008
0.915494
1.6466
1.98053
1.78399
0.449564
0.29884
0.825894
0.40283
1.95183
1.48066
0.00259714
1.18442
1.47478
0.232975
0.373941
0.0642487
0.522465
1.68633
0.166716
0.35736
0.344295
1.07117
0.84379
1.48191
0.153737
0.182019
1.23486
1.45892
0.994465
0.445847
0.484247
0.120608
0.655694
1.49468
1.52335
1.09727
0.441859
1.99307
1.44656
1.48299
0.178535
1.67723
1.30353
0.682643
0.618475
0.218732
1.69166
1.75363
1.99936
0.218883
0.56564
0.495724
0.382513
1.41415
0.6736
1.17926
0.969533
