3
2
-57.3213
3.9496
0
0.0254071
0.280223
1
-58.6297
5.99289
0
-55.3881
2.40407
0
0.169038
0.231229
1
0.187384
0.557542
1.60208
0.73069
0.205316
0.324358
1.17836
1.6646
1.6795
0.716374
1.8221
1.84777
1.54133
1.50197
0.539428
0.278602
0.885713
1.2886
1.48905
1.29433
1.80372
1.84726
0.271411
1.30549
1.85422
1.5215
0.998588
1.15932
0.360722
1.70821
0.776958
1.94336
0.162101
0.455654
1.87611
0.922357
1.10916
0.277007
0.136197
1.07639
0.353587
1.96531
1.02456
1.62511
0.947037
0.0693338
0.887722
1.68112
0.914048
1.65328
0.109001
1.45985
1.2357
1.92431
1.96132
1.09922
0.907108
0.053775
0.383451
1.40268
0.672595
1.87996
1.89529
1.03175
0.51789
1.03932
1.9466
1.88757
0.77785
0.418682
0.411871
0.506074
0.577179
1.53249
1.92574
