0 0.520471 0.497095 0.000102771
1 0.570526 0.498352 0.000320075
2 0.570526 0.498167 0.000191096
3 0.594121 0.49995 0.00028625
4 0.594121 0.501139 0.000275343
5 0.594121 0.502059 0.000313086
6 0.594121 0.502773 0.00034787
7 0.600951 0.501285 0.000781743
8 0.600951 0.500589 0.000777488
9 0.600951 0.500773 0.000754091
10 0.624679 0.505567 0.000902332
11 0.624679 0.503025 0.000803292
12 0.624679 0.500442 0.000722021
13 0.630026 0.504762 0.000960057
14 0.630026 0.506664 0.000794726
15 0.630026 0.5035 0.00076577
16 0.630026 0.506671 0.00103095
17 0.630026 0.50305 0.00109706
18 0.630026 0.505159 0.00091047
19 0.630026 0.505064 0.00093671
20 0.630026 0.507751 0.00105051
21 0.630026 0.501142 0.00102481
22 0.630026 0.502556 0.000922935
23 0.630026 0.504528 0.000927117
24 0.630026 0.505624 0.00075483
25 0.630026 0.50241 0.000855954
26 0.630026 0.506956 0.0009602
27 0.630026 0.504833 0.000763905
28 0.630026 0.504635 0.000989547
29 0.630026 0.499596 0.00115395
30 0.643878 0.508434 0.00122471
31 0.643878 0.50533 0.00113292
32 0.643878 0.504861 0.000945725
33 0.643878 0.503659 0.00117649
34 0.643878 0.503096 0.00115145
35 0.643878 0.501296 0.00104908
36 0.643878 0.504332 0.000980587
37 0.643878 0.503818 0.00116457
38 0.643878 0.505231 0.00109043
39 0.643878 0.507 0.00101298
40 0.643878 0.506792 0.00123812
41 0.643878 0.507665 0.00109912
42 0.643878 0.506838 0.00138922
43 0.643878 0.505712 0.00135967
44 0.643878 0.507268 0.00124737
45 0.643878 0.505024 0.00131744
46 0.643878 0.503149 0.00152115
47 0.643878 0.509766 0.00140503
48 0.643878 0.50495 0.00129382
49 0.643878 0.506721 0.0013071
50 0.643878 0.505433 0.00132937
51 0.643878 0.506403 0.00130471
52 0.643878 0.507369 0.00158041
53 0.643878 0.508315 0.00130564
54 0.643878 0.505897 0.00108181
55 0.643878 0.505806 0.00145165
56 0.643878 0.507762 0.00143591
57 0.643878 0.50905 0.00145575
58 0.643878 0.508288 0.0013079
59 0.643878 0.508451 0.00127479
60 0.643878 0.504366 0.00141457
61 0.643878 0.509131 0.00144799
62 0.643878 0.506676 0.00155697
63 0.643878 0.505561 0.00124827
64 0.643878 0.504855 0.00143508
65 0.643878 0.504556 0.00108392
66 0.643878 0.507852 0.00139948
67 0.643878 0.502894 0.00131762
68 0.643878 0.503867 0.00155088
69 0.643878 0.508434 0.00138898
70 0.643878 0.505816 0.0011338
71 0.643878 0.507447 0.00112814
72 0.643878 0.507136 0.00122592
73 0.643878 0.502609 0.00116977
74 0.643878 0.498327 0.00135496
75 0.643878 0.505851 0.00120048
76 0.643878 0.504323 0.00135414
77 0.643878 0.504765 0.00132398
78 0.643878 0.508931 0.00160277
79 0.643878 0.507267 0.001523
80 0.643878 0.511512 0.00154231
81 0.643878 0.507776 0.00154446
82 0.643878 0.509138 0.0013654
83 0.643878 0.506341 0.00163044
84 0.643878 0.506798 0.00142567
85 0.643878 0.507222 0.0014013
86 0.643878 0.505474 0.0015992
87 0.643878 0.503545 0.00139847
88 0.643878 0.508464 0.00156383
89 0.643878 0.509672 0.00142608
90 0.643878 0.513426 0.00190353
91 0.643878 0.506326 0.00103611
92 0.643878 0.504715 0.00123255
93 0.643878 0.504153 0.00162046
94 0.643878 0.505511 0.00131336
95 0.643878 0.505947 0.00135363
96 0.643878 0.509054 0.00131923
97 0.643878 0.507702 0.00133229
98 0.643878 0.504769 0.00132236
99 0.643878 0.505004 0.00127597
100 0.643878 0.504541 0.00144317
101 0.643878 0.505497 0.00165029
102 0.643878 0.506793 0.00127799
103 0.643878 0.505295 0.00143908
104 0.643878 0.502512 0.00239488
105 0.672621 0.51188 0.0016532
106 0.672621 0.506851 0.0018231
107 0.672621 0.50645 0.00186247
108 0.672621 0.511378 0.00175119
109 0.672621 0.506727 0.00139626
110 0.672621 0.506535 0.00166585
111 0.672621 0.50555 0.00137446
112 0.672621 0.505051 0.00205161
113 0.672621 0.505457 0.00168189
114 0.672621 0.507915 0.00161478
115 0.672621 0.507579 0.00144127
116 0.672621 0.504968 0.00170905
117 0.672621 0.509029 0.0014796
118 0.672621 0.505085 0.00166676
119 0.672621 0.506835 0.00143633
120 0.672621 0.512964 0.0020013
121 0.672621 0.502463 0.00155975
122 0.672621 0.507992 0.00162722
123 0.672621 0.508952 0.00147748
124 0.672621 0.509284 0.00172794
125 0.672621 0.511331 0.00142125
126 0.672621 0.507838 0.00155602
127 0.672621 0.504369 0.0015512
128 0.672621 0.508553 0.00170376
129 0.672621 0.503413 0.00171085
130 0.672621 0.505947 0.00154312
131 0.672621 0.510467 0.00150049
132 0.672621 0.504766 0.00166852
133 0.672621 0.507012 0.00144396
134 0.672621 0.506009 0.0014295
135 0.672621 0.508798 0.00152086
136 0.672621 0.511618 0.00167814
137 0.672621 0.502159 0.00167763
138 0.672621 0.509259 0.00183845
139 0.672621 0.510602 0.00200813
140 0.672621 0.499866 0.00167829
141 0.672621 0.505735 0.00157093
142 0.672621 0.503042 0.00160701
143 0.672621 0.505134 0.00161621
144 0.672621 0.507228 0.0017506
145 0.672621 0.513641 0.00166252
146 0.684146 0.51071 0.00193258
147 0.684146 0.509304 0.00159656
148 0.684146 0.506782 0.00176284
149 0.684146 0.503838 0.00205719
150 0.684146 0.507169 0.00191657
151 0.684146 0.512462 0.00189358
152 0.684146 0.505572 0.00186611
153 0.684146 0.507025 0.00210214
154 0.684146 0.503631 0.0022522
155 0.684146 0.510405 0.0023456
156 0.684146 0.507878 0.00194366
157 0.684146 0.504201 0.00184437
158 0.684146 0.509042 0.00196836
159 0.684146 0.503149 0.00178205
160 0.684146 0.506735 0.00185506
161 0.684146 0.504699 0.00218864
162 0.684146 0.510505 0.00167942
163 0.684146 0.506219 0.00197448
164 0.684146 0.508022 0.00194427
165 0.684146 0.510213 0.00206306
166 0.684146 0.508537 0.00168057
167 0.684146 0.507658 0.00183721
168 0.684146 0.505335 0.00191042
169 0.684146 0.504098 0.00200821
170 0.684146 0.513756 0.00161209
171 0.684146 0.51159 0.00172248
172 0.684146 0.510522 0.00170086
173 0.684146 0.509688 0.00193541
174 0.684146 0.504144 0.00198612
175 0.684146 0.511725 0.00201038
176 0.684146 0.505984 0.00206762
177 0.684146 0.513083 0.00203028
178 0.684146 0.508293 0.00193221
179 0.684146 0.507369 0.0021253
180 0.684146 0.506856 0.00225602
181 0.684146 0.509541 0.00158204
182 0.684146 0.507989 0.00219134
183 0.684146 0.503903 0.00208274
184 0.684146 0.503399 0.00190353
185 0.684146 0.506915 0.00222861
186 0.684146 0.509195 0.00188313
187 0.684146 0.502073 0.00201258
188 0.684146 0.509994 0.00180838
189 0.684146 0.51382 0.00203325
190 0.684146 0.507807 0.00214363
191 0.684146 0.507926 0.00194507
192 0.684146 0.508261 0.00166178
193 0.684146 0.510633 0.00177673
194 0.684146 0.502468 0.00187279
195 0.684146 0.506379 0.00183343
196 0.684146 0.507803 0.00200002
197 0.684146 0.509438 0.00222356
198 0.684146 0.505159 0.00199455
199 0.684146 0.511908 0.00246574
200 0.684146 0.51097 0.00201249
201 0.684146 0.50297 0.00182135
202 0.684146 0.506893 0.00230719
203 0.684146 0.505123 0.0021443
204 0.684146 0.505376 0.0020829
205 0.684146 0.502838 0.00201243
206 0.684146 0.508786 0.00204027
207 0.684146 0.515221 0.00207187
208 0.684146 0.507476 0.0020618
209 0.684146 0.50758 0.0018058
210 0.684146 0.509661 0.00183635
211 0.684146 0.509857 0.00222618
212 0.684146 0.508212 0.0019272
213 0.684146 0.508672 0.0020114
214 0.684146 0.50898 0.0020454
215 0.684146 0.502854 0.00204195
216 0.684146 0.512206 0.00212101
217 0.684146 0.510315 0.00196063
218 0.684146 0.502266 0.00181708
219 0.684146 0.513483 0.00213003
220 0.684146 0.508821 0.00216889
221 0.684146 0.50997 0.00226226
222 0.684146 0.50753 0.00178294
223 0.684146 0.50446 0.001914
224 0.684146 0.505425 0.00184322
225 0.684146 0.50753 0.00208647
226 0.684146 0.508187 0.00185406
227 0.684146 0.506807 0.00201119
228 0.684146 0.505399 0.00187808
229 0.684146 0.504839 0.00205248
230 0.684146 0.500503 0.00177909
231 0.684146 0.505546 0.00160162
232 0.684146 0.504382 0.00189426
233 0.684146 0.500726 0.00197947
234 0.684146 0.506857 0.00185726
235 0.684146 0.507964 0.00188216
236 0.684146 0.505233 0.00164921
237 0.684146 0.507147 0.00201413
238 0.684146 0.505241 0.00158176
239 0.684146 0.509581 0.00209319
240 0.684146 0.504831 0.00174002
241 0.684146 0.506955 0.00165358
242 0.684146 0.507385 0.00199386
243 0.684146 0.507306 0.00183457
244 0.684146 0.504586 0.00185255
245 0.684146 0.503657 0.00194878
246 0.684146 0.502614 0.00172991
247 0.684146 0.50622 0.00163583
248 0.684146 0.504851 0.00190063
249 0.684146 0.507671 0.0019755
250 0.684146 0.509439 0.00183074
251 0.684146 0.507633 0.00161996
252 0.684146 0.511985 0.00203597
253 0.684146 0.505786 0.00191416
254 0.684146 0.506895 0.00170059
255 0.684146 0.510264 0.0018718
256 0.684146 0.508993 0.00183453
257 0.684146 0.506121 0.00194311
258 0.684146 0.509514 0.00172089
259 0.684146 0.507003 0.00170941
260 0.684146 0.507533 0.00183335
261 0.684146 0.506117 0.00177129
262 0.684146 0.513846 0.00188297
263 0.684146 0.511166 0.00185791
264 0.684146 0.505894 0.00186574
265 0.684146 0.506478 0.00182506
266 0.684146 0.507994 0.00150936
267 0.684146 0.504658 0.00158562
268 0.684146 0.507192 0.00189244
269 0.684146 0.507938 0.00169898
270 0.684146 0.50351 0.00186795
271 0.684146 0.507127 0.00180227
272 0.684146 0.507864 0.00181534
273 0.684146 0.506225 0.00189886
274 0.684146 0.506085 0.00206044
275 0.684146 0.506401 0.00182711
276 0.684146 0.509435 0.00170729
277 0.684146 0.50424 0.00188705
278 0.684146 0.50948 0.00199005
279 0.684146 0.506234 0.00191827
280 0.684146 0.506297 0.00165839
281 0.684146 0.503759 0.00173842
282 0.684146 0.507308 0.00155977
283 0.684146 0.510441 0.00176988
284 0.684146 0.50868 0.0016343
285 0.684146 0.506454 0.0017901
286 0.684146 0.506033 0.00218058
287 0.684146 0.502923 0.00220842
288 0.684146 0.509789 0.00190909
289 0.684146 0.508805 0.00183999
290 0.684146 0.50956 0.00191328
291 0.684146 0.504539 0.00170772
292 0.684146 0.505226 0.00188864
293 0.684146 0.508195 0.00214137
294 0.684146 0.508709 0.00174674
295 0.684146 0.508158 0.00178453
296 0.684146 0.507257 0.00166279
297 0.684146 0.50725 0.00176614
298 0.684146 0.506121 0.00184025
299 0.684146 0.507081 0.00166169
300 0.684146 0.507837 0.00169139
301 0.684146 0.505184 0.00147209
302 0.684146 0.507244 0.00156437
303 0.684146 0.505212 0.00203829
304 0.684146 0.506016 0.0016284
305 0.686153 0.509368 0.00213308
306 0.686153 0.50321 0.00218048
307 0.686153 0.506627 0.0019491
308 0.686153 0.505937 0.00213175
309 0.686153 0.509249 0.001916
310 0.686153 0.514764 0.00203325
311 0.686153 0.504655 0.00198121
312 0.686153 0.503959 0.00213969
313 0.686153 0.505044 0.00223477
314 0.686153 0.508681 0.00199608
315 0.686153 0.508992 0.00184252
316 0.686153 0.506369 0.00188422
317 0.686153 0.503133 0.00194847
318 0.686153 0.505721 0.00181333
319 0.686153 0.508723 0.00228115
320 0.686153 0.510603 0.0020562
321 0.686153 0.507431 0.00197887
322 0.686153 0.510083 0.00189631
323 0.686153 0.50346 0.00160879
324 0.686153 0.508066 0.00161673
325 0.686153 0.506264 0.00196364
326 0.686153 0.511381 0.00204214
327 0.686153 0.505364 0.00188195
328 0.686153 0.508734 0.00153441
329 0.686153 0.504688 0.00199604
330 0.686153 0.504906 0.00186296
331 0.686153 0.511774 0.0019784
332 0.686153 0.511056 0.00206255
333 0.686153 0.509488 0.00232713
334 0.686153 0.509726 0.00185457
335 0.686153 0.503704 0.00208466
336 0.686153 0.511424 0.0021544
337 0.686153 0.507409 0.00236115
338 0.686153 0.508651 0.00211825
339 0.686153 0.515119 0.00228673
340 0.686153 0.505892 0.00176471
341 0.686153 0.508134 0.00233094
342 0.686153 0.50912 0.00198331
343 0.686153 0.508475 0.00218466
344 0.686153 0.508418 0.00165237
345 0.686153 0.512361 0.00261638
346 0.686153 0.505405 0.00273447
347 0.686153 0.50858 0.00182199
348 0.686153 0.508343 0.00255879
349 0.686153 0.513334 0.0023159
350 0.686153 0.507774 0.00226905
351 0.686153 0.508574 0.00226229
352 0.686153 0.512187 0.00223705
353 0.686153 0.510904 0.00191829
354 0.686153 0.506048 0.00237656
355 0.686153 0.506303 0.00220987
356 0.686153 0.507582 0.00228183
357 0.686153 0.503836 0.00182771
358 0.686153 0.505858 0.00240649
359 0.686153 0.504376 0.00197639
360 0.686153 0.509237 0.00222222
361 0.686153 0.507262 0.00195623
362 0.686153 0.506655 0.00186939
363 0.686153 0.507341 0.00188299
364 0.686153 0.509911 0.00178322
365 0.686153 0.506991 0.00196238
366 0.686153 0.506496 0.0019408
367 0.686153 0.511639 0.00181901
368 0.686153 0.510343 0.00211073
369 0.686153 0.511233 0.00217769
370 0.686153 0.511143 0.00207611
371 0.686153 0.510106 0.00185661
372 0.686153 0.506584 0.00230702
373 0.686153 0.507791 0.00179333
374 0.686153 0.508111 0.00192394
375 0.686153 0.505092 0.00198362
376 0.686153 0.509967 0.00185433
377 0.686153 0.510544 0.00193897
378 0.686153 0.51013 0.00200174
379 0.686153 0.505229 0.00216891
380 0.686153 0.508791 0.00256067
381 0.686153 0.506618 0.00207806
382 0.686153 0.504988 0.00216399
383 0.686153 0.511709 0.002181
384 0.686153 0.509417 0.00213358
385 0.686153 0.509624 0.00203877
386 0.686153 0.503541 0.00214753
387 0.686153 0.505243 0.00210603
388 0.686153 0.510164 0.00219469
389 0.686153 0.507562 0.00256546
390 0.686153 0.511889 0.00253719
391 0.686153 0.509899 0.00231607
392 0.686153 0.505581 0.00279663
393 0.686153 0.509015 0.00256184
394 0.686153 0.506264 0.00200595
395 0.686153 0.510725 0.00218888
396 0.686153 0.506612 0.00258334
397 0.686153 0.510365 0.00199446
398 0.686153 0.505148 0.00215714
399 0.686153 0.507129 0.00232826
400 0.686153 0.503918 0.00206351
401 0.686153 0.512469 0.00216079
402 0.686153 0.509854 0.00225399
403 0.686153 0.511841 0.00204476
404 0.686153 0.510569 0.00236113
405 0.686153 0.508366 0.00200738
406 0.686153 0.506279 0.0021412
407 0.686153 0.508416 0.002151
408 0.686153 0.509823 0.00192375
409 0.686153 0.50515 0.00197552
410 0.686153 0.508281 0.00201483
411 0.686153 0.505161 0.00188315
412 0.686153 0.507037 0.00198544
413 0.686153 0.508375 0.0020754
414 0.686153 0.512105 0.00202186
415 0.686153 0.501993 0.00225906
416 0.686153 0.506513 0.00232297
417 0.686153 0.507926 0.00228853
418 0.686153 0.511457 0.00196086
419 0.686153 0.502194 0.00215913
420 0.686153 0.506087 0.00172554
421 0.686153 0.504184 0.00209696
422 0.686153 0.505857 0.00191163
423 0.686153 0.507807 0.00185228
424 0.686153 0.502498 0.00208042
425 0.686153 0.506133 0.00234398
426 0.686153 0.50753 0.00210154
427 0.686153 0.505501 0.00174816
428 0.686153 0.505279 0.00241158
429 0.686153 0.504253 0.0018672
430 0.686153 0.510646 0.00190737
431 0.686153 0.510929 0.0024927
432 0.686153 0.508406 0.00229723
433 0.686153 0.503819 0.0022914
434 0.686153 0.513643 0.00231122
435 0.686153 0.506896 0.00183112
436 0.686153 0.505011 0.00206147
437 0.686153 0.504681 0.00232615
438 0.686153 0.501336 0.00230904
439 0.686153 0.51182 0.00194221
440 0.686153 0.510694 0.00187907
441 0.686153 0.504404 0.00207659
442 0.686153 0.50738 0.00197519
443 0.686153 0.509692 0.00219023
444 0.686153 0.505979 0.00191714
445 0.686153 0.50516 0.00208774
446 0.686153 0.508218 0.00188115
447 0.686153 0.505654 0.0020934
448 0.686153 0.506015 0.0021422
449 0.686153 0.507198 0.00180298
450 0.686153 0.508182 0.00191001
451 0.686153 0.510354 0.00215968
452 0.686153 0.506374 0.00199389
453 0.686153 0.507806 0.00222366
454 0.686153 0.512422 0.00241712
455 0.686153 0.514679 0.00196712
456 0.686153 0.508476 0.00231109
457 0.686153 0.505326 0.00186573
458 0.686153 0.502635 0.00231261
459 0.686153 0.509265 0.00197798
460 0.686153 0.510853 0.00222152
461 0.686153 0.512416 0.00209833
462 0.686153 0.511312 0.00211301
463 0.686153 0.50941 0.00222229
464 0.686153 0.512057 0.00204534
465 0.686153 0.517181 0.00222992
466 0.686153 0.509289 0.00197785
467 0.686153 0.503994 0.00225729
468 0.686153 0.507718 0.00226373
469 0.686153 0.510434 0.0023871
470 0.686153 0.506209 0.00243422
471 0.686153 0.505283 0.00215399
472 0.686153 0.510312 0.00243514
473 0.686153 0.506844 0.00243858
474 0.686153 0.512758 0.00224626
475 0.686153 0.503319 0.00269079
476 0.686153 0.507679 0.00210958
477 0.686153 0.510199 0.00207106
478 0.686153 0.504389 0.00192909
479 0.686153 0.507656 0.00231958
480 0.686153 0.505404 0.00203659
481 0.686153 0.506107 0.0018471
482 0.686153 0.507965 0.00213069
483 0.686153 0.510078 0.00226092
484 0.686153 0.507623 0.00228552
485 0.686153 0.509235 0.00249981
486 0.686153 0.50603 0.00195766
487 0.686153 0.51292 0.00237637
488 0.686153 0.506165 0.0020846
489 0.686153 0.501238 0.00237732
490 0.686153 0.505765 0.00246032
491 0.686153 0.506572 0.00252735
492 0.686153 0.507199 0.00210954
493 0.686153 0.505289 0.00242852
494 0.686153 0.511624 0.00256235
495 0.686153 0.509205 0.0017403
496 0.686153 0.511981 0.00254988
497 0.686153 0.5085 0.00272272
498 0.686153 0.508757 0.00233378
499 0.686153 0.508343 0.00217592
500 0.686153 0.508136 0.00225044
501 0.686153 0.509618 0.00201128
502 0.686153 0.504376 0.00223923
503 0.686153 0.50644 0.00203893
504 0.686153 0.500654 0.00216252
505 0.686153 0.503852 0.00204578
506 0.686153 0.504947 0.00206388
507 0.686153 0.506074 0.00178614
508 0.686153 0.507298 0.00216119
509 0.686153 0.51406 0.00211148
510 0.686153 0.510946 0.00251531
511 0.686913 0.505911 0.00241777
512 0.686913 0.507926 0.0021766
513 0.686913 0.510362 0.00236675
514 0.686913 0.506622 0.00233394
515 0.686913 0.507579 0.00234149
516 0.686913 0.502744 0.00218504
517 0.686913 0.510717 0.0024635
518 0.686913 0.509831 0.00191734
519 0.686913 0.507189 0.00229282
520 0.686913 0.507122 0.00197354
521 0.686913 0.505791 0.00209656
522 0.686913 0.507681 0.00217157
523 0.686913 0.512475 0.00208122
524 0.686913 0.507245 0.00212018
525 0.686913 0.505182 0.00264207
526 0.686913 0.506714 0.00220294
527 0.686913 0.510651 0.00196895
528 0.686913 0.50388 0.00226757
529 0.686913 0.503927 0.001904
530 0.686913 0.504831 0.0021517
531 0.686913 0.510208 0.00209143
532 0.686913 0.507077 0.00243598
533 0.686913 0.505081 0.00222174
534 0.686913 0.509152 0.00216287
535 0.686913 0.506599 0.00222749
536 0.686913 0.507295 0.00203878
537 0.686913 0.507809 0.00212621
538 0.686913 0.510625 0.00241088
539 0.686913 0.505092 0.00213716
540 0.686913 0.507491 0.00203696
541 0.686913 0.506599 0.00189425
542 0.686913 0.506656 0.00211964
543 0.686913 0.512987 0.00235681
544 0.686913 0.513915 0.00239297
545 0.686913 0.508686 0.002194
546 0.686913 0.507718 0.00197204
547 0.686913 0.502905 0.00207153
548 0.686913 0.508118 0.00185823
549 0.686913 0.511593 0.00198354
550 0.686913 0.505015 0.00245356
551 0.686913 0.510826 0.0019354
552 0.686913 0.514577 0.00203116
553 0.686913 0.508506 0.0020106
554 0.686913 0.50821 0.00202823
555 0.686913 0.509524 0.00208679
556 0.686913 0.512292 0.00240211
557 0.686913 0.507006 0.00198465
558 0.686913 0.504333 0.00225478
559 0.686913 0.504641 0.00230157
560 0.686913 0.509679 0.00199826
561 0.686913 0.508258 0.00194333
562 0.686913 0.511165 0.00208373
563 0.686913 0.506577 0.00222398
564 0.686913 0.511821 0.00221938
565 0.686913 0.50612 0.00208571
566 0.686913 0.505423 0.00231645
567 0.686913 0.506815 0.00224013
568 0.686913 0.507675 0.00252782
569 0.686913 0.517265 0.00236337
570 0.686913 0.510165 0.00203755
571 0.686913 0.506585 0.00271545
572 0.686913 0.508197 0.00212968
573 0.686913 0.512322 0.0021866
574 0.686913 0.507155 0.00206577
575 0.686913 0.50699 0.00214767
576 0.686913 0.50777 0.00246071
577 0.686913 0.512433 0.00238732
578 0.686913 0.507969 0.00219908
579 0.686913 0.51195 0.00210031
580 0.686913 0.511658 0.00224709
581 0.686913 0.508977 0.00216999
582 0.686913 0.511147 0.00215198
583 0.686913 0.510083 0.00200924
584 0.686913 0.507763 0.00212963
585 0.686913 0.507703 0.00184302
586 0.686913 0.508863 0.00225204
587 0.686913 0.507286 0.00226439
588 0.686913 0.504989 0.00274494
589 0.686913 0.504715 0.00233086
590 0.686913 0.503053 0.00187226
591 0.686913 0.503137 0.00187439
592 0.686913 0.509176 0.00208466
593 0.686913 0.503879 0.00180513
594 0.686913 0.510509 0.0019458
595 0.686913 0.506846 0.00195384
596 0.686913 0.512517 0.00188773
597 0.686913 0.506801 0.00207729
598 0.686913 0.509838 0.00219213
599 0.686913 0.509654 0.00196425
600 0.686913 0.511266 0.00193458
601 0.686913 0.514284 0.00182247
602 0.686913 0.508037 0.00209957
603 0.686913 0.510001 0.00220994
604 0.686913 0.51343 0.0022863
605 0.686913 0.508504 0.00211873
606 0.686913 0.503131 0.00198949
607 0.686913 0.508784 0.0017571
608 0.686913 0.511966 0.00204151
609 0.686913 0.511187 0.00217798
610 0.686913 0.510044 0.00207414
611 0.686913 0.505378 0.00158501
612 0.686913 0.508136 0.00199626
613 0.686913 0.509401 0.0017476
614 0.686913 0.510354 0.00167501
615 0.686913 0.508803 0.00185532
616 0.686913 0.511851 0.00199649
617 0.686913 0.507543 0.00183931
618 0.686913 0.507932 0.00188639
619 0.686913 0.50419 0.00201308
620 0.686913 0.507954 0.00217892
621 0.686913 0.508684 0.00213342
622 0.686913 0.508677 0.00218038
623 0.686913 0.511341 0.00197817
624 0.686913 0.503285 0.00196594
625 0.686913 0.509564 0.00179976
626 0.686913 0.509033 0.00216251
627 0.686913 0.509357 0.0022055
628 0.686913 0.508071 0.00207562
629 0.686913 0.512595 0.00204662
630 0.686913 0.511717 0.00210268
631 0.686913 0.511553 0.00234843
632 0.686913 0.508565 0.0019298
633 0.686913 0.511111 0.00190406
634 0.686913 0.509527 0.00230432
635 0.686913 0.506417 0.00194723
636 0.686913 0.506689 0.00211894
637 0.686913 0.51022 0.00203381
638 0.686913 0.509179 0.00205606
639 0.686913 0.508627 0.00217026
640 0.686913 0.508382 0.00217726
641 0.707304 0.508438 0.00263814
642 0.707304 0.508106 0.00256251
643 0.707304 0.512888 0.00263534
644 0.707304 0.501336 0.00282604
645 0.707304 0.504714 0.00229841
646 0.707304 0.510776 0.00222543
647 0.707304 0.50768 0.00206179
648 0.707304 0.505116 0.00200424
649 0.707304 0.509055 0.00214834
650 0.707304 0.509649 0.00233841
651 0.707304 0.510103 0.00185104
652 0.707304 0.50633 0.00211039
653 0.707304 0.507966 0.00174542
654 0.707304 0.508064 0.00204136
655 0.707304 0.509271 0.00200672
656 0.707304 0.507992 0.00188183
657 0.707304 0.509296 0.00199312
658 0.707304 0.508244 0.00234662
659 0.707304 0.513912 0.00221614
660 0.707304 0.507885 0.00179018
661 0.707304 0.509784 0.00209426
662 0.707304 0.512221 0.00216649
663 0.707304 0.512621 0.00195083
664 0.707304 0.50547 0.00249523
665 0.707304 0.505774 0.00192526
666 0.707304 0.506573 0.00213485
667 0.707304 0.510036 0.0018448
668 0.708378 0.512089 0.00237815
669 0.708378 0.509408 0.00246009
670 0.708378 0.508923 0.00273886
671 0.708378 0.509677 0.00236991
672 0.708378 0.508061 0.00227797
673 0.708378 0.510611 0.00241806
674 0.708378 0.515524 0.00256594
675 0.708378 0.512437 0.00208254
676 0.708378 0.508875 0.00223737
677 0.708378 0.507863 0.00216001
678 0.708378 0.511746 0.00228856
679 0.708378 0.509869 0.00225791
680 0.708378 0.51177 0.00225653
681 0.708378 0.510728 0.00230989
682 0.708378 0.510244 0.00250036
683 0.708378 0.511872 0.00226059
684 0.708378 0.513614 0.00244786
685 0.708378 0.508669 0.00202449
686 0.708378 0.505461 0.00210586
687 0.708378 0.510798 0.00214838
688 0.708378 0.512431 0.00228048
689 0.708378 0.510997 0.00252002
690 0.708378 0.509683 0.00218965
691 0.708378 0.507913 0.00212925
692 0.708378 0.509773 0.00212715
693 0.708378 0.51013 0.00254842
694 0.708378 0.508402 0.002782
695 0.708378 0.51036 0.00233794
696 0.708378 0.509796 0.0020772
697 0.708378 0.512029 0.00221073
698 0.708378 0.517477 0.00266049
699 0.708378 0.516829 0.00223947
700 0.708378 0.507853 0.00263061
701 0.708378 0.510258 0.00274269
702 0.708378 0.509575 0.00237449
703 0.708378 0.510513 0.00231254
704 0.708378 0.5096 0.00248472
705 0.708378 0.511756 0.00209245
706 0.708378 0.505822 0.00242309
707 0.708378 0.51348 0.00227863
708 0.708378 0.508392 0.00248248
709 0.708378 0.508714 0.00283106
710 0.708378 0.507694 0.00223476
711 0.708378 0.508293 0.00191382
712 0.708378 0.512553 0.00296847
713 0.708378 0.515667 0.00247949
714 0.708378 0.511125 0.00260867
715 0.708378 0.508855 0.00246236
716 0.708378 0.506415 0.00244998
717 0.708378 0.515337 0.00213723
718 0.708378 0.507496 0.00249897
719 0.708378 0.510439 0.00302876
720 0.708378 0.508917 0.00288732
721 0.708378 0.509762 0.00243986
722 0.708378 0.506571 0.00233481
723 0.708378 0.510039 0.00242548
724 0.708378 0.512901 0.00264321
725 0.708378 0.5127 0.00223311
726 0.708378 0.510227 0.00281789
727 0.708378 0.512625 0.00236017
728 0.708378 0.506782 0.00248577
729 0.708378 0.512268 0.00257355
730 0.708378 0.504198 0.00284837
731 0.708378 0.502469 0.00235356
732 0.708378 0.506344 0.00239617
733 0.708378 0.509768 0.00269457
734 0.708378 0.508753 0.002629
735 0.708378 0.508958 0.00237188
736 0.708378 0.514482 0.00250877
737 0.708378 0.51234 0.00292288
738 0.708378 0.509593 0.00251524
739 0.708378 0.503436 0.00242504
740 0.708378 0.507897 0.00215083
741 0.708378 0.504146 0.00269397
742 0.708378 0.509033 0.00268746
743 0.708378 0.513678 0.00233881
744 0.708378 0.511329 0.00253053
745 0.708378 0.512251 0.00249347
746 0.708378 0.509384 0.00245045
747 0.708378 0.509889 0.00239917
748 0.708378 0.505017 0.00233098
749 0.708378 0.511407 0.00243107
750 0.708378 0.510635 0.00301949
751 0.708378 0.51219 0.00264909
752 0.708378 0.509355 0.0031332
753 0.708378 0.50528 0.00266916
754 0.708378 0.510146 0.00235006
755 0.708378 0.510325 0.00245808
756 0.708378 0.50673 0.00224657
757 0.708378 0.510063 0.00226381
758 0.708378 0.514973 0.002482
759 0.708378 0.507525 0.00231027
760 0.708378 0.51225 0.00294452
761 0.708378 0.514726 0.00286518
762 0.708378 0.505496 0.00238247
763 0.708378 0.51207 0.00262628
764 0.708378 0.508924 0.00283397
765 0.708378 0.509689 0.00246612
766 0.708378 0.508825 0.00293658
767 0.708378 0.51091 0.00275311
768 0.708378 0.508545 0.00227864
769 0.708378 0.505903 0.00247305
770 0.708378 0.508439 0.00268908
771 0.708378 0.508316 0.00234074
772 0.708378 0.513403 0.00234013
773 0.708378 0.510596 0.00233791
774 0.708378 0.511532 0.00244801
775 0.708378 0.512193 0.00253259
776 0.708378 0.512074 0.00264719
777 0.708378 0.509265 0.00292692
778 0.708378 0.513199 0.0024245
779 0.708378 0.503222 0.00229204
780 0.708378 0.50977 0.00251544
781 0.708378 0.510406 0.00252681
782 0.708378 0.512507 0.00232822
783 0.708378 0.510359 0.00291548
784 0.708378 0.507872 0.00242362
785 0.708378 0.512579 0.00238571
786 0.708378 0.515061 0.00233371
787 0.708378 0.507316 0.00248678
788 0.708378 0.511056 0.00220986
789 0.708378 0.511605 0.00236698
790 0.708378 0.509932 0.00225578
791 0.708378 0.509411 0.00224919
792 0.708378 0.50958 0.00230303
793 0.708378 0.514481 0.00218074
794 0.708378 0.512282 0.00275173
795 0.708378 0.51358 0.0024949
796 0.708378 0.507023 0.00259568
797 0.708378 0.510868 0.00282335
798 0.708378 0.511544 0.00244742
799 0.708378 0.509341 0.00228657
800 0.708378 0.509093 0.00250732
801 0.708378 0.509242 0.00257022
802 0.708378 0.510287 0.00266568
803 0.708378 0.509681 0.00263699
804 0.708378 0.517648 0.0028544
805 0.708378 0.508623 0.00240437
806 0.708378 0.518612 0.00278915
807 0.708378 0.512607 0.0027688
808 0.708378 0.509678 0.00240856
809 0.708378 0.509139 0.00228972
810 0.708378 0.50907 0.00246796
811 0.708378 0.510058 0.00278617
812 0.708378 0.51097 0.00259136
813 0.708378 0.50704 0.00210547
814 0.708378 0.506157 0.00218442
815 0.708378 0.510648 0.00223301
816 0.708378 0.510877 0.00234592
817 0.708378 0.513103 0.00229743
818 0.708378 0.509518 0.00208805
819 0.708378 0.506833 0.00238794
820 0.708378 0.507047 0.00222307
821 0.708378 0.512811 0.00218552
822 0.708378 0.514302 0.0024651
823 0.708378 0.513837 0.00272297
824 0.708378 0.509598 0.00266538
825 0.708378 0.50892 0.00239977
826 0.708378 0.510498 0.0023864
827 0.708378 0.509098 0.00233774
828 0.708378 0.507814 0.00232327
829 0.708378 0.514567 0.00293745
830 0.708378 0.514818 0.00262797
831 0.708378 0.513376 0.00237483
832 0.708378 0.506564 0.00231824
833 0.708378 0.506777 0.00289614
834 0.708378 0.51351 0.00250296
835 0.708378 0.514779 0.00274614
836 0.708378 0.514394 0.00270587
837 0.708378 0.512712 0.0026896
838 0.708378 0.51309 0.00259033
839 0.708378 0.514169 0.00231474
840 0.708378 0.508632 0.00257889
841 0.708378 0.508733 0.00236879
842 0.708378 0.504025 0.00279552
843 0.708378 0.506418 0.0024005
844 0.708378 0.508911 0.0025361
845 0.708378 0.511591 0.00290955
846 0.708378 0.506748 0.0024576
847 0.708378 0.509071 0.00248756
848 0.708378 0.507052 0.0022906
849 0.708378 0.504422 0.0024654
850 0.708378 0.510852 0.00287569
851 0.708378 0.514093 0.00249047
852 0.708378 0.50826 0.00250745
853 0.708378 0.511013 0.00260601
854 0.708378 0.512808 0.00304001
855 0.708378 0.506452 0.00264457
856 0.708378 0.508585 0.00294408
857 0.708378 0.504039 0.00306367
858 0.708378 0.509369 0.00307805
859 0.708378 0.507748 0.00285496
860 0.708378 0.514299 0.00241572
861 0.708378 0.506947 0.00248344
862 0.708378 0.508695 0.00242767
863 0.708378 0.50723 0.0024771
864 0.708378 0.507945 0.00260169
865 0.708378 0.509726 0.00272916
866 0.708378 0.510782 0.00250959
867 0.708378 0.508373 0.00231132
868 0.708378 0.503969 0.0025478
869 0.708378 0.512886 0.00280515
870 0.708378 0.509737 0.00257123
871 0.732258 0.509741 0.00285683
872 0.732258 0.515519 0.00301402
873 0.732258 0.510774 0.00287152
874 0.732258 0.513365 0.00289298
875 0.732258 0.506692 0.00246623
876 0.732258 0.50741 0.00287033
877 0.732258 0.5092 0.00262054
878 0.732258 0.507141 0.00283187
879 0.732258 0.509622 0.00258991
880 0.732258 0.509327 0.00276554
881 0.732258 0.50744 0.00313287
882 0.732258 0.515936 0.00266851
883 0.732258 0.510227 0.00282992
884 0.732258 0.511933 0.00262348
885 0.732258 0.5139 0.00250426
886 0.732258 0.507377 0.00271979
887 0.732258 0.508703 0.00303698
888 0.732258 0.512417 0.00281323
889 0.732258 0.511465 0.00260779
890 0.732258 0.511092 0.00265267
891 0.732258 0.512435 0.00293967
892 0.732258 0.513852 0.00268856
893 0.732258 0.515154 0.00273851
894 0.732258 0.512292 0.0027634
895 0.732258 0.510968 0.00235781
896 0.732258 0.512472 0.00272256
897 0.732258 0.506348 0.00284103
898 0.732258 0.506859 0.00261837
899 0.732258 0.511815 0.00274809
900 0.732258 0.505864 0.00244487
901 0.732258 0.514507 0.00253903
902 0.732258 0.509553 0.00298639
903 0.732258 0.515544 0.00294652
904 0.732258 0.511423 0.00249167
905 0.732258 0.50729 0.00264347
906 0.732258 0.510955 0.00265089
907 0.732258 0.511682 0.00257654
908 0.732258 0.511609 0.00291818
909 0.732258 0.513499 0.00330771
910 0.732258 0.511637 0.00259241
911 0.732258 0.510381 0.00239413
912 0.732258 0.512057 0.00225868
913 0.732258 0.510928 0.00237399
914 0.732258 0.509903 0.00238618
915 0.732258 0.512445 0.00243821
916 0.732258 0.509722 0.00254413
917 0.732258 0.51006 0.00262846
918 0.732258 0.513481 0.00264711
919 0.732258 0.513967 0.00228144
920 0.732258 0.515021 0.00304374
921 0.732258 0.51175 0.00289463
922 0.732258 0.51145 0.00268753
923 0.732258 0.513082 0.00258674
924 0.732258 0.506928 0.0024109
925 0.732258 0.51387 0.00258361
926 0.732258 0.51468 0.00283039
927 0.732258 0.516 0.00241594
928 0.732258 0.51133 0.0025113
929 0.732258 0.511245 0.0026189
930 0.732258 0.515773 0.00269917
931 0.732258 0.513148 0.00272941
932 0.732258 0.505641 0.00259797
933 0.732258 0.508519 0.00253564
934 0.732258 0.515455 0.00254846
935 0.732258 0.513021 0.00296801
936 0.732258 0.510935 0.00272619
937 0.732258 0.513623 0.0027159
938 0.732258 0.508111 0.00300126
939 0.732258 0.50709 0.00244154
940 0.732258 0.507464 0.00228998
941 0.732258 0.507844 0.00240057
942 0.732258 0.508513 0.00233551
943 0.732258 0.508267 0.0024212
944 0.732258 0.508884 0.00275481
945 0.732258 0.511328 0.00277019
946 0.732258 0.505231 0.00249229
947 0.732258 0.510444 0.00220993
948 0.732258 0.506975 0.00272044
949 0.732258 0.507452 0.00244525
950 0.732258 0.509679 0.00261777
951 0.732258 0.510609 0.00260753
952 0.732258 0.507143 0.00272002
953 0.732258 0.510466 0.00258296
954 0.732258 0.509905 0.00285668
955 0.732258 0.504785 0.00237192
956 0.732258 0.505884 0.00329299
957 0.732258 0.51227 0.00289244
958 0.732258 0.508984 0.0026429
959 0.732258 0.511107 0.00231841
960 0.732258 0.501731 0.00259851
961 0.732258 0.505794 0.00269931
962 0.732258 0.513196 0.0023545
963 0.732258 0.506196 0.00247829
964 0.732258 0.51412 0.0026215
965 0.732258 0.514992 0.00251732
966 0.732258 0.508446 0.00259758
967 0.732258 0.50758 0.00264126
968 0.732258 0.509695 0.00255135
969 0.732258 0.512806 0.0024658
970 0.732258 0.510699 0.00278619
971 0.732258 0.5081 0.00267975
972 0.732258 0.510267 0.00245869
973 0.732258 0.505344 0.00273564
974 0.732258 0.512985 0.00254855
975 0.732258 0.511005 0.00240484
976 0.732258 0.507866 0.00294167
977 0.732258 0.514408 0.00253228
978 0.732258 0.513975 0.00228052
979 0.732258 0.511696 0.00243843
980 0.732258 0.508106 0.00254968
981 0.732258 0.509675 0.00259477
982 0.732258 0.50975 0.00230903
983 0.732258 0.506369 0.00257759
984 0.732258 0.506522 0.0026828
985 0.732258 0.511802 0.00256285
986 0.732258 0.505847 0.00272918
987 0.732258 0.512086 0.00223828
988 0.732258 0.511828 0.00244304
989 0.732258 0.515887 0.00279975
990 0.732258 0.510341 0.0025324
991 0.732258 0.510523 0.00274528
992 0.732258 0.508217 0.00248959
993 0.732258 0.510019 0.00248609
994 0.732258 0.507745 0.00273315
995 0.732258 0.508349 0.00270365
996 0.732258 0.507751 0.0027937
997 0.732258 0.509236 0.00303112
998 0.732258 0.511693 0.00227171
999 0.732258 0.509729 0.00254196
1000 0.732258 0.509438 0.00294841
1001 0.732258 0.508841 0.00276881
1002 0.732258 0.509414 0.00227513
1003 0.732258 0.514229 0.00281589
1004 0.732258 0.507286 0.00251726
1005 0.732258 0.509469 0.00267337
1006 0.732258 0.506921 0.00262145
1007 0.732258 0.506878 0.00215198
1008 0.732258 0.51112 0.00249613
1009 0.732258 0.51389 0.00277858
1010 0.732258 0.511411 0.00233083
1011 0.732258 0.509472 0.00287983
1012 0.732258 0.511001 0.00255015
1013 0.732258 0.508717 0.00282364
1014 0.732258 0.509635 0.00221594
1015 0.732258 0.511719 0.00267458
1016 0.732258 0.517963 0.00246326
1017 0.732258 0.510931 0.00266207
1018 0.732258 0.511696 0.00246229
1019 0.732258 0.515187 0.0026188
1020 0.732258 0.507997 0.00239498
1021 0.732258 0.509469 0.0023495
1022 0.732258 0.506506 0.00263843
1023 0.732258 0.510111 0.00218009
1024 0.732258 0.509205 0.00225295
1025 0.732258 0.514748 0.0020946
1026 0.732258 0.504485 0.00226202
1027 0.732258 0.508049 0.00263181
1028 0.732258 0.509261 0.00230926
1029 0.732258 0.511006 0.00255082
1030 0.732258 0.512283 0.00242843
1031 0.732258 0.509586 0.00216844
1032 0.732258 0.512833 0.0025697
1033 0.732258 0.511951 0.00256635
1034 0.732258 0.510577 0.00249228
1035 0.732258 0.516058 0.00251692
1036 0.732258 0.512258 0.00267269
1037 0.732258 0.512199 0.00236647
1038 0.732258 0.510421 0.00233528
1039 0.732258 0.512028 0.00240974
1040 0.732258 0.508714 0.00233072
1041 0.732258 0.510275 0.00239834
1042 0.732258 0.510182 0.00255165
1043 0.732258 0.506169 0.00248532
1044 0.732258 0.514981 0.00233695
1045 0.732258 0.508742 0.0024917
1046 0.732258 0.507883 0.00228949
1047 0.732258 0.508074 0.00238517
1048 0.732258 0.510725 0.00253493
1049 0.732258 0.51159 0.00240137
1050 0.732258 0.510255 0.00224982
1051 0.732258 0.506298 0.00210133
1052 0.732258 0.508305 0.00281263
1053 0.732258 0.50735 0.00263672
1054 0.732258 0.510015 0.00238208
1055 0.732258 0.507944 0.00227121
1056 0.732258 0.510272 0.00253315
1057 0.732258 0.505657 0.00235719
1058 0.732258 0.505278 0.00240161
1059 0.732258 0.507915 0.00228532
1060 0.732258 0.506789 0.00231232
1061 0.732258 0.510595 0.0022937
1062 0.732258 0.514217 0.00246523
1063 0.732258 0.506339 0.0023006
1064 0.732258 0.515445 0.00257074
1065 0.732258 0.510329 0.00244944
1066 0.732258 0.511138 0.00251433
1067 0.732258 0.50612 0.00281492
1068 0.732258 0.515791 0.00314618
1069 0.732258 0.511654 0.00279083
1070 0.732258 0.512474 0.00266676
1071 0.732258 0.515139 0.00259705
1072 0.732258 0.51012 0.0024088
1073 0.732258 0.506082 0.00299601
1074 0.732258 0.507268 0.00246519
1075 0.732258 0.507842 0.00234476
1076 0.732258 0.509274 0.00263902
1077 0.732258 0.510675 0.00257651
1078 0.732258 0.510139 0.00255374
1079 0.732258 0.508551 0.00274538
1080 0.732258 0.504371 0.0026019
1081 0.732258 0.505053 0.00272933
1082 0.732258 0.516192 0.00310633
1083 0.732258 0.50966 0.00286895
1084 0.732258 0.514214 0.00271261
1085 0.732258 0.51222 0.00277062
1086 0.732258 0.508406 0.00290917
1087 0.732258 0.510149 0.00237499
1088 0.732258 0.507441 0.00276518
1089 0.732258 0.512845 0.0025372
1090 0.732258 0.513034 0.00319851
1091 0.732258 0.513009 0.00260774
1092 0.732258 0.512122 0.00254476
1093 0.732258 0.507806 0.00240952
1094 0.732258 0.508079 0.00239555
1095 0.732258 0.506463 0.0023472
1096 0.732258 0.515573 0.00247606
1097 0.732258 0.510347 0.0024817
1098 0.732258 0.514297 0.00265217
1099 0.732258 0.513399 0.00252945
1100 0.732258 0.511988 0.00257846
1101 0.732258 0.509245 0.00276947
1102 0.732258 0.506488 0.00284641
1103 0.732258 0.512407 0.0026887
1104 0.732258 0.508244 0.00264398
1105 0.732258 0.506762 0.00298406
1106 0.732258 0.514989 0.00288576
1107 0.732258 0.508968 0.00271464
1108 0.732258 0.509329 0.00219167
1109 0.732258 0.505723 0.00253284
1110 0.732258 0.511722 0.00239301
1111 0.732258 0.507141 0.00238156
1112 0.732258 0.507227 0.00270379
1113 0.732258 0.50703 0.00288504
1114 0.732258 0.506037 0.002716
1115 0.732258 0.506333 0.00247801
1116 0.732258 0.506837 0.00280629
1117 0.732258 0.50902 0.00258557
1118 0.732258 0.513286 0.00291976
1119 0.732258 0.514463 0.00276392
1120 0.732258 0.507393 0.00277124
1121 0.732258 0.512709 0.00276797
1122 0.732258 0.507777 0.00281774
1123 0.732258 0.513625 0.00291297
1124 0.732258 0.512968 0.00229346
1125 0.732258 0.513158 0.00282889
1126 0.732258 0.513392 0.0026785
1127 0.732258 0.512386 0.00269663
1128 0.732258 0.514033 0.00258162
1129 0.732258 0.509123 0.00215139
1130 0.732258 0.506895 0.00270407
1131 0.732258 0.513777 0.00257473
1132 0.732258 0.516747 0.00268294
1133 0.732258 0.509595 0.00282037
1134 0.732258 0.512657 0.00255924
1135 0.732258 0.51257 0.00256446
1136 0.732258 0.503415 0.00271302
1137 0.732258 0.506781 0.00257537
1138 0.732258 0.508828 0.00285583
1139 0.732258 0.50564 0.00255141
1140 0.732258 0.514033 0.00259131
1141 0.732258 0.510723 0.00273869
1142 0.732258 0.506322 0.00313331
1143 0.732258 0.508001 0.00244427
1144 0.732258 0.516083 0.00253461
1145 0.732258 0.510325 0.00241952
1146 0.732258 0.50428 0.0023388
1147 0.732258 0.503019 0.00240841
1148 0.732258 0.511501 0.00289827
1149 0.732258 0.503267 0.00247539
1150 0.732258 0.504147 0.00271632
1151 0.732258 0.509908 0.00251644
1152 0.732258 0.507078 0.00267248
1153 0.732258 0.510013 0.00268023
1154 0.732258 0.509377 0.00242091
1155 0.732258 0.504977 0.00247638
1156 0.732258 0.508989 0.00234788
1157 0.732258 0.513354 0.00273357
1158 0.732258 0.507841 0.00266375
1159 0.732258 0.511174 0.00262646
1160 0.732258 0.509403 0.00259039
1161 0.732258 0.508306 0.00231759
1162 0.732258 0.507321 0.0022205
1163 0.732258 0.511506 0.00231793
1164 0.732258 0.509985 0.00265378
1165 0.732258 0.511782 0.00203459
1166 0.732258 0.511629 0.00221854
1167 0.732258 0.511729 0.00228511
1168 0.732258 0.509698 0.00260906
1169 0.732258 0.510875 0.0026965
1170 0.732258 0.513714 0.00218493
1171 0.732258 0.513136 0.00235164
1172 0.732258 0.512506 0.00251218
1173 0.732258 0.509122 0.00229323
1174 0.732258 0.510083 0.00219762
1175 0.732258 0.509853 0.00251315
1176 0.732258 0.504507 0.00261833
1177 0.732258 0.514449 0.00248573
1178 0.732258 0.512835 0.0027875
1179 0.732258 0.512757 0.00282332
1180 0.732258 0.514064 0.00247753
1181 0.732258 0.509277 0.00228691
1182 0.732258 0.508975 0.00240469
1183 0.732258 0.507513 0.00259561
1184 0.732258 0.509105 0.00236714
1185 0.732258 0.507927 0.00217743
1186 0.732258 0.510487 0.00228057
1187 0.732258 0.506428 0.00262886
1188 0.732258 0.509529 0.00270514
1189 0.732258 0.511171 0.00259024
1190 0.732258 0.50595 0.00267685
1191 0.732258 0.509845 0.00242021
1192 0.732258 0.509348 0.00261681
1193 0.732258 0.511298 0.00268836
1194 0.732258 0.511144 0.00228267
1195 0.732258 0.509964 0.00255262
1196 0.732258 0.509258 0.00236641
1197 0.732258 0.511566 0.00257526
1198 0.732258 0.508519 0.00222733
1199 0.732258 0.509704 0.00248291
1200 0.732258 0.508559 0.00256789
1201 0.732258 0.506591 0.00262193
1202 0.732258 0.507565 0.00238772
1203 0.732258 0.508059 0.00236246
1204 0.732258 0.50909 0.00233736
1205 0.732258 0.510688 0.0026516
1206 0.732258 0.511935 0.00270045
1207 0.732258 0.513969 0.00269273
1208 0.732258 0.508025 0.00252676
1209 0.732258 0.507519 0.0024952
1210 0.732258 0.511644 0.00294224
1211 0.732258 0.507331 0.00252734
1212 0.732258 0.510994 0.00285081
1213 0.732258 0.506891 0.00259646
1214 0.732258 0.51537 0.00281444
1215 0.732258 0.509882 0.00243419
1216 0.732258 0.512355 0.00240703
1217 0.732258 0.509694 0.00245095
1218 0.732258 0.510949 0.00254427
1219 0.732258 0.509519 0.00253224
1220 0.732258 0.508912 0.00263641
1221 0.732258 0.505834 0.00247452
1222 0.732258 0.511356 0.00248005
1223 0.732258 0.513023 0.00254907
1224 0.732258 0.515757 0.00293231
1225 0.732258 0.514724 0.00256865
1226 0.732258 0.512238 0.00236869
1227 0.732258 0.509369 0.00233853
1228 0.732258 0.506675 0.00239785
1229 0.732258 0.508956 0.00231921
1230 0.732258 0.511395 0.00207
1231 0.732258 0.507954 0.00228595
1232 0.732258 0.511031 0.00249371
1233 0.732258 0.507321 0.00242141
1234 0.732258 0.510425 0.0024037
1235 0.732258 0.506624 0.00263631
1236 0.732258 0.507746 0.00257383
1237 0.732258 0.511494 0.00268955
1238 0.732258 0.51046 0.00236965
1239 0.732258 0.509883 0.00264412
1240 0.732258 0.506417 0.00248093
1241 0.732258 0.512134 0.00249454
1242 0.732258 0.509228 0.00245418
1243 0.732258 0.508174 0.00261004
1244 0.732258 0.5077 0.00280853
1245 0.732258 0.51189 0.00257067
1246 0.732258 0.510673 0.00270887
1247 0.732258 0.516299 0.0026451
1248 0.732258 0.504882 0.0024042
1249 0.732258 0.512787 0.00280291
1250 0.732258 0.51048 0.00276312
1251 0.732258 0.510395 0.00261101
1252 0.732258 0.512354 0.00261212
1253 0.732258 0.513435 0.00259491
1254 0.732258 0.512455 0.00269443
1255 0.732258 0.507896 0.0025896
1256 0.732258 0.509383 0.00266151
1257 0.732258 0.508053 0.00234008
1258 0.732258 0.512164 0.00235346
1259 0.732258 0.511947 0.00245557
1260 0.732258 0.510506 0.00222985
1261 0.732258 0.508897 0.00234571
1262 0.732258 0.510852 0.00257375
1263 0.732258 0.514133 0.00291789
1264 0.732258 0.507456 0.0021663
1265 0.732258 0.507813 0.00255813
1266 0.732258 0.51032 0.00252453
1267 0.732258 0.513694 0.00282044
1268 0.732258 0.508634 0.00244278
1269 0.732258 0.507173 0.00275161
1270 0.732258 0.505976 0.00255409
1271 0.732258 0.507469 0.0026608
1272 0.732258 0.511591 0.0024341
1273 0.732258 0.506441 0.00297099
1274 0.732258 0.510904 0.00273918
1275 0.732258 0.508707 0.00255514
1276 0.732258 0.509499 0.0024134
1277 0.732258 0.510131 0.00262524
1278 0.732258 0.509057 0.00255511
1279 0.732258 0.506777 0.00227237
1280 0.732258 0.509696 0.00228766
1281 0.732258 0.509246 0.00250351
1282 0.732258 0.50721 0.00276748
1283 0.732258 0.508257 0.00253201
1284 0.732258 0.508233 0.00253869
1285 0.732258 0.506749 0.00273166
1286 0.732258 0.511044 0.00278435
1287 0.732258 0.512049 0.00244331
1288 0.732258 0.508251 0.00234353
1289 0.732258 0.510692 0.00274342
1290 0.732258 0.510891 0.00256431
1291 0.732258 0.507724 0.00267627
1292 0.732258 0.512055 0.00248764
1293 0.732258 0.510331 0.00279279
1294 0.732258 0.510292 0.00239088
1295 0.732258 0.50771 0.00225715
1296 0.732258 0.510321 0.00281396
1297 0.732258 0.510269 0.00238919
1298 0.732258 0.508727 0.0024961
1299 0.732258 0.510046 0.00298935
1300 0.732258 0.511925 0.00290174
1301 0.732258 0.515077 0.00274921
1302 0.732258 0.51208 0.00270247
1303 0.732258 0.512655 0.00310626
1304 0.732258 0.511248 0.00258559
1305 0.732258 0.508938 0.00253253
1306 0.732258 0.509599 0.00279866
1307 0.732258 0.509202 0.0026703
1308 0.732258 0.512116 0.00333609
1309 0.732258 0.510707 0.00265685
1310 0.732258 0.506598 0.00258839
1311 0.732258 0.51131 0.00279765
1312 0.732258 0.51079 0.00253498
1313 0.732258 0.507876 0.00247167
1314 0.732258 0.510657 0.00253177
1315 0.732258 0.504044 0.0024673
1316 0.732258 0.505778 0.00246195
1317 0.732258 0.512547 0.00257561
1318 0.732258 0.510706 0.00251495
1319 0.732258 0.509537 0.00253011
1320 0.732258 0.502885 0.00230573
1321 0.732258 0.504678 0.00241825
1322 0.732258 0.506894 0.00241726
1323 0.732258 0.510577 0.00265518
1324 0.732258 0.507478 0.00302476
1325 0.732258 0.506255 0.00286523
1326 0.732258 0.509594 0.00263139
1327 0.732258 0.508203 0.00230282
1328 0.732258 0.512664 0.00251783
1329 0.732258 0.510564 0.00284674
1330 0.732258 0.509599 0.0025106
1331 0.732258 0.514395 0.00263814
1332 0.732258 0.506906 0.00248396
1333 0.732258 0.514138 0.00271979
1334 0.732258 0.515606 0.00214412
1335 0.732258 0.506174 0.00282304
1336 0.732258 0.50788 0.00289843
1337 0.732258 0.515371 0.00252267
1338 0.732258 0.508789 0.00289799
1339 0.732258 0.508611 0.00235121
1340 0.732258 0.508892 0.00259903
1341 0.732258 0.50883 0.00243633
1342 0.732258 0.511311 0.00270059
1343 0.732258 0.509551 0.00226355
1344 0.732258 0.506555 0.00267877
1345 0.732258 0.507451 0.00248641
1346 0.732258 0.507861 0.0029316
1347 0.732258 0.512901 0.002468
1348 0.732258 0.505813 0.0025814
1349 0.732258 0.509908 0.00246983
1350 0.732258 0.504776 0.00249547
1351 0.732258 0.509903 0.00274348
1352 0.732258 0.511786 0.00281523
1353 0.732258 0.50975 0.00264279
1354 0.732258 0.509014 0.00272338
1355 0.732258 0.513156 0.00317119
1356 0.732258 0.516 0.00278165
1357 0.732258 0.508424 0.00289326
1358 0.732258 0.510428 0.00311035
1359 0.732258 0.510706 0.00274106
1360 0.732258 0.509981 0.00292832
1361 0.732258 0.510417 0.00287403
1362 0.732258 0.511048 0.00257839
1363 0.732258 0.511091 0.00259174
1364 0.732258 0.511078 0.00318478
1365 0.732258 0.512167 0.00291027
1366 0.732258 0.512563 0.00284877
1367 0.732258 0.50966 0.00323332
1368 0.732258 0.517089 0.00321903
1369 0.732258 0.509813 0.00283721
1370 0.732258 0.509852 0.00316256
1371 0.732258 0.505203 0.00289043
1372 0.732258 0.503569 0.00264846
1373 0.732258 0.509943 0.00264214
1374 0.732258 0.513639 0.00241856
1375 0.732258 0.506985 0.00255211
1376 0.732258 0.506768 0.00251674
1377 0.732258 0.510077 0.00244783
1378 0.732258 0.509645 0.00234961
1379 0.732258 0.509334 0.002347
1380 0.732258 0.513827 0.00265361
1381 0.732258 0.515369 0.00286145
1382 0.732258 0.507653 0.0028193
1383 0.732258 0.505295 0.00277996
1384 0.732258 0.510023 0.00309206
1385 0.732258 0.510505 0.00313429
1386 0.732258 0.508753 0.00278462
1387 0.732258 0.507075 0.00259142
1388 0.732258 0.503567 0.00246249
1389 0.732258 0.506048 0.00241587
1390 0.732258 0.508919 0.00247914
1391 0.732258 0.508169 0.0027757
1392 0.732258 0.51349 0.00264794
1393 0.732258 0.50951 0.00266575
1394 0.732258 0.511011 0.00253833
1395 0.732258 0.511718 0.0025497
1396 0.732258 0.510282 0.00231182
1397 0.732258 0.510434 0.00278832
1398 0.732258 0.509083 0.00226456
1399 0.732258 0.506547 0.00276669
1400 0.732258 0.507651 0.00246596
1401 0.732258 0.502915 0.00269938
1402 0.732258 0.508806 0.00231058
1403 0.732258 0.508143 0.00243471
1404 0.732258 0.509583 0.00245811
1405 0.732258 0.510501 0.00251617
1406 0.732258 0.50813 0.00251553
1407 0.732258 0.509257 0.00263346
1408 0.732258 0.504635 0.00243813
1409 0.732258 0.510071 0.00249459
1410 0.732258 0.50758 0.00271923
1411 0.732258 0.507283 0.00273816
1412 0.732258 0.513417 0.00290463
1413 0.732258 0.509048 0.0026602
1414 0.732258 0.510677 0.00270757
1415 0.732258 0.505889 0.00271106
1416 0.732258 0.503282 0.00289223
1417 0.732258 0.50832 0.00259728
1418 0.732258 0.510525 0.00235912
1419 0.732258 0.513851 0.00229473
1420 0.732258 0.50567 0.00269066
1421 0.732258 0.510137 0.00257482
1422 0.732258 0.516146 0.0025696
1423 0.732258 0.510549 0.00237304
1424 0.732258 0.508654 0.00249296
1425 0.732258 0.512091 0.00253536
1426 0.732258 0.507093 0.00235014
1427 0.732258 0.511726 0.00252356
1428 0.732258 0.507845 0.00255965
1429 0.732258 0.511998 0.00230831
1430 0.732258 0.506511 0.0024716
1431 0.732258 0.510519 0.00257884
1432 0.732258 0.510432 0.00270361
1433 0.732258 0.515496 0.00267988
1434 0.732258 0.505672 0.00247596
1435 0.732258 0.503357 0.00255593
1436 0.732258 0.509891 0.00253162
1437 0.732258 0.5138 0.00249228
1438 0.732258 0.512941 0.00262419
1439 0.732258 0.509781 0.00237472
1440 0.732258 0.510755 0.00262632
1441 0.732258 0.507505 0.00266834
1442 0.732258 0.507349 0.00258943
1443 0.732258 0.50597 0.0028538
1444 0.732258 0.509344 0.00302181
1445 0.732258 0.508781 0.00285717
1446 0.732258 0.513001 0.00286995
1447 0.732258 0.515629 0.00252772
1448 0.732258 0.512861 0.00265449
1449 0.732258 0.51429 0.00249955
1450 0.732258 0.509532 0.00263817
1451 0.732258 0.50552 0.00246025
1452 0.732258 0.50718 0.00259541
1453 0.732258 0.509509 0.00258958
1454 0.732258 0.512572 0.00243722
1455 0.732258 0.507906 0.00238408
1456 0.732258 0.508304 0.00245599
1457 0.732258 0.509713 0.00252489
1458 0.732258 0.511498 0.00255801
1459 0.732258 0.512679 0.00274483
1460 0.732258 0.510058 0.00298234
1461 0.732258 0.515132 0.00247579
1462 0.732258 0.507642 0.00243509
1463 0.732258 0.509566 0.00233773
1464 0.732258 0.510917 0.00271752
1465 0.732258 0.511889 0.00220872
1466 0.732258 0.504937 0.00257059
1467 0.732258 0.509117 0.00248355
1468 0.732258 0.513229 0.00311424
1469 0.732258 0.510067 0.00255052
1470 0.732258 0.511379 0.00272044
1471 0.732258 0.508142 0.00232686
1472 0.732258 0.508157 0.00265961
1473 0.732258 0.508003 0.00209093
1474 0.732258 0.513952 0.00249465
1475 0.732258 0.508031 0.00257446
1476 0.732258 0.512781 0.0024296
1477 0.732258 0.512023 0.00269852
1478 0.732258 0.514702 0.00321018
1479 0.732258 0.512622 0.00305073
1480 0.732258 0.505734 0.00262864
1481 0.732258 0.511575 0.00290954
1482 0.732258 0.506101 0.0023536
1483 0.732258 0.508841 0.00273726
1484 0.732258 0.51236 0.00263932
1485 0.732258 0.505904 0.00261259
1486 0.732258 0.506784 0.00247111
1487 0.732258 0.507426 0.00265408
1488 0.732258 0.511694 0.00263803
1489 0.732258 0.51016 0.00258236
1490 0.732258 0.510179 0.00221757
1491 0.732258 0.505918 0.00233223
1492 0.732258 0.515596 0.00248244
1493 0.732258 0.511706 0.00212929
1494 0.732258 0.508686 0.00221498
1495 0.732258 0.507697 0.0025641
1496 0.732258 0.511764 0.00240974
1497 0.732258 0.50654 0.00265357
1498 0.732258 0.508735 0.00272061
1499 0.732258 0.508137 0.00254944
1500 0.732258 0.507046 0.00267057
1501 0.732258 0.506337 0.00266643
1502 0.732258 0.506348 0.00253906
1503 0.732258 0.509652 0.00281633
1504 0.732258 0.506141 0.00247472
1505 0.732258 0.508413 0.00257199
1506 0.732258 0.506179 0.00264555
1507 0.732258 0.508445 0.00256006
1508 0.732258 0.510798 0.00278753
1509 0.732258 0.506232 0.00277461
1510 0.732258 0.5085 0.00269257
1511 0.732258 0.505718 0.00258293
1512 0.732258 0.51104 0.002818
1513 0.732258 0.510147 0.00239228
1514 0.732258 0.508148 0.00232222
1515 0.732258 0.509512 0.00263495
1516 0.732258 0.513818 0.00264864
1517 0.732258 0.508054 0.00242498
1518 0.732258 0.514546 0.0026406
1519 0.732258 0.506458 0.00250713
1520 0.732258 0.512986 0.00241102
1521 0.732258 0.508361 0.00256151
1522 0.732258 0.506101 0.00235222
1523 0.732258 0.511242 0.00271596
1524 0.732258 0.511584 0.00285521
1525 0.732258 0.509826 0.00285443
1526 0.732258 0.510158 0.00286097
1527 0.732258 0.505915 0.00287213
1528 0.732258 0.513646 0.00291521
1529 0.732258 0.504037 0.00294276
1530 0.732258 0.511204 0.00268278
1531 0.732258 0.511992 0.00234952
1532 0.732258 0.50929 0.00287639
1533 0.732258 0.506456 0.00263896
1534 0.732258 0.506345 0.00253666
1535 0.732258 0.511143 0.00228173
1536 0.732258 0.508925 0.00286562
1537 0.732258 0.512639 0.00249941
1538 0.732258 0.511604 0.00275007
1539 0.732258 0.505759 0.002985
1540 0.732258 0.513367 0.00287882
1541 0.732258 0.504451 0.00333989
1542 0.732258 0.512305 0.00290769
1543 0.732258 0.507038 0.00282662
1544 0.732258 0.505056 0.00268358
1545 0.732258 0.512942 0.00287405
1546 0.732258 0.510612 0.002538
1547 0.732258 0.510361 0.00276821
1548 0.732258 0.511298 0.0026495
1549 0.732258 0.512001 0.00248002
1550 0.732258 0.510976 0.00291404
1551 0.732258 0.507421 0.00277605
1552 0.732258 0.511064 0.00237112
1553 0.732258 0.50544 0.00285124
1554 0.732258 0.50655 0.00249945
1555 0.732258 0.504627 0.00258045
1556 0.732258 0.502719 0.00279147
1557 0.732258 0.50931 0.0028018
1558 0.732258 0.508926 0.00261936
1559 0.732258 0.510281 0.00301076
1560 0.732258 0.510708 0.00314732
1561 0.732258 0.510747 0.00283715
1562 0.732258 0.50856 0.00253517
1563 0.732258 0.513982 0.00297681
1564 0.732258 0.510676 0.00309855
1565 0.732258 0.513926 0.00279196
1566 0.732258 0.504468 0.00287878
1567 0.732258 0.506684 0.00284359
1568 0.732258 0.50567 0.00278793
1569 0.732258 0.505944 0.00287897
1570 0.732258 0.508197 0.00254136
1571 0.732258 0.504415 0.00267692
1572 0.732258 0.509112 0.00286177
1573 0.732258 0.511918 0.00276891
1574 0.732258 0.505522 0.00274521
1575 0.732258 0.506861 0.00263115
1576 0.732258 0.508181 0.00261804
1577 0.732258 0.51316 0.00314513
1578 0.732258 0.511947 0.00284382
1579 0.732258 0.51037 0.00256408
1580 0.732258 0.510188 0.00271734
1581 0.732258 0.513311 0.00273309
1582 0.732258 0.508417 0.00256534
1583 0.732258 0.508059 0.00284233
1584 0.732258 0.51024 0.00249502
1585 0.732258 0.507474 0.00244086
1586 0.732258 0.508795 0.00238746
1587 0.732258 0.508393 0.00286534
1588 0.732258 0.5074 0.00271279
1589 0.732258 0.506992 0.00242274
1590 0.732258 0.509511 0.00258443
1591 0.732258 0.513701 0.00260045
1592 0.732258 0.50987 0.00278783
1593 0.732258 0.511861 0.0026315
1594 0.732258 0.516767 0.00288677
1595 0.732258 0.510337 0.00262597
1596 0.732258 0.514162 0.00274295
1597 0.732258 0.510381 0.00277937
1598 0.732258 0.512122 0.00246423
1599 0.732258 0.511873 0.00264544
1600 0.732258 0.509677 0.00256367
1601 0.732258 0.513048 0.00259631
1602 0.732258 0.51569 0.00263069
1603 0.732258 0.511024 0.00239689
1604 0.732258 0.509067 0.0025773
1605 0.732258 0.509764 0.00296522
1606 0.732258 0.510327 0.00264261
1607 0.732258 0.5116 0.00264484
1608 0.732258 0.511264 0.0026439
1609 0.732258 0.509318 0.00337157
1610 0.732258 0.51423 0.00241834
1611 0.732258 0.508432 0.00270576
1612 0.732258 0.507384 0.00246435
1613 0.732258 0.507077 0.00249457
1614 0.732258 0.505564 0.0030265
1615 0.732258 0.509898 0.00297297
1616 0.732258 0.510001 0.00251129
1617 0.732258 0.505392 0.00246977
1618 0.732258 0.51072 0.00311261
1619 0.732258 0.511078 0.00269664
1620 0.732258 0.508899 0.00254578
1621 0.732258 0.512064 0.00320791
1622 0.732258 0.507584 0.00267953
1623 0.732258 0.513938 0.00270703
1624 0.732258 0.506684 0.00250048
1625 0.732258 0.506196 0.00268527
1626 0.732258 0.50856 0.00284097
1627 0.732258 0.505715 0.00255323
1628 0.732258 0.504675 0.00285378
1629 0.732258 0.50441 0.00321715
1630 0.732258 0.519896 0.00338405
1631 0.732258 0.514375 0.00264126
1632 0.732258 0.513095 0.00294817
1633 0.732258 0.511763 0.00283259
1634 0.732258 0.51138 0.00270002
1635 0.732258 0.507078 0.00263968
1636 0.732258 0.512236 0.00271725
1637 0.732258 0.51344 0.00282868
1638 0.732258 0.512199 0.00280941
1639 0.732258 0.507473 0.00298873
1640 0.732258 0.510282 0.00314675
1641 0.732258 0.509604 0.0026112
1642 0.732258 0.514189 0.00283592
1643 0.732258 0.512231 0.00273814
1644 0.732258 0.51439 0.00303758
1645 0.732258 0.516933 0.00313873
1646 0.732258 0.514643 0.00309856
1647 0.732258 0.509146 0.00270326
1648 0.732258 0.514917 0.0027032
1649 0.732258 0.509438 0.00250471
1650 0.732258 0.508707 0.00287508
1651 0.732258 0.51248 0.00277773
1652 0.732258 0.51181 0.00298473
1653 0.732258 0.509676 0.00331208
1654 0.732258 0.510422 0.00290794
1655 0.732258 0.511222 0.00301243
1656 0.732258 0.507818 0.00258305
1657 0.732258 0.512774 0.00263705
1658 0.732258 0.510882 0.00266211
1659 0.732258 0.506958 0.00297922
1660 0.732258 0.509474 0.00244898
1661 0.732258 0.508626 0.00292422
1662 0.732258 0.508484 0.0027464
1663 0.732258 0.509439 0.00257061
1664 0.732258 0.502004 0.00282203
1665 0.732258 0.508409 0.00297845
1666 0.732258 0.513777 0.00278554
1667 0.732258 0.509617 0.00286157
1668 0.732258 0.506633 0.00266785
1669 0.732258 0.508775 0.00277204
1670 0.732258 0.510734 0.00230329
1671 0.732258 0.511765 0.0024922
1672 0.732258 0.512849 0.0026722
1673 0.732258 0.50906 0.00232748
1674 0.732258 0.50752 0.00247984
1675 0.732258 0.505494 0.0026346
1676 0.732258 0.514205 0.00285251
1677 0.732258 0.508034 0.00254823
1678 0.732258 0.509468 0.00281212
1679 0.732258 0.509665 0.00305091
1680 0.732258 0.510091 0.00271322
1681 0.732258 0.510293 0.00261582
1682 0.732258 0.513219 0.0025149
1683 0.732258 0.507534 0.00224399
1684 0.732258 0.509812 0.00260053
1685 0.732258 0.515556 0.00260769
1686 0.732258 0.505797 0.00255681
1687 0.732258 0.510025 0.00239783
1688 0.732258 0.509485 0.00291103
1689 0.732258 0.509613 0.0026292
1690 0.732258 0.507885 0.00258346
1691 0.732258 0.509621 0.00251403
1692 0.732258 0.511279 0.00232498
1693 0.732258 0.50936 0.00272513
1694 0.732258 0.51091 0.00250436
1695 0.732258 0.505129 0.00255034
1696 0.732258 0.50814 0.00256356
1697 0.732258 0.511539 0.00283669
1698 0.732258 0.510139 0.00278104
1699 0.732258 0.512575 0.00239828
1700 0.732258 0.506334 0.0027182
1701 0.732258 0.508378 0.00251528
1702 0.732258 0.510164 0.00251292
1703 0.732258 0.504899 0.00247836
1704 0.732258 0.507136 0.00314596
1705 0.732258 0.509116 0.00248941
1706 0.732258 0.51102 0.0022852
1707 0.732258 0.509097 0.0029054
1708 0.732258 0.511839 0.00269
1709 0.732258 0.506684 0.00262705
1710 0.732258 0.513435 0.00281797
1711 0.732258 0.507565 0.00245852
1712 0.732258 0.508437 0.0025237
1713 0.732258 0.507314 0.00257625
1714 0.732258 0.50421 0.00259136
1715 0.732258 0.507122 0.0025403
1716 0.732258 0.504908 0.00245776
1717 0.732258 0.507297 0.00252882
1718 0.732258 0.505634 0.00290187
1719 0.732258 0.51273 0.00279921
1720 0.732258 0.509512 0.00239794
1721 0.732258 0.505398 0.00247925
1722 0.732258 0.510198 0.00273092
1723 0.732258 0.510301 0.0025249
1724 0.732258 0.510669 0.00267531
1725 0.732258 0.504229 0.00262887
1726 0.732258 0.507138 0.0027982
1727 0.732258 0.508918 0.00262311
1728 0.732258 0.514415 0.00241588
1729 0.732258 0.513941 0.00255927
1730 0.732258 0.5101 0.00260011
1731 0.732258 0.504547 0.00268464
1732 0.732258 0.507843 0.00245214
1733 0.732258 0.508456 0.00248039
1734 0.732258 0.507215 0.00226996
1735 0.732258 0.508046 0.00258322
1736 0.732258 0.511781 0.00276487
1737 0.732258 0.50892 0.00277806
1738 0.732258 0.50891 0.00277761
1739 0.732258 0.510287 0.00275203
1740 0.732258 0.508479 0.00298521
1741 0.732258 0.512509 0.00261652
1742 0.732258 0.512932 0.00274134
1743 0.732258 0.511595 0.00271353
1744 0.732258 0.512717 0.00250217
1745 0.732258 0.50591 0.00330419
1746 0.732258 0.505161 0.00274935
1747 0.732258 0.510261 0.00285741
1748 0.732258 0.509678 0.00333135
1749 0.732258 0.50825 0.00258329
1750 0.732258 0.506277 0.00281375
1751 0.732258 0.507994 0.00319214
1752 0.732258 0.510851 0.00269948
1753 0.732258 0.508082 0.00258939
1754 0.732258 0.509204 0.00261832
1755 0.732258 0.511812 0.00302455
1756 0.732258 0.513087 0.00284187
1757 0.732258 0.510691 0.00257322
1758 0.732258 0.503247 0.00272536
1759 0.732258 0.505765 0.00268242
1760 0.732258 0.51099 0.00269148
1761 0.732258 0.509207 0.00285031
1762 0.732258 0.505814 0.00261235
1763 0.732258 0.511913 0.00230447
1764 0.732258 0.513292 0.00272701
1765 0.732258 0.510999 0.00311886
1766 0.732258 0.512471 0.00288986
1767 0.732258 0.509498 0.00277928
1768 0.732258 0.508476 0.00255118
1769 0.732258 0.507062 0.00243413
1770 0.732258 0.503159 0.00245478
1771 0.732258 0.50506 0.00249517
1772 0.732258 0.507906 0.00244542
1773 0.732258 0.511653 0.00233209
1774 0.732258 0.513613 0.00268081
1775 0.732258 0.51116 0.00202599
1776 0.732258 0.505807 0.00267119
1777 0.732258 0.505327 0.00244657
1778 0.732258 0.506528 0.00252144
1779 0.732258 0.506563 0.0027108
1780 0.732258 0.502025 0.00234304
1781 0.732258 0.50624 0.00234168
1782 0.732258 0.505989 0.00271393
1783 0.732258 0.508131 0.00244565
1784 0.732258 0.506996 0.00247666
1785 0.732258 0.509581 0.00264619
1786 0.732258 0.50815 0.00282292
1787 0.732258 0.50789 0.00251226
1788 0.732258 0.513106 0.00269031
1789 0.732258 0.510883 0.00257934
1790 0.732258 0.509766 0.00230854
1791 0.732258 0.509739 0.00287963
1792 0.732258 0.511476 0.00259672
1793 0.732258 0.51062 0.00265961
1794 0.732258 0.506417 0.0028005
1795 0.732258 0.508526 0.00250421
1796 0.732258 0.509762 0.00285274
1797 0.732258 0.508445 0.00270886
1798 0.732258 0.51129 0.00252174
1799 0.732258 0.51051 0.00262776
1800 0.732258 0.510309 0.00270145
1801 0.732258 0.504698 0.00252596
1802 0.732258 0.51346 0.00238014
1803 0.732258 0.508168 0.00267775
1804 0.732258 0.512618 0.00265192
1805 0.732258 0.512529 0.00276691
1806 0.732258 0.509023 0.00242341
1807 0.732258 0.510559 0.00269961
1808 0.732258 0.511218 0.00266063
1809 0.732258 0.509222 0.00265484
1810 0.732258 0.514443 0.00249865
1811 0.732258 0.512209 0.00263999
1812 0.732258 0.505803 0.00265092
1813 0.732258 0.502414 0.00263633
1814 0.732258 0.50878 0.00281544
1815 0.732258 0.509027 0.0026805
1816 0.732258 0.51627 0.00274194
1817 0.732258 0.510661 0.00267107
1818 0.732258 0.515789 0.00257301
1819 0.732258 0.506305 0.00249466
1820 0.732258 0.507126 0.0026315
1821 0.732258 0.5068 0.00239696
1822 0.732258 0.510913 0.00243988
1823 0.732258 0.511654 0.00243487
1824 0.732258 0.511248 0.00252268
1825 0.732258 0.511823 0.00280415
1826 0.732258 0.508616 0.0028174
1827 0.741842 0.510616 0.00309214
1828 0.741842 0.505696 0.00291455
1829 0.741842 0.508208 0.00275814
1830 0.741842 0.508662 0.00265076
1831 0.741842 0.506073 0.002447
1832 0.741842 0.50576 0.00317853
1833 0.741842 0.512758 0.0030068
1834 0.741842 0.509878 0.00311481
1835 0.741842 0.506462 0.00257033
1836 0.741842 0.506534 0.002679
1837 0.741842 0.511479 0.00307185
1838 0.741842 0.510601 0.00263944
1839 0.741842 0.513358 0.00289098
1840 0.741842 0.50762 0.00284775
1841 0.741842 0.508855 0.00270078
1842 0.741842 0.510694 0.0027248
1843 0.741842 0.512688 0.00310467
1844 0.741842 0.510705 0.0028001
1845 0.741842 0.508013 0.00262515
1846 0.741842 0.51362 0.00309818
1847 0.741842 0.509314 0.00314905
1848 0.741842 0.503997 0.00306622
1849 0.741842 0.514603 0.00330733
1850 0.741842 0.505439 0.00312136
1851 0.741842 0.509381 0.00304907
1852 0.741842 0.506184 0.00282649
1853 0.741842 0.510342 0.00314337
1854 0.741842 0.509921 0.00296633
1855 0.741842 0.509354 0.00279453
1856 0.741842 0.506549 0.00297738
1857 0.741842 0.50556 0.00264129
1858 0.741842 0.511451 0.00253951
1859 0.741842 0.505937 0.00289538
1860 0.741842 0.509542 0.00260381
1861 0.741842 0.511884 0.00264044
1862 0.741842 0.507289 0.00266568
1863 0.741842 0.510086 0.00287398
1864 0.741842 0.505499 0.00315305
1865 0.741842 0.501475 0.0026973
1866 0.741842 0.511649 0.00237009
1867 0.741842 0.51053 0.00282252
1868 0.741842 0.514772 0.00309828
1869 0.741842 0.511446 0.00268971
1870 0.741842 0.507922 0.00286799
1871 0.741842 0.511551 0.00240026
1872 0.741842 0.508687 0.00277868
1873 0.741842 0.509635 0.00304897
1874 0.741842 0.512387 0.0026163
1875 0.741842 0.510292 0.00267944
1876 0.741842 0.51347 0.00282652
1877 0.741842 0.509822 0.00337524
1878 0.741842 0.509364 0.00263985
1879 0.741842 0.512811 0.00260901
1880 0.741842 0.509764 0.00254386
1881 0.741842 0.50714 0.00266946
1882 0.741842 0.512713 0.00292667
1883 0.741842 0.510658 0.00267577
1884 0.741842 0.510544 0.00288412
1885 0.741842 0.509353 0.00273144
1886 0.741842 0.50822 0.00274926
1887 0.741842 0.513731 0.00297225
1888 0.741842 0.507284 0.00252554
1889 0.741842 0.507264 0.00281826
1890 0.741842 0.511929 0.00277224
1891 0.741842 0.510657 0.00267784
1892 0.741842 0.510657 0.00270596
1893 0.741842 0.503469 0.00271476
1894 0.741842 0.507064 0.00267312
1895 0.741842 0.506727 0.00222818
1896 0.741842 0.50992 0.00261279
1897 0.741842 0.506263 0.00254557
1898 0.741842 0.511771 0.00241757
1899 0.741842 0.510535 0.00253607
1900 0.741842 0.508 0.00275654
1901 0.741842 0.509273 0.00259681
1902 0.741842 0.504888 0.00256371
1903 0.741842 0.510882 0.0026058
1904 0.741842 0.506953 0.00250586
1905 0.741842 0.511127 0.00262721
1906 0.741842 0.511438 0.00286512
1907 0.741842 0.508208 0.00253127
1908 0.741842 0.510609 0.0024561
1909 0.741842 0.512705 0.00302326
1910 0.741842 0.511241 0.00294561
1911 0.741842 0.509563 0.00272951
1912 0.741842 0.512469 0.00309334
1913 0.741842 0.503067 0.00305825
1914 0.741842 0.507176 0.00247424
1915 0.741842 0.511724 0.00268979
1916 0.741842 0.510239 0.00262505
1917 0.741842 0.507747 0.00279104
1918 0.741842 0.510137 0.00280839
1919 0.741842 0.508318 0.00250352
1920 0.741842 0.509142 0.00265729
1921 0.741842 0.511613 0.00287969
1922 0.741842 0.5061 0.00272387
1923 0.741842 0.510085 0.00257573
1924 0.741842 0.511695 0.0026317
1925 0.741842 0.50916 0.00272967
1926 0.741842 0.511059 0.0029316
1927 0.741842 0.515267 0.00271908
1928 0.741842 0.511942 0.00324752
1929 0.741842 0.511865 0.00255301
1930 0.741842 0.508165 0.00261069
1931 0.741842 0.511249 0.0030215
1932 0.741842 0.509271 0.00253407
1933 0.741842 0.512108 0.00277807
1934 0.741842 0.512198 0.0028955
1935 0.741842 0.511476 0.00287514
1936 0.741842 0.508893 0.00255595
1937 0.741842 0.505337 0.00257157
1938 0.741842 0.506161 0.00304556
1939 0.741842 0.514318 0.00292414
1940 0.741842 0.512056 0.00254115
1941 0.741842 0.511689 0.00267889
1942 0.741842 0.510575 0.00290938
1943 0.741842 0.512813 0.00268471
1944 0.741842 0.510765 0.00283819
1945 0.741842 0.509161 0.0028121
1946 0.741842 0.511096 0.00244567
1947 0.741842 0.50987 0.00306534
1948 0.741842 0.507632 0.00287924
1949 0.741842 0.514648 0.00303278
1950 0.741842 0.509506 0.00274152
1951 0.741842 0.512668 0.00310348
1952 0.741842 0.508054 0.00271336
1953 0.741842 0.510375 0.00247437
1954 0.741842 0.509523 0.00317599
1955 0.741842 0.516607 0.00292194
1956 0.741842 0.51035 0.00296867
1957 0.741842 0.509021 0.00261825
1958 0.741842 0.50586 0.00263449
1959 0.741842 0.511216 0.00304638
1960 0.741842 0.513889 0.00319656
1961 0.741842 0.509678 0.00292108
1962 0.741842 0.508899 0.00328341
1963 0.741842 0.512058 0.00300506
1964 0.741842 0.510689 0.0032296
1965 0.741842 0.510183 0.00273763
1966 0.741842 0.508941 0.00294374
1967 0.741842 0.508935 0.00297554
1968 0.741842 0.508607 0.00242168
1969 0.741842 0.509569 0.00263941
1970 0.741842 0.506793 0.00270891
1971 0.741842 0.508084 0.00353087
1972 0.741842 0.506079 0.0024188
1973 0.741842 0.511997 0.00303922
1974 0.741842 0.503423 0.00296342
1975 0.741842 0.507115 0.00268759
1976 0.741842 0.504049 0.00287181
1977 0.741842 0.509373 0.00357512
1978 0.741842 0.509257 0.00273447
1979 0.741842 0.509371 0.0027826
1980 0.741842 0.510454 0.00313061
1981 0.741842 0.508216 0.00283755
1982 0.741842 0.509716 0.00271551
1983 0.741842 0.509162 0.0031832
1984 0.741842 0.506316 0.00254365
1985 0.741842 0.510958 0.00262973
1986 0.741842 0.507863 0.00288688
1987 0.741842 0.506325 0.00272017
1988 0.741842 0.507693 0.00281016
1989 0.741842 0.509826 0.00280062
1990 0.741842 0.514159 0.00243426
1991 0.741842 0.515916 0.0028333
1992 0.741842 0.507714 0.00248645
1993 0.741842 0.502659 0.00310112
1994 0.741842 0.504334 0.00269699
1995 0.741842 0.504848 0.00251863
1996 0.741842 0.504294 0.00245195
1997 0.741842 0.507955 0.00263866
1998 0.741842 0.512528 0.00270978
1999 0.741842 0.508861 0.00311679
2000 0.741842 0.509876 0.00283022
