4
1
-51.3187
5.18083
0
-60.5682
2.37658
0
0.166363
0.248739
1
-57.2797
4.90543
0
-60.2689
5.93882
0
0.815469
1.96947
1.79164
1.61169
1.76061
1.57459
1.85414
1.24529
0
0.664949
0.384726
1.52141
1.10665
1.21642
0.0897865
1.13797
1.99942
1.00103
0.474283
1.62149
0.148849
0.570383
1.29177
1.84888
1.95721
0.175253
0.555624
1.15877
0.176333
1.09308
0.0443053
1.06713
1.64166
0.902847
0.615583
1.26946
0.837157
0.47333
1.78486
0.460292
1.60779
0.83674
0.322731
0.43904
0.0110621
0.728706
1.00748
0.67141
1.37721
1.4619
1.44057
0.852235
0.0447175
1.18801
0.547216
0.192217
1.48784
1.83445
0.838787
1.6405
0.0138012
0.071878
1.25079
1.3076
0.866231
0.107245
0.323772
0.776532
1.98182
0.125545
1.12394
0.643771
1.90979
1.52561
1.57973
-0.264
