3
2
-55.4188
2.00296
0
0.137302
0.253913
1
-60.3802
4.82581
0
-58.8772
2.83704
0
0.0548367
0.206631
1
0.705582
0.22029
0.0754718
1.83032
0.226948
0.820185
1.27905
0.746755
0.447522
0.0127461
1.11364
0.753711
1.41468
0.113984
0.611918
1.1935
1.73294
0.67476
0.789613
0.0696753
0.263042
0.907398
1.84351
0.310896
0.0296764
1.88092
0.386856
1.46689
1.15356
0
0.366972
1.77399
1.11757
0.021951
1.37313
1.43334
1.50715
1.24305
0.835837
1.38319
0.73779
1.94342
0.135102
1.94243
1.20223
1.60448
1.72697
0.761376
1.24689
1.36025
0.387851
0.940008
0.505934
1.79505
0.913477
0.325544
1.60348
0.890425
0
1.36948
0.163449
0.656183
1.41867
1.82775
0.15397
1.94024
0.396137
1.39921
0.906672
0.376145
0.372025
1.87851
0.540405
0.653375
0.991122
