0 0.553246 0.497702 0.000146916
1 0.559272 0.500691 0.000124673
2 0.559272 0.500129 0.000190469
3 0.559272 0.499964 0.00020729
4 0.572666 0.501079 0.000223754
5 0.572666 0.501914 0.000305223
6 0.580483 0.503834 0.000379986
7 0.580483 0.500894 0.000336454
8 0.580483 0.502342 0.000364429
9 0.582174 0.503894 0.000401168
10 0.582174 0.501808 0.000339527
11 0.582174 0.50191 0.000353077
12 0.646787 0.506428 0.0006013
13 0.646787 0.505363 0.000765589
14 0.646787 0.506228 0.000863044
15 0.646787 0.503889 0.000784135
16 0.646787 0.503733 0.000782036
17 0.646787 0.505919 0.000892498
18 0.646787 0.504662 0.000721298
19 0.646787 0.50852 0.000905318
20 0.646787 0.50737 0.000883852
21 0.646787 0.509082 0.00103183
22 0.646787 0.5071 0.00090213
23 0.646787 0.506285 0.000881853
24 0.646787 0.505077 0.00082791
25 0.646787 0.504445 0.000825849
26 0.646787 0.507236 0.000946751
27 0.646787 0.50803 0.000992915
28 0.646787 0.506181 0.00101083
29 0.665494 0.507432 0.0011904
30 0.665494 0.512133 0.0013599
31 0.665494 0.509581 0.00125579
32 0.665494 0.510053 0.00154421
33 0.665494 0.509415 0.00136579
34 0.665494 0.510036 0.00121796
35 0.665494 0.509897 0.00131118
36 0.665494 0.509157 0.00130638
37 0.665494 0.512368 0.00155292
38 0.665494 0.510626 0.00150201
39 0.665494 0.50785 0.00117121
40 0.665494 0.50692 0.00148717
41 0.665494 0.508894 0.00135599
42 0.665494 0.512986 0.00170682
43 0.665494 0.515444 0.00174512
44 0.665494 0.515228 0.00147021
45 0.665494 0.513796 0.00168079
46 0.665494 0.511128 0.00175543
47 0.665494 0.510613 0.00152027
48 0.665494 0.51168 0.00137581
49 0.665494 0.507048 0.00133319
50 0.665494 0.510055 0.00141946
51 0.665494 0.511685 0.00144188
52 0.665494 0.512901 0.00148125
53 0.665494 0.512287 0.00167303
54 0.665494 0.510295 0.00133222
55 0.665494 0.510723 0.00149066
56 0.665494 0.515762 0.00165428
57 0.665494 0.511708 0.00137743
58 0.665494 0.512918 0.00151255
59 0.665494 0.516078 0.00155798
60 0.665494 0.515984 0.0015244
61 0.665494 0.518278 0.00186366
62 0.665494 0.513371 0.00154323
63 0.665494 0.514494 0.00149801
64 0.665494 0.517659 0.0014734
65 0.665494 0.513757 0.0012818
66 0.665494 0.515559 0.00161703
67 0.665494 0.517539 0.00161423
68 0.665494 0.519762 0.00174339
69 0.665494 0.517744 0.00133084
70 0.665494 0.522071 0.00177158
71 0.665494 0.522396 0.00168661
72 0.665494 0.518697 0.00178544
73 0.665494 0.516463 0.0017158
74 0.665494 0.514433 0.00164943
75 0.665494 0.517857 0.00181854
76 0.665494 0.517262 0.0018456
77 0.665494 0.517151 0.00189348
78 0.665494 0.516408 0.00156355
79 0.665494 0.51489 0.00169716
80 0.665494 0.519654 0.00166116
81 0.665494 0.51869 0.00180306
82 0.665494 0.516466 0.00198099
83 0.665494 0.512103 0.0016135
84 0.665494 0.521507 0.00154057
85 0.665494 0.516272 0.00194048
86 0.665494 0.515973 0.00157559
87 0.665494 0.517413 0.00166753
88 0.665494 0.519339 0.00148191
89 0.665494 0.518372 0.00171765
90 0.665494 0.514912 0.00138518
91 0.665494 0.514577 0.00170607
92 0.665494 0.522838 0.00181872
93 0.665494 0.523576 0.00194092
94 0.665494 0.525252 0.00155
95 0.665494 0.51769 0.0017504
96 0.665494 0.512868 0.00173089
97 0.665494 0.519716 0.00164637
98 0.665494 0.51582 0.00165276
99 0.665494 0.512799 0.00159757
100 0.665494 0.5158 0.001739
101 0.665494 0.519285 0.00189749
102 0.665494 0.513273 0.00184787
103 0.665494 0.512712 0.00168336
104 0.665494 0.521234 0.00164056
105 0.665494 0.517569 0.00170449
106 0.665494 0.517705 0.00162198
107 0.665494 0.514785 0.00178803
108 0.665494 0.517935 0.00150525
109 0.665494 0.51752 0.00158797
110 0.665494 0.51622 0.00158015
111 0.665494 0.514829 0.00155679
112 0.665494 0.513946 0.00162543
113 0.665494 0.516916 0.00219473
114 0.665494 0.514074 0.0016472
115 0.665494 0.516483 0.00180654
116 0.665494 0.518045 0.00174804
117 0.665494 0.519366 0.00175429
118 0.665494 0.517489 0.0017014
119 0.665494 0.517458 0.00177844
120 0.665494 0.517485 0.00198211
121 0.665494 0.518352 0.00171956
122 0.665494 0.518424 0.00186145
123 0.665494 0.519854 0.00205996
124 0.665494 0.5165 0.00155192
125 0.665494 0.512182 0.00162595
126 0.665494 0.516691 0.00179162
127 0.665494 0.513444 0.00149009
128 0.665494 0.520323 0.00164218
129 0.665494 0.515092 0.00163741
130 0.665494 0.521656 0.0016224
131 0.665494 0.521444 0.00157289
132 0.665494 0.521822 0.00184563
133 0.665494 0.516735 0.00176496
134 0.665494 0.517696 0.0017008
135 0.665494 0.515636 0.00164679
136 0.665494 0.521251 0.00170349
137 0.665494 0.517439 0.00164721
138 0.665494 0.517414 0.00163529
139 0.665494 0.515493 0.0017106
140 0.665494 0.521762 0.00157387
141 0.665494 0.519101 0.00173094
142 0.665494 0.519413 0.00162208
143 0.665494 0.521711 0.00185724
144 0.665494 0.516581 0.00167024
145 0.665494 0.522135 0.00153789
146 0.665494 0.516698 0.00152269
147 0.665494 0.521309 0.00167706
148 0.665494 0.517802 0.00159051
149 0.665494 0.518898 0.00189774
150 0.665494 0.515886 0.00155208
151 0.665494 0.519995 0.00150721
152 0.665494 0.520777 0.00162577
153 0.665494 0.519106 0.00170668
154 0.665494 0.519391 0.00200872
155 0.665494 0.52437 0.001552
156 0.665494 0.516774 0.00168383
157 0.665494 0.522985 0.00153874
158 0.665494 0.521229 0.00157519
159 0.665494 0.519399 0.00134606
160 0.665494 0.515016 0.00167577
161 0.665494 0.516564 0.00140079
162 0.665494 0.514059 0.00151571
163 0.665494 0.516532 0.00182138
164 0.665494 0.514658 0.00149773
165 0.665494 0.519496 0.00156503
166 0.665494 0.515154 0.00157504
167 0.665494 0.513669 0.00136726
168 0.665494 0.521034 0.00156443
169 0.665494 0.523344 0.00171944
170 0.665494 0.52103 0.0018487
171 0.665494 0.518696 0.00175367
172 0.665494 0.522515 0.00186225
173 0.665494 0.519908 0.00186002
174 0.665494 0.520436 0.00148032
175 0.665494 0.515254 0.00159251
176 0.665494 0.516819 0.00165147
177 0.665494 0.517717 0.00159527
178 0.665494 0.517949 0.00165441
179 0.665494 0.519501 0.00185456
180 0.665494 0.519624 0.00158334
181 0.665494 0.516575 0.00165793
182 0.665494 0.524219 0.00180661
183 0.665494 0.519995 0.0016173
184 0.665494 0.518071 0.0017043
185 0.665494 0.518166 0.00185541
186 0.665494 0.517672 0.00163716
187 0.665494 0.519539 0.00154989
188 0.665494 0.5195 0.00171236
189 0.665494 0.52334 0.00155081
190 0.665494 0.516736 0.00145265
191 0.665494 0.520245 0.00159751
192 0.665494 0.517729 0.00169618
193 0.665494 0.515317 0.00159773
194 0.665494 0.5155 0.00147466
195 0.665494 0.516148 0.00146699
196 0.665494 0.513697 0.00164541
197 0.665494 0.521638 0.0013855
198 0.665494 0.518724 0.00179199
199 0.665494 0.521597 0.00184968
200 0.665494 0.513655 0.00153092
201 0.665494 0.519126 0.00162012
202 0.665494 0.516347 0.00162296
203 0.665494 0.518694 0.00167251
204 0.665494 0.519805 0.00146873
205 0.665494 0.516523 0.00171479
206 0.665494 0.51907 0.00149806
207 0.665494 0.517183 0.00189972
208 0.665494 0.523614 0.00171962
209 0.665494 0.523099 0.00177759
210 0.665494 0.520838 0.00169315
211 0.665494 0.518268 0.00169702
212 0.665494 0.525066 0.001845
213 0.665494 0.524824 0.00179693
214 0.665494 0.520626 0.00164139
215 0.665494 0.521542 0.00179937
216 0.665494 0.520908 0.00147996
217 0.665494 0.524356 0.00182074
218 0.665494 0.525874 0.00182691
219 0.665494 0.525044 0.00192352
220 0.665494 0.520262 0.00188325
221 0.665494 0.524072 0.00173538
222 0.665494 0.524524 0.00212378
223 0.665494 0.519659 0.00152325
224 0.665494 0.524166 0.00179994
225 0.665494 0.523731 0.0016737
226 0.665494 0.518343 0.00164354
227 0.665494 0.520885 0.00171115
228 0.665494 0.515785 0.00166489
229 0.665494 0.519253 0.00149707
230 0.665494 0.517659 0.00172193
231 0.665494 0.51995 0.00154391
232 0.665494 0.518891 0.0015663
233 0.665494 0.518325 0.00155121
234 0.665494 0.518929 0.00172194
235 0.665494 0.517559 0.00160314
236 0.665494 0.522141 0.00205247
237 0.665494 0.521733 0.00172314
238 0.665494 0.521664 0.00154477
239 0.665494 0.517767 0.0018157
240 0.665494 0.519176 0.00206159
241 0.665494 0.518896 0.00167162
242 0.665494 0.517883 0.00164163
243 0.665494 0.522051 0.0017077
244 0.665494 0.520561 0.00164977
245 0.665494 0.518979 0.00169104
246 0.665494 0.519822 0.00195186
247 0.665494 0.518471 0.00191794
248 0.665494 0.51519 0.00193484
249 0.665494 0.520846 0.00189582
250 0.665494 0.514612 0.00186813
251 0.665494 0.522452 0.00171514
252 0.665494 0.51446 0.00198092
253 0.665494 0.519823 0.00178252
254 0.665494 0.51873 0.00169898
255 0.665494 0.517234 0.00162385
256 0.665494 0.517893 0.00177218
257 0.665494 0.516543 0.00196605
258 0.665494 0.52013 0.00180629
259 0.665494 0.520095 0.00181259
260 0.665494 0.522813 0.00167503
261 0.665494 0.518257 0.00197654
262 0.665494 0.522192 0.00166457
263 0.665494 0.519729 0.00199731
264 0.665494 0.52195 0.00212611
265 0.665494 0.525266 0.00179996
266 0.665494 0.523053 0.00172106
267 0.665494 0.516334 0.00186199
268 0.665494 0.518557 0.00161616
269 0.665494 0.5195 0.00187778
270 0.665494 0.520912 0.00183321
271 0.665494 0.519965 0.00184714
272 0.665494 0.522757 0.00198223
273 0.665494 0.519414 0.0015687
274 0.665494 0.518769 0.00171644
275 0.665494 0.520384 0.00161827
276 0.665494 0.519766 0.00173204
277 0.665494 0.520819 0.00174793
278 0.665494 0.520133 0.00162015
279 0.665494 0.523261 0.001667
280 0.665494 0.521572 0.00178508
281 0.665494 0.516013 0.00184109
282 0.665494 0.523889 0.00203049
283 0.665494 0.519394 0.00173517
284 0.665494 0.523044 0.00178013
285 0.665494 0.527917 0.0016765
286 0.665494 0.523251 0.00175659
287 0.665494 0.523275 0.00176686
288 0.665494 0.521195 0.00168048
289 0.665494 0.521347 0.00179514
290 0.665494 0.518023 0.00192772
291 0.665494 0.516912 0.00158738
292 0.665494 0.519298 0.00168807
293 0.665494 0.522525 0.00182388
294 0.665494 0.516816 0.00162131
295 0.665494 0.521404 0.00175616
296 0.665494 0.527724 0.00170106
297 0.665494 0.520182 0.00174489
298 0.665494 0.522791 0.0017565
299 0.665494 0.527199 0.00200194
300 0.665494 0.518842 0.00155812
301 0.665494 0.522851 0.0017952
302 0.665494 0.518954 0.00195197
303 0.665494 0.521115 0.00178765
304 0.665494 0.520821 0.00177995
305 0.665494 0.516207 0.00178381
306 0.665494 0.516215 0.00193832
307 0.665494 0.523278 0.00155392
308 0.665494 0.517684 0.00173679
309 0.665494 0.519066 0.00171916
310 0.665494 0.517506 0.00187872
311 0.665494 0.514338 0.00163382
312 0.665494 0.51669 0.00163111
313 0.665494 0.524999 0.00165521
314 0.665494 0.518663 0.00166566
315 0.665494 0.516044 0.00198852
316 0.665494 0.518845 0.00190672
317 0.665494 0.520047 0.00161478
318 0.665494 0.523169 0.0018242
319 0.665494 0.519576 0.0014924
320 0.665494 0.517445 0.001745
321 0.665494 0.5212 0.00191916
322 0.665494 0.519544 0.00185509
323 0.665494 0.521788 0.00173215
324 0.665494 0.519666 0.00179014
325 0.665494 0.522843 0.00162662
326 0.665494 0.523762 0.00184594
327 0.665494 0.52011 0.00185157
328 0.665494 0.520041 0.00188896
329 0.665494 0.522998 0.00181986
330 0.665494 0.521465 0.00208256
331 0.665494 0.518469 0.00185184
332 0.665494 0.523402 0.00184597
333 0.665494 0.522405 0.00181356
334 0.665494 0.517961 0.00171379
335 0.665494 0.520313 0.00183377
336 0.665494 0.522095 0.00167893
337 0.665494 0.522664 0.00159608
338 0.665494 0.520009 0.00190117
339 0.665494 0.520717 0.00167036
340 0.665494 0.521137 0.0018719
341 0.665494 0.522929 0.00193978
342 0.665494 0.520772 0.00179
343 0.665494 0.521838 0.00192806
344 0.665494 0.524595 0.00194009
345 0.665494 0.519895 0.00168829
346 0.665494 0.517854 0.00168294
347 0.665494 0.516711 0.00166001
348 0.665494 0.517157 0.00181806
349 0.665494 0.522513 0.00175045
350 0.665494 0.515186 0.0016478
351 0.665494 0.515387 0.00190394
352 0.665494 0.522207 0.00175271
353 0.665494 0.516789 0.00171345
354 0.665494 0.518114 0.00175503
355 0.665494 0.521085 0.00168373
356 0.665494 0.52116 0.00164567
357 0.665494 0.519469 0.00185455
358 0.665494 0.522723 0.00193409
359 0.665494 0.519181 0.00156857
360 0.665494 0.525305 0.00150168
361 0.665494 0.517782 0.00168912
362 0.665494 0.522152 0.00162031
363 0.665494 0.516761 0.00180269
364 0.665494 0.520644 0.001809
365 0.665494 0.517651 0.00147965
366 0.665494 0.515001 0.00185116
367 0.665494 0.521673 0.00188335
368 0.665494 0.516716 0.00177174
369 0.665494 0.519767 0.0016538
370 0.665494 0.518358 0.00160473
371 0.665494 0.519448 0.00206056
372 0.665494 0.515879 0.00177616
373 0.665494 0.514558 0.00175207
374 0.665494 0.522087 0.00173878
375 0.665494 0.520289 0.00197519
376 0.665494 0.520658 0.00158036
377 0.665494 0.523709 0.00181259
378 0.665494 0.520231 0.0018623
379 0.665494 0.518173 0.00167532
380 0.665494 0.523204 0.00173288
381 0.665494 0.521488 0.00177255
382 0.665494 0.52491 0.00191532
383 0.665494 0.516016 0.00215079
384 0.665494 0.519745 0.00173446
385 0.665494 0.52137 0.00192027
386 0.665494 0.518486 0.00193286
387 0.665494 0.518779 0.00162133
388 0.665494 0.522405 0.00164844
389 0.665494 0.517205 0.00156309
390 0.665494 0.51753 0.00204661
391 0.665494 0.515529 0.00180735
392 0.665494 0.516547 0.00192124
393 0.665494 0.521614 0.00179127
394 0.665494 0.518012 0.00170996
395 0.665494 0.520462 0.00184367
396 0.665494 0.522368 0.00149054
397 0.665494 0.514358 0.00164118
398 0.665494 0.519963 0.00172772
399 0.665494 0.519245 0.00153527
400 0.665494 0.516563 0.00151032
401 0.665494 0.519294 0.00183422
402 0.665494 0.515801 0.001702
403 0.665494 0.519043 0.0016297
404 0.665494 0.523271 0.00182869
405 0.665494 0.519318 0.0019294
406 0.665494 0.520654 0.00158442
407 0.665494 0.517573 0.00166231
408 0.665494 0.521394 0.00177087
409 0.665494 0.518497 0.00187338
410 0.665494 0.519982 0.00173473
411 0.665494 0.520712 0.00179135
412 0.665494 0.517593 0.00170993
413 0.665494 0.525129 0.00179401
414 0.665494 0.520789 0.00180855
415 0.665494 0.518469 0.0019157
416 0.665494 0.522558 0.00170384
417 0.665494 0.527167 0.00178839
418 0.665494 0.516764 0.00151386
419 0.665494 0.524857 0.00195155
420 0.665494 0.52091 0.00165617
421 0.665494 0.523233 0.00189504
422 0.665494 0.51874 0.00172643
423 0.665494 0.523288 0.00162791
424 0.665494 0.520752 0.00129165
425 0.665494 0.514705 0.00165531
426 0.665494 0.51873 0.00146324
427 0.665494 0.51631 0.0021111
428 0.665494 0.518581 0.00151064
429 0.665494 0.519308 0.00167074
430 0.665494 0.523534 0.0017051
431 0.665494 0.523177 0.00193999
432 0.665494 0.520215 0.00174565
433 0.665494 0.520145 0.00196633
434 0.665494 0.526395 0.001835
435 0.665494 0.524783 0.00196841
436 0.665494 0.520692 0.00186902
437 0.665494 0.520288 0.00175557
438 0.665494 0.522745 0.00180217
439 0.665494 0.526918 0.00165604
440 0.665494 0.526076 0.00181152
441 0.665494 0.525605 0.00160178
442 0.665494 0.523362 0.00179662
443 0.665494 0.520976 0.00162403
444 0.665494 0.517681 0.00157061
445 0.665494 0.518809 0.00165144
446 0.665494 0.523097 0.001938
447 0.665494 0.528743 0.0018249
448 0.665494 0.520731 0.00197488
449 0.665494 0.522587 0.00189343
450 0.665494 0.522672 0.0017075
451 0.665494 0.518839 0.00144738
452 0.665494 0.518165 0.00160268
453 0.665494 0.520566 0.00163363
454 0.665494 0.521259 0.0019053
455 0.665494 0.515143 0.00170761
456 0.665494 0.518166 0.00177484
457 0.665494 0.522038 0.00144932
458 0.665494 0.52328 0.00162428
459 0.665494 0.516279 0.00179802
460 0.665494 0.523746 0.00184025
461 0.665494 0.528101 0.00184782
462 0.665494 0.520392 0.00180143
463 0.665494 0.527618 0.00214534
464 0.665494 0.520095 0.0021094
465 0.665494 0.521325 0.00179662
466 0.665494 0.521116 0.00171302
467 0.665494 0.522789 0.00182966
468 0.665494 0.516299 0.00157297
469 0.665494 0.513041 0.00199285
470 0.665494 0.511803 0.00153492
471 0.665494 0.521882 0.00151211
472 0.665494 0.521491 0.00171348
473 0.665494 0.518779 0.00169307
474 0.665494 0.520415 0.00168437
475 0.665494 0.522245 0.00182788
476 0.665494 0.512926 0.00165687
477 0.665494 0.519655 0.00195475
478 0.665494 0.522569 0.00173192
479 0.665494 0.517876 0.00189695
480 0.665494 0.524586 0.00178732
481 0.665494 0.518496 0.00164036
482 0.665494 0.513223 0.00179142
483 0.665494 0.519874 0.00205305
484 0.665494 0.515402 0.00190805
485 0.665494 0.518375 0.00164649
486 0.665494 0.523956 0.00188326
487 0.665494 0.515511 0.00173151
488 0.665494 0.518463 0.00156184
489 0.665494 0.517632 0.00162496
490 0.665494 0.518727 0.00161239
491 0.665494 0.519668 0.00177651
492 0.665494 0.520864 0.00161987
493 0.665494 0.525208 0.00180198
494 0.665494 0.516725 0.00145259
495 0.665494 0.518875 0.00152142
496 0.665494 0.514179 0.00150985
497 0.665494 0.516342 0.00149197
498 0.665494 0.519012 0.00187697
499 0.665494 0.522113 0.00190081
500 0.665494 0.519137 0.00154663
501 0.665494 0.518207 0.00170439
502 0.665494 0.512881 0.00169608
503 0.665494 0.51708 0.00163612
504 0.665494 0.513754 0.00185273
505 0.665494 0.520416 0.00163737
506 0.665494 0.51796 0.00138773
507 0.665494 0.517543 0.00164585
508 0.665494 0.518471 0.00166426
509 0.665494 0.517437 0.00165921
510 0.665494 0.517581 0.001669
511 0.665494 0.517351 0.00174631
512 0.665494 0.5135 0.00155654
513 0.665494 0.517236 0.00161645
514 0.665494 0.519016 0.00171192
515 0.665494 0.515437 0.00181979
516 0.665494 0.516196 0.00165018
517 0.665494 0.516417 0.00151951
518 0.665494 0.519824 0.00179304
519 0.665494 0.51982 0.00176192
520 0.665494 0.520942 0.00144218
521 0.665494 0.516408 0.00181804
522 0.665494 0.524001 0.00153647
523 0.665494 0.518515 0.00185243
524 0.665494 0.520246 0.00153213
525 0.665494 0.517177 0.0018744
526 0.665494 0.518304 0.00181479
527 0.665494 0.516215 0.00186776
528 0.665494 0.520796 0.00196554
529 0.665494 0.515968 0.00154208
530 0.665494 0.519815 0.00164322
531 0.665494 0.518294 0.0018136
532 0.665494 0.523739 0.0017133
533 0.665494 0.519519 0.00164824
534 0.665494 0.517823 0.0014743
535 0.665494 0.519715 0.00167003
536 0.665494 0.510623 0.00169723
537 0.665494 0.517716 0.00174675
538 0.665494 0.521499 0.00165045
539 0.665494 0.520905 0.00171183
540 0.665494 0.515091 0.00179339
541 0.665494 0.517735 0.00172935
542 0.665494 0.524942 0.00174706
543 0.665494 0.522657 0.00169499
544 0.665494 0.520086 0.00189146
545 0.665494 0.511441 0.00152389
546 0.665494 0.51022 0.00161547
547 0.665494 0.516305 0.00176977
548 0.665494 0.515533 0.00170967
549 0.665494 0.520458 0.00179974
550 0.665494 0.523788 0.00160104
551 0.665494 0.518293 0.00181407
552 0.665494 0.515928 0.00179431
553 0.665494 0.518577 0.00168757
554 0.665494 0.517339 0.00162296
555 0.665494 0.522191 0.00176016
556 0.665494 0.517915 0.00170964
557 0.665494 0.514939 0.00185402
558 0.665494 0.523345 0.00187195
559 0.665494 0.518301 0.00182158
560 0.665494 0.517949 0.00172516
561 0.665494 0.518522 0.00188677
562 0.665494 0.518031 0.00163115
563 0.665494 0.51726 0.00171204
564 0.665494 0.520872 0.00151632
565 0.665494 0.52012 0.00154392
566 0.665494 0.515739 0.00174469
567 0.665494 0.520516 0.001532
568 0.665494 0.522017 0.00177224
569 0.665494 0.523988 0.00184539
570 0.665494 0.527419 0.00191544
571 0.665494 0.516589 0.00171881
572 0.665494 0.518685 0.00171903
573 0.665494 0.515791 0.00161715
574 0.665494 0.517354 0.00146025
575 0.665494 0.518867 0.0017944
576 0.665494 0.519572 0.00177893
577 0.665494 0.521284 0.00171655
578 0.665494 0.52888 0.00190964
579 0.665494 0.522086 0.00170378
580 0.665494 0.515058 0.00188037
581 0.665494 0.516884 0.0018011
582 0.665494 0.51753 0.0016065
583 0.665494 0.513477 0.00166664
584 0.665494 0.522385 0.00188076
585 0.665494 0.518282 0.0017566
586 0.665494 0.521421 0.00165132
587 0.665494 0.521803 0.00171894
588 0.665494 0.523024 0.00148746
589 0.665494 0.517648 0.00172507
590 0.665494 0.514677 0.00192836
591 0.665494 0.523062 0.0021428
592 0.665494 0.523294 0.0017101
593 0.665494 0.522146 0.00190199
594 0.665494 0.5142 0.00165291
595 0.665494 0.516633 0.00164507
596 0.665494 0.523153 0.00181067
597 0.665494 0.522609 0.00176422
598 0.665494 0.515024 0.00163314
599 0.665494 0.524188 0.00156828
600 0.665494 0.518583 0.00180419
601 0.665494 0.523456 0.00173498
602 0.665494 0.525567 0.00164218
603 0.665494 0.513757 0.00177487
604 0.665494 0.517065 0.00160392
605 0.665494 0.517496 0.00150464
606 0.665494 0.516465 0.00155296
607 0.665494 0.519367 0.00169737
608 0.665494 0.51606 0.00151699
609 0.665494 0.523895 0.00163615
610 0.665494 0.52706 0.00179215
611 0.665494 0.52178 0.00165007
612 0.665494 0.519849 0.00145686
613 0.665494 0.518534 0.00154151
614 0.665494 0.51679 0.00163672
615 0.665494 0.5195 0.00169691
616 0.665494 0.519851 0.00174376
617 0.665494 0.513739 0.00197165
618 0.665494 0.522811 0.00182925
619 0.665494 0.520475 0.00180163
620 0.665494 0.523983 0.00157795
621 0.665494 0.52049 0.00169969
622 0.665494 0.517556 0.00179094
623 0.665494 0.521351 0.00189974
624 0.665494 0.521472 0.00182902
625 0.665494 0.520359 0.0018434
626 0.665494 0.517109 0.00188688
627 0.665494 0.514371 0.00184606
628 0.665494 0.517598 0.00157402
629 0.665494 0.518806 0.00171805
630 0.665494 0.517393 0.00159186
631 0.665494 0.517919 0.00162248
632 0.665494 0.518597 0.00145817
633 0.665494 0.52193 0.00179667
634 0.665494 0.51495 0.00147569
635 0.665494 0.517975 0.00150343
636 0.665494 0.520581 0.00178569
637 0.665494 0.52129 0.00208857
638 0.665494 0.517761 0.00213137
639 0.665494 0.516554 0.00152866
640 0.665494 0.521107 0.00181366
641 0.665494 0.521773 0.00166323
642 0.665494 0.525528 0.00186778
643 0.665494 0.520719 0.00171881
644 0.665494 0.525028 0.00175692
645 0.665494 0.528031 0.00175583
646 0.665494 0.525105 0.00170831
647 0.665494 0.51819 0.00172414
648 0.665494 0.519184 0.00159965
649 0.665494 0.516275 0.00152489
650 0.665494 0.523197 0.00186484
651 0.665494 0.521573 0.00197181
652 0.665494 0.519595 0.00195379
653 0.665494 0.520813 0.00186683
654 0.665494 0.517338 0.00197646
655 0.665494 0.521297 0.0019606
656 0.665494 0.517016 0.00172069
657 0.665494 0.519169 0.00175373
658 0.665494 0.515962 0.00152252
659 0.665494 0.5138 0.00142711
660 0.665494 0.515266 0.00170153
661 0.665494 0.52065 0.00171261
662 0.665494 0.519664 0.00211478
663 0.665494 0.518172 0.00168579
664 0.665494 0.515843 0.00155152
665 0.665494 0.521857 0.00167442
666 0.665494 0.521745 0.00188499
667 0.665494 0.518828 0.00187728
668 0.665608 0.521806 0.00196836
669 0.665608 0.521558 0.00181521
670 0.665608 0.515609 0.00169483
671 0.665608 0.520878 0.0018924
672 0.665608 0.523821 0.00183076
673 0.665608 0.519566 0.00163444
674 0.665608 0.519565 0.00178635
675 0.665608 0.523472 0.00164977
676 0.665608 0.516361 0.00172434
677 0.665608 0.522718 0.00185858
678 0.665608 0.522728 0.0017833
679 0.665608 0.511663 0.00169264
680 0.665608 0.521829 0.00147596
681 0.665608 0.517511 0.00186473
682 0.665608 0.516688 0.00155665
683 0.665608 0.519268 0.00174871
684 0.665608 0.514172 0.00174192
685 0.665608 0.517282 0.00189128
686 0.665608 0.512297 0.00160848
687 0.665608 0.51867 0.00157904
688 0.665608 0.519008 0.00189044
689 0.665608 0.51589 0.00148216
690 0.665608 0.516037 0.00182528
691 0.665608 0.516922 0.00160166
692 0.665608 0.522921 0.00170748
693 0.665608 0.517573 0.0016363
694 0.665608 0.519949 0.00168405
695 0.665608 0.519614 0.001864
696 0.665608 0.512494 0.00197218
697 0.665608 0.514191 0.00172624
698 0.665608 0.514656 0.00182589
699 0.665608 0.514822 0.00174311
700 0.665608 0.516532 0.00155682
701 0.665608 0.517378 0.00163118
702 0.665608 0.515166 0.00177875
703 0.665608 0.520293 0.00174546
704 0.665608 0.517632 0.00162292
705 0.665608 0.518515 0.00195892
706 0.665608 0.51932 0.00163565
707 0.665608 0.512914 0.00143136
708 0.665608 0.516926 0.00197066
709 0.688556 0.521729 0.00214305
710 0.688556 0.515485 0.00183416
711 0.688556 0.515009 0.00165791
712 0.688556 0.517523 0.00201232
713 0.688556 0.516283 0.00182412
714 0.688556 0.519071 0.00178757
715 0.688556 0.516012 0.00160368
716 0.688556 0.518211 0.0018158
717 0.688556 0.521792 0.00203679
718 0.688556 0.518823 0.00184163
719 0.688556 0.522399 0.00207544
720 0.688556 0.520338 0.00208576
721 0.688556 0.52007 0.00192539
722 0.688556 0.51945 0.00182142
723 0.688556 0.519521 0.00192468
724 0.688556 0.513795 0.00163515
725 0.688556 0.520892 0.00191692
726 0.688556 0.521744 0.00181224
727 0.688556 0.522487 0.0019564
728 0.688556 0.518361 0.00186643
729 0.688556 0.518707 0.00192885
730 0.688556 0.519673 0.00176265
731 0.688556 0.517138 0.00178378
732 0.688556 0.517724 0.00183645
733 0.688556 0.520604 0.00176247
734 0.688556 0.519247 0.0019405
735 0.688556 0.513821 0.00164164
736 0.688556 0.518148 0.00196712
737 0.688556 0.516798 0.00186573
738 0.688556 0.518567 0.0016678
739 0.688556 0.524326 0.00215461
740 0.688556 0.519695 0.00191011
741 0.688556 0.522553 0.00199086
742 0.688556 0.519431 0.00193501
743 0.688556 0.514303 0.00178426
744 0.688556 0.516629 0.00185055
745 0.688556 0.522114 0.00206364
746 0.688556 0.522237 0.00234027
747 0.688556 0.519609 0.00231823
748 0.688556 0.519113 0.00220793
749 0.688556 0.52907 0.00239599
750 0.688556 0.521612 0.00214084
751 0.688556 0.522012 0.00232413
752 0.688556 0.519364 0.00200459
753 0.688556 0.521211 0.00217003
754 0.688556 0.528465 0.00232666
755 0.688556 0.525585 0.00221056
756 0.688556 0.525069 0.00222765
757 0.688556 0.523919 0.00218288
758 0.688556 0.522717 0.00190409
759 0.688556 0.514947 0.00183961
760 0.688556 0.521741 0.00233423
761 0.688556 0.521871 0.00200395
762 0.688556 0.523829 0.00213988
763 0.688556 0.516102 0.00177024
764 0.688556 0.522151 0.00196226
765 0.688556 0.516422 0.00207261
766 0.688556 0.518948 0.00233958
767 0.688556 0.517855 0.00199339
768 0.688556 0.521642 0.00231304
769 0.688556 0.517524 0.00189275
770 0.688556 0.518075 0.00206301
771 0.688556 0.518654 0.00192008
772 0.688556 0.524772 0.00239028
773 0.688556 0.51815 0.00202069
774 0.688556 0.520812 0.00225795
775 0.688556 0.517183 0.00199196
776 0.688556 0.51863 0.00213913
777 0.688556 0.516945 0.00213583
778 0.688556 0.520657 0.00172028
779 0.688556 0.51659 0.00198921
780 0.688556 0.519059 0.00182429
781 0.688556 0.5214 0.00186043
782 0.688556 0.518044 0.00188524
783 0.688556 0.518803 0.00187095
784 0.688556 0.518818 0.00168524
785 0.688556 0.516493 0.00197524
786 0.688556 0.519028 0.00209991
787 0.688556 0.516235 0.00180344
788 0.688556 0.522827 0.00234113
789 0.688556 0.518303 0.00201012
790 0.688556 0.517024 0.00199963
791 0.688556 0.519341 0.0018851
792 0.688556 0.515542 0.00191641
793 0.688556 0.518671 0.00186725
794 0.688556 0.520926 0.00191395
795 0.688556 0.521509 0.00223565
796 0.688556 0.520295 0.00190505
797 0.688556 0.521559 0.0019344
798 0.688556 0.52232 0.0019168
799 0.688556 0.519007 0.00207536
800 0.688556 0.519975 0.00191879
801 0.688556 0.524327 0.00218362
802 0.688556 0.519684 0.00209261
803 0.688556 0.517311 0.00176021
804 0.688556 0.516774 0.00187938
805 0.688556 0.516303 0.00168054
806 0.688556 0.516446 0.00190212
807 0.688556 0.512905 0.00176969
808 0.688556 0.515815 0.0018509
809 0.688556 0.511584 0.00178108
810 0.688556 0.521329 0.0020353
811 0.688556 0.525201 0.00202607
812 0.688556 0.524437 0.00213747
813 0.688556 0.528026 0.00230457
814 0.688556 0.521597 0.0018695
815 0.688556 0.525589 0.00197768
816 0.688556 0.526909 0.00237153
817 0.688556 0.517482 0.00188309
818 0.688556 0.523095 0.00212909
819 0.688556 0.522723 0.00193066
820 0.688556 0.521461 0.00189934
821 0.688556 0.523998 0.00205735
822 0.688556 0.519963 0.00194759
823 0.688556 0.520062 0.00209929
824 0.688556 0.519843 0.00191379
825 0.688556 0.52139 0.00199898
826 0.688556 0.524293 0.00207211
827 0.688556 0.520335 0.00200603
828 0.688556 0.520568 0.00192654
829 0.688556 0.521821 0.00172935
830 0.688556 0.522673 0.00212497
831 0.688556 0.520868 0.00220954
832 0.688556 0.5187 0.00208269
833 0.688556 0.518212 0.00174791
834 0.688556 0.519957 0.00210335
835 0.688556 0.518633 0.00216001
836 0.688556 0.517274 0.00190881
837 0.688556 0.527993 0.00203975
838 0.688556 0.52139 0.00202
839 0.688556 0.523903 0.00183961
840 0.688556 0.522629 0.00199531
841 0.688556 0.520542 0.00184557
842 0.688556 0.519639 0.00194288
843 0.688556 0.509948 0.00177941
844 0.688556 0.521423 0.0020394
845 0.688556 0.518358 0.00183279
846 0.688556 0.518681 0.00218342
847 0.688556 0.517244 0.00183974
848 0.688556 0.519042 0.00195722
849 0.688556 0.52081 0.00193357
850 0.688556 0.521299 0.00198997
851 0.688556 0.522913 0.00210938
852 0.688556 0.528124 0.00209433
853 0.688556 0.522495 0.00218982
854 0.688556 0.521605 0.00221297
855 0.688556 0.519388 0.00197555
856 0.688556 0.519237 0.00211957
857 0.688556 0.516593 0.00192187
858 0.688556 0.520876 0.00205184
859 0.688556 0.523748 0.00194488
860 0.688556 0.519144 0.00235785
861 0.688556 0.521737 0.00188027
862 0.688556 0.51855 0.00208487
863 0.688556 0.516439 0.00182751
864 0.688556 0.519328 0.00188528
865 0.688556 0.521712 0.00196769
866 0.688556 0.518438 0.00191003
867 0.688556 0.517917 0.00193432
868 0.688556 0.522709 0.00198302
869 0.688556 0.522727 0.00212552
870 0.688556 0.518292 0.00205741
871 0.688556 0.521496 0.00210967
872 0.688556 0.522215 0.00206108
873 0.688556 0.522578 0.00207943
874 0.688556 0.523252 0.00191679
875 0.688556 0.517909 0.00176941
876 0.688556 0.525696 0.00245053
877 0.688556 0.525409 0.00204468
878 0.688556 0.521255 0.00213597
879 0.688556 0.517749 0.00187437
880 0.688556 0.518346 0.00174886
881 0.688556 0.523875 0.00188481
882 0.688556 0.521198 0.00206043
883 0.688556 0.52245 0.00188807
884 0.688556 0.517265 0.0019466
885 0.688556 0.523287 0.00203501
886 0.688556 0.52232 0.002089
887 0.688556 0.522392 0.00187108
888 0.688556 0.521681 0.00193219
889 0.688556 0.528834 0.00241536
890 0.688556 0.518904 0.00189603
891 0.688556 0.515202 0.00185587
892 0.688556 0.520527 0.00199474
893 0.688556 0.517148 0.00184511
894 0.688556 0.522021 0.00175724
895 0.688556 0.516345 0.00205442
896 0.688556 0.519885 0.00194908
897 0.688556 0.525053 0.00194891
898 0.688556 0.523538 0.00179254
899 0.688556 0.521029 0.00226093
900 0.688556 0.521344 0.00225719
901 0.688556 0.525463 0.0020113
902 0.688556 0.523386 0.00213673
903 0.688556 0.524963 0.00216245
904 0.688556 0.524812 0.00214554
905 0.688556 0.523288 0.00211656
906 0.688556 0.517093 0.00188002
907 0.688556 0.519031 0.00222159
908 0.688556 0.520258 0.00211232
909 0.688556 0.516375 0.00191123
910 0.688556 0.519753 0.00188051
911 0.688556 0.522262 0.00207048
912 0.688556 0.528519 0.00197475
913 0.688556 0.526578 0.00215538
914 0.688556 0.520083 0.00189551
915 0.688556 0.517235 0.00214006
916 0.688556 0.524351 0.00187245
917 0.688556 0.52596 0.00232837
918 0.688556 0.520812 0.00181431
919 0.688556 0.523196 0.00213595
920 0.688556 0.52302 0.00196932
921 0.688556 0.522895 0.00217009
922 0.688556 0.523192 0.00221484
923 0.688556 0.522049 0.00177054
924 0.688556 0.526135 0.00204191
925 0.688556 0.524232 0.00211622
926 0.688556 0.521888 0.00209307
927 0.688556 0.519338 0.00194048
928 0.688556 0.52649 0.00201932
929 0.688556 0.518417 0.00182378
930 0.688556 0.518712 0.0022203
931 0.688556 0.51943 0.00201099
932 0.688556 0.522923 0.00228048
933 0.688556 0.524736 0.00207438
934 0.688556 0.526915 0.00208138
935 0.688556 0.527418 0.00218335
936 0.688556 0.524078 0.00208853
937 0.688556 0.520484 0.0019071
938 0.688556 0.523034 0.00214021
939 0.688556 0.524404 0.00232064
940 0.688556 0.520721 0.00198851
941 0.688556 0.519531 0.00193705
942 0.688556 0.523559 0.00224231
943 0.688556 0.520535 0.00217012
944 0.688556 0.521461 0.00214087
945 0.688556 0.518486 0.00203628
946 0.688556 0.518685 0.00185847
947 0.688556 0.52583 0.00232981
948 0.688556 0.521887 0.00206904
949 0.688556 0.515425 0.00186672
950 0.688556 0.521573 0.00207601
951 0.688556 0.517245 0.00203893
952 0.688556 0.52418 0.00205662
953 0.688556 0.521442 0.00192619
954 0.688556 0.517329 0.00212555
955 0.688556 0.518092 0.00195288
956 0.688556 0.52398 0.00187848
957 0.688556 0.517683 0.00192316
958 0.688556 0.524828 0.00182531
959 0.688556 0.525461 0.00194128
960 0.688556 0.519032 0.00196284
961 0.688556 0.519205 0.00209313
962 0.688556 0.517142 0.00195533
963 0.688556 0.524124 0.00219077
964 0.688556 0.521555 0.00198978
965 0.688556 0.521273 0.00190838
966 0.688556 0.516851 0.00202971
967 0.688556 0.520553 0.00200228
968 0.688556 0.524636 0.00210563
969 0.688556 0.521243 0.00206273
970 0.688556 0.521066 0.0019062
971 0.688556 0.523072 0.00218019
972 0.688556 0.518453 0.00196323
973 0.688556 0.520495 0.00192938
974 0.688556 0.518493 0.00229668
975 0.688556 0.52093 0.00197944
976 0.688556 0.519653 0.0018983
977 0.688556 0.523237 0.00238329
978 0.688556 0.520416 0.00241919
979 0.688556 0.520491 0.00189162
980 0.688556 0.520082 0.00200317
981 0.688556 0.525156 0.00204144
982 0.688556 0.521387 0.00204865
983 0.688556 0.525771 0.00196952
984 0.688556 0.522733 0.00224037
985 0.688556 0.525039 0.00228302
986 0.688556 0.524261 0.00213591
987 0.688556 0.520514 0.00204431
988 0.688556 0.522383 0.00176585
989 0.688556 0.519373 0.00184431
990 0.688556 0.51954 0.00189479
991 0.688556 0.521672 0.00213121
992 0.688556 0.52063 0.00238406
993 0.688556 0.521138 0.00196433
994 0.688556 0.522343 0.0021083
995 0.688556 0.520486 0.00210145
996 0.688556 0.525762 0.00222012
997 0.688556 0.518238 0.00199771
998 0.688556 0.520296 0.00207785
999 0.688556 0.516676 0.00218693
1000 0.688556 0.516486 0.00208839
1001 0.688556 0.51995 0.0021943
1002 0.688556 0.518208 0.00198373
1003 0.688556 0.515088 0.0021504
1004 0.688556 0.520614 0.00214621
1005 0.688556 0.523168 0.00228711
1006 0.688556 0.517845 0.00211643
1007 0.688556 0.515647 0.00187725
1008 0.688556 0.521619 0.0019733
1009 0.688556 0.518481 0.00225067
1010 0.688556 0.515132 0.00229107
1011 0.688556 0.518321 0.00213377
1012 0.688556 0.514807 0.00215235
1013 0.688556 0.515198 0.00196909
1014 0.688556 0.521466 0.00202304
1015 0.688556 0.521261 0.00194461
1016 0.688556 0.5212 0.00204178
1017 0.688556 0.52619 0.00213159
1018 0.688556 0.526187 0.00204908
1019 0.688556 0.521416 0.00224424
1020 0.688556 0.523882 0.00206972
1021 0.688556 0.518466 0.00215639
1022 0.688556 0.524584 0.00215299
1023 0.688556 0.520702 0.0020537
1024 0.688556 0.517218 0.00193793
1025 0.688556 0.52395 0.00212061
1026 0.688556 0.519744 0.00214597
1027 0.688556 0.528467 0.00229078
1028 0.688556 0.519876 0.00219685
1029 0.688556 0.517816 0.00182607
1030 0.688556 0.52003 0.00192021
1031 0.688556 0.519506 0.00205433
1032 0.688556 0.522193 0.00202837
1033 0.688556 0.518881 0.00200851
1034 0.688556 0.517986 0.00178456
1035 0.688556 0.517769 0.00200889
1036 0.688556 0.52009 0.00206591
1037 0.688556 0.520237 0.00179716
1038 0.688556 0.519829 0.00193233
1039 0.688556 0.516893 0.00193692
1040 0.688556 0.516231 0.0019101
1041 0.688556 0.515576 0.00191732
1042 0.688556 0.517577 0.00180883
1043 0.688556 0.514513 0.0017083
1044 0.688556 0.515851 0.00202849
1045 0.688556 0.518346 0.00198419
1046 0.688556 0.523046 0.00205919
1047 0.688556 0.518663 0.0020458
1048 0.688556 0.520513 0.00206062
1049 0.688556 0.518073 0.00186076
1050 0.688556 0.519951 0.00209201
1051 0.688556 0.5219 0.00200866
1052 0.688556 0.521726 0.0020487
1053 0.688556 0.517946 0.00188562
1054 0.688556 0.514357 0.00177333
1055 0.688556 0.518718 0.00189843
1056 0.688556 0.517984 0.00180307
1057 0.688556 0.517781 0.00207778
1058 0.688556 0.515695 0.00191988
1059 0.688556 0.516964 0.00185778
1060 0.688556 0.517481 0.00179596
1061 0.688556 0.517512 0.00175364
1062 0.688556 0.515027 0.00179167
1063 0.688556 0.525153 0.0021103
1064 0.688556 0.518895 0.00194455
1065 0.688556 0.517419 0.00207063
1066 0.688556 0.51844 0.00205095
1067 0.688556 0.517771 0.00185899
1068 0.688556 0.52251 0.00250064
1069 0.688556 0.520909 0.00181791
1070 0.688556 0.5217 0.00204115
1071 0.688556 0.518325 0.00197663
1072 0.688556 0.519466 0.00203401
1073 0.688556 0.52412 0.00219808
1074 0.688556 0.517293 0.00201152
1075 0.688556 0.522665 0.00206347
1076 0.688556 0.515604 0.00200956
1077 0.688556 0.519175 0.00205548
1078 0.688556 0.519085 0.00225908
1079 0.688556 0.517232 0.0020007
1080 0.688556 0.517227 0.00223149
1081 0.688556 0.517111 0.00193078
1082 0.688556 0.525186 0.00201857
1083 0.688556 0.520079 0.00201949
1084 0.688556 0.517899 0.00191903
1085 0.688556 0.516514 0.00181532
1086 0.688556 0.515686 0.00195486
1087 0.688556 0.515533 0.00173143
1088 0.688556 0.514533 0.00203464
1089 0.688556 0.516007 0.00196816
1090 0.688556 0.516136 0.0018992
1091 0.688556 0.520216 0.0022797
1092 0.688556 0.519648 0.0021234
1093 0.688556 0.528273 0.00220106
1094 0.688556 0.528773 0.00211926
1095 0.688556 0.520576 0.00191821
1096 0.688556 0.519953 0.00203392
1097 0.688556 0.517184 0.00178037
1098 0.688556 0.521445 0.00203983
1099 0.688556 0.515733 0.00171983
1100 0.688556 0.521558 0.00190987
1101 0.688556 0.522181 0.00237642
1102 0.688556 0.519167 0.00202276
1103 0.688556 0.520452 0.00195731
1104 0.688556 0.523155 0.00202248
1105 0.688556 0.523079 0.00213808
1106 0.688556 0.526997 0.00224727
1107 0.688556 0.525849 0.00213982
1108 0.688556 0.519192 0.00219401
1109 0.688556 0.520264 0.00187348
1110 0.688556 0.521378 0.00208355
1111 0.688556 0.520973 0.00210189
1112 0.688556 0.523695 0.0019279
1113 0.688556 0.52144 0.00183537
1114 0.688556 0.5247 0.0021485
1115 0.688556 0.52271 0.00188065
1116 0.688556 0.521805 0.00190929
1117 0.688556 0.517463 0.00174963
1118 0.688556 0.523818 0.0020836
1119 0.688556 0.518098 0.00195468
1120 0.688556 0.515299 0.00186381
1121 0.688556 0.518025 0.00190482
1122 0.688556 0.519828 0.00207035
1123 0.688556 0.517145 0.00202096
1124 0.688556 0.52155 0.00187344
1125 0.688556 0.521588 0.00227421
1126 0.688556 0.521609 0.00203169
1127 0.688556 0.519905 0.0019345
1128 0.688556 0.516823 0.00175003
1129 0.688556 0.517819 0.00201248
1130 0.688556 0.518908 0.00205937
1131 0.688556 0.514982 0.00180175
1132 0.688556 0.517628 0.0020452
1133 0.688556 0.519232 0.00203844
1134 0.688556 0.518179 0.00199859
1135 0.688556 0.519992 0.00217245
1136 0.688556 0.516788 0.00206593
1137 0.688556 0.519057 0.00213227
1138 0.688556 0.523577 0.00224203
1139 0.688556 0.517733 0.00193853
1140 0.688556 0.521382 0.00205246
1141 0.688556 0.525214 0.00217634
1142 0.688556 0.522743 0.00203637
1143 0.688556 0.514816 0.00180661
1144 0.688556 0.51709 0.00206169
1145 0.688556 0.521478 0.0019903
1146 0.688556 0.519932 0.00183111
1147 0.688556 0.51692 0.00207903
1148 0.688556 0.518815 0.00189865
1149 0.688556 0.518358 0.00210118
1150 0.688556 0.518558 0.00185103
1151 0.688556 0.515342 0.00176259
1152 0.688556 0.520883 0.00234406
1153 0.688556 0.51663 0.00200867
1154 0.688556 0.522814 0.00198558
1155 0.688556 0.523405 0.00197553
1156 0.688556 0.521403 0.0019603
1157 0.688556 0.522422 0.00195195
1158 0.688556 0.521509 0.0018556
1159 0.688556 0.52227 0.00213468
1160 0.688556 0.521381 0.0019691
1161 0.688556 0.515318 0.00197679
1162 0.688556 0.522734 0.00231635
1163 0.688556 0.525303 0.00204809
1164 0.688556 0.520797 0.0022814
1165 0.688556 0.521523 0.0019311
1166 0.688556 0.521825 0.00201028
1167 0.688556 0.521333 0.00217894
1168 0.688556 0.517628 0.00205344
1169 0.688556 0.517645 0.0019743
1170 0.688556 0.513785 0.00186376
1171 0.688556 0.514605 0.00191972
1172 0.688556 0.522205 0.00219005
1173 0.688556 0.515953 0.00189982
1174 0.688556 0.518766 0.00186352
1175 0.688556 0.515857 0.00176933
1176 0.688556 0.518981 0.00219408
1177 0.688556 0.519135 0.00200199
1178 0.688556 0.52329 0.00207048
1179 0.688556 0.514578 0.00207867
1180 0.688556 0.522466 0.00230902
1181 0.688556 0.520095 0.00210243
1182 0.688556 0.516834 0.0018864
1183 0.688556 0.526552 0.00226334
1184 0.688556 0.524305 0.00210947
1185 0.688556 0.521167 0.00209085
1186 0.688556 0.520401 0.00222713
1187 0.688556 0.523842 0.00192285
1188 0.688556 0.516935 0.00207761
1189 0.688556 0.520822 0.00201216
1190 0.688556 0.518202 0.00172628
1191 0.688556 0.517426 0.00189535
1192 0.688556 0.519458 0.001979
1193 0.688556 0.51464 0.00200305
1194 0.688556 0.52397 0.00198194
1195 0.688556 0.515099 0.00173707
1196 0.688556 0.523551 0.00206266
1197 0.688556 0.516115 0.0017747
1198 0.688556 0.520611 0.00190225
1199 0.688556 0.517151 0.00183156
1200 0.688556 0.521672 0.00208276
1201 0.688556 0.523963 0.00214055
1202 0.688556 0.522265 0.00196551
1203 0.688556 0.52597 0.00231924
1204 0.688556 0.519922 0.00232764
1205 0.688556 0.519762 0.00196813
1206 0.688556 0.524168 0.00188123
1207 0.688556 0.524493 0.00195693
1208 0.688556 0.521488 0.00186559
1209 0.688556 0.517826 0.00190843
1210 0.688556 0.520008 0.00194129
1211 0.688556 0.518908 0.00220752
1212 0.688556 0.51869 0.00197261
1213 0.688556 0.51343 0.00173445
1214 0.688556 0.521094 0.00177491
1215 0.688556 0.51595 0.00198663
1216 0.688556 0.52543 0.00198889
1217 0.688556 0.517362 0.001922
1218 0.688556 0.514839 0.00190626
1219 0.688556 0.513927 0.00183376
1220 0.688556 0.517032 0.00200967
1221 0.688556 0.521148 0.00216397
1222 0.688556 0.518344 0.00175737
1223 0.688556 0.523543 0.0020197
1224 0.688556 0.515408 0.00203689
1225 0.688556 0.520359 0.00216389
1226 0.688556 0.52287 0.0021571
1227 0.688556 0.521566 0.00196453
1228 0.688556 0.518824 0.00209605
1229 0.688556 0.521705 0.00204657
1230 0.688556 0.518932 0.00203743
1231 0.688556 0.521335 0.00198528
1232 0.688556 0.522649 0.0019849
1233 0.688556 0.520657 0.00212359
1234 0.688556 0.522432 0.00202763
1235 0.688556 0.517952 0.00215082
1236 0.688556 0.518484 0.00196443
1237 0.688556 0.517301 0.00194124
1238 0.688556 0.517293 0.00214191
1239 0.688556 0.520254 0.0020467
1240 0.688556 0.520936 0.00208409
1241 0.688556 0.52523 0.00227052
1242 0.688556 0.51511 0.0020081
1243 0.688556 0.515588 0.002069
1244 0.688556 0.520714 0.00194471
1245 0.688556 0.519794 0.00208092
1246 0.688556 0.519244 0.00201934
1247 0.688556 0.52106 0.00191652
1248 0.688556 0.517719 0.00220597
1249 0.688556 0.52165 0.00224356
1250 0.688556 0.523285 0.00193188
1251 0.688556 0.517955 0.00184789
1252 0.688556 0.521821 0.00204162
1253 0.688556 0.519929 0.0021959
1254 0.688556 0.521081 0.00205889
1255 0.688556 0.515859 0.00215918
1256 0.688556 0.517557 0.0020841
1257 0.688556 0.522253 0.00186466
1258 0.688556 0.521938 0.00218012
1259 0.688556 0.520277 0.00231033
1260 0.688556 0.515546 0.00220002
1261 0.688556 0.515781 0.00163589
1262 0.688556 0.517428 0.00188996
1263 0.688556 0.521849 0.0021892
1264 0.688556 0.519709 0.00211676
1265 0.688556 0.51799 0.00214309
1266 0.688556 0.516931 0.00198276
1267 0.688556 0.514029 0.00183746
1268 0.688556 0.516816 0.00171043
1269 0.688556 0.515829 0.00185206
1270 0.688556 0.514166 0.00167387
1271 0.688556 0.517613 0.0020109
1272 0.688556 0.519945 0.00203492
1273 0.688556 0.519323 0.00180297
1274 0.688556 0.517163 0.00177448
1275 0.688556 0.519712 0.00200903
1276 0.688556 0.517932 0.0018989
1277 0.688556 0.517414 0.00184344
1278 0.688556 0.516512 0.00187774
1279 0.688556 0.519021 0.00172268
1280 0.688556 0.514372 0.0020166
1281 0.688556 0.522811 0.00207671
1282 0.688556 0.522242 0.00207032
1283 0.688556 0.520752 0.00196608
1284 0.688556 0.518036 0.00190722
1285 0.688556 0.514738 0.00175731
1286 0.688556 0.518317 0.00167704
1287 0.688556 0.517343 0.00191902
1288 0.688556 0.525906 0.00210462
1289 0.688556 0.51995 0.00199347
1290 0.688556 0.524796 0.00191009
1291 0.688556 0.519445 0.00196696
1292 0.688556 0.517531 0.0021277
1293 0.688556 0.517851 0.00212214
1294 0.688556 0.520248 0.00204769
1295 0.688556 0.52042 0.00191972
1296 0.688556 0.519458 0.00187337
1297 0.688556 0.516486 0.00201853
1298 0.688556 0.525117 0.00223339
1299 0.688556 0.525514 0.0020998
1300 0.688556 0.519865 0.00233801
1301 0.688556 0.517612 0.00197148
1302 0.688556 0.525126 0.00201375
1303 0.688556 0.518866 0.00220755
1304 0.688556 0.521263 0.00179796
1305 0.688556 0.519751 0.00207917
1306 0.688556 0.520056 0.00228167
1307 0.688556 0.517198 0.00182725
1308 0.688556 0.518467 0.00248617
1309 0.688556 0.515879 0.00197268
1310 0.688556 0.520421 0.00225596
1311 0.688556 0.51981 0.00212216
1312 0.688556 0.522425 0.00221707
1313 0.688556 0.521391 0.00203378
1314 0.688556 0.51409 0.00186095
1315 0.688556 0.519868 0.00204414
1316 0.688556 0.518004 0.00176041
1317 0.688556 0.519011 0.00178715
1318 0.688556 0.518206 0.0020231
1319 0.688556 0.521711 0.001939
1320 0.688556 0.520682 0.00223086
1321 0.688556 0.520013 0.00213871
1322 0.688556 0.522387 0.00208639
1323 0.688556 0.519124 0.00216512
1324 0.688556 0.521336 0.0022264
1325 0.688556 0.518905 0.00182702
1326 0.688556 0.518541 0.00204255
1327 0.688556 0.523155 0.00216588
1328 0.688556 0.519347 0.00194809
1329 0.688556 0.517384 0.00229348
1330 0.688556 0.524951 0.00220074
1331 0.688556 0.521243 0.00209228
1332 0.688556 0.528093 0.00194643
1333 0.688556 0.526881 0.0017968
1334 0.688556 0.525934 0.00209319
1335 0.688556 0.524561 0.00225344
1336 0.688556 0.52157 0.00215213
1337 0.688556 0.517855 0.0020661
1338 0.688556 0.520957 0.00194376
1339 0.688556 0.520195 0.00262455
1340 0.688556 0.524072 0.00195617
1341 0.688556 0.521962 0.00214288
1342 0.688556 0.524139 0.00234775
1343 0.688556 0.521313 0.00227855
1344 0.688556 0.518959 0.00217547
1345 0.688556 0.522138 0.00211997
1346 0.688556 0.520369 0.00189893
1347 0.688556 0.523395 0.00219907
1348 0.688556 0.522649 0.00191795
1349 0.688556 0.51915 0.00181898
1350 0.688556 0.521308 0.00208464
1351 0.688556 0.513364 0.0020964
1352 0.688556 0.520959 0.0021057
1353 0.688556 0.523266 0.00209262
1354 0.688556 0.519287 0.00200044
1355 0.688556 0.518042 0.00194785
1356 0.688556 0.520593 0.00183493
1357 0.688556 0.521695 0.00208824
1358 0.688556 0.522064 0.00210308
1359 0.688556 0.516528 0.00206218
1360 0.688556 0.519485 0.00203103
1361 0.688556 0.519761 0.00203662
1362 0.688556 0.513791 0.00189792
1363 0.688556 0.515162 0.00201913
1364 0.688556 0.518121 0.00188448
1365 0.688556 0.516188 0.00196617
1366 0.688556 0.508725 0.00209107
1367 0.688556 0.516726 0.00202996
1368 0.688556 0.519174 0.00227919
1369 0.688556 0.526239 0.00210026
1370 0.688556 0.521137 0.00198935
1371 0.688556 0.521989 0.00203768
1372 0.688556 0.518552 0.00197121
1373 0.688556 0.521519 0.0020379
1374 0.688556 0.520065 0.00170804
1375 0.688556 0.515283 0.00202842
1376 0.688556 0.517691 0.00177581
1377 0.688556 0.520157 0.00200128
1378 0.688556 0.520489 0.00224349
1379 0.688556 0.520471 0.00191737
1380 0.688556 0.521006 0.0021217
1381 0.688556 0.521961 0.00196967
1382 0.688556 0.525603 0.00183814
1383 0.688556 0.519581 0.00167806
1384 0.688556 0.524768 0.00204287
1385 0.688556 0.521832 0.00187947
1386 0.688556 0.523727 0.00188551
1387 0.688556 0.523248 0.00207182
1388 0.688556 0.516911 0.00192827
1389 0.688556 0.522665 0.00237636
1390 0.688556 0.521975 0.00191147
1391 0.688556 0.519475 0.00187034
1392 0.688556 0.519673 0.00217034
1393 0.688556 0.523654 0.00223754
1394 0.688556 0.519916 0.00201849
1395 0.688556 0.518648 0.00228791
1396 0.688556 0.518045 0.00219558
1397 0.688556 0.51729 0.00185502
1398 0.688556 0.518454 0.00237016
1399 0.688556 0.519843 0.00222117
1400 0.688556 0.519622 0.00198569
1401 0.688556 0.52229 0.0020379
1402 0.688556 0.52876 0.00204229
1403 0.688556 0.523408 0.0024436
1404 0.688556 0.523347 0.00209651
1405 0.688556 0.526436 0.00228048
1406 0.688556 0.52227 0.00225346
1407 0.688556 0.522644 0.00236941
1408 0.688556 0.515907 0.00212041
1409 0.688556 0.51713 0.00197379
1410 0.688556 0.517616 0.00180839
1411 0.688556 0.521956 0.0018276
1412 0.688556 0.521341 0.00196469
1413 0.688556 0.522363 0.00200891
1414 0.688556 0.523008 0.00205349
1415 0.688556 0.524722 0.00214141
1416 0.688556 0.525652 0.00215746
1417 0.688556 0.523538 0.00197166
1418 0.688556 0.524184 0.00196555
1419 0.688556 0.51397 0.00193093
1420 0.688556 0.515992 0.0019002
1421 0.688556 0.514075 0.00196094
1422 0.688556 0.518238 0.00211249
1423 0.688556 0.52187 0.00184682
1424 0.688556 0.523248 0.00199393
1425 0.688556 0.524205 0.00184458
1426 0.688556 0.518293 0.00197143
1427 0.688556 0.517592 0.002064
1428 0.688556 0.518632 0.00182575
1429 0.688556 0.523457 0.00196919
1430 0.688556 0.519999 0.00196575
1431 0.688556 0.519143 0.0017888
1432 0.688556 0.516217 0.00189288
1433 0.688556 0.521165 0.00194726
1434 0.688556 0.521491 0.00235037
1435 0.688556 0.518984 0.00190618
1436 0.688556 0.51917 0.00203401
1437 0.688556 0.522324 0.00213752
1438 0.688556 0.518328 0.00194341
1439 0.688556 0.511921 0.00185178
1440 0.688556 0.513991 0.00180882
1441 0.688556 0.516897 0.00201911
1442 0.688556 0.518029 0.00194692
1443 0.688556 0.522144 0.00211697
1444 0.688556 0.521407 0.00221437
1445 0.688556 0.519888 0.00200303
1446 0.688556 0.518083 0.00203486
1447 0.688556 0.5187 0.0020116
1448 0.688556 0.517476 0.00186379
1449 0.688556 0.515691 0.00177961
1450 0.688556 0.519108 0.00185106
1451 0.688556 0.524111 0.00225771
1452 0.688556 0.528345 0.00199202
1453 0.688556 0.525746 0.00204946
1454 0.688556 0.52322 0.00217357
1455 0.688556 0.520647 0.00197848
1456 0.688556 0.519741 0.00209594
1457 0.688556 0.517674 0.00204009
1458 0.688556 0.520173 0.00189568
1459 0.688556 0.520671 0.00205291
1460 0.688556 0.521753 0.00219593
1461 0.688556 0.521499 0.00215821
1462 0.688556 0.519596 0.00198567
1463 0.688556 0.515365 0.0018499
1464 0.688556 0.51726 0.00182866
1465 0.688556 0.520034 0.00186949
1466 0.688556 0.520467 0.00198703
1467 0.688556 0.517332 0.0020591
1468 0.688556 0.522568 0.00237824
1469 0.688556 0.521537 0.00201741
1470 0.688556 0.525921 0.00200808
1471 0.688556 0.52219 0.00188452
1472 0.688556 0.519335 0.00202469
1473 0.688556 0.522168 0.00202908
1474 0.688556 0.517887 0.00199905
1475 0.688556 0.526139 0.00226638
1476 0.688556 0.524475 0.00199799
1477 0.688556 0.525994 0.00183675
1478 0.688556 0.525632 0.00227176
1479 0.688556 0.526851 0.0019853
1480 0.688556 0.524297 0.00230532
1481 0.688556 0.52611 0.00192076
1482 0.688556 0.522411 0.0020182
1483 0.688556 0.521037 0.00194309
1484 0.688556 0.521916 0.00181643
1485 0.688556 0.523024 0.00198226
1486 0.688556 0.520379 0.00202751
1487 0.688556 0.51801 0.00185935
1488 0.688556 0.521447 0.00216168
1489 0.688556 0.523808 0.00236301
1490 0.688556 0.516984 0.00187653
1491 0.688556 0.521133 0.00203747
1492 0.688556 0.518391 0.00213204
1493 0.688556 0.518194 0.0020478
1494 0.688556 0.523861 0.00211455
1495 0.688556 0.520037 0.00201764
1496 0.688556 0.520322 0.00208553
1497 0.688556 0.520894 0.00227107
1498 0.688556 0.517259 0.00194059
1499 0.688556 0.524145 0.00229823
1500 0.688556 0.516872 0.00173808
1501 0.688556 0.518704 0.00187124
1502 0.688556 0.517095 0.00210574
1503 0.688556 0.516068 0.00210407
1504 0.688556 0.523194 0.00217997
1505 0.688556 0.519614 0.00202395
1506 0.688556 0.521593 0.00227167
1507 0.688556 0.520975 0.00182468
1508 0.688556 0.521113 0.00198761
1509 0.688556 0.519412 0.00200587
1510 0.688556 0.516648 0.00202935
1511 0.688556 0.518834 0.00206962
1512 0.688556 0.519667 0.001915
1513 0.688556 0.522828 0.00214951
1514 0.688556 0.522314 0.00194641
1515 0.688556 0.520911 0.0020485
1516 0.688556 0.518588 0.00200063
1517 0.688556 0.51575 0.00200154
1518 0.688556 0.513036 0.00188976
1519 0.688556 0.517359 0.00221964
1520 0.688556 0.525309 0.00212125
1521 0.688556 0.517164 0.00213217
1522 0.688556 0.52008 0.00206055
1523 0.688556 0.516738 0.00199305
1524 0.688556 0.514398 0.00190953
1525 0.688556 0.51834 0.0020453
1526 0.688556 0.519603 0.00179855
1527 0.688556 0.520333 0.00192858
1528 0.688556 0.518987 0.00174886
1529 0.688556 0.517623 0.00185573
1530 0.688556 0.517551 0.00205272
1531 0.688556 0.520418 0.00223653
1532 0.688556 0.516168 0.00177917
1533 0.688556 0.519175 0.00205981
1534 0.688556 0.517616 0.00199305
1535 0.688556 0.519071 0.00178533
1536 0.688556 0.515308 0.00184851
1537 0.688556 0.517857 0.00191711
1538 0.688556 0.518354 0.00211679
1539 0.688556 0.518762 0.00193424
1540 0.688556 0.51993 0.00237821
1541 0.688556 0.52019 0.00194952
1542 0.688556 0.518089 0.00177974
1543 0.688556 0.521039 0.00210053
1544 0.688556 0.515663 0.00195532
1545 0.688556 0.517789 0.0021838
1546 0.688556 0.522732 0.00233005
1547 0.688556 0.520356 0.0022162
1548 0.688556 0.520275 0.00214447
1549 0.688556 0.517763 0.00184445
1550 0.688556 0.516792 0.00191446
1551 0.688556 0.519055 0.00190202
1552 0.688556 0.515773 0.00218024
1553 0.688556 0.51943 0.00194777
1554 0.688556 0.51722 0.002335
1555 0.688556 0.512244 0.00184338
1556 0.688556 0.515363 0.00213958
1557 0.688556 0.518379 0.00221508
1558 0.688556 0.520316 0.00198128
1559 0.688556 0.519932 0.00193938
1560 0.688556 0.515752 0.00215709
1561 0.688556 0.519158 0.00200063
1562 0.688556 0.520132 0.00178269
1563 0.688556 0.5214 0.00242919
1564 0.688556 0.521392 0.00214395
1565 0.688556 0.520487 0.0020749
1566 0.688556 0.52331 0.00233325
1567 0.688556 0.526546 0.00252826
1568 0.688556 0.52542 0.00247107
1569 0.688556 0.523587 0.0019405
1570 0.688556 0.525918 0.00240833
1571 0.688556 0.524044 0.00238184
1572 0.688556 0.522858 0.00201894
1573 0.688556 0.52242 0.00194922
1574 0.688556 0.52234 0.00226043
1575 0.688556 0.517478 0.00208775
1576 0.688556 0.518138 0.00202432
1577 0.688556 0.521078 0.00216137
1578 0.688556 0.523022 0.00222615
1579 0.688556 0.521743 0.00196374
1580 0.688556 0.516286 0.00185761
1581 0.688556 0.519763 0.00210697
1582 0.688556 0.521422 0.00188473
1583 0.688556 0.515986 0.00196685
1584 0.688556 0.519148 0.00189191
1585 0.688556 0.521809 0.0020737
1586 0.688556 0.516589 0.00200267
1587 0.688556 0.522289 0.00222882
1588 0.688556 0.520828 0.00201547
1589 0.688556 0.522108 0.0022677
1590 0.688556 0.518502 0.00222963
1591 0.688556 0.519732 0.00188002
1592 0.688556 0.524402 0.00203516
1593 0.688556 0.522754 0.00222031
1594 0.688556 0.523595 0.00217302
1595 0.688556 0.525004 0.0018701
1596 0.688556 0.520285 0.0018026
1597 0.688556 0.518823 0.00216298
1598 0.688556 0.520138 0.00204915
1599 0.688556 0.522783 0.00210532
1600 0.688556 0.524165 0.00213098
1601 0.688556 0.519405 0.00211145
1602 0.688556 0.518097 0.00208871
1603 0.688556 0.521253 0.00189625
1604 0.688556 0.517388 0.00198568
1605 0.688556 0.521995 0.00238405
1606 0.688556 0.520656 0.00217479
1607 0.688556 0.521704 0.00217839
1608 0.688556 0.525044 0.0021394
1609 0.688556 0.525157 0.00213423
1610 0.688556 0.521245 0.00200887
1611 0.688556 0.519984 0.00214233
1612 0.688556 0.522487 0.0020212
1613 0.688556 0.523248 0.00229244
1614 0.688556 0.52019 0.00210477
1615 0.688556 0.521916 0.00199467
1616 0.688556 0.521624 0.00184962
1617 0.688556 0.526795 0.00217547
1618 0.688556 0.524531 0.00220901
1619 0.688556 0.524116 0.00221184
1620 0.688556 0.522714 0.00212385
1621 0.688556 0.521055 0.00208246
1622 0.688556 0.519769 0.00198024
1623 0.688556 0.52217 0.0019371
1624 0.688556 0.525188 0.00206257
1625 0.688556 0.523718 0.00207446
1626 0.688556 0.526949 0.00184621
1627 0.688556 0.526298 0.00208491
1628 0.688556 0.527632 0.00232533
1629 0.688556 0.523751 0.0020045
1630 0.688556 0.526518 0.00185383
1631 0.688556 0.526485 0.00206612
1632 0.688556 0.524909 0.0020084
1633 0.688556 0.521165 0.00224618
1634 0.688556 0.523931 0.00208774
1635 0.688556 0.519449 0.00209158
1636 0.688556 0.517963 0.00191846
1637 0.688556 0.520045 0.00196544
1638 0.688556 0.523844 0.00199744
1639 0.688556 0.52036 0.00242687
1640 0.688556 0.526536 0.00225379
1641 0.688556 0.522655 0.00228839
1642 0.688556 0.523091 0.0022172
1643 0.688556 0.517296 0.00200575
1644 0.688556 0.521601 0.00210921
1645 0.688556 0.515035 0.00199472
1646 0.688556 0.5175 0.00181221
1647 0.688556 0.519885 0.00206957
1648 0.688556 0.516424 0.00188373
1649 0.688556 0.520152 0.0019735
1650 0.688556 0.526334 0.00187649
1651 0.688556 0.520871 0.00216707
1652 0.688556 0.52635 0.00229251
1653 0.688556 0.520444 0.00194866
1654 0.688556 0.51961 0.002096
1655 0.688556 0.521019 0.00183639
1656 0.688556 0.517619 0.00198044
1657 0.688556 0.521018 0.00237282
1658 0.688556 0.526634 0.00200319
1659 0.688556 0.522307 0.00203822
1660 0.688556 0.523075 0.00211652
1661 0.688556 0.525234 0.00198769
1662 0.688556 0.521674 0.0020961
1663 0.688556 0.523479 0.00221965
1664 0.688556 0.527007 0.00215816
1665 0.688556 0.527254 0.00267992
1666 0.688556 0.519571 0.00222808
1667 0.688556 0.521679 0.00206602
1668 0.688556 0.522773 0.00222375
1669 0.688556 0.517212 0.00206398
1670 0.688556 0.52174 0.0023821
1671 0.688556 0.525379 0.00210047
1672 0.688556 0.525966 0.00204538
1673 0.688556 0.533041 0.00208895
1674 0.688556 0.525297 0.00223055
1675 0.688556 0.523874 0.00202543
1676 0.688556 0.525305 0.00212648
1677 0.688556 0.520846 0.00210657
1678 0.688556 0.520607 0.00213093
1679 0.688556 0.521694 0.00196577
1680 0.688556 0.524583 0.00223875
1681 0.688556 0.52278 0.00198068
1682 0.688556 0.523419 0.00173051
1683 0.688556 0.520638 0.00198206
1684 0.688556 0.522653 0.0019136
1685 0.688556 0.52447 0.00199026
1686 0.688556 0.522587 0.00229222
1687 0.688556 0.516845 0.00188855
1688 0.688556 0.521596 0.00194955
1689 0.688556 0.525649 0.00212841
1690 0.688556 0.51987 0.0022361
1691 0.688556 0.523325 0.00214378
1692 0.688556 0.524356 0.00240787
1693 0.688556 0.527149 0.00206047
1694 0.688556 0.521477 0.00225836
1695 0.688556 0.518156 0.00207265
1696 0.688556 0.518183 0.0022111
1697 0.688556 0.52186 0.0022884
1698 0.688556 0.520855 0.00247983
1699 0.688556 0.523729 0.00220357
1700 0.688556 0.519379 0.00187279
1701 0.688556 0.518261 0.00216513
1702 0.688556 0.521022 0.00222679
1703 0.688556 0.521624 0.00212942
1704 0.688556 0.521128 0.00200202
1705 0.688556 0.521817 0.00209111
1706 0.688556 0.51796 0.00185318
1707 0.688556 0.517292 0.00181816
1708 0.688556 0.522199 0.00198192
1709 0.688556 0.518176 0.00197683
1710 0.688556 0.515231 0.00211522
1711 0.688556 0.523007 0.00184729
1712 0.688556 0.522631 0.00194234
1713 0.688556 0.523804 0.0021207
1714 0.688556 0.524028 0.00220578
1715 0.688556 0.520038 0.00182873
1716 0.688556 0.52756 0.00217233
1717 0.688556 0.524771 0.00234944
1718 0.688556 0.522456 0.00196137
1719 0.688556 0.525279 0.00205546
1720 0.688556 0.518831 0.00202224
1721 0.688556 0.522203 0.00197028
1722 0.688556 0.524285 0.00206365
1723 0.688556 0.527279 0.00222436
1724 0.688556 0.526397 0.00216652
1725 0.688556 0.521369 0.00217261
1726 0.688556 0.526292 0.00214784
1727 0.688556 0.528222 0.00223793
1728 0.688556 0.518717 0.00214667
1729 0.688556 0.520874 0.00232357
1730 0.688556 0.52365 0.00205451
1731 0.688556 0.52688 0.00207572
1732 0.688556 0.519085 0.0020307
1733 0.688556 0.518326 0.00193644
1734 0.688556 0.522453 0.00209234
1735 0.688556 0.520751 0.0021136
1736 0.688556 0.525824 0.00237092
1737 0.688556 0.520983 0.00215938
1738 0.688556 0.519121 0.00205128
1739 0.688556 0.524226 0.0021241
1740 0.688556 0.524682 0.00199447
1741 0.688556 0.522667 0.00208267
1742 0.688556 0.522345 0.0019451
1743 0.688556 0.522192 0.00205328
1744 0.688556 0.519227 0.0020954
1745 0.688556 0.51931 0.00197607
1746 0.688556 0.522366 0.00231284
1747 0.688556 0.523119 0.00232767
1748 0.688556 0.519869 0.00191574
1749 0.688556 0.523393 0.00177002
1750 0.688556 0.522586 0.00229786
1751 0.688556 0.514504 0.00195898
1752 0.688556 0.521288 0.00235397
1753 0.688556 0.518742 0.00236122
1754 0.688556 0.523886 0.00229868
1755 0.688556 0.51974 0.00228354
1756 0.688556 0.517442 0.00214701
1757 0.688556 0.517949 0.00208759
1758 0.688556 0.517069 0.00203601
1759 0.688556 0.512121 0.00181679
1760 0.688556 0.520119 0.00205771
1761 0.688556 0.517818 0.00200839
1762 0.688556 0.517972 0.00191911
1763 0.688556 0.521378 0.0019909
1764 0.688556 0.517434 0.00200752
1765 0.688556 0.515679 0.00193023
1766 0.688556 0.517232 0.00213655
1767 0.688556 0.518429 0.00215587
1768 0.688556 0.522678 0.00228935
1769 0.688556 0.520112 0.00226905
1770 0.688556 0.52049 0.00214546
1771 0.688556 0.520893 0.00221858
1772 0.688556 0.513225 0.00197832
1773 0.688556 0.51566 0.00189123
1774 0.688556 0.515598 0.00205969
1775 0.688556 0.519946 0.00212561
1776 0.688556 0.522556 0.0017751
1777 0.688556 0.518043 0.00202692
1778 0.688556 0.513611 0.00198113
1779 0.688556 0.517231 0.00199119
1780 0.688556 0.518488 0.00210407
1781 0.688556 0.519646 0.00196136
1782 0.688556 0.522146 0.00225732
1783 0.688556 0.524082 0.00211059
1784 0.688556 0.52557 0.00190836
1785 0.688556 0.520871 0.0020844
1786 0.688556 0.516036 0.0019804
1787 0.688556 0.51977 0.00208633
1788 0.688556 0.517095 0.00175172
1789 0.688556 0.527318 0.00208355
1790 0.688556 0.521315 0.0019053
1791 0.688556 0.524683 0.00213924
1792 0.688556 0.51903 0.0017626
1793 0.688556 0.525001 0.00220192
1794 0.688556 0.529571 0.00232788
1795 0.688556 0.523028 0.00203507
1796 0.688556 0.523249 0.00239561
1797 0.688556 0.523288 0.00222237
1798 0.688556 0.521565 0.00190222
1799 0.688556 0.527946 0.00207703
1800 0.688556 0.522322 0.00199692
1801 0.688556 0.522861 0.00218491
1802 0.688556 0.52817 0.00226137
1803 0.688556 0.525422 0.00200917
1804 0.688556 0.531367 0.00243509
1805 0.688556 0.527024 0.00238324
1806 0.688556 0.525726 0.00249861
1807 0.688556 0.526893 0.00230002
1808 0.688556 0.520115 0.0018557
1809 0.688556 0.522091 0.00213231
1810 0.688556 0.525292 0.00215039
1811 0.688556 0.519378 0.00210608
1812 0.688556 0.522673 0.00209737
1813 0.688556 0.517458 0.00189858
1814 0.688556 0.520429 0.00192632
1815 0.688556 0.521406 0.00209926
1816 0.688556 0.517731 0.00218308
1817 0.688556 0.522703 0.00211895
1818 0.688556 0.52045 0.00200293
1819 0.688556 0.518939 0.00179206
1820 0.688556 0.51787 0.00170753
1821 0.688556 0.520074 0.00171538
1822 0.688556 0.521003 0.00212201
1823 0.688556 0.519593 0.00216318
1824 0.688556 0.525959 0.00232238
1825 0.688556 0.519471 0.00248024
1826 0.688556 0.527479 0.00231912
1827 0.688556 0.524446 0.00193196
1828 0.688556 0.520785 0.00198009
1829 0.688556 0.51867 0.00202325
1830 0.688556 0.518705 0.00218932
1831 0.688556 0.520115 0.00214281
1832 0.688556 0.519509 0.00202495
1833 0.688556 0.52126 0.0020851
1834 0.688556 0.520618 0.00206241
1835 0.688556 0.524821 0.00222486
1836 0.688556 0.522002 0.00249645
1837 0.688556 0.524161 0.00220145
1838 0.688556 0.523982 0.00211459
1839 0.688556 0.519362 0.00199381
1840 0.688556 0.517383 0.00224018
1841 0.688556 0.520515 0.00201688
1842 0.688556 0.517532 0.00224872
1843 0.688556 0.527027 0.00262977
1844 0.688556 0.521513 0.00244205
1845 0.688556 0.528804 0.00253918
1846 0.688556 0.523162 0.0021062
1847 0.688556 0.524402 0.00235242
1848 0.688556 0.524904 0.00222625
1849 0.688556 0.523637 0.0021147
1850 0.688556 0.522228 0.00214312
1851 0.688556 0.524022 0.00196684
1852 0.688556 0.527756 0.0020433
1853 0.688556 0.525604 0.00238099
1854 0.688556 0.521972 0.00218688
1855 0.688556 0.519514 0.0022661
1856 0.688556 0.529057 0.0022112
1857 0.688556 0.522804 0.00210585
1858 0.688556 0.519795 0.00207208
1859 0.688556 0.520237 0.00194394
1860 0.688556 0.523056 0.00232302
1861 0.688556 0.51724 0.00203248
1862 0.688556 0.517546 0.00196704
1863 0.688556 0.51944 0.0020926
1864 0.688556 0.519903 0.00197612
1865 0.688556 0.521271 0.00222484
1866 0.688556 0.520773 0.00201776
1867 0.688556 0.518941 0.00174487
1868 0.688556 0.520199 0.00212456
1869 0.688556 0.518966 0.00212328
1870 0.688556 0.520497 0.00192168
1871 0.688556 0.523423 0.00220399
1872 0.688556 0.521434 0.00196461
1873 0.688556 0.528347 0.00212944
1874 0.688556 0.524949 0.0020906
1875 0.688556 0.523115 0.00179709
1876 0.688556 0.524522 0.00203844
1877 0.688556 0.520715 0.00197391
1878 0.688556 0.521009 0.00204982
1879 0.688556 0.521393 0.00225987
1880 0.688556 0.522609 0.0021087
1881 0.688556 0.520214 0.00202966
1882 0.688556 0.518809 0.00181375
1883 0.688556 0.523275 0.00198443
1884 0.688556 0.521475 0.00242053
1885 0.688556 0.519627 0.00196592
1886 0.688556 0.524767 0.00219643
1887 0.688556 0.520354 0.00205464
1888 0.688556 0.517817 0.00199116
1889 0.688556 0.520484 0.00209444
1890 0.688556 0.521174 0.00222904
1891 0.688556 0.524826 0.00220671
1892 0.688556 0.523154 0.00226932
1893 0.688556 0.522657 0.00192131
1894 0.688556 0.523719 0.00183094
1895 0.688556 0.522166 0.00188525
1896 0.688556 0.5246 0.00194121
1897 0.688556 0.523552 0.00202389
1898 0.688556 0.523771 0.00233735
1899 0.688556 0.523929 0.00227339
1900 0.688556 0.520339 0.00245647
1901 0.688556 0.523474 0.00213302
1902 0.688556 0.517398 0.0019312
1903 0.688556 0.515662 0.00180639
1904 0.688556 0.518646 0.00193399
1905 0.688556 0.525201 0.00220711
1906 0.688556 0.519618 0.00186549
1907 0.688556 0.51506 0.00206548
1908 0.688556 0.523023 0.00230596
1909 0.688556 0.520521 0.00251226
1910 0.688556 0.516822 0.00242027
1911 0.688556 0.51713 0.00220699
1912 0.688556 0.516721 0.00187443
1913 0.688556 0.523152 0.00205226
1914 0.688556 0.522382 0.00210823
1915 0.688556 0.518975 0.00201723
1916 0.688556 0.515573 0.00190034
1917 0.688556 0.519194 0.00208276
1918 0.688556 0.515596 0.00194104
1919 0.688556 0.521082 0.00191362
1920 0.688556 0.526693 0.00241411
1921 0.688556 0.52225 0.00209778
1922 0.688556 0.525919 0.00219891
1923 0.688556 0.521644 0.00192154
1924 0.688556 0.521382 0.00183633
1925 0.688556 0.525704 0.00214628
1926 0.688556 0.526995 0.002394
1927 0.688556 0.522087 0.00213756
1928 0.688556 0.523739 0.0020135
1929 0.688556 0.525221 0.00217566
1930 0.688556 0.523403 0.00196914
1931 0.688556 0.523263 0.00199819
1932 0.688556 0.524826 0.00193729
1933 0.688556 0.517679 0.0019732
1934 0.688556 0.522847 0.00224818
1935 0.688556 0.523707 0.00214638
1936 0.688556 0.520694 0.00204565
1937 0.688556 0.516973 0.00222644
1938 0.688556 0.521304 0.00218747
1939 0.688556 0.525017 0.00237943
1940 0.688556 0.520267 0.00195511
1941 0.698725 0.522874 0.00217379
1942 0.698725 0.521284 0.00205527
1943 0.698725 0.518736 0.00211576
1944 0.698725 0.52006 0.00193916
1945 0.698725 0.527487 0.00219899
1946 0.698725 0.520433 0.00200368
1947 0.698725 0.521807 0.00187889
1948 0.698725 0.521719 0.00195187
1949 0.698725 0.521922 0.00228721
1950 0.698725 0.52055 0.00190938
1951 0.698725 0.516914 0.002012
1952 0.698725 0.520732 0.0022492
1953 0.698725 0.520526 0.00199154
1954 0.698725 0.522921 0.00249402
1955 0.698725 0.523352 0.00201724
1956 0.698725 0.521993 0.00226775
1957 0.698725 0.527269 0.00237554
1958 0.698725 0.514477 0.00201247
1959 0.698725 0.522904 0.00191978
1960 0.698725 0.519362 0.00215645
1961 0.698725 0.519098 0.00191213
1962 0.698725 0.519688 0.00225085
1963 0.698725 0.519948 0.00217452
1964 0.698725 0.52231 0.00197553
1965 0.698725 0.520699 0.00220047
1966 0.698725 0.520676 0.0019514
1967 0.698725 0.523042 0.00228623
1968 0.698725 0.521418 0.00214096
1969 0.698725 0.517837 0.00218939
1970 0.698725 0.517154 0.00215779
1971 0.698725 0.516157 0.00208057
1972 0.698725 0.516567 0.0021221
1973 0.698725 0.513824 0.00193648
1974 0.698725 0.519381 0.00236638
1975 0.698725 0.521647 0.00202159
1976 0.698725 0.522491 0.00213572
1977 0.698725 0.525099 0.00254131
1978 0.698725 0.52177 0.00243295
1979 0.698725 0.526157 0.00254726
1980 0.698725 0.525466 0.00236269
1981 0.698725 0.521497 0.00184946
1982 0.698725 0.51819 0.00209582
1983 0.698725 0.522468 0.00205936
1984 0.698725 0.530109 0.00240082
1985 0.698725 0.529614 0.00241176
1986 0.698725 0.525341 0.00235376
1987 0.698725 0.517332 0.00191971
1988 0.698725 0.520236 0.00221103
1989 0.698725 0.518065 0.00231954
1990 0.698725 0.525645 0.00234763
1991 0.698725 0.524252 0.00229619
1992 0.698725 0.519248 0.0022017
1993 0.698725 0.522494 0.00188935
1994 0.698725 0.525459 0.00244274
1995 0.698725 0.523304 0.00214145
1996 0.698725 0.522097 0.00270508
1997 0.698725 0.522484 0.0021286
1998 0.698725 0.52312 0.00206269
1999 0.698725 0.521663 0.00205821
2000 0.698725 0.517902 0.00199469
