4
1
-57.768
3.30564
0
-60.8292
6.30749
0
-62.7037
4.91641
0
-51.4886
3.48512
0
0.0802034
0.21754
1
1.49176
0.531314
0.126388
1.01493
0.0434498
1.35228
1.90588
1.70141
0.735606
0.736796
1.07704
1.96022
0.36345
0.515837
0.490904
0.887372
0.736113
0.897619
0.97309
1.03192
1.08807
2.63567e-05
0.420435
1.79515
1.63909
0.563247
0.529814
0.664535
0.24314
0.736432
1.32805
1.55185
1.31461
0.115806
0.775221
1.98013
1.42893
1.65674
1.60326
0.682514
1.10733
0.730513
1.00069
1.22502
0.161373
1.79566
1.74774
0.279956
0.977067
1.74777
0.694208
0.139571
0.198669
1.76985
1.68796
1.03932
0.626951
0.311059
1.46866
0.362312
1.71292
1.12529
1.35706
1.19763
1.14174
0.0849473
0.684551
1.33039
1.81543
0.884001
0.673354
