0 0.617772 0.496761 0.000541249
1 0.617772 0.501342 0.000548775
2 0.617772 0.500558 0.000728894
3 0.617772 0.503081 0.000655884
4 0.617772 0.500455 0.000725045
5 0.617772 0.502294 0.000890868
6 0.617772 0.499907 0.000732442
7 0.617772 0.49994 0.000790606
8 0.617772 0.503345 0.000660047
9 0.617772 0.502445 0.000744742
10 0.617772 0.502599 0.000805898
11 0.617772 0.499168 0.000824719
12 0.617772 0.500525 0.000740708
13 0.617772 0.504851 0.000689296
14 0.617772 0.503914 0.00111631
15 0.617772 0.504347 0.00104913
16 0.617772 0.498586 0.000849594
17 0.653694 0.507414 0.00136538
18 0.653694 0.505715 0.000994264
19 0.653694 0.503786 0.00101129
20 0.653694 0.507208 0.000945531
21 0.653694 0.505221 0.00101554
22 0.653694 0.507051 0.00104893
23 0.653694 0.5056 0.000940824
24 0.653694 0.505401 0.00115852
25 0.653694 0.508682 0.00119604
26 0.653694 0.506448 0.000929299
27 0.653694 0.505884 0.00103955
28 0.653694 0.504841 0.00116281
29 0.653694 0.505201 0.00116756
30 0.653694 0.50269 0.00097569
31 0.653694 0.504338 0.00100661
32 0.653694 0.506133 0.001251
33 0.653694 0.505276 0.00131254
34 0.653694 0.504668 0.00128439
35 0.653694 0.504034 0.00114751
36 0.653694 0.504704 0.00113701
37 0.653694 0.505837 0.00127491
38 0.653694 0.500095 0.00161843
39 0.653694 0.505196 0.0013368
40 0.653694 0.505272 0.0012811
41 0.653694 0.50546 0.0014608
42 0.653694 0.505835 0.00135285
43 0.653694 0.505469 0.00142573
44 0.653694 0.506176 0.00117235
45 0.653694 0.508409 0.00145795
46 0.653694 0.510732 0.00150773
47 0.653694 0.50472 0.00144471
48 0.653694 0.507217 0.00162974
49 0.653694 0.501598 0.00176713
50 0.653694 0.506959 0.0013759
51 0.653694 0.505972 0.00132028
52 0.653694 0.508756 0.00148832
53 0.653694 0.510657 0.00147846
54 0.653694 0.50753 0.00160749
55 0.653694 0.503721 0.00163774
56 0.653694 0.50746 0.0015359
57 0.672312 0.511116 0.00176045
58 0.672312 0.512409 0.00146664
59 0.672312 0.512619 0.00152672
60 0.672312 0.510817 0.0014396
61 0.672312 0.511206 0.00149124
62 0.672312 0.5139 0.00156635
63 0.672312 0.513882 0.00185314
64 0.672312 0.51497 0.00187403
65 0.672312 0.513601 0.00172128
66 0.672312 0.510536 0.00174418
67 0.672312 0.515415 0.0018157
68 0.672312 0.518284 0.00187747
69 0.672312 0.515499 0.00244494
70 0.672312 0.514675 0.0021817
71 0.672312 0.512473 0.00192843
72 0.672312 0.509767 0.00230886
73 0.672312 0.509042 0.00213418
74 0.672312 0.509599 0.00193471
75 0.672312 0.506513 0.00180891
76 0.672312 0.50651 0.00228634
77 0.672312 0.51391 0.00169992
78 0.672312 0.512694 0.0021707
79 0.672312 0.513294 0.00209834
80 0.672312 0.506879 0.00207046
81 0.672312 0.513557 0.00192911
82 0.672312 0.509507 0.00227032
83 0.672312 0.517245 0.0022414
84 0.672312 0.515582 0.0021411
85 0.672312 0.513001 0.00173995
86 0.672312 0.509933 0.00163385
87 0.672312 0.509526 0.00148014
88 0.672312 0.511093 0.00170945
89 0.672312 0.513132 0.00182411
90 0.672312 0.511607 0.00209718
91 0.672312 0.515173 0.00184026
92 0.672312 0.515818 0.00179473
93 0.672312 0.511136 0.00218952
94 0.672312 0.51391 0.0021144
95 0.672312 0.507192 0.0020749
96 0.672312 0.513006 0.00190819
97 0.672312 0.513005 0.00202615
98 0.672312 0.51012 0.00191456
99 0.672312 0.512459 0.00185601
100 0.672312 0.514143 0.00185806
101 0.672312 0.52094 0.0020669
102 0.672312 0.515563 0.00244711
103 0.672312 0.518862 0.00207836
104 0.672312 0.516511 0.00205326
105 0.672312 0.51896 0.00219138
106 0.672312 0.515467 0.00223794
107 0.672312 0.518652 0.00181245
108 0.672312 0.520356 0.00268361
109 0.672867 0.52015 0.00244989
110 0.727528 0.517578 0.0028008
111 0.727528 0.516754 0.00252601
112 0.727528 0.518522 0.00232691
113 0.727528 0.519822 0.00273544
114 0.727528 0.523451 0.00252581
115 0.727528 0.524603 0.00297009
116 0.727528 0.528217 0.00303326
117 0.727528 0.525172 0.00326439
118 0.727528 0.516129 0.00252042
119 0.727528 0.520661 0.00261291
120 0.727528 0.520841 0.00314065
121 0.727528 0.522688 0.00304821
122 0.727528 0.521653 0.00304532
123 0.727528 0.528974 0.00284433
124 0.727528 0.530059 0.00278739
125 0.727528 0.520076 0.00332354
126 0.727528 0.528314 0.00306524
127 0.727528 0.531297 0.00297825
128 0.727528 0.524028 0.00367776
129 0.727528 0.525529 0.00348263
130 0.727528 0.524621 0.00375073
131 0.727528 0.517809 0.00319288
132 0.727528 0.526306 0.00362991
133 0.727528 0.526189 0.0038279
134 0.727528 0.521048 0.00337792
135 0.727528 0.52239 0.00269691
136 0.727528 0.518005 0.00261836
137 0.727528 0.521765 0.00275956
138 0.727528 0.516583 0.0028943
139 0.727528 0.523633 0.00266991
140 0.727528 0.528231 0.00308775
141 0.727528 0.528225 0.002942
142 0.727528 0.524332 0.00338967
143 0.727528 0.519069 0.00383828
144 0.727528 0.520299 0.0035185
145 0.727528 0.52841 0.00303366
146 0.727528 0.523498 0.0038131
147 0.727528 0.525539 0.00348823
148 0.727528 0.523994 0.00341699
149 0.727528 0.517795 0.00329584
150 0.727528 0.520233 0.00346692
151 0.727528 0.522015 0.00308211
152 0.727528 0.523188 0.0036091
153 0.727528 0.52193 0.00372263
154 0.727528 0.521416 0.00369073
155 0.727528 0.533463 0.00339189
156 0.734222 0.525668 0.00404371
157 0.734222 0.524469 0.00440643
158 0.734222 0.521912 0.00364817
159 0.734222 0.52466 0.0031974
160 0.734222 0.537412 0.00380039
161 0.734222 0.524317 0.00367009
162 0.734222 0.529688 0.00441302
163 0.734222 0.533493 0.00381167
164 0.734222 0.528542 0.00368894
165 0.734222 0.529342 0.00357571
166 0.734222 0.524463 0.0039735
167 0.734222 0.521865 0.00381875
168 0.734222 0.523999 0.00371104
169 0.734222 0.526099 0.00369355
170 0.734222 0.522916 0.00330296
171 0.734222 0.53365 0.00356627
172 0.734222 0.532064 0.0037747
173 0.734222 0.533375 0.00359956
174 0.734222 0.524266 0.00353376
175 0.734222 0.523136 0.00370754
176 0.734222 0.528089 0.00413506
177 0.734222 0.528368 0.0042004
178 0.734222 0.52815 0.00352977
179 0.734222 0.523544 0.00321164
180 0.734222 0.529765 0.00363646
181 0.734222 0.522222 0.00348388
182 0.734222 0.523617 0.00365346
183 0.734222 0.52398 0.00339489
184 0.734222 0.522126 0.0044926
185 0.734222 0.516603 0.00340424
186 0.734222 0.523192 0.00327072
187 0.734222 0.521836 0.00330265
188 0.734222 0.519691 0.00398673
189 0.734222 0.524115 0.00329329
190 0.734222 0.52589 0.00370548
191 0.734222 0.526527 0.00361289
192 0.734222 0.515233 0.00375138
193 0.734222 0.523382 0.0038188
194 0.734222 0.523859 0.00363031
195 0.734222 0.519021 0.0034913
196 0.734222 0.521267 0.00307318
197 0.734222 0.523184 0.00344999
198 0.734222 0.516531 0.00301979
199 0.734222 0.527743 0.00372343
200 0.734222 0.515681 0.00407586
201 0.734222 0.528111 0.0033546
202 0.734222 0.526096 0.00322409
203 0.734222 0.514872 0.0034817
204 0.734222 0.526531 0.00333658
205 0.734222 0.526471 0.00375036
206 0.734483 0.528431 0.00395886
207 0.734483 0.530912 0.00375379
208 0.734483 0.527384 0.00349748
209 0.734483 0.520807 0.00337481
210 0.734483 0.517952 0.00340677
211 0.734483 0.521148 0.00360888
212 0.734483 0.522035 0.0036774
213 0.734483 0.525435 0.00419088
214 0.734483 0.519307 0.00372195
215 0.734483 0.519083 0.00392667
216 0.734483 0.52059 0.00333162
217 0.734483 0.520444 0.00349948
218 0.734483 0.522773 0.00334648
219 0.734483 0.529217 0.00301264
220 0.734483 0.521442 0.00342155
221 0.734483 0.517743 0.00354178
222 0.734483 0.524133 0.00329476
223 0.734483 0.523062 0.00348531
224 0.734483 0.518868 0.00339053
225 0.734483 0.525978 0.00406872
226 0.734483 0.527673 0.00351398
227 0.734483 0.523166 0.00331771
228 0.734483 0.524041 0.00389394
229 0.734483 0.53018 0.00356358
230 0.734483 0.519097 0.00384838
231 0.734483 0.529467 0.00404136
232 0.734483 0.514669 0.00382653
233 0.734483 0.531683 0.00356437
234 0.734483 0.52304 0.00374171
235 0.734483 0.520789 0.00377316
236 0.734483 0.52411 0.00385349
237 0.734483 0.518549 0.00314292
238 0.734483 0.523619 0.00331249
239 0.734483 0.525777 0.00324154
240 0.736359 0.530268 0.00397492
241 0.736359 0.52953 0.00402136
242 0.736359 0.526231 0.00346543
243 0.736359 0.520757 0.00335514
244 0.736359 0.523575 0.00373515
245 0.736359 0.525204 0.00348344
246 0.783946 0.52909 0.0042718
247 0.783946 0.526077 0.00401646
248 0.783946 0.528296 0.00432191
249 0.783946 0.524251 0.00431356
250 0.783946 0.523701 0.00346836
251 0.783946 0.519255 0.00421897
252 0.783946 0.524459 0.00378413
253 0.783946 0.522664 0.00378638
254 0.783946 0.51997 0.00369599
255 0.783946 0.52826 0.00374794
256 0.783946 0.529349 0.00359348
257 0.783946 0.538837 0.00414357
258 0.783946 0.532947 0.00396439
259 0.783946 0.52978 0.00458831
260 0.783946 0.523966 0.00385933
261 0.783946 0.524478 0.00429238
262 0.783946 0.524731 0.00377226
263 0.783946 0.521145 0.00446967
264 0.783946 0.520171 0.00487854
265 0.783946 0.514717 0.00355426
266 0.783946 0.522947 0.00444493
267 0.783946 0.519418 0.00369642
268 0.783946 0.530015 0.0043907
269 0.783946 0.530822 0.00460357
270 0.783946 0.523822 0.00479714
271 0.783946 0.51929 0.00422608
272 0.783946 0.529463 0.00412913
273 0.783946 0.534283 0.00415026
274 0.783946 0.52872 0.00447872
275 0.783946 0.528018 0.00463621
276 0.783946 0.522821 0.00483622
277 0.783946 0.520268 0.00428154
278 0.783946 0.522158 0.00474193
279 0.783946 0.529509 0.00406576
280 0.783946 0.529113 0.00448951
281 0.783946 0.534959 0.0049148
282 0.783946 0.530651 0.00467257
283 0.783946 0.532403 0.00469816
284 0.783946 0.531244 0.00497907
285 0.783946 0.53475 0.00496376
286 0.783946 0.530808 0.00471338
287 0.783946 0.529718 0.00461646
288 0.783946 0.529033 0.00438902
289 0.783946 0.529474 0.00523667
290 0.783946 0.523252 0.00535588
291 0.783946 0.531207 0.00508334
292 0.783946 0.523628 0.00513739
293 0.783946 0.535678 0.00493545
294 0.783946 0.525831 0.00435575
295 0.783946 0.534077 0.00426581
296 0.783946 0.526376 0.0041144
297 0.783946 0.526208 0.0046968
298 0.783946 0.525382 0.00450782
299 0.783946 0.533103 0.00517494
300 0.783946 0.528726 0.0044333
301 0.783946 0.530068 0.00473551
302 0.783946 0.534273 0.00471144
303 0.783946 0.535802 0.00484249
304 0.783946 0.540621 0.00468005
305 0.783946 0.535594 0.00503586
306 0.783946 0.530689 0.00466539
307 0.783946 0.526796 0.00483628
308 0.783946 0.531707 0.00477864
309 0.783946 0.532816 0.00524634
310 0.783946 0.532817 0.00447748
311 0.783946 0.531579 0.00465444
312 0.783946 0.535081 0.00441212
313 0.783946 0.533756 0.00459948
314 0.783946 0.538207 0.00469711
315 0.783946 0.543461 0.005047
316 0.783946 0.538864 0.00463095
317 0.783946 0.534215 0.00453783
318 0.783946 0.534747 0.00452685
319 0.783946 0.535287 0.0042593
320 0.783946 0.532397 0.00445539
321 0.783946 0.533492 0.00430939
322 0.783946 0.530005 0.0047296
323 0.783946 0.531308 0.00487813
324 0.783946 0.530912 0.004848
325 0.783946 0.5334 0.00450395
326 0.783946 0.540985 0.00483641
327 0.783946 0.540967 0.00589408
328 0.783946 0.541908 0.00574378
329 0.783946 0.539299 0.00449477
330 0.783946 0.53751 0.00456872
331 0.783946 0.5343 0.0051021
332 0.783946 0.537479 0.0050436
333 0.783946 0.53065 0.00476475
334 0.783946 0.536324 0.00456667
335 0.783946 0.532337 0.00523794
336 0.783946 0.53449 0.00471845
337 0.783946 0.529192 0.00499861
338 0.783946 0.524503 0.00441989
339 0.783946 0.526701 0.0042556
340 0.783946 0.536584 0.00522479
341 0.783946 0.525221 0.00579477
342 0.783946 0.520594 0.00494364
343 0.783946 0.536258 0.00566595
344 0.783946 0.527519 0.00501155
345 0.783946 0.535446 0.00480083
346 0.783946 0.532762 0.00518688
347 0.783946 0.52955 0.00478081
348 0.783946 0.52673 0.00457183
349 0.783946 0.531947 0.00491223
350 0.783946 0.534191 0.00515264
351 0.783946 0.533505 0.0053745
352 0.783946 0.53987 0.00631352
353 0.783946 0.539209 0.00524361
354 0.783946 0.535466 0.00481555
355 0.783946 0.530932 0.00540799
356 0.783946 0.527875 0.00511796
357 0.783946 0.530916 0.00423377
358 0.783946 0.531568 0.00417556
359 0.783946 0.532753 0.00422256
360 0.783946 0.527795 0.00427141
361 0.783946 0.532872 0.00478914
362 0.783946 0.529219 0.0048505
363 0.783946 0.528156 0.00444981
364 0.783946 0.533198 0.00529357
365 0.783946 0.534878 0.00474943
366 0.783946 0.538611 0.00460537
367 0.783946 0.536713 0.00488427
368 0.783946 0.536074 0.00517669
369 0.783946 0.53117 0.00466342
370 0.783946 0.525975 0.00421243
371 0.783946 0.520203 0.00476984
372 0.783946 0.528193 0.0054006
373 0.783946 0.530966 0.00442415
374 0.783946 0.523437 0.00452732
375 0.783946 0.527927 0.00490653
376 0.783946 0.532436 0.00455741
377 0.783946 0.524871 0.00488109
378 0.783946 0.530094 0.00468381
379 0.783946 0.517992 0.00523343
380 0.783946 0.52377 0.00467871
381 0.783946 0.529979 0.00455244
382 0.783946 0.530811 0.00427677
383 0.783946 0.525599 0.00468328
384 0.783946 0.526531 0.00479997
385 0.783946 0.524513 0.00498236
386 0.783946 0.524594 0.00468767
387 0.783946 0.523267 0.00473308
388 0.783946 0.521577 0.00428785
389 0.783946 0.525979 0.0047919
390 0.783946 0.526642 0.00483656
391 0.783946 0.530115 0.00485452
392 0.783946 0.523428 0.00430828
393 0.783946 0.52878 0.00427884
394 0.783946 0.525619 0.0048501
395 0.783946 0.523967 0.00416409
396 0.783946 0.531921 0.00444856
397 0.783946 0.530583 0.00516197
398 0.783946 0.530939 0.0050654
399 0.783946 0.533085 0.00540819
400 0.783946 0.534799 0.0055682
401 0.783946 0.52867 0.00545752
402 0.783946 0.533767 0.00479095
403 0.783946 0.528642 0.00486436
404 0.783946 0.524413 0.0049045
405 0.783946 0.526776 0.00511387
406 0.783946 0.537325 0.00488058
407 0.783946 0.526507 0.00497058
408 0.783946 0.524574 0.00502831
409 0.783946 0.524157 0.0043011
410 0.783946 0.526704 0.00620418
411 0.783946 0.521749 0.00480624
412 0.783946 0.529656 0.00455234
413 0.783946 0.522876 0.00484316
414 0.783946 0.524326 0.00526376
415 0.783946 0.525427 0.00459819
416 0.783946 0.521425 0.00434869
417 0.783946 0.526731 0.00523285
418 0.783946 0.530761 0.00462937
419 0.783946 0.526834 0.00501189
420 0.783946 0.531302 0.0048694
421 0.783946 0.528152 0.00447085
422 0.783946 0.526224 0.00449821
423 0.783946 0.531199 0.00572431
424 0.783946 0.529668 0.0052842
425 0.783946 0.521986 0.00522446
426 0.783946 0.525222 0.00495482
427 0.783946 0.538683 0.00517673
428 0.783946 0.532822 0.00544616
429 0.783946 0.531015 0.00499591
430 0.783946 0.528325 0.00457763
431 0.783946 0.539961 0.00456806
432 0.783946 0.531122 0.004641
433 0.783946 0.527579 0.0044317
434 0.783946 0.53551 0.00493678
435 0.783946 0.525524 0.00505686
436 0.783946 0.539897 0.00476889
437 0.783946 0.539733 0.00511462
438 0.783946 0.5262 0.00500861
439 0.783946 0.531148 0.0052041
440 0.783946 0.529165 0.00527866
441 0.783946 0.537059 0.00518769
442 0.783946 0.530279 0.00479516
443 0.783946 0.535989 0.00505089
444 0.783946 0.532953 0.0058174
445 0.783946 0.529405 0.00509776
446 0.783946 0.534532 0.00525434
447 0.783946 0.533488 0.00522514
448 0.783946 0.53506 0.00525701
449 0.783946 0.537579 0.00446262
450 0.783946 0.531678 0.00523372
451 0.783946 0.533397 0.00470039
452 0.783946 0.527724 0.00483221
453 0.793017 0.532157 0.00514377
454 0.793017 0.53098 0.00530536
455 0.793017 0.534039 0.00525506
456 0.793017 0.53465 0.00558842
457 0.793017 0.536049 0.0048514
458 0.793017 0.533109 0.00501954
459 0.793017 0.539367 0.00488554
460 0.793017 0.535314 0.00465174
461 0.793017 0.524318 0.00546254
462 0.793017 0.534876 0.0048762
463 0.793017 0.532961 0.00462959
464 0.793017 0.532282 0.00604132
465 0.793017 0.533297 0.0055463
466 0.793017 0.521948 0.00493523
467 0.793017 0.525622 0.00510527
468 0.793017 0.532059 0.00515125
469 0.793017 0.534901 0.00462385
470 0.793017 0.525868 0.00474651
471 0.793017 0.529841 0.00457615
472 0.793017 0.526013 0.00480683
473 0.793017 0.535609 0.00508427
474 0.793017 0.536811 0.00451791
475 0.793017 0.530265 0.00462711
476 0.793017 0.539119 0.00535051
477 0.793017 0.541632 0.00453927
478 0.804754 0.543089 0.00626673
479 0.804754 0.536505 0.0055512
480 0.804754 0.538282 0.0049273
481 0.804754 0.539395 0.00483406
482 0.804754 0.541098 0.00524057
483 0.804754 0.5371 0.00475607
484 0.804754 0.537687 0.00513279
485 0.804754 0.535039 0.00509064
486 0.804754 0.532664 0.00506011
487 0.804754 0.534663 0.00539442
488 0.804754 0.529358 0.00499961
489 0.804754 0.53637 0.00506958
490 0.804754 0.537896 0.00555849
491 0.804754 0.533324 0.00472485
492 0.804754 0.537329 0.00488207
493 0.804754 0.535951 0.00534739
494 0.804754 0.532172 0.00534827
495 0.804754 0.540705 0.0047268
496 0.804754 0.540528 0.00603223
497 0.804754 0.527364 0.00554194
498 0.804754 0.534125 0.00503706
499 0.804754 0.535215 0.00523598
500 0.804754 0.531265 0.00492227
501 0.804754 0.530913 0.00442653
502 0.804754 0.531538 0.00452777
503 0.804754 0.532803 0.00524252
504 0.804754 0.542828 0.00576145
505 0.804754 0.533053 0.00604618
506 0.804754 0.529818 0.00554234
507 0.804754 0.535412 0.00602743
508 0.804754 0.535772 0.00518924
509 0.804754 0.532396 0.00511054
510 0.804754 0.529872 0.00553967
511 0.804754 0.538436 0.00496248
512 0.804754 0.533705 0.0056042
513 0.804754 0.523419 0.00489149
514 0.804754 0.533693 0.0045152
515 0.804754 0.532861 0.00478034
516 0.804754 0.525569 0.00478582
517 0.804754 0.52809 0.00637227
518 0.804754 0.524032 0.00487456
519 0.804754 0.530138 0.00505031
520 0.804754 0.529726 0.00496452
521 0.804754 0.535293 0.00427685
522 0.804754 0.530836 0.00546411
523 0.804754 0.524932 0.00543772
524 0.804754 0.528054 0.00435459
525 0.804754 0.530416 0.00514983
526 0.804754 0.532443 0.00497448
527 0.804754 0.538117 0.00615342
528 0.804754 0.529064 0.00534813
529 0.804754 0.526837 0.00500999
530 0.804754 0.528304 0.00554664
531 0.804754 0.528319 0.00502461
532 0.804754 0.533279 0.0061026
533 0.804754 0.525578 0.00543371
534 0.804754 0.520842 0.00602651
535 0.804754 0.533683 0.00524507
536 0.804754 0.531728 0.00523806
537 0.804754 0.533789 0.00527434
538 0.804754 0.519062 0.00508976
539 0.804754 0.524364 0.0053175
540 0.804754 0.531043 0.00488592
541 0.804754 0.527515 0.00541621
542 0.804754 0.533842 0.00553691
543 0.804754 0.535437 0.0059233
544 0.804754 0.529984 0.0052531
545 0.804754 0.532208 0.00536382
546 0.804754 0.525053 0.00585002
547 0.804754 0.525295 0.00500822
548 0.804754 0.534713 0.00579666
549 0.804754 0.532434 0.00599937
550 0.804754 0.530513 0.00594458
551 0.804754 0.537975 0.0061548
552 0.804754 0.533696 0.00551619
553 0.804754 0.537132 0.00586179
554 0.804754 0.534934 0.00629254
555 0.804754 0.530223 0.00610555
556 0.804754 0.533644 0.00659919
557 0.804754 0.530824 0.00521443
558 0.804754 0.528364 0.00592701
559 0.804754 0.533742 0.00606937
560 0.804754 0.531718 0.0065533
561 0.804754 0.534893 0.00552117
562 0.804754 0.535739 0.00647494
563 0.804754 0.53978 0.00553825
564 0.804754 0.53664 0.00520662
565 0.804754 0.541189 0.00493877
566 0.804754 0.531473 0.00584385
567 0.804754 0.530415 0.00516784
568 0.804754 0.536955 0.00549765
569 0.804754 0.528953 0.005656
570 0.804754 0.534267 0.00534392
571 0.804754 0.538619 0.00643861
572 0.804754 0.53569 0.00639153
573 0.804754 0.540007 0.00632357
574 0.804754 0.530314 0.00528731
575 0.804754 0.530936 0.00534845
576 0.804754 0.519037 0.00573189
577 0.804754 0.531873 0.00630888
578 0.804754 0.533788 0.00469464
579 0.804754 0.525423 0.00590888
580 0.804754 0.526868 0.00633669
581 0.804754 0.53238 0.00533238
582 0.804754 0.52806 0.00537373
583 0.804754 0.532803 0.00525565
584 0.804754 0.52638 0.00560794
585 0.804754 0.528499 0.00549755
586 0.804754 0.537195 0.00616567
587 0.804754 0.532952 0.00605502
588 0.804754 0.532406 0.00602435
589 0.804754 0.53259 0.00507419
590 0.804754 0.532847 0.00512676
591 0.804754 0.532287 0.00536671
592 0.804754 0.535097 0.00533147
593 0.804754 0.539021 0.00559399
594 0.809602 0.544995 0.00637396
595 0.809602 0.538336 0.00566477
596 0.813082 0.54157 0.00559044
597 0.813082 0.538275 0.00538248
598 0.813082 0.530606 0.00583951
599 0.813082 0.538238 0.00519741
600 0.813082 0.542705 0.0071553
601 0.813082 0.538382 0.00626717
602 0.813082 0.53225 0.00680747
603 0.813082 0.53193 0.00617243
604 0.813082 0.535442 0.0063743
605 0.813082 0.530621 0.00530384
606 0.813082 0.533216 0.00513872
607 0.813082 0.541526 0.00571146
608 0.813082 0.537158 0.00542786
609 0.813082 0.541716 0.00535771
610 0.813082 0.548006 0.00602902
611 0.813082 0.547986 0.00579832
612 0.813082 0.539258 0.00574188
613 0.813082 0.531457 0.00549236
614 0.813082 0.537268 0.00581544
615 0.813082 0.53475 0.00558157
616 0.813082 0.532956 0.00522895
617 0.813082 0.540981 0.00592073
618 0.813082 0.537014 0.00595753
619 0.813082 0.536176 0.00599662
620 0.813082 0.539403 0.005884
621 0.813082 0.537938 0.00588953
622 0.813082 0.536034 0.00549193
623 0.813082 0.526873 0.0066292
624 0.813082 0.530016 0.00598008
625 0.813082 0.526208 0.00562347
626 0.813082 0.53032 0.00538269
627 0.813082 0.530247 0.00524031
628 0.813082 0.531939 0.00525089
629 0.813082 0.544295 0.00644765
630 0.813082 0.53847 0.005843
631 0.813082 0.538736 0.00543736
632 0.813082 0.535107 0.00574383
633 0.813082 0.536487 0.00624677
634 0.813082 0.533671 0.00524612
635 0.813082 0.539152 0.00514584
636 0.813082 0.5371 0.00515576
637 0.813082 0.52922 0.00567383
638 0.813082 0.545004 0.00556133
639 0.813082 0.531215 0.00575803
640 0.813082 0.538291 0.00564572
641 0.833489 0.535415 0.00604659
642 0.833489 0.530084 0.00545333
643 0.833489 0.524221 0.00559741
644 0.833489 0.529442 0.00595003
645 0.833489 0.525561 0.00561975
646 0.833489 0.533564 0.00606555
647 0.833489 0.538498 0.00599341
648 0.833489 0.529981 0.00535614
649 0.833489 0.532202 0.00533671
650 0.833489 0.53084 0.00607187
651 0.833489 0.530383 0.00555004
652 0.833489 0.526578 0.00659727
653 0.833489 0.533052 0.00598195
654 0.833489 0.528077 0.00615219
655 0.833489 0.528913 0.00560163
656 0.833489 0.535283 0.00616696
657 0.833489 0.535998 0.00559093
658 0.833489 0.532069 0.00557661
659 0.833489 0.531012 0.00522448
660 0.833489 0.53234 0.00538268
661 0.833489 0.529938 0.00584006
662 0.833489 0.530848 0.00543193
663 0.833489 0.531023 0.00564995
664 0.833489 0.542806 0.00559619
665 0.833489 0.540119 0.00615385
666 0.833489 0.532071 0.0051856
667 0.833489 0.533102 0.00596753
668 0.833489 0.531193 0.00595248
669 0.833489 0.539217 0.00582447
670 0.833489 0.536799 0.00563163
671 0.833489 0.534252 0.00634009
672 0.833489 0.532392 0.00600948
673 0.833489 0.531762 0.0062188
674 0.833489 0.534755 0.00573242
675 0.833489 0.536257 0.00601094
676 0.833489 0.53186 0.00516484
677 0.833489 0.531662 0.00538244
678 0.833489 0.526215 0.00522539
679 0.833489 0.527367 0.00556258
680 0.833489 0.534911 0.00472961
681 0.833489 0.531137 0.00576367
682 0.833489 0.542359 0.00554438
683 0.833489 0.530607 0.00568746
684 0.833489 0.538445 0.00660552
685 0.833489 0.526162 0.00535288
686 0.833489 0.527614 0.00554304
687 0.833489 0.525335 0.00556743
688 0.833489 0.538476 0.00652159
689 0.833489 0.541605 0.0061058
690 0.833489 0.531925 0.00538118
691 0.833489 0.530423 0.00609289
692 0.833489 0.531308 0.00705171
693 0.833489 0.528728 0.00626747
694 0.833489 0.540869 0.00562945
695 0.833489 0.53182 0.00514687
696 0.833489 0.532845 0.00565462
697 0.833489 0.538521 0.00567663
698 0.833489 0.532918 0.00625418
699 0.833489 0.537701 0.00668444
700 0.833489 0.534256 0.00609096
701 0.833489 0.528871 0.00577245
702 0.833489 0.535229 0.00608436
703 0.833489 0.535012 0.00599043
704 0.833489 0.530848 0.00651208
705 0.833489 0.542533 0.00551368
706 0.833489 0.538251 0.00696362
707 0.833489 0.536949 0.00550187
708 0.833489 0.53528 0.00571733
709 0.833489 0.54974 0.00577822
710 0.833489 0.535037 0.00646897
711 0.833489 0.542957 0.00646744
712 0.833489 0.543804 0.00643236
713 0.833489 0.53515 0.00620575
714 0.833489 0.526453 0.00563048
715 0.833489 0.530526 0.00567843
716 0.833489 0.540706 0.00526948
717 0.833489 0.533676 0.00547622
718 0.833489 0.540904 0.00562648
719 0.833489 0.527841 0.0061381
720 0.833489 0.535034 0.00578443
721 0.833489 0.531766 0.00594435
722 0.833489 0.53326 0.00602483
723 0.833489 0.536821 0.00517784
724 0.833489 0.537499 0.00662383
725 0.833489 0.529003 0.00610505
726 0.833489 0.536893 0.00554447
727 0.833489 0.53675 0.00584516
728 0.833489 0.539376 0.00594006
729 0.833489 0.526242 0.00597757
730 0.833489 0.534501 0.00629896
731 0.833489 0.532395 0.00644139
732 0.833489 0.528793 0.00583791
733 0.833489 0.533337 0.00631021
734 0.833489 0.536176 0.00563659
735 0.833489 0.537453 0.00587299
736 0.833489 0.532042 0.00583427
737 0.833489 0.534864 0.00580581
738 0.833489 0.532181 0.00519169
739 0.833489 0.527817 0.00530901
740 0.833489 0.53164 0.00597359
741 0.833489 0.536592 0.00563842
742 0.833489 0.527085 0.00513698
743 0.833489 0.534804 0.00592386
744 0.833489 0.519875 0.00527439
745 0.833489 0.522771 0.00583428
746 0.833489 0.526955 0.00575498
747 0.833489 0.527837 0.00507318
748 0.833489 0.525972 0.00640578
749 0.833489 0.535532 0.00557495
750 0.855341 0.529383 0.00594567
751 0.855341 0.526744 0.00598754
752 0.855341 0.524794 0.00635153
753 0.855341 0.529487 0.005514
754 0.855341 0.526434 0.00593258
755 0.855341 0.527965 0.00651498
756 0.855341 0.526929 0.00654287
757 0.855341 0.526859 0.00649303
758 0.855341 0.531496 0.00596241
759 0.855341 0.533443 0.00620467
760 0.855341 0.534974 0.00676958
761 0.855341 0.537814 0.00627136
762 0.855341 0.541079 0.0060282
763 0.855341 0.539383 0.00640322
764 0.855341 0.533691 0.00571329
765 0.855341 0.537029 0.00604855
766 0.855341 0.535258 0.00683948
767 0.855341 0.53122 0.00629044
768 0.855341 0.540607 0.00690227
769 0.855341 0.536437 0.00613565
770 0.855341 0.540608 0.0066143
771 0.855341 0.540153 0.0061155
772 0.855341 0.533794 0.00608723
773 0.855341 0.538876 0.00628434
774 0.855341 0.543954 0.00625065
775 0.855341 0.546408 0.0059509
776 0.855341 0.538137 0.00639577
777 0.855341 0.533787 0.00619231
778 0.855341 0.538293 0.00596998
779 0.855341 0.539386 0.0061953
780 0.855341 0.544122 0.0070722
781 0.855341 0.536497 0.0059625
782 0.855341 0.537472 0.00616832
783 0.855341 0.529025 0.00626773
784 0.855341 0.533572 0.00591468
785 0.855341 0.538621 0.00592818
786 0.855341 0.532615 0.00535113
787 0.855341 0.539862 0.00681291
788 0.855341 0.537157 0.00609867
789 0.855341 0.534061 0.00550425
790 0.855341 0.522503 0.00756977
791 0.855341 0.521176 0.00569926
792 0.855341 0.528859 0.00633625
793 0.855341 0.535465 0.00567463
794 0.855341 0.535071 0.00568351
795 0.855341 0.536193 0.00560779
796 0.855341 0.533104 0.00565574
797 0.855341 0.539898 0.0058495
798 0.855341 0.538475 0.0056891
799 0.855341 0.534319 0.00618674
800 0.855341 0.53619 0.00554036
801 0.855341 0.538568 0.00640279
802 0.855341 0.536903 0.0062049
803 0.855341 0.53558 0.00633702
804 0.855341 0.53537 0.00600101
805 0.855341 0.539282 0.00676262
806 0.855341 0.548127 0.006318
807 0.855341 0.53707 0.0061612
808 0.855341 0.53461 0.00665396
809 0.855341 0.533586 0.0058491
810 0.855341 0.529821 0.00597646
811 0.855341 0.530915 0.00620674
812 0.855341 0.537903 0.0061654
813 0.855341 0.543238 0.00627814
814 0.855341 0.534087 0.0068414
815 0.855341 0.531046 0.00572732
816 0.855341 0.530002 0.0068219
817 0.855341 0.530212 0.00705047
818 0.855341 0.535362 0.00618279
819 0.855341 0.539213 0.0066779
820 0.855341 0.531418 0.00598007
821 0.855341 0.532867 0.00616149
822 0.855341 0.531668 0.00683262
823 0.855341 0.538154 0.00691026
824 0.855341 0.529304 0.00607083
825 0.855341 0.531315 0.00614278
826 0.855341 0.539088 0.0057184
827 0.855341 0.545124 0.00651803
828 0.855341 0.535722 0.0057511
829 0.855341 0.538603 0.00594252
830 0.855341 0.539085 0.00604196
831 0.855341 0.538504 0.0062103
832 0.855341 0.53362 0.00658967
833 0.855341 0.531594 0.00612943
834 0.855341 0.529588 0.00592743
835 0.855341 0.5346 0.0056024
836 0.855341 0.52971 0.00640489
837 0.855341 0.530609 0.00649537
838 0.855341 0.542629 0.00707212
839 0.855341 0.533345 0.00697177
840 0.855341 0.537093 0.00598911
841 0.855341 0.526895 0.00585714
842 0.855341 0.528304 0.00510894
843 0.855341 0.527753 0.00589288
844 0.855341 0.531428 0.00586466
845 0.855341 0.531727 0.00603529
846 0.855341 0.52735 0.00546958
847 0.855341 0.526568 0.00593097
848 0.855341 0.529019 0.00570609
849 0.855341 0.528571 0.00574683
850 0.855341 0.529545 0.00638057
851 0.855341 0.528995 0.00561833
852 0.855341 0.535416 0.00621124
853 0.855341 0.528439 0.00589055
854 0.855341 0.527757 0.00570259
855 0.855341 0.532656 0.00724748
856 0.855341 0.536201 0.00683739
857 0.855341 0.538788 0.00642548
858 0.855341 0.52765 0.00558453
859 0.855341 0.529256 0.00588071
860 0.855341 0.532386 0.006149
861 0.855341 0.531272 0.00614783
862 0.855341 0.535295 0.00643652
863 0.855341 0.530751 0.00620981
864 0.855341 0.537449 0.00589734
865 0.855341 0.525932 0.00700443
866 0.855341 0.527746 0.00587863
867 0.855341 0.526729 0.00580476
868 0.855341 0.530347 0.00592958
869 0.855341 0.53285 0.00611637
870 0.855341 0.528928 0.00604886
871 0.855341 0.536667 0.00684971
872 0.855341 0.538576 0.00564791
873 0.855341 0.533956 0.00587239
874 0.855341 0.530494 0.00537427
875 0.855341 0.528316 0.00621558
876 0.855341 0.537974 0.00630805
877 0.855341 0.536439 0.00589708
878 0.855341 0.534413 0.00626105
879 0.855341 0.529227 0.00629295
880 0.855341 0.532186 0.00526963
881 0.855341 0.527866 0.00556643
882 0.855341 0.537733 0.00590737
883 0.855341 0.527784 0.00558826
884 0.855341 0.527492 0.00603587
885 0.855341 0.5298 0.00624854
886 0.855341 0.528136 0.00612395
887 0.855341 0.536369 0.00655215
888 0.855341 0.530365 0.00647443
889 0.855341 0.526048 0.00659037
890 0.855341 0.530231 0.005507
891 0.855341 0.525247 0.00527476
892 0.855341 0.52453 0.00544607
893 0.855341 0.520519 0.00549465
894 0.855341 0.526973 0.00572789
895 0.855341 0.529191 0.00579275
896 0.855341 0.526478 0.00557424
897 0.855341 0.525056 0.0057279
898 0.855341 0.529817 0.00620459
899 0.855341 0.528155 0.00547893
900 0.855341 0.518142 0.00574697
901 0.855341 0.519251 0.0057017
902 0.855341 0.525687 0.00605799
903 0.855341 0.524092 0.00550275
904 0.855341 0.518799 0.00528963
905 0.855341 0.524771 0.00544994
906 0.855341 0.529663 0.00696652
907 0.855341 0.524356 0.00567793
908 0.855341 0.526349 0.00561037
909 0.855341 0.525694 0.00709846
910 0.855341 0.531758 0.00506784
911 0.855341 0.528704 0.00589103
912 0.855341 0.525837 0.00597177
913 0.855341 0.526354 0.00648216
914 0.855341 0.530492 0.00650795
915 0.855341 0.525995 0.00565551
916 0.855341 0.52695 0.00619068
917 0.855341 0.523354 0.00630202
918 0.855341 0.534949 0.00693338
919 0.855341 0.533476 0.00654401
920 0.855341 0.534732 0.00609091
921 0.855341 0.529864 0.00665327
922 0.855341 0.524409 0.00668829
923 0.855341 0.532587 0.00687625
924 0.855341 0.538596 0.00699924
925 0.855341 0.524411 0.00659815
926 0.855341 0.527724 0.00629088
927 0.855341 0.525781 0.00600376
928 0.855341 0.532032 0.00629219
929 0.855341 0.531497 0.00587015
930 0.855341 0.532125 0.00548245
931 0.855341 0.530498 0.00620835
932 0.855341 0.531368 0.00722709
933 0.855341 0.52515 0.00613177
934 0.855341 0.532414 0.00549315
935 0.855341 0.52687 0.00604307
936 0.855341 0.540842 0.00594863
937 0.855341 0.541572 0.00644703
938 0.855341 0.52664 0.0063386
939 0.855341 0.528808 0.00631759
940 0.855341 0.526503 0.00590259
941 0.855341 0.522874 0.00622496
942 0.855341 0.525466 0.00545308
943 0.855341 0.531153 0.00630116
944 0.855341 0.54203 0.00724241
945 0.855341 0.535742 0.00695051
946 0.855341 0.522542 0.00664975
947 0.855341 0.531864 0.0060974
948 0.855341 0.5291 0.00676158
949 0.855341 0.521754 0.00645396
950 0.855341 0.530384 0.00670188
951 0.855341 0.529933 0.00625316
952 0.855341 0.540947 0.00628411
953 0.855341 0.535907 0.00662835
954 0.855341 0.53203 0.00587493
955 0.855341 0.541382 0.00673255
956 0.855341 0.538915 0.00690266
957 0.855341 0.536964 0.00688418
958 0.855341 0.536573 0.00653127
959 0.855341 0.528687 0.00546815
960 0.855341 0.537962 0.00585933
961 0.855341 0.537296 0.00522336
962 0.855341 0.528391 0.00599833
963 0.855341 0.536402 0.0055736
964 0.855341 0.53212 0.00716842
965 0.855341 0.533893 0.00650308
966 0.855341 0.535389 0.00671311
967 0.855341 0.541203 0.00657328
968 0.855341 0.539073 0.00669455
969 0.855341 0.540307 0.00637465
970 0.855341 0.530011 0.00623812
971 0.855341 0.538555 0.00636676
972 0.855341 0.542381 0.00632042
973 0.855341 0.53779 0.00617382
974 0.855341 0.532384 0.00615815
975 0.855341 0.536351 0.00603881
976 0.855341 0.541261 0.00596869
977 0.855341 0.535011 0.00582792
978 0.855341 0.528623 0.00592497
979 0.855341 0.53924 0.00646354
980 0.855341 0.536663 0.0061607
981 0.855341 0.538813 0.00611191
982 0.855341 0.533929 0.00697415
983 0.855341 0.542568 0.00643695
984 0.855341 0.533176 0.00645225
985 0.855341 0.531312 0.00670493
986 0.855341 0.544183 0.00613243
987 0.855341 0.544629 0.00667685
988 0.855341 0.546713 0.0068698
989 0.855341 0.534718 0.00635981
990 0.855341 0.54069 0.00604389
991 0.855341 0.540943 0.00639891
992 0.855341 0.54035 0.0062968
993 0.855341 0.54753 0.00731656
994 0.855341 0.536787 0.0068509
995 0.855341 0.539354 0.00684203
996 0.855341 0.534747 0.00725457
997 0.855341 0.534459 0.00596446
998 0.855341 0.537486 0.00659628
999 0.855341 0.534799 0.00620259
1000 0.855341 0.532444 0.00618138
1001 0.855341 0.530964 0.00614153
1002 0.855341 0.532883 0.00623551
1003 0.855341 0.533078 0.00798088
1004 0.855341 0.530785 0.00701824
1005 0.855341 0.542493 0.0070525
1006 0.855341 0.530964 0.00594113
1007 0.855341 0.532793 0.00604836
1008 0.855341 0.532664 0.00571392
1009 0.855341 0.534308 0.00613642
1010 0.855341 0.544941 0.0078832
1011 0.855341 0.523776 0.00680774
1012 0.855341 0.531791 0.00641439
1013 0.855341 0.54303 0.00650472
1014 0.855341 0.534889 0.00655148
1015 0.855341 0.544454 0.00667766
1016 0.855341 0.550215 0.00672771
1017 0.855341 0.543793 0.00652936
1018 0.855341 0.543054 0.00733686
1019 0.855341 0.537108 0.00720378
1020 0.855341 0.54153 0.00715358
1021 0.855341 0.539237 0.00650681
1022 0.855341 0.53487 0.00690987
1023 0.855341 0.537082 0.00694159
1024 0.855341 0.532572 0.00678491
1025 0.855341 0.534973 0.00590189
1026 0.855341 0.533488 0.00619528
1027 0.855341 0.537185 0.00689037
1028 0.855341 0.534677 0.00617624
1029 0.855341 0.534935 0.00607887
1030 0.855341 0.536801 0.00633044
1031 0.855341 0.537765 0.00727421
1032 0.855341 0.540331 0.00625594
1033 0.855341 0.531252 0.00713798
1034 0.855341 0.536042 0.00667028
1035 0.855341 0.537998 0.00700152
1036 0.855341 0.540238 0.00689496
1037 0.855341 0.531844 0.00583865
1038 0.855341 0.529576 0.00655287
1039 0.855341 0.536797 0.00678689
1040 0.855341 0.537967 0.00699286
1041 0.855341 0.527122 0.00630485
1042 0.855341 0.530896 0.00588031
1043 0.855341 0.528525 0.00571156
1044 0.855341 0.530367 0.00689133
1045 0.855341 0.533904 0.0065055
1046 0.855341 0.531714 0.00678117
1047 0.855341 0.539152 0.00610755
1048 0.855341 0.530468 0.00674847
1049 0.855341 0.531458 0.00721567
1050 0.855341 0.536551 0.00648367
1051 0.855341 0.540758 0.00694517
1052 0.855341 0.537038 0.00697674
1053 0.855341 0.534578 0.00651386
1054 0.855341 0.531188 0.00670542
1055 0.855341 0.542494 0.0060095
1056 0.855341 0.530785 0.00648246
1057 0.855341 0.531023 0.00692722
1058 0.855341 0.533872 0.00640267
1059 0.855341 0.534959 0.00680961
1060 0.855341 0.529284 0.00624324
1061 0.855341 0.535944 0.00717105
1062 0.855341 0.540168 0.00658675
1063 0.855341 0.531914 0.00687842
1064 0.855341 0.541713 0.00663216
1065 0.855341 0.533109 0.00635767
1066 0.855341 0.536442 0.00622222
1067 0.855341 0.535473 0.00685723
1068 0.855341 0.539268 0.00664616
1069 0.855341 0.534623 0.00719785
1070 0.855341 0.53562 0.00673587
1071 0.855341 0.532707 0.0068508
1072 0.855341 0.54582 0.00695369
1073 0.855341 0.533441 0.00588294
1074 0.855341 0.536439 0.00702616
1075 0.855341 0.538757 0.00614846
1076 0.855341 0.534467 0.00621236
1077 0.855341 0.536884 0.00696105
1078 0.855341 0.532315 0.00658797
1079 0.855341 0.531993 0.00657733
1080 0.855341 0.538002 0.00606353
1081 0.855341 0.530154 0.0060536
1082 0.855341 0.530011 0.0071181
1083 0.855341 0.523321 0.00569739
1084 0.855341 0.541282 0.00616807
1085 0.855341 0.537639 0.00583255
1086 0.855341 0.533378 0.00650837
1087 0.855341 0.531945 0.00699087
1088 0.855341 0.534526 0.00570712
1089 0.855341 0.528344 0.00733087
1090 0.855341 0.523732 0.0065899
1091 0.855341 0.526704 0.00642885
1092 0.855341 0.527191 0.00604788
1093 0.855341 0.533155 0.0065062
1094 0.855341 0.527874 0.00657198
1095 0.855341 0.540223 0.0067117
1096 0.855341 0.535646 0.00637912
1097 0.855341 0.536311 0.00552589
1098 0.855341 0.531489 0.0070017
1099 0.855341 0.530107 0.00588747
1100 0.855341 0.532625 0.00586449
1101 0.855341 0.528719 0.00621883
1102 0.855341 0.539656 0.00619534
1103 0.855341 0.53195 0.00667011
1104 0.865299 0.531735 0.0079013
1105 0.865299 0.537553 0.00780718
1106 0.865299 0.534665 0.00686035
1107 0.865299 0.538378 0.00730815
1108 0.865299 0.54032 0.00624913
1109 0.865299 0.534986 0.0063188
1110 0.865299 0.5342 0.00597781
1111 0.865299 0.530548 0.00654139
1112 0.865299 0.531993 0.00615635
1113 0.865299 0.533476 0.00634472
1114 0.865299 0.528336 0.0067968
1115 0.865299 0.538708 0.00660882
1116 0.865299 0.537402 0.00699897
1117 0.865299 0.532714 0.00656158
1118 0.865299 0.53678 0.00672361
1119 0.865299 0.53388 0.00638556
1120 0.865299 0.530566 0.00651972
1121 0.865299 0.533811 0.00683358
1122 0.865299 0.537229 0.00659842
1123 0.865299 0.537305 0.00714015
1124 0.865299 0.536394 0.00755664
1125 0.865299 0.532718 0.00668452
1126 0.865299 0.541298 0.00695758
1127 0.865299 0.537849 0.00766847
1128 0.865299 0.530772 0.00698365
1129 0.865299 0.534759 0.00705803
1130 0.865299 0.53169 0.00743582
1131 0.865299 0.531816 0.00650055
1132 0.865299 0.538344 0.00696015
1133 0.865299 0.535185 0.0064437
1134 0.865299 0.526139 0.00598038
1135 0.865299 0.534987 0.00677436
1136 0.865299 0.524665 0.00636776
1137 0.865299 0.529011 0.00680498
1138 0.865299 0.533603 0.00643621
1139 0.865299 0.533047 0.00601128
1140 0.865299 0.532962 0.0066177
1141 0.865299 0.534104 0.00746887
1142 0.865299 0.537977 0.00676482
1143 0.865299 0.53922 0.00754174
1144 0.865299 0.542695 0.00643192
1145 0.865299 0.536136 0.00640097
1146 0.865299 0.541283 0.00635037
1147 0.865299 0.536454 0.00765215
1148 0.865299 0.540566 0.00695786
1149 0.865299 0.536949 0.00627864
1150 0.865299 0.537181 0.00613339
1151 0.865299 0.538208 0.00593766
1152 0.865299 0.533272 0.00621308
1153 0.865299 0.53458 0.00662015
1154 0.865299 0.543695 0.0071718
1155 0.865299 0.539189 0.00677406
1156 0.865299 0.533142 0.00694887
1157 0.865299 0.540459 0.0069606
1158 0.865299 0.534793 0.00711832
1159 0.865299 0.535092 0.00689288
1160 0.865299 0.533509 0.00731795
1161 0.865299 0.547241 0.00596702
1162 0.865299 0.538524 0.00655285
1163 0.865299 0.542259 0.00582567
1164 0.865299 0.538919 0.0062173
1165 0.865299 0.541365 0.00754661
1166 0.865299 0.538753 0.00625329
1167 0.865299 0.533421 0.00741046
1168 0.865299 0.540968 0.00740791
1169 0.865299 0.535567 0.00699034
1170 0.865299 0.533817 0.0076394
1171 0.865299 0.53435 0.00728764
1172 0.865299 0.530535 0.006305
1173 0.865299 0.529671 0.00684544
1174 0.865299 0.535137 0.00707314
1175 0.865299 0.532967 0.00627608
1176 0.865299 0.530494 0.00747536
1177 0.865299 0.528819 0.00649636
1178 0.865299 0.541082 0.00745074
1179 0.865299 0.543992 0.00792193
1180 0.865299 0.5384 0.0066381
1181 0.865299 0.542303 0.00636583
1182 0.865299 0.535841 0.00644371
1183 0.865299 0.533622 0.00635452
1184 0.865299 0.538342 0.00631653
1185 0.865299 0.537031 0.00591924
1186 0.865299 0.530522 0.00623309
1187 0.865299 0.528787 0.00599659
1188 0.865299 0.53384 0.00674818
1189 0.865299 0.540423 0.00689836
1190 0.865299 0.53641 0.00665867
1191 0.865299 0.530755 0.00580584
1192 0.865299 0.526332 0.0062042
1193 0.865299 0.521701 0.00634314
1194 0.865299 0.53479 0.00619483
1195 0.865299 0.528538 0.00627675
1196 0.865299 0.530297 0.00599301
1197 0.865299 0.535889 0.00640275
1198 0.865299 0.542362 0.0072025
1199 0.865299 0.527061 0.00644693
1200 0.865299 0.52688 0.00663786
1201 0.865299 0.533761 0.0063734
1202 0.865299 0.532118 0.00671763
1203 0.865299 0.536169 0.00659923
1204 0.865299 0.527174 0.00703111
1205 0.865299 0.533593 0.00750211
1206 0.865299 0.519523 0.0074284
1207 0.865299 0.529067 0.00701452
1208 0.865299 0.531392 0.00578937
1209 0.865299 0.524493 0.00604945
1210 0.865299 0.520844 0.00712994
1211 0.865299 0.525716 0.00691257
1212 0.865299 0.536976 0.00615215
1213 0.865299 0.523528 0.00658976
1214 0.865299 0.534505 0.00615823
1215 0.865299 0.535078 0.00637647
1216 0.865299 0.532859 0.0076507
1217 0.865299 0.531071 0.00773567
1218 0.865299 0.526485 0.00671002
1219 0.865299 0.535338 0.0068047
1220 0.865299 0.532818 0.00695142
1221 0.865299 0.535453 0.00711296
1222 0.865299 0.53802 0.00684832
1223 0.865299 0.528982 0.00579228
1224 0.865299 0.523636 0.00618092
1225 0.865299 0.529243 0.00617857
1226 0.865299 0.535151 0.00702479
1227 0.865299 0.528131 0.00765594
1228 0.865299 0.532651 0.00737804
1229 0.865299 0.530735 0.00716041
1230 0.865299 0.533334 0.00680475
1231 0.865299 0.531148 0.00666429
1232 0.865299 0.534319 0.00697813
1233 0.865299 0.521093 0.006009
1234 0.865299 0.526697 0.00644872
1235 0.865299 0.537331 0.00695035
1236 0.865299 0.52996 0.00664252
1237 0.865299 0.542097 0.0067079
1238 0.865299 0.535613 0.00710064
1239 0.865299 0.53854 0.00733167
1240 0.865299 0.533969 0.00720709
1241 0.865299 0.533357 0.00762701
1242 0.865299 0.548276 0.00827224
1243 0.865299 0.534877 0.00597054
1244 0.865299 0.538978 0.00691506
1245 0.865299 0.543349 0.00771555
1246 0.865299 0.543609 0.0072546
1247 0.865299 0.539654 0.00744184
1248 0.865299 0.528714 0.00651866
1249 0.865299 0.534722 0.00714645
1250 0.865299 0.523244 0.00693489
1251 0.865299 0.529297 0.00653606
1252 0.865299 0.520994 0.00689721
1253 0.865299 0.522339 0.00650398
1254 0.865299 0.52889 0.00696898
1255 0.865299 0.539714 0.00687457
1256 0.865299 0.539684 0.00675065
1257 0.865299 0.538076 0.00608029
1258 0.865299 0.536066 0.00638948
1259 0.865299 0.53381 0.0063805
1260 0.865299 0.530759 0.00632586
1261 0.865299 0.54206 0.00751661
1262 0.865299 0.548416 0.00684695
1263 0.865299 0.536876 0.00691428
1264 0.865299 0.536247 0.00671428
1265 0.865299 0.535232 0.00632983
1266 0.865299 0.537005 0.00666117
1267 0.865299 0.543363 0.00687035
1268 0.865299 0.535016 0.00766366
1269 0.865299 0.534063 0.00762746
1270 0.865299 0.528283 0.00652313
1271 0.865299 0.534763 0.00646133
1272 0.865299 0.529151 0.00591118
1273 0.865299 0.536937 0.007164
1274 0.865299 0.537648 0.00627185
1275 0.865299 0.531345 0.00716204
1276 0.865299 0.532653 0.00687323
1277 0.865299 0.538168 0.00744193
1278 0.865299 0.534333 0.00722235
1279 0.865299 0.537933 0.00682952
1280 0.865299 0.528466 0.00741414
1281 0.865299 0.530939 0.0066944
1282 0.865299 0.532347 0.0067551
1283 0.865299 0.531333 0.00648684
1284 0.865299 0.538141 0.00689929
1285 0.865299 0.538187 0.00702392
1286 0.865299 0.536701 0.0068293
1287 0.865299 0.531989 0.00724618
1288 0.865299 0.535832 0.00737534
1289 0.865299 0.530499 0.00718145
1290 0.865299 0.539985 0.00736861
1291 0.865299 0.532891 0.00734602
1292 0.865299 0.539417 0.00769583
1293 0.865299 0.537467 0.00649921
1294 0.865299 0.53273 0.00668938
1295 0.865299 0.5387 0.0064134
1296 0.865299 0.531099 0.00614617
1297 0.865299 0.535202 0.00589505
1298 0.865299 0.536365 0.00616591
1299 0.865299 0.537963 0.00637633
1300 0.865299 0.540231 0.00639273
1301 0.865299 0.535229 0.00712902
1302 0.865299 0.5426 0.00757647
1303 0.865299 0.53714 0.00717626
1304 0.865299 0.536233 0.00707135
1305 0.865299 0.536219 0.00659487
1306 0.865299 0.534614 0.00660068
1307 0.865299 0.535669 0.00642701
1308 0.865299 0.532029 0.00679472
1309 0.865299 0.528149 0.0060563
1310 0.865299 0.527172 0.00589717
1311 0.865299 0.527989 0.00684087
1312 0.865299 0.529617 0.00672879
1313 0.865299 0.535652 0.00668981
1314 0.865299 0.530753 0.00680289
1315 0.865299 0.529611 0.00742102
1316 0.865299 0.530077 0.00766848
1317 0.865299 0.524819 0.00622623
1318 0.865299 0.531262 0.00667917
1319 0.865299 0.528639 0.00685856
1320 0.865299 0.537618 0.00714018
1321 0.865299 0.537754 0.00799559
1322 0.865299 0.536878 0.00584421
1323 0.865299 0.527692 0.00681583
1324 0.865299 0.523817 0.00673848
1325 0.865299 0.528828 0.00640456
1326 0.865299 0.535969 0.00770723
1327 0.865299 0.535187 0.00679759
1328 0.865299 0.534772 0.00658362
1329 0.865299 0.530573 0.00696302
1330 0.865299 0.531348 0.00686095
1331 0.865299 0.526387 0.00676059
1332 0.865299 0.528621 0.00660131
1333 0.865299 0.527982 0.00740809
1334 0.865299 0.538208 0.00820779
1335 0.865299 0.532802 0.00690709
1336 0.865299 0.540835 0.00703222
1337 0.865299 0.53553 0.00723792
1338 0.865299 0.528557 0.00746704
1339 0.865299 0.529171 0.00690301
1340 0.865299 0.531426 0.00693689
1341 0.865299 0.538561 0.00723813
1342 0.865299 0.536204 0.00614621
1343 0.865299 0.531653 0.00725474
1344 0.865299 0.53768 0.00675841
1345 0.865299 0.540372 0.0070542
1346 0.865299 0.535426 0.00743748
1347 0.865299 0.528784 0.00678513
1348 0.865299 0.532312 0.00775859
1349 0.865299 0.535519 0.00756014
1350 0.865299 0.53474 0.00659751
1351 0.865299 0.537807 0.00675388
1352 0.865299 0.546607 0.00619453
1353 0.865299 0.546781 0.00615216
1354 0.865299 0.54512 0.00646642
1355 0.865299 0.539753 0.00741477
1356 0.865299 0.533354 0.00631671
1357 0.865299 0.538908 0.00730496
1358 0.865299 0.525009 0.00800498
1359 0.865299 0.537864 0.00826556
1360 0.865299 0.531931 0.00701721
1361 0.865299 0.537648 0.00642245
1362 0.865299 0.539227 0.00734993
1363 0.865299 0.534008 0.0074908
1364 0.865299 0.541467 0.00735499
1365 0.865299 0.533496 0.00711917
1366 0.865299 0.5383 0.00644354
1367 0.865299 0.538824 0.00759227
1368 0.865299 0.536661 0.0065302
1369 0.865299 0.541429 0.00693724
1370 0.865299 0.541093 0.00756738
1371 0.865299 0.543954 0.00654512
1372 0.865299 0.541683 0.00832661
1373 0.865299 0.538897 0.00646349
1374 0.865299 0.541855 0.00652414
1375 0.865299 0.536435 0.00639944
1376 0.865299 0.530077 0.00673441
1377 0.865299 0.538384 0.0067766
1378 0.865299 0.541968 0.00694187
1379 0.865299 0.545915 0.00673647
1380 0.865299 0.535278 0.00653801
1381 0.865299 0.546748 0.00698661
1382 0.865299 0.534844 0.00714575
1383 0.865299 0.546224 0.0069043
1384 0.865299 0.535845 0.00618909
1385 0.865299 0.532562 0.00655515
1386 0.865299 0.542224 0.0069476
1387 0.865299 0.540373 0.00755321
1388 0.865299 0.536327 0.00720702
1389 0.865299 0.531453 0.00671076
1390 0.865299 0.538172 0.00792241
1391 0.865299 0.53228 0.00683626
1392 0.865299 0.532676 0.0074153
1393 0.865299 0.535188 0.00644858
1394 0.865299 0.539292 0.00748776
1395 0.865299 0.53383 0.00679767
1396 0.865299 0.533684 0.00664836
1397 0.865299 0.542217 0.00750864
1398 0.865299 0.545697 0.00650536
1399 0.865299 0.539055 0.00620299
1400 0.865299 0.536151 0.00672756
1401 0.865299 0.530603 0.00660279
1402 0.865299 0.532884 0.00724444
1403 0.865299 0.527856 0.00635655
1404 0.865299 0.530354 0.00716142
1405 0.865299 0.535825 0.0070103
1406 0.865299 0.536442 0.0080051
1407 0.865299 0.537678 0.00736546
1408 0.865299 0.547412 0.0071396
1409 0.865299 0.534232 0.00651388
1410 0.865299 0.53797 0.00721765
1411 0.865299 0.544581 0.0069312
1412 0.865299 0.540768 0.00682879
1413 0.865299 0.536647 0.00700679
1414 0.865299 0.540408 0.00688883
1415 0.865299 0.538442 0.00647908
1416 0.865299 0.540505 0.00679252
1417 0.865299 0.536103 0.00765784
1418 0.865299 0.540841 0.00760882
1419 0.865299 0.54287 0.00873104
1420 0.865299 0.544567 0.00693595
1421 0.865299 0.527705 0.00708472
1422 0.865299 0.5344 0.00625502
1423 0.865299 0.538767 0.00650436
1424 0.865299 0.535572 0.00657667
1425 0.865299 0.539825 0.00733279
1426 0.865299 0.537474 0.00670224
1427 0.865299 0.53158 0.00681989
1428 0.865299 0.52627 0.00692814
1429 0.865299 0.538603 0.00648993
1430 0.865299 0.527594 0.00697618
1431 0.865299 0.541272 0.00616135
1432 0.865299 0.542452 0.00702971
1433 0.865299 0.530587 0.00744676
1434 0.865299 0.536235 0.0075305
1435 0.865299 0.535401 0.00758732
1436 0.865299 0.534706 0.00650237
1437 0.865299 0.538081 0.00817925
1438 0.865299 0.535018 0.00721178
1439 0.865299 0.531142 0.00619746
1440 0.865299 0.53257 0.00715178
1441 0.865299 0.538358 0.00691704
1442 0.865299 0.529102 0.00673667
1443 0.865299 0.537178 0.00765336
1444 0.865299 0.541212 0.00813004
1445 0.865299 0.535307 0.00748616
1446 0.865299 0.533432 0.00711298
1447 0.865299 0.538448 0.00692443
1448 0.865299 0.533368 0.00634053
1449 0.865299 0.525437 0.00652746
1450 0.865299 0.524268 0.00611176
1451 0.865299 0.533747 0.00769683
1452 0.865299 0.534745 0.00710155
1453 0.865299 0.52769 0.00661936
1454 0.865299 0.529251 0.00719899
1455 0.865299 0.527982 0.00728335
1456 0.865299 0.529605 0.00660998
1457 0.865299 0.538589 0.00636934
1458 0.865299 0.53622 0.0064047
1459 0.865299 0.536474 0.00602668
1460 0.865299 0.539094 0.00707855
1461 0.865299 0.54507 0.00785356
1462 0.865299 0.533487 0.00664112
1463 0.865299 0.53486 0.00664459
1464 0.865299 0.539707 0.00667877
1465 0.865299 0.533991 0.00640259
1466 0.865299 0.533644 0.00871845
1467 0.865299 0.531992 0.00811891
1468 0.865299 0.537549 0.00703317
1469 0.865299 0.543797 0.00673176
1470 0.865299 0.535052 0.00605467
1471 0.865299 0.534998 0.00724635
1472 0.865299 0.539302 0.00688327
1473 0.865299 0.541638 0.00693459
1474 0.865299 0.533856 0.00733221
1475 0.865299 0.534517 0.00695474
1476 0.865299 0.532716 0.00686527
1477 0.865299 0.530468 0.00732283
1478 0.865299 0.525717 0.00721314
1479 0.865299 0.533838 0.0076919
1480 0.865299 0.540954 0.00731683
1481 0.865299 0.532365 0.0068726
1482 0.865299 0.526586 0.00657861
1483 0.865299 0.53328 0.00697483
1484 0.865299 0.539849 0.00696277
1485 0.865299 0.538827 0.00803521
1486 0.865299 0.53193 0.00750926
1487 0.865299 0.544777 0.00723342
1488 0.865299 0.537637 0.00663711
1489 0.865299 0.530211 0.00641639
1490 0.865299 0.525332 0.00658963
1491 0.865299 0.538661 0.00662495
1492 0.865299 0.53263 0.00672209
1493 0.865299 0.534672 0.00757585
1494 0.865299 0.537914 0.00709162
1495 0.865299 0.535675 0.00676252
1496 0.865299 0.529066 0.00615731
1497 0.865299 0.537033 0.00641558
1498 0.865299 0.537808 0.00665657
1499 0.865299 0.534757 0.00620796
1500 0.865299 0.540243 0.00615647
1501 0.865299 0.531972 0.00618644
1502 0.865299 0.543741 0.00671973
1503 0.865299 0.537999 0.00659932
1504 0.865299 0.541845 0.00671673
1505 0.865299 0.542245 0.00694449
1506 0.865299 0.540261 0.0060776
1507 0.865299 0.540186 0.00690042
1508 0.865299 0.544825 0.00689442
1509 0.865299 0.535603 0.00691237
1510 0.865299 0.543821 0.00674457
1511 0.865299 0.541066 0.00737895
1512 0.865299 0.52938 0.0064007
1513 0.865299 0.534218 0.00644128
1514 0.865299 0.538797 0.00694424
1515 0.865299 0.544085 0.00735704
1516 0.865299 0.542263 0.00729986
1517 0.865299 0.546421 0.00687248
1518 0.865299 0.540383 0.00659662
1519 0.865299 0.535557 0.00655012
1520 0.865299 0.534143 0.00719503
1521 0.865299 0.532812 0.0074077
1522 0.865299 0.540248 0.00750999
1523 0.865299 0.530672 0.00707618
1524 0.865299 0.53557 0.00730269
1525 0.865299 0.540491 0.00724102
1526 0.865299 0.531184 0.00690292
1527 0.865299 0.532484 0.00661497
1528 0.865299 0.538816 0.00813168
1529 0.865299 0.529472 0.00699412
1530 0.865299 0.531386 0.00705685
1531 0.865299 0.536127 0.00659663
1532 0.865299 0.537883 0.00721115
1533 0.865299 0.542249 0.00724154
1534 0.865299 0.536938 0.00658306
1535 0.865299 0.529476 0.00718624
1536 0.865299 0.541043 0.00673508
1537 0.865299 0.535962 0.00742735
1538 0.865299 0.529393 0.00708949
1539 0.865299 0.542186 0.00888623
1540 0.865299 0.534227 0.00723184
1541 0.865299 0.536771 0.00789241
1542 0.865299 0.527638 0.00721773
1543 0.865299 0.538762 0.00716174
1544 0.865299 0.532191 0.00672256
1545 0.865299 0.541292 0.00736628
1546 0.865299 0.535815 0.00677681
1547 0.865299 0.539338 0.0076549
1548 0.865299 0.538487 0.00771476
1549 0.865299 0.538578 0.00684775
1550 0.865299 0.529919 0.00639612
1551 0.865299 0.533724 0.00704107
1552 0.865299 0.539692 0.00818247
1553 0.865299 0.528189 0.00662628
1554 0.865299 0.529992 0.00656564
1555 0.865299 0.535119 0.00638106
1556 0.865299 0.530618 0.00655315
1557 0.865299 0.529214 0.00709305
1558 0.865299 0.527858 0.00704679
1559 0.865299 0.528409 0.0070222
1560 0.865299 0.539446 0.00725154
1561 0.865299 0.540374 0.00707095
1562 0.865299 0.542554 0.00723761
1563 0.865299 0.536724 0.00661602
1564 0.865299 0.536893 0.00705338
1565 0.865299 0.541795 0.00711762
1566 0.865299 0.540181 0.00770531
1567 0.865299 0.530882 0.00660612
1568 0.865299 0.53139 0.00617037
1569 0.865299 0.532707 0.00751119
1570 0.865299 0.533611 0.00627106
1571 0.865299 0.534187 0.00696524
1572 0.865299 0.531939 0.00626407
1573 0.865299 0.533074 0.00791164
1574 0.865299 0.531678 0.00638951
1575 0.865299 0.530147 0.00649015
1576 0.865299 0.537522 0.00658136
1577 0.865299 0.533471 0.0075172
1578 0.865299 0.530931 0.00664547
1579 0.865299 0.534907 0.00647753
1580 0.865299 0.532313 0.00775279
1581 0.865299 0.53589 0.00770603
1582 0.865299 0.534636 0.00671658
1583 0.865299 0.536116 0.00671758
1584 0.865299 0.534217 0.00696687
1585 0.865299 0.54413 0.00724711
1586 0.865299 0.542734 0.0074013
1587 0.865299 0.533607 0.0073625
1588 0.865299 0.541097 0.00723429
1589 0.865299 0.541182 0.00712685
1590 0.865299 0.539256 0.00685503
1591 0.865299 0.538024 0.00602026
1592 0.865299 0.541765 0.00780062
1593 0.865299 0.533389 0.00646853
1594 0.865299 0.533916 0.00708624
1595 0.865299 0.533608 0.00622423
1596 0.865299 0.536636 0.0062741
1597 0.865299 0.535591 0.00702439
1598 0.865299 0.535501 0.00704599
1599 0.865299 0.534362 0.00691455
1600 0.865299 0.539639 0.00634102
1601 0.865299 0.539518 0.00750167
1602 0.865299 0.534279 0.00697076
1603 0.865299 0.534657 0.00699787
1604 0.865299 0.533971 0.00670614
1605 0.865299 0.528375 0.00682681
1606 0.865299 0.533981 0.00598594
1607 0.865299 0.53372 0.00673331
1608 0.865299 0.53725 0.00749431
1609 0.865299 0.544082 0.00689288
1610 0.865299 0.534042 0.006812
1611 0.865299 0.529982 0.00663102
1612 0.865299 0.532968 0.00674848
1613 0.865299 0.527319 0.00705566
1614 0.865299 0.52831 0.00719765
1615 0.865299 0.532837 0.00801915
1616 0.865299 0.534506 0.00668896
1617 0.865299 0.532821 0.00704936
1618 0.865299 0.534272 0.00826324
1619 0.865299 0.533104 0.006732
1620 0.865299 0.548614 0.0069807
1621 0.865299 0.543616 0.00705036
1622 0.865299 0.539657 0.00689585
1623 0.865299 0.538274 0.00643093
1624 0.865299 0.542092 0.00620777
1625 0.865299 0.538856 0.00635439
1626 0.865299 0.53201 0.00686391
1627 0.865299 0.529693 0.00711854
1628 0.865299 0.53508 0.0065024
1629 0.865299 0.526569 0.0067244
1630 0.865299 0.538299 0.00792789
1631 0.865299 0.53672 0.00714071
1632 0.865299 0.535868 0.0064412
1633 0.865299 0.539797 0.00675278
1634 0.865299 0.535256 0.00695285
1635 0.865299 0.521948 0.00689274
1636 0.865299 0.534785 0.00670806
1637 0.865299 0.533822 0.00589551
1638 0.865299 0.534336 0.00694577
1639 0.865299 0.532756 0.00711091
1640 0.865299 0.541392 0.00700292
1641 0.865299 0.541251 0.00684699
1642 0.865299 0.541375 0.00699563
1643 0.865299 0.535061 0.00753223
1644 0.865299 0.547087 0.00865413
1645 0.865299 0.542186 0.00798524
1646 0.865299 0.542647 0.00670116
1647 0.865299 0.529302 0.00707368
1648 0.865299 0.534381 0.00703416
1649 0.865299 0.535488 0.0062274
1650 0.865299 0.535645 0.0068455
1651 0.865299 0.533183 0.00601213
1652 0.865299 0.535196 0.00638207
1653 0.865299 0.534983 0.0070356
1654 0.865299 0.53345 0.00636925
1655 0.865299 0.528646 0.00679385
1656 0.865299 0.538872 0.00766401
1657 0.865299 0.541407 0.00694386
1658 0.865299 0.540896 0.00678595
1659 0.865299 0.532626 0.00624548
1660 0.865299 0.54007 0.00727996
1661 0.865299 0.536663 0.00752697
1662 0.865299 0.534678 0.0060662
1663 0.865299 0.538093 0.00727556
1664 0.865299 0.537394 0.00708338
1665 0.865299 0.536961 0.00746289
1666 0.865299 0.534667 0.00731258
1667 0.865299 0.537175 0.0070212
1668 0.865299 0.530841 0.00665812
1669 0.865299 0.532585 0.00661223
1670 0.865299 0.533048 0.00720317
1671 0.865299 0.52704 0.00697509
1672 0.865299 0.527346 0.00631547
1673 0.865299 0.534868 0.00726113
1674 0.865299 0.528568 0.00644612
1675 0.865299 0.529183 0.00689816
1676 0.865299 0.524631 0.00730903
1677 0.865299 0.532631 0.00624744
1678 0.865299 0.532442 0.00613364
1679 0.865299 0.528142 0.00621679
1680 0.865299 0.52944 0.00727127
1681 0.865299 0.525325 0.00655287
1682 0.865299 0.525735 0.00734496
1683 0.865299 0.521038 0.00670641
1684 0.865299 0.529606 0.00636948
1685 0.865299 0.528705 0.00743588
1686 0.865299 0.535534 0.00678591
1687 0.865299 0.528682 0.0067942
1688 0.865299 0.534712 0.00712712
1689 0.865299 0.532316 0.00755818
1690 0.865299 0.537537 0.00763477
1691 0.865299 0.543507 0.00712794
1692 0.865299 0.530419 0.00748111
1693 0.865299 0.542487 0.00719354
1694 0.865299 0.536061 0.00734125
1695 0.865299 0.541292 0.00765557
1696 0.865299 0.531942 0.00687353
1697 0.865299 0.538158 0.00750358
1698 0.865299 0.534573 0.00667344
1699 0.865299 0.536356 0.006554
1700 0.865299 0.541787 0.00712248
1701 0.865299 0.541617 0.00720959
1702 0.865299 0.531886 0.00723681
1703 0.865299 0.532893 0.00666494
1704 0.865299 0.539732 0.00673341
1705 0.865299 0.535913 0.00735652
1706 0.865299 0.531938 0.00813791
1707 0.865299 0.536528 0.0071853
1708 0.865299 0.537994 0.00665554
1709 0.865299 0.544859 0.00681107
1710 0.865299 0.544721 0.00855889
1711 0.865299 0.531119 0.00707142
1712 0.865299 0.535037 0.00715248
1713 0.865299 0.535201 0.00634149
1714 0.865299 0.540995 0.0070475
1715 0.865299 0.54583 0.00883371
1716 0.865299 0.526487 0.00701357
1717 0.865299 0.53898 0.00751066
1718 0.865299 0.530837 0.00646211
1719 0.865299 0.532826 0.00689607
1720 0.865299 0.535971 0.00700765
1721 0.865299 0.538199 0.00658339
1722 0.865299 0.534882 0.0083414
1723 0.865299 0.544217 0.00752504
1724 0.865299 0.538524 0.00814236
1725 0.865299 0.536479 0.00803505
1726 0.865299 0.532438 0.00762734
1727 0.865299 0.538935 0.00731488
1728 0.865299 0.531537 0.00683813
1729 0.865299 0.535663 0.00799735
1730 0.865299 0.540641 0.00821531
1731 0.865299 0.536223 0.00687922
1732 0.865299 0.538394 0.00625275
1733 0.865875 0.526962 0.0072643
1734 0.865875 0.528655 0.00714252
1735 0.865875 0.532671 0.00775123
1736 0.865875 0.541778 0.00823121
1737 0.865875 0.533844 0.00684085
1738 0.865875 0.543802 0.00763248
1739 0.865875 0.538828 0.00796087
1740 0.865875 0.5399 0.00810339
1741 0.865875 0.539836 0.00868075
1742 0.865875 0.526829 0.00689893
1743 0.865875 0.528581 0.00672892
1744 0.865875 0.533518 0.00735927
1745 0.865875 0.540473 0.00662877
1746 0.865875 0.5422 0.0074435
1747 0.865875 0.543509 0.00730998
1748 0.865875 0.530153 0.00742796
1749 0.865875 0.538573 0.00703433
1750 0.865875 0.535827 0.00760034
1751 0.865875 0.52736 0.00713488
1752 0.865875 0.530247 0.00754601
1753 0.865875 0.541735 0.0072448
1754 0.865875 0.544047 0.00701374
1755 0.865875 0.537182 0.0065677
1756 0.865875 0.541385 0.00690778
1757 0.865875 0.536992 0.00675556
1758 0.865875 0.529163 0.00729851
1759 0.865875 0.528425 0.00702389
1760 0.865875 0.527972 0.00741216
1761 0.865875 0.527248 0.00706994
1762 0.865875 0.533681 0.00665916
1763 0.865875 0.529832 0.00689288
1764 0.865875 0.53152 0.00635939
1765 0.865875 0.531106 0.00744024
1766 0.865875 0.528898 0.00637175
1767 0.865875 0.535487 0.0074418
1768 0.865875 0.536153 0.0071221
1769 0.865875 0.536915 0.00743361
1770 0.865875 0.531723 0.0071144
1771 0.865875 0.541763 0.00716608
1772 0.865875 0.539205 0.00750101
1773 0.865875 0.528818 0.00702022
1774 0.865875 0.528548 0.006918
1775 0.865875 0.533982 0.0072394
1776 0.865875 0.524819 0.00763958
1777 0.865875 0.532934 0.00811757
1778 0.865875 0.539831 0.00737862
1779 0.865875 0.536637 0.00758623
1780 0.865875 0.531589 0.00713923
1781 0.865875 0.530739 0.00661435
1782 0.865875 0.537889 0.00733705
1783 0.865875 0.529891 0.00703869
1784 0.865875 0.538211 0.00753067
1785 0.865875 0.540431 0.00787026
1786 0.865875 0.538749 0.0068749
1787 0.865875 0.544946 0.00642636
1788 0.865875 0.537476 0.00622971
1789 0.865875 0.540514 0.00736136
1790 0.865875 0.541925 0.00753577
1791 0.865875 0.541428 0.00741104
1792 0.865875 0.540629 0.00700367
1793 0.865875 0.546897 0.00833097
1794 0.865875 0.54207 0.00736705
1795 0.865875 0.532383 0.00706207
1796 0.865875 0.532094 0.00689317
1797 0.865875 0.54003 0.00716796
1798 0.865875 0.54003 0.0068371
1799 0.865875 0.531287 0.00634476
1800 0.865875 0.533456 0.00677266
1801 0.865875 0.538693 0.00649537
1802 0.865875 0.539183 0.00759283
1803 0.865875 0.534744 0.00705938
1804 0.865875 0.521521 0.00696617
1805 0.865875 0.532579 0.00668139
1806 0.865875 0.530889 0.00694462
1807 0.865875 0.536283 0.0069719
1808 0.865875 0.529719 0.006995
1809 0.865875 0.534914 0.00833074
1810 0.865875 0.541601 0.00648231
1811 0.865875 0.532241 0.00674132
1812 0.865875 0.537693 0.00786746
1813 0.865875 0.535142 0.00720459
1814 0.865875 0.535582 0.00830991
1815 0.865875 0.52875 0.00730066
1816 0.865875 0.536738 0.00664151
1817 0.865875 0.530984 0.00708397
1818 0.865875 0.531605 0.00755278
1819 0.865875 0.539871 0.00715178
1820 0.865875 0.527789 0.00719161
1821 0.865875 0.524627 0.00712586
1822 0.865875 0.52604 0.00708819
1823 0.865875 0.530468 0.00705867
1824 0.865875 0.535041 0.00689909
1825 0.865875 0.526092 0.00661596
1826 0.865875 0.535286 0.00650979
1827 0.865875 0.532324 0.00722215
1828 0.865875 0.532559 0.00711729
1829 0.865875 0.529203 0.00678408
1830 0.865875 0.525777 0.00725628
1831 0.865875 0.535665 0.00815326
1832 0.865875 0.535213 0.00748395
1833 0.865875 0.535592 0.0061942
1834 0.865875 0.530545 0.007966
1835 0.865875 0.525212 0.00697774
1836 0.865875 0.540444 0.00853991
1837 0.865875 0.537153 0.007201
1838 0.865875 0.539882 0.00794188
1839 0.865875 0.537205 0.00740397
1840 0.865875 0.542299 0.00756976
1841 0.865875 0.533672 0.00794142
1842 0.865875 0.532806 0.00844309
1843 0.865875 0.532868 0.00722788
1844 0.865875 0.541711 0.00749589
1845 0.865875 0.539069 0.00728327
1846 0.865875 0.5397 0.00820852
1847 0.865875 0.538073 0.0074319
1848 0.865875 0.536172 0.00692633
1849 0.865875 0.537566 0.00678044
1850 0.865875 0.539126 0.0075047
1851 0.865875 0.532766 0.00658576
1852 0.865875 0.543451 0.00718035
1853 0.865875 0.539501 0.00665246
1854 0.865875 0.53933 0.00668224
1855 0.865875 0.540005 0.00686503
1856 0.865875 0.54147 0.00648698
1857 0.865875 0.544086 0.00693154
1858 0.865875 0.540614 0.00646301
1859 0.865875 0.542881 0.00662513
1860 0.865875 0.535239 0.00610215
1861 0.865875 0.538147 0.00663326
1862 0.865875 0.533177 0.00660622
1863 0.865875 0.536375 0.00800827
1864 0.865875 0.534723 0.00676234
1865 0.865875 0.535641 0.0079395
1866 0.865875 0.539386 0.00661958
1867 0.865875 0.543757 0.0074548
1868 0.865875 0.534686 0.00626494
1869 0.865875 0.539587 0.00748573
1870 0.865875 0.533489 0.00675422
1871 0.865875 0.540786 0.00684677
1872 0.865875 0.539327 0.00672136
1873 0.865875 0.538742 0.00698187
1874 0.865875 0.534558 0.00747216
1875 0.865875 0.53856 0.00799188
1876 0.865875 0.543679 0.0088506
1877 0.865875 0.533733 0.00750899
1878 0.865875 0.536943 0.00685005
1879 0.865875 0.5347 0.00640309
1880 0.865875 0.53652 0.00666648
1881 0.865875 0.535885 0.00715287
1882 0.865875 0.532903 0.00655428
1883 0.865875 0.539499 0.00676301
1884 0.865875 0.530514 0.00639309
1885 0.865875 0.535228 0.00642768
1886 0.865875 0.535278 0.00744553
1887 0.865875 0.539592 0.00906673
1888 0.865875 0.537828 0.00707292
1889 0.865875 0.536655 0.00681296
1890 0.865875 0.535158 0.00736736
1891 0.865875 0.533685 0.00777111
1892 0.865875 0.527907 0.00649326
1893 0.865875 0.523072 0.00731324
1894 0.865875 0.536793 0.00723454
1895 0.865875 0.526582 0.00742682
1896 0.865875 0.530198 0.00664904
1897 0.865875 0.531819 0.00684299
1898 0.865875 0.531924 0.00698861
1899 0.865875 0.533194 0.00667166
1900 0.865875 0.527219 0.00710005
1901 0.865875 0.520558 0.00707769
1902 0.865875 0.53438 0.00823375
1903 0.865875 0.532274 0.00635169
1904 0.865875 0.529126 0.00714047
1905 0.865875 0.537843 0.00674441
1906 0.865875 0.536609 0.00677035
1907 0.865875 0.533912 0.00659524
1908 0.865875 0.530425 0.00667881
1909 0.865875 0.53057 0.00693929
1910 0.865875 0.52782 0.00741668
1911 0.865875 0.534919 0.00625671
1912 0.865875 0.528424 0.00672389
1913 0.865875 0.54213 0.00716544
1914 0.865875 0.528443 0.00734431
1915 0.865875 0.52444 0.00687165
1916 0.865875 0.52952 0.00700127
1917 0.865875 0.527512 0.00739909
1918 0.865875 0.534264 0.00692139
1919 0.865875 0.527645 0.00804821
1920 0.865875 0.530289 0.00773745
1921 0.865875 0.53087 0.00626768
1922 0.865875 0.536914 0.00687538
1923 0.865875 0.534619 0.0079259
1924 0.865875 0.534035 0.00730028
1925 0.865875 0.5296 0.00735369
1926 0.865875 0.538535 0.00673185
1927 0.865875 0.534981 0.00765836
1928 0.865875 0.531434 0.0074127
1929 0.865875 0.53227 0.00686517
1930 0.865875 0.539307 0.00701578
1931 0.865875 0.534778 0.00750874
1932 0.865875 0.531217 0.00656909
1933 0.865875 0.527868 0.00712036
1934 0.865875 0.541359 0.00713358
1935 0.865875 0.537745 0.0069484
1936 0.865875 0.535736 0.00655174
1937 0.865875 0.539471 0.00702965
1938 0.865875 0.533194 0.00694223
1939 0.865875 0.52964 0.00698927
1940 0.865875 0.529335 0.00710581
1941 0.865875 0.528436 0.006887
1942 0.865875 0.536107 0.00681892
1943 0.865875 0.537134 0.00688708
1944 0.865875 0.536567 0.00717822
1945 0.865875 0.536234 0.00678997
1946 0.865875 0.534303 0.00676363
1947 0.865875 0.536491 0.00716671
1948 0.865875 0.527202 0.00668604
1949 0.865875 0.533852 0.00716362
1950 0.865875 0.530376 0.00668979
1951 0.865875 0.538222 0.00739268
1952 0.865875 0.542279 0.00648732
1953 0.865875 0.533239 0.00711419
1954 0.865875 0.53365 0.00709187
1955 0.865875 0.53982 0.00675683
1956 0.865875 0.53245 0.0075271
1957 0.865875 0.524909 0.00686262
1958 0.865875 0.531342 0.006928
1959 0.865875 0.535052 0.00650885
1960 0.865875 0.517093 0.0070863
1961 0.865875 0.532079 0.00708151
1962 0.865875 0.521246 0.00706977
1963 0.865875 0.529298 0.00751943
1964 0.865875 0.53555 0.00651735
1965 0.865875 0.538925 0.00745212
1966 0.865875 0.533119 0.00693136
1967 0.865875 0.539217 0.00746588
1968 0.865875 0.542687 0.00757007
1969 0.865875 0.531925 0.00730554
1970 0.865875 0.53093 0.00703666
1971 0.865875 0.53043 0.00705428
1972 0.865875 0.528406 0.00699574
1973 0.865875 0.532116 0.00786073
1974 0.865875 0.541252 0.00752445
1975 0.865875 0.532583 0.00695964
1976 0.865875 0.53733 0.0068356
1977 0.865875 0.538864 0.00668866
1978 0.865875 0.540657 0.00717357
1979 0.865875 0.545544 0.00709074
1980 0.865875 0.542286 0.00687541
1981 0.865875 0.53702 0.00690501
1982 0.865875 0.533064 0.00706003
1983 0.865875 0.53674 0.00662372
1984 0.865875 0.530053 0.00678653
1985 0.865875 0.538764 0.00687189
1986 0.865875 0.536442 0.00627602
1987 0.865875 0.534869 0.00655469
1988 0.865875 0.537411 0.00680552
1989 0.865875 0.535276 0.00718082
1990 0.865875 0.545152 0.00655836
1991 0.865875 0.533338 0.00671379
1992 0.865875 0.536244 0.00784423
1993 0.865875 0.53106 0.00733425
1994 0.865875 0.525362 0.00658548
1995 0.865875 0.531743 0.00650582
1996 0.865875 0.539743 0.00638474
1997 0.865875 0.536485 0.00736896
1998 0.865875 0.536709 0.00657641
1999 0.865875 0.536901 0.00784567
2000 0.865875 0.538152 0.00795502
