4
1
-52.1334
4.01333
0
-55.6499
5.47923
0
-51.4282
6.31655
0
0.131427
0.25426
1
-57.3949
5.83457
0
1.36474
1.54323
0.952089
1.42529
1.99758
0.45676
1.80276
1.33063
1.96622
0.226653
1.58184
1.09603
0.911722
0.527645
0.754955
0.89307
1.92321
0.557098
1.11772
1.87783
0.878808
0.0583612
0.581876
1.18815
1.23886
0.808266
0.822345
0.553521
1.81075
0.463572
1.72727
1.92996
0.84627
1.3016
0.603616
0.630843
1.31011
1.00926
1.6989
0.637009
1.47003
0.1055
0.0467542
0.362445
1.9652
0.0635971
0.716307
1.39258
0.643855
1.78299
0.998182
0.354398
0.248743
1.16931
0.106443
0.447148
0.3721
0.766104
1.74225
0.840305
1.05928
1.17192
1.44546
1.56366
1.71095
0.20949
0.953634
0.264915
0.0546137
0.837907
0.947123
1.86626
1.79045
1.03409
0.0390644
-0.594023
