4
1
0.160811
0.287673
1
-54.3782
6.06042
0
-62.2207
3.87255
0
-55.1756
2.43093
0
-51.7488
3.96218
0
0.665234
0.307605
1.53727
1.16961
1.4987
1.01661
0.780765
0.696336
0.626006
1.25907
0.000465775
1.45893
1.23685
0.973508
0.462443
0.526777
0.827987
1.16123
0.837497
1.37888
1.64894
0.760999
1.03992
1.5675
1.28796
0.772951
0.251138
1.55051
1.61817
0.475228
1.8542
0.382419
0.921927
1.04807
0.930237
1.02814
1.80192
0.372417
1.53392
1.34462
1.52975
0.0235296
0.750841
1.33256
0.479803
0.723525
0.270821
1.39063
1.70384
1.67588
1.95869
1.9094
1.83429
1.29993
0.349589
0.00399235
1.82761
1.08465
0.00337307
1.50166
1.64204
0.152908
0.14582
1.68104
0.140129
1.73583
1.96229
1.54685
0.691406
1.75661
-0.138127
