3
2
-59.6165
3.00073
0
0.0200541
0.287492
1
-57.5545
7.47722
0
0.114342
0.296991
1
-63.9724
3.06331
0
0.621845
0.862267
0.148662
0.857241
1.03634
0.857458
0.267348
0.648438
1.56045
1.77618
0.527365
1.80682
0.836019
1.17143
0.897778
1.47634
1.97583
1.63514
0.968165
0.107995
0.0769393
1.13566
1.66268
1.38329
0.68326
1.05936
1.04441
0.481594
0.39007
1.92508
1.43519
1.0067
0.23563
0.0153767
1.12283
0.776984
1.52202
1.18135
1.34705
0.296233
1.7183
0.0571409
0.00951251
1.48663
0.940146
1.18596
0.48991
1.27992
0.155685
1.20407
0.314292
0.00199079
2
0.290761
1.42263
1.41704
1.33583
0.816163
1.99932
1.96441
0.578544
1.6739
0.886603
1.56646
0.527767
0.95531
0
1.43251
1.58883
1.29624
0.101069
0.72463
0.231396
0.0031281
1.23283
2
0.982442
1200
250
