3
2
0.154903
0.265334
1
-57.2671
6.6572
0
0.125658
0.206881
1
-50
3.60918
0
-50.9413
3.00145
0
0.144811
1.57723
1.87012
0.83471
1.89243
1.60427
0.86255
1.04499
0.759008
0.620629
1.21817
0.533264
0.709256
1.57664
1.95595
0.708859
1.27467
1.09454
1.13715
0.705703
1.72985
0.557061
0.928121
1.24184
0.0574967
1.64191
0.584572
0.273633
1.49643
1.85221
0.697866
1.45229
0.432375
0.118032
0.0988858
0.13713
0.927023
1.0833
0.624547
0.00735798
1.78967
1.62348
1.65166
0.294971
1.8748
1.11731
1.40557
1.09055
1.30071
1.75601
0.680924
1.80235
0.0389917
1.81684
0.0149777
1.73732
0.295581
1.89761
0.450055
1.87722
0.188298
1.80674
1.13844
0.963889
1.10603
0.00748045
1.06103
0.420604
1.40399
0.487344
0.114228
1.5249
1.54041
0.0371367
0.0968854
