0 0.544564 0.495785 0.000446428
1 0.560547 0.502152 0.000371853
2 0.560547 0.49923 0.000426414
3 0.595355 0.503708 0.000480349
4 0.595355 0.505623 0.000837021
5 0.595355 0.503779 0.000541635
6 0.595355 0.50349 0.000752149
7 0.595355 0.50429 0.000594678
8 0.595355 0.505587 0.000761858
9 0.595355 0.503447 0.000695246
10 0.595355 0.506927 0.000978237
11 0.595355 0.50256 0.0009556
12 0.595355 0.503967 0.000930471
13 0.622406 0.501426 0.00150932
14 0.622406 0.497698 0.00130222
15 0.622406 0.503979 0.0010965
16 0.622406 0.503368 0.000967877
17 0.622406 0.509339 0.00102902
18 0.622406 0.502667 0.0012
19 0.622406 0.502958 0.00106208
20 0.622406 0.5035 0.0010308
21 0.622406 0.503723 0.00115402
22 0.622406 0.503811 0.00127928
23 0.622406 0.498884 0.00128935
24 0.628063 0.505913 0.00123702
25 0.705411 0.507065 0.00149957
26 0.705411 0.508317 0.00132968
27 0.705411 0.508573 0.00157341
28 0.705411 0.50975 0.00206067
29 0.705411 0.507862 0.00136808
30 0.705411 0.507708 0.00151415
31 0.705411 0.507747 0.00149777
32 0.705411 0.506199 0.00139767
33 0.705411 0.512392 0.00164201
34 0.705411 0.504903 0.00163673
35 0.705411 0.507756 0.00175716
36 0.705411 0.505404 0.00191893
37 0.705411 0.514625 0.00188652
38 0.705411 0.509421 0.00200843
39 0.705411 0.508473 0.00235809
40 0.705411 0.511732 0.00252189
41 0.705411 0.510513 0.00268593
42 0.705411 0.515299 0.00253171
43 0.705411 0.509371 0.00223384
44 0.705411 0.509849 0.00261424
45 0.705411 0.513472 0.00222536
46 0.705411 0.503747 0.00318099
47 0.705411 0.512052 0.00321495
48 0.735667 0.513362 0.00289134
49 0.735667 0.511852 0.00298423
50 0.735667 0.503905 0.00248742
51 0.735667 0.513076 0.0030069
52 0.735667 0.509107 0.00241702
53 0.735667 0.510599 0.00263534
54 0.735667 0.505601 0.00323037
55 0.735667 0.506377 0.0029771
56 0.735667 0.507613 0.00312258
57 0.735667 0.512062 0.00276646
58 0.735667 0.515021 0.0036717
59 0.735667 0.508232 0.00332715
60 0.735667 0.515944 0.00398005
61 0.735667 0.514785 0.00370298
62 0.735667 0.514387 0.0035046
63 0.735667 0.514343 0.00452002
64 0.735667 0.513932 0.00363182
65 0.735667 0.509738 0.00410372
66 0.735667 0.515861 0.00410035
67 0.735667 0.515595 0.00449941
68 0.735667 0.515766 0.00501067
69 0.735667 0.516637 0.00458757
70 0.735667 0.513114 0.00386102
71 0.735667 0.516371 0.00408086
72 0.735667 0.51387 0.0036124
73 0.735667 0.521554 0.00447414
74 0.735667 0.521542 0.00456375
75 0.735667 0.513428 0.0039197
76 0.735667 0.514149 0.00401497
77 0.735667 0.514151 0.00389613
78 0.735667 0.509894 0.00511992
79 0.735667 0.516804 0.0040047
80 0.735667 0.51224 0.00376349
81 0.735667 0.517595 0.00413441
82 0.735667 0.52007 0.00344459
83 0.735667 0.515957 0.00395865
84 0.735667 0.521275 0.00391491
85 0.735667 0.515349 0.00443295
86 0.735667 0.517292 0.00423261
87 0.735667 0.524714 0.00399961
88 0.735667 0.521402 0.0042699
89 0.735667 0.51816 0.00373962
90 0.735667 0.518016 0.00472594
91 0.735667 0.514643 0.00451111
92 0.735667 0.51547 0.00367164
93 0.735667 0.511864 0.0050846
94 0.735667 0.519649 0.00482491
95 0.735667 0.516576 0.00400357
96 0.735667 0.516002 0.00360239
97 0.735667 0.513209 0.00402993
98 0.735667 0.515375 0.00501829
99 0.735667 0.522244 0.00432616
100 0.735667 0.518858 0.00393487
101 0.735667 0.509228 0.0046217
102 0.735667 0.510231 0.00415145
103 0.735667 0.514942 0.00421519
104 0.735667 0.515833 0.00444203
105 0.735667 0.51218 0.00423692
106 0.735667 0.511113 0.00543285
107 0.735667 0.515216 0.00418179
108 0.735667 0.521189 0.00457715
109 0.735667 0.516085 0.00491785
110 0.735667 0.518562 0.00444695
111 0.735667 0.522771 0.00402549
112 0.735667 0.524619 0.00401151
113 0.735667 0.531101 0.00383946
114 0.735667 0.520692 0.00393734
115 0.735667 0.513002 0.00421389
116 0.735667 0.522486 0.00368854
117 0.735667 0.512707 0.004169
118 0.735667 0.5155 0.00373797
119 0.735667 0.515873 0.00415804
120 0.735667 0.513745 0.00400587
121 0.735667 0.518078 0.00396444
122 0.735667 0.519148 0.00414614
123 0.743707 0.525269 0.00425025
124 0.743707 0.527268 0.00403168
125 0.743707 0.520262 0.00435918
126 0.743707 0.515812 0.00449437
127 0.743707 0.510742 0.00502057
128 0.743707 0.51301 0.00450991
129 0.743707 0.514722 0.0041848
130 0.743707 0.514452 0.00505881
131 0.743707 0.519489 0.00444916
132 0.743707 0.519504 0.00463852
133 0.743707 0.512376 0.00465388
134 0.743707 0.512991 0.00395161
135 0.743707 0.507033 0.00478678
136 0.743707 0.513967 0.00372502
137 0.743707 0.504023 0.00411213
138 0.743707 0.510502 0.00415604
139 0.743707 0.505145 0.00469688
140 0.743707 0.503157 0.00429729
141 0.743707 0.512198 0.00408084
142 0.743707 0.512391 0.0042428
143 0.743707 0.517128 0.00510292
144 0.743707 0.515726 0.00469501
145 0.743707 0.516757 0.0050335
146 0.743707 0.517029 0.00497509
147 0.743707 0.519409 0.00428991
148 0.743707 0.515159 0.00430464
149 0.743707 0.518827 0.00467726
150 0.743707 0.51933 0.00440854
151 0.743707 0.520946 0.00412151
152 0.743707 0.517393 0.00448043
153 0.743707 0.521308 0.00401415
154 0.743707 0.511294 0.00478239
155 0.743707 0.517529 0.00480732
156 0.743707 0.524985 0.00432741
157 0.743707 0.51609 0.00550513
158 0.743707 0.516007 0.00447767
159 0.743707 0.521431 0.00430123
160 0.743707 0.517936 0.00480349
161 0.743707 0.517697 0.00462193
162 0.743707 0.52161 0.00438025
163 0.743707 0.518885 0.00487676
164 0.743707 0.515987 0.00466265
165 0.743707 0.525676 0.00393486
166 0.743707 0.522501 0.00391684
167 0.743707 0.525269 0.00386188
168 0.743707 0.531253 0.00463943
169 0.743707 0.521654 0.00498724
170 0.743707 0.523531 0.00453188
171 0.743707 0.524908 0.00426896
172 0.743707 0.520362 0.00389481
173 0.743707 0.514177 0.00466555
174 0.743707 0.514224 0.00424825
175 0.743707 0.523665 0.00414806
176 0.743707 0.52375 0.00393675
177 0.743707 0.523493 0.00500026
178 0.743707 0.519978 0.00522106
179 0.743707 0.511114 0.00456703
180 0.743707 0.519723 0.00543405
181 0.743707 0.517209 0.00481496
182 0.743707 0.512476 0.0044193
183 0.743707 0.5235 0.00509969
184 0.743707 0.526736 0.00501708
185 0.743707 0.511605 0.00437621
186 0.743707 0.516185 0.0046588
187 0.743707 0.511719 0.00445167
188 0.743707 0.515667 0.00467803
189 0.743707 0.512611 0.00509168
190 0.743707 0.517629 0.00445447
191 0.743707 0.522973 0.00490773
192 0.743707 0.518932 0.00423641
193 0.743707 0.522482 0.00429568
194 0.743707 0.524318 0.00431396
195 0.743707 0.516555 0.00493483
196 0.743707 0.517419 0.00502438
197 0.743707 0.504548 0.00491884
198 0.743707 0.52056 0.00480425
199 0.743707 0.517036 0.00469137
200 0.743707 0.517989 0.00431402
201 0.743707 0.52246 0.00403268
202 0.743707 0.520392 0.00410537
203 0.743707 0.520943 0.00517409
204 0.743707 0.518932 0.00495661
205 0.743707 0.520521 0.00485414
206 0.743707 0.516045 0.00441451
207 0.743707 0.514784 0.00390369
208 0.743707 0.520061 0.00480451
209 0.743707 0.519823 0.00460965
210 0.743707 0.503031 0.00453593
211 0.743707 0.506451 0.00424531
212 0.743707 0.515195 0.00493407
213 0.743707 0.507331 0.00547802
214 0.743707 0.510361 0.0044211
215 0.743707 0.512485 0.00385346
216 0.743707 0.518642 0.00445713
217 0.743707 0.511062 0.00586037
218 0.743707 0.518143 0.00515411
219 0.743707 0.502573 0.00540291
220 0.743707 0.507334 0.00464114
221 0.743707 0.523556 0.00447216
222 0.743707 0.517596 0.00385305
223 0.743707 0.522619 0.00487476
224 0.743707 0.525518 0.00447149
225 0.743707 0.519556 0.00478985
226 0.743707 0.516909 0.00455034
227 0.743707 0.514269 0.00384127
228 0.743707 0.512999 0.00442062
229 0.743707 0.506243 0.00483239
230 0.743707 0.524141 0.00476176
231 0.743707 0.51547 0.00483891
232 0.743707 0.519882 0.00467571
233 0.743707 0.519029 0.00372826
234 0.743707 0.515991 0.00431436
235 0.743707 0.512014 0.00397484
236 0.743707 0.517366 0.00413924
237 0.743707 0.512665 0.00457136
238 0.743707 0.530059 0.00567517
239 0.743707 0.521091 0.00469129
240 0.743707 0.51569 0.0046189
241 0.743707 0.521108 0.00440672
242 0.743707 0.517452 0.00495138
243 0.743707 0.515723 0.00407577
244 0.743707 0.508771 0.00534872
245 0.743707 0.515457 0.00537287
246 0.743707 0.520614 0.00524728
247 0.743707 0.512798 0.00411736
248 0.743707 0.512538 0.00495854
249 0.743707 0.514298 0.00442031
250 0.743707 0.522732 0.00440063
251 0.743707 0.517787 0.00455506
252 0.743707 0.524978 0.0041711
253 0.743707 0.532807 0.00435389
254 0.743707 0.525955 0.00437513
255 0.743707 0.519035 0.00483568
256 0.743707 0.517589 0.00534846
257 0.743707 0.510522 0.00470312
258 0.743707 0.522843 0.00432944
259 0.743707 0.524465 0.00476631
260 0.743707 0.516169 0.00582173
261 0.743707 0.51036 0.00550465
262 0.743707 0.50887 0.00465639
263 0.743707 0.510433 0.00485546
264 0.743707 0.507601 0.00460906
265 0.743707 0.517304 0.00464494
266 0.743707 0.517759 0.00445352
267 0.743707 0.519991 0.00530962
268 0.743707 0.522786 0.00583761
269 0.743707 0.516394 0.00473108
270 0.743707 0.526185 0.00449942
271 0.743707 0.524855 0.00483497
272 0.743707 0.518512 0.00417375
273 0.743707 0.512849 0.00401971
274 0.743707 0.51587 0.0056726
275 0.743707 0.51596 0.0052564
276 0.743707 0.512735 0.00432927
277 0.743707 0.523336 0.0036056
278 0.743707 0.513579 0.00437435
279 0.743707 0.519272 0.0045965
280 0.743707 0.50929 0.00494183
281 0.743707 0.509582 0.00506124
282 0.743707 0.51843 0.00444591
283 0.743707 0.516596 0.00504374
284 0.743707 0.512527 0.0051044
285 0.743707 0.507445 0.00475198
286 0.743707 0.525685 0.00465247
287 0.743707 0.523986 0.00547816
288 0.743707 0.525972 0.00392056
289 0.743707 0.517022 0.00489251
290 0.743707 0.514778 0.00476235
291 0.743707 0.518711 0.00408356
292 0.743707 0.520498 0.00507852
293 0.743707 0.518726 0.004185
294 0.743707 0.511909 0.00470824
295 0.743707 0.514372 0.0043619
296 0.743707 0.512738 0.00484955
297 0.743707 0.518026 0.0046953
298 0.743707 0.514719 0.00509362
299 0.743707 0.51564 0.0053414
300 0.743707 0.520765 0.00455125
301 0.743707 0.521786 0.00429755
302 0.743707 0.522767 0.00457069
303 0.743707 0.511852 0.0044295
304 0.743707 0.507694 0.0047086
305 0.743707 0.524288 0.00440448
306 0.743707 0.52014 0.00516024
307 0.743707 0.522232 0.00522369
308 0.743707 0.515642 0.00491301
309 0.743707 0.519682 0.00476299
310 0.743707 0.50929 0.00505388
311 0.743707 0.510011 0.00456231
312 0.743707 0.519484 0.00450803
313 0.743707 0.529182 0.00476358
314 0.743707 0.518797 0.00421357
315 0.743707 0.518614 0.00468537
316 0.743707 0.517892 0.00517496
317 0.743707 0.520753 0.00507834
318 0.743707 0.526946 0.00515203
319 0.743707 0.525715 0.00415417
320 0.743707 0.514591 0.00473833
321 0.743707 0.520298 0.00483672
322 0.743707 0.521351 0.0048656
323 0.743707 0.520878 0.00445752
324 0.743707 0.526992 0.00523771
325 0.743707 0.52298 0.00529604
326 0.743707 0.518635 0.00534276
327 0.743707 0.510757 0.00419806
328 0.743707 0.516789 0.00472901
329 0.743707 0.517342 0.00463527
330 0.743707 0.520428 0.00532179
331 0.743707 0.529561 0.00476713
332 0.743707 0.519209 0.00506391
333 0.743707 0.523266 0.00539123
334 0.743707 0.517568 0.00484147
335 0.743707 0.511057 0.00490185
336 0.743707 0.516811 0.00488618
337 0.743707 0.511401 0.00458378
338 0.743707 0.514675 0.00426506
339 0.743707 0.527416 0.00434433
340 0.743707 0.51398 0.00405065
341 0.743707 0.512606 0.00453486
342 0.743707 0.517185 0.00508953
343 0.743707 0.516897 0.00494432
344 0.743707 0.516348 0.0043654
345 0.743707 0.521019 0.00498524
346 0.743707 0.511951 0.00510147
347 0.743707 0.524968 0.00433267
348 0.743707 0.509244 0.00499325
349 0.743707 0.515182 0.00525258
350 0.743707 0.524146 0.0043374
351 0.743707 0.516617 0.00449185
352 0.743707 0.519324 0.00390904
353 0.743707 0.512603 0.00467638
354 0.743707 0.520886 0.00493545
355 0.743707 0.521605 0.00398264
356 0.743707 0.513277 0.00549366
357 0.743707 0.514524 0.00496582
358 0.745415 0.514704 0.00572339
359 0.745415 0.514707 0.00543617
360 0.745415 0.510563 0.00497925
361 0.745415 0.516723 0.00541877
362 0.745415 0.516646 0.00489728
363 0.745415 0.512715 0.00444266
364 0.745415 0.524763 0.00472114
365 0.745415 0.516495 0.00430203
366 0.745415 0.517805 0.00408861
367 0.745415 0.519634 0.00405208
368 0.745415 0.525591 0.00533522
369 0.745415 0.526086 0.00447154
370 0.745415 0.514906 0.00437094
371 0.745415 0.52397 0.00473003
372 0.745415 0.517491 0.00497727
373 0.745415 0.518846 0.00503403
374 0.745415 0.517872 0.00474436
375 0.745415 0.512774 0.00547699
376 0.745415 0.517852 0.00527491
377 0.745415 0.517225 0.00477705
378 0.745415 0.526096 0.00473514
379 0.745415 0.525859 0.00489209
380 0.745415 0.52656 0.0052619
381 0.745415 0.512579 0.00543884
382 0.745415 0.513814 0.00572345
383 0.745415 0.512957 0.0041451
384 0.745415 0.526059 0.00427582
385 0.745415 0.520845 0.00418817
386 0.745415 0.526898 0.00452957
387 0.745415 0.527748 0.00464037
388 0.745415 0.52783 0.00425326
389 0.745415 0.524369 0.00453354
390 0.745415 0.529597 0.00472163
391 0.745415 0.520052 0.00462932
392 0.745415 0.521037 0.00380504
393 0.745415 0.521404 0.00501205
394 0.745415 0.519106 0.00436376
395 0.745415 0.511977 0.0044723
396 0.745415 0.51982 0.00553664
397 0.745415 0.521227 0.00395057
398 0.745415 0.523851 0.00531306
399 0.745415 0.523009 0.00455816
400 0.745415 0.520697 0.00452816
401 0.745415 0.525403 0.00419339
402 0.745415 0.518505 0.0045149
403 0.745415 0.518614 0.00472729
404 0.745415 0.516573 0.00505849
405 0.745415 0.511992 0.00448238
406 0.745415 0.519642 0.00429253
407 0.745415 0.518077 0.00490422
408 0.745415 0.519788 0.00519281
409 0.745415 0.509753 0.0049823
410 0.745415 0.516322 0.00530311
411 0.752691 0.527504 0.0056901
412 0.752691 0.520302 0.00482795
413 0.752691 0.518091 0.0050404
414 0.752691 0.517022 0.00456908
415 0.752691 0.508358 0.00526809
416 0.752691 0.518608 0.00477488
417 0.752691 0.514653 0.00467665
418 0.752691 0.518109 0.00427871
419 0.752691 0.531047 0.00435256
420 0.752691 0.510789 0.00453162
421 0.752691 0.517276 0.00496069
422 0.752691 0.515278 0.00549894
423 0.752691 0.517405 0.00499932
424 0.752691 0.514964 0.00543681
425 0.752691 0.518509 0.00502623
426 0.752691 0.514917 0.00420215
427 0.752691 0.5204 0.00438551
428 0.752691 0.509126 0.00448141
429 0.752691 0.517746 0.00490062
430 0.752691 0.523505 0.00516676
431 0.752691 0.530811 0.00456469
432 0.752691 0.517209 0.00473504
433 0.752691 0.509761 0.00507403
434 0.752691 0.51689 0.0043123
435 0.752691 0.528591 0.00484714
436 0.752691 0.515856 0.00455281
437 0.752691 0.515909 0.00459519
438 0.752691 0.517773 0.00495531
439 0.752691 0.522474 0.00468268
440 0.752691 0.513291 0.00505415
441 0.752691 0.51702 0.00492315
442 0.752691 0.520844 0.00476508
443 0.752691 0.518185 0.00488715
444 0.752691 0.517913 0.00458155
445 0.752691 0.519471 0.0048074
446 0.752691 0.530204 0.00452745
447 0.752691 0.525294 0.00370958
448 0.752691 0.519854 0.00514687
449 0.752691 0.522972 0.00454349
450 0.752691 0.524548 0.0044283
451 0.752691 0.516832 0.00454379
452 0.752691 0.516445 0.00482877
453 0.752691 0.514907 0.00405353
454 0.752691 0.524069 0.00459286
455 0.752691 0.522 0.00438128
456 0.752691 0.52637 0.00457606
457 0.752691 0.532371 0.00440814
458 0.752691 0.52686 0.00524514
459 0.752691 0.51475 0.00490123
460 0.752691 0.518028 0.00576817
461 0.752691 0.509029 0.00539746
462 0.752691 0.513827 0.0047809
463 0.752691 0.511436 0.00571143
464 0.752691 0.507033 0.00496631
465 0.752691 0.509479 0.00472429
466 0.752691 0.514608 0.0048872
467 0.752691 0.523481 0.00505786
468 0.752691 0.515999 0.00485399
469 0.752691 0.51215 0.00522577
470 0.752691 0.517448 0.00470241
471 0.752691 0.516255 0.00517254
472 0.752691 0.516874 0.00490462
473 0.752691 0.521172 0.00539575
474 0.752691 0.529437 0.00495643
475 0.752691 0.525408 0.00456146
476 0.752691 0.523976 0.00430734
477 0.752691 0.522649 0.00476591
478 0.752691 0.523409 0.00502053
479 0.752691 0.524293 0.00467907
480 0.752691 0.522941 0.0058517
481 0.752691 0.517525 0.00483405
482 0.752691 0.523258 0.00471142
483 0.752691 0.50792 0.00466119
484 0.752691 0.512419 0.00418527
485 0.752691 0.512833 0.00439295
486 0.752691 0.514151 0.00466642
487 0.752691 0.508488 0.00527274
488 0.752691 0.524656 0.00518936
489 0.752691 0.51664 0.00510002
490 0.752691 0.507787 0.00523231
491 0.752691 0.517786 0.00417642
492 0.752691 0.520404 0.00583787
493 0.752691 0.520975 0.00411977
494 0.752691 0.52154 0.00396555
495 0.752691 0.513339 0.00526556
496 0.752691 0.518392 0.00477021
497 0.752691 0.516124 0.00567621
498 0.752691 0.523046 0.00465814
499 0.752691 0.518 0.00482187
500 0.752691 0.519411 0.00434205
501 0.752691 0.517413 0.00438215
502 0.752691 0.518876 0.00490391
503 0.752691 0.525314 0.00458382
504 0.752691 0.522519 0.00477648
505 0.752691 0.534051 0.00439867
506 0.752691 0.524999 0.00546261
507 0.752691 0.51778 0.00493244
508 0.752691 0.516335 0.00553693
509 0.752691 0.51733 0.00492054
510 0.752691 0.5148 0.00520586
511 0.752691 0.516448 0.00504615
512 0.752691 0.528309 0.00500906
513 0.752691 0.511039 0.00530568
514 0.752691 0.51694 0.00508971
515 0.752691 0.529235 0.00448993
516 0.752691 0.513526 0.00490454
517 0.752691 0.517979 0.00582732
518 0.752691 0.517683 0.00518176
519 0.752691 0.522143 0.00478381
520 0.752691 0.525382 0.00481599
521 0.752691 0.519135 0.0042477
522 0.752691 0.518534 0.00435098
523 0.752691 0.518634 0.00461311
524 0.752691 0.521861 0.00476229
525 0.752691 0.519248 0.00450303
526 0.752691 0.512518 0.0048703
527 0.752691 0.51756 0.00532756
528 0.752691 0.516674 0.00437612
529 0.752691 0.516159 0.00472123
530 0.752691 0.520509 0.00529992
531 0.752691 0.526637 0.00451055
532 0.752691 0.525093 0.00517808
533 0.752691 0.519324 0.00517643
534 0.752691 0.512381 0.00415412
535 0.752691 0.524518 0.00439707
536 0.752691 0.522928 0.00443867
537 0.752691 0.522876 0.00457345
538 0.752691 0.509471 0.0046193
539 0.752691 0.516061 0.0053533
540 0.752691 0.524648 0.00434257
541 0.752691 0.516581 0.00528828
542 0.752691 0.518443 0.00467909
543 0.752691 0.520368 0.00484856
544 0.752691 0.510537 0.00495431
545 0.752691 0.515802 0.00496354
546 0.752691 0.522736 0.00469044
547 0.752691 0.521011 0.00409797
548 0.752691 0.525241 0.00453188
549 0.752691 0.520186 0.00469413
550 0.752691 0.514909 0.00490557
551 0.752691 0.524347 0.00478986
552 0.752691 0.523806 0.0042512
553 0.752691 0.521453 0.00469829
554 0.752691 0.521109 0.00514564
555 0.752691 0.524613 0.00452612
556 0.752691 0.523231 0.00486594
557 0.752691 0.525545 0.00492355
558 0.752691 0.523494 0.00508505
559 0.752691 0.518986 0.00423712
560 0.768626 0.517291 0.0058677
561 0.768626 0.510948 0.00475357
562 0.768626 0.523734 0.00481582
563 0.768626 0.517711 0.0050895
564 0.768626 0.508954 0.00517804
565 0.768626 0.515262 0.00417539
566 0.768626 0.512798 0.00498679
567 0.768626 0.521281 0.00534167
568 0.768626 0.521925 0.00491112
569 0.768626 0.515572 0.00549558
570 0.768626 0.526276 0.00512942
571 0.768626 0.521266 0.00544963
572 0.768626 0.531353 0.00496276
573 0.768626 0.518337 0.00549539
574 0.768626 0.520556 0.00490429
575 0.768626 0.518653 0.00595658
576 0.768626 0.519857 0.00460418
577 0.768626 0.516472 0.00478521
578 0.768626 0.51264 0.00457201
579 0.768626 0.521477 0.00535746
580 0.768626 0.517635 0.00527379
581 0.768626 0.527675 0.00482968
582 0.768626 0.522343 0.00440342
583 0.768626 0.517921 0.00450437
584 0.768626 0.511929 0.00511539
585 0.768626 0.516303 0.00472484
586 0.768626 0.521292 0.00485074
587 0.768626 0.518539 0.00435379
588 0.768626 0.520617 0.00430393
589 0.768626 0.512858 0.00494513
590 0.768626 0.515122 0.00536894
591 0.768626 0.51145 0.00441465
592 0.768626 0.520142 0.00533865
593 0.768626 0.510324 0.00497511
594 0.768626 0.524718 0.00511893
595 0.768626 0.524289 0.00508732
596 0.768626 0.520461 0.00569498
597 0.768626 0.52074 0.0049444
598 0.768626 0.515011 0.00544366
599 0.768626 0.511001 0.00469796
600 0.768626 0.515922 0.00556353
601 0.768626 0.522904 0.00464157
602 0.768626 0.514743 0.00514201
603 0.768626 0.517428 0.00510522
604 0.768626 0.526945 0.00553607
605 0.768626 0.510081 0.00566837
606 0.768626 0.513005 0.00502553
607 0.768626 0.50868 0.00580521
608 0.768626 0.51421 0.00502057
609 0.768626 0.51796 0.00520069
610 0.768626 0.511007 0.00482878
611 0.768626 0.520923 0.00539331
612 0.768626 0.520778 0.00446553
613 0.768626 0.526554 0.00486458
614 0.768626 0.518646 0.00463784
615 0.768626 0.528792 0.00432285
616 0.768626 0.511576 0.0050428
617 0.768626 0.514018 0.00524247
618 0.768626 0.507581 0.00535826
619 0.768626 0.520995 0.00518426
620 0.768626 0.519118 0.00552277
621 0.768626 0.514504 0.00534638
622 0.768626 0.506879 0.00633069
623 0.768626 0.516338 0.00561574
624 0.768626 0.517362 0.00507004
625 0.768626 0.518088 0.00541504
626 0.768626 0.515756 0.00471229
627 0.768626 0.52969 0.00440926
628 0.768626 0.524207 0.00470013
629 0.768626 0.524427 0.00462361
630 0.768626 0.513817 0.00496303
631 0.768626 0.522968 0.00519813
632 0.768626 0.517514 0.00479242
633 0.768626 0.52219 0.00467974
634 0.768626 0.519704 0.00562463
635 0.768626 0.514809 0.00554522
636 0.768626 0.521986 0.00520369
637 0.768626 0.519499 0.0052711
638 0.768626 0.51581 0.00505273
639 0.768626 0.522712 0.00608508
640 0.768626 0.520036 0.00527786
641 0.768626 0.516318 0.00460648
642 0.768626 0.517378 0.00572154
643 0.768626 0.518472 0.00475436
644 0.768626 0.521457 0.00496694
645 0.768626 0.522306 0.00441002
646 0.768626 0.522752 0.00476603
647 0.768626 0.517779 0.00484973
648 0.768626 0.514471 0.00587436
649 0.768626 0.522491 0.00611318
650 0.768626 0.516808 0.00453252
651 0.768626 0.517549 0.00553529
652 0.768626 0.522158 0.00527443
653 0.768626 0.522408 0.00469119
654 0.768626 0.515436 0.00481635
655 0.768626 0.517627 0.00542051
656 0.768626 0.514648 0.00481969
657 0.768626 0.514435 0.0044879
658 0.768626 0.519074 0.00564173
659 0.768626 0.529452 0.00507141
660 0.768626 0.51754 0.00524367
661 0.768626 0.518141 0.00540983
662 0.768626 0.519349 0.00507136
663 0.768626 0.523007 0.00538343
664 0.768626 0.516016 0.00501208
665 0.768626 0.515312 0.00474516
666 0.768626 0.503087 0.00523017
667 0.768626 0.515323 0.00516616
668 0.768626 0.521037 0.00475756
669 0.768626 0.520166 0.00500313
670 0.768626 0.51364 0.00621492
671 0.768626 0.513991 0.00595167
672 0.768626 0.514091 0.0052731
673 0.768626 0.51163 0.00535069
674 0.768626 0.519377 0.00593385
675 0.768626 0.515193 0.00490764
676 0.768626 0.521065 0.00471547
677 0.768626 0.518999 0.00508327
678 0.768626 0.513959 0.00507296
679 0.768626 0.508853 0.00463197
680 0.768626 0.513308 0.00525968
681 0.768626 0.518122 0.00634128
682 0.768626 0.515347 0.00532853
683 0.768626 0.517936 0.00471421
684 0.768626 0.532787 0.00415417
685 0.768626 0.525811 0.00543969
686 0.768626 0.516297 0.00487034
687 0.768626 0.524149 0.0052229
688 0.768626 0.520935 0.00531736
689 0.768626 0.515367 0.00580397
690 0.768626 0.515807 0.00638582
691 0.768626 0.521764 0.00548064
692 0.768626 0.510916 0.00576505
693 0.768626 0.514379 0.00503514
694 0.768626 0.524192 0.00502914
695 0.768626 0.528267 0.00581623
696 0.768626 0.526693 0.00629363
697 0.768626 0.524322 0.00501596
698 0.768626 0.515844 0.00458337
699 0.768626 0.521607 0.00544795
700 0.768626 0.510704 0.00581815
701 0.768626 0.513379 0.005733
702 0.768626 0.519687 0.00514793
703 0.768626 0.523279 0.00510012
704 0.768626 0.518853 0.00507987
705 0.768626 0.520087 0.00507788
706 0.768626 0.531903 0.00492954
707 0.768626 0.524481 0.00516012
708 0.768626 0.516662 0.00491221
709 0.768626 0.517822 0.00493326
710 0.768626 0.520224 0.00454167
711 0.768626 0.526852 0.00529818
712 0.768626 0.522632 0.00553777
713 0.768626 0.519708 0.0050099
714 0.768626 0.520553 0.00601468
715 0.768626 0.528042 0.00475622
716 0.768626 0.52467 0.00535009
717 0.768626 0.523859 0.00614089
718 0.768626 0.51626 0.00542629
719 0.768626 0.522972 0.0050554
720 0.768626 0.516972 0.00586925
721 0.768626 0.518397 0.0049724
722 0.768626 0.523883 0.00555874
723 0.768626 0.514693 0.00515083
724 0.768626 0.523445 0.00500314
725 0.768626 0.520941 0.00447646
726 0.768626 0.524252 0.00501521
727 0.768626 0.522931 0.00555146
728 0.768626 0.52522 0.00415605
729 0.768626 0.529306 0.00451239
730 0.768626 0.527889 0.00504196
731 0.768626 0.519297 0.00524028
732 0.768626 0.51606 0.0049125
733 0.768626 0.516024 0.00485025
734 0.768626 0.518251 0.00611737
735 0.768626 0.510342 0.00496986
736 0.768626 0.511361 0.00537306
737 0.768626 0.518438 0.00571731
738 0.768626 0.520775 0.00503715
739 0.768626 0.519983 0.00494573
740 0.768626 0.525292 0.00524634
741 0.768626 0.524773 0.00521256
742 0.768626 0.534407 0.00475863
743 0.768626 0.534563 0.00503076
744 0.768626 0.530244 0.00523812
745 0.768626 0.52537 0.00486285
746 0.768626 0.521583 0.0054609
747 0.768626 0.522332 0.00510701
748 0.768626 0.522202 0.00500277
749 0.768626 0.521064 0.00497595
750 0.768626 0.522186 0.00509254
751 0.768626 0.519831 0.00530991
752 0.768626 0.517922 0.00545642
753 0.768626 0.522054 0.00518379
754 0.768626 0.515554 0.00500547
755 0.768626 0.525921 0.00550855
756 0.768626 0.520671 0.00500343
757 0.768626 0.519286 0.00492167
758 0.768626 0.511833 0.0053729
759 0.768626 0.513216 0.0057942
760 0.768626 0.51919 0.00513331
761 0.768626 0.521632 0.00562974
762 0.768626 0.522474 0.00529741
763 0.768626 0.525454 0.00600733
764 0.768626 0.515791 0.00495988
765 0.768626 0.517752 0.00519469
766 0.768626 0.52221 0.0048742
767 0.768626 0.511664 0.00488839
768 0.768626 0.522679 0.00522495
769 0.768626 0.515322 0.00597023
770 0.768626 0.521656 0.00481105
771 0.768626 0.521576 0.0058521
772 0.768626 0.530099 0.0053718
773 0.768627 0.520194 0.00596581
774 0.768627 0.517964 0.00595872
775 0.768627 0.530094 0.00478917
776 0.768627 0.524583 0.00570481
777 0.768627 0.518456 0.00575257
778 0.768627 0.516306 0.0057065
779 0.768627 0.518109 0.00519253
780 0.768627 0.522867 0.00509221
781 0.768627 0.530049 0.00597048
782 0.768627 0.521338 0.0053508
783 0.768627 0.516103 0.0050918
784 0.768627 0.523147 0.00472308
785 0.768627 0.522896 0.00598605
786 0.768627 0.510152 0.00500632
787 0.768627 0.513248 0.00570041
788 0.768627 0.51548 0.00542334
789 0.768627 0.52342 0.00546702
790 0.768627 0.516751 0.00627929
791 0.768627 0.530692 0.00566263
792 0.768627 0.528279 0.00544652
793 0.768627 0.531465 0.00663376
794 0.768627 0.516354 0.00463998
795 0.768627 0.521798 0.00514917
796 0.768627 0.516452 0.00518041
797 0.768627 0.523404 0.00549293
798 0.768627 0.52171 0.00534949
799 0.768627 0.51794 0.00520575
800 0.768627 0.518775 0.00588226
801 0.768627 0.513205 0.00535427
802 0.768627 0.516796 0.00569503
803 0.768627 0.511673 0.0052265
804 0.768627 0.516986 0.00564695
805 0.768627 0.50995 0.00581449
806 0.768627 0.515955 0.00492239
807 0.768627 0.517919 0.00511109
808 0.768627 0.521739 0.00522829
809 0.768627 0.517158 0.00589277
810 0.768627 0.515839 0.00482638
811 0.768627 0.520503 0.00512208
812 0.768627 0.518816 0.00572667
813 0.768627 0.520554 0.00580133
814 0.768627 0.521663 0.00510517
815 0.768627 0.526404 0.00473654
816 0.768627 0.522907 0.00493446
817 0.768627 0.519362 0.00675034
818 0.768627 0.523834 0.00541329
819 0.768627 0.520706 0.00493877
820 0.768627 0.530811 0.00459195
821 0.768627 0.523988 0.00478047
822 0.768627 0.523491 0.00538783
823 0.768627 0.516737 0.00532065
824 0.768627 0.512777 0.005526
825 0.768627 0.517992 0.00457185
826 0.768627 0.519093 0.00552064
827 0.768627 0.520062 0.00514788
828 0.768627 0.526996 0.00502114
829 0.768627 0.513886 0.00529628
830 0.768627 0.515597 0.00529132
831 0.768627 0.514657 0.0046725
832 0.768627 0.516802 0.00522672
833 0.768627 0.516585 0.00477561
834 0.768627 0.520629 0.00437104
835 0.768627 0.523814 0.00476264
836 0.768627 0.518077 0.00496583
837 0.768627 0.516618 0.00472379
838 0.768627 0.507008 0.00491984
839 0.768627 0.516991 0.00475003
840 0.768627 0.523981 0.00533189
841 0.768627 0.521479 0.00517218
842 0.768627 0.524156 0.00499289
843 0.768627 0.516832 0.00491179
844 0.768627 0.526296 0.00484648
845 0.768627 0.520512 0.0048053
846 0.768627 0.524843 0.00461255
847 0.768627 0.527506 0.0047655
848 0.768627 0.524864 0.0062844
849 0.768627 0.519624 0.00532945
850 0.768627 0.518743 0.00581809
851 0.768627 0.522651 0.0053542
852 0.768627 0.51978 0.00535582
853 0.768627 0.521908 0.00499004
854 0.768627 0.522264 0.00497508
855 0.768627 0.519745 0.00558812
856 0.768627 0.526592 0.00546258
857 0.768627 0.517616 0.00539852
858 0.768627 0.51607 0.00542683
859 0.768627 0.514243 0.00565325
860 0.768627 0.513183 0.0056828
861 0.768627 0.52032 0.00530029
862 0.768627 0.51962 0.00609289
863 0.768627 0.518024 0.00547058
864 0.768627 0.518389 0.0053307
865 0.768627 0.520738 0.00580695
866 0.768627 0.521832 0.00537709
867 0.768627 0.515513 0.0050547
868 0.768627 0.517398 0.00569251
869 0.768627 0.525189 0.00537502
870 0.768627 0.517074 0.00543357
871 0.768627 0.528683 0.00471058
872 0.768627 0.524536 0.00537881
873 0.768627 0.516663 0.00534737
874 0.768627 0.519457 0.00495085
875 0.768627 0.520637 0.00565611
876 0.768627 0.524705 0.00507229
877 0.768627 0.524227 0.00497333
878 0.768627 0.520497 0.00447551
879 0.768627 0.522466 0.00545573
880 0.768627 0.525063 0.00577152
881 0.768627 0.515207 0.00510949
882 0.768627 0.521571 0.00485693
883 0.768627 0.52096 0.00452329
884 0.768627 0.523632 0.00513814
885 0.768627 0.526332 0.00518695
886 0.768627 0.519482 0.00580789
887 0.768627 0.512714 0.0056257
888 0.768627 0.519356 0.00535159
889 0.768627 0.522257 0.00571458
890 0.768627 0.518933 0.00539452
891 0.768627 0.520105 0.0055264
892 0.768627 0.516041 0.00532736
893 0.768627 0.525173 0.00517878
894 0.768627 0.512979 0.00564381
895 0.768627 0.523929 0.00535137
896 0.768627 0.524103 0.00537235
897 0.768627 0.531925 0.00607318
898 0.768627 0.527312 0.00609345
899 0.768627 0.516467 0.00543606
900 0.768627 0.521873 0.00592015
901 0.768627 0.52859 0.00520891
902 0.768627 0.533525 0.00546614
903 0.768627 0.526703 0.00519506
904 0.768627 0.52196 0.00534279
905 0.768627 0.522517 0.00597664
906 0.768627 0.525136 0.00558975
907 0.768627 0.521912 0.00580127
908 0.768627 0.521511 0.00571965
909 0.768627 0.520173 0.00460604
910 0.768627 0.516733 0.00588125
911 0.768627 0.520746 0.00552288
912 0.768627 0.521727 0.00556001
913 0.768627 0.518201 0.0058996
914 0.768627 0.516085 0.00530506
915 0.768627 0.515837 0.00574918
916 0.768627 0.520576 0.00506757
917 0.768627 0.507651 0.00492758
918 0.768627 0.523369 0.0053198
919 0.768627 0.518992 0.00457858
920 0.768627 0.522568 0.00530041
921 0.768627 0.529154 0.00498982
922 0.768627 0.51807 0.00450075
923 0.768627 0.523048 0.00526197
924 0.768627 0.522311 0.00503506
925 0.768627 0.520387 0.00544769
926 0.768627 0.52286 0.00578408
927 0.768627 0.522328 0.00440766
928 0.768627 0.51858 0.00531725
929 0.768627 0.511581 0.00567146
930 0.768627 0.513563 0.0052278
931 0.768627 0.518501 0.00534825
932 0.768627 0.518636 0.00519873
933 0.768627 0.513688 0.00606529
934 0.768627 0.523454 0.00521939
935 0.768627 0.525532 0.00560486
936 0.768627 0.510886 0.00558729
937 0.768627 0.51658 0.00502646
938 0.768627 0.521945 0.00479205
939 0.768627 0.517785 0.0050837
940 0.768627 0.517267 0.00529169
941 0.768627 0.517004 0.00525916
942 0.768627 0.519848 0.0057083
943 0.768627 0.514309 0.00465516
944 0.768627 0.513669 0.00535931
945 0.768627 0.525052 0.0059035
946 0.768627 0.527555 0.00479961
947 0.768627 0.516718 0.00516847
948 0.768627 0.522906 0.0054183
949 0.768627 0.521361 0.00451738
950 0.768627 0.51483 0.00490561
951 0.768627 0.513753 0.00503745
952 0.768627 0.5204 0.00510173
953 0.768627 0.520394 0.005226
954 0.768627 0.523809 0.00481973
955 0.768627 0.516358 0.00500789
956 0.768627 0.514925 0.0053248
957 0.768627 0.517922 0.00468479
958 0.768627 0.525184 0.00493052
959 0.768627 0.52258 0.00457623
960 0.768627 0.524966 0.00546487
961 0.768627 0.516764 0.00486378
962 0.768627 0.508205 0.00489044
963 0.768627 0.513663 0.00531922
964 0.768627 0.512565 0.00553755
965 0.768627 0.520599 0.00586601
966 0.768627 0.513056 0.00552777
967 0.768627 0.516653 0.00538553
968 0.768627 0.51919 0.00541903
969 0.768627 0.514979 0.00564874
970 0.768627 0.510512 0.00505198
971 0.768627 0.510604 0.00519519
972 0.768627 0.513856 0.00571757
973 0.768627 0.516782 0.00536593
974 0.768627 0.513419 0.00510094
975 0.768627 0.514459 0.00480417
976 0.768627 0.513087 0.00531575
977 0.768627 0.518784 0.00500098
978 0.768627 0.521639 0.00515568
979 0.768627 0.515662 0.00469633
980 0.768627 0.515196 0.00490971
981 0.768627 0.519391 0.00489094
982 0.768627 0.516111 0.00529095
983 0.768627 0.519091 0.00481417
984 0.768627 0.522802 0.00473157
985 0.768627 0.520143 0.0048536
986 0.768627 0.51268 0.0046769
987 0.768627 0.5241 0.00511451
988 0.768627 0.524765 0.00501453
989 0.768627 0.513167 0.00550483
990 0.768627 0.516557 0.00476419
991 0.768627 0.51707 0.0056977
992 0.768627 0.520124 0.00620884
993 0.768627 0.512391 0.00465458
994 0.768627 0.516654 0.0053962
995 0.768627 0.522755 0.00530065
996 0.768627 0.513237 0.00510953
997 0.768627 0.51994 0.00512584
998 0.768627 0.523124 0.00531844
999 0.768627 0.52142 0.00481196
1000 0.768627 0.511666 0.00502531
1001 0.768627 0.521402 0.00506046
1002 0.768627 0.523408 0.00572565
1003 0.768627 0.513673 0.00525666
1004 0.768627 0.519495 0.00596357
1005 0.768627 0.519789 0.0063509
1006 0.768627 0.521759 0.00536041
1007 0.768627 0.511348 0.00560618
1008 0.768627 0.5118 0.00502381
1009 0.768627 0.503211 0.00463666
1010 0.768627 0.519076 0.00590848
1011 0.768627 0.522386 0.00476868
1012 0.768627 0.514002 0.00570897
1013 0.768627 0.51429 0.0053448
1014 0.768627 0.522112 0.00554895
1015 0.768627 0.527224 0.00590518
1016 0.768627 0.522738 0.00515534
1017 0.768627 0.516448 0.00485422
1018 0.768627 0.520091 0.00452528
1019 0.768627 0.514559 0.00574432
1020 0.768627 0.516184 0.00533552
1021 0.768627 0.518181 0.00527475
1022 0.768627 0.514437 0.00461465
1023 0.768627 0.515408 0.00571746
1024 0.768627 0.52048 0.00487827
1025 0.768627 0.51549 0.00477757
1026 0.768627 0.520316 0.00460921
1027 0.768627 0.51838 0.00477856
1028 0.768627 0.514881 0.00477634
1029 0.768627 0.508514 0.00511536
1030 0.768627 0.515453 0.00503841
1031 0.768627 0.515441 0.00584893
1032 0.768627 0.512835 0.00581551
1033 0.768627 0.512978 0.00544134
1034 0.768627 0.515533 0.0047253
1035 0.768627 0.513591 0.00485222
1036 0.768627 0.510542 0.00619781
1037 0.768627 0.513519 0.00695969
1038 0.768627 0.515717 0.00506509
1039 0.768627 0.520396 0.00499572
1040 0.768627 0.523313 0.00438931
1041 0.768627 0.530533 0.00469562
1042 0.768627 0.516119 0.00541525
1043 0.768627 0.532807 0.00549944
1044 0.768627 0.523309 0.00533954
1045 0.768627 0.525801 0.00568461
1046 0.768627 0.519272 0.00490735
1047 0.768627 0.518881 0.00562565
1048 0.768627 0.511278 0.00520016
1049 0.768627 0.519803 0.00542504
1050 0.768627 0.523571 0.00514288
1051 0.768627 0.515025 0.00512898
1052 0.768627 0.512406 0.00526137
1053 0.768627 0.509608 0.00539327
1054 0.768627 0.51972 0.00566
1055 0.768627 0.52309 0.00539851
1056 0.768627 0.518017 0.00516369
1057 0.768627 0.520651 0.00559156
1058 0.768627 0.523196 0.00527096
1059 0.768627 0.532866 0.0054002
1060 0.768627 0.525269 0.005681
1061 0.768627 0.519713 0.00496175
1062 0.768627 0.528531 0.00495462
1063 0.768627 0.526342 0.00502247
1064 0.768627 0.529188 0.00599951
1065 0.768627 0.530569 0.00521198
1066 0.768627 0.521515 0.00506029
1067 0.768627 0.518708 0.00562977
1068 0.768627 0.527838 0.00499914
1069 0.768627 0.532411 0.00508136
1070 0.768627 0.522138 0.00536436
1071 0.768627 0.519485 0.00498934
1072 0.768627 0.518768 0.00603857
1073 0.768627 0.522935 0.00503248
1074 0.768627 0.51513 0.00526101
1075 0.768627 0.52578 0.00498322
1076 0.768627 0.526992 0.00491027
1077 0.768627 0.522802 0.00517382
1078 0.768627 0.524942 0.00482419
1079 0.768627 0.527824 0.00547844
1080 0.768627 0.524076 0.00479727
1081 0.768627 0.525362 0.00448935
1082 0.768627 0.518425 0.00526895
1083 0.768627 0.522605 0.00527259
1084 0.768627 0.519917 0.00566599
1085 0.768627 0.507167 0.00605149
1086 0.768627 0.515559 0.00575505
1087 0.768627 0.523086 0.00481703
1088 0.768627 0.518082 0.00533006
1089 0.768627 0.517359 0.00505624
1090 0.768627 0.522535 0.00570084
1091 0.768627 0.531516 0.00479104
1092 0.768627 0.532023 0.00563564
1093 0.768627 0.525573 0.00524654
1094 0.768627 0.522281 0.00480697
1095 0.768627 0.528781 0.00437339
1096 0.768627 0.527274 0.00501423
1097 0.768627 0.523472 0.00558874
1098 0.768627 0.531917 0.005516
1099 0.768627 0.517133 0.00531283
1100 0.768627 0.516651 0.00598209
1101 0.768627 0.515663 0.00657726
1102 0.768627 0.521107 0.00549311
1103 0.768627 0.530573 0.00561529
1104 0.768627 0.526485 0.00514546
1105 0.768627 0.52347 0.00554206
1106 0.768627 0.527996 0.00541145
1107 0.768627 0.518832 0.00591226
1108 0.768627 0.52377 0.00519524
1109 0.768627 0.527611 0.00498722
1110 0.768627 0.528504 0.00494069
1111 0.768627 0.527656 0.00528674
1112 0.768627 0.531882 0.00506557
1113 0.768627 0.528898 0.00534683
1114 0.768627 0.521876 0.00502608
1115 0.768627 0.518553 0.00636059
1116 0.768627 0.518866 0.00544261
1117 0.768627 0.518534 0.00500371
1118 0.768627 0.519171 0.00451688
1119 0.768627 0.51438 0.00456631
1120 0.768627 0.516539 0.00467032
1121 0.768627 0.508713 0.00476292
1122 0.768627 0.51423 0.00564834
1123 0.768627 0.526882 0.00533785
1124 0.768627 0.52752 0.0055141
1125 0.768627 0.519757 0.0051213
1126 0.768627 0.519028 0.00575187
1127 0.768627 0.522165 0.00478593
1128 0.768627 0.521518 0.00617548
1129 0.768627 0.525311 0.00521352
1130 0.768627 0.528884 0.00491106
1131 0.768627 0.518384 0.00547596
1132 0.768627 0.523491 0.0054047
1133 0.768627 0.516015 0.00490735
1134 0.768627 0.519493 0.00533173
1135 0.768627 0.518287 0.00502248
1136 0.768627 0.518356 0.00504132
1137 0.768627 0.519303 0.00588553
1138 0.768627 0.521194 0.00501837
1139 0.768627 0.520002 0.00482557
1140 0.768627 0.517634 0.00463535
1141 0.768627 0.530007 0.00518447
1142 0.768627 0.531145 0.00466982
1143 0.768627 0.527386 0.00490428
1144 0.768627 0.527541 0.00505508
1145 0.768627 0.530683 0.00549081
1146 0.768627 0.522774 0.00564233
1147 0.768627 0.525686 0.00513619
1148 0.768627 0.521752 0.00635822
1149 0.768627 0.519868 0.00631594
1150 0.768627 0.526429 0.00613839
1151 0.768627 0.524068 0.00570062
1152 0.768627 0.524821 0.00523638
1153 0.768627 0.522319 0.00477595
1154 0.768627 0.522056 0.00534507
1155 0.768627 0.523411 0.00527976
1156 0.768627 0.52687 0.00495984
1157 0.768627 0.515298 0.00519561
1158 0.768627 0.510446 0.00497922
1159 0.768627 0.510439 0.00540017
1160 0.768627 0.514721 0.00512312
1161 0.768627 0.507626 0.00472062
1162 0.768627 0.510196 0.00494328
1163 0.768627 0.514398 0.00515624
1164 0.768627 0.525453 0.0042889
1165 0.768627 0.522045 0.00492572
1166 0.768627 0.526832 0.00561119
1167 0.768627 0.523229 0.00602118
1168 0.768627 0.529281 0.00578052
1169 0.768627 0.52157 0.00576738
1170 0.768627 0.519936 0.00647897
1171 0.768627 0.509675 0.00510239
1172 0.768627 0.516161 0.00474307
1173 0.768627 0.521934 0.00553234
1174 0.768627 0.51827 0.0055703
1175 0.768627 0.525058 0.00455909
1176 0.768627 0.517173 0.00526464
1177 0.768627 0.519146 0.00479755
1178 0.768627 0.51792 0.0047072
1179 0.768627 0.51942 0.00471664
1180 0.768627 0.515516 0.00574123
1181 0.768627 0.517326 0.00518859
1182 0.768627 0.52552 0.00676783
1183 0.768627 0.515704 0.00517633
1184 0.768627 0.529679 0.00509349
1185 0.768627 0.526626 0.00441557
1186 0.768627 0.524798 0.00513605
1187 0.768627 0.514006 0.00590576
1188 0.768627 0.524623 0.00528797
1189 0.771809 0.528992 0.00575368
1190 0.771809 0.516138 0.00523903
1191 0.771809 0.519358 0.00470585
1192 0.771809 0.516054 0.00650647
1193 0.771809 0.517528 0.00568668
1194 0.771809 0.519064 0.00442737
1195 0.771809 0.505198 0.00516219
1196 0.771809 0.506458 0.00518982
1197 0.771809 0.516222 0.00495165
1198 0.771809 0.514296 0.0055541
1199 0.771809 0.519918 0.00558307
1200 0.771809 0.507914 0.00588012
1201 0.771809 0.515348 0.00535824
1202 0.771809 0.516026 0.00553748
1203 0.771809 0.526323 0.004564
1204 0.771809 0.522437 0.00494361
1205 0.771809 0.508191 0.00523429
1206 0.771809 0.512898 0.00550892
1207 0.771809 0.512608 0.00507683
1208 0.771809 0.521519 0.00610925
1209 0.771809 0.513062 0.00581834
1210 0.771809 0.524175 0.00548374
1211 0.771809 0.514969 0.00515787
1212 0.771809 0.51664 0.00546986
1213 0.771809 0.52628 0.00562643
1214 0.771809 0.531597 0.00611228
1215 0.771809 0.526701 0.00507001
1216 0.771809 0.526361 0.00479578
1217 0.771809 0.531969 0.005397
1218 0.771809 0.522888 0.00537628
1219 0.771809 0.526653 0.0047561
1220 0.771809 0.517093 0.00540708
1221 0.771809 0.518818 0.00544169
1222 0.771809 0.521213 0.00517803
1223 0.771809 0.519189 0.00578598
1224 0.771809 0.521636 0.00601625
1225 0.771809 0.515896 0.00574121
1226 0.771809 0.521288 0.0047428
1227 0.771809 0.520517 0.0059503
1228 0.771809 0.517067 0.00524516
1229 0.771809 0.519168 0.0061911
1230 0.771809 0.517341 0.00551694
1231 0.771809 0.525659 0.00553868
1232 0.771809 0.521149 0.00574947
1233 0.771809 0.527428 0.00477764
1234 0.771809 0.519589 0.00620584
1235 0.771809 0.520918 0.00553541
1236 0.771809 0.518753 0.00533487
1237 0.771809 0.513982 0.00592881
1238 0.771809 0.51141 0.00584139
1239 0.771809 0.510523 0.00491041
1240 0.771809 0.518038 0.00494899
1241 0.771809 0.515705 0.00492385
1242 0.771809 0.516851 0.00514579
1243 0.771809 0.514636 0.00546894
1244 0.771809 0.516671 0.00532457
1245 0.771809 0.523805 0.00486644
1246 0.771809 0.517309 0.00523596
1247 0.771809 0.518246 0.00500546
1248 0.771809 0.509662 0.00601331
1249 0.771809 0.517788 0.00641083
1250 0.771809 0.516798 0.00487953
1251 0.771809 0.515949 0.00513347
1252 0.771809 0.507838 0.00579707
1253 0.771809 0.524105 0.00574304
1254 0.771809 0.523154 0.00506027
1255 0.771809 0.523209 0.00596736
1256 0.771809 0.515788 0.00558058
1257 0.771809 0.51526 0.00502231
1258 0.771809 0.503496 0.00550841
1259 0.771809 0.516162 0.00664903
1260 0.771809 0.512527 0.00543449
1261 0.771809 0.512121 0.0052122
1262 0.771809 0.516062 0.00576719
1263 0.771809 0.522431 0.00514692
1264 0.771809 0.52887 0.00412814
1265 0.771809 0.521389 0.00513262
1266 0.771809 0.529851 0.00617636
1267 0.771809 0.522723 0.00550043
1268 0.771809 0.521492 0.00510347
1269 0.771809 0.511862 0.00536318
1270 0.771809 0.516057 0.00589718
1271 0.771809 0.518804 0.00594724
1272 0.771809 0.516796 0.00599483
1273 0.771809 0.510956 0.00457334
1274 0.771809 0.526404 0.00605143
1275 0.771809 0.519266 0.00584974
1276 0.771809 0.516056 0.00621156
1277 0.771809 0.509168 0.00562106
1278 0.771809 0.520894 0.00529169
1279 0.771809 0.528752 0.00538185
1280 0.771809 0.513252 0.0056077
1281 0.771809 0.521915 0.00572732
1282 0.771809 0.515176 0.0053229
1283 0.771809 0.513733 0.00596455
1284 0.771809 0.520843 0.00585229
1285 0.771809 0.519305 0.00512417
1286 0.771809 0.520346 0.00497694
1287 0.771809 0.521497 0.00543974
1288 0.771809 0.514827 0.00478086
1289 0.771809 0.51732 0.0053433
1290 0.771809 0.51577 0.00498884
1291 0.771809 0.516971 0.00545901
1292 0.771809 0.510742 0.00514906
1293 0.771809 0.508851 0.00502245
1294 0.771809 0.5183 0.00535563
1295 0.771809 0.521043 0.00516613
1296 0.771809 0.520293 0.00504994
1297 0.771809 0.524584 0.00568675
1298 0.771809 0.515312 0.00578539
1299 0.771809 0.516505 0.0054118
1300 0.771809 0.516161 0.00547782
1301 0.771809 0.52109 0.00573469
1302 0.771809 0.519017 0.00536527
1303 0.771809 0.516818 0.00541306
1304 0.771809 0.516969 0.00513731
1305 0.771809 0.518819 0.00529
1306 0.771809 0.512223 0.0051981
1307 0.771809 0.512662 0.00563895
1308 0.771809 0.516834 0.00547243
1309 0.771809 0.519613 0.00605081
1310 0.771809 0.522204 0.00547894
1311 0.771809 0.520063 0.00508285
1312 0.771809 0.519001 0.00580695
1313 0.771809 0.533175 0.00571149
1314 0.771809 0.523873 0.00567062
1315 0.771809 0.514408 0.00492293
1316 0.771809 0.508437 0.00531403
1317 0.771809 0.515446 0.00587354
1318 0.771809 0.520229 0.00533787
1319 0.771809 0.523396 0.00516407
1320 0.771809 0.520825 0.00509379
1321 0.771809 0.503834 0.00591573
1322 0.771809 0.51195 0.00520391
1323 0.771809 0.518562 0.00522657
1324 0.771809 0.512377 0.00505863
1325 0.771809 0.514329 0.00483111
1326 0.771809 0.518684 0.00517584
1327 0.771809 0.518669 0.00534696
1328 0.771809 0.521106 0.00454363
1329 0.771809 0.524318 0.00536779
1330 0.771809 0.524004 0.00416028
1331 0.771809 0.525047 0.00534311
1332 0.771809 0.516283 0.0052254
1333 0.771809 0.524696 0.00537647
1334 0.771809 0.517226 0.00559201
1335 0.771809 0.510255 0.00525549
1336 0.771809 0.520102 0.00466082
1337 0.771809 0.519001 0.00548302
1338 0.771809 0.515844 0.0053715
1339 0.771809 0.513643 0.0057479
1340 0.771809 0.512961 0.00620957
1341 0.771809 0.519691 0.00571119
1342 0.771809 0.51245 0.005761
1343 0.771809 0.516368 0.00591995
1344 0.771809 0.518229 0.00588422
1345 0.771809 0.513007 0.00527312
1346 0.771809 0.518764 0.0051259
1347 0.771809 0.519862 0.00587945
1348 0.771809 0.518155 0.00591607
1349 0.771809 0.520849 0.00549873
1350 0.771809 0.523851 0.00492004
1351 0.771809 0.522692 0.00536839
1352 0.771809 0.523064 0.00568431
1353 0.771809 0.532445 0.00510239
1354 0.771809 0.523738 0.00554005
1355 0.771809 0.524895 0.00521077
1356 0.771809 0.518985 0.00470832
1357 0.771809 0.523958 0.00503751
1358 0.771809 0.525894 0.00481401
1359 0.771809 0.518712 0.0045892
1360 0.771809 0.529222 0.00476695
1361 0.771809 0.527253 0.00532553
1362 0.771809 0.511478 0.00499554
1363 0.771809 0.518367 0.00517031
1364 0.771809 0.519281 0.00562177
1365 0.771809 0.520332 0.00528889
1366 0.771809 0.515201 0.00582279
1367 0.771809 0.526946 0.00564197
1368 0.771809 0.516776 0.00560525
1369 0.771809 0.520966 0.00460821
1370 0.771809 0.52051 0.00500283
1371 0.771809 0.524807 0.00472126
1372 0.771809 0.523531 0.00524327
1373 0.771809 0.522102 0.00565431
1374 0.771809 0.517559 0.00562816
1375 0.771809 0.513501 0.00479339
1376 0.771809 0.509076 0.00486861
1377 0.771809 0.525813 0.005434
1378 0.771809 0.519909 0.00505243
1379 0.771809 0.519049 0.00491984
1380 0.771809 0.522221 0.0045884
1381 0.771809 0.530228 0.0051428
1382 0.772436 0.527989 0.00533625
1383 0.772436 0.518654 0.00505974
1384 0.772436 0.526534 0.0050767
1385 0.772436 0.522549 0.00542969
1386 0.772436 0.519316 0.00567997
1387 0.772436 0.52612 0.0050904
1388 0.772436 0.528274 0.00511914
1389 0.772436 0.522535 0.00626018
1390 0.772436 0.535999 0.00485258
1391 0.772436 0.523327 0.00513393
1392 0.772436 0.519387 0.00511874
1393 0.772436 0.521519 0.00479617
1394 0.772436 0.515836 0.00535689
1395 0.772436 0.524154 0.00461678
1396 0.772436 0.523377 0.00519177
1397 0.772436 0.524869 0.0051458
1398 0.772436 0.51731 0.00519514
1399 0.772436 0.52812 0.0052267
1400 0.772436 0.519384 0.00529097
1401 0.772436 0.524907 0.00515042
1402 0.772436 0.526307 0.00545199
1403 0.772436 0.513254 0.00573377
1404 0.772436 0.515264 0.00479569
1405 0.772436 0.513838 0.00538118
1406 0.772436 0.51283 0.00586018
1407 0.772436 0.516404 0.00534218
1408 0.772436 0.517145 0.00496542
1409 0.772436 0.516695 0.00524616
1410 0.772436 0.516226 0.0052422
1411 0.772436 0.520303 0.00583615
1412 0.772436 0.52638 0.00623267
1413 0.772436 0.526898 0.005386
1414 0.772436 0.52282 0.00515479
1415 0.772436 0.522112 0.00653255
1416 0.772436 0.518061 0.00491725
1417 0.772436 0.526804 0.00493688
1418 0.772436 0.520834 0.0050963
1419 0.772436 0.515771 0.00562895
1420 0.772436 0.527551 0.00498625
1421 0.772436 0.523829 0.00467186
1422 0.772436 0.516327 0.00518978
1423 0.772436 0.521647 0.00441358
1424 0.772436 0.526314 0.0051073
1425 0.772436 0.522796 0.00542296
1426 0.772436 0.531816 0.00581178
1427 0.772436 0.524826 0.00562249
1428 0.772436 0.523375 0.0061054
1429 0.772436 0.522785 0.00635163
1430 0.772436 0.52052 0.00495167
1431 0.772436 0.509735 0.00498273
1432 0.772436 0.51461 0.00546071
1433 0.772436 0.524382 0.00498383
1434 0.772436 0.515722 0.00526412
1435 0.772436 0.520389 0.00550552
1436 0.772436 0.517273 0.00497802
1437 0.772436 0.517869 0.00575728
1438 0.772436 0.514296 0.00561057
1439 0.772436 0.517592 0.0057577
1440 0.772436 0.517638 0.0052556
1441 0.772436 0.520791 0.00507684
1442 0.772436 0.519359 0.00497067
1443 0.772436 0.51984 0.00546244
1444 0.772436 0.523165 0.00520783
1445 0.772436 0.517953 0.00518237
1446 0.772436 0.515148 0.00569808
1447 0.772436 0.522303 0.00446165
1448 0.772436 0.52486 0.00535478
1449 0.772436 0.519004 0.00563232
1450 0.772436 0.514327 0.00474867
1451 0.772436 0.528118 0.00582885
1452 0.772436 0.522488 0.00486008
1453 0.772436 0.521816 0.00473623
1454 0.772436 0.518451 0.00537803
1455 0.772436 0.521098 0.00558433
1456 0.772436 0.52087 0.00539213
1457 0.772436 0.520992 0.00556316
1458 0.772436 0.523789 0.00560295
1459 0.772436 0.519868 0.00526083
1460 0.772436 0.520409 0.0054585
1461 0.772436 0.530182 0.0058636
1462 0.772436 0.517982 0.00585076
1463 0.772436 0.523815 0.00525888
1464 0.772436 0.521808 0.0050274
1465 0.772436 0.52572 0.0051559
1466 0.772436 0.523712 0.00575175
1467 0.772436 0.521998 0.00551066
1468 0.772436 0.524657 0.00483758
1469 0.772436 0.526033 0.00535606
1470 0.772436 0.523785 0.00555667
1471 0.772436 0.524798 0.00571995
1472 0.772436 0.521709 0.00506457
1473 0.772436 0.532947 0.00591695
1474 0.772436 0.523517 0.00502472
1475 0.772436 0.524408 0.00465557
1476 0.772436 0.526112 0.00594492
1477 0.772436 0.522358 0.00483659
1478 0.772436 0.528068 0.00528344
1479 0.772436 0.517743 0.00504071
1480 0.772436 0.522566 0.00522689
1481 0.772436 0.51979 0.00483617
1482 0.772436 0.515333 0.00452303
1483 0.772436 0.512497 0.00477461
1484 0.772436 0.517775 0.0056873
1485 0.772436 0.521418 0.00546475
1486 0.772436 0.52027 0.00517274
1487 0.772436 0.521526 0.00573762
1488 0.772436 0.522474 0.00536866
1489 0.772436 0.518299 0.00580542
1490 0.772436 0.525275 0.00528206
1491 0.772436 0.519717 0.00527754
1492 0.772436 0.522616 0.00525751
1493 0.772436 0.51934 0.00509254
1494 0.772436 0.513114 0.00622767
1495 0.772436 0.520105 0.00673267
1496 0.772436 0.518165 0.00524716
1497 0.772436 0.517032 0.00559483
1498 0.772436 0.525718 0.00620516
1499 0.772436 0.527744 0.00700933
1500 0.772436 0.524148 0.0055595
1501 0.772436 0.52 0.00506012
1502 0.772436 0.522334 0.00564262
1503 0.772436 0.522308 0.00504732
1504 0.772436 0.521504 0.00499283
1505 0.772436 0.515529 0.00545392
1506 0.772436 0.523193 0.00544745
1507 0.772436 0.516455 0.00564531
1508 0.772436 0.513021 0.00524681
1509 0.772436 0.512174 0.00551543
1510 0.772436 0.516221 0.00517614
1511 0.772436 0.52155 0.00503169
1512 0.772436 0.519972 0.0054205
1513 0.772436 0.527302 0.00521506
1514 0.772436 0.517801 0.00567015
1515 0.772436 0.51743 0.00561258
1516 0.772436 0.51968 0.00494882
1517 0.772436 0.520101 0.00571604
1518 0.772436 0.518338 0.00551514
1519 0.772436 0.517904 0.00533687
1520 0.772436 0.511567 0.0049393
1521 0.772436 0.51953 0.00516534
1522 0.772436 0.512389 0.00555864
1523 0.772436 0.51813 0.00506965
1524 0.772436 0.515743 0.00541877
1525 0.772436 0.519864 0.00515039
1526 0.772436 0.519172 0.00508216
1527 0.772436 0.517698 0.00450352
1528 0.772436 0.522223 0.00530098
1529 0.772436 0.526221 0.00468972
1530 0.772436 0.524208 0.00525791
1531 0.772436 0.522436 0.00542872
1532 0.772436 0.523933 0.00576241
1533 0.772436 0.52018 0.00617186
1534 0.772436 0.526201 0.00545454
1535 0.772436 0.523067 0.00599799
1536 0.772436 0.530012 0.00586622
1537 0.772436 0.526913 0.00567252
1538 0.772436 0.531054 0.00536996
1539 0.772436 0.52648 0.00493739
1540 0.772436 0.525905 0.00469871
1541 0.772436 0.525121 0.00482407
1542 0.772436 0.523695 0.00483252
1543 0.772436 0.524096 0.00560525
1544 0.772436 0.52008 0.005159
1545 0.772436 0.529359 0.00663652
1546 0.772436 0.512228 0.006409
1547 0.772436 0.514644 0.00539803
1548 0.772436 0.523646 0.00524849
1549 0.772436 0.517747 0.00580753
1550 0.772436 0.523973 0.00537145
1551 0.772436 0.523 0.00590889
1552 0.772436 0.525441 0.00498689
1553 0.772436 0.525326 0.00595017
1554 0.772436 0.510497 0.00558339
1555 0.772436 0.517066 0.00612627
1556 0.772436 0.525267 0.00474711
1557 0.772436 0.513751 0.00483097
1558 0.772436 0.517526 0.00547723
1559 0.772436 0.524619 0.00544587
1560 0.772436 0.526093 0.00586984
1561 0.772436 0.51021 0.00524765
1562 0.772436 0.512285 0.0054854
1563 0.772436 0.517832 0.0055826
1564 0.772436 0.516587 0.00552297
1565 0.772436 0.516696 0.00517232
1566 0.772436 0.521225 0.00567174
1567 0.772436 0.523405 0.00466345
1568 0.772436 0.511356 0.00435944
1569 0.772436 0.51443 0.00512132
1570 0.772436 0.52627 0.00435467
1571 0.772436 0.508992 0.00572682
1572 0.772436 0.514154 0.00582877
1573 0.772436 0.526835 0.00466435
1574 0.772436 0.514584 0.00515023
1575 0.772436 0.520651 0.00591345
1576 0.772436 0.530607 0.00507072
1577 0.772436 0.520524 0.00525555
1578 0.772564 0.52464 0.00533346
1579 0.772564 0.51726 0.0058927
1580 0.772564 0.516622 0.0055118
1581 0.772564 0.521381 0.00564969
1582 0.772564 0.51583 0.00547553
1583 0.772564 0.507978 0.00542673
1584 0.772564 0.522731 0.00458656
1585 0.772564 0.518144 0.0053404
1586 0.772564 0.517011 0.00498615
1587 0.772564 0.510988 0.00552432
1588 0.772564 0.518944 0.00516181
1589 0.772564 0.517814 0.00489063
1590 0.772564 0.512446 0.00564158
1591 0.772564 0.517546 0.00499911
1592 0.772564 0.51789 0.00466613
1593 0.772564 0.515751 0.00522589
1594 0.772564 0.516887 0.00552828
1595 0.772564 0.522874 0.00555477
1596 0.772564 0.521691 0.00578074
1597 0.772564 0.520404 0.0053077
1598 0.772564 0.522047 0.00488083
1599 0.772564 0.51362 0.00617029
1600 0.772564 0.517679 0.00555785
1601 0.772564 0.520059 0.00577584
1602 0.772564 0.517506 0.00578999
1603 0.772564 0.51171 0.00610337
1604 0.772564 0.517389 0.00538357
1605 0.772564 0.52311 0.00539383
1606 0.772564 0.521692 0.00681258
1607 0.772564 0.518258 0.0051336
1608 0.772564 0.511022 0.00582981
1609 0.772564 0.521002 0.00489477
1610 0.772564 0.51921 0.00513037
1611 0.772564 0.511952 0.00513069
1612 0.772564 0.512847 0.00561078
1613 0.772564 0.523616 0.00511437
1614 0.772564 0.519892 0.0050068
1615 0.772564 0.516211 0.00571574
1616 0.772564 0.529336 0.00537149
1617 0.772564 0.523525 0.00585452
1618 0.772564 0.524592 0.00540742
1619 0.772564 0.511685 0.00599667
1620 0.772564 0.529438 0.00503343
1621 0.772564 0.518737 0.00489551
1622 0.772564 0.515819 0.00511674
1623 0.772564 0.516136 0.00544401
1624 0.772564 0.51585 0.00501349
1625 0.772564 0.520984 0.00552252
1626 0.772564 0.524037 0.00588008
1627 0.772564 0.522459 0.00598685
1628 0.772564 0.525844 0.00573042
1629 0.772564 0.522889 0.0058304
1630 0.772564 0.521772 0.00579625
1631 0.772564 0.529457 0.00582601
1632 0.772564 0.531554 0.00500465
1633 0.772564 0.521048 0.0052364
1634 0.772564 0.518267 0.00521937
1635 0.772564 0.530849 0.00553584
1636 0.772564 0.519891 0.00499718
1637 0.772564 0.514641 0.00529807
1638 0.772564 0.51998 0.00560572
1639 0.772564 0.515042 0.00555844
1640 0.772564 0.521336 0.0050396
1641 0.772564 0.515006 0.00576415
1642 0.772564 0.519122 0.00556951
1643 0.772564 0.516036 0.0061441
1644 0.772564 0.519642 0.00574832
1645 0.772564 0.528458 0.00507396
1646 0.772564 0.52094 0.00517785
1647 0.772564 0.515531 0.00474122
1648 0.772564 0.522035 0.00449588
1649 0.772564 0.514191 0.00507303
1650 0.772564 0.510821 0.00570531
1651 0.772564 0.512771 0.00566811
1652 0.772564 0.519947 0.00511625
1653 0.772564 0.514889 0.00546699
1654 0.772564 0.506283 0.00510091
1655 0.772564 0.515316 0.00446096
1656 0.772564 0.518399 0.00484531
1657 0.772564 0.517765 0.00520919
1658 0.772564 0.51201 0.00549736
1659 0.772564 0.518625 0.00543032
1660 0.772564 0.524781 0.00582734
1661 0.772564 0.520823 0.00644326
1662 0.772564 0.5131 0.00624415
1663 0.772564 0.522562 0.00523969
1664 0.772564 0.521366 0.00519194
1665 0.772564 0.531459 0.00504604
1666 0.772564 0.515023 0.00526581
1667 0.772564 0.513144 0.00472284
1668 0.772564 0.51991 0.0052716
1669 0.772564 0.522819 0.00560325
1670 0.772564 0.521703 0.00539528
1671 0.772564 0.518337 0.00518759
1672 0.772564 0.522585 0.00608078
1673 0.772564 0.519572 0.0048799
1674 0.772564 0.518846 0.00503026
1675 0.772564 0.521313 0.00480347
1676 0.772564 0.50891 0.00563006
1677 0.772564 0.516035 0.00527261
1678 0.772564 0.529343 0.00537255
1679 0.772564 0.528631 0.006013
1680 0.772564 0.514428 0.0061822
1681 0.772564 0.524854 0.00568775
1682 0.772564 0.521845 0.00478151
1683 0.772564 0.522865 0.00555988
1684 0.772564 0.523269 0.00492479
1685 0.772564 0.514101 0.00512116
1686 0.772564 0.520731 0.00495802
1687 0.772564 0.517079 0.00515016
1688 0.772564 0.515052 0.00542707
1689 0.772564 0.517558 0.00560523
1690 0.772564 0.525307 0.00501687
1691 0.772564 0.524466 0.00489961
1692 0.772564 0.52796 0.00540065
1693 0.772564 0.519777 0.00617748
1694 0.772564 0.52498 0.0051772
1695 0.772564 0.5181 0.0051518
1696 0.772564 0.508341 0.00512029
1697 0.772564 0.515954 0.00532707
1698 0.772564 0.519133 0.00602087
1699 0.772564 0.522552 0.00538226
1700 0.772564 0.526409 0.00569915
1701 0.772564 0.523988 0.00475703
1702 0.772564 0.520971 0.00514756
1703 0.772564 0.520658 0.00452891
1704 0.772564 0.510237 0.00583661
1705 0.772564 0.510378 0.00547693
1706 0.772564 0.514481 0.00581168
1707 0.772564 0.511703 0.00547529
1708 0.772564 0.517136 0.00602854
1709 0.772564 0.519969 0.0050275
1710 0.772564 0.521414 0.00489064
1711 0.772564 0.521122 0.00446208
1712 0.772564 0.513673 0.00521381
1713 0.772564 0.515862 0.00564576
1714 0.772564 0.51917 0.00552088
1715 0.772564 0.515782 0.00488643
1716 0.772564 0.523176 0.00582976
1717 0.772564 0.513155 0.00544194
1718 0.772564 0.509849 0.00526562
1719 0.772564 0.51716 0.00531134
1720 0.772564 0.518106 0.00484685
1721 0.772564 0.52487 0.00537994
1722 0.772564 0.518075 0.00478883
1723 0.772564 0.512325 0.00459352
1724 0.772564 0.516216 0.00511425
1725 0.772564 0.514181 0.00493742
1726 0.772564 0.520812 0.0054233
1727 0.772564 0.515257 0.00544766
1728 0.772564 0.518044 0.00464932
1729 0.772564 0.526933 0.00486516
1730 0.772564 0.514364 0.00531169
1731 0.772564 0.519546 0.00534359
1732 0.772564 0.515652 0.00516391
1733 0.772564 0.516015 0.00520252
1734 0.772564 0.524241 0.00554785
1735 0.772564 0.507977 0.00602547
1736 0.772564 0.507146 0.00577598
1737 0.772564 0.513417 0.00500999
1738 0.772564 0.52064 0.00528696
1739 0.772564 0.516574 0.00512295
1740 0.772564 0.516312 0.00571692
1741 0.772564 0.523363 0.00585757
1742 0.772564 0.515791 0.00515214
1743 0.772564 0.520941 0.00580048
1744 0.772564 0.525397 0.00543771
1745 0.772564 0.518363 0.00517542
1746 0.772564 0.526843 0.00557291
1747 0.772564 0.517624 0.00576365
1748 0.772564 0.520726 0.00489014
1749 0.772564 0.519595 0.00493821
1750 0.772564 0.519181 0.00517027
1751 0.772564 0.515906 0.00500145
1752 0.772564 0.523698 0.00590373
1753 0.772564 0.519192 0.00516329
1754 0.772564 0.52452 0.00494675
1755 0.772564 0.513966 0.00596908
1756 0.772564 0.515933 0.00556632
1757 0.772564 0.515444 0.00479752
1758 0.772564 0.516612 0.00551691
1759 0.772564 0.520152 0.00632656
1760 0.772564 0.528247 0.00534013
1761 0.772564 0.52243 0.00557484
1762 0.772564 0.515096 0.00572845
1763 0.772564 0.512003 0.00523026
1764 0.772564 0.523217 0.00519044
1765 0.772564 0.525241 0.00534736
1766 0.772564 0.521149 0.0047312
1767 0.772564 0.521963 0.00509957
1768 0.772564 0.520224 0.00555013
1769 0.772564 0.518668 0.00550251
1770 0.772564 0.51358 0.00584283
1771 0.772564 0.514139 0.00552238
1772 0.772564 0.502618 0.00512005
1773 0.772564 0.514265 0.00593118
1774 0.772564 0.517052 0.00548019
1775 0.772564 0.514903 0.00514229
1776 0.772564 0.525055 0.00496555
1777 0.772564 0.514346 0.00509583
1778 0.772564 0.527266 0.00459153
1779 0.772564 0.523119 0.00446704
1780 0.772564 0.523928 0.00541878
1781 0.772564 0.518231 0.00686807
1782 0.772564 0.514064 0.00594413
1783 0.772564 0.518393 0.00569714
1784 0.772564 0.518794 0.00459679
1785 0.772564 0.517466 0.00499499
1786 0.772564 0.519298 0.00535676
1787 0.772564 0.51944 0.00511357
1788 0.772564 0.525162 0.00514783
1789 0.772564 0.526495 0.00487556
1790 0.772564 0.513997 0.00598983
1791 0.772564 0.522638 0.00520028
1792 0.772564 0.524685 0.00463193
1793 0.772564 0.51813 0.00450331
1794 0.772564 0.515024 0.00557436
1795 0.772564 0.523265 0.00503165
1796 0.772564 0.524652 0.00500869
1797 0.772564 0.524511 0.00508024
1798 0.772564 0.525562 0.00484024
1799 0.772564 0.519605 0.0044686
1800 0.772564 0.528626 0.0052471
1801 0.772564 0.515049 0.0048577
1802 0.772564 0.522397 0.00568717
1803 0.772564 0.519949 0.00636307
1804 0.772564 0.528712 0.00601442
1805 0.772564 0.521569 0.00549747
1806 0.772564 0.522761 0.00547021
1807 0.772564 0.524101 0.00500451
1808 0.772564 0.530311 0.00528853
1809 0.772564 0.527961 0.0061465
1810 0.772564 0.530911 0.00481622
1811 0.772564 0.530913 0.00560702
1812 0.772564 0.514782 0.00500208
1813 0.772564 0.518616 0.00489739
1814 0.772564 0.51816 0.00628377
1815 0.772564 0.52454 0.00461539
1816 0.772564 0.523577 0.00523111
1817 0.772564 0.519294 0.0051802
1818 0.772564 0.515383 0.00490866
1819 0.772564 0.526195 0.00489994
1820 0.772564 0.521711 0.00464015
1821 0.772564 0.511788 0.00505796
1822 0.772564 0.52892 0.00461447
1823 0.772564 0.519931 0.00470652
1824 0.772564 0.525833 0.00574848
1825 0.772564 0.514937 0.00528209
1826 0.772564 0.525748 0.00498428
1827 0.772564 0.504242 0.0054217
1828 0.772564 0.512582 0.00470326
1829 0.772564 0.513355 0.00511182
1830 0.772564 0.524627 0.00553146
1831 0.772564 0.528116 0.0057764
1832 0.772564 0.53369 0.00555605
1833 0.772564 0.524491 0.00541295
1834 0.772564 0.521701 0.00541536
1835 0.772564 0.523115 0.00488148
1836 0.772564 0.523037 0.00506371
1837 0.772564 0.521875 0.00540429
1838 0.772564 0.526034 0.00522245
1839 0.772564 0.524941 0.00551309
1840 0.772564 0.528189 0.00507108
1841 0.772564 0.520234 0.00504791
1842 0.772564 0.525195 0.00572209
1843 0.772564 0.529846 0.00479317
1844 0.772564 0.52336 0.00477104
1845 0.772564 0.524114 0.004688
1846 0.772564 0.525963 0.00493482
1847 0.772564 0.528551 0.00516292
1848 0.772564 0.523977 0.00490808
1849 0.772564 0.52685 0.0052255
1850 0.772564 0.530967 0.00540786
1851 0.772564 0.524438 0.00474617
1852 0.772564 0.517861 0.00494629
1853 0.772564 0.527468 0.00513837
1854 0.772564 0.520278 0.00542147
1855 0.772564 0.519149 0.00561799
1856 0.772564 0.51598 0.00523373
1857 0.772564 0.524495 0.00521222
1858 0.772564 0.525144 0.0049538
1859 0.772564 0.520768 0.00529417
1860 0.772564 0.52602 0.0055811
1861 0.772564 0.522454 0.00469899
1862 0.772564 0.519518 0.00607147
1863 0.772564 0.519179 0.00534672
1864 0.772564 0.535194 0.00519858
1865 0.772564 0.526917 0.00574251
1866 0.772564 0.52664 0.00532705
1867 0.772564 0.528749 0.00532717
1868 0.772564 0.521614 0.00530161
1869 0.772564 0.530175 0.00585085
1870 0.772564 0.513273 0.00554267
1871 0.772564 0.516728 0.00465588
1872 0.772564 0.515982 0.0049253
1873 0.772564 0.518231 0.00503198
1874 0.772564 0.519485 0.00495686
1875 0.772564 0.525998 0.00529812
1876 0.772564 0.51572 0.00540168
1877 0.772564 0.5219 0.00583105
1878 0.772564 0.517976 0.0051578
1879 0.772564 0.52901 0.00506302
1880 0.772564 0.529878 0.00492989
1881 0.772564 0.51509 0.00500777
1882 0.772564 0.523429 0.004526
1883 0.772564 0.52351 0.0044997
1884 0.772564 0.525853 0.00464697
1885 0.772564 0.529421 0.00440394
1886 0.772564 0.515312 0.00534803
1887 0.772564 0.529429 0.00562729
1888 0.772564 0.515469 0.00518713
1889 0.772564 0.522827 0.00525679
1890 0.772564 0.522875 0.00508419
1891 0.772564 0.518061 0.00527749
1892 0.772564 0.519825 0.00475846
1893 0.772564 0.519867 0.00480742
1894 0.772564 0.517402 0.00439655
1895 0.772564 0.525958 0.00554513
1896 0.772564 0.525215 0.00449777
1897 0.772564 0.514416 0.00499717
1898 0.772564 0.519598 0.00490069
1899 0.772564 0.517211 0.00508661
1900 0.772564 0.523706 0.00551787
1901 0.772564 0.522697 0.00460517
1902 0.772564 0.515634 0.00531579
1903 0.772564 0.527686 0.00502819
1904 0.772564 0.52759 0.00537266
1905 0.772564 0.530253 0.00499727
1906 0.772564 0.523402 0.00538081
1907 0.772564 0.524826 0.0052046
1908 0.772564 0.517264 0.00495701
1909 0.772564 0.515119 0.00516026
1910 0.772564 0.515834 0.00506142
1911 0.772564 0.517059 0.00579197
1912 0.772564 0.523299 0.00628396
1913 0.772564 0.520386 0.00487618
1914 0.772564 0.521542 0.00511557
1915 0.772564 0.52912 0.00578598
1916 0.772564 0.53325 0.00561797
1917 0.772564 0.523424 0.00530516
1918 0.772564 0.526461 0.00433074
1919 0.772564 0.5221 0.00525056
1920 0.772564 0.527295 0.00499933
1921 0.772564 0.52534 0.00509242
1922 0.772564 0.512663 0.00573022
1923 0.772564 0.522277 0.0061495
1924 0.772564 0.523882 0.00505417
1925 0.772564 0.521619 0.00520964
1926 0.772564 0.518172 0.00477632
1927 0.772564 0.52233 0.00502005
1928 0.772564 0.516814 0.00642465
1929 0.772564 0.517321 0.00623552
1930 0.772564 0.514589 0.00616179
1931 0.772564 0.526953 0.00530367
1932 0.772564 0.525208 0.00598849
1933 0.772564 0.530207 0.00598851
1934 0.772564 0.52439 0.00552198
1935 0.772564 0.525208 0.00498579
1936 0.772564 0.524097 0.00558072
1937 0.772564 0.516281 0.00507535
1938 0.772564 0.515572 0.00536566
1939 0.772564 0.508126 0.00655424
1940 0.772564 0.51806 0.00599496
1941 0.772564 0.516507 0.00546666
1942 0.772564 0.524205 0.0051206
1943 0.772564 0.518546 0.00574936
1944 0.772564 0.504418 0.00593427
1945 0.772564 0.518891 0.00507742
1946 0.772564 0.508193 0.0055628
1947 0.772564 0.523635 0.00457113
1948 0.772564 0.52508 0.0049377
1949 0.772564 0.522481 0.00621238
1950 0.772564 0.523761 0.00473158
1951 0.772564 0.521767 0.00450155
1952 0.772564 0.515188 0.00561931
1953 0.772564 0.51603 0.00607497
1954 0.772564 0.519903 0.00554677
1955 0.772564 0.522812 0.00534254
1956 0.772564 0.524527 0.00516925
1957 0.772564 0.525095 0.00563982
1958 0.772564 0.520105 0.0050183
1959 0.772564 0.515294 0.00543448
1960 0.772564 0.519078 0.00491502
1961 0.772564 0.522944 0.00521117
1962 0.772564 0.528263 0.00533304
1963 0.772564 0.52921 0.00490268
1964 0.772564 0.521714 0.00533929
1965 0.772564 0.514136 0.00558948
1966 0.772564 0.519299 0.00519838
1967 0.772564 0.527246 0.0054839
1968 0.772564 0.515289 0.00594713
1969 0.772564 0.51752 0.00495951
1970 0.772564 0.515946 0.00545731
1971 0.772564 0.520637 0.00549077
1972 0.772564 0.521425 0.00512263
1973 0.772564 0.525902 0.00500642
1974 0.772564 0.528228 0.0050437
1975 0.772564 0.517339 0.00582034
1976 0.772564 0.515901 0.00491918
1977 0.772564 0.51101 0.00516096
1978 0.772564 0.522682 0.00498909
1979 0.772564 0.526211 0.00503084
1980 0.772564 0.523918 0.00546415
1981 0.772564 0.520239 0.00526978
1982 0.772564 0.515377 0.00582099
1983 0.772564 0.527719 0.00556709
1984 0.772564 0.513849 0.00568926
1985 0.772564 0.521293 0.00551612
1986 0.772564 0.519046 0.00498821
1987 0.772564 0.519172 0.00614558
1988 0.772564 0.523645 0.00485071
1989 0.772564 0.525518 0.00556386
1990 0.772564 0.524336 0.00405085
1991 0.772564 0.526135 0.00523376
1992 0.772564 0.524369 0.00495117
1993 0.772564 0.526137 0.00451236
1994 0.772564 0.522709 0.00524618
1995 0.772564 0.517185 0.00554129
1996 0.772564 0.522655 0.00493512
1997 0.772564 0.524621 0.00521176
1998 0.772564 0.518747 0.004798
1999 0.772564 0.517067 0.00515795
2000 0.772564 0.516233 0.0052952
