0 0.549191 0.499456 0.000105386
1 0.549191 0.499269 0.000189699
2 0.549191 0.500692 0.000145622
3 0.549191 0.499077 0.000188913
4 0.549191 0.501226 0.000140432
5 0.559428 0.500925 0.000179748
6 0.559428 0.501034 0.000218021
7 0.597711 0.502178 0.000422052
8 0.597711 0.501399 0.000390916
9 0.597711 0.502024 0.000388412
10 0.597711 0.500756 0.000386422
11 0.597711 0.501349 0.000285176
12 0.597711 0.502956 0.000267057
13 0.597711 0.502176 0.000291054
14 0.597711 0.503247 0.000324143
15 0.597711 0.502304 0.000431318
16 0.597711 0.500552 0.000435736
17 0.597711 0.499935 0.000493124
18 0.597711 0.500357 0.000625047
19 0.597711 0.504502 0.000470403
20 0.597711 0.502885 0.000519563
21 0.597711 0.503273 0.000431577
22 0.597711 0.500339 0.000618821
23 0.597711 0.505214 0.000465621
24 0.597711 0.500241 0.000464914
25 0.597711 0.502214 0.000413406
26 0.619862 0.504782 0.000695668
27 0.619862 0.501121 0.000723394
28 0.619862 0.50582 0.000627831
29 0.619862 0.503009 0.000579213
30 0.619862 0.503926 0.000722863
31 0.6777 0.504505 0.000920303
32 0.6777 0.503427 0.000973859
33 0.6777 0.505012 0.000835042
34 0.6777 0.503433 0.000826921
35 0.6777 0.504247 0.000835058
36 0.6777 0.50312 0.000843834
37 0.6777 0.504303 0.000943998
38 0.6777 0.504 0.00110013
39 0.6777 0.504926 0.00116723
40 0.6777 0.503061 0.000965745
41 0.6777 0.505221 0.000906227
42 0.6777 0.505685 0.000912323
43 0.6777 0.502501 0.00107343
44 0.6777 0.506288 0.00111372
45 0.6777 0.503591 0.000927205
46 0.6777 0.503196 0.00106298
47 0.6777 0.503447 0.000932171
48 0.6777 0.50551 0.00100927
49 0.6777 0.505111 0.000957736
50 0.6777 0.505853 0.000823273
51 0.6777 0.506442 0.00105373
52 0.6777 0.505507 0.000923967
53 0.6777 0.502192 0.00108537
54 0.6777 0.505161 0.000857422
55 0.6777 0.506254 0.000802194
56 0.6777 0.505331 0.000928531
57 0.6777 0.505543 0.00105712
58 0.6777 0.504911 0.00120125
59 0.6777 0.503575 0.00110708
60 0.6777 0.502154 0.00106757
61 0.6777 0.503815 0.000982205
62 0.6777 0.504975 0.00121866
63 0.6777 0.505061 0.00108352
64 0.6777 0.503832 0.00100179
65 0.6777 0.503527 0.00103755
66 0.6777 0.510177 0.00120264
67 0.6777 0.507309 0.00111011
68 0.6777 0.507048 0.00121437
69 0.6777 0.50838 0.00130346
70 0.6777 0.505944 0.00130452
71 0.6777 0.507671 0.00120865
72 0.6777 0.505703 0.00124349
73 0.6777 0.507393 0.00151529
74 0.6777 0.507494 0.00121744
75 0.6777 0.508651 0.00128142
76 0.6777 0.505201 0.00117666
77 0.6777 0.506471 0.00105567
78 0.6777 0.502067 0.00130217
79 0.6777 0.503465 0.00125064
80 0.6777 0.508377 0.00118862
81 0.6777 0.504207 0.00121057
82 0.6777 0.505079 0.00108542
83 0.6777 0.508311 0.00120751
84 0.6777 0.502793 0.00123678
85 0.6777 0.506367 0.00114175
86 0.6777 0.502438 0.00119613
87 0.6777 0.506193 0.00119524
88 0.6777 0.505588 0.00103605
89 0.6777 0.506308 0.00116478
90 0.6777 0.506317 0.00127131
91 0.6777 0.508101 0.00123599
92 0.6777 0.506439 0.00123978
93 0.6777 0.507181 0.00130607
94 0.6777 0.502547 0.00133329
95 0.6777 0.5026 0.00148921
96 0.6777 0.503651 0.00132766
97 0.6777 0.505379 0.00148473
98 0.6777 0.50561 0.00136671
99 0.6777 0.505683 0.00128601
100 0.6777 0.504041 0.00147949
101 0.6777 0.505348 0.00158116
102 0.6777 0.497675 0.00164449
103 0.6777 0.508483 0.00154681
104 0.6777 0.503481 0.00136118
105 0.6777 0.505421 0.00142342
106 0.6777 0.504122 0.0012774
107 0.6777 0.509642 0.00159392
108 0.6777 0.506799 0.00134464
109 0.6777 0.505579 0.00164366
110 0.6777 0.509159 0.00119322
111 0.6777 0.502372 0.00151145
112 0.6777 0.502431 0.00144324
113 0.6777 0.507174 0.00143846
114 0.6777 0.500948 0.0013087
115 0.6777 0.503264 0.00167155
116 0.6777 0.50869 0.00159328
117 0.6777 0.505716 0.00126947
118 0.6777 0.505951 0.00155798
119 0.6777 0.502312 0.00155363
120 0.6777 0.507005 0.00135423
121 0.6777 0.505076 0.00166361
122 0.6777 0.50295 0.00166194
123 0.6777 0.506984 0.00142627
124 0.6777 0.50293 0.00179231
125 0.6777 0.508733 0.00179729
126 0.6777 0.507313 0.00186342
127 0.6777 0.506483 0.00189638
128 0.6777 0.512346 0.00200917
129 0.6777 0.510337 0.00152653
130 0.6777 0.504392 0.00221698
131 0.6777 0.502766 0.00213523
132 0.6777 0.504293 0.00204897
133 0.6777 0.504157 0.00191427
134 0.6777 0.50081 0.00197764
135 0.6777 0.502498 0.00182182
136 0.6777 0.50238 0.00216804
137 0.6777 0.506083 0.00192965
138 0.6777 0.507373 0.00197575
139 0.6777 0.511112 0.00199377
140 0.6777 0.505644 0.00202105
141 0.6777 0.503175 0.00199024
142 0.6777 0.507584 0.00270791
143 0.6777 0.505934 0.00236884
144 0.6777 0.50494 0.00200898
145 0.6777 0.505297 0.00210542
146 0.6777 0.50419 0.0018989
147 0.6777 0.502245 0.0018676
148 0.6777 0.503094 0.00195115
149 0.6777 0.508573 0.00189033
150 0.6777 0.507171 0.00202566
151 0.6777 0.503407 0.001944
152 0.6777 0.507022 0.00194237
153 0.6777 0.505154 0.00176838
154 0.6777 0.502674 0.0020104
155 0.6777 0.50638 0.00167879
156 0.6777 0.49989 0.0018506
157 0.6777 0.501415 0.00199118
158 0.6777 0.504652 0.00163177
159 0.6777 0.503402 0.00171295
160 0.6777 0.495197 0.00191311
161 0.6777 0.502806 0.00199475
162 0.6777 0.507276 0.00204132
163 0.6777 0.509563 0.00189636
164 0.6777 0.504637 0.00199966
165 0.6777 0.506774 0.00192583
166 0.6777 0.503407 0.00200573
167 0.6777 0.499567 0.00197182
168 0.6777 0.502549 0.00190868
169 0.6777 0.500528 0.00246038
170 0.6777 0.50195 0.00203362
171 0.6777 0.502421 0.0024068
172 0.6777 0.499007 0.00230692
173 0.6777 0.501123 0.00240441
174 0.6777 0.505215 0.00244419
175 0.6777 0.502663 0.00216638
176 0.6777 0.507447 0.00244639
177 0.6777 0.499109 0.00221606
178 0.6777 0.509436 0.00226028
179 0.6777 0.504472 0.00206728
180 0.6777 0.508108 0.00215563
181 0.6777 0.502624 0.00247434
182 0.6777 0.508789 0.00223339
183 0.6777 0.502745 0.00211769
184 0.6777 0.503436 0.00221769
185 0.6777 0.503591 0.00195427
186 0.6777 0.503499 0.00239337
187 0.6777 0.498981 0.00234035
188 0.6777 0.50355 0.00220573
189 0.6777 0.50328 0.00230809
190 0.6777 0.501922 0.00179765
191 0.6777 0.503517 0.00213301
192 0.6777 0.503359 0.00224077
193 0.6777 0.502789 0.00215293
194 0.6777 0.505744 0.00202854
195 0.6777 0.50481 0.00228201
196 0.6777 0.501958 0.00221525
197 0.6777 0.508453 0.0019948
198 0.6777 0.50571 0.00207573
199 0.6777 0.50507 0.00191817
200 0.6777 0.508086 0.00194936
201 0.6777 0.503176 0.00198605
202 0.6777 0.503315 0.00205283
203 0.6777 0.503976 0.00211132
204 0.6777 0.501785 0.00201918
205 0.6777 0.497518 0.00204155
206 0.6777 0.502977 0.00199658
207 0.6777 0.501599 0.00195255
208 0.6777 0.503859 0.00205705
209 0.6777 0.508234 0.00178476
210 0.6777 0.507121 0.00208715
211 0.6777 0.503057 0.0020944
212 0.6777 0.502506 0.0021751
213 0.6777 0.503451 0.001841
214 0.6777 0.504556 0.00214361
215 0.6777 0.504018 0.00194808
216 0.6777 0.50876 0.00213475
217 0.6777 0.503388 0.00253849
218 0.6777 0.505294 0.00242229
219 0.6777 0.506668 0.00180389
220 0.6777 0.507814 0.00198029
221 0.6777 0.505015 0.00205715
222 0.6777 0.503533 0.0025971
223 0.6777 0.499865 0.00221122
224 0.6777 0.501814 0.00208783
225 0.6777 0.504782 0.00213845
226 0.6777 0.507573 0.00214425
227 0.6777 0.504713 0.00187368
228 0.6777 0.503885 0.00218801
229 0.6777 0.508212 0.00202904
230 0.6777 0.504787 0.00216715
231 0.6777 0.504554 0.00213649
232 0.6777 0.505015 0.00239189
233 0.6777 0.507525 0.00197444
234 0.6777 0.50636 0.00207867
235 0.6777 0.503682 0.00209183
236 0.6777 0.507649 0.00228459
237 0.6777 0.507113 0.00195923
238 0.6777 0.503219 0.00210806
239 0.6777 0.503665 0.0022626
240 0.6777 0.499781 0.00189217
241 0.6777 0.504613 0.00216104
242 0.6777 0.504775 0.00243373
243 0.6777 0.504847 0.00202612
244 0.6777 0.505421 0.00213461
245 0.6777 0.502222 0.00214736
246 0.6777 0.512971 0.00190312
247 0.6777 0.500857 0.0023426
248 0.6777 0.499601 0.00218464
249 0.6777 0.506791 0.00192446
250 0.6777 0.510594 0.00229676
251 0.6777 0.506095 0.00209516
252 0.6777 0.505242 0.00213373
253 0.6777 0.502505 0.00196887
254 0.6777 0.508443 0.00192191
255 0.6777 0.507602 0.00195264
256 0.6777 0.507269 0.00209991
257 0.6777 0.510837 0.00188251
258 0.6777 0.503969 0.0019813
259 0.6777 0.506329 0.00227634
260 0.6777 0.508218 0.00194573
261 0.6777 0.505194 0.00228381
262 0.6777 0.50129 0.00199059
263 0.6777 0.501019 0.00198952
264 0.6777 0.501119 0.00196003
265 0.6777 0.501582 0.00216475
266 0.6777 0.504639 0.00211928
267 0.6777 0.503085 0.00225202
268 0.6777 0.507204 0.00203263
269 0.6777 0.49989 0.00227246
270 0.6777 0.5026 0.0022333
271 0.6777 0.501723 0.00219794
272 0.6777 0.502146 0.00205934
273 0.6777 0.503908 0.00206598
274 0.6777 0.507068 0.00220176
275 0.6777 0.504928 0.00210226
276 0.6777 0.50771 0.00248182
277 0.6777 0.501191 0.00213387
278 0.6777 0.50414 0.00235521
279 0.6777 0.502871 0.00215978
280 0.6777 0.50842 0.00220993
281 0.6777 0.502119 0.00206612
282 0.6777 0.504245 0.00228447
283 0.6777 0.509767 0.00189442
284 0.6777 0.508858 0.00234209
285 0.6777 0.506129 0.00234923
286 0.6777 0.508494 0.00206152
287 0.6777 0.507371 0.00218273
288 0.6777 0.503895 0.00295781
289 0.6777 0.503522 0.00200905
290 0.6777 0.500555 0.00226679
291 0.6777 0.500449 0.0025406
292 0.6777 0.504663 0.0023339
293 0.6777 0.508246 0.00200515
294 0.6777 0.501885 0.00210921
295 0.6777 0.509362 0.00209749
296 0.6777 0.509856 0.00185882
297 0.6777 0.504265 0.00213831
298 0.6777 0.506578 0.00246611
299 0.6777 0.508026 0.00214755
300 0.6777 0.504001 0.00190519
301 0.6777 0.50459 0.00220269
302 0.6777 0.511103 0.00210464
303 0.6777 0.503978 0.00241245
304 0.6777 0.503931 0.00214285
305 0.6777 0.5024 0.00210695
306 0.6777 0.504616 0.00197416
307 0.6777 0.506235 0.00230437
308 0.6777 0.506598 0.00190874
309 0.6777 0.504714 0.00217077
310 0.6777 0.506896 0.00201692
311 0.6777 0.503839 0.0019094
312 0.6777 0.505029 0.00186993
313 0.6777 0.501772 0.00240717
314 0.6777 0.501753 0.00212389
315 0.6777 0.497074 0.00212581
316 0.6777 0.506499 0.00232593
317 0.6777 0.506799 0.00254162
318 0.6777 0.505244 0.00196758
319 0.6777 0.501667 0.00185194
320 0.6777 0.505625 0.00206336
321 0.6777 0.503797 0.00194388
322 0.6777 0.504562 0.00211684
323 0.6777 0.509218 0.00258527
324 0.6777 0.507606 0.00217442
325 0.6777 0.506372 0.00218962
326 0.6777 0.513497 0.00192967
327 0.6777 0.508069 0.00195226
328 0.6777 0.507471 0.00216967
329 0.6777 0.505828 0.00213459
330 0.6777 0.508768 0.00236442
331 0.6777 0.504303 0.00227996
332 0.6777 0.50294 0.00207424
333 0.6777 0.504574 0.00199659
334 0.6777 0.501882 0.00183513
335 0.6777 0.501863 0.00201219
336 0.6777 0.504808 0.00207678
337 0.6777 0.502782 0.00227368
338 0.6777 0.503316 0.00210991
339 0.6777 0.503133 0.00236366
340 0.6777 0.503197 0.00241511
341 0.6777 0.497365 0.0022175
342 0.6777 0.506895 0.00228442
343 0.6777 0.50526 0.0018547
344 0.6777 0.503789 0.00195383
345 0.6777 0.507758 0.00197136
346 0.6777 0.50404 0.0025013
347 0.6777 0.506591 0.00205278
348 0.6777 0.502046 0.00208816
349 0.6777 0.51001 0.00244075
350 0.6777 0.510438 0.00205951
351 0.6777 0.505721 0.00204133
352 0.6777 0.502791 0.00197169
353 0.6777 0.506005 0.00222943
354 0.6777 0.50361 0.0019583
355 0.6777 0.503488 0.00194139
356 0.6777 0.50896 0.00218487
357 0.6777 0.504035 0.00205767
358 0.6777 0.505222 0.00178382
359 0.6777 0.507421 0.00202158
360 0.6777 0.506794 0.00214361
361 0.6777 0.511579 0.00196832
362 0.6777 0.506521 0.00226069
363 0.6777 0.505319 0.00229561
364 0.6777 0.506828 0.00217993
365 0.6777 0.504975 0.00231014
366 0.6777 0.507867 0.00230657
367 0.6777 0.510797 0.00217853
368 0.6777 0.502681 0.00264451
369 0.6777 0.509442 0.00231574
370 0.6777 0.502944 0.00244419
371 0.6777 0.507585 0.00209061
372 0.6777 0.505551 0.00255064
373 0.6777 0.507426 0.00206383
374 0.6777 0.511016 0.00210623
375 0.6777 0.511407 0.00203831
376 0.6777 0.505277 0.00220394
377 0.6777 0.508527 0.0020182
378 0.6777 0.505556 0.00221459
379 0.6777 0.510212 0.00217793
380 0.6777 0.511276 0.00201078
381 0.6777 0.508803 0.00204515
382 0.6777 0.504437 0.00213461
383 0.6777 0.510268 0.0025471
384 0.6777 0.510267 0.00203006
385 0.6777 0.501048 0.00218846
386 0.6777 0.505947 0.00246348
387 0.6777 0.504573 0.00211929
388 0.6777 0.504771 0.0021147
389 0.6777 0.503867 0.00257986
390 0.6777 0.505651 0.00215144
391 0.6777 0.50391 0.00241954
392 0.6777 0.500743 0.00197283
393 0.6777 0.506562 0.00220473
394 0.6777 0.511616 0.0020371
395 0.6777 0.50563 0.00206192
396 0.6777 0.505627 0.00205607
397 0.6777 0.500638 0.00202933
398 0.6777 0.502935 0.0024459
399 0.6777 0.504901 0.00178195
400 0.6777 0.506295 0.00183502
401 0.6777 0.503393 0.00219082
402 0.6777 0.507611 0.00221033
403 0.6777 0.504484 0.00221655
404 0.6777 0.508424 0.00194373
405 0.6777 0.505883 0.00185969
406 0.6777 0.505568 0.00182587
407 0.6777 0.507985 0.0017664
408 0.6777 0.502364 0.00195963
409 0.6777 0.508564 0.00201785
410 0.6777 0.503909 0.00199941
411 0.6777 0.499903 0.00197613
412 0.6777 0.506372 0.00183246
413 0.6777 0.511167 0.0020348
414 0.6777 0.51104 0.0017977
415 0.6777 0.504336 0.00166807
416 0.6777 0.508275 0.00198868
417 0.6777 0.506652 0.00192378
418 0.684324 0.514132 0.00247664
419 0.684324 0.501977 0.00234817
420 0.684324 0.511763 0.00222962
421 0.684324 0.512161 0.00202638
422 0.684324 0.505265 0.00209438
423 0.684324 0.506646 0.00206303
424 0.684324 0.504823 0.00202479
425 0.684324 0.500167 0.00234946
426 0.684324 0.503435 0.00213945
427 0.684324 0.506744 0.00216512
428 0.684324 0.504834 0.00215649
429 0.684324 0.500704 0.00212226
430 0.684324 0.508621 0.00237137
431 0.684324 0.503162 0.00207474
432 0.684324 0.509159 0.00227039
433 0.684324 0.498066 0.00253736
434 0.684324 0.506272 0.0025021
435 0.684324 0.507058 0.00247653
436 0.684324 0.502874 0.00250573
437 0.684324 0.506124 0.00206507
438 0.684324 0.502026 0.00236801
439 0.684324 0.508217 0.00204713
440 0.684324 0.507955 0.00187938
441 0.684324 0.507108 0.00196561
442 0.684324 0.504014 0.00232579
443 0.684324 0.507689 0.00225383
444 0.684324 0.506229 0.00221706
445 0.684324 0.50909 0.00194556
446 0.684324 0.4997 0.0022953
447 0.684324 0.504067 0.00194798
448 0.684324 0.508243 0.00212736
449 0.684324 0.508719 0.00204269
450 0.684324 0.510113 0.00195431
451 0.684324 0.500257 0.00213105
452 0.684324 0.505679 0.00247773
453 0.684324 0.508102 0.00247437
454 0.684324 0.507667 0.00212473
455 0.684324 0.50703 0.00223175
456 0.684324 0.505008 0.00202322
457 0.684324 0.511236 0.00237142
458 0.684324 0.506793 0.00253531
459 0.684324 0.50169 0.00233247
460 0.684324 0.505881 0.00207819
461 0.684324 0.504087 0.00190336
462 0.684324 0.50488 0.0019409
463 0.684324 0.504603 0.00212303
464 0.684324 0.508172 0.00192234
465 0.684324 0.504864 0.00189334
466 0.684324 0.507442 0.00200722
467 0.684324 0.50384 0.00175071
468 0.684324 0.509253 0.00199444
469 0.684324 0.506175 0.00195468
470 0.684324 0.507148 0.00200292
471 0.684324 0.506743 0.00200723
472 0.684324 0.497734 0.00214048
473 0.684324 0.509085 0.00184871
474 0.684324 0.506693 0.00183345
475 0.684324 0.50565 0.00191675
476 0.684324 0.509367 0.00185787
477 0.684324 0.508393 0.0021451
478 0.684324 0.504715 0.00214421
479 0.684324 0.506879 0.00192439
480 0.684324 0.505324 0.00197269
481 0.684324 0.49657 0.00210625
482 0.684324 0.503481 0.00195851
483 0.684324 0.506801 0.00176629
484 0.684324 0.504722 0.00200342
485 0.684324 0.498578 0.00217984
486 0.684324 0.502438 0.00190792
487 0.684324 0.506706 0.00187405
488 0.684324 0.499552 0.00202844
489 0.684324 0.504722 0.00185167
490 0.684324 0.509977 0.00191596
491 0.684324 0.503419 0.00242052
492 0.684324 0.507917 0.00187943
493 0.684324 0.50389 0.00216825
494 0.684324 0.505896 0.00212478
495 0.684324 0.505494 0.00210584
496 0.684324 0.508986 0.00198308
497 0.684324 0.504457 0.00188187
498 0.684324 0.50398 0.00204918
499 0.684324 0.502644 0.00183199
500 0.684324 0.507043 0.00224331
501 0.684324 0.502779 0.00210141
502 0.684324 0.50533 0.00189369
503 0.684324 0.502442 0.00243841
504 0.684324 0.497956 0.00232488
505 0.684324 0.49957 0.00216155
506 0.684324 0.504742 0.0020142
507 0.684324 0.502778 0.00226116
508 0.684324 0.504785 0.00240106
509 0.684324 0.508019 0.00208394
510 0.684324 0.502884 0.00236117
511 0.684324 0.503562 0.00221127
512 0.684324 0.500648 0.00228912
513 0.684324 0.500454 0.00232535
514 0.684324 0.507697 0.00227604
515 0.684324 0.509501 0.00225262
516 0.684324 0.510771 0.00221762
517 0.684324 0.505875 0.00201296
518 0.684324 0.509088 0.00215014
519 0.684324 0.500099 0.00225875
520 0.684324 0.506484 0.00238893
521 0.684324 0.506284 0.00213192
522 0.684324 0.507863 0.00209028
523 0.684324 0.503709 0.00189172
524 0.684324 0.499147 0.00191998
525 0.684324 0.501523 0.00203146
526 0.684324 0.506125 0.00188444
527 0.684324 0.509617 0.00238756
528 0.684324 0.507053 0.00216224
529 0.684324 0.504139 0.00220753
530 0.684324 0.511109 0.00217389
531 0.684324 0.507613 0.00196064
532 0.684324 0.506851 0.00191217
533 0.684324 0.508044 0.00235735
534 0.684324 0.506653 0.00229126
535 0.684324 0.507269 0.00213033
536 0.684324 0.505394 0.00236782
537 0.684324 0.504845 0.00187462
538 0.684324 0.505886 0.0019245
539 0.684324 0.509364 0.00187524
540 0.684324 0.504216 0.00210128
541 0.684324 0.508466 0.00196242
542 0.684324 0.511747 0.00215227
543 0.684324 0.510579 0.00231101
544 0.684324 0.507617 0.00247795
545 0.684324 0.509382 0.00220728
546 0.684324 0.511337 0.00204699
547 0.684324 0.509265 0.00208962
548 0.684324 0.506159 0.00204504
549 0.684324 0.509073 0.00185937
550 0.684324 0.505364 0.00191026
551 0.684324 0.507536 0.00187264
552 0.684324 0.506762 0.00184182
553 0.684324 0.5078 0.00204964
554 0.684324 0.507169 0.00205649
555 0.684324 0.498426 0.00220937
556 0.684324 0.510634 0.00229168
557 0.684324 0.501239 0.00244577
558 0.684324 0.506929 0.00202113
559 0.684324 0.50827 0.00204308
560 0.684324 0.509338 0.00185601
561 0.684324 0.508571 0.00199586
562 0.684324 0.507118 0.00201923
563 0.684324 0.50549 0.00224582
564 0.684324 0.505244 0.00246524
565 0.684324 0.502132 0.00231218
566 0.684324 0.497705 0.0021106
567 0.684324 0.502682 0.00198291
568 0.684324 0.504095 0.00241338
569 0.684324 0.502982 0.00203775
570 0.684324 0.499502 0.00225443
571 0.684324 0.499494 0.00219576
572 0.684324 0.505114 0.00246194
573 0.684324 0.506878 0.00203702
574 0.684324 0.505505 0.00224186
575 0.684324 0.504137 0.00219278
576 0.684324 0.503039 0.00214207
577 0.684324 0.49922 0.00272645
578 0.684324 0.504308 0.00221011
579 0.684324 0.495901 0.00251913
580 0.684324 0.502695 0.00220615
581 0.684324 0.50262 0.00230652
582 0.684324 0.503283 0.00256815
583 0.684324 0.505118 0.00186908
584 0.684324 0.501775 0.00220772
585 0.684324 0.503785 0.001926
586 0.684324 0.50268 0.00185586
587 0.684324 0.503869 0.0020095
588 0.684324 0.507645 0.00210369
589 0.684324 0.508293 0.00224049
590 0.684324 0.509007 0.00185191
591 0.684324 0.50604 0.00188885
592 0.684324 0.503768 0.00182672
593 0.684324 0.504311 0.00191234
594 0.684324 0.506193 0.00181814
595 0.684324 0.503562 0.00219067
596 0.684324 0.502174 0.00211308
597 0.684324 0.506601 0.00198865
598 0.684324 0.506848 0.00196006
599 0.684324 0.507709 0.00184627
600 0.684324 0.505836 0.00199954
601 0.684324 0.506049 0.00218259
602 0.684324 0.507899 0.00203038
603 0.684324 0.502701 0.00208782
604 0.684324 0.506561 0.00175553
605 0.684324 0.501412 0.00197164
606 0.684324 0.504294 0.00183811
607 0.684324 0.504045 0.0020455
608 0.684324 0.502355 0.00198989
609 0.684324 0.504468 0.00201286
610 0.684324 0.506544 0.00221328
611 0.684324 0.504633 0.00212173
612 0.684324 0.501142 0.00210808
613 0.684324 0.505811 0.00190362
614 0.684324 0.504052 0.00236019
615 0.684324 0.501407 0.00230501
616 0.684324 0.500667 0.00232572
617 0.684324 0.507211 0.00211361
618 0.684324 0.502868 0.00199717
619 0.684324 0.501746 0.00231485
620 0.684324 0.503921 0.00245585
621 0.684324 0.502246 0.00203746
622 0.684324 0.505653 0.00216779
623 0.684324 0.50453 0.00214415
624 0.684324 0.505026 0.00185828
625 0.684324 0.498432 0.00202413
626 0.684324 0.505123 0.00194226
627 0.684324 0.504958 0.00215864
628 0.684324 0.508751 0.00210251
629 0.684324 0.503462 0.00201733
630 0.684324 0.506062 0.00210888
631 0.684324 0.504599 0.0017851
632 0.684324 0.504037 0.00242526
633 0.684324 0.506877 0.00232763
634 0.684324 0.505897 0.00210392
635 0.684324 0.508262 0.00187675
636 0.684324 0.503166 0.00236912
637 0.684324 0.505302 0.00234784
638 0.684324 0.50544 0.00234729
639 0.684324 0.504476 0.00215313
640 0.684324 0.507038 0.00232098
641 0.684324 0.506741 0.00204462
642 0.684324 0.50519 0.00205195
643 0.684324 0.5089 0.00242401
644 0.684324 0.507338 0.00203504
645 0.684324 0.508532 0.00203956
646 0.684324 0.500798 0.00255279
647 0.684324 0.505608 0.0021157
648 0.684324 0.50851 0.0025954
649 0.684324 0.505197 0.00227704
650 0.684324 0.503065 0.00233281
651 0.684324 0.507399 0.0023802
652 0.684324 0.506191 0.00219518
653 0.684324 0.505225 0.00222871
654 0.684324 0.504498 0.00226609
655 0.684324 0.505458 0.00221174
656 0.684324 0.504837 0.00262657
657 0.684324 0.50491 0.0024201
658 0.684324 0.506067 0.00213136
659 0.684324 0.507329 0.00185713
660 0.684324 0.506716 0.00206868
661 0.684324 0.503002 0.0022674
662 0.684324 0.509345 0.00217269
663 0.684324 0.507335 0.00216482
664 0.684324 0.499746 0.00227058
665 0.684324 0.504751 0.00240944
666 0.684324 0.502664 0.00274099
667 0.684324 0.508384 0.00204354
668 0.684324 0.507143 0.00278973
669 0.684324 0.508644 0.00213645
670 0.684324 0.507885 0.00230535
671 0.684324 0.50872 0.00193756
672 0.684324 0.507275 0.00245266
673 0.684324 0.502405 0.00226223
674 0.684324 0.505322 0.00212547
675 0.684324 0.505553 0.00188672
676 0.684324 0.502726 0.00229198
677 0.684324 0.499242 0.00240593
678 0.684324 0.502417 0.00220344
679 0.684324 0.503956 0.00228947
680 0.684324 0.502373 0.00247951
681 0.684324 0.50475 0.00227018
682 0.684324 0.504746 0.00218394
683 0.684324 0.506206 0.00207507
684 0.684324 0.501824 0.00251015
685 0.684324 0.499654 0.00207263
686 0.684324 0.500661 0.00221026
687 0.684324 0.505036 0.00225526
688 0.684324 0.504364 0.00222138
689 0.684324 0.504514 0.00209614
690 0.684324 0.50431 0.00200563
691 0.684324 0.504432 0.0020609
692 0.684324 0.508325 0.00224459
693 0.684324 0.507501 0.0021886
694 0.684324 0.503759 0.00224962
695 0.684324 0.506225 0.00205871
696 0.684324 0.507726 0.00193639
697 0.684324 0.500085 0.00208306
698 0.684324 0.501275 0.00208299
699 0.684324 0.504109 0.00188947
700 0.684324 0.500557 0.00197095
701 0.684324 0.50541 0.00230622
702 0.684324 0.506165 0.00195444
703 0.684324 0.505508 0.00209445
704 0.684324 0.508148 0.00232377
705 0.684324 0.506552 0.00220998
706 0.684324 0.50513 0.0020901
707 0.684324 0.506756 0.00217361
708 0.684324 0.507873 0.00196248
709 0.684324 0.503863 0.00270359
710 0.684324 0.511132 0.0021401
711 0.684324 0.509228 0.00218911
712 0.684324 0.504324 0.00217571
713 0.684324 0.509722 0.00241552
714 0.684324 0.505054 0.00234405
715 0.684324 0.49873 0.00217145
716 0.684324 0.510109 0.00203268
717 0.684324 0.508024 0.00234975
718 0.684324 0.508762 0.00216187
719 0.684324 0.500127 0.00238101
720 0.684324 0.508062 0.00204376
721 0.684324 0.504264 0.0020079
722 0.684324 0.508175 0.00204227
723 0.684324 0.504276 0.00231352
724 0.684324 0.505668 0.00204617
725 0.684324 0.503127 0.00212454
726 0.684324 0.504776 0.00215808
727 0.684324 0.503598 0.00225687
728 0.684324 0.496541 0.00226064
729 0.684324 0.497562 0.00202141
730 0.684324 0.510404 0.00217873
731 0.684324 0.504213 0.00212075
732 0.684324 0.505591 0.00218773
733 0.684324 0.503701 0.00235114
734 0.684324 0.509322 0.00239017
735 0.684324 0.50569 0.00265409
736 0.684324 0.505453 0.00226485
737 0.684324 0.505228 0.00241288
738 0.684324 0.506885 0.00191703
739 0.684324 0.508878 0.00176554
740 0.684324 0.501703 0.00228888
741 0.684324 0.506056 0.00235253
742 0.684324 0.505314 0.00241473
743 0.684324 0.503899 0.00226978
744 0.684324 0.505354 0.00214301
745 0.684324 0.505898 0.00204086
746 0.684324 0.50374 0.00204313
747 0.684324 0.506308 0.00235508
748 0.684324 0.505868 0.00232599
749 0.684324 0.50937 0.00232668
750 0.684324 0.505135 0.00244512
751 0.684324 0.499535 0.00255839
752 0.684324 0.501466 0.00235032
753 0.684324 0.501367 0.00247236
754 0.684324 0.507665 0.00224347
755 0.684324 0.503333 0.00218873
756 0.684324 0.502809 0.00257057
757 0.684324 0.509097 0.00222251
758 0.684324 0.510186 0.00271531
759 0.684324 0.505406 0.00254115
760 0.684324 0.501638 0.00250608
761 0.684324 0.498213 0.0022228
762 0.684324 0.50485 0.00233411
763 0.684324 0.50431 0.00230826
764 0.684324 0.501677 0.00270825
765 0.684324 0.505396 0.00240392
766 0.684324 0.506142 0.00243112
767 0.684324 0.50876 0.00221572
768 0.684324 0.509309 0.00225805
769 0.684324 0.504367 0.00204576
770 0.684324 0.507412 0.00235916
771 0.684324 0.503437 0.00230278
772 0.684324 0.503033 0.00223549
773 0.684324 0.506084 0.00208864
774 0.684324 0.503428 0.00249809
775 0.684324 0.502763 0.00243105
776 0.684324 0.508918 0.00234853
777 0.684324 0.509292 0.00253
778 0.684324 0.507838 0.0022112
779 0.684324 0.502551 0.00223119
780 0.684324 0.505408 0.00202342
781 0.684324 0.506907 0.00210365
782 0.684324 0.506074 0.00219492
783 0.684324 0.507106 0.00213197
784 0.684324 0.503355 0.00204724
785 0.684324 0.506031 0.00211303
786 0.684324 0.506264 0.00251776
787 0.684324 0.508135 0.00205946
788 0.684324 0.50405 0.00255966
789 0.684324 0.508709 0.00254938
790 0.684324 0.513643 0.00244707
791 0.684324 0.504221 0.00218266
792 0.684324 0.511116 0.00224865
793 0.684324 0.506739 0.00213818
794 0.684324 0.497742 0.00209231
795 0.684324 0.508751 0.0022356
796 0.684324 0.506943 0.00199472
797 0.684324 0.507759 0.00241126
798 0.684324 0.50641 0.00217736
799 0.684324 0.508856 0.00194978
800 0.684324 0.508836 0.00215091
801 0.684324 0.506419 0.00260785
802 0.684324 0.510731 0.00214403
803 0.684324 0.504079 0.00225961
804 0.684324 0.504669 0.00229988
805 0.684324 0.503449 0.00224049
806 0.684324 0.508708 0.00211005
807 0.684324 0.503378 0.00240161
808 0.684324 0.502074 0.00264214
809 0.684324 0.506288 0.00245589
810 0.684324 0.506718 0.00206027
811 0.684324 0.511396 0.00221756
812 0.684324 0.503713 0.00206626
813 0.684324 0.503147 0.00221297
814 0.684324 0.504217 0.00215512
815 0.684324 0.500894 0.00219429
816 0.684324 0.506437 0.00244895
817 0.684324 0.508882 0.00237936
818 0.684324 0.502519 0.00236923
819 0.684324 0.502882 0.00217242
820 0.684324 0.503109 0.00260233
821 0.684324 0.507352 0.00234487
822 0.684324 0.508743 0.00270117
823 0.684324 0.5041 0.00207204
824 0.684324 0.505931 0.00187157
825 0.684324 0.505034 0.00242042
826 0.684324 0.501261 0.00227965
827 0.684324 0.502331 0.00235498
828 0.684324 0.507254 0.00257877
829 0.684324 0.50608 0.00238947
830 0.684324 0.510309 0.00248056
831 0.684324 0.507812 0.00237437
832 0.684324 0.510673 0.00231552
833 0.684324 0.507469 0.00210374
834 0.684324 0.505587 0.00231828
835 0.684324 0.507954 0.00171018
836 0.684324 0.506058 0.0021952
837 0.684324 0.508192 0.00226933
838 0.684324 0.504865 0.00229044
839 0.684324 0.508157 0.00226477
840 0.684324 0.505063 0.00226593
841 0.684324 0.503213 0.00206963
842 0.684324 0.502409 0.00237572
843 0.684324 0.501902 0.0024355
844 0.684324 0.504115 0.0021648
845 0.684324 0.509002 0.00226012
846 0.684324 0.508069 0.00240116
847 0.684324 0.506826 0.0024313
848 0.684324 0.502914 0.00253865
849 0.684324 0.505165 0.00241661
850 0.684324 0.503916 0.00269931
851 0.684324 0.501937 0.00229136
852 0.686802 0.499845 0.0026165
853 0.686802 0.505899 0.00221886
854 0.686802 0.503202 0.00258485
855 0.686802 0.505059 0.00223804
856 0.686802 0.50337 0.00223228
857 0.686802 0.502773 0.00246451
858 0.686802 0.498031 0.00234946
859 0.686802 0.501286 0.00239067
860 0.686802 0.502784 0.0024876
861 0.686802 0.504428 0.00229091
862 0.686802 0.501336 0.0023768
863 0.686802 0.50313 0.00202758
864 0.686802 0.506146 0.00241508
865 0.686802 0.502412 0.00208158
866 0.686802 0.501335 0.00255647
867 0.686802 0.50442 0.00198065
868 0.686802 0.502723 0.002275
869 0.686802 0.505221 0.0024631
870 0.686802 0.505431 0.00217316
871 0.686802 0.507876 0.00213061
872 0.686802 0.50689 0.00219328
873 0.686802 0.50705 0.0020151
874 0.686802 0.506636 0.00227417
875 0.686802 0.501668 0.00235292
876 0.686802 0.499619 0.00225579
877 0.686802 0.504637 0.00236603
878 0.686802 0.506213 0.00204101
879 0.686802 0.505165 0.00216236
880 0.686802 0.506422 0.00234099
881 0.686802 0.51038 0.00212508
882 0.686802 0.502742 0.0025833
883 0.686802 0.508126 0.00231119
884 0.686802 0.50404 0.0022261
885 0.686802 0.505484 0.00214387
886 0.686802 0.505344 0.0021461
887 0.686802 0.50395 0.00190655
888 0.686802 0.504489 0.00219557
889 0.686802 0.503614 0.00204533
890 0.686802 0.507447 0.00226157
891 0.686802 0.504712 0.00228287
892 0.686802 0.506552 0.00198847
893 0.686802 0.502984 0.00261163
894 0.686802 0.505291 0.00210248
895 0.686802 0.504096 0.00238527
896 0.686802 0.503223 0.00250929
897 0.686802 0.507302 0.00233104
898 0.686802 0.506242 0.00233983
899 0.686802 0.503976 0.00226057
900 0.686802 0.508317 0.00262024
901 0.686802 0.50791 0.0023771
902 0.686802 0.505167 0.00198498
903 0.686802 0.504863 0.00221353
904 0.686802 0.505306 0.00227954
905 0.686802 0.50162 0.00207421
906 0.686802 0.50509 0.00225531
907 0.686802 0.512031 0.00248879
908 0.686802 0.504671 0.00213427
909 0.686802 0.504736 0.00223412
910 0.686802 0.499974 0.00271715
911 0.686802 0.506205 0.00252065
912 0.686802 0.507875 0.0027288
913 0.686802 0.507635 0.002439
914 0.686802 0.511939 0.00224874
915 0.686802 0.503076 0.00238591
916 0.686802 0.504585 0.00239624
917 0.686802 0.505514 0.00276439
918 0.686802 0.502634 0.0022959
919 0.686802 0.498967 0.0025186
920 0.686802 0.507529 0.00237016
921 0.686802 0.507232 0.00214728
922 0.686802 0.507571 0.0023189
923 0.686802 0.502239 0.00233815
924 0.686802 0.507159 0.00254421
925 0.686802 0.500554 0.00225793
926 0.686802 0.505145 0.00237659
927 0.686802 0.506892 0.00236126
928 0.686802 0.505485 0.00216126
929 0.686802 0.506209 0.00205949
930 0.686802 0.505682 0.00210031
931 0.686802 0.507168 0.00236596
932 0.686802 0.500527 0.00213082
933 0.686802 0.503746 0.00222609
934 0.686802 0.506052 0.00246092
935 0.686802 0.503694 0.00222443
936 0.686802 0.501089 0.00253449
937 0.686802 0.499583 0.00229679
938 0.686802 0.49981 0.00268066
939 0.686802 0.506573 0.00235886
940 0.686802 0.504433 0.00210589
941 0.686802 0.508378 0.00206889
942 0.686802 0.50167 0.00223245
943 0.686802 0.503891 0.00195641
944 0.686802 0.503358 0.00242458
945 0.686802 0.507126 0.00220085
946 0.686802 0.508431 0.00229808
947 0.686802 0.506663 0.00214742
948 0.686802 0.504948 0.00239986
949 0.686802 0.503112 0.00228487
950 0.686802 0.500645 0.00236327
951 0.686802 0.502761 0.00231648
952 0.686802 0.510639 0.00247476
953 0.686802 0.50139 0.00248742
954 0.686802 0.502643 0.00232379
955 0.686802 0.506928 0.00208843
956 0.686802 0.504342 0.00239263
957 0.686802 0.502465 0.00230768
958 0.686802 0.502271 0.00208359
959 0.686802 0.501352 0.00239203
960 0.686802 0.504139 0.00213151
961 0.686802 0.502784 0.00279776
962 0.686802 0.507885 0.00224655
963 0.686802 0.502175 0.00239731
964 0.686802 0.501821 0.00232483
965 0.686802 0.508795 0.0019517
966 0.686802 0.504453 0.00232324
967 0.686802 0.504041 0.00233424
968 0.686802 0.506594 0.00216832
969 0.686802 0.505641 0.00195702
970 0.686802 0.505802 0.00202865
971 0.686802 0.508896 0.00202876
972 0.686802 0.507356 0.00213645
973 0.686802 0.503513 0.0017743
974 0.686802 0.506252 0.00222835
975 0.686802 0.505601 0.00222864
976 0.686802 0.507335 0.00220423
977 0.686802 0.504459 0.00221453
978 0.686802 0.502481 0.00223865
979 0.686802 0.502276 0.00242131
980 0.686802 0.505914 0.00237124
981 0.686802 0.503141 0.00222585
982 0.686802 0.501475 0.00210292
983 0.695158 0.507958 0.00236462
984 0.695158 0.510563 0.00220894
985 0.695158 0.502332 0.00242131
986 0.695158 0.511805 0.00229773
987 0.695158 0.505116 0.00239659
988 0.695158 0.504194 0.00229857
989 0.695158 0.508893 0.00243705
990 0.695158 0.503181 0.00239017
991 0.695158 0.510096 0.00257156
992 0.695158 0.508742 0.00238991
993 0.695158 0.506101 0.00233777
994 0.695158 0.505561 0.00221864
995 0.695158 0.506493 0.0021279
996 0.695158 0.505882 0.00231451
997 0.695158 0.501854 0.00269517
998 0.695158 0.503498 0.00237473
999 0.695158 0.50319 0.00264771
1000 0.695158 0.507061 0.00225495
1001 0.695158 0.507069 0.00232439
1002 0.695158 0.508052 0.00235126
1003 0.695158 0.504273 0.00245954
1004 0.695158 0.503038 0.00238143
1005 0.695158 0.502855 0.00224523
1006 0.695158 0.505372 0.00242034
1007 0.695158 0.507453 0.00221579
1008 0.695158 0.504945 0.00225434
1009 0.695158 0.506667 0.00231946
1010 0.695158 0.504469 0.00226071
1011 0.695158 0.505228 0.00229593
1012 0.695158 0.505773 0.00218428
1013 0.695158 0.501874 0.00233338
1014 0.695158 0.504471 0.00235606
1015 0.695158 0.5066 0.00220508
1016 0.695158 0.503427 0.00213835
1017 0.695158 0.49842 0.00233517
1018 0.695158 0.50188 0.00229181
1019 0.695158 0.504313 0.00249688
1020 0.695158 0.506523 0.00267377
1021 0.695158 0.501802 0.00282817
1022 0.695158 0.503067 0.00272918
1023 0.695158 0.5053 0.00242817
1024 0.695158 0.49993 0.0023078
1025 0.695158 0.504323 0.00257735
1026 0.695158 0.50438 0.00254395
1027 0.695158 0.499983 0.00234807
1028 0.695158 0.50102 0.00230425
1029 0.695158 0.500365 0.00231279
1030 0.695158 0.506443 0.00221405
1031 0.695158 0.502203 0.00239135
1032 0.695158 0.50711 0.00238017
1033 0.695158 0.503479 0.00236174
1034 0.695158 0.508105 0.00244184
1035 0.695158 0.506457 0.00229586
1036 0.695158 0.509348 0.00230913
1037 0.695158 0.507078 0.00269804
1038 0.695158 0.505627 0.00255384
1039 0.695158 0.503311 0.00276288
1040 0.695158 0.50475 0.00270853
1041 0.695158 0.504622 0.00255403
1042 0.695158 0.504162 0.00282929
1043 0.695158 0.507816 0.00282004
1044 0.695158 0.505512 0.00236465
1045 0.695158 0.506451 0.00250818
1046 0.695158 0.512754 0.00269391
1047 0.695158 0.506627 0.00259927
1048 0.695158 0.505396 0.00237588
1049 0.695158 0.504514 0.00226534
1050 0.695158 0.504379 0.00267649
1051 0.695158 0.510275 0.00275657
1052 0.695158 0.504763 0.00274808
1053 0.695158 0.510248 0.00244416
1054 0.695158 0.505418 0.00239417
1055 0.695158 0.511392 0.00241536
1056 0.695158 0.506531 0.00219342
1057 0.695158 0.508971 0.00216823
1058 0.695158 0.504668 0.00238115
1059 0.695158 0.5056 0.0022745
1060 0.695158 0.506724 0.00235892
1061 0.695158 0.500006 0.00234223
1062 0.695158 0.513301 0.00220995
1063 0.695158 0.507576 0.00219798
1064 0.695158 0.505301 0.00264247
1065 0.695158 0.50277 0.00205933
1066 0.695158 0.505131 0.00241134
1067 0.695158 0.503663 0.0019977
1068 0.695158 0.506265 0.00209112
1069 0.695158 0.504534 0.00262037
1070 0.695158 0.510506 0.00251351
1071 0.695158 0.508136 0.00239114
1072 0.695158 0.512224 0.0022062
1073 0.695158 0.511276 0.00233551
1074 0.695158 0.50239 0.0025713
1075 0.695158 0.508075 0.00216802
1076 0.695158 0.50409 0.00233751
1077 0.695158 0.509413 0.00270052
1078 0.695158 0.507677 0.00232714
1079 0.695158 0.509695 0.0023458
1080 0.695158 0.512882 0.00244785
1081 0.695158 0.513423 0.00226008
1082 0.695158 0.508665 0.00226906
1083 0.695158 0.507525 0.00260159
1084 0.695158 0.507824 0.00227907
1085 0.695158 0.507779 0.00239606
1086 0.695158 0.508395 0.00242291
1087 0.695158 0.503783 0.00233273
1088 0.695158 0.508689 0.00217299
1089 0.695158 0.506594 0.00216093
1090 0.695158 0.505386 0.00256029
1091 0.695158 0.510918 0.00218517
1092 0.695158 0.508683 0.00218219
1093 0.695158 0.504587 0.00205243
1094 0.695158 0.502506 0.00212584
1095 0.695158 0.505585 0.00209034
1096 0.695158 0.503897 0.00232659
1097 0.695158 0.504018 0.0022546
1098 0.695158 0.507182 0.00236602
1099 0.695158 0.506531 0.00220296
1100 0.695158 0.506673 0.00225608
1101 0.695158 0.506014 0.00203867
1102 0.695158 0.499204 0.00228808
1103 0.695158 0.50298 0.00234416
1104 0.695158 0.508625 0.00217164
1105 0.695158 0.508621 0.00245051
1106 0.695158 0.507966 0.00224787
1107 0.695158 0.503807 0.00216369
1108 0.695158 0.503177 0.00227315
1109 0.695158 0.508475 0.00211694
1110 0.695158 0.504471 0.00252701
1111 0.695158 0.503877 0.0023947
1112 0.695158 0.506289 0.00249655
1113 0.695158 0.506443 0.00228089
1114 0.695158 0.505869 0.00214236
1115 0.695158 0.505793 0.00238764
1116 0.695158 0.500836 0.00221979
1117 0.695158 0.505184 0.00209409
1118 0.695158 0.500826 0.00218869
1119 0.695158 0.499883 0.00244656
1120 0.695158 0.505672 0.00227726
1121 0.695158 0.50625 0.00238517
1122 0.695158 0.503719 0.00248035
1123 0.695158 0.505812 0.00262012
1124 0.695158 0.507436 0.00265978
1125 0.695158 0.507529 0.00245438
1126 0.695158 0.509515 0.002555
1127 0.695158 0.508208 0.00224141
1128 0.695158 0.506538 0.00266926
1129 0.695158 0.506822 0.00214996
1130 0.695158 0.503877 0.0021343
1131 0.695158 0.51165 0.00221946
1132 0.695158 0.50628 0.00229015
1133 0.695158 0.512385 0.00247974
1134 0.695158 0.505532 0.00236462
1135 0.695158 0.507404 0.00224873
1136 0.695158 0.505256 0.0023164
1137 0.695158 0.504296 0.00261433
1138 0.695158 0.507715 0.00251365
1139 0.695158 0.505823 0.00236408
1140 0.695158 0.508221 0.00207045
1141 0.695158 0.506143 0.00231378
1142 0.695158 0.508361 0.00218233
1143 0.695158 0.504092 0.00236691
1144 0.695158 0.498291 0.00220979
1145 0.695158 0.505184 0.00206119
1146 0.695158 0.505326 0.00240256
1147 0.695158 0.508815 0.00211314
1148 0.695158 0.506002 0.00240853
1149 0.695158 0.507027 0.00240813
1150 0.695158 0.507393 0.00215579
1151 0.695158 0.50594 0.00233379
1152 0.695158 0.506967 0.00201924
1153 0.695158 0.50846 0.00238259
1154 0.695158 0.509871 0.00226696
1155 0.695158 0.505826 0.00217841
1156 0.695158 0.511209 0.00219793
1157 0.695158 0.506804 0.00215104
1158 0.695158 0.509291 0.00224601
1159 0.695158 0.506513 0.00241821
1160 0.695158 0.503065 0.00217628
1161 0.695158 0.507159 0.00220601
1162 0.695158 0.50532 0.00249581
1163 0.695158 0.508903 0.00204065
1164 0.695158 0.506492 0.00230933
1165 0.695158 0.509546 0.00240652
1166 0.695158 0.503697 0.00222289
1167 0.695158 0.506791 0.00224603
1168 0.695158 0.508213 0.00219762
1169 0.695158 0.503404 0.00220759
1170 0.695158 0.505305 0.00231098
1171 0.695158 0.50685 0.00210249
1172 0.695158 0.50396 0.00224912
1173 0.695158 0.506159 0.00220619
1174 0.695158 0.509826 0.00201297
1175 0.695158 0.509009 0.00216098
1176 0.695158 0.507462 0.00226382
1177 0.695158 0.509155 0.00213892
1178 0.695158 0.509112 0.00218919
1179 0.695158 0.505546 0.00238911
1180 0.695158 0.501512 0.00241015
1181 0.695158 0.507294 0.00212947
1182 0.695158 0.506284 0.00186507
1183 0.695158 0.504738 0.00216146
1184 0.695158 0.504729 0.00224972
1185 0.695158 0.503151 0.0022308
1186 0.695158 0.501635 0.00234687
1187 0.695158 0.500923 0.00258843
1188 0.695158 0.506735 0.00220521
1189 0.695158 0.506185 0.00249837
1190 0.695158 0.507999 0.00254223
1191 0.695158 0.506236 0.00230005
1192 0.695158 0.510258 0.00263009
1193 0.695158 0.498679 0.00275945
1194 0.695158 0.506845 0.00257154
1195 0.695158 0.503108 0.00223528
1196 0.695158 0.507991 0.00264833
1197 0.695158 0.506744 0.00240808
1198 0.695158 0.504813 0.00234613
1199 0.695158 0.507447 0.00225502
1200 0.695158 0.507648 0.00226579
1201 0.695158 0.50739 0.00238471
1202 0.695158 0.505286 0.00236165
1203 0.695158 0.505472 0.00240161
1204 0.695158 0.505507 0.00254913
1205 0.695158 0.503224 0.00242765
1206 0.695158 0.50413 0.00230398
1207 0.695158 0.504271 0.00236255
1208 0.695158 0.504675 0.00236172
1209 0.695158 0.511243 0.00192494
1210 0.695158 0.510297 0.0020951
1211 0.695158 0.507425 0.00217886
1212 0.695158 0.501905 0.00214054
1213 0.695158 0.508785 0.00230806
1214 0.695158 0.508954 0.00280566
1215 0.695158 0.509323 0.00229266
1216 0.695158 0.505944 0.00224089
1217 0.695158 0.504543 0.00242414
1218 0.695158 0.50499 0.00237995
1219 0.695158 0.504758 0.00217501
1220 0.695158 0.502783 0.00214804
1221 0.695158 0.509431 0.00212063
1222 0.695158 0.507502 0.00224066
1223 0.695158 0.505116 0.00247535
1224 0.695158 0.504006 0.00218496
1225 0.695158 0.504229 0.00244269
1226 0.695158 0.504081 0.00230949
1227 0.695158 0.503035 0.00263155
1228 0.695158 0.51174 0.00266507
1229 0.695158 0.504587 0.00232294
1230 0.695158 0.510598 0.0022689
1231 0.695158 0.508881 0.00250075
1232 0.695158 0.502732 0.00251228
1233 0.695158 0.505057 0.00243107
1234 0.695158 0.501116 0.002526
1235 0.695158 0.507105 0.00230419
1236 0.695158 0.511598 0.00239898
1237 0.695158 0.504067 0.00263117
1238 0.695158 0.508001 0.00231594
1239 0.695158 0.504707 0.0022715
1240 0.695158 0.500812 0.00200674
1241 0.695158 0.506546 0.00215917
1242 0.695158 0.502003 0.00255872
1243 0.695158 0.502411 0.00253699
1244 0.695158 0.503166 0.00211374
1245 0.695158 0.502943 0.0023238
1246 0.695158 0.503218 0.00223611
1247 0.695158 0.503191 0.00204869
1248 0.695158 0.503531 0.00218844
1249 0.695158 0.507287 0.00232746
1250 0.695158 0.507154 0.00229083
1251 0.695158 0.51136 0.00228773
1252 0.695158 0.502111 0.00236299
1253 0.695158 0.506562 0.00225981
1254 0.695158 0.504563 0.00261839
1255 0.695158 0.499645 0.00217623
1256 0.695158 0.50529 0.00221768
1257 0.695158 0.504082 0.00239085
1258 0.695158 0.506427 0.00200603
1259 0.695158 0.507562 0.00229571
1260 0.695158 0.509314 0.00243747
1261 0.695158 0.505806 0.00215612
1262 0.695158 0.507261 0.00236411
1263 0.695158 0.505466 0.00240669
1264 0.695158 0.502137 0.00246466
1265 0.695158 0.504396 0.00256036
1266 0.695158 0.50403 0.00267842
1267 0.695158 0.500798 0.00253278
1268 0.695158 0.508173 0.00193581
1269 0.695158 0.507534 0.00225685
1270 0.720319 0.504781 0.00260046
1271 0.720319 0.505035 0.00245131
1272 0.720319 0.501241 0.00234486
1273 0.720319 0.505733 0.00240448
1274 0.720319 0.507162 0.00219604
1275 0.720319 0.507252 0.00241448
1276 0.720319 0.506752 0.00212558
1277 0.720319 0.507928 0.00225418
1278 0.720319 0.507739 0.00211151
1279 0.720319 0.50904 0.00228862
1280 0.720319 0.506648 0.00234009
1281 0.720319 0.510843 0.00250387
1282 0.720319 0.511483 0.00238592
1283 0.720319 0.509043 0.00245734
1284 0.720319 0.506344 0.00239988
1285 0.720319 0.510439 0.00260758
1286 0.720319 0.507603 0.00228962
1287 0.720319 0.50823 0.00260077
1288 0.720319 0.507747 0.00247343
1289 0.720319 0.504068 0.00240014
1290 0.720319 0.505314 0.00237551
1291 0.720319 0.50585 0.00305524
1292 0.720319 0.503824 0.00247586
1293 0.720319 0.505055 0.00271787
1294 0.720319 0.505748 0.0025463
1295 0.720319 0.505499 0.00233573
1296 0.720319 0.509385 0.00240456
1297 0.720319 0.50342 0.00228283
1298 0.720319 0.509421 0.00230494
1299 0.720319 0.499746 0.00255243
1300 0.720319 0.498826 0.00240232
1301 0.720319 0.506262 0.00261618
1302 0.720319 0.50718 0.00248528
1303 0.720319 0.503019 0.00214565
1304 0.720319 0.506108 0.00226159
1305 0.720319 0.505764 0.00230456
1306 0.720319 0.504603 0.00254105
1307 0.720319 0.507012 0.00224024
1308 0.720319 0.508569 0.00247746
1309 0.720319 0.507267 0.00226363
1310 0.720319 0.508814 0.00243204
1311 0.720319 0.50814 0.00235301
1312 0.720319 0.503785 0.00220113
1313 0.720319 0.5038 0.00242484
1314 0.720319 0.508576 0.00222543
1315 0.720319 0.507808 0.00273987
1316 0.720319 0.506594 0.00274124
1317 0.720319 0.499126 0.00252388
1318 0.720319 0.50617 0.00245798
1319 0.720319 0.509089 0.00216685
1320 0.720319 0.505033 0.00234233
1321 0.720319 0.501645 0.00310396
1322 0.720319 0.504467 0.0027057
1323 0.720319 0.504558 0.00265613
1324 0.720319 0.50846 0.00305441
1325 0.720319 0.501025 0.00263768
1326 0.720319 0.506169 0.0026754
1327 0.720319 0.510724 0.00229805
1328 0.720319 0.505306 0.00230524
1329 0.720319 0.503201 0.00230291
1330 0.720319 0.502982 0.00263643
1331 0.720319 0.504092 0.00251394
1332 0.720319 0.501406 0.00275576
1333 0.720319 0.496624 0.00271323
1334 0.720319 0.501001 0.0028328
1335 0.720319 0.506732 0.00267441
1336 0.720319 0.501994 0.0025541
1337 0.720319 0.503841 0.00259489
1338 0.720319 0.502509 0.00258519
1339 0.720319 0.499518 0.00280129
1340 0.720319 0.501624 0.00235954
1341 0.720319 0.504684 0.00244996
1342 0.720319 0.505257 0.00224079
1343 0.720319 0.505896 0.00222741
1344 0.720319 0.507252 0.0025244
1345 0.720319 0.50584 0.00230373
1346 0.720319 0.50251 0.00234719
1347 0.720319 0.502818 0.00250766
1348 0.720319 0.507718 0.0025939
1349 0.720319 0.505602 0.00246863
1350 0.720319 0.502276 0.00247752
1351 0.720319 0.501629 0.00250858
1352 0.720319 0.505981 0.00276753
1353 0.720319 0.505346 0.00231454
1354 0.720319 0.503987 0.00248923
1355 0.720319 0.510616 0.00250438
1356 0.720319 0.506624 0.00238046
1357 0.720319 0.501643 0.00262589
1358 0.720319 0.505736 0.00239245
1359 0.720319 0.505558 0.00227103
1360 0.720319 0.506908 0.00278694
1361 0.720319 0.504334 0.00240864
1362 0.720319 0.500937 0.00239144
1363 0.720319 0.508355 0.00235246
1364 0.720319 0.505562 0.00256918
1365 0.720319 0.504688 0.00293494
1366 0.720319 0.503217 0.00271005
1367 0.720319 0.508968 0.00256364
1368 0.720319 0.505014 0.00286277
1369 0.720319 0.503708 0.00273475
1370 0.720319 0.507141 0.00221028
1371 0.720319 0.501292 0.00257261
1372 0.720319 0.499296 0.00259339
1373 0.720319 0.499314 0.00265345
1374 0.720319 0.504753 0.00256782
1375 0.720319 0.504073 0.00246664
1376 0.720319 0.507428 0.00241925
1377 0.720319 0.504933 0.00257193
1378 0.720319 0.511999 0.00274725
1379 0.720319 0.504159 0.00239932
1380 0.720319 0.499036 0.00249008
1381 0.720319 0.508442 0.00270467
1382 0.720319 0.509811 0.00235979
1383 0.720319 0.510423 0.00276939
1384 0.720319 0.50516 0.00260688
1385 0.720319 0.509945 0.00291337
1386 0.720319 0.50578 0.00233812
1387 0.720319 0.503566 0.002611
1388 0.720319 0.502491 0.00286964
1389 0.720319 0.505327 0.00237158
1390 0.720319 0.508342 0.00245677
1391 0.720319 0.501553 0.00221299
1392 0.720319 0.505591 0.00229845
1393 0.720319 0.50661 0.00232682
1394 0.720319 0.505019 0.00259911
1395 0.720319 0.50417 0.00226
1396 0.720319 0.504681 0.00248635
1397 0.720319 0.50479 0.00259295
1398 0.720319 0.503911 0.00246607
1399 0.720319 0.500605 0.00254892
1400 0.720319 0.503511 0.00250506
1401 0.720319 0.506895 0.00256243
1402 0.720319 0.499229 0.00254591
1403 0.720319 0.504655 0.00246241
1404 0.720319 0.504914 0.00232357
1405 0.720319 0.505324 0.00212722
1406 0.720319 0.505872 0.00251002
1407 0.720319 0.504899 0.00277313
1408 0.720319 0.502589 0.00285633
1409 0.720319 0.50673 0.00236309
1410 0.720319 0.50803 0.00253503
1411 0.720319 0.502781 0.00277536
1412 0.720319 0.507737 0.00247938
1413 0.720319 0.501565 0.00260163
1414 0.720319 0.50322 0.00246204
1415 0.720319 0.50648 0.00231861
1416 0.720319 0.502692 0.00243327
1417 0.720319 0.507228 0.00225776
1418 0.720319 0.500962 0.00252782
1419 0.720319 0.503023 0.00321405
1420 0.720319 0.502047 0.00266324
1421 0.720319 0.501985 0.00290056
1422 0.720319 0.5042 0.00230171
1423 0.720319 0.509128 0.00266226
1424 0.720319 0.505299 0.00295895
1425 0.720319 0.50429 0.00297802
1426 0.720319 0.510998 0.00224133
1427 0.721434 0.504868 0.00295708
1428 0.721434 0.507357 0.00244157
1429 0.721462 0.507752 0.00273535
1430 0.721741 0.510515 0.00319565
1431 0.721741 0.509442 0.00271075
1432 0.721741 0.503462 0.0027672
1433 0.721741 0.504003 0.00264918
1434 0.721741 0.50884 0.00268727
1435 0.721741 0.505283 0.00284894
1436 0.721741 0.50608 0.00270057
1437 0.721741 0.503107 0.00288362
1438 0.721741 0.505522 0.00314654
1439 0.721741 0.500461 0.00291736
1440 0.721741 0.507543 0.00324997
1441 0.721741 0.507987 0.00247175
1442 0.721741 0.504005 0.00270876
1443 0.721741 0.506206 0.00267515
1444 0.721741 0.502505 0.00300402
1445 0.721741 0.508316 0.00321961
1446 0.721741 0.511281 0.00307366
1447 0.721741 0.503886 0.00267563
1448 0.721741 0.505034 0.00274103
1449 0.721741 0.50716 0.00291835
1450 0.721741 0.508786 0.00262601
1451 0.721741 0.50575 0.00244362
1452 0.721741 0.505718 0.00291324
1453 0.721741 0.503453 0.00277568
1454 0.721741 0.509815 0.00326495
1455 0.721741 0.505824 0.00293567
1456 0.721741 0.505117 0.00272719
1457 0.721741 0.506016 0.00283428
1458 0.721741 0.505542 0.00272706
1459 0.721741 0.505904 0.00289437
1460 0.721741 0.501987 0.00265774
1461 0.721741 0.5058 0.00269104
1462 0.721741 0.505722 0.00263718
1463 0.721741 0.50492 0.00296299
1464 0.721741 0.505479 0.00264529
1465 0.721741 0.506952 0.00285706
1466 0.721741 0.506633 0.00260217
1467 0.721741 0.503719 0.00273493
1468 0.721741 0.50578 0.00298196
1469 0.721741 0.508924 0.00266998
1470 0.721741 0.506682 0.00263945
1471 0.721741 0.502308 0.00271389
1472 0.721741 0.514418 0.00267259
1473 0.721741 0.503724 0.00312255
1474 0.721741 0.507419 0.00276173
1475 0.721741 0.51372 0.00266011
1476 0.721741 0.507779 0.00284759
1477 0.721741 0.507405 0.00264255
1478 0.721741 0.503396 0.00290195
1479 0.721741 0.503436 0.00286872
1480 0.721741 0.512205 0.00288151
1481 0.721741 0.510562 0.00306101
1482 0.721741 0.49963 0.00278191
1483 0.721741 0.506495 0.00285439
1484 0.721741 0.504696 0.00325055
1485 0.721741 0.503502 0.00303718
1486 0.721741 0.501636 0.00282057
1487 0.721741 0.504497 0.00327238
1488 0.721741 0.510279 0.00306445
1489 0.721741 0.506007 0.00282268
1490 0.721741 0.508503 0.0034503
1491 0.721741 0.502915 0.00283413
1492 0.721741 0.506245 0.00248668
1493 0.721741 0.503235 0.00311102
1494 0.721741 0.505106 0.00297973
1495 0.721741 0.502761 0.00285714
1496 0.721741 0.511088 0.00243981
1497 0.721741 0.500393 0.00310365
1498 0.721741 0.502954 0.00276114
1499 0.721741 0.5084 0.00268383
1500 0.721741 0.503857 0.00289088
1501 0.721741 0.505995 0.00278142
1502 0.721741 0.501339 0.00283434
1503 0.721741 0.502951 0.0031122
1504 0.721741 0.509143 0.00307547
1505 0.721741 0.507054 0.00277443
1506 0.721741 0.512103 0.00283972
1507 0.721741 0.510056 0.00283028
1508 0.721741 0.501742 0.0027562
1509 0.721741 0.503996 0.00252191
1510 0.721741 0.50349 0.00296763
1511 0.721741 0.505187 0.00337113
1512 0.721741 0.503379 0.00296978
1513 0.721741 0.505998 0.0030029
1514 0.721741 0.507649 0.0031266
1515 0.721741 0.508193 0.00344352
1516 0.721741 0.503227 0.0027926
1517 0.721741 0.506984 0.00309046
1518 0.72203 0.506052 0.00335533
1519 0.72203 0.508138 0.00300056
1520 0.72203 0.502 0.00299332
1521 0.72203 0.507539 0.00309874
1522 0.72203 0.509613 0.00277262
1523 0.72203 0.500865 0.00255449
1524 0.72203 0.506029 0.00310267
1525 0.72203 0.507534 0.00270671
1526 0.72203 0.510251 0.0030919
1527 0.72203 0.511419 0.00312683
1528 0.72203 0.509201 0.00283743
1529 0.72203 0.506023 0.00298177
1530 0.72203 0.503741 0.00296394
1531 0.72203 0.506686 0.00282393
1532 0.72203 0.510201 0.00276934
1533 0.72203 0.502778 0.00280462
1534 0.72203 0.509442 0.00311558
1535 0.72203 0.508631 0.00249834
1536 0.72203 0.505864 0.00307594
1537 0.72203 0.508135 0.00251875
1538 0.72203 0.502679 0.00298899
1539 0.72203 0.50419 0.00298967
1540 0.72203 0.50653 0.0029774
1541 0.72203 0.508221 0.00292392
1542 0.72203 0.507444 0.0030983
1543 0.72203 0.507855 0.00268789
1544 0.72203 0.50105 0.00279511
1545 0.72203 0.507385 0.00305339
1546 0.72203 0.516958 0.00317165
1547 0.72203 0.507933 0.00277625
1548 0.72203 0.505645 0.00296719
1549 0.72203 0.508246 0.00332303
1550 0.72203 0.506352 0.00326463
1551 0.72203 0.505608 0.00344218
1552 0.72203 0.509962 0.0032454
1553 0.72203 0.509965 0.00320366
1554 0.72203 0.499023 0.00319971
1555 0.72203 0.498719 0.0032769
1556 0.72203 0.506512 0.00344751
1557 0.72203 0.507527 0.00304507
1558 0.72203 0.509977 0.00259163
1559 0.72203 0.506203 0.00315968
1560 0.72203 0.506993 0.00299729
1561 0.72203 0.509534 0.00278089
1562 0.72203 0.499502 0.00263528
1563 0.72203 0.498745 0.00282001
1564 0.72203 0.504629 0.00268496
1565 0.72203 0.505471 0.00292118
1566 0.72203 0.50379 0.00266324
1567 0.72203 0.504026 0.0029356
1568 0.72203 0.504551 0.00324062
1569 0.72203 0.504089 0.002662
1570 0.72203 0.511769 0.00327292
1571 0.72203 0.506597 0.0032108
1572 0.72203 0.507948 0.00261839
1573 0.72203 0.506271 0.00282216
1574 0.72203 0.503559 0.0026879
1575 0.72203 0.506192 0.00319309
1576 0.72203 0.505403 0.00268947
1577 0.72203 0.505905 0.00303873
1578 0.72203 0.504586 0.00250416
1579 0.72203 0.508036 0.00257295
1580 0.72203 0.506 0.00278315
1581 0.72203 0.5038 0.0031989
1582 0.72203 0.508133 0.00276023
1583 0.72203 0.507767 0.00277185
1584 0.72203 0.507318 0.00296767
1585 0.72203 0.509068 0.00310015
1586 0.72203 0.508012 0.00281636
1587 0.72203 0.504466 0.00268056
1588 0.72203 0.510309 0.00329034
1589 0.72203 0.507299 0.00295526
1590 0.72203 0.506326 0.00324666
1591 0.72203 0.504835 0.00298585
1592 0.72203 0.503837 0.00306033
1593 0.72203 0.499903 0.00290249
1594 0.72203 0.507315 0.00275733
1595 0.72203 0.503115 0.00282571
1596 0.72203 0.502703 0.00302997
1597 0.72203 0.50322 0.00309135
1598 0.72203 0.503719 0.00310479
1599 0.72203 0.505074 0.00305673
1600 0.72203 0.508231 0.0027636
1601 0.72203 0.502604 0.00309991
1602 0.72203 0.506177 0.00306558
1603 0.72203 0.503333 0.00272883
1604 0.72203 0.498742 0.00315732
1605 0.72203 0.502135 0.00315714
1606 0.72203 0.502033 0.00295619
1607 0.72203 0.505332 0.00289472
1608 0.72203 0.502004 0.0031449
1609 0.72203 0.507085 0.00293346
1610 0.72203 0.504852 0.00326066
1611 0.72203 0.509818 0.00273515
1612 0.72203 0.505831 0.00325703
1613 0.72203 0.502172 0.00294736
1614 0.72203 0.506765 0.00278297
1615 0.72203 0.505948 0.00288322
1616 0.72203 0.503183 0.00316644
1617 0.72203 0.506961 0.00297831
1618 0.72203 0.50001 0.00295829
1619 0.72203 0.500102 0.00316569
1620 0.72203 0.506907 0.00304346
1621 0.72203 0.508448 0.00279377
1622 0.72203 0.507624 0.00279705
1623 0.72203 0.50132 0.00282825
1624 0.72203 0.498338 0.0032683
1625 0.72203 0.503633 0.00291212
1626 0.72203 0.505553 0.00291311
1627 0.72203 0.504997 0.00260552
1628 0.72203 0.506556 0.00299088
1629 0.72203 0.507411 0.00356669
1630 0.72203 0.504515 0.00278544
1631 0.72203 0.511955 0.00336416
1632 0.72203 0.503569 0.002808
1633 0.72203 0.504199 0.00307739
1634 0.72203 0.507362 0.00271325
1635 0.72203 0.505739 0.00283054
1636 0.72203 0.50768 0.00272432
1637 0.72203 0.508572 0.00316703
1638 0.72203 0.498847 0.002957
1639 0.72203 0.504247 0.00279996
1640 0.72203 0.507474 0.00292247
1641 0.72203 0.507388 0.00287943
1642 0.72203 0.510252 0.00283181
1643 0.72203 0.510456 0.00325233
1644 0.72203 0.501646 0.00303572
1645 0.72203 0.507003 0.00276873
1646 0.72203 0.49898 0.00312685
1647 0.72203 0.508908 0.00270994
1648 0.72203 0.506695 0.00322592
1649 0.72203 0.513544 0.00276876
1650 0.72203 0.506469 0.00278323
1651 0.72203 0.502232 0.00292131
1652 0.72203 0.504877 0.00277796
1653 0.72203 0.508991 0.00297994
1654 0.72203 0.51098 0.00284728
1655 0.72203 0.506119 0.00313024
1656 0.72203 0.504956 0.00306836
1657 0.72203 0.504149 0.00316653
1658 0.72203 0.507072 0.00333034
1659 0.72203 0.508631 0.00388857
1660 0.72203 0.510948 0.00347894
1661 0.72203 0.506117 0.00314269
1662 0.72203 0.508102 0.00336943
1663 0.72203 0.501964 0.0029621
1664 0.72203 0.508245 0.00277048
1665 0.72203 0.503844 0.00280959
1666 0.72203 0.506283 0.00282278
1667 0.72203 0.505352 0.00291423
1668 0.72203 0.50844 0.00324801
1669 0.72203 0.501929 0.00299832
1670 0.72203 0.505629 0.00303915
1671 0.72203 0.504688 0.00270006
1672 0.72203 0.511159 0.00294672
1673 0.72203 0.50582 0.00273196
1674 0.72203 0.505772 0.00265493
1675 0.72203 0.508867 0.00275265
1676 0.72203 0.505062 0.00294177
1677 0.72203 0.50574 0.0031685
1678 0.72203 0.511961 0.00306164
1679 0.72203 0.504777 0.00281312
1680 0.72203 0.504757 0.00274521
1681 0.72203 0.506538 0.0029535
1682 0.72203 0.500633 0.00312993
1683 0.72203 0.508095 0.00349249
1684 0.72203 0.502457 0.00374047
1685 0.72203 0.505366 0.00316763
1686 0.72203 0.503882 0.00301254
1687 0.72203 0.506765 0.00289747
1688 0.72203 0.506769 0.00310943
1689 0.72203 0.501394 0.00301725
1690 0.72203 0.50759 0.00338034
1691 0.72203 0.511342 0.00293317
1692 0.72203 0.512901 0.00255597
1693 0.72203 0.508589 0.00267856
1694 0.72203 0.502942 0.00302266
1695 0.72203 0.50573 0.00292707
1696 0.72203 0.505544 0.00343299
1697 0.72203 0.511392 0.00344442
1698 0.72203 0.503958 0.00351718
1699 0.72203 0.505779 0.00316261
1700 0.72203 0.501603 0.00295517
1701 0.72203 0.504845 0.00315982
1702 0.72203 0.508217 0.00331544
1703 0.72203 0.50432 0.00274899
1704 0.72203 0.502559 0.00261351
1705 0.72203 0.506471 0.0025761
1706 0.72203 0.504472 0.00275148
1707 0.72203 0.508515 0.00288716
1708 0.72203 0.502472 0.00274957
1709 0.72203 0.505572 0.00286707
1710 0.72203 0.512355 0.00328662
1711 0.72203 0.505498 0.0023852
1712 0.72203 0.501394 0.00269563
1713 0.72203 0.509313 0.00331505
1714 0.72203 0.506378 0.00259851
1715 0.72203 0.512012 0.00288431
1716 0.72203 0.505403 0.00284247
1717 0.72203 0.506315 0.00281651
1718 0.72203 0.508106 0.00291391
1719 0.72203 0.503596 0.00270835
1720 0.72203 0.503593 0.00321872
1721 0.72203 0.50623 0.00321809
1722 0.72203 0.503693 0.00259836
1723 0.72203 0.507278 0.00247514
1724 0.72203 0.502606 0.00296315
1725 0.72203 0.501847 0.00277676
1726 0.72203 0.504068 0.00283855
1727 0.72203 0.510771 0.00297636
1728 0.72203 0.506975 0.0029537
1729 0.72203 0.508456 0.00333504
1730 0.72203 0.505839 0.00377242
1731 0.72203 0.504656 0.00281534
1732 0.72203 0.505297 0.0024246
1733 0.72203 0.506678 0.00285369
1734 0.72203 0.506266 0.00305724
1735 0.72203 0.502658 0.0027898
1736 0.72203 0.502401 0.00308083
1737 0.72203 0.49793 0.00318539
1738 0.72203 0.502912 0.00282349
1739 0.72203 0.506382 0.00265928
1740 0.72203 0.50718 0.00266806
1741 0.72203 0.501075 0.00294973
1742 0.72203 0.506799 0.00287635
1743 0.72203 0.507482 0.00308249
1744 0.72203 0.510102 0.00312607
1745 0.72203 0.503165 0.00260078
1746 0.72203 0.503502 0.00242344
1747 0.72203 0.507562 0.00273679
1748 0.72203 0.507837 0.00248885
1749 0.72203 0.507244 0.00261769
1750 0.72203 0.507746 0.00280036
1751 0.72203 0.505513 0.00324909
1752 0.72203 0.502283 0.00279037
1753 0.72203 0.506271 0.00294792
1754 0.72203 0.504404 0.00310363
1755 0.72203 0.505984 0.00294609
1756 0.72203 0.503707 0.0032139
1757 0.72203 0.499542 0.00292543
1758 0.72203 0.505989 0.00286353
1759 0.72203 0.508593 0.00273644
1760 0.72203 0.508596 0.0030926
1761 0.72203 0.504849 0.0028111
1762 0.72203 0.502071 0.00294242
1763 0.72203 0.51162 0.00290424
1764 0.72203 0.501637 0.00285904
1765 0.72203 0.507794 0.00294843
1766 0.72203 0.505477 0.00325335
1767 0.72203 0.509101 0.00301805
1768 0.72203 0.504223 0.00313377
1769 0.72203 0.503159 0.00294272
1770 0.72203 0.508177 0.00286582
1771 0.72203 0.508789 0.00275207
1772 0.72203 0.503107 0.00279602
1773 0.72203 0.506131 0.0027914
1774 0.72203 0.508469 0.00268249
1775 0.72203 0.500654 0.00300824
1776 0.72203 0.506424 0.00282664
1777 0.72203 0.508017 0.00269065
1778 0.72203 0.51072 0.00280422
1779 0.72203 0.507498 0.00301425
1780 0.72203 0.505998 0.00329444
1781 0.72203 0.507528 0.00266742
1782 0.72203 0.510406 0.00344227
1783 0.72203 0.507558 0.00267043
1784 0.72203 0.504617 0.00274206
1785 0.72203 0.50609 0.00297015
1786 0.72203 0.503221 0.00318069
1787 0.72203 0.503783 0.00292893
1788 0.72203 0.508715 0.00309032
1789 0.72203 0.510508 0.00308552
1790 0.72203 0.510573 0.0029046
1791 0.72203 0.511123 0.00255141
1792 0.72203 0.506381 0.00272286
1793 0.72203 0.501918 0.00289166
1794 0.72203 0.5022 0.00271102
1795 0.72203 0.504207 0.00304633
1796 0.72203 0.502085 0.00310883
1797 0.72203 0.507059 0.00282106
1798 0.72203 0.505673 0.002794
1799 0.72203 0.509875 0.00289532
1800 0.72203 0.502107 0.00363372
1801 0.72203 0.506179 0.00362468
1802 0.72203 0.507056 0.00304311
1803 0.72203 0.508592 0.00292695
1804 0.72203 0.502519 0.00306446
1805 0.72203 0.506861 0.00275461
1806 0.72203 0.507091 0.00290917
1807 0.72203 0.512985 0.00308395
1808 0.72203 0.50528 0.00301233
1809 0.72203 0.504896 0.00269004
1810 0.72203 0.505051 0.00287418
1811 0.72203 0.50564 0.00267118
1812 0.72203 0.506502 0.00260299
1813 0.72203 0.506468 0.00305478
1814 0.72203 0.507486 0.0028185
1815 0.72203 0.508037 0.00270556
1816 0.72203 0.505953 0.0027172
1817 0.72203 0.502303 0.00268556
1818 0.72203 0.502929 0.0027034
1819 0.72203 0.50537 0.00328512
1820 0.72203 0.506414 0.00277515
1821 0.72203 0.508235 0.00260603
1822 0.72203 0.510792 0.00253152
1823 0.72203 0.506049 0.00335596
1824 0.72203 0.500314 0.00294327
1825 0.72203 0.498864 0.0030098
1826 0.72203 0.502324 0.00338621
1827 0.72203 0.51009 0.00331774
1828 0.72203 0.506028 0.00334266
1829 0.72203 0.503093 0.00347049
1830 0.72203 0.507124 0.0026708
1831 0.72203 0.502984 0.00259678
1832 0.72203 0.50703 0.00298541
1833 0.72203 0.499652 0.00351454
1834 0.72203 0.506338 0.00283769
1835 0.72203 0.507635 0.00302088
1836 0.72203 0.505484 0.00316262
1837 0.72203 0.502998 0.00314009
1838 0.72203 0.507939 0.00297313
1839 0.72203 0.500238 0.00288702
1840 0.72203 0.507981 0.00284934
1841 0.72203 0.507947 0.00248109
1842 0.72203 0.50891 0.00274513
1843 0.72203 0.5094 0.00273163
1844 0.72203 0.503101 0.00299836
1845 0.72203 0.502309 0.00290554
1846 0.72203 0.505391 0.00257672
1847 0.72203 0.504348 0.00309448
1848 0.72203 0.508022 0.00254507
1849 0.72203 0.50734 0.00287027
1850 0.72203 0.506563 0.00282602
1851 0.72203 0.504446 0.00304259
1852 0.72203 0.505307 0.0030269
1853 0.72203 0.507736 0.00305614
1854 0.72203 0.50767 0.00311583
1855 0.72203 0.502327 0.00306172
1856 0.72203 0.508364 0.00290705
1857 0.72203 0.507837 0.00285897
1858 0.72203 0.501787 0.00291828
1859 0.72203 0.506406 0.00306388
1860 0.72203 0.503668 0.00279159
1861 0.72203 0.506374 0.00285327
1862 0.72203 0.503631 0.00313293
1863 0.72203 0.508108 0.0028087
1864 0.72203 0.508238 0.00256122
1865 0.72203 0.505256 0.00270754
1866 0.72203 0.50927 0.00289884
1867 0.72203 0.507275 0.00270697
1868 0.72203 0.502968 0.00259056
1869 0.72203 0.503923 0.00288102
1870 0.72203 0.496108 0.00294371
1871 0.72203 0.50291 0.00298895
1872 0.72203 0.514537 0.00285037
1873 0.72203 0.506112 0.00289511
1874 0.72203 0.505158 0.00297057
1875 0.72203 0.503595 0.0032609
1876 0.72203 0.508247 0.00305278
1877 0.72203 0.503078 0.00309367
1878 0.72203 0.507894 0.00313717
1879 0.72203 0.502492 0.00311349
1880 0.72203 0.506561 0.00345893
1881 0.72203 0.50711 0.00292161
1882 0.72203 0.511266 0.0027821
1883 0.72203 0.5056 0.00293424
1884 0.72203 0.509573 0.00288423
1885 0.72203 0.502984 0.00328457
1886 0.72203 0.503857 0.00311502
1887 0.72203 0.500915 0.00320816
1888 0.72203 0.501897 0.00315605
1889 0.72203 0.504152 0.00307094
1890 0.72203 0.499351 0.00293785
1891 0.72203 0.509214 0.00277131
1892 0.72203 0.509524 0.00274667
1893 0.72203 0.502479 0.00319387
1894 0.72203 0.506711 0.00310665
1895 0.72203 0.502989 0.0030405
1896 0.72203 0.50688 0.00253521
1897 0.72203 0.504932 0.00288636
1898 0.72203 0.499221 0.00316069
1899 0.72203 0.501333 0.00284243
1900 0.72203 0.501561 0.00290732
1901 0.72203 0.505428 0.0026999
1902 0.72203 0.502696 0.00280891
1903 0.72203 0.510013 0.00281254
1904 0.72203 0.510274 0.00347723
1905 0.72203 0.510022 0.00321399
1906 0.72203 0.500676 0.00344959
1907 0.72203 0.504706 0.00328137
1908 0.72203 0.50424 0.00296455
1909 0.72203 0.502791 0.00298023
1910 0.72203 0.503699 0.00285037
1911 0.72203 0.504528 0.00297526
1912 0.72203 0.508228 0.00293545
1913 0.72203 0.5055 0.00282215
1914 0.72203 0.505237 0.00287821
1915 0.72203 0.504599 0.00311321
1916 0.72203 0.502068 0.00317429
1917 0.72203 0.505982 0.00320812
1918 0.72203 0.512089 0.00308795
1919 0.72203 0.507192 0.0031481
1920 0.72203 0.506672 0.00265898
1921 0.72203 0.502474 0.00287389
1922 0.72203 0.505212 0.00343943
1923 0.72203 0.500032 0.00294267
1924 0.72203 0.507837 0.00289863
1925 0.72203 0.512292 0.00291122
1926 0.72203 0.503059 0.00299315
1927 0.72203 0.504938 0.0030678
1928 0.72203 0.512091 0.00316184
1929 0.72203 0.509348 0.00267128
1930 0.72203 0.506789 0.00285242
1931 0.72203 0.501096 0.00292495
1932 0.72203 0.506235 0.00307889
1933 0.72203 0.498915 0.00308762
1934 0.72203 0.500879 0.00279039
1935 0.72203 0.50399 0.00317223
1936 0.72203 0.506815 0.00280644
1937 0.72203 0.502537 0.00312272
1938 0.72203 0.508497 0.0028013
1939 0.72203 0.506922 0.00294867
1940 0.72203 0.500752 0.00290892
1941 0.72203 0.499624 0.00272099
1942 0.72203 0.501494 0.00291732
1943 0.72203 0.508988 0.00301067
1944 0.72203 0.509945 0.0027285
1945 0.72203 0.503912 0.00273416
1946 0.72203 0.5048 0.00288245
1947 0.72203 0.507963 0.00281325
1948 0.72203 0.501464 0.00306319
1949 0.72203 0.502899 0.00312332
1950 0.72203 0.508441 0.00308418
1951 0.72203 0.504442 0.00323819
1952 0.72203 0.510367 0.00331084
1953 0.72203 0.508298 0.00326175
1954 0.72203 0.506738 0.00304594
1955 0.72203 0.506704 0.00266874
1956 0.72203 0.503865 0.0032592
1957 0.72203 0.50297 0.00331811
1958 0.72203 0.506712 0.00270631
1959 0.72203 0.513001 0.00302138
1960 0.72203 0.50552 0.00330427
1961 0.72203 0.509254 0.0029651
1962 0.72203 0.506711 0.00280398
1963 0.72203 0.504569 0.00299502
1964 0.72203 0.502746 0.0026922
1965 0.72203 0.507283 0.00280272
1966 0.72203 0.505616 0.00357196
1967 0.72203 0.503311 0.0031148
1968 0.72203 0.501906 0.00275496
1969 0.72203 0.500406 0.00323665
1970 0.72203 0.503812 0.00307714
1971 0.72203 0.509571 0.00407008
1972 0.72203 0.50035 0.0030033
1973 0.72203 0.506985 0.00370861
1974 0.72203 0.5069 0.00307351
1975 0.72203 0.50397 0.00311032
1976 0.72203 0.505415 0.00311313
1977 0.72203 0.504451 0.00305534
1978 0.72203 0.511607 0.00317167
1979 0.72203 0.500478 0.00289939
1980 0.72203 0.502595 0.00318045
1981 0.72203 0.50465 0.00319418
1982 0.72203 0.504427 0.00313666
1983 0.72203 0.504055 0.00350548
1984 0.72203 0.508144 0.00276017
1985 0.72203 0.504569 0.00328088
1986 0.72203 0.502674 0.00291264
1987 0.72203 0.499539 0.00319644
1988 0.72203 0.499088 0.00308134
1989 0.72203 0.506456 0.00318091
1990 0.72203 0.501776 0.00278897
1991 0.72203 0.504819 0.00280371
1992 0.72203 0.506965 0.00308991
1993 0.72203 0.507072 0.00326132
1994 0.72203 0.503066 0.00284531
1995 0.72203 0.502901 0.00297273
1996 0.72203 0.50513 0.00258742
1997 0.72203 0.504339 0.00323889
1998 0.72203 0.50027 0.00386452
1999 0.72203 0.500906 0.00347212
2000 0.72203 0.497519 0.00317649
2001 0.72203 0.502795 0.00286143
2002 0.72203 0.50344 0.00302565
2003 0.72203 0.503564 0.00304656
2004 0.72203 0.505155 0.00287507
2005 0.72203 0.507997 0.00253418
2006 0.72203 0.506092 0.00280557
2007 0.72203 0.49916 0.00294231
2008 0.72203 0.503117 0.00278424
2009 0.72203 0.503855 0.00256153
2010 0.72203 0.507114 0.00307528
2011 0.72203 0.504374 0.00279988
2012 0.72203 0.504751 0.00300485
2013 0.72203 0.504928 0.00258806
2014 0.72203 0.508574 0.00335239
2015 0.72203 0.503731 0.00318408
2016 0.72203 0.510422 0.00264621
2017 0.72203 0.50463 0.00294104
2018 0.72203 0.504243 0.00301153
2019 0.72203 0.510487 0.00278887
2020 0.72203 0.508805 0.00269486
2021 0.72203 0.505011 0.00306452
2022 0.72203 0.51249 0.00290884
2023 0.72203 0.506809 0.00293018
2024 0.72203 0.50523 0.00291914
2025 0.72203 0.507866 0.00278333
2026 0.72203 0.505922 0.00310983
2027 0.72203 0.508835 0.00325957
2028 0.72203 0.50695 0.00392672
2029 0.72203 0.513684 0.00314544
2030 0.72203 0.510144 0.0030701
2031 0.72203 0.507663 0.00311712
2032 0.72203 0.511785 0.0029345
2033 0.72203 0.510228 0.00296652
2034 0.72203 0.503486 0.00303737
2035 0.72203 0.511427 0.00329383
2036 0.72203 0.511807 0.00337302
2037 0.72203 0.512565 0.00341229
2038 0.72203 0.505309 0.00296355
2039 0.72203 0.504038 0.00382262
2040 0.72203 0.501641 0.00325604
2041 0.72203 0.508385 0.00280092
2042 0.72203 0.501597 0.00279881
2043 0.72203 0.509974 0.00277718
2044 0.72203 0.504756 0.00306757
2045 0.72203 0.499822 0.00326865
2046 0.72203 0.505138 0.00270705
2047 0.72203 0.505861 0.00361992
2048 0.72203 0.510945 0.0031912
2049 0.72203 0.510885 0.00308062
2050 0.72203 0.501615 0.00346281
2051 0.72203 0.507815 0.00340189
2052 0.72203 0.503702 0.00286702
2053 0.72203 0.502988 0.00276787
2054 0.72203 0.504399 0.00303759
2055 0.72203 0.508936 0.00311761
2056 0.72203 0.504772 0.00311551
2057 0.72203 0.504623 0.00294214
2058 0.72203 0.507363 0.00271824
2059 0.72203 0.503656 0.00312066
2060 0.72203 0.506177 0.00294535
2061 0.72203 0.506254 0.00288045
2062 0.72203 0.502882 0.0032168
2063 0.72203 0.508947 0.00337876
2064 0.72203 0.511671 0.00275748
2065 0.72203 0.507475 0.00288294
2066 0.72203 0.505325 0.00264674
2067 0.72203 0.511185 0.00265733
2068 0.72203 0.5115 0.00269768
2069 0.72203 0.506374 0.00267775
2070 0.72203 0.506642 0.00278467
2071 0.72203 0.505766 0.00340443
2072 0.72203 0.504615 0.00272572
2073 0.72203 0.501602 0.00274443
2074 0.72203 0.499544 0.00342045
2075 0.72203 0.505424 0.00280029
2076 0.72203 0.510515 0.00286527
2077 0.72203 0.509695 0.00313436
2078 0.72203 0.506044 0.00285661
2079 0.72203 0.502549 0.00315602
2080 0.72203 0.504203 0.00328193
2081 0.72203 0.506753 0.00389422
2082 0.72203 0.507734 0.00297246
2083 0.72203 0.504259 0.0028205
2084 0.72203 0.504052 0.00285164
2085 0.72203 0.502907 0.00340364
2086 0.72203 0.509995 0.0033407
2087 0.72203 0.510479 0.00324071
2088 0.72203 0.512098 0.00312547
2089 0.72203 0.511608 0.00281417
2090 0.72203 0.505627 0.003105
2091 0.72203 0.506178 0.0031513
2092 0.72203 0.505 0.00282396
2093 0.72203 0.50871 0.00311756
2094 0.72203 0.50744 0.0033598
2095 0.72203 0.510628 0.00317928
2096 0.72203 0.506364 0.00281663
2097 0.72203 0.507621 0.00284369
2098 0.72203 0.503649 0.00331001
2099 0.72203 0.509426 0.0029114
2100 0.72203 0.501697 0.00298027
2101 0.72203 0.505517 0.00286663
2102 0.72203 0.510912 0.00276614
2103 0.72203 0.509134 0.00260869
2104 0.72203 0.510918 0.00254666
2105 0.72203 0.500162 0.00311141
2106 0.72203 0.505563 0.00282636
2107 0.72203 0.505653 0.00290024
2108 0.72203 0.506493 0.00360209
2109 0.72203 0.512993 0.00320527
2110 0.72203 0.506346 0.0027796
2111 0.72203 0.512779 0.00266721
2112 0.72203 0.501622 0.00300546
2113 0.72203 0.510402 0.00291387
2114 0.72203 0.514193 0.00274521
2115 0.72203 0.508386 0.00346433
2116 0.72203 0.509061 0.00289976
2117 0.72203 0.505911 0.00322479
2118 0.72203 0.504568 0.00293599
2119 0.72203 0.505105 0.00311792
2120 0.72203 0.502259 0.00300434
2121 0.72203 0.506704 0.00267818
2122 0.72203 0.504165 0.00335677
2123 0.72203 0.510416 0.00345021
2124 0.72203 0.508637 0.0029655
2125 0.72203 0.510683 0.00337169
2126 0.72203 0.502856 0.00296236
2127 0.72203 0.506637 0.00295373
2128 0.72203 0.505187 0.00287294
2129 0.72203 0.512197 0.00291009
2130 0.72203 0.503387 0.0030893
2131 0.72203 0.507202 0.00278952
2132 0.72203 0.503481 0.00324978
2133 0.72203 0.506325 0.00308652
2134 0.72203 0.504133 0.00271433
2135 0.72203 0.508036 0.0030173
2136 0.72203 0.512571 0.00299456
2137 0.72203 0.509726 0.00309345
2138 0.72203 0.50559 0.00334002
2139 0.72203 0.504781 0.00326635
2140 0.72203 0.506297 0.00272023
2141 0.72203 0.505115 0.0027565
2142 0.72203 0.511698 0.0034169
2143 0.72203 0.509726 0.00311362
2144 0.72203 0.501571 0.0033478
2145 0.72203 0.503566 0.00325369
2146 0.72203 0.503406 0.00345971
2147 0.72203 0.507657 0.0034993
2148 0.72203 0.504546 0.00369916
2149 0.72203 0.507858 0.00355377
2150 0.72203 0.50782 0.00269467
2151 0.72203 0.503723 0.00324104
2152 0.72203 0.50535 0.00290186
2153 0.72203 0.50935 0.00283139
2154 0.72203 0.505726 0.00307017
2155 0.72203 0.509241 0.00335648
2156 0.72203 0.510981 0.00315018
2157 0.72203 0.505217 0.00278267
2158 0.72203 0.509154 0.00321151
2159 0.72203 0.504486 0.00307966
2160 0.72203 0.504598 0.00307269
2161 0.72203 0.505039 0.00331998
2162 0.72203 0.496935 0.00293439
2163 0.72203 0.501574 0.00303665
2164 0.72203 0.507085 0.00283225
2165 0.72203 0.504659 0.00280189
2166 0.72203 0.498382 0.00282791
2167 0.72203 0.4993 0.00308397
2168 0.72203 0.505149 0.00292398
2169 0.72203 0.50806 0.00271529
2170 0.72203 0.509045 0.0029336
2171 0.72203 0.510305 0.00281525
2172 0.72203 0.502998 0.00289628
2173 0.72203 0.504993 0.00292051
2174 0.72203 0.509451 0.00280899
2175 0.72203 0.512373 0.00231239
2176 0.72203 0.507036 0.00247027
2177 0.72203 0.504442 0.00281616
2178 0.72203 0.50519 0.00290679
2179 0.72203 0.509263 0.00316877
2180 0.72203 0.507248 0.00311719
2181 0.72203 0.507594 0.00295319
2182 0.72203 0.505783 0.00264325
2183 0.72203 0.506503 0.00277199
2184 0.72203 0.504468 0.00273186
2185 0.72203 0.50142 0.00305198
2186 0.72203 0.505285 0.00281413
2187 0.72203 0.507834 0.00292086
2188 0.72203 0.50698 0.00254212
2189 0.72203 0.508143 0.00318286
2190 0.72203 0.502056 0.00303986
2191 0.72203 0.511317 0.00277293
2192 0.72203 0.508828 0.00318517
2193 0.72203 0.510368 0.00254422
2194 0.72203 0.508214 0.00244528
2195 0.72203 0.503615 0.00266053
2196 0.72203 0.509515 0.00282834
2197 0.72203 0.506222 0.00259233
2198 0.72203 0.506308 0.00254121
2199 0.72203 0.505401 0.00305829
2200 0.72203 0.507742 0.0028993
2201 0.72203 0.506116 0.00270428
2202 0.72203 0.505252 0.00277478
2203 0.72203 0.50544 0.00304571
2204 0.72203 0.503915 0.00320584
2205 0.72203 0.501868 0.00284952
2206 0.72203 0.505963 0.00298745
2207 0.72203 0.502096 0.00292261
2208 0.72203 0.507648 0.00265936
2209 0.72203 0.511029 0.00262673
2210 0.72203 0.50396 0.00303011
2211 0.72203 0.504633 0.00320235
2212 0.72203 0.501634 0.00291657
2213 0.72203 0.503326 0.00288845
2214 0.72203 0.504467 0.00294911
2215 0.72203 0.506211 0.00300306
2216 0.72203 0.51076 0.00374926
2217 0.72203 0.508654 0.00317868
2218 0.72203 0.504692 0.00289684
2219 0.72203 0.506397 0.00273833
2220 0.72203 0.502428 0.00292537
2221 0.72203 0.505643 0.00305847
2222 0.72203 0.512418 0.00322204
2223 0.72203 0.506077 0.00301996
2224 0.72203 0.505188 0.00326849
2225 0.72203 0.503882 0.0031012
2226 0.72203 0.509508 0.00334416
2227 0.72203 0.508318 0.00307964
2228 0.72203 0.504343 0.00279448
2229 0.72203 0.498783 0.00303272
2230 0.72203 0.501113 0.00325835
2231 0.72203 0.501833 0.00273336
2232 0.72203 0.504054 0.00313305
2233 0.72203 0.505542 0.00290934
2234 0.72203 0.504096 0.00301745
2235 0.72203 0.511314 0.0027215
2236 0.72203 0.509558 0.00334447
2237 0.72203 0.506028 0.00301114
2238 0.72203 0.505088 0.00337184
2239 0.72203 0.499177 0.00298052
2240 0.72203 0.502339 0.00318072
2241 0.72203 0.501168 0.00321292
2242 0.72203 0.499049 0.00303337
2243 0.72203 0.502963 0.00281152
2244 0.72203 0.509863 0.00314424
2245 0.72203 0.508095 0.00279464
2246 0.72203 0.504617 0.00316004
2247 0.72203 0.500456 0.00297095
2248 0.72203 0.507294 0.00307978
2249 0.72203 0.510192 0.00281928
2250 0.72203 0.503485 0.00277065
2251 0.72203 0.502807 0.00273961
2252 0.72203 0.503584 0.00293069
2253 0.72203 0.503371 0.00272471
2254 0.72203 0.502087 0.00313329
2255 0.72203 0.503016 0.00292914
2256 0.72203 0.505372 0.00335312
2257 0.72203 0.505221 0.00352563
2258 0.723066 0.502173 0.00346518
2259 0.723066 0.503736 0.00289346
2260 0.723066 0.511331 0.00367703
2261 0.723066 0.504595 0.00256767
2262 0.723066 0.509335 0.00297799
2263 0.723066 0.504304 0.00309296
2264 0.723066 0.500087 0.00303867
2265 0.723066 0.50353 0.00305356
2266 0.723066 0.506622 0.002906
2267 0.723066 0.500702 0.0030943
2268 0.723066 0.503766 0.00314167
2269 0.723066 0.505058 0.00266398
2270 0.723066 0.506508 0.00296918
2271 0.723066 0.509646 0.00370538
2272 0.723066 0.506239 0.00367501
2273 0.723066 0.510909 0.00290479
2274 0.723066 0.507325 0.00306922
2275 0.723066 0.501516 0.00312272
2276 0.723066 0.507847 0.0031678
2277 0.723066 0.510034 0.00320805
2278 0.723066 0.508557 0.00338866
2279 0.723066 0.504029 0.00290265
2280 0.723066 0.504422 0.0029081
2281 0.723066 0.507834 0.00290931
2282 0.723066 0.50984 0.00269571
2283 0.723066 0.50037 0.00283303
2284 0.723066 0.502567 0.00316352
2285 0.723066 0.506233 0.00282454
2286 0.723066 0.504256 0.00313136
2287 0.723066 0.513553 0.00322861
2288 0.723066 0.50195 0.00310755
2289 0.723066 0.503416 0.00319008
2290 0.723066 0.502302 0.00345944
2291 0.723066 0.503948 0.00321651
2292 0.723066 0.511845 0.00292558
2293 0.723066 0.500312 0.00279045
2294 0.723066 0.511172 0.00328463
2295 0.723066 0.50816 0.00277031
2296 0.723066 0.509048 0.00323485
2297 0.723066 0.507064 0.00302308
2298 0.723066 0.504235 0.00284806
2299 0.723066 0.506344 0.00298345
2300 0.723066 0.508996 0.00273424
2301 0.723066 0.508985 0.0030084
2302 0.723066 0.510088 0.00311115
2303 0.723066 0.510013 0.00279507
2304 0.723066 0.50918 0.00290452
2305 0.723066 0.506196 0.00308033
2306 0.723066 0.509222 0.00280144
2307 0.723066 0.506653 0.00276359
2308 0.723066 0.505539 0.00291136
2309 0.723066 0.502401 0.00296406
2310 0.723066 0.499635 0.00315755
2311 0.723066 0.506485 0.00282425
2312 0.723066 0.501789 0.00277063
2313 0.723066 0.510368 0.00270133
2314 0.723066 0.503761 0.00272653
2315 0.723066 0.506602 0.00302161
2316 0.723066 0.502292 0.00270132
2317 0.723066 0.506041 0.00288291
2318 0.723066 0.501624 0.00278542
2319 0.723066 0.505573 0.0026691
2320 0.723066 0.505649 0.0028195
2321 0.723066 0.498124 0.00321286
2322 0.723066 0.506892 0.00289098
2323 0.723066 0.506465 0.00280605
2324 0.723066 0.503292 0.00290321
2325 0.723066 0.504089 0.00303689
2326 0.723066 0.505025 0.00280729
2327 0.723066 0.505858 0.00331044
2328 0.723066 0.503973 0.00301494
2329 0.723066 0.499645 0.00332349
2330 0.723066 0.503982 0.00314475
2331 0.723066 0.504928 0.00334537
2332 0.723066 0.507214 0.00263356
2333 0.723066 0.510401 0.00304646
2334 0.723066 0.500285 0.00301677
2335 0.723066 0.506037 0.00268577
2336 0.723066 0.50387 0.00293111
2337 0.723066 0.502295 0.00310196
2338 0.723066 0.504174 0.00289409
2339 0.723066 0.505165 0.00312859
2340 0.723066 0.510823 0.00301584
2341 0.723066 0.504218 0.00284314
2342 0.723066 0.503888 0.00264243
2343 0.723066 0.507759 0.00341245
2344 0.723066 0.507764 0.00307361
2345 0.723066 0.513023 0.00291288
2346 0.723066 0.504132 0.0032834
2347 0.723066 0.51172 0.0028055
2348 0.723066 0.505873 0.00271053
2349 0.723066 0.499728 0.00333192
2350 0.723066 0.508878 0.00322415
2351 0.723066 0.505618 0.00270307
2352 0.723066 0.50747 0.00282528
2353 0.723066 0.502728 0.00258013
2354 0.723066 0.510289 0.00307592
2355 0.723066 0.503768 0.00306406
2356 0.723066 0.507611 0.00273307
2357 0.723066 0.509578 0.00282028
2358 0.723066 0.504419 0.00307949
2359 0.723066 0.498806 0.0033063
2360 0.723066 0.499818 0.00329044
2361 0.723066 0.50608 0.00291775
2362 0.723066 0.503272 0.00350482
2363 0.723066 0.504061 0.00287081
2364 0.723066 0.512166 0.00292993
2365 0.723066 0.503363 0.00314077
2366 0.723066 0.501794 0.00271186
2367 0.723066 0.504712 0.00292403
2368 0.723066 0.50424 0.00343277
2369 0.723066 0.504155 0.00321082
2370 0.723066 0.513189 0.00324244
2371 0.723066 0.509084 0.00319495
2372 0.723066 0.50841 0.00299637
2373 0.723066 0.509876 0.00262828
2374 0.723066 0.505267 0.00306276
2375 0.723066 0.504974 0.00320685
2376 0.723066 0.505546 0.00335453
2377 0.723066 0.506587 0.00322938
2378 0.723066 0.503698 0.00269018
2379 0.723066 0.507374 0.00272089
2380 0.723066 0.508169 0.00328703
2381 0.723066 0.505734 0.00311848
2382 0.723066 0.505791 0.00311523
2383 0.723066 0.503724 0.00295231
2384 0.723066 0.509252 0.00294429
2385 0.723066 0.509708 0.00311983
2386 0.723066 0.500461 0.00312686
2387 0.723066 0.507783 0.00288426
2388 0.723066 0.510809 0.00303788
2389 0.723066 0.504854 0.00285984
2390 0.723066 0.503976 0.00329901
2391 0.723066 0.50203 0.00357538
2392 0.723066 0.505446 0.00297712
2393 0.723066 0.504363 0.00291651
2394 0.723066 0.502012 0.00296426
2395 0.723066 0.503271 0.00288067
2396 0.723066 0.506031 0.00262889
2397 0.723066 0.498967 0.00304421
2398 0.723066 0.506313 0.00270224
2399 0.723066 0.504164 0.002771
2400 0.723066 0.511791 0.00250938
2401 0.723066 0.503651 0.00285915
2402 0.723066 0.509095 0.00284662
2403 0.723066 0.507902 0.00287669
2404 0.723066 0.508934 0.00287859
2405 0.723066 0.506769 0.00261899
2406 0.723066 0.509568 0.00303428
2407 0.723066 0.51317 0.00282336
2408 0.723066 0.505353 0.00278919
2409 0.723066 0.508213 0.00299706
2410 0.723066 0.508576 0.00277453
2411 0.723066 0.503997 0.00314213
2412 0.723066 0.506236 0.00301302
2413 0.723066 0.505142 0.00284961
2414 0.723066 0.515116 0.00358569
2415 0.723066 0.508652 0.00288877
2416 0.723066 0.507082 0.0027918
2417 0.723066 0.506442 0.00273794
2418 0.723066 0.503622 0.00267565
2419 0.723066 0.505725 0.00331645
2420 0.723066 0.510475 0.00268752
2421 0.723066 0.50325 0.00331725
2422 0.723066 0.511094 0.00268816
2423 0.723066 0.50876 0.0031685
2424 0.723066 0.502892 0.00319373
2425 0.723066 0.497901 0.003069
2426 0.723066 0.506647 0.00286564
2427 0.723066 0.506621 0.00317175
2428 0.723066 0.503123 0.00282431
2429 0.723066 0.507226 0.0035274
2430 0.723066 0.509524 0.00272943
2431 0.723066 0.510849 0.00287064
2432 0.723066 0.511138 0.0032406
2433 0.723066 0.507184 0.00282386
2434 0.723066 0.504938 0.00282812
2435 0.723066 0.500056 0.00341916
2436 0.723066 0.498371 0.00337299
2437 0.723066 0.505309 0.0030808
2438 0.723066 0.510977 0.00328842
2439 0.723066 0.509162 0.00257713
2440 0.723066 0.504783 0.00272637
2441 0.723066 0.507081 0.00264807
2442 0.723066 0.506559 0.00293181
2443 0.723066 0.509028 0.0025527
2444 0.723066 0.503259 0.00337177
2445 0.723066 0.503651 0.00303201
2446 0.723066 0.507149 0.00274289
2447 0.723066 0.50588 0.00287636
2448 0.723066 0.507998 0.00270726
2449 0.723066 0.507915 0.00273928
2450 0.723066 0.50825 0.00282624
2451 0.723066 0.506156 0.00297849
2452 0.723066 0.502815 0.0025219
2453 0.723066 0.502845 0.00279658
2454 0.723066 0.505992 0.00343131
2455 0.723066 0.504095 0.00314953
2456 0.723066 0.508305 0.00325964
2457 0.723066 0.506267 0.00318327
2458 0.723066 0.504437 0.00298896
2459 0.723066 0.503801 0.00290782
2460 0.723066 0.501811 0.00294136
2461 0.723066 0.510824 0.00288994
2462 0.723066 0.509577 0.00294902
2463 0.723066 0.50423 0.00296506
2464 0.723066 0.503723 0.00318979
2465 0.723066 0.503482 0.00290586
2466 0.723066 0.508289 0.00275356
2467 0.723066 0.503367 0.00321149
2468 0.723066 0.502321 0.00353107
2469 0.723066 0.507893 0.00332807
2470 0.723066 0.508398 0.00289054
2471 0.723066 0.506869 0.0031531
2472 0.723066 0.505937 0.00329157
2473 0.723066 0.504302 0.0028613
2474 0.723066 0.504832 0.00321447
2475 0.723066 0.508594 0.00288613
2476 0.723066 0.50612 0.00268734
2477 0.723066 0.507057 0.00290481
2478 0.723066 0.507573 0.00319026
2479 0.723066 0.504556 0.0028194
2480 0.723066 0.505474 0.00276036
2481 0.723066 0.510878 0.00321861
2482 0.723066 0.511241 0.00281018
2483 0.723066 0.506516 0.00291617
2484 0.723066 0.505133 0.00285015
2485 0.723066 0.509061 0.00343745
2486 0.723798 0.505781 0.0034459
2487 0.723798 0.501581 0.00297644
2488 0.723798 0.499818 0.00280295
2489 0.723798 0.508247 0.00310407
2490 0.723798 0.510939 0.00271259
2491 0.723798 0.506686 0.00292026
2492 0.723798 0.510128 0.00285438
2493 0.723798 0.504045 0.00285577
2494 0.723798 0.505474 0.00267632
2495 0.723798 0.501406 0.00344987
2496 0.723798 0.515039 0.00264141
2497 0.723798 0.506886 0.00260674
2498 0.723798 0.498008 0.00277555
2499 0.723798 0.508488 0.00263161
2500 0.723798 0.499302 0.00302614
2501 0.723798 0.501769 0.00276403
2502 0.723798 0.506285 0.00277602
2503 0.723798 0.509738 0.00302703
2504 0.723798 0.501799 0.0030473
2505 0.723798 0.504611 0.00334794
2506 0.723798 0.505905 0.0027272
2507 0.723798 0.50455 0.00292823
2508 0.723798 0.503546 0.00286368
2509 0.723798 0.504123 0.00285666
2510 0.723798 0.501624 0.00302563
2511 0.723798 0.50193 0.00310099
2512 0.723798 0.504823 0.00296902
2513 0.723798 0.505692 0.00293971
2514 0.723798 0.504617 0.00298715
2515 0.723798 0.506655 0.00321149
2516 0.723798 0.504236 0.00270827
2517 0.723798 0.502557 0.00312759
2518 0.723798 0.508743 0.00295191
2519 0.723798 0.511609 0.00286905
2520 0.723798 0.502047 0.00302285
2521 0.723798 0.500028 0.00273831
2522 0.723798 0.506743 0.00322083
2523 0.723798 0.510191 0.00299918
2524 0.723798 0.509635 0.00310189
2525 0.723798 0.507779 0.0027087
2526 0.723798 0.503871 0.0034633
2527 0.723798 0.502454 0.00354894
2528 0.723798 0.505127 0.00356044
2529 0.723798 0.505677 0.00274617
2530 0.723798 0.503084 0.0035719
2531 0.723798 0.50997 0.0030632
2532 0.723798 0.502311 0.00296218
2533 0.723798 0.504762 0.00298705
2534 0.723798 0.499029 0.0031513
2535 0.723798 0.508815 0.00306772
2536 0.723798 0.504827 0.002978
2537 0.723798 0.504329 0.00319863
2538 0.723798 0.501085 0.00265219
2539 0.723798 0.505816 0.00264161
2540 0.723798 0.504913 0.00271757
2541 0.723798 0.50714 0.00272534
2542 0.723798 0.506014 0.00282047
2543 0.723798 0.500578 0.00279522
2544 0.723798 0.506034 0.00289192
2545 0.723798 0.504309 0.0027395
2546 0.723798 0.502305 0.00335702
2547 0.723798 0.504089 0.00299738
2548 0.723798 0.507119 0.00285188
2549 0.723798 0.50565 0.00276051
2550 0.723798 0.511775 0.00364388
2551 0.723798 0.514529 0.00319083
2552 0.723798 0.505114 0.00346281
2553 0.723798 0.501507 0.00303049
2554 0.723798 0.503597 0.00295366
2555 0.723798 0.513076 0.0029378
2556 0.723798 0.50512 0.00311844
2557 0.723798 0.504561 0.00310338
2558 0.723798 0.50255 0.00312187
2559 0.723798 0.50127 0.00315445
2560 0.723798 0.507175 0.00315001
2561 0.723798 0.506676 0.00339796
2562 0.723798 0.504319 0.0030779
2563 0.723798 0.508945 0.00274401
2564 0.723798 0.509763 0.00303895
2565 0.723798 0.505905 0.00360285
2566 0.723798 0.504375 0.00318759
2567 0.723798 0.50821 0.00331046
2568 0.723798 0.50777 0.00314655
2569 0.723798 0.509848 0.00276736
2570 0.723798 0.504657 0.00306289
2571 0.723798 0.503644 0.00271636
2572 0.723798 0.506898 0.00284305
2573 0.723798 0.506197 0.00333691
2574 0.723798 0.507019 0.00357929
2575 0.723798 0.506431 0.00347121
2576 0.723798 0.50546 0.00279888
2577 0.723798 0.512626 0.00284323
2578 0.723798 0.505892 0.0029827
2579 0.723798 0.50279 0.00290247
2580 0.723798 0.507928 0.00299453
2581 0.723798 0.508014 0.00330707
2582 0.723798 0.50904 0.00294268
2583 0.723798 0.505014 0.00299289
2584 0.723798 0.508331 0.00289417
2585 0.723798 0.509391 0.00292081
2586 0.723798 0.501927 0.0030156
2587 0.723798 0.506105 0.00308983
2588 0.723798 0.50552 0.00293543
2589 0.723798 0.505593 0.00316001
2590 0.723798 0.505056 0.00295848
2591 0.723798 0.505792 0.00305998
2592 0.723798 0.500345 0.00300453
2593 0.723798 0.501171 0.00323851
2594 0.723798 0.505883 0.00326058
2595 0.723798 0.508701 0.00293031
2596 0.723798 0.501101 0.00277095
2597 0.723798 0.503426 0.00298603
2598 0.723798 0.504298 0.00317248
2599 0.723798 0.506294 0.00301458
2600 0.723798 0.50366 0.00312029
2601 0.723798 0.504011 0.00293903
2602 0.723798 0.502712 0.00312402
2603 0.723798 0.505634 0.00302902
2604 0.723798 0.499794 0.00334188
2605 0.723798 0.503504 0.00313927
2606 0.723798 0.503296 0.00280362
2607 0.723798 0.499361 0.00341442
2608 0.723798 0.507799 0.0032245
2609 0.723798 0.50526 0.00314589
2610 0.723798 0.502713 0.00334418
2611 0.723798 0.500916 0.00320409
2612 0.723798 0.504535 0.00341459
2613 0.723798 0.509343 0.00303496
2614 0.723798 0.504822 0.00327794
2615 0.723798 0.508414 0.00359939
2616 0.723798 0.505636 0.00353718
2617 0.723798 0.501464 0.00333345
2618 0.723798 0.497184 0.00323267
2619 0.723798 0.504468 0.00290778
2620 0.723798 0.507617 0.00340094
2621 0.723798 0.505199 0.00323335
2622 0.723798 0.505792 0.00301928
2623 0.723798 0.510064 0.00271901
2624 0.723798 0.502219 0.00330329
2625 0.723798 0.505973 0.00283176
2626 0.723798 0.508177 0.00317281
2627 0.723798 0.504941 0.00371461
2628 0.723798 0.503279 0.00294207
2629 0.723798 0.503629 0.00290013
2630 0.723798 0.5021 0.00301052
2631 0.723798 0.500104 0.00298822
2632 0.723798 0.506011 0.002638
2633 0.723798 0.507742 0.00275604
2634 0.723798 0.497537 0.00320121
2635 0.723798 0.504654 0.00296335
2636 0.723798 0.51272 0.00290736
2637 0.723798 0.504069 0.00272026
2638 0.723798 0.501334 0.00336057
2639 0.723798 0.503838 0.00293882
2640 0.723798 0.509736 0.00346424
2641 0.723798 0.508422 0.00327568
2642 0.723798 0.505695 0.00324679
2643 0.723798 0.509001 0.00342524
2644 0.723798 0.505447 0.00273706
2645 0.723798 0.506198 0.00286292
2646 0.723798 0.502373 0.00341203
2647 0.723798 0.5031 0.00286645
2648 0.723798 0.510429 0.00309025
2649 0.723798 0.507372 0.00302753
2650 0.723798 0.508653 0.00272771
2651 0.723798 0.503668 0.00313711
2652 0.723798 0.506311 0.00303781
2653 0.723798 0.507257 0.00311976
2654 0.723798 0.505133 0.00323206
2655 0.723798 0.506981 0.00352936
2656 0.723798 0.50345 0.00318079
2657 0.723798 0.505603 0.00320855
2658 0.723798 0.501412 0.00289726
2659 0.723798 0.505914 0.0030763
2660 0.723798 0.506022 0.0031213
2661 0.723798 0.501171 0.00303229
2662 0.723798 0.506905 0.00288253
2663 0.723798 0.511256 0.0028535
2664 0.723798 0.510291 0.00261068
2665 0.723798 0.512903 0.00313476
2666 0.723798 0.502062 0.0032565
2667 0.723798 0.506825 0.00325679
2668 0.723798 0.508114 0.00314073
2669 0.723798 0.503508 0.00305651
2670 0.723798 0.506069 0.00315574
2671 0.723798 0.507799 0.00297326
2672 0.723798 0.506473 0.00304306
2673 0.723798 0.504158 0.00307239
2674 0.723798 0.503138 0.00308509
2675 0.723798 0.505749 0.00276007
2676 0.723798 0.511923 0.00253071
2677 0.723798 0.502129 0.0032297
2678 0.723798 0.497245 0.00309389
2679 0.723798 0.502539 0.00301872
2680 0.723798 0.507598 0.00266187
2681 0.723798 0.510233 0.00360136
2682 0.723798 0.503551 0.003114
2683 0.723798 0.505434 0.00289719
2684 0.723798 0.504375 0.00285549
2685 0.723798 0.503799 0.00323055
2686 0.723798 0.50481 0.00316294
2687 0.723798 0.507821 0.00296619
2688 0.723798 0.507176 0.00288617
2689 0.723798 0.508155 0.00332455
2690 0.723798 0.502888 0.00272475
2691 0.723798 0.503536 0.00288532
2692 0.723798 0.503461 0.00293811
2693 0.723798 0.509211 0.00312419
2694 0.723798 0.504959 0.00285874
2695 0.723798 0.502346 0.00260483
2696 0.723798 0.50663 0.00272834
2697 0.723798 0.5067 0.00271069
2698 0.723798 0.506326 0.00254353
2699 0.723798 0.508652 0.00292989
2700 0.723798 0.506515 0.00303725
2701 0.723798 0.507233 0.00295419
2702 0.723798 0.511593 0.00329004
2703 0.723798 0.503435 0.00289875
2704 0.723798 0.505242 0.00309625
2705 0.723798 0.502804 0.00307836
2706 0.723798 0.502133 0.00312201
2707 0.723798 0.504324 0.00315577
2708 0.723798 0.503169 0.00311301
2709 0.723798 0.50576 0.00283743
2710 0.723798 0.506675 0.00277426
2711 0.723798 0.502198 0.00308764
2712 0.723798 0.506354 0.00293917
2713 0.723798 0.502062 0.00313222
2714 0.723798 0.503382 0.00307981
2715 0.723798 0.509514 0.00318884
2716 0.723798 0.507675 0.002779
2717 0.723798 0.511986 0.00281092
2718 0.723798 0.508709 0.00301221
2719 0.723798 0.501462 0.00292968
2720 0.723798 0.507276 0.0031073
2721 0.723798 0.505862 0.00311805
2722 0.723798 0.501336 0.00285607
2723 0.723798 0.506374 0.00311376
2724 0.723798 0.50372 0.00330724
2725 0.723798 0.508804 0.00317659
2726 0.723798 0.508697 0.00296884
2727 0.723798 0.511941 0.0033928
2728 0.723798 0.507384 0.00280281
2729 0.723798 0.508462 0.00303849
2730 0.723798 0.501307 0.00304746
2731 0.723798 0.506521 0.0027392
2732 0.723798 0.503949 0.00293264
2733 0.723798 0.505049 0.00298
2734 0.723798 0.508422 0.0029911
2735 0.723798 0.507698 0.00299652
2736 0.723798 0.497242 0.00288917
2737 0.723798 0.504263 0.00305519
2738 0.723798 0.499651 0.00324384
2739 0.723798 0.507948 0.00292259
2740 0.723798 0.504155 0.00275666
2741 0.723798 0.504499 0.00269885
2742 0.723798 0.503162 0.00313221
2743 0.723798 0.499726 0.00300399
2744 0.723798 0.497755 0.00303067
2745 0.723798 0.507277 0.00374596
2746 0.723798 0.508161 0.00286535
2747 0.723798 0.504695 0.00293205
2748 0.723798 0.508263 0.00302266
2749 0.723798 0.511039 0.0027796
2750 0.723798 0.504014 0.00293616
2751 0.723798 0.510837 0.00277468
2752 0.723798 0.505727 0.00318691
2753 0.723798 0.506517 0.0030643
2754 0.723798 0.507703 0.00293536
2755 0.723798 0.507434 0.00305043
2756 0.723798 0.501865 0.00344367
2757 0.723798 0.504111 0.00302952
2758 0.723798 0.50033 0.00327878
2759 0.723798 0.512522 0.00298897
2760 0.723798 0.501646 0.00305746
2761 0.723798 0.505375 0.00327221
2762 0.723798 0.511209 0.00339161
2763 0.723798 0.505041 0.00293933
2764 0.723798 0.506995 0.00278208
2765 0.723798 0.504231 0.00289384
2766 0.723798 0.502769 0.00332174
2767 0.723798 0.509826 0.00299216
2768 0.723798 0.506377 0.00332148
2769 0.723798 0.501132 0.00309134
2770 0.723798 0.506741 0.00318465
2771 0.723798 0.504334 0.00315323
2772 0.723798 0.506957 0.00274022
2773 0.723798 0.50363 0.00294481
2774 0.723798 0.508686 0.00302899
2775 0.723798 0.503189 0.00342569
2776 0.723798 0.504251 0.00312755
2777 0.723798 0.504701 0.00303306
2778 0.723798 0.500804 0.0032656
2779 0.723798 0.505668 0.00297824
2780 0.723798 0.504856 0.00296243
2781 0.723798 0.502905 0.00330948
2782 0.723798 0.509132 0.00291206
2783 0.723798 0.505608 0.00357651
2784 0.723798 0.509096 0.00318613
2785 0.723798 0.507927 0.003255
2786 0.723798 0.508462 0.00297392
2787 0.723798 0.505319 0.00348225
2788 0.723798 0.501653 0.00331168
2789 0.723798 0.507834 0.00295119
2790 0.723798 0.507066 0.00298997
2791 0.723798 0.500054 0.00313244
2792 0.723798 0.510655 0.00352955
2793 0.723798 0.50472 0.00293329
2794 0.723798 0.51033 0.00274238
2795 0.723798 0.5092 0.00301752
2796 0.723798 0.500074 0.00297232
2797 0.723798 0.508323 0.00317912
2798 0.723798 0.505072 0.00309781
2799 0.723798 0.503194 0.00331271
2800 0.723798 0.501652 0.00301728
2801 0.723798 0.507246 0.00277627
2802 0.723798 0.501358 0.00322298
2803 0.723798 0.505111 0.00328047
2804 0.723798 0.505709 0.00305118
2805 0.723798 0.499254 0.00354439
2806 0.723798 0.494748 0.00343329
2807 0.723798 0.508102 0.00352891
2808 0.723798 0.503443 0.00309412
2809 0.723798 0.506873 0.00298319
2810 0.723798 0.50499 0.00300603
2811 0.723798 0.50037 0.00353156
2812 0.723798 0.499825 0.00323136
2813 0.723798 0.507298 0.00267643
2814 0.723798 0.511519 0.00292144
2815 0.723798 0.50718 0.0029287
2816 0.723798 0.506209 0.00282156
2817 0.723798 0.51128 0.00275078
2818 0.723798 0.50267 0.00315061
2819 0.723798 0.506812 0.00402293
2820 0.723798 0.510846 0.00360415
2821 0.723798 0.501645 0.00330864
2822 0.723798 0.5049 0.00289888
2823 0.723798 0.506277 0.00296509
2824 0.723798 0.508811 0.00309198
2825 0.723798 0.506385 0.00328136
2826 0.723798 0.510986 0.00377468
2827 0.723798 0.506064 0.00298227
2828 0.723798 0.506893 0.00306402
2829 0.723798 0.504023 0.00314342
2830 0.723798 0.507171 0.00303559
2831 0.723798 0.50176 0.00371507
2832 0.723798 0.504641 0.00337474
2833 0.723798 0.505927 0.00312448
2834 0.723798 0.50293 0.00317324
2835 0.723798 0.508344 0.00355567
2836 0.723798 0.506538 0.00267747
2837 0.723798 0.510885 0.00314862
2838 0.723798 0.506767 0.0028451
2839 0.723798 0.506666 0.00311764
2840 0.723798 0.504499 0.00287011
2841 0.723798 0.50874 0.0032251
2842 0.723798 0.507503 0.00277259
2843 0.723798 0.507294 0.00309924
2844 0.723798 0.502759 0.00296751
2845 0.723798 0.507137 0.00284563
2846 0.723798 0.506772 0.00281138
2847 0.723798 0.507447 0.00300304
2848 0.723798 0.506187 0.00304792
2849 0.723798 0.506532 0.00344518
2850 0.723798 0.504974 0.00303837
2851 0.723798 0.501797 0.00292922
2852 0.723798 0.500042 0.003266
2853 0.723798 0.503724 0.00307267
2854 0.723798 0.511449 0.00307956
2855 0.723798 0.50799 0.00287963
2856 0.723798 0.503304 0.00283222
2857 0.723798 0.510228 0.00257256
2858 0.723798 0.508886 0.0031527
2859 0.723798 0.512567 0.0036243
2860 0.723798 0.506153 0.00286977
2861 0.723798 0.504867 0.0030375
2862 0.723798 0.508912 0.00332661
2863 0.723798 0.506489 0.00311574
2864 0.723798 0.506916 0.00266842
2865 0.723798 0.503303 0.00278941
2866 0.723798 0.503217 0.00293201
2867 0.723798 0.506414 0.00291883
2868 0.723798 0.505569 0.00332982
2869 0.723798 0.503466 0.00338229
2870 0.723798 0.497149 0.00306023
2871 0.723798 0.503271 0.00339986
2872 0.723798 0.501999 0.00358453
2873 0.723798 0.50332 0.00332446
2874 0.723798 0.504485 0.0028946
2875 0.723798 0.502851 0.00323033
2876 0.723798 0.504839 0.00279598
2877 0.723798 0.505881 0.0027848
2878 0.723798 0.507776 0.00273226
2879 0.723798 0.507683 0.0029757
2880 0.723798 0.505184 0.00300633
2881 0.723798 0.502354 0.00294744
2882 0.723798 0.501962 0.00343409
2883 0.723798 0.507061 0.00287925
2884 0.723798 0.50538 0.00318685
2885 0.723798 0.508525 0.00352666
2886 0.723798 0.507196 0.00323421
2887 0.723798 0.503118 0.00295077
2888 0.723798 0.501621 0.00338499
2889 0.723798 0.507814 0.00327118
2890 0.723798 0.503145 0.00279173
2891 0.723798 0.506792 0.00265354
2892 0.723798 0.505727 0.00289032
2893 0.723798 0.502008 0.00297938
2894 0.723798 0.513326 0.00337413
2895 0.723798 0.506065 0.00296491
2896 0.723798 0.509797 0.00305445
2897 0.723798 0.509039 0.00284083
2898 0.723798 0.50858 0.00279619
2899 0.723798 0.507982 0.00270048
2900 0.723798 0.50803 0.00276968
2901 0.723798 0.504187 0.00303626
2902 0.723798 0.49912 0.00320703
2903 0.723798 0.506341 0.00321973
2904 0.723798 0.513555 0.00333809
2905 0.723798 0.509891 0.00304638
2906 0.723798 0.507973 0.00295376
2907 0.723798 0.507595 0.00322341
2908 0.723798 0.505408 0.00296872
2909 0.723798 0.508848 0.00296418
2910 0.723798 0.5094 0.002904
2911 0.723798 0.50567 0.00303442
2912 0.723798 0.507299 0.00284864
2913 0.723798 0.504357 0.00284692
2914 0.723798 0.508181 0.00307769
2915 0.723798 0.507551 0.00313289
2916 0.723798 0.50709 0.00306677
2917 0.723798 0.502461 0.00270306
2918 0.723798 0.510716 0.00282353
2919 0.723798 0.504621 0.00281002
2920 0.723798 0.512265 0.00284776
2921 0.723798 0.508193 0.00273068
2922 0.723798 0.504034 0.002646
2923 0.723798 0.50869 0.00269074
2924 0.723798 0.507976 0.00312415
2925 0.723798 0.507951 0.0025803
2926 0.723798 0.508981 0.00284882
2927 0.723798 0.508463 0.00275121
2928 0.723798 0.509308 0.00279663
2929 0.723798 0.50367 0.00300075
2930 0.723798 0.506382 0.00273845
2931 0.723798 0.504261 0.00292544
2932 0.723798 0.510263 0.00283154
2933 0.723798 0.506218 0.00280149
2934 0.723798 0.512849 0.00260147
2935 0.723798 0.50784 0.00312489
2936 0.723798 0.501361 0.00290565
2937 0.723798 0.502893 0.00312719
2938 0.723798 0.508242 0.00358056
2939 0.723798 0.515589 0.00322463
2940 0.723798 0.512373 0.00341742
2941 0.723798 0.50954 0.00270151
2942 0.723798 0.511281 0.00407084
2943 0.723798 0.510126 0.00291354
2944 0.723798 0.509875 0.00273598
2945 0.723798 0.506026 0.00310848
2946 0.723798 0.50704 0.00271244
2947 0.723798 0.505864 0.00294853
2948 0.723798 0.507462 0.00293504
2949 0.723798 0.507956 0.00337309
2950 0.723798 0.506255 0.00274501
2951 0.723798 0.51172 0.00349022
2952 0.723798 0.501096 0.00286725
2953 0.723798 0.502161 0.00286062
2954 0.723798 0.503084 0.00305675
2955 0.723798 0.50564 0.0028837
2956 0.723798 0.510551 0.0028121
2957 0.723798 0.509788 0.00274711
2958 0.723798 0.509274 0.00312109
2959 0.723798 0.507278 0.00274299
2960 0.723798 0.506439 0.00278914
2961 0.723798 0.505157 0.00307253
2962 0.723798 0.500422 0.00281682
2963 0.723798 0.50447 0.00317745
2964 0.723798 0.505861 0.0027167
2965 0.723798 0.502286 0.00298075
2966 0.723798 0.505078 0.00304067
2967 0.723798 0.506002 0.00267692
2968 0.723798 0.507046 0.00266565
2969 0.723798 0.509748 0.00299995
2970 0.723798 0.507711 0.00301702
2971 0.723798 0.512857 0.00273222
2972 0.723798 0.512649 0.00260714
2973 0.723798 0.505308 0.00289432
2974 0.723798 0.503145 0.00305788
2975 0.723798 0.50496 0.00341053
2976 0.723798 0.504907 0.00280886
2977 0.723798 0.507113 0.00290256
2978 0.723798 0.511615 0.0027782
2979 0.723798 0.500696 0.0028263
2980 0.723798 0.503008 0.0026565
2981 0.723798 0.5016 0.00303215
2982 0.723798 0.500912 0.00318207
2983 0.723798 0.502599 0.00300277
2984 0.723798 0.503211 0.00322248
2985 0.723798 0.50642 0.00327061
2986 0.723798 0.508948 0.00285695
2987 0.723798 0.508494 0.00279234
2988 0.723798 0.508722 0.00273961
2989 0.723798 0.509749 0.00289397
2990 0.723798 0.503481 0.00315676
2991 0.723798 0.506706 0.00271253
2992 0.723798 0.502031 0.00324543
2993 0.723798 0.505762 0.00249354
2994 0.723798 0.505917 0.0025583
2995 0.723798 0.505773 0.00290367
2996 0.723798 0.509036 0.00279381
2997 0.723798 0.503705 0.00292485
2998 0.723798 0.507994 0.00326024
2999 0.723798 0.508862 0.00276465
3000 0.723798 0.507242 0.00278263
