3
2
0.117228
0.240334
1
-58.2667
2.94725
0
0.12845
0.28442
1
-64.8768
2.92499
0
-57.3313
5.95879
0
0.265251
0.242991
1.5998
1.47011
0.539657
1.05733
0.900474
1.42873
1.63276
0.171938
1.19568
0.0147203
0.972464
0.0114544
0.239773
1.2179
0.202003
0.13426
1.05395
1.65261
1.84344
0.393172
1.89478
1.08089
1.57756
0.87791
1.05213
0.17308
1.74901
0.291659
0.381233
1.5132
0.357045
1.50834
1.06563
0.065432
0.533964
1.51115
1.68784
0.582004
1.84465
0.282487
1.9974
0.347627
1.22317
0.0390527
1.87233
1.32015
1.14848
0.72465
1.66882
1.75327
1.08197
0.129182
0.957268
1.51838
0.144019
1.43536
2
1.81874
0.703204
0.21014
1.94354
0.661474
1.54582
0.176028
0.842093
1.3421
1.44156
1.0163
0.247923
0.287769
0.355507
0.952553
0.0172277
1.40932
0.692955
904.662
220
