4
1
-57.4319
3.66668
0
-50.071
2.02069
0
0.0738104
0.236929
1
-62.973
4.66623
0
-61.7905
6.30972
0
0.0637133
0.208443
0.366275
0.754557
0.879735
0.391895
1.12371
1.30107
1.12029
0.487525
1.13707
0.919236
0.755284
0.0969538
1.21759
0.99199
0.469099
0.427283
1.44215
0
0.382266
1.04793
0.368284
1.71735
1.74824
1.04354
0.514087
0.53694
1.63665
0.165704
1.47664
0.878207
0.251541
1.18657
1.84355
1.50117
1.76721
1.67775
0.772467
1.65726
2
0.331853
1.17652
0.599466
0.472539
0.374376
0.660319
0.473432
1.20085
0.566999
0.921202
0.606051
0.431493
0.847848
0.584211
0.342785
0.0843719
1.97516
1.12724
1.51014
1.69835
1.6882
0.187048
1.97275
1.53707
0.0145712
0.308976
0.262101
1.18718
0.669271
1.28141
0.812871
1.84832
0.500634
2
-0.41145
