0 0.576073 0.503191 0.000417382
1 0.591998 0.504321 0.000618943
2 0.591998 0.502537 0.000542666
3 0.591998 0.501588 0.000522943
4 0.591998 0.50218 0.000755447
5 0.591998 0.506699 0.000560824
6 0.591998 0.505963 0.000662591
7 0.591998 0.50438 0.000600289
8 0.604761 0.50477 0.000842511
9 0.604761 0.50628 0.000865236
10 0.604761 0.50558 0.000738547
11 0.604761 0.503618 0.000832652
12 0.604761 0.506683 0.000913132
13 0.604761 0.504691 0.000805125
14 0.604761 0.503861 0.00104547
15 0.604761 0.503 0.000715815
16 0.604761 0.504082 0.00108386
17 0.604761 0.502701 0.0013309
18 0.604761 0.505556 0.00103193
19 0.60884 0.502886 0.00130428
20 0.60884 0.50448 0.00158375
21 0.60884 0.500823 0.00098961
22 0.60884 0.502395 0.00125767
23 0.60884 0.501571 0.00101203
24 0.60884 0.503973 0.00108527
25 0.60884 0.505261 0.000935724
26 0.60884 0.506071 0.00104463
27 0.60884 0.500038 0.00121714
28 0.60884 0.504263 0.00106885
29 0.635507 0.505061 0.00133131
30 0.635507 0.500677 0.00129619
31 0.635507 0.50615 0.0010725
32 0.635507 0.503928 0.00120751
33 0.640823 0.505927 0.00128268
34 0.640823 0.50413 0.00160462
35 0.640823 0.505795 0.0016113
36 0.640823 0.505828 0.0009837
37 0.640823 0.507661 0.00112348
38 0.640823 0.50802 0.00142474
39 0.640823 0.50342 0.0012536
40 0.640823 0.504619 0.0013825
41 0.640823 0.501364 0.00126051
42 0.640823 0.506375 0.00122119
43 0.640823 0.508549 0.00127325
44 0.640823 0.508948 0.00139893
45 0.640823 0.501601 0.00116202
46 0.640823 0.502886 0.0016571
47 0.640823 0.509181 0.0013642
48 0.640823 0.502366 0.00128494
49 0.640823 0.505415 0.00141997
50 0.640823 0.509876 0.00145508
51 0.640823 0.505346 0.00127789
52 0.640823 0.502939 0.001317
53 0.640823 0.502254 0.00122569
54 0.640823 0.503574 0.00133913
55 0.640823 0.502702 0.00136933
56 0.640823 0.506499 0.00162916
57 0.644966 0.500522 0.00158545
58 0.644966 0.506571 0.00152809
59 0.644966 0.506914 0.00143228
60 0.644966 0.503727 0.00132681
61 0.644966 0.505611 0.00140505
62 0.644966 0.50804 0.00119948
63 0.644966 0.507335 0.00168927
64 0.644966 0.500049 0.0015181
65 0.644966 0.505802 0.00184023
66 0.644966 0.503755 0.00166303
67 0.644966 0.504468 0.00188475
68 0.644966 0.500989 0.00149989
69 0.663527 0.508129 0.00205
70 0.663527 0.507993 0.00201325
71 0.663527 0.506019 0.00197573
72 0.663527 0.504074 0.00186359
73 0.663527 0.500363 0.00193145
74 0.663527 0.500817 0.00212238
75 0.663527 0.505643 0.00178403
76 0.663527 0.504424 0.00187498
77 0.663527 0.50676 0.00233433
78 0.663527 0.50447 0.00241516
79 0.663527 0.505325 0.00224705
80 0.663527 0.505593 0.00193933
81 0.663527 0.504312 0.00203989
82 0.663527 0.508552 0.00225169
83 0.663527 0.508166 0.00224736
84 0.663527 0.503386 0.00219478
85 0.663527 0.513433 0.00199473
86 0.663527 0.50371 0.00204738
87 0.663527 0.50575 0.00161465
88 0.663527 0.506004 0.00174349
89 0.663527 0.507378 0.00170876
90 0.724567 0.517744 0.00229515
91 0.724567 0.512302 0.00223452
92 0.724567 0.511305 0.00264767
93 0.724567 0.508012 0.00267617
94 0.724567 0.507283 0.00242766
95 0.724567 0.505887 0.00281066
96 0.724567 0.504447 0.00249152
97 0.724567 0.506556 0.00266325
98 0.724567 0.507974 0.00262647
99 0.724567 0.513493 0.00277478
100 0.724567 0.50504 0.0027965
101 0.724567 0.505106 0.00304123
102 0.724567 0.512213 0.00266943
103 0.724567 0.507496 0.00261679
104 0.724567 0.500892 0.00288108
105 0.724567 0.503108 0.002822
106 0.724567 0.505462 0.00252015
107 0.724567 0.506912 0.00304335
108 0.724567 0.512581 0.00283922
109 0.724567 0.507518 0.00250053
110 0.724567 0.514183 0.00244439
111 0.724567 0.508876 0.00296831
112 0.724567 0.51581 0.00301432
113 0.724567 0.511209 0.00260923
114 0.724567 0.502803 0.00279749
115 0.724567 0.51377 0.00271324
116 0.724567 0.506127 0.00291878
117 0.724567 0.502085 0.00286333
118 0.724567 0.512141 0.00295677
119 0.724567 0.502862 0.00310717
120 0.724567 0.498969 0.00331169
121 0.724567 0.503738 0.002438
122 0.724567 0.512787 0.00286197
123 0.724567 0.513218 0.00258877
124 0.724567 0.516326 0.00257458
125 0.724567 0.505835 0.00297776
126 0.724567 0.506833 0.00265578
127 0.724567 0.510178 0.00257601
128 0.724567 0.512603 0.0028527
129 0.724567 0.509478 0.00300109
130 0.724567 0.507566 0.00288467
131 0.724567 0.504744 0.00317638
132 0.724567 0.507299 0.00335148
133 0.724567 0.507412 0.00312255
134 0.724567 0.512562 0.00394006
135 0.724567 0.513061 0.00362803
136 0.724567 0.512382 0.00332193
137 0.724567 0.512835 0.00295998
138 0.724567 0.504231 0.0029655
139 0.724567 0.512565 0.0030737
140 0.724567 0.509204 0.00376412
141 0.724567 0.50748 0.00361041
142 0.724567 0.514665 0.00335022
143 0.724567 0.500959 0.00337116
144 0.724567 0.504717 0.00318436
145 0.724567 0.512759 0.0031014
146 0.724567 0.511564 0.00352296
147 0.724567 0.504477 0.00285985
148 0.724567 0.508316 0.00334146
149 0.724567 0.504883 0.00414841
150 0.724567 0.504056 0.00332918
151 0.724567 0.51184 0.00274306
152 0.724567 0.511172 0.0031304
153 0.724567 0.504691 0.00354758
154 0.724567 0.504074 0.00275156
155 0.724567 0.514244 0.00311925
156 0.724567 0.507592 0.00314733
157 0.724567 0.506685 0.00346375
158 0.724567 0.513343 0.0028991
159 0.724567 0.513139 0.00255023
160 0.724567 0.505962 0.00302173
161 0.724567 0.508804 0.00339299
162 0.724567 0.511341 0.00430747
163 0.724567 0.512841 0.00392194
164 0.724567 0.506688 0.00258371
165 0.724567 0.50586 0.00317719
166 0.724567 0.504255 0.00425148
167 0.724567 0.506301 0.00307235
168 0.724567 0.517545 0.0033974
169 0.724567 0.513686 0.00343787
170 0.724567 0.512249 0.00339167
171 0.724567 0.507465 0.00375448
172 0.724567 0.509953 0.00304437
173 0.724567 0.51187 0.00396592
174 0.738748 0.512475 0.004437
175 0.738748 0.513415 0.00342298
176 0.738748 0.515517 0.00346004
177 0.738748 0.515675 0.00463921
178 0.738748 0.507609 0.00405284
179 0.738748 0.50168 0.00440096
180 0.738748 0.506893 0.00337519
181 0.738748 0.509492 0.0037899
182 0.738748 0.507843 0.00372823
183 0.738748 0.510001 0.00367355
184 0.738748 0.509331 0.00401392
185 0.738748 0.511102 0.0034415
186 0.738748 0.516206 0.00370526
187 0.738748 0.509768 0.00356713
188 0.738748 0.505045 0.0035087
189 0.738748 0.508741 0.00328239
190 0.738748 0.513617 0.00375932
191 0.738748 0.511649 0.00330455
192 0.738748 0.507547 0.00335652
193 0.738748 0.508591 0.00336466
194 0.738748 0.516234 0.00411177
195 0.738748 0.51875 0.00334442
196 0.738748 0.506957 0.00453237
197 0.763986 0.512561 0.0048778
198 0.763986 0.509053 0.00420111
199 0.763986 0.513443 0.00374662
200 0.763986 0.518558 0.00398011
201 0.763986 0.510267 0.00457185
202 0.763986 0.510078 0.00451069
203 0.763986 0.50618 0.00411311
204 0.763986 0.516102 0.00361163
205 0.763986 0.519672 0.00438099
206 0.763986 0.514435 0.00457734
207 0.763986 0.505489 0.00384037
208 0.763986 0.514415 0.00388914
209 0.763986 0.519806 0.0044593
210 0.763986 0.514557 0.00441713
211 0.763986 0.502396 0.00429408
212 0.763986 0.508674 0.0041056
213 0.763986 0.510384 0.00459967
214 0.763986 0.514244 0.00370106
215 0.763986 0.513517 0.00410047
216 0.763986 0.511547 0.00421341
217 0.763986 0.512187 0.00358759
218 0.763986 0.510015 0.00399608
219 0.763986 0.509158 0.00390161
220 0.763986 0.506085 0.00352449
221 0.763986 0.514824 0.00354137
222 0.763986 0.501289 0.00388138
223 0.763986 0.510994 0.00365782
224 0.763986 0.510549 0.00402464
225 0.763986 0.510454 0.00465835
226 0.763986 0.512291 0.00455891
227 0.763986 0.515044 0.0036663
228 0.763986 0.514517 0.00428028
229 0.763986 0.509376 0.00364516
230 0.763986 0.508458 0.00473114
231 0.763986 0.509609 0.00446673
232 0.763986 0.511854 0.00401561
233 0.763986 0.509415 0.00388215
234 0.763986 0.512085 0.00373124
235 0.763986 0.502019 0.00379846
236 0.763986 0.511765 0.00398979
237 0.763986 0.514515 0.00357929
238 0.763986 0.50752 0.00378971
239 0.763986 0.51108 0.0041974
240 0.763986 0.503888 0.00402548
241 0.763986 0.511104 0.00398421
242 0.763986 0.50879 0.00447363
243 0.763986 0.509834 0.00380334
244 0.763986 0.517029 0.00380384
245 0.763986 0.508953 0.00407872
246 0.763986 0.512409 0.00360974
247 0.763986 0.509367 0.00394852
248 0.763986 0.510078 0.00392689
249 0.763986 0.511246 0.00386839
250 0.763986 0.517963 0.00395102
251 0.763986 0.518214 0.00406846
252 0.763986 0.514776 0.00394642
253 0.763986 0.513693 0.00434975
254 0.763986 0.515496 0.00409728
255 0.763986 0.508496 0.0045763
256 0.763986 0.514549 0.00366127
257 0.763986 0.515828 0.00389185
258 0.763986 0.513784 0.0034351
259 0.763986 0.518712 0.00375598
260 0.763986 0.515528 0.00474041
261 0.763986 0.517324 0.00473935
262 0.763986 0.515826 0.00424259
263 0.763986 0.509254 0.00426869
264 0.763986 0.512275 0.00390072
265 0.763986 0.512978 0.00409757
266 0.763986 0.514025 0.00436073
267 0.763986 0.511348 0.00382401
268 0.763986 0.507971 0.003652
269 0.763986 0.511123 0.00364763
270 0.763986 0.506974 0.00344891
271 0.763986 0.511204 0.00414451
272 0.763986 0.511352 0.00432772
273 0.763986 0.509768 0.00399841
274 0.763986 0.511399 0.00353584
275 0.763986 0.51138 0.00388208
276 0.763986 0.508293 0.00398281
277 0.763986 0.507539 0.00389059
278 0.763986 0.51013 0.00403261
279 0.763986 0.51111 0.00406773
280 0.763986 0.510594 0.0037343
281 0.763986 0.512305 0.00400186
282 0.763986 0.506506 0.00386304
283 0.763986 0.514278 0.00367096
284 0.763986 0.517894 0.00333488
285 0.763986 0.514829 0.00426184
286 0.763986 0.510102 0.00406419
287 0.763986 0.511845 0.00364287
288 0.763986 0.509526 0.00426091
289 0.763986 0.51523 0.00355102
290 0.763986 0.513088 0.00427013
291 0.763986 0.505899 0.00374335
292 0.763986 0.514964 0.00387643
293 0.763986 0.509761 0.00418382
294 0.763986 0.517439 0.00443888
295 0.763986 0.51651 0.00432874
296 0.763986 0.512299 0.00453312
297 0.763986 0.509894 0.00407831
298 0.763986 0.508219 0.00406522
299 0.763986 0.517052 0.0033035
300 0.763986 0.507959 0.00402577
301 0.763986 0.513356 0.00401902
302 0.763986 0.514573 0.00421613
303 0.763986 0.514119 0.00426026
304 0.763986 0.511739 0.00411432
305 0.763986 0.504831 0.00476059
306 0.763986 0.516349 0.00431473
307 0.763986 0.515504 0.00336407
308 0.763986 0.509575 0.00377154
309 0.763986 0.504562 0.00423086
310 0.763986 0.512049 0.00409706
311 0.763986 0.507913 0.00521106
312 0.763986 0.503826 0.00403801
313 0.763986 0.504718 0.00445883
314 0.763986 0.512678 0.00403395
315 0.763986 0.510425 0.00396079
316 0.763986 0.517515 0.00463644
317 0.763986 0.514295 0.00412179
318 0.763986 0.50487 0.00482891
319 0.763986 0.507298 0.0041775
320 0.763986 0.508744 0.00390343
321 0.763986 0.505641 0.00379723
322 0.763986 0.512308 0.00450033
323 0.763986 0.508943 0.00421309
324 0.763986 0.507683 0.00406074
325 0.763986 0.504989 0.00359795
326 0.763986 0.503775 0.00417629
327 0.763986 0.509612 0.00475853
328 0.763986 0.508987 0.00453165
329 0.763986 0.510193 0.0040761
330 0.763986 0.512519 0.00417798
331 0.763986 0.501899 0.00430383
332 0.763986 0.503871 0.00409259
333 0.763986 0.514607 0.0045878
334 0.763986 0.516758 0.00432132
335 0.763986 0.517794 0.0039938
336 0.763986 0.51577 0.00391093
337 0.763986 0.515665 0.00375269
338 0.763986 0.505372 0.00431583
339 0.763986 0.512222 0.0043371
340 0.763986 0.510546 0.00410152
341 0.763986 0.510041 0.00422956
342 0.763986 0.512128 0.00405994
343 0.763986 0.517299 0.00350993
344 0.763986 0.513993 0.00412264
345 0.763986 0.509046 0.00411708
346 0.763986 0.510918 0.00382597
347 0.763986 0.508302 0.00413497
348 0.763986 0.511428 0.00478077
349 0.763986 0.505951 0.00427264
350 0.763986 0.503151 0.0046333
351 0.763986 0.511728 0.00485124
352 0.763986 0.509398 0.00377533
353 0.763986 0.51724 0.00434304
354 0.763986 0.507836 0.00412014
355 0.763986 0.508562 0.00418937
356 0.763986 0.513949 0.00440638
357 0.763986 0.517039 0.00357744
358 0.763986 0.505173 0.00403221
359 0.763986 0.508588 0.00486882
360 0.763986 0.514281 0.00417022
361 0.763986 0.505068 0.00393981
362 0.763986 0.512455 0.00519592
363 0.763986 0.511032 0.00404873
364 0.763986 0.518216 0.00426837
365 0.763986 0.514945 0.00361818
366 0.763986 0.515939 0.00392024
367 0.763986 0.515213 0.0040089
368 0.763986 0.505065 0.00430039
369 0.763986 0.514958 0.00416606
370 0.763986 0.514457 0.00438183
371 0.763986 0.518566 0.00449268
372 0.763986 0.514114 0.0042237
373 0.763986 0.507894 0.00448285
374 0.763986 0.508702 0.00406602
375 0.763986 0.507028 0.00438667
376 0.763986 0.506201 0.0046263
377 0.763986 0.505403 0.00445097
378 0.763986 0.510683 0.00482817
379 0.763986 0.517704 0.00385844
380 0.763986 0.510301 0.00445132
381 0.763986 0.516735 0.00446754
382 0.763986 0.50907 0.00436919
383 0.763986 0.523181 0.0044637
384 0.763986 0.512145 0.0047458
385 0.763986 0.51195 0.00501893
386 0.763986 0.508586 0.00487444
387 0.763986 0.512866 0.00374018
388 0.763986 0.5104 0.00555646
389 0.763986 0.512265 0.00467574
390 0.763986 0.51005 0.00440292
391 0.763986 0.512289 0.00467851
392 0.763986 0.497794 0.00518565
393 0.763986 0.509052 0.00426923
394 0.763986 0.516853 0.00433835
395 0.763986 0.511726 0.00488062
396 0.763986 0.511109 0.00427049
397 0.763986 0.513988 0.00423769
398 0.763986 0.504425 0.00432649
399 0.763986 0.516229 0.00402373
400 0.763986 0.506614 0.00556257
401 0.763986 0.514748 0.0041889
402 0.763986 0.517146 0.00412094
403 0.763986 0.508926 0.00504817
404 0.763986 0.51094 0.00483158
405 0.763986 0.504524 0.00510061
406 0.763986 0.511143 0.00415485
407 0.763986 0.517013 0.00352101
408 0.763986 0.520398 0.00421691
409 0.763986 0.507518 0.00518168
410 0.763986 0.513289 0.00401929
411 0.763986 0.516747 0.00429684
412 0.763986 0.510032 0.00477629
413 0.763986 0.509708 0.00395785
414 0.763986 0.510412 0.00414086
415 0.763986 0.513712 0.00409889
416 0.763986 0.516262 0.00436606
417 0.763986 0.520944 0.00335145
418 0.763986 0.511741 0.00396162
419 0.763986 0.509939 0.00345093
420 0.763986 0.510518 0.00440039
421 0.763986 0.515935 0.00479499
422 0.763986 0.511051 0.00409346
423 0.763986 0.515663 0.00385558
424 0.763986 0.512709 0.00431024
425 0.763986 0.515091 0.00412514
426 0.763986 0.514636 0.00433095
427 0.763986 0.509516 0.00443575
428 0.763986 0.506681 0.0043542
429 0.763986 0.511047 0.00473969
430 0.763986 0.523192 0.0041451
431 0.763986 0.513924 0.00429742
432 0.763986 0.510957 0.00433027
433 0.763986 0.51326 0.0041005
434 0.763986 0.516238 0.00452856
435 0.763986 0.510725 0.00420472
436 0.763986 0.506071 0.00414291
437 0.763986 0.515428 0.0038624
438 0.763986 0.513919 0.00417065
439 0.763986 0.511827 0.00429653
440 0.763986 0.505728 0.00462204
441 0.763986 0.507633 0.00431522
442 0.763986 0.512109 0.00392579
443 0.763986 0.513112 0.00391988
444 0.763986 0.513084 0.00447026
445 0.763986 0.517531 0.0041332
446 0.763986 0.51644 0.00407223
447 0.763986 0.507174 0.00471736
448 0.763986 0.520613 0.00428421
449 0.763986 0.51121 0.00521388
450 0.763986 0.515874 0.0042758
451 0.763986 0.50609 0.00495678
452 0.763986 0.509871 0.00414689
453 0.763986 0.512107 0.00406175
454 0.763986 0.512021 0.0042861
455 0.763986 0.504635 0.00438423
456 0.763986 0.513228 0.00440294
457 0.763986 0.506421 0.00535534
458 0.763986 0.510677 0.00444617
459 0.763986 0.515112 0.00407493
460 0.763986 0.516883 0.0040649
461 0.763986 0.518861 0.00382292
462 0.763986 0.519704 0.00407821
463 0.763986 0.513001 0.00450005
464 0.763986 0.514657 0.00486248
465 0.763986 0.516421 0.00445005
466 0.763986 0.517009 0.00410744
467 0.763986 0.511178 0.00476939
468 0.763986 0.521175 0.00439241
469 0.763986 0.50656 0.00487429
470 0.763986 0.510268 0.00502193
471 0.763986 0.505026 0.00447586
472 0.763986 0.507444 0.00515262
473 0.763986 0.51685 0.00443109
474 0.763986 0.507402 0.0045523
475 0.763986 0.514364 0.00427655
476 0.763986 0.505692 0.0052306
477 0.763986 0.505197 0.00444616
478 0.763986 0.512992 0.00393705
479 0.763986 0.515854 0.00422706
480 0.763986 0.511006 0.00447702
481 0.763986 0.513238 0.00370036
482 0.763986 0.515837 0.0045439
483 0.763986 0.510622 0.00469997
484 0.763986 0.513381 0.00536861
485 0.763986 0.511187 0.00412364
486 0.763986 0.505807 0.00449161
487 0.763986 0.510206 0.00507665
488 0.763986 0.515357 0.00453081
489 0.763986 0.523079 0.00446831
490 0.763986 0.51242 0.0045966
491 0.763986 0.514981 0.00500496
492 0.763986 0.510428 0.0049396
493 0.763986 0.504976 0.00458469
494 0.763986 0.516325 0.00437322
495 0.763986 0.514762 0.00464409
496 0.763986 0.507667 0.00431354
497 0.763986 0.504393 0.00493457
498 0.763986 0.516558 0.00493766
499 0.763986 0.511912 0.00373227
500 0.763986 0.513813 0.00410957
501 0.763986 0.508256 0.0043942
502 0.763986 0.51834 0.00437759
503 0.763986 0.508419 0.00412611
504 0.763986 0.503804 0.00458616
505 0.763986 0.507576 0.00460087
506 0.763986 0.5158 0.00434809
507 0.763986 0.513444 0.00423404
508 0.763986 0.516692 0.00421811
509 0.763986 0.513584 0.00472908
510 0.763986 0.514019 0.00494795
511 0.763986 0.520872 0.00561511
512 0.763986 0.521833 0.00488726
513 0.763986 0.513178 0.00458666
514 0.763986 0.514621 0.00501673
515 0.763986 0.513194 0.00464103
516 0.763986 0.512718 0.00497002
517 0.763986 0.521353 0.00386639
518 0.763986 0.518116 0.0044418
519 0.763986 0.507918 0.00474499
520 0.763986 0.502532 0.00501189
521 0.763986 0.511182 0.00436231
522 0.763986 0.514043 0.00461088
523 0.763986 0.52164 0.0046825
524 0.763986 0.514017 0.00492515
525 0.763986 0.516456 0.00471602
526 0.763986 0.512968 0.00460397
527 0.763986 0.513649 0.00477879
528 0.763986 0.506467 0.0048334
529 0.763986 0.5182 0.0047574
530 0.763986 0.517184 0.00526293
531 0.763986 0.515684 0.00505977
532 0.763986 0.51276 0.00519988
533 0.763986 0.513922 0.00476584
534 0.763986 0.508327 0.00487479
535 0.763986 0.520153 0.00442858
536 0.763986 0.508061 0.00451051
537 0.763986 0.511919 0.00482851
538 0.763986 0.515255 0.00474947
539 0.763986 0.515141 0.00408216
540 0.763986 0.509212 0.00457501
541 0.763986 0.512669 0.00468249
542 0.763986 0.512373 0.00443965
543 0.763986 0.515148 0.00450652
544 0.763986 0.502507 0.00565106
545 0.763986 0.518483 0.00532504
546 0.763986 0.511233 0.00485703
547 0.763986 0.508167 0.00427076
548 0.763986 0.514395 0.00405893
549 0.763986 0.511053 0.00508987
550 0.763986 0.505282 0.00502618
551 0.763986 0.502266 0.00448434
552 0.763986 0.510672 0.00499392
553 0.763986 0.507568 0.00408769
554 0.763986 0.523295 0.00447177
555 0.763986 0.515476 0.00412439
556 0.763986 0.512307 0.00425875
557 0.763986 0.523472 0.00446579
558 0.763986 0.514381 0.00497989
559 0.763986 0.511029 0.00519819
560 0.763986 0.503095 0.00447027
561 0.763986 0.507998 0.00469573
562 0.763986 0.511809 0.00470235
563 0.763986 0.511002 0.00476618
564 0.763986 0.515345 0.00450261
565 0.763986 0.510183 0.00419185
566 0.763986 0.51052 0.00475269
567 0.763986 0.510256 0.00487796
568 0.763986 0.520966 0.00500833
569 0.763986 0.512502 0.00490094
570 0.763986 0.507358 0.00507011
571 0.763986 0.503491 0.00475385
572 0.763986 0.515324 0.00427582
573 0.763986 0.514438 0.00421273
574 0.763986 0.515464 0.00449877
575 0.763986 0.522117 0.00494005
576 0.763986 0.515532 0.00474491
577 0.763986 0.509449 0.0042544
578 0.763986 0.51175 0.00444936
579 0.763986 0.518992 0.0049996
580 0.763986 0.513046 0.00408317
581 0.763986 0.513819 0.00440617
582 0.763986 0.507681 0.00371885
583 0.763986 0.513591 0.00397947
584 0.763986 0.504783 0.00460367
585 0.763986 0.508037 0.00411857
586 0.763986 0.509177 0.0050592
587 0.763986 0.50535 0.00536939
588 0.763986 0.513094 0.00429104
589 0.763986 0.507668 0.00414303
590 0.763986 0.515613 0.00460498
591 0.763986 0.501825 0.00520229
592 0.763986 0.516219 0.00414853
593 0.763986 0.510781 0.00449175
594 0.763986 0.50993 0.00522672
595 0.763986 0.511368 0.004203
596 0.763986 0.515476 0.00499446
597 0.763986 0.51053 0.00464204
598 0.763986 0.517636 0.00439066
599 0.763986 0.504618 0.0051965
600 0.763986 0.508674 0.00418022
601 0.763986 0.514948 0.00473661
602 0.763986 0.523838 0.0046242
603 0.763986 0.512917 0.00528854
604 0.763986 0.514038 0.0042106
605 0.769325 0.514873 0.00574554
606 0.769325 0.51867 0.0054006
607 0.769325 0.507628 0.00489105
608 0.769325 0.512502 0.00497826
609 0.769325 0.515768 0.00428299
610 0.769325 0.513471 0.00510309
611 0.769325 0.508233 0.00520964
612 0.769325 0.508146 0.00503513
613 0.769325 0.513163 0.00473634
614 0.769325 0.5176 0.00497306
615 0.769325 0.512453 0.00428558
616 0.769325 0.5157 0.0045501
617 0.769325 0.511096 0.00547219
618 0.769325 0.512094 0.00568285
619 0.769325 0.514838 0.00544285
620 0.769325 0.516342 0.00421933
621 0.769325 0.507212 0.00486723
622 0.769325 0.506466 0.00550698
623 0.769325 0.513228 0.00447047
624 0.769325 0.508296 0.00519064
625 0.769325 0.508673 0.00544287
626 0.769325 0.515583 0.00464431
627 0.769325 0.517931 0.00436781
628 0.769325 0.522801 0.00442586
629 0.769325 0.512895 0.00560298
630 0.769325 0.517711 0.00460073
631 0.769325 0.512665 0.00488348
632 0.769325 0.518221 0.00465089
633 0.769325 0.514267 0.00437153
634 0.769325 0.524149 0.00486908
635 0.769325 0.514758 0.00414504
636 0.769325 0.512222 0.0045307
637 0.769325 0.515026 0.00411109
638 0.769325 0.511007 0.00391752
639 0.769325 0.512662 0.00568816
640 0.769325 0.509228 0.00457167
641 0.769325 0.516281 0.00455237
642 0.769325 0.517045 0.00438536
643 0.769325 0.520087 0.00422554
644 0.769325 0.506406 0.00507543
645 0.769325 0.522519 0.00543966
646 0.769325 0.521009 0.00438703
647 0.769325 0.517776 0.00423602
648 0.769325 0.513146 0.00506621
649 0.769325 0.511262 0.00545493
650 0.769325 0.519097 0.00424482
651 0.769325 0.522549 0.00523906
652 0.769325 0.518014 0.00419503
653 0.769325 0.518712 0.00539146
654 0.769325 0.521701 0.00423255
655 0.769325 0.515934 0.00550529
656 0.769325 0.509753 0.00549464
657 0.769325 0.513504 0.00462379
658 0.769325 0.515065 0.00425129
659 0.769325 0.520559 0.00446776
660 0.769325 0.506794 0.00497705
661 0.769325 0.51493 0.00543609
662 0.769325 0.510387 0.0045569
663 0.769325 0.513938 0.00531212
664 0.769325 0.508322 0.00554176
665 0.769325 0.512365 0.00425615
666 0.769325 0.511462 0.00529034
667 0.769325 0.500299 0.00488023
668 0.769325 0.50925 0.00488945
669 0.769325 0.510347 0.00497583
670 0.769325 0.505333 0.00503718
671 0.769325 0.515864 0.00451448
672 0.769325 0.515139 0.00501044
673 0.769325 0.519694 0.00540909
674 0.769325 0.513803 0.00412548
675 0.771985 0.523039 0.00522009
676 0.771985 0.513427 0.00474147
677 0.771985 0.52359 0.00422034
678 0.771985 0.505651 0.00571876
679 0.771985 0.511679 0.00488752
680 0.771985 0.512731 0.00524716
681 0.771985 0.523497 0.00489257
682 0.771985 0.508558 0.00491652
683 0.771985 0.518443 0.00445158
684 0.771985 0.510084 0.00488902
685 0.771985 0.507063 0.00497655
686 0.771985 0.514587 0.00444154
687 0.771985 0.509822 0.00450944
688 0.771985 0.520898 0.00510015
689 0.771985 0.514027 0.0054304
690 0.771985 0.521267 0.00531069
691 0.771985 0.512922 0.0040084
692 0.771985 0.510768 0.00499575
693 0.771985 0.515847 0.00477251
694 0.771985 0.507651 0.00448672
695 0.771985 0.51627 0.00466785
696 0.771985 0.511386 0.00463186
697 0.771985 0.514293 0.00463562
698 0.771985 0.508942 0.00516386
699 0.771985 0.508784 0.00521215
700 0.771985 0.519578 0.00485843
701 0.771985 0.517338 0.00521881
702 0.771985 0.507321 0.00500809
703 0.771985 0.518473 0.00404372
704 0.771985 0.521849 0.00425137
705 0.771985 0.513465 0.00514488
706 0.771985 0.507595 0.00562985
707 0.771985 0.5163 0.00440635
708 0.771985 0.506763 0.0050317
709 0.771985 0.506853 0.00471336
710 0.771985 0.51804 0.00457049
711 0.771985 0.507002 0.00506563
712 0.771985 0.517971 0.00461407
713 0.771985 0.508588 0.0045156
714 0.771985 0.510727 0.00461071
715 0.771985 0.51098 0.00462062
716 0.771985 0.514111 0.00465281
717 0.771985 0.518952 0.00458454
718 0.771985 0.518081 0.00437762
719 0.771985 0.523152 0.0051542
720 0.771985 0.519777 0.00486385
721 0.771985 0.515781 0.00515257
722 0.771985 0.508459 0.00522603
723 0.771985 0.52172 0.0045727
724 0.771985 0.513255 0.00492183
725 0.771985 0.514787 0.00500703
726 0.771985 0.512925 0.00439974
727 0.771985 0.511252 0.00471565
728 0.771985 0.507322 0.0048605
729 0.771985 0.514229 0.00413611
730 0.771985 0.516477 0.00427284
731 0.771985 0.515091 0.0047602
732 0.771985 0.511551 0.00494788
733 0.771985 0.51221 0.00561283
734 0.771985 0.52165 0.00485286
735 0.771985 0.515362 0.00431159
736 0.771985 0.521397 0.00477566
737 0.771985 0.514444 0.0052334
738 0.771985 0.515624 0.00509525
739 0.771985 0.521124 0.00513376
740 0.771985 0.503799 0.00533243
741 0.771985 0.503178 0.00449492
742 0.771985 0.512943 0.00435377
743 0.771985 0.513769 0.00503477
744 0.771985 0.51631 0.00500301
745 0.771985 0.510961 0.00544543
746 0.771985 0.516936 0.00499271
747 0.771985 0.515041 0.00556686
748 0.771985 0.506448 0.00514241
749 0.771985 0.507929 0.00536172
750 0.771985 0.519317 0.00513352
751 0.771985 0.514248 0.00514395
752 0.771985 0.514589 0.00449385
753 0.771985 0.52211 0.0043274
754 0.771985 0.515142 0.00540151
755 0.771985 0.520555 0.0048718
756 0.771985 0.511258 0.00549217
757 0.771985 0.514639 0.00486535
758 0.771985 0.508423 0.00524666
759 0.771985 0.513404 0.00561193
760 0.771985 0.518869 0.00446792
761 0.771985 0.507114 0.00475767
762 0.771985 0.511995 0.00479004
763 0.771985 0.51876 0.00489073
764 0.771985 0.515549 0.00508114
765 0.771985 0.51567 0.00526236
766 0.771985 0.514351 0.0043167
767 0.771985 0.513646 0.00439759
768 0.771985 0.513493 0.00425065
769 0.771985 0.513657 0.00438926
770 0.771985 0.509555 0.00493126
771 0.771985 0.509549 0.00496191
772 0.771985 0.518885 0.00506381
773 0.771985 0.511367 0.00453129
774 0.771985 0.507892 0.00478058
775 0.771985 0.502344 0.00469151
776 0.771985 0.513218 0.00569605
777 0.771985 0.510604 0.00499091
778 0.771985 0.510356 0.00441523
779 0.771985 0.514531 0.00450878
780 0.771985 0.512451 0.00463733
781 0.771985 0.509917 0.0045943
782 0.771985 0.50887 0.0044956
783 0.771985 0.510855 0.00422265
784 0.771985 0.506056 0.00458979
785 0.771985 0.510888 0.00493767
786 0.771985 0.513199 0.00608372
787 0.771985 0.506511 0.00473257
788 0.771985 0.516555 0.0053684
789 0.771985 0.511525 0.00478331
790 0.771985 0.51313 0.00433932
791 0.771985 0.511019 0.00578886
792 0.771985 0.514257 0.00524781
793 0.771985 0.51992 0.00515566
794 0.771985 0.517062 0.00480155
795 0.771985 0.510505 0.00523198
796 0.771985 0.513965 0.00525203
797 0.771985 0.509753 0.00522357
798 0.771985 0.513054 0.00480343
799 0.771985 0.513998 0.00466479
800 0.771985 0.515388 0.00525578
801 0.771985 0.519817 0.00487755
802 0.771985 0.505313 0.00454188
803 0.771985 0.511925 0.00474749
804 0.771985 0.51064 0.00435536
805 0.771985 0.51329 0.00415465
806 0.771985 0.511409 0.00531337
807 0.771985 0.516224 0.0047546
808 0.771985 0.514337 0.0046685
809 0.771985 0.509197 0.00486113
810 0.771985 0.509861 0.0044071
811 0.771985 0.513623 0.00463936
812 0.771985 0.519813 0.00527862
813 0.771985 0.522454 0.00493548
814 0.771985 0.505898 0.00562787
815 0.771985 0.514162 0.00476824
816 0.771985 0.514288 0.00472362
817 0.771985 0.509594 0.00508591
818 0.771985 0.505253 0.00535158
819 0.771985 0.515377 0.00456693
820 0.771985 0.516399 0.00452734
821 0.771985 0.514109 0.00470161
822 0.771985 0.523195 0.0039886
823 0.771985 0.502904 0.00454451
824 0.771985 0.507511 0.00496866
825 0.771985 0.512719 0.0053018
826 0.771985 0.519806 0.00482516
827 0.771985 0.510199 0.00483173
828 0.771985 0.511266 0.00495425
829 0.771985 0.509085 0.00490727
830 0.771985 0.514045 0.0044788
831 0.771985 0.511594 0.00435532
832 0.771985 0.509058 0.0053396
833 0.771985 0.50335 0.0046978
834 0.771985 0.511603 0.00538795
835 0.771985 0.506783 0.00526965
836 0.771985 0.515004 0.00485567
837 0.771985 0.51612 0.00490574
838 0.771985 0.510818 0.0046217
839 0.771985 0.515839 0.00517571
840 0.771985 0.514952 0.00429579
841 0.771985 0.513195 0.00519456
842 0.771985 0.516931 0.00452824
843 0.771985 0.512966 0.00457682
844 0.771985 0.511439 0.00489768
845 0.771985 0.506587 0.00482716
846 0.771985 0.509563 0.00428774
847 0.771985 0.512788 0.00411944
848 0.771985 0.510602 0.00483324
849 0.771985 0.511838 0.00440584
850 0.771985 0.512455 0.00559277
851 0.771985 0.510889 0.00506259
852 0.771985 0.516991 0.00462946
853 0.771985 0.516306 0.00431007
854 0.771985 0.516115 0.00510215
855 0.771985 0.511293 0.00478363
856 0.771985 0.515384 0.00464421
857 0.771985 0.517944 0.00549023
858 0.771985 0.512742 0.00424741
859 0.771985 0.51208 0.00482113
860 0.771985 0.514179 0.00467531
861 0.771985 0.514414 0.00474951
862 0.771985 0.512169 0.00521724
863 0.771985 0.516662 0.00517429
864 0.771985 0.512288 0.0051091
865 0.771985 0.503185 0.00510916
866 0.771985 0.511382 0.00468862
867 0.771985 0.515489 0.00503407
868 0.771985 0.514835 0.00438495
869 0.771985 0.516771 0.00535195
870 0.771985 0.517137 0.00526184
871 0.771985 0.51612 0.00561399
872 0.771985 0.514188 0.00573218
873 0.771985 0.510942 0.00517058
874 0.771985 0.515 0.00572616
875 0.771985 0.509356 0.0049673
876 0.771985 0.506474 0.00637624
877 0.771985 0.510108 0.00488358
878 0.771985 0.514003 0.00442018
879 0.771985 0.511776 0.00512235
880 0.771985 0.516008 0.00421966
881 0.771985 0.509598 0.00469603
882 0.771985 0.516944 0.00549114
883 0.771985 0.511162 0.0042461
884 0.771985 0.506368 0.00535221
885 0.771985 0.512662 0.00446515
886 0.771985 0.515723 0.00452128
887 0.771985 0.514358 0.00464908
888 0.771985 0.511434 0.00509422
889 0.771985 0.510185 0.0046646
890 0.771985 0.51761 0.00483631
891 0.771985 0.5113 0.00523868
892 0.771985 0.519793 0.00425338
893 0.771985 0.510436 0.00523076
894 0.771985 0.510654 0.00555163
895 0.771985 0.511335 0.00474662
896 0.771985 0.51387 0.00496304
897 0.771985 0.513099 0.00451605
898 0.771985 0.517966 0.00475432
899 0.771985 0.510454 0.00511227
900 0.771985 0.508615 0.00515371
901 0.771985 0.517257 0.00541881
902 0.771985 0.513625 0.00579033
903 0.771985 0.518992 0.00496973
904 0.771985 0.512722 0.00491137
905 0.771985 0.519128 0.00481099
906 0.771985 0.519635 0.00436562
907 0.771985 0.514575 0.00429208
908 0.771985 0.512959 0.00471197
909 0.771985 0.512052 0.00446939
910 0.771985 0.513206 0.00520181
911 0.771985 0.513621 0.00567499
912 0.771985 0.512851 0.00475063
913 0.771985 0.516748 0.00529606
914 0.771985 0.509042 0.0047537
915 0.771985 0.514188 0.00467526
916 0.771985 0.516328 0.00497194
917 0.771985 0.518339 0.0047389
918 0.771985 0.519218 0.00467826
919 0.771985 0.520185 0.00493911
920 0.771985 0.513622 0.00508193
921 0.771985 0.509029 0.0047035
922 0.771985 0.510764 0.00472261
923 0.771985 0.517785 0.00544228
924 0.771985 0.508871 0.00523957
925 0.771985 0.509488 0.00469048
926 0.771985 0.515178 0.00488435
927 0.771985 0.505811 0.00533439
928 0.771985 0.510702 0.00475134
929 0.771985 0.508785 0.00478164
930 0.771985 0.51043 0.00499168
931 0.771985 0.511831 0.00509638
932 0.771985 0.50836 0.00598895
933 0.771985 0.511404 0.00524334
934 0.771985 0.519992 0.00441924
935 0.771985 0.517133 0.00585114
936 0.771985 0.501422 0.00551766
937 0.771985 0.513207 0.0055524
938 0.771985 0.511772 0.00441418
939 0.771985 0.522918 0.00494266
940 0.771985 0.516978 0.00544751
941 0.771985 0.521512 0.00444851
942 0.771985 0.508563 0.00541343
943 0.771985 0.513498 0.00406584
944 0.771985 0.506689 0.00466731
945 0.771985 0.514761 0.00448485
946 0.771985 0.513513 0.00495674
947 0.771985 0.510734 0.00476098
948 0.771985 0.508507 0.00503063
949 0.771985 0.516995 0.00501037
950 0.771985 0.510448 0.00490974
951 0.771985 0.513183 0.00564513
952 0.771985 0.512626 0.00526446
953 0.771985 0.512847 0.00474589
954 0.771985 0.510345 0.00492872
955 0.771985 0.512118 0.00555258
956 0.771985 0.510991 0.00433635
957 0.771985 0.512347 0.00485207
958 0.771985 0.515314 0.00441056
959 0.771985 0.512924 0.00508397
960 0.771985 0.517448 0.00482992
961 0.771985 0.505861 0.00631887
962 0.771985 0.507824 0.00521647
963 0.771985 0.510582 0.00518841
964 0.771985 0.516606 0.00564777
965 0.771985 0.505352 0.00517556
966 0.771985 0.511166 0.00521936
967 0.771985 0.511439 0.0051192
968 0.771985 0.511619 0.00490345
969 0.771985 0.508411 0.00555777
970 0.771985 0.508184 0.00561498
971 0.771985 0.514311 0.00547721
972 0.771985 0.518229 0.00504539
973 0.771985 0.516798 0.00591336
974 0.771985 0.520851 0.00500688
975 0.771985 0.519031 0.00467149
976 0.771985 0.514012 0.00478065
977 0.771985 0.515864 0.00489971
978 0.771985 0.52253 0.00460122
979 0.771985 0.514507 0.00468556
980 0.771985 0.515991 0.00496738
981 0.771985 0.500102 0.00541293
982 0.771985 0.511915 0.00497599
983 0.771985 0.514015 0.00580412
984 0.771985 0.513442 0.00504431
985 0.771985 0.512615 0.0052909
986 0.771985 0.509292 0.00531143
987 0.771985 0.521661 0.005603
988 0.771985 0.518909 0.0047693
989 0.771985 0.513326 0.00488694
990 0.771985 0.515171 0.00504713
991 0.771985 0.51844 0.00461486
992 0.771985 0.512671 0.00495667
993 0.771985 0.529124 0.0043262
994 0.771985 0.516746 0.00495104
995 0.771985 0.515194 0.00501599
996 0.771985 0.517581 0.00507309
997 0.771985 0.515972 0.00472538
998 0.771985 0.509452 0.00519101
999 0.771985 0.511762 0.00556418
1000 0.771985 0.51715 0.00534315
1001 0.771985 0.510393 0.00483631
1002 0.771985 0.518542 0.00460518
1003 0.771985 0.508617 0.00474784
1004 0.771985 0.515456 0.00497055
1005 0.771985 0.516609 0.00494582
1006 0.771985 0.523852 0.00477915
1007 0.771985 0.512617 0.00460438
1008 0.771985 0.510166 0.00476409
1009 0.771985 0.51266 0.00461635
1010 0.771985 0.512617 0.00492545
1011 0.771985 0.514203 0.00437517
1012 0.771985 0.50915 0.00506527
1013 0.771985 0.506204 0.00449019
1014 0.771985 0.509877 0.00503642
1015 0.771985 0.512644 0.00471113
1016 0.771985 0.515483 0.00457797
1017 0.771985 0.514601 0.00449979
1018 0.771985 0.512528 0.00520094
1019 0.771985 0.509794 0.00503976
1020 0.771985 0.504218 0.00630471
1021 0.771985 0.519839 0.00479617
1022 0.771985 0.514322 0.0054363
1023 0.771985 0.516715 0.00486531
1024 0.771985 0.513277 0.00512977
1025 0.771985 0.515019 0.00469996
1026 0.771985 0.514868 0.00499488
1027 0.771985 0.514693 0.00523617
1028 0.771985 0.505935 0.0048022
1029 0.771985 0.50619 0.005353
1030 0.771985 0.520168 0.00471043
1031 0.771985 0.515232 0.0045938
1032 0.771985 0.514377 0.00534187
1033 0.771985 0.513237 0.00507918
1034 0.771985 0.511859 0.00507992
1035 0.771985 0.51666 0.00541372
1036 0.771985 0.511694 0.00588587
1037 0.771985 0.504921 0.00601299
1038 0.771985 0.515264 0.00485018
1039 0.771985 0.51621 0.00472607
1040 0.771985 0.517037 0.00479857
1041 0.771985 0.513467 0.0052318
1042 0.771985 0.51374 0.00483447
1043 0.771985 0.512694 0.00495224
1044 0.771985 0.515907 0.00562985
1045 0.771985 0.511256 0.00524913
1046 0.771985 0.511456 0.00485781
1047 0.771985 0.512602 0.00517628
1048 0.771985 0.506229 0.00531714
1049 0.771985 0.519464 0.00598037
1050 0.771985 0.514491 0.0053914
1051 0.771985 0.51578 0.00530587
1052 0.771985 0.519784 0.00514029
1053 0.771985 0.517385 0.00465312
1054 0.771985 0.514158 0.00515621
1055 0.771985 0.526954 0.00556049
1056 0.771985 0.520941 0.00470361
1057 0.771985 0.51779 0.00519719
1058 0.771985 0.511614 0.00530905
1059 0.771985 0.51393 0.00518124
1060 0.771985 0.51589 0.00543366
1061 0.771985 0.514904 0.00470933
1062 0.771985 0.510446 0.0061281
1063 0.771985 0.509261 0.00562919
1064 0.771985 0.514361 0.00587882
1065 0.771985 0.511626 0.00570248
1066 0.771985 0.520401 0.00484769
1067 0.771985 0.51242 0.00445511
1068 0.771985 0.518178 0.00622419
1069 0.771985 0.512579 0.00486041
1070 0.771985 0.513752 0.00530388
1071 0.771985 0.514819 0.00547325
1072 0.771985 0.50722 0.00570739
1073 0.771985 0.516879 0.00499027
1074 0.771985 0.513959 0.0051453
1075 0.771985 0.515769 0.004897
1076 0.771985 0.512768 0.00517587
1077 0.771985 0.512056 0.00511811
1078 0.771985 0.506828 0.00445973
1079 0.771985 0.510586 0.00520024
1080 0.771985 0.515963 0.00462006
1081 0.771985 0.513707 0.00497002
1082 0.771985 0.511577 0.00564698
1083 0.771985 0.529694 0.00502306
1084 0.771985 0.505016 0.00516131
1085 0.771985 0.522117 0.00455063
1086 0.771985 0.513423 0.00498476
1087 0.771985 0.505635 0.00506651
1088 0.771985 0.516683 0.00465325
1089 0.771985 0.512655 0.00484613
1090 0.771985 0.513817 0.00519511
1091 0.771985 0.512208 0.00496208
1092 0.771985 0.507656 0.00551004
1093 0.771985 0.507316 0.00635285
1094 0.771985 0.524513 0.00495413
1095 0.771985 0.520018 0.00472763
1096 0.771985 0.513359 0.00473791
1097 0.771985 0.517629 0.00490117
1098 0.771985 0.518187 0.00481333
1099 0.771985 0.507912 0.00541194
1100 0.771985 0.504116 0.00471956
1101 0.771985 0.519123 0.00442872
1102 0.771985 0.510361 0.00523555
1103 0.771985 0.514423 0.00464579
1104 0.771985 0.504732 0.00483028
1105 0.771985 0.507492 0.00463319
1106 0.771985 0.50944 0.00538278
1107 0.771985 0.514174 0.00477498
1108 0.771985 0.521705 0.00544262
1109 0.771985 0.511002 0.00498257
1110 0.771985 0.517665 0.00429388
1111 0.771985 0.510462 0.00488566
1112 0.771985 0.516215 0.0041329
1113 0.771985 0.52418 0.00456109
1114 0.771985 0.519255 0.00438857
1115 0.771985 0.523551 0.00453426
1116 0.771985 0.519207 0.00425065
1117 0.771985 0.51291 0.00422763
1118 0.771985 0.514173 0.00436408
1119 0.771985 0.515075 0.00502501
1120 0.771985 0.51186 0.00511254
1121 0.771985 0.517571 0.00451984
1122 0.771985 0.510468 0.00527569
1123 0.771985 0.515579 0.00541123
1124 0.771985 0.512145 0.00474433
1125 0.771985 0.512434 0.00499419
1126 0.771985 0.506678 0.00479353
1127 0.771985 0.513791 0.00414818
1128 0.771985 0.511871 0.00519701
1129 0.771985 0.513289 0.00467672
1130 0.771985 0.509154 0.00511927
1131 0.771985 0.515135 0.00457146
1132 0.771985 0.512311 0.00411275
1133 0.771985 0.515932 0.00472171
1134 0.771985 0.513983 0.00490987
1135 0.771985 0.517918 0.0047455
1136 0.771985 0.5084 0.0056352
1137 0.771985 0.503711 0.00424116
1138 0.771985 0.506289 0.00476763
1139 0.771985 0.51368 0.0047426
1140 0.771985 0.510142 0.00470337
1141 0.771985 0.512069 0.00472901
1142 0.771985 0.516751 0.00483776
1143 0.771985 0.512398 0.00495184
1144 0.771985 0.511067 0.00451731
1145 0.771985 0.52076 0.0040102
1146 0.771985 0.510907 0.00443595
1147 0.771985 0.513729 0.00484606
1148 0.771985 0.51708 0.00452942
1149 0.771985 0.519447 0.00504403
1150 0.771985 0.514742 0.00470816
1151 0.771985 0.507584 0.00473847
1152 0.771985 0.50472 0.00536967
1153 0.771985 0.516249 0.0044661
1154 0.771985 0.510311 0.00526257
1155 0.771985 0.514161 0.00440652
1156 0.771985 0.521272 0.00445286
1157 0.771985 0.514696 0.00440688
1158 0.771985 0.509282 0.00460606
1159 0.771985 0.506164 0.00478459
1160 0.771985 0.50794 0.00544954
1161 0.771985 0.508401 0.00578823
1162 0.771985 0.515228 0.00463351
1163 0.771985 0.515222 0.00546682
1164 0.771985 0.517215 0.00469824
1165 0.771985 0.51502 0.0049192
1166 0.771985 0.515572 0.00459591
1167 0.771985 0.519269 0.00452321
1168 0.771985 0.505505 0.00523108
1169 0.771985 0.512553 0.00469997
1170 0.771985 0.50671 0.00470414
1171 0.771985 0.514477 0.00503647
1172 0.771985 0.508834 0.00481405
1173 0.771985 0.515166 0.0054326
1174 0.771985 0.512168 0.0055724
1175 0.771985 0.507536 0.00582384
1176 0.771985 0.511848 0.00467515
1177 0.771985 0.506109 0.00422085
1178 0.771985 0.515248 0.00540187
1179 0.771985 0.503108 0.00447935
1180 0.771985 0.513188 0.00542162
1181 0.771985 0.510701 0.00518163
1182 0.771985 0.515367 0.00429275
1183 0.771985 0.517612 0.0042953
1184 0.771985 0.508424 0.00482059
1185 0.771985 0.510651 0.00482518
1186 0.771985 0.510475 0.00481392
1187 0.771985 0.516408 0.00420991
1188 0.771985 0.515542 0.00437385
1189 0.771985 0.512128 0.005862
1190 0.771985 0.518395 0.00471023
1191 0.771985 0.516322 0.00459374
1192 0.771985 0.513754 0.00420655
1193 0.771985 0.515325 0.00467396
1194 0.771985 0.515762 0.00489552
1195 0.771985 0.513008 0.00445511
1196 0.771985 0.511953 0.00472123
1197 0.771985 0.511455 0.00477386
1198 0.771985 0.515226 0.00474911
1199 0.771985 0.513308 0.0062275
1200 0.771985 0.511286 0.00638238
1201 0.771985 0.507188 0.00446167
1202 0.771985 0.516744 0.00464972
1203 0.771985 0.508044 0.00501123
1204 0.771985 0.506567 0.00547759
1205 0.771985 0.509193 0.00544231
1206 0.771985 0.515284 0.00589518
1207 0.771985 0.51228 0.00527563
1208 0.771985 0.518381 0.00528352
1209 0.771985 0.5116 0.00473193
1210 0.771985 0.509549 0.00454688
1211 0.771985 0.512551 0.00500076
1212 0.771985 0.510021 0.00505764
1213 0.771985 0.501238 0.00487172
1214 0.771985 0.516735 0.00452471
1215 0.771985 0.514012 0.00514844
1216 0.771985 0.511621 0.00478147
1217 0.771985 0.513964 0.00433126
1218 0.771985 0.508271 0.00493864
1219 0.771985 0.517327 0.00470108
1220 0.771985 0.513406 0.00516886
1221 0.771985 0.506552 0.00513041
1222 0.771985 0.515518 0.00453989
1223 0.771985 0.508746 0.00457917
1224 0.771985 0.512227 0.00532375
1225 0.771985 0.518897 0.00454033
1226 0.771985 0.517409 0.00485963
1227 0.771985 0.513109 0.0045356
1228 0.771985 0.508901 0.00471937
1229 0.771985 0.513407 0.00560443
1230 0.771985 0.514842 0.00510248
1231 0.771985 0.516393 0.00538866
1232 0.771985 0.516533 0.00503428
1233 0.771985 0.51389 0.00512874
1234 0.771985 0.507511 0.00447335
1235 0.771985 0.517472 0.00563548
1236 0.771985 0.517848 0.0049307
1237 0.771985 0.516379 0.0053505
1238 0.771985 0.518387 0.0048212
1239 0.771985 0.509236 0.00495249
1240 0.771985 0.514235 0.00526968
1241 0.771985 0.515957 0.00490751
1242 0.771985 0.516187 0.00519165
1243 0.771985 0.512407 0.00528728
1244 0.771985 0.509501 0.00594076
1245 0.771985 0.504896 0.0058201
1246 0.771985 0.526581 0.00435187
1247 0.771985 0.517065 0.00590176
1248 0.771985 0.512483 0.00452279
1249 0.771985 0.51471 0.00530497
1250 0.771985 0.506656 0.00587715
1251 0.771985 0.503663 0.00601307
1252 0.771985 0.516468 0.00479401
1253 0.771985 0.507649 0.00550808
1254 0.771985 0.51542 0.00498479
1255 0.771985 0.504112 0.00512793
1256 0.771985 0.506169 0.00447922
1257 0.771985 0.513232 0.00542019
1258 0.771985 0.508718 0.00481958
1259 0.771985 0.509265 0.00502492
1260 0.771985 0.515302 0.00508625
1261 0.771985 0.517282 0.00521614
1262 0.774562 0.510084 0.00605793
1263 0.774562 0.516065 0.00501787
1264 0.774562 0.514193 0.00528297
1265 0.774562 0.506839 0.00529393
1266 0.774562 0.506142 0.00528651
1267 0.774562 0.512475 0.00525813
1268 0.774562 0.511625 0.0046502
1269 0.774562 0.508078 0.00557665
1270 0.774562 0.518824 0.00493162
1271 0.774562 0.524447 0.00558119
1272 0.774562 0.509819 0.0049375
1273 0.774562 0.514904 0.00469675
1274 0.774562 0.508869 0.00452127
1275 0.774562 0.515794 0.00493404
1276 0.774562 0.514879 0.00511748
1277 0.774562 0.509696 0.00450983
1278 0.774562 0.515489 0.00563498
1279 0.774562 0.51296 0.00520685
1280 0.774562 0.514257 0.00497153
1281 0.774562 0.51877 0.00494012
1282 0.774562 0.512246 0.00507923
1283 0.774562 0.513351 0.00544658
1284 0.774562 0.511423 0.00447451
1285 0.774562 0.503826 0.00452051
1286 0.774562 0.517712 0.00589313
1287 0.774562 0.518893 0.00524973
1288 0.774562 0.508274 0.00474611
1289 0.774562 0.516208 0.00461178
1290 0.774562 0.503102 0.00488216
1291 0.774562 0.50836 0.00481951
1292 0.774562 0.512421 0.00437441
1293 0.774562 0.504467 0.00493119
1294 0.774562 0.513517 0.00495078
1295 0.774562 0.508373 0.00484911
1296 0.774562 0.512566 0.00495825
1297 0.774562 0.514195 0.00501659
1298 0.774562 0.511759 0.00410618
1299 0.774562 0.515672 0.00525711
1300 0.774562 0.514763 0.00442845
1301 0.774562 0.50525 0.0050454
1302 0.774562 0.522225 0.00486392
1303 0.774562 0.51459 0.00493225
1304 0.774562 0.510808 0.00502277
1305 0.774562 0.519906 0.00592367
1306 0.774562 0.517312 0.00501527
1307 0.774562 0.510644 0.00488788
1308 0.774562 0.523966 0.00446853
1309 0.774562 0.50419 0.00496704
1310 0.774562 0.510582 0.00526718
1311 0.774562 0.509047 0.00552346
1312 0.774562 0.514027 0.00578717
1313 0.774562 0.511863 0.0055475
1314 0.774562 0.508724 0.00491898
1315 0.774562 0.515801 0.00490166
1316 0.774562 0.504865 0.00495597
1317 0.774562 0.513871 0.00474871
1318 0.774562 0.510533 0.00503965
1319 0.774562 0.505915 0.00470515
1320 0.774562 0.509664 0.00568877
1321 0.774562 0.513571 0.00511022
1322 0.774562 0.514594 0.00481094
1323 0.774562 0.512178 0.00499599
1324 0.774562 0.512561 0.00442519
1325 0.774562 0.516947 0.00467953
1326 0.774562 0.506974 0.0051789
1327 0.774562 0.515419 0.00515375
1328 0.774562 0.512095 0.00479884
1329 0.774562 0.506906 0.00427532
1330 0.774562 0.507916 0.00469986
1331 0.774562 0.512121 0.00486704
1332 0.774562 0.515005 0.00525656
1333 0.774562 0.518126 0.00548528
1334 0.774562 0.508539 0.00422243
1335 0.774562 0.507522 0.00438637
1336 0.774562 0.507468 0.00482002
1337 0.774562 0.508786 0.0050401
1338 0.774562 0.518087 0.00498833
1339 0.774562 0.50901 0.00417119
1340 0.774562 0.505965 0.00647376
1341 0.774562 0.510224 0.00497316
1342 0.774562 0.513526 0.00451661
1343 0.774562 0.510841 0.00525679
1344 0.774562 0.512925 0.00499749
1345 0.774562 0.519256 0.00476788
1346 0.774562 0.508673 0.00501355
1347 0.774562 0.514757 0.00489159
1348 0.774562 0.521141 0.00467865
1349 0.774562 0.514323 0.00500423
1350 0.774562 0.511432 0.0047157
1351 0.774562 0.508169 0.00519506
1352 0.774562 0.5092 0.00505207
1353 0.774562 0.517253 0.00445837
1354 0.774562 0.517686 0.0049532
1355 0.774562 0.517767 0.00501311
1356 0.774562 0.505737 0.00477835
1357 0.774562 0.508355 0.00451277
1358 0.774562 0.513012 0.00472101
1359 0.774562 0.512592 0.00518725
1360 0.774562 0.517667 0.00475031
1361 0.774562 0.521008 0.00419898
1362 0.774562 0.518103 0.00514686
1363 0.774562 0.514951 0.0044353
1364 0.774562 0.510195 0.00430396
1365 0.774562 0.513683 0.00479679
1366 0.774562 0.509449 0.0045457
1367 0.774562 0.508146 0.00484639
1368 0.774562 0.513433 0.0045893
1369 0.774562 0.517735 0.00432449
1370 0.774562 0.512223 0.00531275
1371 0.774562 0.515448 0.00486736
1372 0.774562 0.515639 0.00488485
1373 0.774562 0.515927 0.00467914
1374 0.774562 0.517074 0.00484805
1375 0.774562 0.51513 0.00430382
1376 0.774562 0.518265 0.00518685
1377 0.774562 0.513602 0.00467113
1378 0.774562 0.513625 0.00495638
1379 0.774562 0.515458 0.0046639
1380 0.774562 0.515882 0.00567634
1381 0.774562 0.513137 0.0049688
1382 0.774562 0.51904 0.00493391
1383 0.774562 0.510308 0.00551033
1384 0.774562 0.52054 0.00492531
1385 0.774562 0.51629 0.00472751
1386 0.774562 0.514077 0.00439185
1387 0.774562 0.514063 0.00531999
1388 0.774562 0.517722 0.00450433
1389 0.774562 0.507132 0.00501692
1390 0.774562 0.516008 0.00441573
1391 0.774562 0.513766 0.00484851
1392 0.774562 0.518424 0.0054472
1393 0.774562 0.511618 0.00545762
1394 0.774562 0.518463 0.00598711
1395 0.774562 0.516498 0.00429877
1396 0.774562 0.515158 0.00494614
1397 0.774562 0.515316 0.00469142
1398 0.774562 0.515643 0.00460246
1399 0.774562 0.512979 0.00449152
1400 0.774562 0.516331 0.00456289
1401 0.774562 0.509506 0.00514594
1402 0.774562 0.506215 0.00593766
1403 0.774562 0.508898 0.00463461
1404 0.777825 0.512553 0.00545994
1405 0.777825 0.509614 0.00592901
1406 0.777825 0.515276 0.00528368
1407 0.777825 0.507581 0.00488808
1408 0.777825 0.517909 0.00568717
1409 0.777825 0.517341 0.00501642
1410 0.777825 0.517256 0.00481884
1411 0.777825 0.512226 0.00613536
1412 0.777825 0.516131 0.00485053
1413 0.777825 0.511104 0.00540887
1414 0.777825 0.515869 0.00515953
1415 0.777825 0.511448 0.00483103
1416 0.777825 0.512622 0.00519728
1417 0.777825 0.513169 0.00515786
1418 0.777825 0.514958 0.00463546
1419 0.777825 0.516463 0.00465665
1420 0.777825 0.510782 0.00509516
1421 0.777825 0.511895 0.00473403
1422 0.777825 0.515533 0.00500681
1423 0.777825 0.513737 0.00466667
1424 0.777825 0.515343 0.00511144
1425 0.777825 0.507481 0.00504541
1426 0.777825 0.515174 0.00472994
1427 0.777825 0.506694 0.00524129
1428 0.777825 0.520305 0.00467857
1429 0.777825 0.511165 0.00482152
1430 0.777825 0.513284 0.00421478
1431 0.777825 0.509647 0.00479305
1432 0.777825 0.511291 0.00470245
1433 0.777825 0.505736 0.00533937
1434 0.777825 0.512036 0.00512985
1435 0.777825 0.499723 0.00526685
1436 0.777825 0.515629 0.00514447
1437 0.777825 0.515767 0.00441138
1438 0.777825 0.504879 0.0048932
1439 0.777825 0.508878 0.00568561
1440 0.777825 0.509384 0.00443113
1441 0.777825 0.518379 0.00446828
1442 0.777825 0.519476 0.00496505
1443 0.777825 0.524056 0.00527292
1444 0.777825 0.509662 0.00485177
1445 0.777825 0.512171 0.00532354
1446 0.777825 0.513783 0.00491088
1447 0.777825 0.516329 0.00488578
1448 0.777825 0.516868 0.00458427
1449 0.777825 0.511255 0.00406173
1450 0.777825 0.505672 0.00431678
1451 0.777825 0.515988 0.00499124
1452 0.777825 0.51531 0.00459817
1453 0.777825 0.515861 0.00505621
1454 0.777825 0.51543 0.00431681
1455 0.777825 0.51293 0.00521974
1456 0.777825 0.515281 0.00484266
1457 0.777825 0.513466 0.00532563
1458 0.777825 0.51675 0.00487612
1459 0.777825 0.516979 0.00501621
1460 0.777825 0.511961 0.00450529
1461 0.777825 0.514153 0.00470824
1462 0.777825 0.507633 0.00455715
1463 0.777825 0.512847 0.00501094
1464 0.777825 0.52073 0.00519871
1465 0.777825 0.515461 0.00481921
1466 0.777825 0.51278 0.00480256
1467 0.777825 0.512479 0.00488444
1468 0.777825 0.512254 0.00456324
1469 0.777825 0.513256 0.00492579
1470 0.777825 0.517847 0.00491987
1471 0.777825 0.512445 0.00438636
1472 0.777825 0.521243 0.0043209
1473 0.777825 0.523609 0.0051385
1474 0.777825 0.515309 0.00462487
1475 0.777825 0.509733 0.00439821
1476 0.777825 0.516198 0.00568334
1477 0.777825 0.50783 0.004774
1478 0.777825 0.518611 0.00541854
1479 0.777825 0.514128 0.00454088
1480 0.777825 0.512755 0.00465259
1481 0.777825 0.519503 0.004329
1482 0.777825 0.515057 0.00496612
1483 0.777825 0.513725 0.00477127
1484 0.777825 0.523095 0.00485713
1485 0.777825 0.519316 0.0044089
1486 0.777825 0.516426 0.0044176
1487 0.777825 0.522484 0.00455109
1488 0.777825 0.520572 0.00565301
1489 0.777825 0.508437 0.00485667
1490 0.777825 0.512766 0.00410539
1491 0.777825 0.508887 0.00531695
1492 0.777825 0.510692 0.00533683
1493 0.777825 0.509727 0.00541856
1494 0.777825 0.512047 0.00484337
1495 0.777825 0.514231 0.00474378
1496 0.777825 0.50713 0.00450775
1497 0.777825 0.516443 0.00455171
1498 0.777825 0.513181 0.00526926
1499 0.777825 0.51366 0.00480602
1500 0.777825 0.515991 0.00445041
1501 0.777825 0.51743 0.00521482
1502 0.777825 0.511501 0.00421006
1503 0.777825 0.509333 0.00506331
1504 0.777825 0.513394 0.0051578
1505 0.777825 0.50862 0.00446373
1506 0.777825 0.517392 0.00508759
1507 0.777825 0.514159 0.00515313
1508 0.777825 0.516139 0.00567874
1509 0.777825 0.510725 0.00516042
1510 0.777825 0.511693 0.0046785
1511 0.777825 0.513342 0.00435258
1512 0.777825 0.509687 0.00456622
1513 0.777825 0.510368 0.00485305
1514 0.777825 0.511976 0.00532046
1515 0.777825 0.515731 0.00527836
1516 0.777825 0.511666 0.00500615
1517 0.777825 0.516374 0.00497383
1518 0.777825 0.51071 0.00534204
1519 0.777825 0.513079 0.0049708
1520 0.777825 0.506196 0.00521233
1521 0.777825 0.516017 0.00454566
1522 0.777825 0.510115 0.00445602
1523 0.777825 0.510823 0.0047768
1524 0.777825 0.514652 0.00531302
1525 0.777825 0.513726 0.00473357
1526 0.777825 0.506278 0.00473224
1527 0.777825 0.506709 0.00457925
1528 0.777825 0.512805 0.00502306
1529 0.777825 0.519567 0.00478678
1530 0.777825 0.509147 0.00502542
1531 0.777825 0.518084 0.00528569
1532 0.777825 0.52262 0.00415807
1533 0.777825 0.510956 0.00452317
1534 0.777825 0.514959 0.00489118
1535 0.777825 0.512891 0.0051471
1536 0.777825 0.513679 0.00524656
1537 0.777825 0.518415 0.00534813
1538 0.777825 0.51068 0.00607405
1539 0.777825 0.511248 0.00495589
1540 0.777825 0.510746 0.00580444
1541 0.777825 0.515511 0.00452437
1542 0.777825 0.519238 0.00489333
1543 0.777825 0.511746 0.00485443
1544 0.777825 0.509391 0.00558867
1545 0.777825 0.51614 0.00537736
1546 0.777825 0.51078 0.00538998
1547 0.777825 0.499253 0.00482332
1548 0.777825 0.516083 0.00477453
1549 0.777825 0.51877 0.00502847
1550 0.777825 0.517912 0.0052648
1551 0.777825 0.513872 0.00445878
1552 0.777825 0.509773 0.00504965
1553 0.777825 0.511624 0.00418698
1554 0.777825 0.516611 0.00469401
1555 0.777825 0.514678 0.00448006
1556 0.777825 0.507976 0.00546788
1557 0.777825 0.515696 0.00572197
1558 0.777825 0.518331 0.00484657
1559 0.777825 0.516575 0.00487657
1560 0.777825 0.523936 0.00546541
1561 0.777825 0.513955 0.00477144
1562 0.777825 0.51259 0.00431238
1563 0.777825 0.516564 0.00463509
1564 0.777825 0.512799 0.00460595
1565 0.777825 0.510632 0.00536237
1566 0.777825 0.508608 0.0053345
1567 0.777825 0.515792 0.00491179
1568 0.777825 0.507353 0.00458141
1569 0.777825 0.500147 0.00503925
1570 0.777825 0.513649 0.00453342
1571 0.777825 0.50993 0.0049301
1572 0.777825 0.50845 0.00485396
1573 0.777825 0.512504 0.0049582
1574 0.777825 0.511112 0.00601801
1575 0.777825 0.514557 0.00416822
1576 0.777825 0.513252 0.0048485
1577 0.777825 0.519417 0.00426652
1578 0.777825 0.513833 0.00528737
1579 0.777825 0.516449 0.00473636
1580 0.777825 0.516977 0.00399526
1581 0.777825 0.51098 0.00375005
1582 0.777825 0.509354 0.00494847
1583 0.777825 0.5076 0.00437484
1584 0.777825 0.514137 0.00429357
1585 0.777825 0.510737 0.00405148
1586 0.777825 0.521981 0.00515354
1587 0.777825 0.509662 0.00437617
1588 0.777825 0.515587 0.00433594
1589 0.777825 0.520176 0.0044663
1590 0.777825 0.521231 0.00495599
1591 0.777825 0.517474 0.00471253
1592 0.777825 0.514326 0.00481989
1593 0.777825 0.510066 0.00458689
1594 0.777825 0.517977 0.00420038
1595 0.777825 0.511369 0.00426353
1596 0.777825 0.508866 0.00411279
1597 0.777825 0.51999 0.0044497
1598 0.777825 0.515247 0.00400675
1599 0.777825 0.513204 0.00428129
1600 0.777825 0.516569 0.00430304
1601 0.777825 0.513202 0.00475874
1602 0.777825 0.512393 0.00411401
1603 0.777825 0.508936 0.00471901
1604 0.777825 0.507747 0.00468645
1605 0.777825 0.502487 0.00482598
1606 0.777825 0.509905 0.00463251
1607 0.777825 0.506353 0.00435209
1608 0.777825 0.512617 0.00457682
1609 0.777825 0.515781 0.004884
1610 0.777825 0.513297 0.00460294
1611 0.777825 0.509229 0.00433947
1612 0.777825 0.516771 0.00424278
1613 0.777825 0.513856 0.00415283
1614 0.777825 0.517326 0.00505284
1615 0.777825 0.513921 0.00444825
1616 0.777825 0.510606 0.00498885
1617 0.777941 0.51231 0.00581656
1618 0.777941 0.507158 0.00492777
1619 0.777941 0.523481 0.00420003
1620 0.777941 0.51627 0.00445037
1621 0.777941 0.517435 0.00505735
1622 0.777941 0.526392 0.00434334
1623 0.777941 0.517519 0.00528427
1624 0.777941 0.522153 0.00495389
1625 0.777941 0.513222 0.00479675
1626 0.777941 0.519726 0.00477215
1627 0.777941 0.517311 0.00419946
1628 0.777941 0.51417 0.00510556
1629 0.777941 0.509034 0.00486249
1630 0.777941 0.518364 0.0045201
1631 0.777941 0.509837 0.00581526
1632 0.777941 0.508094 0.00562797
1633 0.777941 0.513008 0.00503136
1634 0.777941 0.506771 0.00569998
1635 0.777941 0.518241 0.00479568
1636 0.777941 0.522193 0.00566196
1637 0.777941 0.519211 0.00488926
1638 0.777941 0.509517 0.00474846
1639 0.777941 0.5081 0.00492454
1640 0.777941 0.508557 0.00441811
1641 0.777941 0.518238 0.00484321
1642 0.777941 0.523054 0.00484266
1643 0.777941 0.516755 0.00544483
1644 0.777941 0.51732 0.00512259
1645 0.777941 0.515284 0.00533271
1646 0.777941 0.50374 0.00481021
1647 0.777941 0.517594 0.00521073
1648 0.777941 0.508092 0.00481186
1649 0.777941 0.512734 0.00518654
1650 0.777941 0.512992 0.0054659
1651 0.777941 0.51468 0.0048589
1652 0.777941 0.519929 0.00526593
1653 0.777941 0.509638 0.0054618
1654 0.777941 0.509592 0.00426845
1655 0.777941 0.514614 0.00497149
1656 0.777941 0.511527 0.00481222
1657 0.777941 0.522405 0.00510976
1658 0.777941 0.516114 0.00434488
1659 0.777941 0.50552 0.00452232
1660 0.777941 0.512966 0.00442548
1661 0.777941 0.510951 0.00523912
1662 0.777941 0.511927 0.00468747
1663 0.777941 0.515621 0.0053836
1664 0.777941 0.518412 0.00456808
1665 0.777941 0.510524 0.00548139
1666 0.777941 0.50578 0.00469923
1667 0.777941 0.520675 0.00444034
1668 0.777941 0.507918 0.00510549
1669 0.777941 0.509643 0.00539055
1670 0.777941 0.509195 0.0043212
1671 0.777941 0.514363 0.0055888
1672 0.777941 0.508361 0.00439021
1673 0.777941 0.516087 0.00526189
1674 0.777941 0.511248 0.00496251
1675 0.777941 0.510343 0.00505533
1676 0.777941 0.522394 0.00537138
1677 0.777941 0.509618 0.00519314
1678 0.777941 0.509637 0.00510955
1679 0.777941 0.514615 0.00467553
1680 0.777941 0.515787 0.00546742
1681 0.777941 0.514726 0.00464936
1682 0.777941 0.510254 0.00466275
1683 0.777941 0.508655 0.0048751
1684 0.777941 0.514549 0.00535998
1685 0.777941 0.506949 0.00528392
1686 0.777941 0.517281 0.00495955
1687 0.777941 0.508213 0.00546736
1688 0.777941 0.51942 0.00545359
1689 0.777941 0.518721 0.00466213
1690 0.777941 0.516847 0.00481344
1691 0.777941 0.51217 0.00576354
1692 0.777941 0.516247 0.00569535
1693 0.777941 0.508639 0.00480498
1694 0.777941 0.509176 0.00472019
1695 0.777941 0.508745 0.0049652
1696 0.777941 0.514266 0.00586205
1697 0.777941 0.512108 0.00527815
1698 0.777941 0.498168 0.00555492
1699 0.777941 0.509749 0.00487739
1700 0.777941 0.511292 0.0046411
1701 0.777941 0.510234 0.00467573
1702 0.777941 0.505906 0.00574271
1703 0.777941 0.515316 0.00522303
1704 0.777941 0.512897 0.00489709
1705 0.777941 0.514417 0.00481463
1706 0.777941 0.511303 0.00506313
1707 0.777941 0.521098 0.00519145
1708 0.777941 0.520367 0.0052077
1709 0.777941 0.517474 0.00458083
1710 0.777941 0.522119 0.00505709
1711 0.777941 0.516202 0.00470782
1712 0.777941 0.513503 0.00510866
1713 0.777941 0.508408 0.00505108
1714 0.777941 0.501532 0.00521413
1715 0.777941 0.519304 0.00469671
1716 0.777941 0.509179 0.0051309
1717 0.777941 0.511748 0.00495991
1718 0.777941 0.513616 0.00460925
1719 0.777941 0.501301 0.00536269
1720 0.777941 0.50883 0.00479791
1721 0.777941 0.508255 0.00558193
1722 0.777941 0.511837 0.0053464
1723 0.777941 0.518391 0.00428798
1724 0.777941 0.512991 0.00575392
1725 0.777941 0.509471 0.00528488
1726 0.778038 0.512859 0.00629856
1727 0.778038 0.517118 0.00473503
1728 0.778038 0.510611 0.00497047
1729 0.778038 0.514851 0.00507329
1730 0.778038 0.516466 0.00504231
1731 0.778038 0.518846 0.00519636
1732 0.778038 0.513747 0.00527409
1733 0.778038 0.511648 0.00476012
1734 0.778038 0.510419 0.00575346
1735 0.778038 0.50891 0.0059155
1736 0.778038 0.500911 0.00499982
1737 0.778038 0.516506 0.00579724
1738 0.778038 0.518395 0.00510191
1739 0.778038 0.512648 0.00524932
1740 0.778038 0.513986 0.00549452
1741 0.778038 0.510545 0.00549061
1742 0.778038 0.514049 0.00518505
1743 0.778038 0.513382 0.00561402
1744 0.778038 0.518543 0.00521776
1745 0.778038 0.516397 0.00504391
1746 0.778038 0.511247 0.00456556
1747 0.778038 0.514109 0.0043715
1748 0.778038 0.519237 0.00506073
1749 0.778038 0.506963 0.00488713
1750 0.778038 0.509093 0.00522439
1751 0.778038 0.507167 0.00487813
1752 0.778038 0.514068 0.005062
1753 0.778038 0.514258 0.00511879
1754 0.778038 0.511666 0.005294
1755 0.778038 0.513524 0.00521256
1756 0.778038 0.510489 0.00528822
1757 0.778038 0.514891 0.00455641
1758 0.778038 0.510589 0.00522528
1759 0.778038 0.513789 0.00573602
1760 0.778038 0.514471 0.00542762
1761 0.778038 0.515367 0.00533184
1762 0.778038 0.50761 0.00467273
1763 0.778038 0.512423 0.00540189
1764 0.778038 0.512789 0.00463753
1765 0.778038 0.514672 0.00518247
1766 0.778038 0.515722 0.00512837
1767 0.778038 0.509124 0.00497856
1768 0.778038 0.515115 0.00505497
1769 0.778038 0.517755 0.00439526
1770 0.778038 0.505111 0.00486113
1771 0.778038 0.504155 0.00553951
1772 0.778038 0.51556 0.00508947
1773 0.778038 0.505984 0.00520336
1774 0.778038 0.514239 0.00484777
1775 0.778038 0.508418 0.00495162
1776 0.778038 0.511806 0.00460273
1777 0.778038 0.511751 0.00483834
1778 0.778038 0.507593 0.00483052
1779 0.778038 0.511671 0.00515506
1780 0.778038 0.519393 0.00429894
1781 0.778038 0.516914 0.00499882
1782 0.778038 0.511731 0.00594824
1783 0.778419 0.522092 0.00594343
1784 0.778419 0.509944 0.00491
1785 0.778419 0.507084 0.00501371
1786 0.778419 0.512214 0.00515288
1787 0.778419 0.508411 0.00510295
1788 0.778419 0.517684 0.00541298
1789 0.778419 0.510309 0.00494863
1790 0.778419 0.51927 0.00529082
1791 0.778419 0.513181 0.00524081
1792 0.778419 0.506807 0.00501445
1793 0.778419 0.521574 0.00545544
1794 0.778419 0.517651 0.00477137
1795 0.778419 0.509109 0.00453482
1796 0.778419 0.506153 0.00478984
1797 0.778419 0.510224 0.00489334
1798 0.778419 0.511411 0.00504139
1799 0.778419 0.515557 0.0050864
1800 0.778419 0.514677 0.00565359
1801 0.778419 0.513736 0.00503034
1802 0.778419 0.509164 0.00480395
1803 0.778419 0.508599 0.00478724
1804 0.778419 0.515918 0.00511032
1805 0.778419 0.507848 0.00528059
1806 0.778419 0.510038 0.00510509
1807 0.778419 0.513512 0.0056922
1808 0.778419 0.514764 0.00502355
1809 0.778419 0.50841 0.00495601
1810 0.778419 0.509066 0.00544107
1811 0.778419 0.512174 0.00486659
1812 0.778419 0.514156 0.00494295
1813 0.778419 0.511131 0.0050102
1814 0.778419 0.514193 0.00445389
1815 0.778419 0.519776 0.00434457
1816 0.778419 0.512705 0.00412731
1817 0.778419 0.510687 0.00556032
1818 0.778419 0.507314 0.00473545
1819 0.778419 0.504902 0.00502395
1820 0.778419 0.519673 0.00471234
1821 0.778419 0.514556 0.00476865
1822 0.778419 0.517676 0.00511093
1823 0.778419 0.519584 0.00455176
1824 0.778419 0.516751 0.00505826
1825 0.778419 0.513034 0.00555477
1826 0.778419 0.512032 0.00565626
1827 0.778419 0.514794 0.00508506
1828 0.778419 0.510501 0.00476088
1829 0.778419 0.519115 0.00484311
1830 0.778419 0.520628 0.00499565
1831 0.778419 0.521568 0.00502275
1832 0.778419 0.506732 0.00529668
1833 0.778419 0.518606 0.00536942
1834 0.778419 0.518016 0.0049962
1835 0.778419 0.510883 0.00568595
1836 0.778419 0.511306 0.00537164
1837 0.778419 0.518913 0.00467185
1838 0.778419 0.513657 0.00591611
1839 0.779913 0.513009 0.0053093
1840 0.779913 0.511061 0.00475189
1841 0.779913 0.515535 0.00498321
1842 0.779913 0.505748 0.00481818
1843 0.779913 0.513342 0.00479118
1844 0.779913 0.513368 0.00503353
1845 0.779913 0.518772 0.0047048
1846 0.779913 0.512611 0.00487378
1847 0.779913 0.521479 0.00472313
1848 0.779913 0.514136 0.00476467
1849 0.779913 0.510201 0.00448459
1850 0.779913 0.509326 0.00467638
1851 0.779913 0.518373 0.00511972
1852 0.779913 0.518063 0.00583298
1853 0.779913 0.516496 0.00485421
1854 0.779913 0.511482 0.00515649
1855 0.779913 0.515762 0.004435
1856 0.779913 0.50552 0.00562575
1857 0.779913 0.506777 0.00504017
1858 0.779913 0.515713 0.00557541
1859 0.779913 0.503114 0.00518153
1860 0.779913 0.514786 0.00517517
1861 0.779913 0.512057 0.00494296
1862 0.779913 0.513591 0.00477336
1863 0.779913 0.511273 0.00510062
1864 0.779913 0.517042 0.00569736
1865 0.779913 0.517435 0.00531614
1866 0.779913 0.514895 0.00446867
1867 0.779913 0.518129 0.00493131
1868 0.779913 0.518166 0.00532505
1869 0.779913 0.519822 0.00486352
1870 0.779913 0.513916 0.00541733
1871 0.779913 0.516762 0.0054946
1872 0.779913 0.509842 0.00479193
1873 0.779913 0.518973 0.00459018
1874 0.779913 0.520608 0.00467345
1875 0.779913 0.511351 0.00523293
1876 0.779913 0.513881 0.00536665
1877 0.779913 0.517847 0.00557985
1878 0.779913 0.520454 0.00501833
1879 0.779913 0.516978 0.00474389
1880 0.779913 0.515328 0.00539836
1881 0.779913 0.512211 0.00532003
1882 0.779913 0.517513 0.0046447
1883 0.779913 0.516741 0.00471687
1884 0.779913 0.504099 0.00531389
1885 0.779913 0.516321 0.00487339
1886 0.779913 0.510909 0.00465328
1887 0.779913 0.514646 0.00446248
1888 0.779913 0.51031 0.00498991
1889 0.779913 0.516369 0.00417663
1890 0.779913 0.521922 0.00512478
1891 0.779913 0.512193 0.00572978
1892 0.779913 0.51102 0.00486554
1893 0.779913 0.518963 0.0049836
1894 0.779913 0.517002 0.0062591
1895 0.779913 0.516546 0.0051352
1896 0.779913 0.51527 0.00501759
1897 0.779913 0.501285 0.00485277
1898 0.779913 0.514345 0.00636615
1899 0.779913 0.50508 0.00485257
1900 0.779913 0.509314 0.00500041
1901 0.779913 0.504571 0.00501893
1902 0.779913 0.504828 0.00495827
1903 0.779913 0.517084 0.00538981
1904 0.779913 0.50672 0.00569657
1905 0.779913 0.50871 0.0055414
1906 0.779913 0.514118 0.00480375
1907 0.779913 0.512482 0.00520909
1908 0.779913 0.521568 0.00554427
1909 0.779913 0.515751 0.00558717
1910 0.779913 0.512028 0.00541756
1911 0.779913 0.507122 0.00517534
1912 0.779913 0.521015 0.005086
1913 0.779913 0.509639 0.00470647
1914 0.779913 0.512242 0.00435106
1915 0.779913 0.512666 0.00470605
1916 0.779913 0.509506 0.00481622
1917 0.779913 0.513953 0.00455548
1918 0.779913 0.516851 0.00463669
1919 0.779913 0.509079 0.00445776
1920 0.779913 0.514066 0.00455594
1921 0.779913 0.512468 0.00502399
1922 0.779913 0.510551 0.00480991
1923 0.779913 0.510669 0.00502449
1924 0.779913 0.502266 0.00490337
1925 0.779913 0.515248 0.00522084
1926 0.779913 0.521246 0.00492887
1927 0.779913 0.523112 0.00522599
1928 0.779913 0.512141 0.00562985
1929 0.779913 0.515119 0.00520793
1930 0.779913 0.516272 0.00440878
1931 0.779913 0.511811 0.00535493
1932 0.779913 0.509535 0.00516332
1933 0.779913 0.504497 0.00625806
1934 0.779913 0.516197 0.00496121
1935 0.779913 0.50714 0.005216
1936 0.779913 0.508767 0.00514175
1937 0.779913 0.508566 0.00514439
1938 0.779913 0.512801 0.00413238
1939 0.779913 0.513099 0.00468415
1940 0.779913 0.517571 0.00516369
1941 0.779913 0.514098 0.0047306
1942 0.779913 0.519529 0.00499157
1943 0.779913 0.514727 0.00452434
1944 0.779913 0.51392 0.0052387
1945 0.779913 0.510278 0.00509044
1946 0.779913 0.510886 0.00572124
1947 0.779913 0.514437 0.00498661
1948 0.779913 0.517589 0.00441849
1949 0.779913 0.511334 0.00587744
1950 0.779913 0.514271 0.00582874
1951 0.779913 0.514822 0.00510683
1952 0.779913 0.516567 0.00507136
1953 0.779913 0.509817 0.00550273
1954 0.779913 0.516648 0.00533563
1955 0.779913 0.506871 0.00572317
1956 0.779913 0.508714 0.00483139
1957 0.779913 0.512693 0.00561651
1958 0.779913 0.513922 0.00604539
1959 0.779913 0.512326 0.00556315
1960 0.779913 0.511647 0.00493289
1961 0.779913 0.515271 0.00445089
1962 0.779913 0.51461 0.00501906
1963 0.779913 0.514142 0.00505856
1964 0.779913 0.519487 0.00553039
1965 0.779913 0.515847 0.00477577
1966 0.779913 0.511644 0.00530536
1967 0.779913 0.515418 0.00487162
1968 0.779913 0.516771 0.00503798
1969 0.779913 0.514605 0.0052688
1970 0.779913 0.508034 0.00469707
1971 0.779913 0.513511 0.00476838
1972 0.779913 0.506837 0.00451286
1973 0.779913 0.511501 0.00495102
1974 0.779913 0.516209 0.00573771
1975 0.779913 0.512382 0.00519904
1976 0.779913 0.519756 0.00518571
1977 0.779913 0.507187 0.00555751
1978 0.779913 0.514166 0.00469697
1979 0.779913 0.511465 0.00504958
1980 0.779913 0.515628 0.00460395
1981 0.779913 0.514096 0.0050722
1982 0.779913 0.516932 0.00457887
1983 0.779913 0.518923 0.00534749
1984 0.779913 0.518166 0.00457293
1985 0.779913 0.514614 0.00544785
1986 0.779913 0.514507 0.00504982
1987 0.779913 0.507439 0.00504973
1988 0.779913 0.508864 0.00509219
1989 0.779913 0.511762 0.00515101
1990 0.779913 0.516273 0.00507143
1991 0.779913 0.51727 0.00510122
1992 0.779913 0.517435 0.00451652
1993 0.779913 0.514237 0.00486235
1994 0.779913 0.514039 0.00529739
1995 0.779913 0.515579 0.0045885
1996 0.779913 0.509227 0.00510951
1997 0.779913 0.508161 0.00461542
1998 0.779913 0.508416 0.00471405
1999 0.779913 0.509504 0.0054767
2000 0.779913 0.507955 0.00528951
2001 0.779913 0.514281 0.00541909
2002 0.779913 0.513776 0.00460545
2003 0.779913 0.515096 0.00467759
2004 0.779913 0.517537 0.00484735
2005 0.779913 0.507395 0.00510844
2006 0.779913 0.504989 0.0058833
2007 0.779913 0.509815 0.00479146
2008 0.779913 0.510438 0.00490667
2009 0.779913 0.518638 0.00497965
2010 0.779913 0.509273 0.00559106
2011 0.779913 0.511259 0.00560272
2012 0.779913 0.511296 0.00553106
2013 0.779913 0.50404 0.00538527
2014 0.779913 0.514238 0.00472871
2015 0.779913 0.522297 0.00528429
2016 0.779913 0.511584 0.00530996
2017 0.779913 0.512825 0.00499405
2018 0.779913 0.506047 0.00489653
2019 0.779913 0.508478 0.00528383
2020 0.779913 0.495988 0.00548764
2021 0.779913 0.506037 0.00566891
2022 0.779913 0.515282 0.00511589
2023 0.779913 0.511156 0.00487403
2024 0.78526 0.510305 0.00648812
2025 0.78526 0.499599 0.0054342
2026 0.78526 0.509263 0.00523456
2027 0.78526 0.514373 0.00530146
2028 0.78526 0.509833 0.00513935
2029 0.78526 0.508879 0.00548831
2030 0.78526 0.516223 0.00565027
2031 0.78526 0.515544 0.00545429
2032 0.78526 0.514846 0.0051101
2033 0.78526 0.512148 0.00497958
2034 0.78526 0.517002 0.00559313
2035 0.78526 0.511737 0.0046585
2036 0.78526 0.513579 0.00525145
2037 0.78526 0.515631 0.00560296
2038 0.78526 0.513369 0.00482406
2039 0.78526 0.516321 0.00563024
2040 0.78526 0.51907 0.00491007
2041 0.78526 0.516942 0.0056937
2042 0.78526 0.515358 0.0051059
2043 0.78526 0.51148 0.00591427
2044 0.78526 0.509734 0.00522239
2045 0.78526 0.514296 0.00516416
2046 0.78526 0.518228 0.00523985
2047 0.78526 0.511177 0.0049991
2048 0.78526 0.508288 0.00513106
2049 0.78526 0.512881 0.0053347
2050 0.78526 0.518675 0.00510085
2051 0.78526 0.504491 0.0053032
2052 0.78526 0.501899 0.00590334
2053 0.78526 0.521917 0.00541377
2054 0.78526 0.515401 0.00468656
2055 0.78526 0.515137 0.00458437
2056 0.78526 0.501657 0.00508606
2057 0.78526 0.515223 0.00550492
2058 0.78526 0.52574 0.00487233
2059 0.78526 0.509187 0.00566424
2060 0.78526 0.515013 0.00534094
2061 0.78526 0.515829 0.0045235
2062 0.78526 0.514408 0.00458867
2063 0.78526 0.518586 0.00484156
2064 0.78526 0.518738 0.00593743
2065 0.78526 0.510018 0.0054855
2066 0.78526 0.51488 0.00533695
2067 0.78526 0.50797 0.00615305
2068 0.78526 0.511079 0.00492187
2069 0.78526 0.515001 0.0049573
2070 0.78526 0.51558 0.00506074
2071 0.78526 0.512062 0.00499935
2072 0.78526 0.518461 0.00439804
2073 0.78526 0.514501 0.00542993
2074 0.78526 0.509727 0.00487906
2075 0.78526 0.510527 0.00501875
2076 0.78526 0.512957 0.00486376
2077 0.78526 0.510842 0.00556776
2078 0.78526 0.51004 0.00481186
2079 0.78526 0.518276 0.00501325
2080 0.78526 0.511943 0.00494395
2081 0.78526 0.518486 0.00426043
2082 0.78526 0.512735 0.00500715
2083 0.78526 0.515984 0.00459961
2084 0.78526 0.515814 0.00505311
2085 0.78526 0.521149 0.00439686
2086 0.78526 0.523202 0.00499521
2087 0.78526 0.516588 0.0044357
2088 0.78526 0.509152 0.00544813
2089 0.78526 0.513957 0.00492147
2090 0.78526 0.511529 0.00481352
2091 0.78526 0.513653 0.00459916
2092 0.78526 0.517189 0.00522958
2093 0.78526 0.512299 0.0056579
2094 0.78526 0.514125 0.00460898
2095 0.78526 0.510358 0.00463445
2096 0.78526 0.512442 0.00526841
2097 0.78526 0.517183 0.00456289
2098 0.78526 0.520449 0.00562329
2099 0.78526 0.521006 0.00542992
2100 0.78526 0.512179 0.00558385
2101 0.78526 0.507874 0.00528624
2102 0.78526 0.513532 0.00459012
2103 0.78526 0.520334 0.00471683
2104 0.78526 0.518384 0.00486498
2105 0.78526 0.518746 0.00490922
2106 0.78526 0.516056 0.00498743
2107 0.78526 0.515271 0.00509597
2108 0.78526 0.51407 0.00527502
2109 0.78526 0.51957 0.00574795
2110 0.78526 0.519861 0.00482681
2111 0.78526 0.511993 0.00486979
2112 0.78526 0.50856 0.00572905
2113 0.78526 0.516792 0.00532762
2114 0.78526 0.518367 0.00501542
2115 0.78526 0.521851 0.00594441
2116 0.78526 0.520841 0.00565617
2117 0.78526 0.507834 0.00587502
2118 0.78526 0.508689 0.00533548
2119 0.78526 0.51478 0.00523802
2120 0.78526 0.514924 0.00564303
2121 0.78526 0.507012 0.00553362
2122 0.78526 0.516222 0.00503414
2123 0.78526 0.515195 0.00528283
2124 0.78526 0.515737 0.00492
2125 0.78526 0.513973 0.0051885
2126 0.78526 0.518529 0.00523787
2127 0.78526 0.513637 0.00524807
2128 0.78526 0.514593 0.00439414
2129 0.78526 0.513958 0.0050744
2130 0.78526 0.513367 0.00544846
2131 0.78526 0.521401 0.00461759
2132 0.78526 0.505273 0.00494138
2133 0.78526 0.509011 0.0048635
2134 0.78526 0.521542 0.00454885
2135 0.78526 0.510436 0.00493351
2136 0.78526 0.519414 0.0053752
2137 0.78526 0.508625 0.00444417
2138 0.78526 0.514777 0.00487788
2139 0.78526 0.518843 0.00452582
2140 0.78526 0.503767 0.00474677
2141 0.78526 0.51122 0.00449359
2142 0.78526 0.509985 0.00489982
2143 0.78526 0.511688 0.00471704
2144 0.78526 0.51219 0.00483271
2145 0.78526 0.510081 0.00474651
2146 0.78526 0.51282 0.00580725
2147 0.78526 0.512746 0.00535337
2148 0.78526 0.516068 0.00540509
2149 0.78526 0.516285 0.00496399
2150 0.78526 0.510839 0.00494211
2151 0.78526 0.509149 0.00575094
2152 0.78526 0.518955 0.00537087
2153 0.78526 0.513939 0.00509416
2154 0.78526 0.514321 0.00521068
2155 0.78526 0.521963 0.00566792
2156 0.78526 0.520306 0.00541281
2157 0.78526 0.521849 0.00493151
2158 0.78526 0.519579 0.00537922
2159 0.78526 0.517465 0.00614812
2160 0.78526 0.518413 0.005543
2161 0.78526 0.504729 0.00538514
2162 0.78526 0.506936 0.0054545
2163 0.78526 0.510874 0.00520532
2164 0.78526 0.509519 0.00459111
2165 0.78526 0.508402 0.00492815
2166 0.78526 0.510425 0.00476322
2167 0.78526 0.507129 0.00517231
2168 0.78526 0.522238 0.005534
2169 0.78526 0.511394 0.00473126
2170 0.78526 0.521231 0.00461864
2171 0.78526 0.506533 0.00450129
2172 0.78526 0.514889 0.00481927
2173 0.78526 0.512288 0.00510011
2174 0.78526 0.51638 0.00493535
2175 0.78526 0.513529 0.00499203
2176 0.78526 0.518928 0.00522554
2177 0.78526 0.512317 0.00509809
2178 0.78526 0.517627 0.00468481
2179 0.78526 0.51099 0.00473902
2180 0.78526 0.515108 0.00532556
2181 0.78526 0.508849 0.00543882
2182 0.78526 0.507669 0.00486073
2183 0.78526 0.51151 0.00540876
2184 0.78526 0.509828 0.00551175
2185 0.78526 0.509591 0.00500483
2186 0.78526 0.512673 0.00484605
2187 0.78526 0.516989 0.00576243
2188 0.78526 0.510655 0.00490271
2189 0.78526 0.516578 0.00496461
2190 0.78526 0.525441 0.00628348
2191 0.78526 0.513004 0.00550358
2192 0.78526 0.506551 0.00577582
2193 0.78526 0.507363 0.00540423
2194 0.78526 0.516714 0.00615182
2195 0.78526 0.509281 0.00540261
2196 0.78526 0.505805 0.00499067
2197 0.78526 0.510448 0.00547223
2198 0.78526 0.510713 0.00475247
2199 0.78526 0.504437 0.00548652
2200 0.78526 0.507656 0.00541955
2201 0.78526 0.511893 0.00538807
2202 0.78526 0.512436 0.00500602
2203 0.78526 0.516408 0.00500938
2204 0.78526 0.508898 0.00504714
2205 0.78526 0.508728 0.004977
2206 0.78526 0.512007 0.00463155
2207 0.78526 0.506714 0.00560376
2208 0.78526 0.515682 0.00484362
2209 0.78526 0.512965 0.00560174
2210 0.78526 0.515663 0.00454415
2211 0.78526 0.506095 0.00485171
2212 0.78526 0.514724 0.00498924
2213 0.78526 0.507947 0.0045336
2214 0.78526 0.511294 0.00634107
2215 0.78526 0.51625 0.00441406
2216 0.78526 0.517305 0.00420766
2217 0.78526 0.513199 0.00484851
2218 0.78526 0.518787 0.00506915
2219 0.78526 0.52194 0.00433207
2220 0.78526 0.51821 0.00540707
2221 0.78526 0.511587 0.00462266
2222 0.78526 0.519968 0.00455405
2223 0.78526 0.515719 0.00493552
2224 0.78526 0.512018 0.00521296
2225 0.78526 0.513206 0.0048295
2226 0.78526 0.51327 0.00464658
2227 0.78526 0.51313 0.00501203
2228 0.78526 0.514522 0.00463206
2229 0.78526 0.512526 0.00520987
2230 0.78526 0.513348 0.00467606
2231 0.78526 0.507396 0.00529665
2232 0.78526 0.514554 0.00469434
2233 0.78526 0.510892 0.00496269
2234 0.78526 0.508973 0.00517356
2235 0.78526 0.507208 0.00522918
2236 0.78526 0.516682 0.00498221
2237 0.78526 0.517492 0.00494321
2238 0.78526 0.505318 0.0049899
2239 0.78526 0.513045 0.00475354
2240 0.78526 0.511571 0.00466113
2241 0.78526 0.512488 0.0048709
2242 0.78526 0.510592 0.00465428
2243 0.78526 0.512812 0.00434474
2244 0.78526 0.511175 0.00498629
2245 0.78526 0.515591 0.00573902
2246 0.78526 0.509251 0.0051965
2247 0.78526 0.508294 0.00486246
2248 0.78526 0.519051 0.0048368
2249 0.78526 0.505924 0.00468207
2250 0.78526 0.510339 0.00477427
2251 0.78526 0.511777 0.00544309
2252 0.78526 0.513082 0.00498683
2253 0.78526 0.510503 0.00505094
2254 0.78526 0.525144 0.00497635
2255 0.78526 0.521503 0.00515737
2256 0.78526 0.522805 0.00523773
2257 0.78526 0.513649 0.00535233
2258 0.78526 0.512571 0.00468148
2259 0.78526 0.517259 0.00423731
2260 0.78526 0.520134 0.00477738
2261 0.78526 0.514255 0.00431238
2262 0.78526 0.516586 0.00536281
2263 0.78526 0.516293 0.00482095
2264 0.78526 0.514632 0.00524492
2265 0.78526 0.513807 0.00512987
2266 0.78526 0.518423 0.00504094
2267 0.78526 0.499564 0.0063766
2268 0.78526 0.515201 0.0054494
2269 0.78526 0.51458 0.00521778
2270 0.78526 0.511404 0.00509358
2271 0.78526 0.513131 0.00577825
2272 0.78526 0.518011 0.00477246
2273 0.78526 0.511008 0.0056448
2274 0.78526 0.515767 0.00462231
2275 0.78526 0.514271 0.00544033
2276 0.78526 0.513849 0.00677388
2277 0.78526 0.522286 0.00550334
2278 0.78526 0.520786 0.00485402
2279 0.78526 0.508343 0.00534767
2280 0.78526 0.51543 0.00522573
2281 0.78526 0.512472 0.00571554
2282 0.78526 0.502278 0.00549912
2283 0.78526 0.512066 0.00558624
2284 0.78526 0.511633 0.00595342
2285 0.78526 0.516292 0.00604292
2286 0.78526 0.512347 0.00589612
2287 0.78526 0.516733 0.00527182
2288 0.78526 0.507498 0.00534142
2289 0.78526 0.513626 0.00544439
2290 0.78526 0.516884 0.00556544
2291 0.78526 0.509684 0.00575865
2292 0.78526 0.507351 0.00667256
2293 0.78526 0.504628 0.00576039
2294 0.78526 0.517138 0.00551438
2295 0.78526 0.52441 0.00606473
2296 0.78526 0.522269 0.00526474
2297 0.78526 0.516081 0.00554646
2298 0.78526 0.515118 0.00577659
2299 0.78526 0.512573 0.00528997
2300 0.78526 0.507424 0.00614249
2301 0.78526 0.514149 0.0062417
2302 0.78526 0.505516 0.00542012
2303 0.78526 0.509938 0.00564491
2304 0.78526 0.514171 0.00530033
2305 0.78526 0.513901 0.00647295
2306 0.78526 0.51058 0.00635555
2307 0.78526 0.514997 0.00608119
2308 0.78526 0.510466 0.00566974
2309 0.78526 0.511996 0.00614837
2310 0.78526 0.515704 0.00647133
2311 0.78526 0.510892 0.00536595
2312 0.78526 0.514843 0.00499941
2313 0.78526 0.519876 0.00567371
2314 0.78526 0.514604 0.00544996
2315 0.78526 0.508931 0.00665159
2316 0.78526 0.512032 0.00532231
2317 0.78526 0.517518 0.00485433
2318 0.78526 0.512176 0.00550288
2319 0.78526 0.509513 0.00516678
2320 0.78526 0.515739 0.0063094
2321 0.78526 0.51199 0.0053471
2322 0.78526 0.507395 0.00619636
2323 0.78526 0.509351 0.0064729
2324 0.78526 0.511577 0.00500358
2325 0.78526 0.510117 0.005367
2326 0.78526 0.504045 0.00565018
2327 0.78526 0.511622 0.00604286
2328 0.78526 0.510397 0.0058928
2329 0.78526 0.506836 0.00596664
2330 0.78526 0.517078 0.00595241
2331 0.78526 0.509638 0.00586411
2332 0.78526 0.514522 0.00601942
2333 0.78526 0.520824 0.00523847
2334 0.78526 0.512223 0.00523662
2335 0.78526 0.514409 0.00545659
2336 0.78526 0.514889 0.00509953
2337 0.78526 0.511622 0.00468484
2338 0.78526 0.506382 0.00589615
2339 0.78526 0.512927 0.00587455
2340 0.78526 0.513567 0.00545107
2341 0.78526 0.509906 0.0057471
2342 0.78526 0.507142 0.00564729
2343 0.78526 0.518229 0.00547159
2344 0.78526 0.515547 0.00442313
2345 0.78526 0.518008 0.00438179
2346 0.78526 0.509895 0.00534473
2347 0.78526 0.513058 0.00556072
2348 0.78526 0.512408 0.00553764
2349 0.78526 0.522757 0.00542744
2350 0.78526 0.506937 0.00510824
2351 0.78526 0.516431 0.00432747
2352 0.78526 0.506149 0.00482696
2353 0.78526 0.509198 0.00578344
2354 0.78526 0.516442 0.00495207
2355 0.78526 0.516199 0.00445151
2356 0.78526 0.514007 0.00499324
2357 0.78526 0.510069 0.00505762
2358 0.78526 0.510166 0.00499229
2359 0.78526 0.509178 0.00553757
2360 0.78526 0.509385 0.00467349
2361 0.78526 0.513465 0.00502502
2362 0.78526 0.50989 0.0056872
2363 0.78526 0.509802 0.00543934
2364 0.78526 0.517803 0.00567613
2365 0.78526 0.513512 0.00493218
2366 0.78526 0.517268 0.00538543
2367 0.78526 0.514374 0.00430559
2368 0.78526 0.506692 0.00493331
2369 0.78526 0.520101 0.00551282
2370 0.78526 0.514621 0.00582012
2371 0.78526 0.506865 0.00524696
2372 0.78526 0.513489 0.00518346
2373 0.78526 0.512402 0.00492156
2374 0.78526 0.512902 0.00462393
2375 0.78526 0.513808 0.00490118
2376 0.78526 0.517288 0.00563986
2377 0.78526 0.517814 0.00497751
2378 0.78526 0.513148 0.0054384
2379 0.78526 0.515152 0.00475731
2380 0.78526 0.521792 0.00539246
2381 0.78526 0.517844 0.00516669
2382 0.78526 0.517389 0.00528889
2383 0.78526 0.517689 0.00491585
2384 0.78526 0.518817 0.00574794
2385 0.78526 0.519608 0.0044392
2386 0.78526 0.519329 0.00551271
2387 0.78526 0.514755 0.00536814
2388 0.78526 0.522283 0.00470193
2389 0.78526 0.521143 0.00538388
2390 0.78526 0.511632 0.00560261
2391 0.78526 0.513448 0.00543384
2392 0.78526 0.505623 0.00537387
2393 0.78526 0.513838 0.00565561
2394 0.78526 0.506023 0.00560208
2395 0.78526 0.507845 0.00528431
2396 0.78526 0.522318 0.0052651
2397 0.78526 0.514214 0.00536089
2398 0.78526 0.512114 0.00463755
2399 0.78526 0.513693 0.00489474
2400 0.78526 0.513604 0.00480562
2401 0.78526 0.508804 0.00467636
2402 0.78526 0.507688 0.00535353
2403 0.78526 0.513204 0.00433105
2404 0.78526 0.515816 0.00465116
2405 0.78526 0.515442 0.00477796
2406 0.78526 0.51236 0.00464438
2407 0.78526 0.513418 0.0051349
2408 0.78526 0.514946 0.00483889
2409 0.78526 0.514202 0.00486191
2410 0.78526 0.510524 0.00548618
2411 0.78526 0.511103 0.00505522
2412 0.78526 0.511173 0.00515048
2413 0.78526 0.514688 0.00488303
2414 0.78526 0.517391 0.00480398
2415 0.78526 0.51847 0.00600802
2416 0.78526 0.517776 0.00524496
2417 0.78526 0.511104 0.00486594
2418 0.78526 0.515941 0.00589538
2419 0.78526 0.509225 0.00488746
2420 0.78526 0.514847 0.00453082
2421 0.78526 0.511594 0.00563338
2422 0.78526 0.515143 0.00465688
2423 0.78526 0.512741 0.00481706
2424 0.78526 0.515576 0.00544984
2425 0.78526 0.504402 0.00474441
2426 0.78526 0.513529 0.00471314
2427 0.78526 0.514331 0.0044534
2428 0.78526 0.51848 0.00492516
2429 0.78526 0.512923 0.00480937
2430 0.78526 0.518176 0.00471461
2431 0.78526 0.514101 0.00428805
2432 0.78526 0.50955 0.00519233
2433 0.78526 0.511573 0.00459256
2434 0.78526 0.517855 0.004151
2435 0.78526 0.518147 0.00505923
2436 0.78526 0.525108 0.004333
2437 0.78526 0.515429 0.00479315
2438 0.78526 0.521109 0.00459274
2439 0.78526 0.527926 0.00525077
2440 0.78526 0.515726 0.00550077
2441 0.78526 0.516692 0.00477575
2442 0.78526 0.511375 0.00490156
2443 0.78526 0.520669 0.00503495
2444 0.78526 0.517015 0.00457416
2445 0.78526 0.513559 0.00457861
2446 0.78526 0.513039 0.00522048
2447 0.78526 0.52006 0.0046532
2448 0.78526 0.510789 0.00446298
2449 0.78526 0.517522 0.00435875
2450 0.78526 0.523713 0.00497227
2451 0.78526 0.514812 0.00422427
2452 0.78526 0.514154 0.00472079
2453 0.78526 0.517576 0.00472815
2454 0.78526 0.511164 0.00482968
2455 0.78526 0.512179 0.00459185
2456 0.78526 0.510177 0.00496583
2457 0.78526 0.513938 0.00498001
2458 0.78526 0.513253 0.00513282
2459 0.78526 0.509852 0.00507728
2460 0.78526 0.511155 0.00517398
2461 0.78526 0.511927 0.0048751
2462 0.78526 0.522806 0.00446271
2463 0.78526 0.517366 0.00487227
2464 0.78526 0.513249 0.00440292
2465 0.78526 0.505831 0.00513462
2466 0.78526 0.513132 0.00507919
2467 0.78526 0.517332 0.00566133
2468 0.78526 0.518934 0.00483991
2469 0.78526 0.518395 0.00514253
2470 0.78526 0.514611 0.0052567
2471 0.78526 0.510638 0.00472036
2472 0.78526 0.514524 0.00453833
2473 0.78526 0.517537 0.00455994
2474 0.78526 0.513692 0.00415026
2475 0.78526 0.511223 0.00479383
2476 0.78526 0.515346 0.00480078
2477 0.78526 0.508885 0.00479825
2478 0.78526 0.504259 0.00419081
2479 0.78526 0.516298 0.00467288
2480 0.78526 0.51553 0.00519021
2481 0.78526 0.515511 0.00461417
2482 0.78526 0.515144 0.00447574
2483 0.78526 0.505736 0.00479448
2484 0.78526 0.523071 0.00495652
2485 0.78526 0.51747 0.00454087
2486 0.78526 0.513392 0.00448746
2487 0.78526 0.519066 0.004515
2488 0.78526 0.517937 0.00451079
2489 0.78526 0.516 0.00417221
2490 0.78526 0.518202 0.00459199
2491 0.78526 0.514517 0.00454134
2492 0.78526 0.515221 0.00436628
2493 0.78526 0.516298 0.00467034
2494 0.78526 0.522972 0.00494966
2495 0.78526 0.51362 0.00506587
2496 0.78526 0.512268 0.00507053
2497 0.78526 0.509289 0.00483824
2498 0.78526 0.510902 0.00447873
2499 0.78526 0.513865 0.00502229
2500 0.78526 0.516611 0.00494639
2501 0.78526 0.51722 0.00462035
2502 0.78526 0.51591 0.00477387
2503 0.78526 0.515311 0.00493738
2504 0.78526 0.514858 0.00464881
2505 0.78526 0.515501 0.00474032
2506 0.78526 0.516915 0.00446216
2507 0.78526 0.512245 0.00506667
2508 0.78526 0.512387 0.00567294
2509 0.78526 0.514747 0.00494399
2510 0.78526 0.525934 0.00480031
2511 0.78526 0.521745 0.00453537
2512 0.78526 0.516374 0.00463364
2513 0.78526 0.517208 0.00521956
2514 0.78526 0.510259 0.00438012
2515 0.78526 0.515428 0.00544798
2516 0.78526 0.516422 0.00521972
2517 0.78526 0.51785 0.00484807
2518 0.78526 0.510304 0.0055508
2519 0.78526 0.517747 0.0048028
2520 0.78526 0.517183 0.00556737
2521 0.78526 0.513521 0.00550746
2522 0.78526 0.517626 0.00536681
2523 0.78526 0.508769 0.00482738
2524 0.78526 0.519996 0.00481415
2525 0.78526 0.511888 0.00471107
2526 0.78526 0.507034 0.0042209
2527 0.78526 0.509362 0.00520221
2528 0.78526 0.51255 0.00520473
2529 0.78526 0.513296 0.00488543
2530 0.78526 0.509977 0.0046805
2531 0.78526 0.512999 0.0041006
2532 0.78526 0.511247 0.00423699
2533 0.78526 0.514082 0.00454225
2534 0.78526 0.512751 0.00480715
2535 0.78526 0.509619 0.00481762
2536 0.78526 0.512371 0.00538779
2537 0.78526 0.514027 0.00514379
2538 0.78526 0.515101 0.00501417
2539 0.78526 0.519578 0.00517968
2540 0.78526 0.51762 0.00541971
2541 0.78526 0.520446 0.00513568
2542 0.78526 0.517615 0.00541029
2543 0.78526 0.51151 0.00554228
2544 0.78526 0.521862 0.00569723
2545 0.78526 0.517123 0.00521702
2546 0.78526 0.518081 0.00523084
2547 0.78526 0.515603 0.00531743
2548 0.78526 0.511818 0.00602891
2549 0.78526 0.512078 0.00473594
2550 0.78526 0.511915 0.00524529
2551 0.78526 0.517641 0.0047261
2552 0.78526 0.518717 0.0048447
2553 0.78526 0.505022 0.00546989
2554 0.78526 0.512134 0.00495664
2555 0.78526 0.517124 0.00541398
2556 0.78526 0.515363 0.00479039
2557 0.78526 0.507608 0.00485009
2558 0.78526 0.507142 0.00521812
2559 0.78526 0.512712 0.00484527
2560 0.78526 0.509091 0.0052301
2561 0.78526 0.516793 0.00503075
2562 0.78526 0.517534 0.00472332
2563 0.78526 0.509393 0.00506989
2564 0.78526 0.5149 0.0042531
2565 0.78526 0.511148 0.00499646
2566 0.78526 0.515647 0.00506558
2567 0.78526 0.511703 0.00417409
2568 0.78526 0.516253 0.0045931
2569 0.78526 0.517947 0.00470204
2570 0.78526 0.514844 0.00497715
2571 0.78526 0.517168 0.00496026
2572 0.78526 0.513068 0.00481072
2573 0.78526 0.508823 0.0046955
2574 0.78526 0.514332 0.00422885
2575 0.78526 0.512599 0.00449029
2576 0.78526 0.513214 0.00427338
2577 0.78526 0.511041 0.00434832
2578 0.78526 0.512203 0.00543448
2579 0.78526 0.515781 0.00488686
2580 0.78526 0.511858 0.00546339
2581 0.78526 0.508718 0.00547111
2582 0.78526 0.511581 0.00509178
2583 0.78526 0.507069 0.0049197
2584 0.78526 0.509983 0.00437277
2585 0.78526 0.508622 0.00553225
2586 0.78526 0.517691 0.00498748
2587 0.78526 0.516754 0.00574701
2588 0.78526 0.512526 0.00651215
2589 0.78526 0.510845 0.00512895
2590 0.78526 0.517811 0.00427984
2591 0.78526 0.515311 0.00507609
2592 0.78526 0.50545 0.00530498
2593 0.78526 0.512099 0.00549794
2594 0.78526 0.520236 0.0051581
2595 0.78526 0.5177 0.00524077
2596 0.78526 0.519566 0.00520234
2597 0.78526 0.507154 0.0054079
2598 0.78526 0.517142 0.00513837
2599 0.78526 0.518063 0.0053014
2600 0.78526 0.502174 0.00557754
2601 0.78526 0.515963 0.00512774
2602 0.78526 0.50143 0.00524487
2603 0.78526 0.511425 0.00508822
2604 0.78526 0.517363 0.00593973
2605 0.78526 0.513626 0.00616487
2606 0.78526 0.522789 0.00542996
2607 0.78526 0.521663 0.00540498
2608 0.78526 0.516317 0.00465116
2609 0.78526 0.519687 0.00437564
2610 0.78526 0.513037 0.00454236
2611 0.78526 0.522075 0.00489856
2612 0.78526 0.520319 0.00470819
2613 0.78526 0.515911 0.00523823
2614 0.78526 0.520543 0.00492749
2615 0.78526 0.523273 0.00467152
2616 0.78526 0.516926 0.00483242
2617 0.78526 0.510295 0.00613648
2618 0.78526 0.516387 0.00581085
2619 0.78526 0.513728 0.00467808
2620 0.78526 0.51844 0.00474825
2621 0.78526 0.518488 0.00527342
2622 0.78526 0.514244 0.00519733
2623 0.78526 0.516536 0.00503753
2624 0.78526 0.519025 0.004923
2625 0.78526 0.513867 0.00483071
2626 0.78526 0.513309 0.00499549
2627 0.78526 0.511288 0.00577593
2628 0.78526 0.514759 0.00570915
2629 0.78526 0.517517 0.00552069
2630 0.78526 0.512504 0.00500373
2631 0.78526 0.509949 0.00533431
2632 0.78526 0.511214 0.00555858
2633 0.78526 0.518098 0.00539941
2634 0.78526 0.512759 0.00470808
2635 0.78526 0.511003 0.00482144
2636 0.78526 0.520858 0.00526354
2637 0.78526 0.51172 0.00542667
2638 0.78526 0.504993 0.00514333
2639 0.78526 0.514647 0.00499198
2640 0.78526 0.513596 0.00561594
2641 0.78526 0.513867 0.00479128
2642 0.78526 0.513939 0.00559869
2643 0.78526 0.511262 0.0054311
2644 0.78526 0.514329 0.00492262
2645 0.78526 0.510805 0.00501913
2646 0.78526 0.511867 0.00543725
2647 0.78526 0.519635 0.00539854
2648 0.78526 0.516721 0.00490989
2649 0.78526 0.515213 0.00574106
2650 0.78526 0.507599 0.00496072
2651 0.78526 0.509987 0.00471487
2652 0.78526 0.513281 0.00501454
2653 0.78526 0.510236 0.00558884
2654 0.78526 0.507681 0.00489118
2655 0.78526 0.510008 0.00562537
2656 0.78526 0.503685 0.00474549
2657 0.78526 0.514728 0.00500323
2658 0.78526 0.522237 0.00543284
2659 0.78526 0.502574 0.0049281
2660 0.78526 0.513788 0.00535297
2661 0.78526 0.510888 0.0051811
2662 0.78526 0.514566 0.0051643
2663 0.78526 0.50807 0.0053914
2664 0.78526 0.50919 0.00527866
2665 0.78526 0.512901 0.00502678
2666 0.78526 0.509922 0.00513593
2667 0.78526 0.505112 0.0049023
2668 0.78526 0.500591 0.00549095
2669 0.78526 0.51479 0.00515301
2670 0.78526 0.509492 0.00533464
2671 0.78526 0.509212 0.00476112
2672 0.78526 0.514373 0.00427453
2673 0.78526 0.503353 0.00559008
2674 0.78526 0.507329 0.00493141
2675 0.78526 0.505081 0.00518606
2676 0.78526 0.514031 0.00551648
2677 0.78526 0.51358 0.00537291
2678 0.78526 0.510221 0.00479516
2679 0.78526 0.509047 0.00488795
2680 0.78526 0.510085 0.00500273
2681 0.78526 0.506411 0.00492153
2682 0.78526 0.505642 0.00539026
2683 0.78526 0.516256 0.00463016
2684 0.78526 0.517383 0.00469718
2685 0.78526 0.509894 0.00518191
2686 0.78526 0.513067 0.00441642
2687 0.78526 0.517161 0.00456428
2688 0.78526 0.511084 0.00442424
2689 0.78526 0.506107 0.00526154
2690 0.78526 0.509625 0.00448811
2691 0.78526 0.512602 0.00469728
2692 0.78526 0.508838 0.00498908
2693 0.78526 0.513139 0.00505073
2694 0.78526 0.512187 0.00546149
2695 0.78526 0.497107 0.00670967
2696 0.78526 0.521438 0.00608967
2697 0.78526 0.510837 0.00544191
2698 0.78526 0.514795 0.00557831
2699 0.78526 0.516514 0.0056545
2700 0.78526 0.511966 0.00554435
2701 0.78526 0.510803 0.00503989
2702 0.78526 0.516903 0.00541482
2703 0.78526 0.514048 0.00489465
2704 0.78526 0.515209 0.00508648
2705 0.78526 0.51065 0.00519582
2706 0.78526 0.515751 0.00495947
2707 0.78526 0.512097 0.00527382
2708 0.78526 0.509028 0.0050542
2709 0.78526 0.506366 0.00569435
2710 0.78526 0.51211 0.00607826
2711 0.78526 0.513174 0.0051986
2712 0.78526 0.516974 0.00486203
2713 0.78526 0.512857 0.00473611
2714 0.78526 0.517019 0.00525658
2715 0.78526 0.513072 0.00527008
2716 0.78526 0.519036 0.00463739
2717 0.78526 0.511469 0.00549613
2718 0.78526 0.513876 0.00501822
2719 0.78526 0.511869 0.00487603
2720 0.78526 0.517837 0.00443416
2721 0.78526 0.52135 0.00539837
2722 0.78526 0.513192 0.00466966
2723 0.78526 0.514375 0.00492576
2724 0.78526 0.51645 0.0054133
2725 0.78526 0.514158 0.00523566
2726 0.78526 0.520461 0.00484099
2727 0.78526 0.505765 0.00510184
2728 0.78526 0.512669 0.00510551
2729 0.78526 0.513017 0.00538278
2730 0.78526 0.512229 0.00436671
2731 0.78526 0.521073 0.0045646
2732 0.78526 0.50927 0.00563605
2733 0.78526 0.505061 0.00509906
2734 0.78526 0.51756 0.00472146
2735 0.78526 0.52057 0.00496085
2736 0.78526 0.511193 0.00496198
2737 0.78526 0.511857 0.00551579
2738 0.78526 0.515261 0.00505287
2739 0.78526 0.517335 0.00508268
2740 0.78526 0.518945 0.00516934
2741 0.78526 0.508986 0.00479399
2742 0.78526 0.511775 0.00506884
2743 0.78526 0.513138 0.00503795
2744 0.78526 0.514469 0.00468792
2745 0.78526 0.51855 0.00430711
2746 0.78526 0.515719 0.00490725
2747 0.78526 0.512 0.00500994
2748 0.78526 0.511378 0.00430301
2749 0.78526 0.516361 0.0047447
2750 0.78526 0.517956 0.00446009
2751 0.78526 0.521167 0.00439601
2752 0.78526 0.516659 0.00519643
2753 0.78526 0.516532 0.00446824
2754 0.78526 0.514571 0.00596982
2755 0.78526 0.519074 0.00489486
2756 0.78526 0.516202 0.0044133
2757 0.78526 0.512182 0.00530654
2758 0.78526 0.520044 0.00520719
2759 0.78526 0.510451 0.00451756
2760 0.78526 0.518381 0.00551873
2761 0.78526 0.512478 0.0049722
2762 0.78526 0.514097 0.00495282
2763 0.78526 0.507854 0.00470214
2764 0.78526 0.515826 0.00534953
2765 0.78526 0.509704 0.00507429
2766 0.78526 0.514278 0.00473543
2767 0.78526 0.514423 0.00494048
2768 0.78526 0.517983 0.00494817
2769 0.78526 0.511606 0.00507995
2770 0.78526 0.519524 0.00529158
2771 0.78526 0.510411 0.00528214
2772 0.78526 0.520548 0.00455187
2773 0.78526 0.509803 0.00485903
2774 0.78526 0.509253 0.00467384
2775 0.78526 0.511923 0.00485445
2776 0.78526 0.510635 0.00551673
2777 0.78526 0.516344 0.00488762
2778 0.78526 0.510811 0.00491738
2779 0.78526 0.503366 0.00485231
2780 0.78526 0.526395 0.00541489
2781 0.78526 0.513952 0.0057691
2782 0.78526 0.513013 0.00535928
2783 0.78526 0.516778 0.00480127
2784 0.78526 0.511388 0.00497859
2785 0.78526 0.511856 0.00594242
2786 0.78526 0.513764 0.00459458
2787 0.78526 0.517309 0.00508029
2788 0.78526 0.523976 0.00490902
2789 0.78526 0.512797 0.00464822
2790 0.78526 0.5182 0.00518391
2791 0.78526 0.513601 0.00597488
2792 0.78526 0.525122 0.0048186
2793 0.78526 0.513507 0.00499183
2794 0.78526 0.510029 0.00557361
2795 0.78526 0.510766 0.0049448
2796 0.78526 0.511263 0.00523365
2797 0.78526 0.51947 0.00463893
2798 0.78526 0.511824 0.00502235
2799 0.78526 0.517538 0.00497353
2800 0.78526 0.513723 0.00489968
2801 0.78526 0.508522 0.00467122
2802 0.78526 0.509934 0.00500489
2803 0.78526 0.516013 0.00499596
2804 0.78526 0.520691 0.00497746
2805 0.78526 0.51647 0.00524855
2806 0.78526 0.507451 0.00505053
2807 0.78526 0.514924 0.00522274
2808 0.78526 0.520874 0.00511162
2809 0.78526 0.521083 0.00544467
2810 0.78526 0.51423 0.00537066
2811 0.78526 0.507202 0.0051515
2812 0.78526 0.508805 0.00583231
2813 0.78526 0.517663 0.00559064
2814 0.78526 0.516378 0.00531181
2815 0.78526 0.519565 0.00529202
2816 0.78526 0.512861 0.00521702
2817 0.78526 0.516182 0.00583807
2818 0.78526 0.521521 0.00511334
2819 0.78526 0.51257 0.00567924
2820 0.78526 0.515174 0.00522342
2821 0.78526 0.521979 0.00627403
2822 0.78526 0.513349 0.00577068
2823 0.78526 0.504442 0.00529912
2824 0.78526 0.514043 0.00499391
2825 0.78526 0.516735 0.00507074
2826 0.78526 0.516867 0.00502659
2827 0.78526 0.514469 0.00463042
2828 0.78526 0.505013 0.00590592
2829 0.78526 0.510647 0.00533573
2830 0.78526 0.512586 0.00487123
2831 0.78526 0.507153 0.00553212
2832 0.78526 0.509779 0.00617574
2833 0.78526 0.508632 0.0049612
2834 0.78526 0.515825 0.00491852
2835 0.78526 0.525053 0.00475979
2836 0.78526 0.517558 0.00508369
2837 0.78526 0.509528 0.00573557
2838 0.78526 0.51566 0.00503285
2839 0.78526 0.514143 0.0057247
2840 0.78526 0.50565 0.00545798
2841 0.78526 0.521296 0.00544724
2842 0.78526 0.512414 0.00575834
2843 0.78526 0.511725 0.00559453
2844 0.78526 0.512329 0.00520661
2845 0.78526 0.511514 0.00469823
2846 0.78526 0.510529 0.00540614
2847 0.78526 0.521313 0.00557524
2848 0.78526 0.513768 0.00497863
2849 0.78526 0.510906 0.00558792
2850 0.78526 0.504651 0.0051701
2851 0.78526 0.5139 0.00604049
2852 0.78526 0.513932 0.0051359
2853 0.78526 0.509255 0.00536303
2854 0.78526 0.508896 0.00528844
2855 0.78526 0.512727 0.00516483
2856 0.78526 0.510588 0.00546413
2857 0.78526 0.510504 0.00520138
2858 0.78526 0.515342 0.00510945
2859 0.78526 0.516229 0.00563302
2860 0.78526 0.513784 0.005316
2861 0.78526 0.508811 0.00536738
2862 0.78526 0.515183 0.00503612
2863 0.78526 0.514884 0.00562423
2864 0.78526 0.51101 0.00548574
2865 0.78526 0.506775 0.00563682
2866 0.78526 0.517458 0.00501619
2867 0.78526 0.519262 0.00496895
2868 0.78526 0.515911 0.00500807
2869 0.78526 0.510122 0.00561694
2870 0.78526 0.507972 0.00490032
2871 0.78526 0.508845 0.00453351
2872 0.78526 0.525989 0.00430339
2873 0.78526 0.515375 0.0043984
2874 0.78526 0.512599 0.00505684
2875 0.78526 0.513234 0.0051922
2876 0.78526 0.517534 0.00484401
2877 0.78526 0.515511 0.00481498
2878 0.78526 0.514189 0.00514156
2879 0.78526 0.510012 0.00548643
2880 0.78526 0.514898 0.00494399
2881 0.78526 0.516283 0.0046553
2882 0.78526 0.508945 0.00535626
2883 0.78526 0.514857 0.00479135
2884 0.78526 0.516192 0.00544808
2885 0.78526 0.51207 0.004804
2886 0.78526 0.515857 0.00486259
2887 0.78526 0.512556 0.00516383
2888 0.78526 0.508507 0.00534362
2889 0.78526 0.51011 0.00545005
2890 0.78526 0.511583 0.00487758
2891 0.78526 0.510739 0.00490987
2892 0.78526 0.514187 0.00449002
2893 0.78526 0.512227 0.00467707
2894 0.78526 0.505832 0.00488898
2895 0.78526 0.516575 0.00437307
2896 0.78526 0.523959 0.00490333
2897 0.78526 0.512319 0.0048351
2898 0.78526 0.514686 0.00459291
2899 0.78526 0.519323 0.004819
2900 0.78526 0.516393 0.0046019
2901 0.78526 0.522381 0.005251
2902 0.78526 0.51878 0.0052883
2903 0.78526 0.516667 0.00461859
2904 0.78526 0.505703 0.00518801
2905 0.78526 0.511876 0.00506261
2906 0.78526 0.502025 0.00494482
2907 0.78526 0.511135 0.00516673
2908 0.78526 0.516111 0.00523227
2909 0.78526 0.513342 0.00496622
2910 0.78526 0.51496 0.00474984
2911 0.78526 0.51595 0.00542486
2912 0.78526 0.511624 0.00498958
2913 0.78526 0.51546 0.00480932
2914 0.78526 0.517091 0.00477151
2915 0.78526 0.513367 0.00542132
2916 0.78526 0.506615 0.00559572
2917 0.78526 0.513626 0.00500749
2918 0.78526 0.510724 0.00497748
2919 0.78526 0.517195 0.00467675
2920 0.78526 0.522152 0.00528346
2921 0.78526 0.516221 0.00493533
2922 0.78526 0.510676 0.00493783
2923 0.78526 0.508748 0.00564748
2924 0.78526 0.51367 0.00534334
2925 0.78526 0.518294 0.00617277
2926 0.78526 0.518979 0.00464122
2927 0.78526 0.518209 0.0049716
2928 0.78526 0.511408 0.00621949
2929 0.78526 0.5125 0.00532122
2930 0.78526 0.518646 0.00489837
2931 0.78526 0.509152 0.00498322
2932 0.78526 0.512153 0.00507408
2933 0.78526 0.522217 0.00560921
2934 0.78526 0.509111 0.00496099
2935 0.78526 0.513286 0.00542124
2936 0.78526 0.529362 0.00589245
2937 0.78526 0.511819 0.00529102
2938 0.78526 0.519527 0.00499874
2939 0.78526 0.520829 0.00520616
2940 0.78526 0.510832 0.00493912
2941 0.78526 0.51799 0.00539654
2942 0.78526 0.511474 0.00496164
2943 0.78526 0.525825 0.00476182
2944 0.78526 0.512933 0.00515156
2945 0.78526 0.510976 0.00497267
2946 0.78526 0.514378 0.0043876
2947 0.78526 0.51018 0.00541973
2948 0.78526 0.512235 0.00451749
2949 0.78526 0.517801 0.00544255
2950 0.78526 0.508334 0.00509143
2951 0.78526 0.513095 0.0048066
2952 0.78526 0.519562 0.00493537
2953 0.78526 0.510152 0.00526571
2954 0.78526 0.518689 0.00525119
2955 0.78526 0.518262 0.00514263
2956 0.78526 0.510169 0.00551098
2957 0.78526 0.516617 0.00501985
2958 0.78526 0.517375 0.00503246
2959 0.78526 0.510566 0.00504544
2960 0.78526 0.502753 0.00518963
2961 0.78526 0.51108 0.00488997
2962 0.78526 0.514027 0.00466682
2963 0.78526 0.515274 0.00434955
2964 0.78526 0.515612 0.00552626
2965 0.78526 0.517232 0.00529355
2966 0.78526 0.512201 0.00490809
2967 0.78526 0.514981 0.00435699
2968 0.78526 0.519848 0.00515589
2969 0.78526 0.506201 0.00534651
2970 0.78526 0.512619 0.00457627
2971 0.78526 0.522629 0.00555001
2972 0.78526 0.521032 0.00488893
2973 0.78526 0.513579 0.00500143
2974 0.78526 0.515794 0.00503172
2975 0.78526 0.510064 0.0054133
2976 0.78526 0.515081 0.00492165
2977 0.78526 0.517565 0.00527089
2978 0.78526 0.514694 0.00541882
2979 0.78526 0.515759 0.00544125
2980 0.78526 0.512155 0.0052139
2981 0.78526 0.511478 0.00510139
2982 0.78526 0.511411 0.00532377
2983 0.78526 0.510668 0.00555229
2984 0.78526 0.511591 0.00610333
2985 0.78526 0.49931 0.00579141
2986 0.78526 0.514468 0.00496547
2987 0.78526 0.510179 0.00514574
2988 0.78526 0.508918 0.00531405
2989 0.78526 0.51458 0.00556821
2990 0.78526 0.504639 0.00601106
2991 0.78526 0.517487 0.00532282
2992 0.78526 0.513943 0.00500292
2993 0.78526 0.507187 0.00525149
2994 0.78526 0.509576 0.00512368
2995 0.78526 0.517516 0.00499415
2996 0.78526 0.515567 0.00510042
2997 0.78526 0.516721 0.0059244
2998 0.78526 0.521848 0.00535833
2999 0.78526 0.517546 0.00498085
3000 0.78526 0.509648 0.0051401
