2
3
-55.4765
4.9454
0
0.0967748
0.276004
1
-54.8263
8
0
0.172816
0.255432
1
0.0246678
0.223784
1
0.237844
0.451154
0.063607
1.73415
1.23133
0.317913
1.3627
0.434353
1.31806
1.08712
0
1.12545
0
0.28873
1.59254
1.89037
1.88616
1.13245
1.69675
1.6305
0.855183
1.40776
0.824055
1.91276
0.844665
1.9363
0.541877
1.09763
1.53351
1.99968
1.4145
1.48695
0.902419
1.8454
1.66599
0.612205
0.027732
1.37491
0.0924118
0
1.59398
0.581773
1.2716
0.24095
0.787508
1.87264
1.12695
0.566847
0.0022104
0.88694
1.68878
2
0.60265
0.00467839
0.409128
0.600748
1.97581
0.544779
0.746606
1.10092
0.686337
0.998468
1.98337
0.652125
1.57541
0.330649
2
1.41827
0.00247124
1.04254
1.38942
0.547027
0.791686
1.29918
1.26779
1.36079
0.150932
880.396
170
