4
1
-59.5398
3.8104
0
-55.7061
2.97198
0
-63.2507
7.3675
0
-63.6908
6.87731
0
0.0480519
0.215053
1
0.756682
0.236033
1.73972
0.265126
1.43743
1.61336
0.189207
1.24833
0.218896
0.409618
1.56831
0.675476
0.665431
0.82421
0.510833
0.993336
0.695734
0.85149
0.876111
1.34227
0.0467145
1.60804
0.357754
1.69846
0.0500616
0.614565
1.87928
1.47989
0.401451
0.722691
0.239364
1.96718
0.302658
0.519615
0.357038
0.362785
0.95518
0.726908
0.48499
0.38746
1.03722
1.98025
1.57531
0.80758
0.623238
0.498457
0.982292
0.176215
1.29446
1.73982
0.331021
0.943716
1.52592
1.03822
0.116527
0.776933
1.89346
0.449111
0.718829
0.958585
0.0070354
1.99737
1.07882
0.890495
1.25389
1.84925
0.640579
1.76133
1.14972
1.34119
0.820103
