3
2
0.108677
0.200084
1
-51.9839
7.3807
0
-54.7731
6.65161
0
-53.0426
3.48449
0
0.0837373
0.270098
1
0.404693
0.951221
1.62483
0.476843
1.09367
0.340745
0.447723
1.06853
0.959248
0.438381
1.06329
0.259867
1.60829
0.975033
1.99977
1.84569
0.708735
1.09008
0.613588
0.443332
0.776016
1.86739
0.506763
1.10483
1.7884
1.99965
0.110195
1.13282
1.21388
1.77149
0.406559
0.737394
1.97281
1.70506
1.84211
0.195355
0.267459
1.22131
1.82925
1.34715
0.916126
0.339442
1.48346
1.94279
1.10879
0.834742
1.78237
0.995721
0.538393
0.208751
0.64729
0.562133
1.71179
1.69552
0.305501
1.49783
1.97145
1.67856
0.267134
1.14326
1.97979
1.57174
1.10322
1.38298
1.02466
0.0486904
1.70145
0.256076
0.801333
0.836913
0.105301
0.0972404
1.19998
0.03131
1.60545
