4
1
-54.5037
4.38009
0
-51.6274
2.42278
0
0.0375681
0.217737
1
-64.2905
6.72831
0
-64.9687
6.42506
0
0.992841
0.484469
0.626057
0.104978
1.7091
1.0473
1.31789
0.350441
0.663658
0.910956
0.256669
0.88277
0.874195
1.58348
0.130093
1.67585
1.80985
0.923764
1.17968
0.785
1.96828
0.00987586
1.68434
0.309864
0.380712
0.847158
1.88856
1.96513
1.73421
1.12553
0.0504632
0.439482
0.637333
0.985478
0.119733
1.28974
1.58062
1.65113
0.658185
1.03211
1.51174
0.220296
1.98127
1.0069
1.70364
1.00595
0.971813
1.85356
1.50822
0.117386
1.45286
0.613064
1.22778
1.58364
0.606495
0.264163
1.27345
0.382633
1.29425
0.983507
1.99035
0.85538
0.95221
1.20121
1.9555
1.24829
1.4117
0.244662
1.5084
1.90283
1.35404
0.0706121
1.19885
0.666647
1.14978
0.753623
1076.81
