0 0.570355 0.501857 0.000497362
1 0.575621 0.506047 0.000471801
2 0.599118 0.50201 0.000683015
3 0.599118 0.501856 0.000592143
4 0.599118 0.501055 0.000658142
5 0.599118 0.505478 0.000677935
6 0.599118 0.505416 0.00067428
7 0.599118 0.50284 0.000760536
8 0.599118 0.504525 0.00076299
9 0.599118 0.50465 0.000972297
10 0.691488 0.509722 0.00122638
11 0.691488 0.506023 0.00163743
12 0.691488 0.50542 0.00186122
13 0.691488 0.508292 0.00175629
14 0.691488 0.511601 0.00189722
15 0.691488 0.510704 0.00228451
16 0.691488 0.507729 0.00211543
17 0.691488 0.507639 0.00214182
18 0.691488 0.512465 0.00185613
19 0.691488 0.513613 0.00295588
20 0.691488 0.512142 0.00211788
21 0.691488 0.507167 0.00193957
22 0.691488 0.514844 0.00212317
23 0.691488 0.513769 0.00268147
24 0.706678 0.513265 0.00306008
25 0.706678 0.513547 0.00252698
26 0.706678 0.51596 0.00271465
27 0.706678 0.515667 0.0025064
28 0.706678 0.512986 0.00285787
29 0.706678 0.509596 0.00301453
30 0.706678 0.50872 0.00258716
31 0.706678 0.51611 0.00269005
32 0.706678 0.516104 0.00272144
33 0.706678 0.513673 0.0029118
34 0.706678 0.512378 0.00340368
35 0.706678 0.512894 0.00307576
36 0.706678 0.514461 0.00323217
37 0.706678 0.515087 0.0035524
38 0.706678 0.51124 0.0030653
39 0.706678 0.510471 0.00352455
40 0.706678 0.518937 0.00328086
41 0.706678 0.518126 0.00442782
42 0.706678 0.511794 0.00485118
43 0.706678 0.51929 0.00351563
44 0.706678 0.515884 0.00322275
45 0.706678 0.516889 0.00358296
46 0.706678 0.515441 0.00416325
47 0.706678 0.519544 0.00389406
48 0.706678 0.523422 0.00450677
49 0.706678 0.520461 0.00398731
50 0.706678 0.526252 0.00400853
51 0.706678 0.534956 0.00405226
52 0.706678 0.530942 0.00400107
53 0.706678 0.530906 0.00376001
54 0.706678 0.529874 0.00393282
55 0.706678 0.527274 0.00425143
56 0.706678 0.52909 0.00394793
57 0.706678 0.524387 0.00345196
58 0.706678 0.525949 0.00397224
59 0.706678 0.523955 0.00416473
60 0.706678 0.532025 0.00380165
61 0.706678 0.518505 0.00490711
62 0.706678 0.530493 0.00457413
63 0.706678 0.531692 0.00381165
64 0.706678 0.529424 0.00416182
65 0.706678 0.542133 0.003498
66 0.706678 0.530605 0.00421739
67 0.706678 0.539548 0.00369224
68 0.706678 0.533581 0.00401547
69 0.706678 0.538406 0.00369857
70 0.707558 0.533308 0.00470056
71 0.707558 0.529508 0.00422583
72 0.707558 0.52866 0.00413863
73 0.707558 0.535425 0.0043976
74 0.707558 0.53279 0.00430013
75 0.707558 0.528288 0.00446691
76 0.707558 0.538614 0.00399906
77 0.707558 0.544575 0.00342463
78 0.707558 0.529956 0.00394695
79 0.707558 0.539089 0.00388114
80 0.707558 0.539666 0.00380586
81 0.707558 0.552618 0.00403861
82 0.707558 0.538133 0.00364943
83 0.707558 0.530813 0.00408339
84 0.707558 0.526577 0.00441753
85 0.707558 0.534115 0.00353677
86 0.707558 0.53738 0.00346377
87 0.707558 0.538581 0.00346103
88 0.707558 0.531533 0.00439651
89 0.707558 0.530243 0.00459023
90 0.707558 0.537791 0.00393944
91 0.707558 0.528865 0.00358533
92 0.707558 0.541248 0.00422944
93 0.707558 0.536871 0.00397814
94 0.707558 0.527031 0.00438395
95 0.707558 0.52563 0.00395405
96 0.707558 0.527554 0.00370589
97 0.707558 0.538849 0.00368657
98 0.707558 0.538825 0.00397495
99 0.707558 0.526897 0.00384525
100 0.707558 0.532489 0.00458396
101 0.707558 0.539634 0.00354997
102 0.710488 0.536504 0.00433398
103 0.710488 0.536006 0.00425822
104 0.710488 0.530494 0.00445768
105 0.710488 0.541597 0.00332606
106 0.710488 0.542299 0.00397032
107 0.710488 0.535089 0.00397393
108 0.710488 0.536472 0.00479901
109 0.729605 0.533337 0.0047452
110 0.729605 0.536163 0.00429108
111 0.729605 0.530212 0.00425416
112 0.729605 0.541043 0.00414007
113 0.729605 0.528737 0.00418407
114 0.729605 0.537537 0.00477473
115 0.729605 0.540469 0.00411755
116 0.729605 0.557399 0.00407268
117 0.729605 0.551387 0.00441314
118 0.729605 0.544607 0.0047148
119 0.729605 0.541713 0.00400137
120 0.742682 0.530645 0.00528387
121 0.742682 0.538457 0.00457771
122 0.742682 0.531189 0.00467933
123 0.742682 0.544641 0.00347644
124 0.742682 0.538268 0.00456084
125 0.742682 0.53967 0.00461779
126 0.742682 0.539355 0.00392857
127 0.742682 0.531244 0.0043877
128 0.742682 0.54469 0.00386211
129 0.742682 0.543243 0.00342207
130 0.742682 0.54535 0.00501774
131 0.742682 0.542484 0.00484518
132 0.742682 0.541219 0.00422161
133 0.742682 0.536608 0.00377085
134 0.742682 0.54738 0.00386391
135 0.742682 0.546879 0.0038129
136 0.742682 0.545083 0.00490195
137 0.742682 0.542726 0.00348719
138 0.742682 0.541306 0.00371354
139 0.742682 0.530882 0.00431576
140 0.742682 0.548138 0.00369917
141 0.742682 0.54057 0.00450414
142 0.742682 0.541383 0.00471352
143 0.745542 0.538208 0.00545197
144 0.745542 0.537078 0.00450817
145 0.745542 0.546252 0.00466949
146 0.745542 0.538851 0.00455893
147 0.745542 0.545159 0.0042884
148 0.745542 0.533593 0.00387845
149 0.745542 0.5391 0.00454474
150 0.745542 0.539036 0.00415971
151 0.745542 0.545509 0.00446073
152 0.745542 0.549524 0.00431976
153 0.747001 0.54406 0.00607382
154 0.747001 0.555138 0.0043155
155 0.747001 0.54644 0.00455244
156 0.747001 0.545716 0.00496076
157 0.747001 0.546407 0.00467458
158 0.747001 0.544574 0.00479944
159 0.747001 0.537553 0.00539079
160 0.747001 0.534501 0.00524284
161 0.747001 0.541932 0.00420276
162 0.747001 0.544148 0.00493108
163 0.747001 0.542379 0.00404458
164 0.747001 0.5435 0.00432052
165 0.747001 0.545298 0.00481581
166 0.747001 0.554731 0.00398152
167 0.747001 0.548775 0.00467928
168 0.747001 0.538138 0.00527628
169 0.747001 0.545657 0.00473588
170 0.747001 0.53922 0.00489749
171 0.747001 0.544202 0.00457658
172 0.747001 0.542912 0.00424387
173 0.747001 0.537075 0.00446473
174 0.747001 0.544147 0.00457227
175 0.747001 0.546528 0.00460179
176 0.747001 0.548702 0.00428975
177 0.747001 0.534617 0.00477472
178 0.747001 0.534937 0.00463808
179 0.747001 0.531177 0.00469597
180 0.747001 0.535292 0.0041444
181 0.747001 0.533155 0.00392895
182 0.747001 0.537453 0.0039917
183 0.747001 0.535929 0.00486998
184 0.747001 0.542574 0.0052645
185 0.747001 0.542306 0.00453577
186 0.747001 0.542165 0.00442999
187 0.747001 0.543395 0.00437178
188 0.747001 0.545934 0.00479711
189 0.747001 0.53608 0.00509002
190 0.747001 0.54783 0.00470412
191 0.747001 0.538281 0.00497163
192 0.747001 0.53915 0.00466011
193 0.747001 0.548779 0.00419653
194 0.747001 0.543145 0.00412204
195 0.747001 0.546 0.00450721
196 0.747001 0.537343 0.00507046
197 0.747001 0.535898 0.00495104
198 0.747001 0.536315 0.00497954
199 0.747001 0.541053 0.00447762
200 0.747001 0.537796 0.00472538
201 0.747001 0.538639 0.00480633
202 0.747001 0.538614 0.00438311
203 0.747001 0.545929 0.0049618
204 0.747001 0.534535 0.00435151
205 0.747001 0.544648 0.00433871
206 0.747001 0.546684 0.00502664
207 0.747001 0.542546 0.00402345
208 0.747001 0.543528 0.00451908
209 0.747001 0.547816 0.00435006
210 0.747001 0.541209 0.00474557
211 0.747001 0.548071 0.00400162
212 0.747787 0.545676 0.00462384
213 0.747787 0.542478 0.00393786
214 0.747787 0.539444 0.00452067
215 0.747787 0.548619 0.00488308
216 0.747787 0.544509 0.00375068
217 0.764231 0.551561 0.00404669
218 0.764231 0.546179 0.00494512
219 0.764231 0.548252 0.00460214
220 0.764231 0.546858 0.00451526
221 0.764231 0.552178 0.00538081
222 0.764231 0.555128 0.0049892
223 0.764231 0.544094 0.00544491
224 0.764231 0.554448 0.00496261
225 0.764231 0.557341 0.0047683
226 0.764231 0.552357 0.00419656
227 0.764231 0.546541 0.00487227
228 0.764231 0.547061 0.00471169
229 0.764231 0.543619 0.00449778
230 0.764231 0.546413 0.00461675
231 0.764231 0.545283 0.00419048
232 0.764231 0.54547 0.00440497
233 0.764231 0.551938 0.00409901
234 0.764231 0.543896 0.00369467
235 0.764231 0.555152 0.00369155
236 0.764231 0.546469 0.00403215
237 0.764231 0.539104 0.00468128
238 0.764231 0.540807 0.00431419
239 0.764231 0.545808 0.00460637
240 0.764231 0.550311 0.00550216
241 0.764231 0.534408 0.00512753
242 0.764231 0.541057 0.00465989
243 0.764231 0.546181 0.00543602
244 0.764231 0.544311 0.00453702
245 0.764231 0.538173 0.00479692
246 0.764231 0.532281 0.00486018
247 0.764231 0.542759 0.00459133
248 0.764231 0.540453 0.00474453
249 0.764231 0.539402 0.00473414
250 0.764231 0.543872 0.00390451
251 0.764231 0.546244 0.00495198
252 0.764231 0.537184 0.00488157
253 0.764231 0.531237 0.00469871
254 0.764231 0.544018 0.00509427
255 0.764231 0.545413 0.00444433
256 0.764231 0.55324 0.00545736
257 0.764231 0.551433 0.00482233
258 0.764231 0.551075 0.0056937
259 0.764231 0.554846 0.00527238
260 0.764231 0.549904 0.00534832
261 0.764231 0.53805 0.00450578
262 0.764231 0.547335 0.00436036
263 0.764231 0.547292 0.00504296
264 0.764231 0.551149 0.00448664
265 0.764231 0.554096 0.00452044
266 0.764231 0.548695 0.00461641
267 0.764231 0.545699 0.00424672
268 0.764231 0.542672 0.00426197
269 0.764231 0.54978 0.00423825
270 0.764231 0.549688 0.00406374
271 0.764231 0.535355 0.00556008
272 0.764231 0.547298 0.00388846
273 0.764231 0.540226 0.00491834
274 0.764231 0.546938 0.0044807
275 0.764231 0.548774 0.00405006
276 0.764231 0.553013 0.00406317
277 0.764231 0.551539 0.00491349
278 0.764231 0.55077 0.00387734
279 0.764231 0.545513 0.00447769
280 0.764231 0.54639 0.00417616
281 0.764231 0.553427 0.00401263
282 0.764231 0.553593 0.0045126
283 0.764231 0.548869 0.00457123
284 0.764231 0.544958 0.00496046
285 0.764231 0.541642 0.00554
286 0.764231 0.549542 0.0050242
287 0.764231 0.5458 0.00467272
288 0.764231 0.547164 0.00440993
289 0.764231 0.546034 0.00421812
290 0.764231 0.545126 0.00478659
291 0.764231 0.557649 0.00449458
292 0.764231 0.552231 0.00421818
293 0.764231 0.552283 0.00540912
294 0.764231 0.562852 0.00415921
295 0.764231 0.541614 0.00470748
296 0.76551 0.544504 0.00499351
297 0.76551 0.543931 0.00492921
298 0.76551 0.544273 0.00505052
299 0.76551 0.552914 0.00474317
300 0.76551 0.54849 0.00515979
301 0.76551 0.542606 0.00507034
302 0.76551 0.550926 0.00414308
303 0.76551 0.55309 0.00457348
304 0.76551 0.548472 0.00525056
305 0.76551 0.555591 0.00495238
306 0.76551 0.552224 0.00445507
307 0.76551 0.554054 0.00457066
308 0.76551 0.554861 0.00456747
309 0.76551 0.560462 0.00431495
310 0.76551 0.562589 0.00508557
311 0.76551 0.549457 0.00497168
312 0.76551 0.550287 0.00449241
313 0.76551 0.547181 0.00482771
314 0.76551 0.551958 0.00449919
315 0.76551 0.550332 0.00474556
316 0.76551 0.559368 0.00404422
317 0.76551 0.558083 0.00475207
318 0.76551 0.555401 0.00453945
319 0.76551 0.552058 0.00415434
320 0.76551 0.55551 0.00465594
321 0.76551 0.550953 0.00436416
322 0.76551 0.54807 0.00444425
323 0.76551 0.553929 0.00432842
324 0.76551 0.553053 0.00442833
325 0.76551 0.549306 0.0054133
326 0.76551 0.545843 0.00507108
327 0.76551 0.543481 0.00467604
328 0.76551 0.547532 0.00508932
329 0.76551 0.564118 0.00407318
330 0.76551 0.55256 0.0052248
331 0.76551 0.561337 0.00485378
332 0.76551 0.554635 0.00521647
333 0.76551 0.559586 0.00530481
334 0.76551 0.561272 0.00471882
335 0.76551 0.553681 0.00510173
336 0.76551 0.551057 0.00512815
337 0.76551 0.559561 0.0048806
338 0.76551 0.563335 0.00439939
339 0.76551 0.55382 0.00459759
340 0.76551 0.554879 0.00446272
341 0.76551 0.55891 0.00457399
342 0.76551 0.555295 0.00484634
343 0.76551 0.546089 0.00492732
344 0.76551 0.556317 0.00446659
345 0.76551 0.546374 0.00478065
346 0.76551 0.549103 0.0050468
347 0.76551 0.546809 0.00451623
348 0.76551 0.54666 0.00467747
349 0.76551 0.54669 0.00450749
350 0.76551 0.552125 0.00464717
351 0.76551 0.544479 0.00472455
352 0.76551 0.544043 0.00618686
353 0.76551 0.55009 0.0058095
354 0.76551 0.553237 0.00463373
355 0.76551 0.554161 0.00513476
356 0.76551 0.545029 0.00475537
357 0.76551 0.545016 0.00463631
358 0.76551 0.54508 0.00487651
359 0.76551 0.546927 0.0047739
360 0.76551 0.549893 0.00437859
361 0.76551 0.558669 0.00484374
362 0.76551 0.557744 0.00496234
363 0.76551 0.554445 0.00436321
364 0.76551 0.554777 0.00492156
365 0.76551 0.556122 0.00413525
366 0.76551 0.560305 0.00438323
367 0.76551 0.558135 0.00522568
368 0.76551 0.556571 0.00590954
369 0.76551 0.559133 0.00479144
370 0.76551 0.556274 0.00418438
371 0.76551 0.560407 0.00478056
372 0.76551 0.561029 0.00441216
373 0.76551 0.557621 0.00531346
374 0.76551 0.556343 0.00479105
375 0.76551 0.569566 0.00486402
376 0.76551 0.556011 0.00475577
377 0.76551 0.558433 0.00500834
378 0.76551 0.551797 0.0038921
379 0.76551 0.550214 0.00413704
380 0.76551 0.557719 0.00394471
381 0.76551 0.553997 0.00380445
382 0.76551 0.553954 0.00394437
383 0.76551 0.552185 0.00450714
384 0.76551 0.556842 0.00496633
385 0.76551 0.552601 0.00456696
386 0.76551 0.55356 0.00496267
387 0.76551 0.548168 0.0049884
388 0.76551 0.550563 0.00524522
389 0.76551 0.551755 0.00504043
390 0.76551 0.549661 0.00525803
391 0.76551 0.560598 0.00443542
392 0.76551 0.552148 0.00465966
393 0.76551 0.554184 0.00452166
394 0.76551 0.550369 0.00425359
395 0.76551 0.543258 0.00425078
396 0.76551 0.544864 0.00458598
397 0.76551 0.55321 0.0042669
398 0.76551 0.548403 0.00449797
399 0.76551 0.544777 0.00546172
400 0.76551 0.546787 0.00499291
401 0.76551 0.550725 0.00510277
402 0.76551 0.55615 0.00450871
403 0.76551 0.549131 0.00487647
404 0.76551 0.554801 0.00510018
405 0.76551 0.542887 0.00458014
406 0.76551 0.551272 0.00472055
407 0.76551 0.552802 0.00413787
408 0.76551 0.547636 0.00460488
409 0.76551 0.550059 0.00459324
410 0.76551 0.550371 0.00407478
411 0.76551 0.551458 0.00474574
412 0.76551 0.555111 0.00480342
413 0.76551 0.552696 0.00487859
414 0.76551 0.550611 0.00418874
415 0.76551 0.544228 0.0047318
416 0.76551 0.553262 0.00534599
417 0.76551 0.552247 0.00508143
418 0.76551 0.554749 0.00532842
419 0.76551 0.544229 0.00463577
420 0.76551 0.546216 0.0045372
421 0.76551 0.555164 0.00467344
422 0.76551 0.555554 0.00437943
423 0.76551 0.550892 0.00526722
424 0.76551 0.55018 0.00453055
425 0.76551 0.547184 0.00471303
426 0.76551 0.552227 0.00566522
427 0.76551 0.553934 0.0048303
428 0.76551 0.550925 0.00525186
429 0.76551 0.555586 0.00477231
430 0.76551 0.549771 0.00482085
431 0.76551 0.554159 0.00401363
432 0.76551 0.552885 0.00398957
433 0.76551 0.555062 0.0054121
434 0.76551 0.554238 0.0053396
435 0.76551 0.560392 0.00529898
436 0.76551 0.551429 0.00505971
437 0.76551 0.553665 0.00486833
438 0.76551 0.55548 0.00519704
439 0.76551 0.553947 0.00419223
440 0.76551 0.54713 0.00474681
441 0.76551 0.55833 0.00419747
442 0.76551 0.558919 0.00470496
443 0.76551 0.556084 0.00514795
444 0.76551 0.54982 0.00489043
445 0.76551 0.556858 0.00420281
446 0.76551 0.561012 0.00490628
447 0.76551 0.566359 0.00401586
448 0.76551 0.560265 0.004618
449 0.76551 0.552141 0.00438545
450 0.76551 0.547036 0.00447067
451 0.76551 0.548527 0.0050665
452 0.76551 0.552608 0.00498671
453 0.76551 0.551583 0.00478602
454 0.76551 0.552561 0.00474722
455 0.76551 0.550036 0.00512034
456 0.76551 0.55691 0.00536112
457 0.76551 0.557696 0.00406837
458 0.76551 0.546073 0.00492464
459 0.76551 0.5437 0.00496651
460 0.76551 0.555218 0.00528759
461 0.76551 0.559805 0.00519578
462 0.76551 0.553739 0.00415144
463 0.76551 0.555991 0.00426933
464 0.76551 0.553441 0.00462898
465 0.76551 0.557422 0.00517858
466 0.76551 0.550872 0.00468993
467 0.772463 0.554156 0.00565843
468 0.772463 0.551987 0.00485494
469 0.772463 0.559398 0.00439912
470 0.772463 0.548797 0.00466992
471 0.772463 0.550537 0.00493538
472 0.772463 0.560226 0.00466914
473 0.772463 0.552628 0.00499891
474 0.772463 0.557106 0.00453129
475 0.772463 0.555637 0.00490984
476 0.772463 0.552215 0.00540504
477 0.772463 0.547799 0.00499659
478 0.772463 0.544422 0.00549591
479 0.772463 0.547345 0.00556065
480 0.772463 0.542822 0.00517312
481 0.772463 0.544021 0.00467075
482 0.772463 0.543215 0.00447836
483 0.772463 0.551553 0.00556441
484 0.772463 0.550333 0.0046788
485 0.772463 0.556911 0.00599562
486 0.772463 0.561659 0.00571483
487 0.772463 0.557859 0.00470849
488 0.772463 0.551861 0.00455186
489 0.772463 0.554205 0.00489038
490 0.772463 0.561541 0.00371895
491 0.772463 0.561854 0.00394475
492 0.772463 0.558481 0.00414469
493 0.772463 0.552323 0.00517018
494 0.772463 0.558683 0.00506571
495 0.772463 0.553561 0.00500652
496 0.772463 0.547858 0.00526066
497 0.772463 0.544493 0.00485997
498 0.772463 0.534192 0.00496815
499 0.772463 0.548603 0.00534063
500 0.772463 0.545108 0.00572285
501 0.772463 0.541833 0.00472669
502 0.772463 0.541272 0.00454466
503 0.772463 0.553418 0.00515437
504 0.772463 0.552948 0.00505063
505 0.772463 0.554801 0.00411458
506 0.772463 0.548112 0.00524544
507 0.772463 0.55169 0.00527867
508 0.772463 0.550621 0.00519888
509 0.772463 0.546727 0.00448505
510 0.772463 0.551847 0.00433099
511 0.772463 0.551649 0.00570019
512 0.772463 0.550706 0.00543526
513 0.772463 0.550238 0.00528511
514 0.772463 0.549575 0.0051796
515 0.772463 0.555326 0.00537268
516 0.772463 0.558935 0.00520755
517 0.772463 0.565816 0.00522422
518 0.772463 0.551581 0.00505698
519 0.772463 0.560627 0.00431766
520 0.772463 0.555877 0.00524535
521 0.772463 0.55668 0.0049841
522 0.772463 0.559628 0.0050329
523 0.772463 0.552652 0.00466012
524 0.772463 0.55735 0.00532809
525 0.772463 0.556682 0.00520923
526 0.772463 0.558924 0.00549766
527 0.772463 0.554816 0.00570009
528 0.772463 0.54979 0.00515347
529 0.772463 0.554317 0.00451624
530 0.772463 0.550679 0.0051601
531 0.772463 0.555746 0.00538003
532 0.772463 0.556986 0.00484046
533 0.772463 0.550633 0.00500953
534 0.772463 0.545873 0.00577465
535 0.772463 0.548584 0.00523409
536 0.772463 0.55252 0.00530078
537 0.772463 0.546742 0.00552458
538 0.772463 0.556689 0.0054392
539 0.772463 0.555575 0.00523657
540 0.772463 0.558543 0.0053213
541 0.772463 0.557834 0.00540564
542 0.772463 0.55689 0.00550012
543 0.772463 0.549121 0.00501667
544 0.772463 0.552237 0.00540427
545 0.772463 0.551874 0.00625179
546 0.772463 0.546132 0.00596284
547 0.772463 0.548606 0.00444238
548 0.772463 0.553983 0.00629455
549 0.772463 0.555189 0.00434029
550 0.772463 0.548808 0.00489076
551 0.772463 0.551902 0.00479436
552 0.772463 0.552269 0.00474023
553 0.772463 0.550554 0.00533388
554 0.772463 0.547632 0.00493191
555 0.772463 0.565509 0.00596973
556 0.772463 0.553407 0.00507987
557 0.772463 0.557304 0.00554958
558 0.772463 0.563944 0.00540588
559 0.772463 0.552209 0.00504357
560 0.772463 0.559315 0.00486107
561 0.772463 0.560992 0.00541207
562 0.772463 0.559534 0.00474143
563 0.772463 0.5572 0.00558668
564 0.772463 0.559894 0.00504842
565 0.772463 0.558875 0.00486227
566 0.772463 0.549142 0.00503687
567 0.772463 0.559494 0.00471175
568 0.781438 0.561836 0.00543902
569 0.781438 0.563611 0.00457211
570 0.781438 0.558922 0.00449282
571 0.781438 0.560911 0.00516319
572 0.781438 0.554737 0.0057674
573 0.781438 0.553017 0.0061013
574 0.781438 0.560275 0.00557896
575 0.781438 0.549792 0.005651
576 0.781438 0.548161 0.00474605
577 0.781438 0.556102 0.0048432
578 0.781438 0.557827 0.0047735
579 0.781438 0.550132 0.00497009
580 0.781438 0.560151 0.00551279
581 0.781438 0.55563 0.00541259
582 0.781438 0.554352 0.00498195
583 0.781438 0.56451 0.00514401
584 0.781438 0.562496 0.00570459
585 0.781438 0.552869 0.00570775
586 0.781438 0.544546 0.00548233
587 0.781438 0.550091 0.00522966
588 0.781438 0.547645 0.00536632
589 0.781438 0.545567 0.00524282
590 0.781438 0.548876 0.00432752
591 0.781438 0.551925 0.00533747
592 0.781438 0.555387 0.00580251
593 0.781438 0.556197 0.00487884
594 0.781438 0.549345 0.00554519
595 0.781438 0.544971 0.00558222
596 0.781438 0.540621 0.00454307
597 0.781438 0.552547 0.00521887
598 0.781438 0.550118 0.00571966
599 0.781438 0.551728 0.00490282
600 0.781438 0.547352 0.00508592
601 0.781438 0.556949 0.00559719
602 0.781438 0.556353 0.00487671
603 0.781438 0.560304 0.00472899
604 0.781438 0.56168 0.00505035
605 0.781438 0.551908 0.00439138
606 0.781438 0.557209 0.00565228
607 0.781438 0.564717 0.00435553
608 0.781438 0.561645 0.00540469
609 0.781438 0.570357 0.00524606
610 0.781438 0.573418 0.00479828
611 0.781438 0.569504 0.00493267
612 0.781438 0.559636 0.00583167
613 0.781438 0.561267 0.00433314
614 0.781438 0.554022 0.00504743
615 0.781438 0.556358 0.00536078
616 0.781438 0.56114 0.00490015
617 0.781438 0.557999 0.00449051
618 0.781438 0.557366 0.00505417
619 0.781438 0.558649 0.00491571
620 0.781438 0.56049 0.00460162
621 0.781438 0.549818 0.00575772
622 0.781438 0.564476 0.00487781
623 0.781438 0.557704 0.0054118
624 0.781438 0.551691 0.0059781
625 0.781438 0.553313 0.00496997
626 0.781438 0.562847 0.00534384
627 0.781438 0.567427 0.0044598
628 0.781438 0.553401 0.00522335
629 0.781438 0.557907 0.00486882
630 0.781438 0.562488 0.0056908
631 0.781438 0.558758 0.00589158
632 0.781438 0.560028 0.00486139
633 0.781438 0.562491 0.00453011
634 0.781438 0.572202 0.00472432
635 0.781438 0.563419 0.00451992
636 0.781438 0.554813 0.00461771
637 0.781438 0.561708 0.00541197
638 0.781438 0.556643 0.00539748
639 0.781438 0.560953 0.00503873
640 0.781438 0.567704 0.00582239
641 0.781438 0.567016 0.00483827
642 0.781438 0.565522 0.00587981
643 0.781438 0.559592 0.00532306
644 0.781438 0.558282 0.00559088
645 0.781438 0.550528 0.00443024
646 0.781438 0.558372 0.00549261
647 0.781438 0.570792 0.00484245
648 0.781438 0.563908 0.00539359
649 0.781438 0.559497 0.00431922
650 0.781438 0.561077 0.00547125
651 0.781438 0.559271 0.00549008
652 0.781438 0.563834 0.00547417
653 0.781438 0.555406 0.00591712
654 0.781438 0.554146 0.005589
655 0.781438 0.565081 0.00561965
656 0.781438 0.565134 0.00476609
657 0.781438 0.555391 0.00482412
658 0.781438 0.564193 0.00511504
659 0.781438 0.558576 0.00562051
660 0.781438 0.554911 0.00525879
661 0.781438 0.562125 0.00469304
662 0.781438 0.557439 0.00620786
663 0.781438 0.55411 0.0054956
664 0.781438 0.562026 0.00542077
665 0.781438 0.556174 0.00464091
666 0.781438 0.55816 0.00445085
667 0.781438 0.563553 0.00425393
668 0.781438 0.562872 0.00525691
669 0.781438 0.55699 0.00514693
670 0.781438 0.556862 0.00598354
671 0.781438 0.560215 0.00490444
672 0.781438 0.556678 0.00530195
673 0.781438 0.555597 0.00452514
674 0.781438 0.560282 0.00451908
675 0.781438 0.559274 0.00436294
676 0.781438 0.560982 0.00505417
677 0.781438 0.559035 0.0052392
678 0.781438 0.559247 0.0053387
679 0.781438 0.552398 0.00516647
680 0.78496 0.558934 0.00611773
681 0.78496 0.560517 0.00575991
682 0.78496 0.559221 0.00483817
683 0.78496 0.561372 0.00476288
684 0.78496 0.560681 0.00455367
685 0.78496 0.555838 0.00461079
686 0.78496 0.561016 0.00551644
687 0.78496 0.552134 0.00498097
688 0.78496 0.554047 0.00544327
689 0.78496 0.560869 0.00543514
690 0.78496 0.559845 0.00653322
691 0.78496 0.555128 0.00652728
692 0.78496 0.553893 0.00554739
693 0.78496 0.561554 0.00504452
694 0.78496 0.563633 0.00587219
695 0.78496 0.564258 0.00547013
696 0.78496 0.566318 0.00518667
697 0.78496 0.565594 0.00593767
698 0.78496 0.57438 0.00465376
699 0.78496 0.575501 0.00520252
700 0.786298 0.562238 0.00552426
701 0.786298 0.560617 0.00575628
702 0.786298 0.552837 0.00511346
703 0.786298 0.554249 0.00493593
704 0.786298 0.553197 0.00546975
705 0.786298 0.552503 0.00549564
706 0.786298 0.549233 0.00541557
707 0.786298 0.552796 0.0050967
708 0.786298 0.555779 0.00557052
709 0.786298 0.561575 0.00540733
710 0.786298 0.56297 0.0049687
711 0.786298 0.566609 0.00569935
712 0.786298 0.554371 0.00572806
713 0.786298 0.558041 0.00489979
714 0.786298 0.555297 0.00555232
715 0.786298 0.549631 0.00541982
716 0.786298 0.553556 0.00522644
717 0.786298 0.55029 0.0056936
718 0.786298 0.552996 0.00599226
719 0.786298 0.551114 0.00541574
720 0.786298 0.55802 0.00504555
721 0.786298 0.554985 0.00648921
722 0.786298 0.563295 0.00596793
723 0.786298 0.558827 0.0057399
724 0.786298 0.55788 0.005253
725 0.786298 0.561785 0.00515284
726 0.789763 0.552058 0.00598981
727 0.789763 0.55181 0.00593907
728 0.789763 0.546395 0.00529467
729 0.789763 0.551579 0.00581585
730 0.789763 0.555487 0.00540009
731 0.789763 0.554507 0.00545164
732 0.789763 0.555889 0.00629474
733 0.789763 0.558776 0.00544574
734 0.789763 0.556124 0.00629852
735 0.789763 0.556134 0.00611914
736 0.79108 0.555752 0.00642702
737 0.79108 0.552561 0.00618575
738 0.79108 0.551422 0.00652663
739 0.79108 0.546563 0.00653161
740 0.79108 0.558167 0.00521855
741 0.79108 0.560261 0.00540584
742 0.79108 0.557628 0.00561744
743 0.79108 0.549376 0.0056568
744 0.79108 0.549726 0.00570181
745 0.79108 0.548735 0.00584949
746 0.79108 0.549975 0.00574212
747 0.79108 0.555139 0.00518756
748 0.79108 0.55591 0.00568768
749 0.79108 0.559392 0.00582328
750 0.79108 0.560497 0.00468625
751 0.79108 0.557126 0.00526071
752 0.79108 0.558805 0.00569246
753 0.79108 0.56256 0.00495684
754 0.79108 0.559449 0.00557038
755 0.79108 0.554871 0.00597557
756 0.79108 0.555699 0.0056439
757 0.79108 0.566454 0.00536324
758 0.79108 0.569943 0.00544706
759 0.79108 0.564644 0.00562712
760 0.79108 0.565624 0.00461538
761 0.79108 0.566792 0.00554545
762 0.79108 0.558785 0.00570341
763 0.79108 0.561688 0.0055992
764 0.79108 0.561785 0.00593751
765 0.79108 0.566944 0.0052642
766 0.79108 0.562179 0.00521718
767 0.79108 0.568466 0.00535715
768 0.79108 0.56997 0.00544038
769 0.79108 0.565087 0.00496318
770 0.79108 0.564744 0.00509479
771 0.79108 0.561071 0.00577029
772 0.79108 0.558944 0.00612938
773 0.79108 0.563442 0.00518214
774 0.79108 0.563922 0.00451323
775 0.79108 0.561778 0.00462308
776 0.79108 0.562527 0.00530017
777 0.79108 0.567064 0.00536194
778 0.79108 0.562277 0.0055876
779 0.79108 0.562403 0.00507176
780 0.804074 0.567979 0.0055773
781 0.804074 0.569332 0.0044029
782 0.804074 0.556754 0.00490889
783 0.804074 0.549437 0.0061227
784 0.804074 0.549864 0.00588835
785 0.804074 0.560033 0.00526658
786 0.804074 0.559626 0.00543224
787 0.804074 0.564005 0.00589321
788 0.804074 0.557809 0.0056251
789 0.804074 0.550357 0.0058911
790 0.804074 0.554007 0.00522918
791 0.804074 0.551773 0.00557112
792 0.804074 0.556351 0.00553166
793 0.804074 0.551645 0.00538487
794 0.804074 0.557044 0.00502773
795 0.804074 0.546633 0.00522699
796 0.804074 0.5498 0.00578426
797 0.804074 0.550608 0.00637175
798 0.804074 0.551749 0.00632541
799 0.804074 0.553204 0.0058991
800 0.804074 0.547699 0.00526256
801 0.804074 0.558464 0.00504443
802 0.804074 0.563513 0.00441707
803 0.804074 0.561208 0.00509171
804 0.804074 0.567014 0.00525323
805 0.804074 0.553728 0.00565347
806 0.804074 0.553164 0.0054313
807 0.804074 0.551159 0.00568562
808 0.804074 0.547712 0.00583503
809 0.804074 0.553908 0.00508328
810 0.804074 0.553166 0.00520444
811 0.804074 0.560169 0.00524005
812 0.804074 0.554132 0.00521525
813 0.804074 0.565456 0.00514403
814 0.804074 0.571451 0.00481749
815 0.804074 0.562401 0.00417877
816 0.805643 0.562995 0.00543337
817 0.805643 0.557374 0.00557888
818 0.805643 0.554936 0.00562591
819 0.805643 0.554429 0.0048184
820 0.805643 0.56462 0.00472645
821 0.805643 0.556646 0.00527828
822 0.805643 0.553047 0.00547972
823 0.805643 0.551082 0.00531597
824 0.805643 0.553101 0.00576187
825 0.805643 0.560636 0.00501832
826 0.805643 0.555454 0.00576532
827 0.805643 0.553109 0.0054278
828 0.805643 0.56365 0.00529472
829 0.805643 0.565771 0.00569759
830 0.805643 0.556582 0.00635932
831 0.805643 0.55173 0.00613189
832 0.805643 0.557066 0.00548335
833 0.805643 0.557858 0.00561742
834 0.805643 0.560519 0.00550032
835 0.805643 0.558646 0.00515446
836 0.806641 0.563141 0.00591547
837 0.806641 0.56093 0.00615878
838 0.806641 0.563001 0.00651021
839 0.806641 0.559446 0.00705803
840 0.806641 0.559872 0.00576161
841 0.806641 0.564443 0.00675669
842 0.806641 0.564329 0.00523972
843 0.806641 0.568023 0.0062751
844 0.806641 0.563984 0.00487168
845 0.806641 0.570744 0.00580445
846 0.806641 0.571006 0.00563857
847 0.806641 0.559549 0.00577075
848 0.806641 0.556532 0.00561953
849 0.806641 0.568149 0.00543644
850 0.806641 0.56059 0.00541253
851 0.806641 0.55748 0.00646651
852 0.806641 0.55477 0.00621676
853 0.806641 0.560102 0.00543785
854 0.806641 0.566012 0.00639072
855 0.806641 0.558604 0.00610165
856 0.806641 0.559187 0.00550409
857 0.806641 0.557581 0.00565841
858 0.806641 0.555985 0.00527083
859 0.806641 0.550898 0.00649072
860 0.806641 0.554651 0.00560676
861 0.806641 0.551433 0.00609273
862 0.806641 0.549128 0.00595352
863 0.806641 0.547033 0.00516828
864 0.806641 0.556955 0.00510595
865 0.806641 0.554572 0.00614504
866 0.806641 0.557907 0.00563791
867 0.806641 0.557827 0.00525219
868 0.806641 0.547285 0.00542599
869 0.806641 0.547651 0.0051979
870 0.806641 0.550669 0.00597715
871 0.806641 0.547475 0.00594383
872 0.806641 0.549772 0.00608252
873 0.806641 0.554774 0.00603642
874 0.806641 0.553418 0.0065019
875 0.806641 0.550094 0.00619978
876 0.806641 0.552957 0.00641988
877 0.806641 0.552736 0.00724429
878 0.806641 0.5632 0.00529462
879 0.806641 0.561168 0.00534302
880 0.806641 0.553496 0.00643806
881 0.806641 0.56039 0.00650719
882 0.806641 0.552757 0.00602537
883 0.806641 0.563432 0.00612611
884 0.806641 0.55974 0.00616433
885 0.806641 0.558005 0.00563142
886 0.806641 0.57328 0.00671818
887 0.806641 0.564497 0.00636494
888 0.806641 0.575759 0.00489696
889 0.806641 0.569803 0.00587941
890 0.806641 0.558266 0.00590232
891 0.806641 0.567518 0.00573488
892 0.806641 0.566546 0.00547133
893 0.806641 0.563839 0.00585291
894 0.806641 0.576276 0.00531259
895 0.806641 0.566852 0.00554192
896 0.806641 0.57196 0.00529008
897 0.806641 0.559253 0.00484708
898 0.806641 0.57135 0.00615426
899 0.806641 0.569844 0.0059954
900 0.806641 0.566733 0.00643159
901 0.806641 0.564216 0.00579901
902 0.806641 0.567845 0.00626742
903 0.806641 0.563761 0.00537995
904 0.806641 0.560291 0.00472167
905 0.806641 0.556506 0.00608487
906 0.806641 0.560286 0.00523929
907 0.806641 0.570328 0.00604024
908 0.806641 0.5657 0.00565989
909 0.806641 0.566752 0.00530454
910 0.806641 0.56881 0.00474754
911 0.806641 0.568102 0.00583043
912 0.806641 0.570218 0.00573125
913 0.806641 0.563661 0.00604855
914 0.806641 0.569875 0.00642569
915 0.806641 0.555512 0.00673157
916 0.806641 0.55554 0.00602351
917 0.806641 0.559982 0.00546778
918 0.806641 0.556461 0.00623216
919 0.806641 0.552712 0.00559342
920 0.806641 0.56276 0.00639657
921 0.806641 0.554491 0.0059047
922 0.806641 0.553293 0.00632496
923 0.806641 0.554039 0.0060916
924 0.806641 0.55839 0.00658474
925 0.806641 0.547421 0.00629443
926 0.806641 0.562591 0.00661017
927 0.806641 0.565435 0.00591597
928 0.806641 0.563136 0.00563702
929 0.806641 0.563551 0.00613824
930 0.806641 0.564635 0.00613046
931 0.806641 0.562762 0.0051412
932 0.806641 0.553175 0.00542766
933 0.806641 0.562121 0.00624214
934 0.806641 0.557363 0.00564773
935 0.806641 0.560544 0.00592769
936 0.806641 0.564428 0.00575524
937 0.806641 0.563597 0.00527437
938 0.806641 0.571358 0.00508885
939 0.806641 0.565737 0.00624145
940 0.806641 0.572839 0.0058088
941 0.806641 0.574783 0.0056218
942 0.806641 0.563213 0.00587989
943 0.806641 0.555988 0.00556046
944 0.806641 0.570699 0.00661244
945 0.806641 0.569815 0.00488667
946 0.806641 0.564217 0.00527456
947 0.806641 0.563878 0.00486529
948 0.812766 0.563374 0.00592644
949 0.812766 0.568611 0.0052615
950 0.812766 0.568549 0.00571721
951 0.812766 0.560525 0.00572149
952 0.812766 0.559934 0.00618163
953 0.812766 0.567413 0.00646261
954 0.812766 0.566996 0.00561037
955 0.812766 0.562824 0.00565235
956 0.812766 0.570969 0.00646217
957 0.812766 0.568169 0.00548197
958 0.812766 0.566577 0.00543262
959 0.812766 0.563493 0.00553042
960 0.812766 0.554522 0.0053073
961 0.812766 0.563543 0.00496863
962 0.812766 0.56042 0.00552839
963 0.812766 0.563785 0.00653882
964 0.812766 0.562324 0.0064217
965 0.812766 0.568863 0.00596671
966 0.812766 0.568477 0.00557191
967 0.812766 0.556297 0.0068913
968 0.812766 0.549282 0.00517271
969 0.812766 0.558291 0.00504718
970 0.812766 0.558734 0.00488697
971 0.812766 0.557202 0.00582577
972 0.812766 0.559501 0.00636386
973 0.812766 0.560449 0.00578999
974 0.812766 0.564924 0.0055443
975 0.812766 0.562137 0.00558941
976 0.812766 0.554769 0.00660964
977 0.812766 0.55112 0.0052518
978 0.812766 0.555092 0.00615988
979 0.812766 0.560511 0.00578183
980 0.812766 0.550942 0.00553071
981 0.812766 0.548572 0.00599054
982 0.812766 0.558528 0.00580575
983 0.812766 0.555712 0.00498478
984 0.812766 0.560469 0.00678985
985 0.812766 0.557788 0.00465466
986 0.812766 0.550436 0.00563305
987 0.812766 0.550629 0.00649465
988 0.812766 0.559454 0.00518657
989 0.812766 0.562168 0.00595092
990 0.812766 0.563186 0.00588249
991 0.812766 0.563829 0.0051624
992 0.812766 0.554401 0.00682746
993 0.812766 0.553473 0.00548121
994 0.812766 0.557509 0.0054618
995 0.812766 0.561879 0.00548398
996 0.812766 0.561768 0.00561562
997 0.812766 0.559056 0.00611602
998 0.812766 0.555812 0.00584945
999 0.812766 0.549547 0.0052041
1000 0.812766 0.551927 0.00552077
1001 0.812766 0.552843 0.00558091
1002 0.812766 0.556842 0.00520013
1003 0.812766 0.557857 0.00518226
1004 0.812766 0.558463 0.00584295
1005 0.812766 0.552477 0.00620685
1006 0.812766 0.55528 0.00554799
1007 0.812766 0.557349 0.00620991
1008 0.812766 0.559593 0.00598803
1009 0.812766 0.564561 0.00624549
1010 0.812766 0.567774 0.00695098
1011 0.812766 0.569709 0.0071072
1012 0.812766 0.572799 0.00605282
1013 0.812766 0.562987 0.00579941
1014 0.812766 0.555025 0.00608508
1015 0.812766 0.559351 0.00487883
1016 0.812766 0.556639 0.00539546
1017 0.812766 0.568277 0.00614966
1018 0.812766 0.557579 0.00611016
1019 0.812766 0.566152 0.0064978
1020 0.812766 0.565882 0.00535403
1021 0.812766 0.554572 0.0057179
1022 0.812766 0.561526 0.0053123
1023 0.812766 0.55962 0.00496503
1024 0.812766 0.559113 0.00612465
1025 0.812766 0.563268 0.00551456
1026 0.812766 0.557483 0.00536693
1027 0.812766 0.562347 0.00580092
1028 0.812766 0.565175 0.00533114
1029 0.812766 0.568672 0.00574369
1030 0.812766 0.555943 0.00600267
1031 0.812766 0.560292 0.00656216
1032 0.812766 0.566631 0.00659266
1033 0.812766 0.558428 0.0067703
1034 0.812766 0.557256 0.00606548
1035 0.812766 0.552478 0.00579478
1036 0.812766 0.564001 0.0058242
1037 0.812766 0.553385 0.00587738
1038 0.812766 0.567727 0.00535161
1039 0.812766 0.55956 0.00657554
1040 0.812766 0.563482 0.00550673
1041 0.812766 0.554714 0.00605341
1042 0.812766 0.563282 0.00624644
1043 0.812766 0.569721 0.00752855
1044 0.812766 0.567279 0.00627482
1045 0.812766 0.561276 0.00561477
1046 0.812766 0.565444 0.00565824
1047 0.812766 0.55184 0.0059769
1048 0.812766 0.556292 0.00605702
1049 0.812766 0.555172 0.0056924
1050 0.812766 0.559249 0.00591758
1051 0.812766 0.564206 0.00602753
1052 0.812766 0.554848 0.00560829
1053 0.812766 0.552492 0.00553826
1054 0.812766 0.56045 0.00547177
1055 0.812766 0.555594 0.00501252
1056 0.812766 0.558979 0.00537488
1057 0.812766 0.556808 0.00604805
1058 0.812766 0.55723 0.00630157
1059 0.812766 0.560771 0.00610736
1060 0.812766 0.565015 0.00520787
1061 0.812766 0.562004 0.00535458
1062 0.812766 0.559169 0.00560296
1063 0.812766 0.550251 0.00572294
1064 0.812766 0.549591 0.0061816
1065 0.812766 0.561876 0.0059327
1066 0.812766 0.555402 0.00516982
1067 0.812766 0.551384 0.0052102
1068 0.812766 0.560258 0.00552794
1069 0.812766 0.558853 0.00581113
1070 0.812766 0.548537 0.00561208
1071 0.812766 0.551625 0.00584183
1072 0.812766 0.549289 0.00652818
1073 0.812766 0.55427 0.00622546
1074 0.812766 0.554697 0.00579102
1075 0.812766 0.553073 0.00533358
1076 0.812766 0.554666 0.0054505
1077 0.812766 0.556404 0.00590923
1078 0.812766 0.548134 0.00560642
1079 0.812766 0.552426 0.00562483
1080 0.812766 0.548274 0.00628038
1081 0.812766 0.542269 0.00589464
1082 0.812766 0.544641 0.00715784
1083 0.812766 0.541242 0.00630548
1084 0.812766 0.545258 0.00737693
1085 0.812766 0.553744 0.00622899
1086 0.812766 0.548412 0.00730227
1087 0.812766 0.557531 0.00630438
1088 0.812766 0.558115 0.0064673
1089 0.812766 0.557029 0.00669667
1090 0.812766 0.555839 0.00504514
1091 0.812766 0.554321 0.00567793
1092 0.812766 0.555909 0.00657492
1093 0.812766 0.552834 0.00713482
1094 0.812766 0.553604 0.00583513
1095 0.812766 0.54503 0.00569902
1096 0.812766 0.556942 0.00595823
1097 0.812766 0.560295 0.00569674
1098 0.812766 0.556026 0.00605735
1099 0.812766 0.567415 0.00656326
1100 0.812766 0.549578 0.00601637
1101 0.812766 0.550931 0.00560875
1102 0.812766 0.543715 0.00604011
1103 0.812766 0.545407 0.00570757
1104 0.812766 0.536981 0.00694237
1105 0.812766 0.543085 0.00634647
1106 0.812766 0.558456 0.00567852
1107 0.812766 0.55362 0.00595786
1108 0.812766 0.551368 0.00603123
1109 0.812766 0.554017 0.00596774
1110 0.812766 0.553118 0.00549841
1111 0.812766 0.555311 0.00543728
1112 0.812766 0.561715 0.00582442
1113 0.812766 0.556597 0.00517537
1114 0.812766 0.557107 0.00581068
1115 0.812766 0.558567 0.00641982
1116 0.812766 0.561054 0.00558332
1117 0.812766 0.559846 0.00611976
1118 0.812766 0.560014 0.00549478
1119 0.812766 0.548331 0.00604544
1120 0.816104 0.559875 0.0059903
1121 0.816104 0.5501 0.00674762
1122 0.816104 0.570631 0.00584333
1123 0.816104 0.566811 0.00514765
1124 0.816104 0.560305 0.00545466
1125 0.816104 0.560356 0.00551206
1126 0.816104 0.561189 0.00590205
1127 0.816104 0.560471 0.00589011
1128 0.816104 0.563444 0.00679359
1129 0.816104 0.558282 0.00631956
1130 0.816104 0.560168 0.0063768
1131 0.816104 0.555828 0.00575624
1132 0.816104 0.563671 0.00604656
1133 0.816104 0.566195 0.00586182
1134 0.816104 0.555738 0.00570922
1135 0.816104 0.561024 0.00547504
1136 0.816104 0.566933 0.00534195
1137 0.816104 0.554032 0.00631233
1138 0.816104 0.556149 0.00756924
1139 0.816104 0.556795 0.00613294
1140 0.816104 0.551503 0.00663392
1141 0.816104 0.56136 0.00584689
1142 0.816104 0.565187 0.00506316
1143 0.816104 0.556492 0.00632139
1144 0.816104 0.55425 0.00591343
1145 0.816104 0.552367 0.00678858
1146 0.816104 0.562321 0.00571689
1147 0.816104 0.559089 0.00615851
1148 0.816104 0.56651 0.00538856
1149 0.816104 0.560138 0.00615141
1150 0.816104 0.564644 0.00527485
1151 0.816104 0.561718 0.00573155
1152 0.816104 0.564772 0.00602827
1153 0.816104 0.56779 0.00609452
1154 0.816104 0.569136 0.00610767
1155 0.816104 0.566731 0.00523558
1156 0.816104 0.562409 0.00612107
1157 0.816104 0.55898 0.00643855
1158 0.816104 0.559568 0.00646628
1159 0.816104 0.565125 0.00726379
1160 0.816104 0.564513 0.00655704
1161 0.816104 0.561489 0.00604665
1162 0.816104 0.56715 0.00522851
1163 0.816104 0.560789 0.00625888
1164 0.816104 0.557787 0.00539124
1165 0.816104 0.568208 0.00574101
1166 0.816104 0.559792 0.00555678
1167 0.816104 0.56441 0.00602368
1168 0.816104 0.564884 0.00539268
1169 0.816104 0.568984 0.00569834
1170 0.816104 0.551906 0.00568608
1171 0.816104 0.562745 0.00674946
1172 0.816104 0.556941 0.0055196
1173 0.816104 0.5627 0.00668724
1174 0.816104 0.550469 0.0064134
1175 0.816104 0.552806 0.00624758
1176 0.816104 0.552681 0.00733133
1177 0.816104 0.550054 0.00620415
1178 0.816104 0.553202 0.00552103
1179 0.816104 0.566414 0.0064595
1180 0.816104 0.566178 0.00552719
1181 0.816104 0.565163 0.00665066
1182 0.816104 0.566391 0.00741846
1183 0.816104 0.563076 0.00565893
1184 0.816104 0.560255 0.00642407
1185 0.816104 0.568494 0.00582044
1186 0.816104 0.560057 0.00610554
1187 0.816104 0.562275 0.00630497
1188 0.816104 0.561618 0.00629982
1189 0.816104 0.556012 0.00730939
1190 0.816104 0.56383 0.00649881
1191 0.816104 0.559607 0.00663461
1192 0.816104 0.562893 0.00634945
1193 0.816104 0.561819 0.00586842
1194 0.816104 0.563913 0.00600169
1195 0.816104 0.558904 0.00623295
1196 0.816104 0.553121 0.00581975
1197 0.816104 0.560008 0.00631577
1198 0.816104 0.561158 0.00624135
1199 0.816104 0.559432 0.00598821
1200 0.816104 0.555257 0.00627218
1201 0.816104 0.550026 0.00679077
1202 0.816104 0.561007 0.00566434
1203 0.816104 0.553971 0.00702957
1204 0.816104 0.555835 0.00497562
1205 0.816104 0.564257 0.00607455
1206 0.816104 0.557537 0.00635034
1207 0.816104 0.561001 0.00613069
1208 0.816104 0.558788 0.00511496
1209 0.816104 0.546595 0.00573288
1210 0.816104 0.549668 0.00490653
1211 0.816104 0.545522 0.00532091
1212 0.816104 0.54901 0.00583526
1213 0.816104 0.549344 0.00606577
1214 0.816104 0.56803 0.00610622
1215 0.816104 0.564431 0.00541935
1216 0.816104 0.555526 0.00551319
1217 0.816104 0.560621 0.0055994
1218 0.816104 0.55454 0.00644956
1219 0.816104 0.568282 0.00526674
1220 0.816104 0.558173 0.00597329
1221 0.816104 0.557409 0.0065902
1222 0.816104 0.548527 0.00570773
1223 0.816104 0.563512 0.00582102
1224 0.816104 0.564549 0.00580743
1225 0.816104 0.558437 0.00669379
1226 0.816104 0.562911 0.00624155
1227 0.816104 0.561301 0.0065068
1228 0.816104 0.568891 0.00675971
1229 0.816104 0.559096 0.0058179
1230 0.816104 0.565403 0.00571336
1231 0.816104 0.566649 0.00630844
1232 0.816104 0.574482 0.00608199
1233 0.816104 0.570457 0.00591363
1234 0.816104 0.572741 0.00539096
1235 0.816104 0.571309 0.0062952
1236 0.816104 0.566727 0.00603375
1237 0.816104 0.570158 0.006651
1238 0.816104 0.566127 0.00562302
1239 0.816104 0.567719 0.00539992
1240 0.816104 0.56602 0.0058669
1241 0.816104 0.557285 0.00603812
1242 0.816104 0.564023 0.0060157
1243 0.816104 0.561063 0.00539744
1244 0.816104 0.566206 0.00579685
1245 0.816104 0.565557 0.00588772
1246 0.816104 0.564181 0.00575479
1247 0.816104 0.563142 0.00657039
1248 0.816104 0.560646 0.00520726
1249 0.816104 0.56261 0.00546579
1250 0.816104 0.554633 0.00564797
1251 0.816104 0.559818 0.00628382
1252 0.816104 0.555702 0.00565104
1253 0.816104 0.570396 0.00552211
1254 0.816104 0.558961 0.00605519
1255 0.816104 0.567555 0.00593724
1256 0.816104 0.560656 0.00472293
1257 0.816104 0.55777 0.00479022
1258 0.816104 0.563956 0.00512983
1259 0.816104 0.565874 0.00500832
1260 0.816104 0.559854 0.00528554
1261 0.816104 0.566179 0.00467864
1262 0.816104 0.566452 0.00554467
1263 0.816104 0.562985 0.00633148
1264 0.816104 0.553179 0.00565897
1265 0.816104 0.55672 0.00533876
1266 0.816104 0.570339 0.00607725
1267 0.816104 0.565156 0.00582914
1268 0.816104 0.560714 0.0054975
1269 0.816104 0.562968 0.0055231
1270 0.816104 0.560628 0.00548768
1271 0.816104 0.565669 0.00542655
1272 0.816104 0.562064 0.00666144
1273 0.816104 0.562606 0.00631611
1274 0.816104 0.568221 0.00486337
1275 0.816104 0.563819 0.00542816
1276 0.816104 0.5616 0.00625021
1277 0.816104 0.55373 0.00582583
1278 0.816104 0.55688 0.00527855
1279 0.816104 0.567733 0.0061139
1280 0.816104 0.570229 0.00619067
1281 0.816104 0.564515 0.0064184
1282 0.816104 0.564525 0.00681921
1283 0.816104 0.559164 0.00749841
1284 0.816104 0.559177 0.00636527
1285 0.816104 0.547109 0.00633792
1286 0.816104 0.549199 0.00532851
1287 0.816104 0.552216 0.00604463
1288 0.816104 0.557696 0.00602334
1289 0.816104 0.566119 0.00583933
1290 0.816104 0.561481 0.00551981
1291 0.816104 0.559422 0.00592436
1292 0.816104 0.551532 0.00597443
1293 0.816104 0.567564 0.00635348
1294 0.816104 0.556518 0.00598347
1295 0.816104 0.5573 0.00569342
1296 0.816104 0.563035 0.00542473
1297 0.816104 0.562421 0.00674299
1298 0.816104 0.562429 0.00635034
1299 0.816104 0.568998 0.0063888
1300 0.816104 0.571589 0.00657194
1301 0.816104 0.561652 0.00625497
1302 0.816104 0.554963 0.00557512
1303 0.816104 0.557838 0.00597371
1304 0.816104 0.548303 0.00696805
1305 0.816104 0.551628 0.00571554
1306 0.816104 0.541084 0.0060823
1307 0.816104 0.546119 0.00544515
1308 0.816104 0.545114 0.00615904
1309 0.816104 0.554698 0.00537911
1310 0.816104 0.556884 0.00610698
1311 0.816104 0.546745 0.00621677
1312 0.816104 0.559488 0.00626293
1313 0.816104 0.555114 0.00529108
1314 0.816104 0.55849 0.00601794
1315 0.816104 0.56199 0.00566005
1316 0.816104 0.563193 0.00593407
1317 0.816104 0.563626 0.00579966
1318 0.816104 0.556695 0.00645784
1319 0.816104 0.557519 0.00623423
1320 0.816104 0.56515 0.00592443
1321 0.816104 0.567078 0.00634343
1322 0.816104 0.565297 0.005683
1323 0.816104 0.558446 0.00618426
1324 0.816104 0.551465 0.00609783
1325 0.816104 0.553328 0.00549564
1326 0.816104 0.559195 0.00549164
1327 0.816104 0.552273 0.00580614
1328 0.816104 0.552943 0.0068067
1329 0.816104 0.547564 0.00676041
1330 0.816104 0.553552 0.00617729
1331 0.816104 0.558731 0.00555228
1332 0.816104 0.551361 0.00559355
1333 0.816104 0.552519 0.00600476
1334 0.816104 0.557237 0.00529473
1335 0.816104 0.557596 0.00643532
1336 0.816104 0.561613 0.00630732
1337 0.816104 0.553855 0.00565596
1338 0.816104 0.556015 0.00547403
1339 0.816104 0.556754 0.006681
1340 0.816104 0.552382 0.00617506
1341 0.816104 0.572059 0.00602822
1342 0.816104 0.555698 0.00575821
1343 0.816104 0.559728 0.00558918
1344 0.816104 0.569765 0.00616085
1345 0.816104 0.554428 0.0054858
1346 0.816104 0.555824 0.00607003
1347 0.816104 0.557719 0.00565694
1348 0.816104 0.564193 0.00590626
1349 0.816104 0.55478 0.00541854
1350 0.816104 0.558595 0.00590581
1351 0.816104 0.560418 0.00709247
1352 0.816104 0.561006 0.00720565
1353 0.816104 0.556639 0.0063599
1354 0.816104 0.55144 0.00714076
1355 0.816104 0.554556 0.00656882
1356 0.816104 0.551672 0.00703104
1357 0.816104 0.550749 0.00665798
1358 0.816104 0.556821 0.00624522
1359 0.816104 0.551356 0.00745811
1360 0.816104 0.552386 0.00721376
1361 0.816104 0.555881 0.00513845
1362 0.816104 0.559124 0.00555308
1363 0.816104 0.548004 0.00606726
1364 0.816104 0.547967 0.00589432
1365 0.816104 0.555764 0.00597458
1366 0.816104 0.554762 0.00629514
1367 0.816104 0.556944 0.00605237
1368 0.816104 0.55858 0.00523175
1369 0.816104 0.558771 0.00607717
1370 0.816104 0.559479 0.0057718
1371 0.816104 0.54926 0.00668674
1372 0.816104 0.555094 0.00596299
1373 0.816104 0.554542 0.0065372
1374 0.816104 0.55179 0.00729018
1375 0.816104 0.557481 0.00684888
1376 0.816104 0.562476 0.0056881
1377 0.816104 0.552653 0.00568749
1378 0.816104 0.548117 0.00671915
1379 0.816104 0.549925 0.00626729
1380 0.816104 0.55186 0.00617491
1381 0.816104 0.5509 0.00671421
1382 0.816104 0.545238 0.00539495
1383 0.816104 0.550564 0.00608881
1384 0.816104 0.555154 0.00587111
1385 0.816104 0.556201 0.00612613
1386 0.816104 0.563216 0.00617995
1387 0.816104 0.559007 0.006914
1388 0.816104 0.55766 0.00659542
1389 0.816104 0.563448 0.00648823
1390 0.816104 0.561665 0.00681187
1391 0.816104 0.562056 0.00647793
1392 0.816104 0.556392 0.00642007
1393 0.816104 0.565577 0.00675652
1394 0.816104 0.551284 0.00742478
1395 0.816104 0.557122 0.00723255
1396 0.816104 0.560046 0.00671024
1397 0.816104 0.553996 0.00663938
1398 0.816104 0.571448 0.00633042
1399 0.816104 0.559298 0.00607779
1400 0.816104 0.561871 0.00683212
1401 0.816104 0.560495 0.00630607
1402 0.816104 0.565332 0.00549304
1403 0.816104 0.568686 0.00577686
1404 0.816104 0.57066 0.00587089
1405 0.816104 0.569735 0.00607825
1406 0.816104 0.573795 0.00598536
1407 0.816104 0.582343 0.0062934
1408 0.816104 0.572437 0.00614526
1409 0.816104 0.566762 0.00596646
1410 0.816104 0.560315 0.00530752
1411 0.816104 0.571967 0.00555251
1412 0.816104 0.564947 0.00540859
1413 0.816104 0.560366 0.00592851
1414 0.816104 0.555574 0.00634982
1415 0.816104 0.550994 0.00691525
1416 0.816104 0.548061 0.00667251
1417 0.816104 0.546081 0.00749141
1418 0.816104 0.564994 0.00646029
1419 0.816104 0.573248 0.00590183
1420 0.816104 0.563729 0.00534116
1421 0.816104 0.572646 0.00717979
1422 0.816104 0.564583 0.00597169
1423 0.816104 0.567121 0.00604756
1424 0.816104 0.571086 0.00542178
1425 0.816104 0.55966 0.00543707
1426 0.816104 0.565518 0.00551402
1427 0.816104 0.565755 0.00701883
1428 0.816104 0.564772 0.00605956
1429 0.816104 0.55882 0.0067471
1430 0.816104 0.558431 0.00592576
1431 0.816104 0.562154 0.00630277
1432 0.816104 0.553651 0.00629926
1433 0.816104 0.568141 0.00612243
1434 0.816104 0.567167 0.00495534
1435 0.816104 0.563421 0.00610633
1436 0.816104 0.557186 0.00626491
1437 0.816104 0.5607 0.00631742
1438 0.816104 0.561647 0.00589481
1439 0.816104 0.562971 0.00599356
1440 0.816104 0.555018 0.00579055
1441 0.816104 0.54543 0.00571823
1442 0.816104 0.549172 0.00523145
1443 0.816104 0.5524 0.00552529
1444 0.816104 0.560754 0.00521909
1445 0.816104 0.555798 0.00616173
1446 0.816104 0.559085 0.00651042
1447 0.816104 0.569642 0.00641949
1448 0.816104 0.555231 0.00654001
1449 0.816104 0.56056 0.00603701
1450 0.816104 0.563094 0.00603811
1451 0.816104 0.568205 0.00506316
1452 0.816104 0.563419 0.00623804
1453 0.816104 0.559176 0.0054766
1454 0.816104 0.555129 0.00603985
1455 0.816104 0.561968 0.00613737
1456 0.816104 0.559573 0.00561315
1457 0.816104 0.554634 0.00550285
1458 0.816104 0.551082 0.0050283
1459 0.816104 0.561397 0.00546961
1460 0.816104 0.56369 0.00573088
1461 0.816104 0.563079 0.00553052
1462 0.816104 0.565622 0.00578837
1463 0.816104 0.56682 0.0067014
1464 0.816104 0.565014 0.00656718
1465 0.816104 0.57 0.00551047
1466 0.816104 0.565247 0.00572021
1467 0.816104 0.570388 0.00561168
1468 0.816104 0.565315 0.00538326
1469 0.816104 0.572628 0.00603557
1470 0.816104 0.568175 0.00635721
1471 0.816104 0.572335 0.00522999
1472 0.816104 0.5665 0.00697593
1473 0.816104 0.574029 0.00617616
1474 0.816104 0.569105 0.00690558
1475 0.816104 0.564935 0.00713712
1476 0.816104 0.574388 0.00624704
1477 0.816104 0.5737 0.00589598
1478 0.816104 0.566614 0.005461
1479 0.816104 0.56969 0.00588927
1480 0.816104 0.564892 0.00622666
1481 0.816104 0.572786 0.0054289
1482 0.816104 0.563373 0.00562008
1483 0.816104 0.568584 0.00630484
1484 0.816104 0.568153 0.00528849
1485 0.816104 0.574779 0.00597237
1486 0.816104 0.562363 0.00606542
1487 0.816104 0.563771 0.00476456
1488 0.816104 0.564179 0.00570569
1489 0.816104 0.564618 0.00632153
1490 0.816104 0.571271 0.0064948
1491 0.816104 0.565148 0.007304
1492 0.816104 0.567092 0.00581876
1493 0.816104 0.569885 0.00624016
1494 0.816104 0.564714 0.00607313
1495 0.816104 0.565792 0.00605242
1496 0.816104 0.564612 0.00612439
1497 0.816104 0.570461 0.00579811
1498 0.816104 0.571337 0.0056338
1499 0.816104 0.570778 0.00643905
1500 0.816104 0.568939 0.00557471
1501 0.816104 0.570092 0.00578712
1502 0.816104 0.568762 0.00652484
1503 0.816104 0.561148 0.00552698
1504 0.816104 0.566794 0.00522314
1505 0.816104 0.559925 0.00515015
1506 0.816104 0.559105 0.00588422
1507 0.816104 0.558562 0.00551806
1508 0.816104 0.56162 0.00522961
1509 0.816104 0.561961 0.00593662
1510 0.816104 0.558177 0.00570431
1511 0.816104 0.565958 0.00477973
1512 0.816104 0.567721 0.0059589
1513 0.816104 0.557286 0.00595885
1514 0.816104 0.557174 0.0052057
1515 0.816104 0.562006 0.00504347
1516 0.816104 0.559351 0.00555495
1517 0.816104 0.562462 0.00533973
1518 0.816104 0.554195 0.00689338
1519 0.816104 0.561754 0.00523017
1520 0.816104 0.554052 0.00563613
1521 0.816104 0.562897 0.00630618
1522 0.816104 0.563458 0.00589994
1523 0.816104 0.555583 0.00551712
1524 0.816104 0.550641 0.00607604
1525 0.816104 0.560518 0.00598868
1526 0.816104 0.562091 0.00544312
1527 0.816104 0.564403 0.0045311
1528 0.816104 0.55976 0.00536537
1529 0.816104 0.564184 0.00648607
1530 0.816104 0.562204 0.00632159
1531 0.816104 0.564918 0.00599439
1532 0.816104 0.557419 0.00678312
1533 0.816104 0.56597 0.00510292
1534 0.816104 0.553503 0.00581918
1535 0.816104 0.556644 0.00587056
1536 0.816104 0.557951 0.00646953
1537 0.816104 0.562209 0.00600659
1538 0.816104 0.560427 0.00551342
1539 0.816104 0.549097 0.00605159
1540 0.816104 0.553595 0.00558987
1541 0.816104 0.555694 0.00578894
1542 0.816104 0.55911 0.00644273
1543 0.816104 0.554588 0.00718961
1544 0.816104 0.549459 0.00629193
1545 0.816104 0.548161 0.00655047
1546 0.816104 0.555652 0.00604161
1547 0.816104 0.545743 0.00659581
1548 0.816104 0.561329 0.00690608
1549 0.816104 0.552412 0.00662413
1550 0.816104 0.548655 0.00675634
1551 0.816104 0.553143 0.00612313
1552 0.816104 0.563115 0.00539722
1553 0.816104 0.557012 0.00634727
1554 0.816104 0.554014 0.00654987
1555 0.816104 0.557354 0.00714464
1556 0.816104 0.555026 0.0062036
1557 0.816104 0.555304 0.00710876
1558 0.816104 0.553509 0.00704321
1559 0.816104 0.557007 0.007289
1560 0.816104 0.560773 0.00644265
1561 0.816104 0.567923 0.00573354
1562 0.816104 0.571527 0.00655918
1563 0.816104 0.561157 0.00581316
1564 0.816104 0.553138 0.0059248
1565 0.816104 0.56671 0.00626151
1566 0.816104 0.560172 0.00590513
1567 0.816104 0.564743 0.00617519
1568 0.816104 0.569268 0.00557908
1569 0.816104 0.557022 0.00548606
1570 0.816104 0.564119 0.00543441
1571 0.816104 0.575118 0.0068196
1572 0.816104 0.57566 0.00667508
1573 0.816104 0.570471 0.00712885
1574 0.816104 0.561046 0.00524427
1575 0.816104 0.566175 0.00559515
1576 0.816104 0.562889 0.00633853
1577 0.816104 0.565178 0.00509151
1578 0.816104 0.556604 0.00626919
1579 0.816104 0.551717 0.00568654
1580 0.816104 0.553433 0.00570202
1581 0.816104 0.545135 0.00659849
1582 0.816104 0.551109 0.00521392
1583 0.816104 0.557765 0.00565934
1584 0.816104 0.56103 0.00546591
1585 0.816104 0.558237 0.0052929
1586 0.816104 0.564378 0.0061111
1587 0.816104 0.562509 0.00659943
1588 0.816104 0.552359 0.00598908
1589 0.816104 0.555884 0.0061484
1590 0.816104 0.559922 0.00570625
1591 0.816104 0.564759 0.00684704
1592 0.816104 0.561419 0.00685261
1593 0.816104 0.557021 0.00677014
1594 0.816104 0.554551 0.00755635
1595 0.816104 0.555895 0.0070414
1596 0.816104 0.550307 0.00599362
1597 0.816104 0.553945 0.00595591
1598 0.816104 0.559339 0.00544187
1599 0.816104 0.548017 0.00683453
1600 0.816104 0.555886 0.00527128
1601 0.816104 0.556863 0.0061897
1602 0.816104 0.557475 0.00538499
1603 0.816104 0.570893 0.00544205
1604 0.816104 0.57645 0.00591046
1605 0.816104 0.567439 0.00550222
1606 0.816104 0.569679 0.00520972
1607 0.816104 0.559616 0.0053591
1608 0.816104 0.570458 0.00741527
1609 0.816104 0.568078 0.0069452
1610 0.816104 0.564964 0.00619277
1611 0.816104 0.557011 0.00624012
1612 0.816104 0.55725 0.00621609
1613 0.816104 0.558934 0.00726887
1614 0.816104 0.557505 0.00649732
1615 0.816104 0.553375 0.00678114
1616 0.816104 0.564708 0.00558352
1617 0.816104 0.56924 0.00665764
1618 0.816104 0.560157 0.00635898
1619 0.816104 0.55282 0.00539164
1620 0.816104 0.558147 0.00583524
1621 0.816104 0.561229 0.00668381
1622 0.816104 0.563619 0.00600881
1623 0.816104 0.560683 0.00589954
1624 0.816104 0.563838 0.00610061
1625 0.816104 0.563375 0.00641537
1626 0.816104 0.563218 0.00517576
1627 0.816104 0.565865 0.00548314
1628 0.816104 0.563383 0.00633025
1629 0.816104 0.562567 0.00551637
1630 0.816104 0.558235 0.00586155
1631 0.816104 0.562086 0.00485943
1632 0.816104 0.565911 0.00531347
1633 0.816104 0.563195 0.00594546
1634 0.816104 0.553343 0.00569308
1635 0.816104 0.565107 0.00593109
1636 0.816104 0.555702 0.00561837
1637 0.816104 0.57022 0.00597856
1638 0.816104 0.554757 0.00575496
1639 0.816104 0.564358 0.00664528
1640 0.816104 0.561909 0.00563712
1641 0.816104 0.555658 0.00596172
1642 0.816104 0.561381 0.0060364
1643 0.816104 0.554947 0.00554173
1644 0.816104 0.567252 0.00569884
1645 0.816104 0.560193 0.00604463
1646 0.816104 0.567739 0.00582188
1647 0.816104 0.566968 0.00615254
1648 0.816104 0.562106 0.00565185
1649 0.816104 0.560309 0.00595127
1650 0.816104 0.570635 0.0058108
1651 0.816104 0.576227 0.00601884
1652 0.816104 0.567193 0.00533893
1653 0.816104 0.56325 0.00549137
1654 0.816104 0.566611 0.00703905
1655 0.816104 0.558079 0.00532037
1656 0.816104 0.557785 0.00691238
1657 0.816104 0.558078 0.00595317
1658 0.816104 0.558803 0.00542055
1659 0.816104 0.562873 0.00482017
1660 0.816104 0.563374 0.00628055
1661 0.816104 0.5524 0.00593747
1662 0.816104 0.549246 0.00586238
1663 0.816104 0.558499 0.00538741
1664 0.816104 0.549278 0.00580179
1665 0.816104 0.55924 0.00560846
1666 0.816104 0.562354 0.00544264
1667 0.816104 0.56944 0.00587036
1668 0.816104 0.566808 0.00600623
1669 0.816104 0.561073 0.00604663
1670 0.816104 0.557131 0.0062195
1671 0.816104 0.558127 0.00675611
1672 0.816104 0.55429 0.00615597
1673 0.816104 0.554532 0.00636118
1674 0.816104 0.547425 0.00721075
1675 0.816104 0.544154 0.00554372
1676 0.816104 0.536799 0.0059805
1677 0.816104 0.553455 0.00580276
1678 0.816104 0.560025 0.00624498
1679 0.816104 0.558155 0.00655055
1680 0.816104 0.554686 0.00631711
1681 0.816104 0.556582 0.00632875
1682 0.816104 0.55157 0.00585491
1683 0.816104 0.548507 0.00598724
1684 0.816104 0.548078 0.0067271
1685 0.816104 0.551319 0.00677297
1686 0.816104 0.551678 0.00637387
1687 0.816104 0.553731 0.00571299
1688 0.816104 0.560156 0.00557146
1689 0.816104 0.560739 0.00669678
1690 0.816104 0.560631 0.00591786
1691 0.816104 0.559387 0.00580595
1692 0.816104 0.555986 0.00620313
1693 0.816104 0.568212 0.00578514
1694 0.816104 0.566097 0.00606111
1695 0.816104 0.560987 0.00555319
1696 0.816104 0.552221 0.00552117
1697 0.816104 0.556538 0.00633525
1698 0.816104 0.557848 0.00566979
1699 0.816104 0.556739 0.00533659
1700 0.816104 0.555424 0.00650182
1701 0.816104 0.553696 0.00543925
1702 0.816104 0.558579 0.00520063
1703 0.816104 0.556835 0.00565819
1704 0.816104 0.551688 0.0056465
1705 0.816104 0.551488 0.00738369
1706 0.816104 0.552789 0.00711562
1707 0.816104 0.556623 0.00612896
1708 0.816104 0.568298 0.00648823
1709 0.816104 0.571659 0.00640092
1710 0.816104 0.56652 0.00621563
1711 0.816104 0.562107 0.00694656
1712 0.816104 0.565647 0.00642659
1713 0.816104 0.571057 0.00529807
1714 0.816104 0.572663 0.0064232
1715 0.816104 0.571112 0.00586143
1716 0.816104 0.560512 0.00520087
1717 0.816104 0.560736 0.00669412
1718 0.816104 0.557741 0.00688639
1719 0.816104 0.555746 0.00725699
1720 0.816104 0.550913 0.00716923
1721 0.816104 0.54711 0.00650755
1722 0.816104 0.557482 0.006591
1723 0.816104 0.561523 0.0069649
1724 0.816104 0.562758 0.00646976
1725 0.816104 0.555301 0.00654625
1726 0.816104 0.553841 0.00637309
1727 0.816104 0.566548 0.00583241
1728 0.816104 0.568078 0.00563055
1729 0.816104 0.563279 0.00651738
1730 0.816104 0.560248 0.00634967
1731 0.816104 0.56503 0.00583413
1732 0.816104 0.561604 0.0048925
1733 0.816104 0.559096 0.00610797
1734 0.816104 0.548548 0.00713821
1735 0.816104 0.555275 0.0058327
1736 0.816104 0.563307 0.00641699
1737 0.816104 0.564048 0.00599601
1738 0.816104 0.563727 0.00723899
1739 0.816104 0.56894 0.00739283
1740 0.816104 0.560814 0.00571981
1741 0.816104 0.567828 0.00559225
1742 0.816104 0.551933 0.0060842
1743 0.816104 0.54954 0.00588698
1744 0.816104 0.559856 0.00526205
1745 0.816104 0.552232 0.00611539
1746 0.816104 0.557803 0.00588373
1747 0.816104 0.550026 0.00756175
1748 0.816104 0.556013 0.00660221
1749 0.816104 0.558397 0.00554672
1750 0.816104 0.556879 0.00634313
1751 0.816104 0.560235 0.00641419
1752 0.816104 0.551767 0.00710527
1753 0.816104 0.557132 0.00648923
1754 0.816104 0.552315 0.00647465
1755 0.816104 0.561412 0.00574508
1756 0.816104 0.564786 0.00625639
1757 0.816104 0.564506 0.00666763
1758 0.816104 0.559762 0.00569588
1759 0.816104 0.558393 0.00563305
1760 0.816104 0.561099 0.00601919
1761 0.816104 0.559291 0.00568813
1762 0.816104 0.555775 0.006426
1763 0.816104 0.564939 0.00602181
1764 0.816104 0.557617 0.00655492
1765 0.816104 0.560955 0.00592983
1766 0.816104 0.557034 0.0066841
1767 0.816104 0.556002 0.00636208
1768 0.816104 0.560336 0.00693759
1769 0.816104 0.556423 0.00636381
1770 0.816104 0.548554 0.00594717
1771 0.816104 0.558413 0.00648026
1772 0.816104 0.555901 0.00658269
1773 0.816104 0.55942 0.00645331
1774 0.816104 0.566371 0.0056673
1775 0.816104 0.568463 0.00579466
1776 0.816104 0.561375 0.00568946
1777 0.816104 0.565052 0.00677387
1778 0.816104 0.567027 0.00576637
1779 0.816104 0.559015 0.00558145
1780 0.816104 0.556878 0.00607501
1781 0.816104 0.560663 0.00556185
1782 0.816104 0.563074 0.00563729
1783 0.816104 0.5649 0.00528438
1784 0.816104 0.5518 0.00586766
1785 0.816104 0.553654 0.00610719
1786 0.816104 0.557347 0.00584923
1787 0.816104 0.559797 0.00532908
1788 0.816104 0.555323 0.00612642
1789 0.816104 0.553254 0.00635804
1790 0.816104 0.556804 0.00553412
1791 0.816104 0.561116 0.00571007
1792 0.816104 0.55963 0.00571758
1793 0.816104 0.553751 0.00652613
1794 0.816104 0.557683 0.00717389
1795 0.816104 0.553246 0.00667321
1796 0.816104 0.553138 0.00622519
1797 0.816104 0.550888 0.00527403
1798 0.816104 0.558747 0.00583672
1799 0.816104 0.556699 0.00647482
1800 0.816104 0.565776 0.00598216
1801 0.816104 0.560614 0.00560357
1802 0.816104 0.560952 0.00666939
1803 0.816104 0.5518 0.00654457
1804 0.816104 0.55246 0.00617668
1805 0.816104 0.547841 0.00596101
1806 0.816104 0.5563 0.00571006
1807 0.816104 0.564401 0.00735012
1808 0.816104 0.554845 0.00561719
1809 0.816104 0.565472 0.00570697
1810 0.816104 0.565654 0.0057921
1811 0.816104 0.556277 0.00580939
1812 0.816104 0.557367 0.00608869
1813 0.816104 0.563998 0.00529261
1814 0.816104 0.555739 0.00527137
1815 0.816104 0.564484 0.00602608
1816 0.816104 0.5685 0.00547053
1817 0.816104 0.570521 0.00672716
1818 0.816104 0.568749 0.00594216
1819 0.816104 0.564693 0.00540321
1820 0.816104 0.569965 0.00604044
1821 0.816104 0.558928 0.00543116
1822 0.816104 0.565687 0.0068256
1823 0.816104 0.571091 0.00670413
1824 0.816104 0.570653 0.00559969
1825 0.816104 0.565418 0.0053582
1826 0.816104 0.56437 0.00588026
1827 0.816104 0.563897 0.0051032
1828 0.816104 0.56405 0.00563014
1829 0.816104 0.557098 0.00556738
1830 0.816104 0.558739 0.00602116
1831 0.816104 0.561549 0.00522066
1832 0.816104 0.571034 0.00670545
1833 0.816104 0.568434 0.00601765
1834 0.816104 0.562879 0.00567376
1835 0.816104 0.570155 0.00577356
1836 0.816104 0.568875 0.00543927
1837 0.816104 0.568096 0.00656857
1838 0.816104 0.570288 0.00596978
1839 0.816104 0.56553 0.00663765
1840 0.816104 0.562295 0.0062054
1841 0.816104 0.559473 0.0060297
1842 0.816104 0.563376 0.00543378
1843 0.816104 0.558325 0.00608856
1844 0.816104 0.562031 0.00536306
1845 0.816104 0.552541 0.0049429
1846 0.816104 0.564568 0.0058858
1847 0.816104 0.570087 0.00457182
1848 0.816104 0.563481 0.00552623
1849 0.816104 0.5547 0.00582003
1850 0.816104 0.559459 0.00561804
1851 0.816104 0.560674 0.00601358
1852 0.816104 0.561753 0.00538024
1853 0.816104 0.561614 0.00547809
1854 0.816104 0.573283 0.00569758
1855 0.816104 0.567224 0.00536996
1856 0.816104 0.555273 0.0060737
1857 0.816104 0.555816 0.00614765
1858 0.816104 0.549758 0.00602732
1859 0.816104 0.556271 0.00575256
1860 0.816104 0.556193 0.00614291
1861 0.816104 0.562308 0.00593291
1862 0.816104 0.554844 0.00614563
1863 0.816104 0.560846 0.00660029
1864 0.816104 0.564691 0.0055232
1865 0.816104 0.559578 0.00552506
1866 0.816104 0.555014 0.00548421
1867 0.816104 0.557496 0.00553995
1868 0.816104 0.56459 0.00534228
1869 0.816104 0.564558 0.00537705
1870 0.816104 0.562896 0.00528603
1871 0.816104 0.555447 0.00600722
1872 0.816104 0.553689 0.00525197
1873 0.816104 0.563007 0.00556449
1874 0.816104 0.575652 0.0057137
1875 0.816104 0.553165 0.00564426
1876 0.816104 0.562869 0.00546347
1877 0.816104 0.569393 0.0058336
1878 0.816104 0.557907 0.00564257
1879 0.816104 0.551872 0.00535484
1880 0.816104 0.565015 0.00588096
1881 0.816104 0.547414 0.00570878
1882 0.816104 0.5549 0.00681934
1883 0.816104 0.557469 0.00625298
1884 0.816104 0.551025 0.00586423
1885 0.816104 0.558011 0.00676329
1886 0.816104 0.557705 0.00535966
1887 0.816104 0.552235 0.00570714
1888 0.816104 0.551262 0.00586219
1889 0.816104 0.548019 0.00643315
1890 0.816104 0.55217 0.00743404
1891 0.816104 0.561177 0.00631108
1892 0.816104 0.561361 0.00623448
1893 0.816104 0.56507 0.00620352
1894 0.816104 0.552945 0.00617195
1895 0.816104 0.557054 0.00675612
1896 0.816104 0.549935 0.00593504
1897 0.816104 0.552726 0.0057544
1898 0.816104 0.566002 0.0058587
1899 0.816104 0.555355 0.00608018
1900 0.816104 0.5566 0.00553214
1901 0.816104 0.559746 0.00592939
1902 0.816104 0.561996 0.00610551
1903 0.816104 0.564476 0.00618753
1904 0.816104 0.556102 0.00581533
1905 0.816104 0.560531 0.00606575
1906 0.816104 0.557682 0.00558269
1907 0.816104 0.565116 0.00568878
1908 0.816104 0.551241 0.00590135
1909 0.816104 0.558266 0.00669531
1910 0.816104 0.563595 0.0064504
1911 0.816104 0.557517 0.00573374
1912 0.816104 0.565586 0.00540009
1913 0.816104 0.556535 0.00649171
1914 0.816104 0.562188 0.00627693
1915 0.816104 0.555686 0.00619522
1916 0.816104 0.554663 0.00633222
1917 0.816104 0.559293 0.00676009
1918 0.816104 0.5546 0.0067468
1919 0.816104 0.561967 0.00722079
1920 0.816104 0.567418 0.00639183
1921 0.816104 0.573001 0.00567185
1922 0.816104 0.560837 0.0066686
1923 0.816104 0.560343 0.00548315
1924 0.816104 0.565306 0.00558477
1925 0.816104 0.562596 0.00588132
1926 0.816104 0.556398 0.00615338
1927 0.816104 0.550244 0.00616626
1928 0.816104 0.555854 0.00599024
1929 0.816104 0.55334 0.00595136
1930 0.816104 0.554499 0.00658591
1931 0.816104 0.559749 0.00579027
1932 0.816104 0.562105 0.00578993
1933 0.816104 0.573001 0.00632369
1934 0.816104 0.555445 0.00507393
1935 0.816104 0.564325 0.00610002
1936 0.816104 0.560085 0.00508786
1937 0.816104 0.556579 0.00568928
1938 0.816104 0.556605 0.00630216
1939 0.816104 0.55015 0.00613823
1940 0.816104 0.556776 0.00598046
1941 0.816104 0.554575 0.00575067
1942 0.816104 0.558993 0.00669881
1943 0.816104 0.551655 0.00606908
1944 0.816104 0.551868 0.00581003
1945 0.816104 0.553888 0.00516786
1946 0.816104 0.558301 0.00580338
1947 0.816104 0.550337 0.00549431
1948 0.816104 0.554759 0.00659063
1949 0.816104 0.543799 0.00619589
1950 0.816104 0.559909 0.00572412
1951 0.816104 0.553238 0.00679547
1952 0.816104 0.556251 0.00595083
1953 0.816104 0.558159 0.00573043
1954 0.816104 0.55454 0.0051897
1955 0.816104 0.557764 0.00575443
1956 0.816104 0.563796 0.00577537
1957 0.816104 0.561807 0.00645184
1958 0.816104 0.557148 0.0069069
1959 0.816104 0.562668 0.00585918
1960 0.816104 0.550506 0.00611747
1961 0.816104 0.556794 0.00669862
1962 0.816104 0.56606 0.00670267
1963 0.816104 0.566658 0.00618246
1964 0.816104 0.566453 0.00644322
1965 0.816104 0.562488 0.00681703
1966 0.816104 0.560179 0.00616684
1967 0.816104 0.5677 0.00567089
1968 0.816104 0.558997 0.00577763
1969 0.816104 0.555343 0.00538044
1970 0.816104 0.557455 0.00674158
1971 0.816104 0.550407 0.00557022
1972 0.816104 0.555208 0.00574918
1973 0.816104 0.560868 0.00560296
1974 0.816104 0.5615 0.00568659
1975 0.816104 0.556073 0.00604394
1976 0.816104 0.568853 0.00521412
1977 0.816104 0.566355 0.00632163
1978 0.816104 0.562419 0.00504307
1979 0.816104 0.560882 0.00595384
1980 0.816104 0.572946 0.00621757
1981 0.816104 0.556664 0.00534744
1982 0.816104 0.565278 0.00545442
1983 0.816104 0.558404 0.00551813
1984 0.816104 0.570291 0.0059381
1985 0.816104 0.568605 0.00512461
1986 0.816104 0.565044 0.00564977
1987 0.816104 0.56585 0.00488441
1988 0.816104 0.565883 0.00519694
1989 0.816104 0.562651 0.00493053
1990 0.816104 0.556004 0.00615689
1991 0.816104 0.560722 0.00572296
1992 0.816104 0.566544 0.00598132
1993 0.816104 0.559768 0.005476
1994 0.816104 0.562007 0.00590245
1995 0.816104 0.565056 0.00610862
1996 0.816104 0.56135 0.00555328
1997 0.816104 0.5576 0.00589887
1998 0.816104 0.562559 0.0056873
1999 0.816104 0.561258 0.00562587
2000 0.816104 0.563799 0.00569614
