3
2
0.194357
0.235093
1
-50
6.66634
0
-59.5835
5.0223
0
-53.4909
3.33139
0
0.163626
0.268601
1
1.80296
0.106461
0.455163
0.583307
1.30819
1.39343
0.690461
1.0977
1.94228
0.717712
0.868062
0.729435
1.50274
1.77083
1.49582
1.21605
1.01679
0.785724
0.439512
0.101106
0.489285
1.86609
1.09472
1.2488
0.0658371
0.971102
0.84335
1.79211
1.43237
0.968906
1.80249
0
0.709521
0.129809
0.57555
1.53536
0.166031
1.61277
0.136248
0.322953
1.81256
0.289185
1.53339
1.90228
1.51482
1.84781
1.73266
1.80012
0.518143
0.441701
1.1377
0.490721
1.90112
0.0557743
1.65794
1.13027
0.571824
0.481278
1.42725
1.64407
0.353026
0.227581
1.84245
1.62944
1.78705
0.653801
1.56366
0.916879
1.62101
0.0228641
1.44929
0.883996
1.39663
0.150263
0.21883
