4
1
-51.4786
6.10795
0
-54.091
6.42031
0
-62.3338
4.07686
0
-53.7389
2.72582
0
0.0941052
0.2371
1
0.46189
1.44306
0.672265
0.59384
1.874
0.66665
1.9815
1.05015
1.52363
1.83818
1.89233
0.526356
1.56162
0.461134
0.60879
1.12117
1.39369
0.330325
1.37068
0.327287
1.13444
0.118217
1.19743
0.593269
0.966347
0.911225
0.210263
0.0218856
1.58834
1.17374
0.631537
1.50673
1.30242
1.26357
1.75652
0.206346
1.67923
1.11555
1.1151
1.96203
0.430451
0.666296
0.644504
1.54711
0.240967
0.378386
1.17155
0.63459
1.09155
1.03477
1.63307
0.673203
1.3384
0.600847
1.77418
1.99955
0.619391
0.589416
0.0254247
1.18884
0.265197
0.214207
1.51228
0.881385
1.2242
0.232369
1.69233
1.02465
1.15116
0
0.726628
