0 0.523491 0.498407 8.65014e-05
1 0.539113 0.497341 0.000134228
2 0.554437 0.499541 0.000205257
3 0.554437 0.500004 0.000184452
4 0.554437 0.501869 0.00016909
5 0.586715 0.502281 0.000282526
6 0.586715 0.502363 0.000255889
7 0.586715 0.501409 0.000327097
8 0.586715 0.500454 0.000423547
9 0.586715 0.500592 0.000282043
10 0.586715 0.501462 0.000381183
11 0.586715 0.501849 0.000387468
12 0.586715 0.501727 0.000319975
13 0.586715 0.501264 0.000401111
14 0.586715 0.501434 0.000275698
15 0.586715 0.501432 0.000322296
16 0.586715 0.502048 0.000378707
17 0.586715 0.501973 0.000328535
18 0.586715 0.501214 0.000344648
19 0.586715 0.502468 0.000348373
20 0.586715 0.501908 0.000328181
21 0.586715 0.500846 0.000378206
22 0.586715 0.502201 0.000353665
23 0.586715 0.501541 0.000372339
24 0.586715 0.501077 0.000372353
25 0.586715 0.501876 0.000365099
26 0.586715 0.503703 0.00038623
27 0.586715 0.503301 0.000341801
28 0.586715 0.504142 0.000410327
29 0.586715 0.502338 0.000404401
30 0.586715 0.501215 0.000404245
31 0.586715 0.502323 0.000380935
32 0.586715 0.502138 0.000418417
33 0.586715 0.501396 0.000373049
34 0.591238 0.503585 0.000481348
35 0.591238 0.503685 0.00050688
36 0.591238 0.503445 0.000392303
37 0.591238 0.5025 0.000441409
38 0.591238 0.503234 0.000437206
39 0.591238 0.504233 0.000508872
40 0.591238 0.503698 0.000561623
41 0.591238 0.50547 0.000593166
42 0.591238 0.501401 0.000475776
43 0.591238 0.503783 0.000512625
44 0.591238 0.502011 0.000502471
45 0.591238 0.503867 0.000527878
46 0.591238 0.503847 0.000528221
47 0.591238 0.502652 0.000495417
48 0.591238 0.501966 0.00045218
49 0.591238 0.502043 0.000505024
50 0.591238 0.506207 0.000571326
51 0.591238 0.503692 0.000505175
52 0.591238 0.504167 0.000531745
53 0.595133 0.502386 0.000745482
54 0.595133 0.501226 0.000767084
55 0.595133 0.504664 0.000769639
56 0.595133 0.503885 0.000822425
57 0.595133 0.504472 0.000749808
58 0.595133 0.501899 0.00063804
59 0.595133 0.50151 0.000752535
60 0.595133 0.503395 0.000515443
61 0.595133 0.504337 0.000658226
62 0.595133 0.503226 0.00061773
63 0.595133 0.503218 0.000578873
64 0.595133 0.504179 0.000619421
65 0.595133 0.502177 0.000780305
66 0.59761 0.506131 0.000572523
67 0.59761 0.505298 0.000680299
68 0.59761 0.503424 0.000752103
69 0.59761 0.502077 0.000727188
70 0.59761 0.504167 0.000596286
71 0.59761 0.499723 0.00081337
72 0.603048 0.504718 0.00080662
73 0.603048 0.503955 0.000796681
74 0.603048 0.498575 0.000664004
75 0.603048 0.502067 0.000684265
76 0.603048 0.506121 0.00074193
77 0.603048 0.503306 0.000667975
78 0.603048 0.505936 0.000639768
79 0.603048 0.505127 0.000708416
80 0.603048 0.50176 0.000788896
81 0.603383 0.504483 0.000867505
82 0.603383 0.506821 0.00137604
83 0.603383 0.503731 0.000660581
84 0.603383 0.501816 0.00111253
85 0.603383 0.5076 0.00105884
86 0.603383 0.508121 0.00100301
87 0.603383 0.504494 0.00142632
88 0.603383 0.507305 0.00127895
89 0.603383 0.511737 0.000847027
90 0.603383 0.513823 0.000955984
91 0.604725 0.51218 0.00107568
92 0.605489 0.513587 0.00124743
93 0.605489 0.514324 0.00117809
94 0.605889 0.512812 0.00131688
95 0.605889 0.507481 0.00112147
96 0.605889 0.506575 0.00132994
97 0.605889 0.506267 0.00136338
98 0.610356 0.514814 0.00141358
99 0.610356 0.514973 0.0011836
100 0.610356 0.510393 0.0014453
101 0.610356 0.515745 0.00118789
102 0.610356 0.513637 0.00109636
103 0.610356 0.518464 0.00129867
104 0.624264 0.518836 0.00145501
105 0.624264 0.518052 0.00164354
106 0.624264 0.518558 0.00120814
107 0.650193 0.520495 0.00130085
108 0.650193 0.525845 0.00141186
109 0.650193 0.525589 0.00133098
110 0.650193 0.518793 0.00154462
111 0.650193 0.520801 0.00141411
112 0.650193 0.519738 0.00137058
113 0.650193 0.52347 0.00142201
114 0.650193 0.524736 0.00147178
115 0.650193 0.528628 0.00133097
116 0.650193 0.523624 0.00192667
117 0.650193 0.523935 0.00199682
118 0.650193 0.526242 0.00157355
119 0.650193 0.522414 0.00174834
120 0.650193 0.526659 0.00186815
121 0.650193 0.529196 0.00131593
122 0.650193 0.537152 0.00158108
123 0.650193 0.530824 0.00157186
124 0.650193 0.537794 0.00135743
125 0.650193 0.532048 0.00181014
126 0.650193 0.532213 0.0017683
127 0.650193 0.531267 0.00178276
128 0.650193 0.531783 0.00139888
129 0.650193 0.533054 0.00169744
130 0.650193 0.527184 0.00158346
131 0.655669 0.530778 0.00183365
132 0.655669 0.533109 0.00162912
133 0.655669 0.536171 0.00192947
134 0.655669 0.533737 0.00162673
135 0.655669 0.533532 0.00160102
136 0.655669 0.533287 0.00174827
137 0.655669 0.533937 0.00196632
138 0.655669 0.529172 0.00204063
139 0.655669 0.530408 0.00212882
140 0.655669 0.528674 0.00223364
141 0.655669 0.532014 0.00200543
142 0.655669 0.538771 0.0022212
143 0.655669 0.534007 0.00218736
144 0.655669 0.538477 0.00140703
145 0.655669 0.541601 0.00175387
146 0.655669 0.537312 0.0018496
147 0.655669 0.531959 0.00192861
148 0.655669 0.534907 0.00220223
149 0.655669 0.535719 0.00175343
150 0.655669 0.535858 0.00182339
151 0.655669 0.534643 0.00168169
152 0.655669 0.536327 0.00170204
153 0.655669 0.538284 0.0018791
154 0.655669 0.539084 0.00161591
155 0.655669 0.541581 0.00154433
156 0.655669 0.541055 0.00163182
157 0.655669 0.539032 0.00180563
158 0.655669 0.542513 0.00190791
159 0.655669 0.541415 0.00200127
160 0.660624 0.546035 0.00176065
161 0.660624 0.54889 0.00175027
162 0.660624 0.538749 0.00208543
163 0.660624 0.544414 0.00185809
164 0.660624 0.539984 0.0017349
165 0.660624 0.539873 0.00202397
166 0.660624 0.544254 0.00226996
167 0.660624 0.537841 0.00177059
168 0.660624 0.531565 0.0019775
169 0.660624 0.531483 0.00195072
170 0.660624 0.53469 0.00232613
171 0.660624 0.535741 0.00195035
172 0.660624 0.534286 0.00215987
173 0.660624 0.532221 0.00205901
174 0.660624 0.530892 0.00237969
175 0.660624 0.529915 0.00266725
176 0.660624 0.526334 0.00254293
177 0.660624 0.530553 0.00263248
178 0.660624 0.538789 0.00231715
179 0.660624 0.534655 0.00198224
180 0.660624 0.53236 0.00168753
181 0.660624 0.533675 0.00249159
182 0.660624 0.535719 0.00226014
183 0.660624 0.528677 0.00223343
184 0.660624 0.536313 0.00193272
185 0.660624 0.538043 0.00164083
186 0.660624 0.536973 0.00182691
187 0.660624 0.540142 0.00205072
188 0.660624 0.53872 0.0024558
189 0.660624 0.532274 0.00237122
190 0.660624 0.529677 0.00252835
191 0.660624 0.535181 0.00264668
192 0.660624 0.528586 0.00195092
193 0.660624 0.534956 0.00252965
194 0.660624 0.536541 0.00217266
195 0.660624 0.531061 0.00224404
196 0.660624 0.539563 0.00191607
197 0.660624 0.542333 0.00180436
198 0.660624 0.535979 0.00224934
199 0.660624 0.534214 0.00205601
200 0.660624 0.534066 0.00205973
201 0.660624 0.534526 0.00192308
202 0.660624 0.53484 0.0023402
203 0.660624 0.532029 0.00243598
204 0.660624 0.535514 0.0019344
205 0.660624 0.5281 0.00234882
206 0.660624 0.531239 0.00267158
207 0.660624 0.535901 0.00249722
208 0.660624 0.534839 0.00173222
209 0.660624 0.540096 0.00221225
210 0.660624 0.536669 0.0020117
211 0.660624 0.539546 0.0019749
212 0.660624 0.542262 0.00204888
213 0.660624 0.54262 0.00198291
214 0.660624 0.534891 0.00200041
215 0.660624 0.536225 0.00200173
216 0.660624 0.539351 0.0017853
217 0.660624 0.542748 0.00218564
218 0.660624 0.536912 0.00212365
219 0.660624 0.538199 0.00227221
220 0.660624 0.543481 0.00194544
221 0.662973 0.543044 0.00192319
222 0.662973 0.539375 0.00209422
223 0.662973 0.535177 0.0020616
224 0.662973 0.532799 0.00214535
225 0.662973 0.539818 0.00198073
226 0.662973 0.532487 0.00212722
227 0.662973 0.536234 0.00222068
228 0.662973 0.540386 0.00155774
229 0.662973 0.535141 0.00200214
230 0.662973 0.529834 0.00245243
231 0.662973 0.535011 0.00196937
232 0.662973 0.536699 0.00211089
233 0.662973 0.544235 0.00189256
234 0.662973 0.537686 0.00164698
235 0.662973 0.538264 0.00223277
236 0.662973 0.54129 0.00175192
237 0.662973 0.537977 0.00199906
238 0.662973 0.540247 0.00182168
239 0.662973 0.537574 0.00203929
240 0.662973 0.540693 0.00201151
241 0.662973 0.542162 0.00196182
242 0.662973 0.542351 0.0015245
243 0.662973 0.532884 0.00192309
244 0.662973 0.53574 0.00176195
245 0.662973 0.536033 0.00183061
246 0.662973 0.532779 0.00225526
247 0.662973 0.530912 0.00159496
248 0.662973 0.535865 0.00188979
249 0.662973 0.540539 0.00170316
250 0.662973 0.538223 0.00150061
251 0.662973 0.541228 0.00179924
252 0.662973 0.533649 0.00191627
253 0.662973 0.540368 0.00185701
254 0.662973 0.543704 0.00188064
255 0.662973 0.543123 0.00216855
256 0.662973 0.542485 0.00177969
257 0.662973 0.540589 0.00186039
258 0.662973 0.539307 0.0017179
259 0.662973 0.539674 0.00212706
260 0.662973 0.533522 0.00193592
261 0.662973 0.535119 0.00197233
262 0.662973 0.529982 0.00229186
263 0.662973 0.542715 0.00183963
264 0.662973 0.534791 0.00202405
265 0.662973 0.53471 0.00196209
266 0.662973 0.537959 0.00216206
267 0.662973 0.532073 0.00161004
268 0.662973 0.53644 0.00236167
269 0.662973 0.538655 0.00218955
270 0.662973 0.53565 0.00237741
271 0.662973 0.534115 0.0022343
272 0.662973 0.536212 0.00224983
273 0.662973 0.53295 0.00177637
274 0.662973 0.541775 0.00189922
275 0.662973 0.53586 0.00177471
276 0.662973 0.5316 0.00172126
277 0.662973 0.540208 0.00213715
278 0.662973 0.542678 0.00194644
279 0.662973 0.533454 0.00177529
280 0.662973 0.538042 0.00223834
281 0.662973 0.541331 0.00155427
282 0.662973 0.542338 0.00234015
283 0.662973 0.538756 0.00185376
284 0.662973 0.530874 0.00219235
285 0.662973 0.531843 0.00244704
286 0.662973 0.531365 0.00231412
287 0.662973 0.5325 0.00245298
288 0.662973 0.528635 0.0016179
289 0.662973 0.529899 0.001779
290 0.662973 0.53195 0.00175624
291 0.662973 0.528249 0.00174918
292 0.662973 0.52884 0.00237487
293 0.662973 0.53134 0.00203887
294 0.662973 0.531834 0.00171834
295 0.662973 0.529225 0.00163234
296 0.662973 0.53314 0.0019673
297 0.662973 0.533906 0.00178082
298 0.662973 0.531152 0.00193904
299 0.662973 0.531218 0.00164648
300 0.662973 0.534559 0.00197056
301 0.662973 0.536748 0.00188559
302 0.662973 0.544373 0.00190692
303 0.662973 0.53992 0.0017701
304 0.662973 0.541242 0.00198999
305 0.662973 0.546341 0.00148635
306 0.662973 0.538131 0.00214963
307 0.662973 0.536367 0.00182576
308 0.662973 0.53217 0.00193686
309 0.662973 0.537522 0.0023332
310 0.662973 0.539357 0.00257053
311 0.662973 0.541595 0.00240914
312 0.662973 0.537805 0.00201551
313 0.662973 0.540661 0.0017571
314 0.662973 0.543227 0.00176223
315 0.662973 0.544429 0.00180532
316 0.662973 0.543713 0.00156136
317 0.662973 0.548529 0.00177587
318 0.662973 0.541921 0.00171511
319 0.662973 0.543645 0.00172904
320 0.662973 0.539261 0.00177955
321 0.662973 0.53489 0.00187852
322 0.662973 0.542558 0.00168147
323 0.662973 0.54083 0.00188909
324 0.662973 0.539505 0.00197277
325 0.662973 0.538689 0.00189503
326 0.662973 0.531351 0.00190404
327 0.662973 0.533687 0.00185782
328 0.662973 0.534312 0.00226428
329 0.662973 0.536292 0.00232774
330 0.662973 0.539738 0.00218181
331 0.662973 0.535669 0.00237216
332 0.662973 0.537066 0.00227644
333 0.662973 0.530949 0.00229479
334 0.662973 0.535142 0.00176546
335 0.662973 0.539432 0.00199086
336 0.662973 0.537288 0.00204724
337 0.662973 0.543286 0.0019211
338 0.662973 0.544298 0.00150485
339 0.662973 0.543328 0.00181723
340 0.662973 0.536577 0.00195766
341 0.662973 0.536811 0.00216998
342 0.662973 0.534597 0.00188741
343 0.662973 0.533155 0.00180989
344 0.662973 0.536084 0.00201475
345 0.662973 0.541368 0.00231483
346 0.662973 0.53592 0.00179734
347 0.662973 0.538797 0.0016727
348 0.662973 0.5339 0.00196095
349 0.662973 0.54209 0.0015789
350 0.662973 0.537786 0.00182494
351 0.662973 0.540394 0.00174959
352 0.662973 0.537383 0.00173613
353 0.662973 0.540311 0.00179242
354 0.662973 0.542537 0.00203131
355 0.662973 0.540553 0.00186481
356 0.662973 0.540166 0.00154085
357 0.662973 0.539535 0.00173005
358 0.662973 0.541143 0.0016218
359 0.662973 0.538294 0.00217995
360 0.662973 0.543913 0.00164474
361 0.662973 0.538204 0.00171893
362 0.662973 0.538267 0.00213158
363 0.662973 0.540919 0.00163991
364 0.662973 0.538245 0.00189922
365 0.662973 0.54013 0.00188548
366 0.662973 0.538054 0.00168418
367 0.662973 0.537921 0.0018629
368 0.662973 0.541968 0.00197668
369 0.662973 0.543736 0.00138977
370 0.662973 0.54735 0.00162745
371 0.662973 0.545051 0.00162895
372 0.662973 0.540006 0.00187287
373 0.662973 0.54334 0.0017104
374 0.662973 0.541932 0.00163564
375 0.662973 0.541398 0.00173275
376 0.662973 0.53969 0.00170077
377 0.662973 0.533807 0.0016623
378 0.662973 0.538936 0.00151583
379 0.662973 0.535486 0.0015795
380 0.662973 0.538823 0.00140975
381 0.662973 0.534266 0.00167566
382 0.662973 0.539817 0.00162293
383 0.662973 0.540526 0.00146925
384 0.662973 0.542209 0.00173678
385 0.662973 0.542708 0.00142627
386 0.662973 0.537285 0.00176286
387 0.662973 0.540042 0.00158509
388 0.662973 0.539971 0.00185072
389 0.662973 0.541999 0.00190145
390 0.662973 0.541324 0.00157113
391 0.662973 0.541724 0.00204816
392 0.662973 0.547248 0.00175698
393 0.662973 0.544086 0.0018571
394 0.662973 0.546772 0.00157867
395 0.662973 0.545695 0.00164638
396 0.662973 0.540933 0.00134409
397 0.662973 0.538273 0.00187273
398 0.662973 0.539183 0.00174435
399 0.662973 0.538724 0.00188893
400 0.662973 0.537685 0.00212954
401 0.662973 0.538888 0.00190231
402 0.662973 0.5382 0.00209004
403 0.662973 0.536224 0.00208249
404 0.662973 0.539233 0.00192637
405 0.662973 0.540937 0.00181304
406 0.662973 0.540876 0.00191589
407 0.662973 0.536376 0.00223655
408 0.662973 0.534008 0.00236606
409 0.662973 0.539189 0.00223925
410 0.662973 0.538632 0.00196798
411 0.662973 0.537742 0.00200268
412 0.662973 0.537482 0.00229784
413 0.662973 0.542326 0.00187669
414 0.662973 0.538304 0.00211807
415 0.662973 0.536019 0.00200993
416 0.662973 0.541568 0.00211887
417 0.662973 0.536205 0.00188793
418 0.662973 0.536402 0.00191327
419 0.662973 0.541602 0.00161251
420 0.662973 0.542657 0.00188708
421 0.662973 0.533754 0.00191974
422 0.662973 0.535814 0.00213841
423 0.662973 0.536982 0.00188307
424 0.662973 0.537858 0.0019674
425 0.662973 0.535347 0.00195719
426 0.662973 0.535154 0.00205432
427 0.662973 0.536096 0.00212228
428 0.662973 0.537484 0.00173702
429 0.662973 0.541079 0.00189427
430 0.662973 0.542617 0.00180298
431 0.662973 0.545033 0.002071
432 0.662973 0.544405 0.00209609
433 0.662973 0.536732 0.00220547
434 0.662973 0.530764 0.00235408
435 0.662973 0.53138 0.00245257
436 0.662973 0.536307 0.00221683
437 0.662973 0.543019 0.00222096
438 0.662973 0.534702 0.00216936
439 0.662973 0.533454 0.00207433
440 0.662973 0.53206 0.00223369
441 0.662973 0.533884 0.0017341
442 0.662973 0.536687 0.00208998
443 0.662973 0.53788 0.00183251
444 0.662973 0.529596 0.00188243
445 0.662973 0.533968 0.00184305
446 0.662973 0.536091 0.00205214
447 0.662973 0.538836 0.00143134
448 0.662973 0.541832 0.00190622
449 0.662973 0.539753 0.00168606
450 0.662973 0.535221 0.00209548
451 0.662973 0.530075 0.00229995
452 0.662973 0.534658 0.0024831
453 0.662973 0.539629 0.00219452
454 0.662973 0.542983 0.00182971
455 0.662973 0.543009 0.00203341
456 0.662973 0.546391 0.00190102
457 0.662973 0.543313 0.00216078
458 0.662973 0.541682 0.00189707
459 0.662973 0.537705 0.00169699
460 0.662973 0.54189 0.00175258
461 0.662973 0.543096 0.00163403
462 0.662973 0.537704 0.00158447
463 0.662973 0.541392 0.00193611
464 0.662973 0.533694 0.00214906
465 0.662973 0.536376 0.00224879
466 0.662973 0.537902 0.00171652
467 0.662973 0.542946 0.00203143
468 0.662973 0.541579 0.00192071
469 0.662973 0.546936 0.00152586
470 0.662973 0.54002 0.0018968
471 0.662973 0.533317 0.00177492
472 0.662973 0.538873 0.00187078
473 0.662973 0.537162 0.00180169
474 0.662973 0.540487 0.00178892
475 0.662973 0.537903 0.0022349
476 0.662973 0.530692 0.0018584
477 0.662973 0.534074 0.00193438
478 0.662973 0.539098 0.00222085
479 0.662973 0.539258 0.00184452
480 0.662973 0.536973 0.00225515
481 0.662973 0.544497 0.00202369
482 0.662973 0.546577 0.0019203
483 0.662973 0.539821 0.00157324
484 0.662973 0.54135 0.00194345
485 0.662973 0.543547 0.00174968
486 0.662973 0.540934 0.00196958
487 0.662973 0.536742 0.00190963
488 0.662973 0.5365 0.0018739
489 0.662973 0.535103 0.0018394
490 0.662973 0.5396 0.00194638
491 0.662973 0.541016 0.00207522
492 0.662973 0.540513 0.00198612
493 0.663191 0.536834 0.00198522
494 0.663191 0.534684 0.00234257
495 0.663191 0.538003 0.00184752
496 0.663191 0.536578 0.00209121
497 0.663191 0.537589 0.00193481
498 0.663191 0.534528 0.00210319
499 0.663191 0.526652 0.00199545
500 0.663191 0.541791 0.00193295
501 0.663191 0.539009 0.00162427
502 0.663191 0.537115 0.0019923
503 0.663191 0.539825 0.00200773
504 0.663191 0.53807 0.00169847
505 0.663191 0.543775 0.00175364
506 0.663191 0.53795 0.00182828
507 0.663191 0.543555 0.00172852
508 0.663191 0.540469 0.00196732
509 0.663191 0.532538 0.00255303
510 0.663191 0.541893 0.00179065
511 0.663191 0.537763 0.00177716
512 0.663191 0.531751 0.00178377
513 0.663191 0.539795 0.00163947
514 0.663191 0.543552 0.00191015
515 0.663191 0.542926 0.00186681
516 0.663191 0.534952 0.00235932
517 0.663191 0.535671 0.00227947
518 0.663191 0.5361 0.00195734
519 0.663191 0.539682 0.00193954
520 0.663191 0.539132 0.0015145
521 0.663191 0.534358 0.00203587
522 0.663191 0.535084 0.00172456
523 0.663191 0.538934 0.00172971
524 0.663191 0.537568 0.00191144
525 0.663191 0.53592 0.00196281
526 0.663191 0.53896 0.00193266
527 0.663191 0.538152 0.00192681
528 0.663191 0.535444 0.00218333
529 0.663191 0.540331 0.00190575
530 0.663191 0.537377 0.00206384
531 0.663191 0.538274 0.00211873
532 0.663191 0.539052 0.00176481
533 0.663191 0.540522 0.00186793
534 0.663191 0.539765 0.00236881
535 0.663191 0.53697 0.00210868
536 0.663191 0.539881 0.00209876
537 0.663191 0.537545 0.00215208
538 0.663191 0.537091 0.00222245
539 0.663191 0.540242 0.00205882
540 0.663191 0.536827 0.0021396
541 0.663191 0.542514 0.00202639
542 0.663191 0.545829 0.00214763
543 0.663191 0.539597 0.00241488
544 0.663191 0.542029 0.00201902
545 0.663191 0.543437 0.00187105
546 0.663191 0.537564 0.00222083
547 0.663191 0.536663 0.00224337
548 0.663191 0.537602 0.00202522
549 0.663191 0.542256 0.00175325
550 0.663191 0.544011 0.00190441
551 0.663191 0.536003 0.0018203
552 0.663191 0.54188 0.00207092
553 0.663191 0.536317 0.00205488
554 0.663191 0.536939 0.00221077
555 0.663191 0.537636 0.00189312
556 0.663191 0.534046 0.00199944
557 0.663191 0.534916 0.00252227
558 0.663191 0.527212 0.00193965
559 0.663191 0.536061 0.00228754
560 0.663191 0.531884 0.0026357
561 0.663191 0.537654 0.00227778
562 0.663191 0.531108 0.00239378
563 0.663191 0.536752 0.00228988
564 0.663191 0.537554 0.00264823
565 0.663191 0.531794 0.00243088
566 0.663191 0.529882 0.002891
567 0.663191 0.536199 0.002211
568 0.663191 0.534833 0.00222477
569 0.663191 0.531404 0.00282943
570 0.663191 0.535783 0.00230334
571 0.663191 0.538104 0.00178846
572 0.663191 0.538254 0.00194704
573 0.663191 0.533721 0.00247519
574 0.663191 0.531035 0.00269193
575 0.663191 0.53397 0.00257956
576 0.663191 0.537935 0.0022164
577 0.663191 0.535267 0.00220654
578 0.663191 0.531324 0.00200739
579 0.663191 0.531887 0.00211933
580 0.663191 0.531335 0.00230939
581 0.663191 0.540463 0.00208823
582 0.663191 0.538266 0.00202416
583 0.663191 0.545715 0.00183123
584 0.663191 0.538961 0.00190634
585 0.663191 0.531872 0.00190955
586 0.663191 0.528227 0.00265106
587 0.663191 0.533677 0.00209008
588 0.663191 0.537807 0.00228158
589 0.663191 0.52933 0.0027619
590 0.663191 0.535569 0.00202506
591 0.663191 0.535169 0.00261298
592 0.663191 0.538475 0.00192152
593 0.663191 0.538875 0.00201886
594 0.663191 0.532023 0.00217946
595 0.663191 0.54107 0.00204225
596 0.663191 0.536984 0.00197512
597 0.663191 0.534347 0.00187697
598 0.663191 0.535621 0.00186583
599 0.663191 0.532881 0.00238653
600 0.663191 0.538528 0.00221445
601 0.663191 0.540369 0.002057
602 0.663191 0.542368 0.00172178
603 0.663191 0.541779 0.00179241
604 0.663191 0.544739 0.00185442
605 0.663191 0.538834 0.00175061
606 0.663191 0.532759 0.00187135
607 0.663191 0.536271 0.00217595
608 0.663191 0.536712 0.0021974
609 0.663191 0.538248 0.00213979
610 0.663191 0.539973 0.00239779
611 0.663191 0.53661 0.00221836
612 0.663191 0.533054 0.00208086
613 0.663191 0.534521 0.00174812
614 0.663191 0.539515 0.00179007
615 0.663191 0.540064 0.00194976
616 0.67435 0.541146 0.00246794
617 0.67435 0.539213 0.00178768
618 0.67435 0.537134 0.00171589
619 0.67435 0.537107 0.00192631
620 0.67435 0.538992 0.0022505
621 0.67435 0.547038 0.00196634
622 0.67435 0.542088 0.00187609
623 0.67435 0.538141 0.002124
624 0.67435 0.539778 0.00187056
625 0.67435 0.534316 0.00187197
626 0.67435 0.531909 0.00235262
627 0.67435 0.534568 0.0021951
628 0.67435 0.532778 0.00199337
629 0.67435 0.543313 0.00161926
630 0.67435 0.541814 0.00164157
631 0.67435 0.534441 0.00224826
632 0.67435 0.538411 0.00195669
633 0.67435 0.537481 0.00220919
634 0.67435 0.539158 0.00215788
635 0.67435 0.537693 0.00208411
636 0.67435 0.536938 0.00205701
637 0.67435 0.541454 0.00186219
638 0.67435 0.536678 0.00216597
639 0.67435 0.537899 0.0027258
640 0.67435 0.537572 0.00210502
641 0.67435 0.540159 0.00184543
642 0.67435 0.541445 0.00224986
643 0.67435 0.541456 0.0017669
644 0.67435 0.540111 0.00187223
645 0.67435 0.539333 0.0020051
646 0.67435 0.540051 0.00200563
647 0.67435 0.538167 0.00209292
648 0.67435 0.543393 0.00210254
649 0.67435 0.537151 0.00223672
650 0.67435 0.537009 0.00247156
651 0.67435 0.53433 0.00246273
652 0.67435 0.538638 0.00239051
653 0.67435 0.534148 0.00272481
654 0.67435 0.539574 0.00273345
655 0.67435 0.541913 0.00214663
656 0.67435 0.543299 0.0018169
657 0.67435 0.535715 0.00220933
658 0.67435 0.526072 0.00212759
659 0.67435 0.528892 0.00231801
660 0.67435 0.529529 0.00283132
661 0.67435 0.528944 0.00282462
662 0.67435 0.530718 0.00237803
663 0.67435 0.532066 0.00264202
664 0.67435 0.534006 0.00222737
665 0.67435 0.535526 0.0023541
666 0.67435 0.53162 0.00194806
667 0.67435 0.523923 0.00173714
668 0.67435 0.528988 0.00214471
669 0.67435 0.53284 0.00230504
670 0.67435 0.532127 0.00222307
671 0.67435 0.532234 0.00270656
672 0.67435 0.538213 0.00201634
673 0.67435 0.537871 0.00205381
674 0.67435 0.532385 0.00223774
675 0.67435 0.534132 0.0022249
676 0.67435 0.533984 0.00217884
677 0.67435 0.525651 0.00248568
678 0.67435 0.524922 0.00281961
679 0.67435 0.531464 0.00211825
680 0.67435 0.538901 0.00177206
681 0.67435 0.543219 0.00166417
682 0.67435 0.536447 0.00185621
683 0.67435 0.538308 0.00209126
684 0.67435 0.538015 0.00224619
685 0.67435 0.539996 0.0025436
686 0.67435 0.53885 0.00201558
687 0.67435 0.535093 0.00194441
688 0.67435 0.530724 0.00252063
689 0.67435 0.531938 0.00165037
690 0.67435 0.537315 0.00204459
691 0.67435 0.537145 0.00234419
692 0.67435 0.538403 0.00208654
693 0.67435 0.535195 0.00190185
694 0.67435 0.53608 0.00206278
695 0.67435 0.534935 0.00216023
696 0.67435 0.538228 0.00192984
697 0.67435 0.541669 0.00187398
698 0.67435 0.533892 0.00193746
699 0.67435 0.534293 0.00200771
700 0.67435 0.53058 0.00188798
701 0.67435 0.534158 0.00177324
702 0.67435 0.537514 0.00187343
703 0.67435 0.537262 0.0019348
704 0.67435 0.537125 0.00167908
705 0.67435 0.544446 0.00184122
706 0.67435 0.541517 0.00176039
707 0.67435 0.540909 0.00215543
708 0.67435 0.536006 0.00200104
709 0.67435 0.533465 0.0017941
710 0.67435 0.540056 0.00223527
711 0.67435 0.538908 0.00177712
712 0.67435 0.540361 0.0019831
713 0.67435 0.537398 0.00214219
714 0.67435 0.542515 0.00182162
715 0.67435 0.535774 0.00218821
716 0.67435 0.535684 0.00181421
717 0.67435 0.53668 0.00185839
718 0.67435 0.543887 0.00190712
719 0.67435 0.53684 0.00218344
720 0.67435 0.539704 0.00167061
721 0.67435 0.533504 0.00205704
722 0.67435 0.535483 0.00187501
723 0.67435 0.535008 0.00172056
724 0.67435 0.537138 0.0020008
725 0.67435 0.535547 0.00181342
726 0.67435 0.539188 0.00187117
727 0.67435 0.535858 0.00163899
728 0.67435 0.53213 0.00189464
729 0.67435 0.536555 0.00171241
730 0.67435 0.538009 0.00147956
731 0.67435 0.531933 0.00162207
732 0.67435 0.535284 0.00165066
733 0.67435 0.535843 0.00176745
734 0.67435 0.541346 0.00151161
735 0.67435 0.533701 0.00182954
736 0.67435 0.536031 0.00192899
737 0.67435 0.529724 0.00239483
738 0.67435 0.535616 0.00196328
739 0.67435 0.53452 0.0020489
740 0.67435 0.536536 0.00224591
741 0.67435 0.5382 0.001942
742 0.67435 0.541769 0.00159642
743 0.67435 0.539031 0.00196318
744 0.67435 0.536429 0.00184731
745 0.67435 0.530282 0.00183397
746 0.67435 0.532449 0.00182356
747 0.67435 0.537266 0.00217629
748 0.67435 0.534332 0.00188479
749 0.67435 0.530436 0.00200975
750 0.67435 0.534337 0.00269025
751 0.67435 0.533873 0.00234597
752 0.67435 0.53818 0.00202644
753 0.67435 0.534867 0.00207771
754 0.67435 0.535668 0.00195241
755 0.67435 0.538204 0.0018507
756 0.67435 0.531133 0.00223031
757 0.67435 0.533377 0.00248911
758 0.67435 0.535178 0.00208091
759 0.67435 0.535639 0.00240673
760 0.67435 0.532661 0.002105
761 0.67435 0.53409 0.00213907
762 0.67435 0.533117 0.00255757
763 0.67435 0.537672 0.00261986
764 0.67435 0.534803 0.00234136
765 0.67435 0.539289 0.00185431
766 0.67435 0.542159 0.00188273
767 0.67435 0.538522 0.00223133
768 0.67435 0.535373 0.00228743
769 0.67435 0.534085 0.00232099
770 0.67435 0.544911 0.00190476
771 0.67435 0.539527 0.00227528
772 0.67435 0.543675 0.00197587
773 0.67435 0.542553 0.00184129
774 0.67435 0.543803 0.00234665
775 0.67435 0.542418 0.00141016
776 0.67435 0.532469 0.00213638
777 0.67435 0.532827 0.00191203
778 0.67435 0.53209 0.00218516
779 0.67435 0.533931 0.00219333
780 0.67435 0.532403 0.00182868
781 0.67435 0.525734 0.00262594
782 0.67435 0.529973 0.00228234
783 0.67435 0.53163 0.00193188
784 0.67435 0.534464 0.00182434
785 0.67435 0.535374 0.00224675
786 0.67435 0.53397 0.00246192
787 0.67435 0.541057 0.00208761
788 0.67435 0.540635 0.00214917
789 0.67435 0.540318 0.00191918
790 0.67435 0.540516 0.00174575
791 0.67435 0.535065 0.00229747
792 0.67435 0.534474 0.00220608
793 0.67435 0.541641 0.00197989
794 0.67435 0.535215 0.00199197
795 0.67435 0.529207 0.00254283
796 0.67435 0.530857 0.0028216
797 0.67435 0.527861 0.00251893
798 0.67435 0.531946 0.00250615
799 0.67435 0.535278 0.00225287
800 0.67435 0.536002 0.00212354
801 0.67435 0.533145 0.00209372
802 0.67435 0.534983 0.00257733
803 0.67435 0.5366 0.00175809
804 0.67435 0.540854 0.00181448
805 0.67435 0.533835 0.0019871
806 0.67435 0.53817 0.00220362
807 0.67435 0.533828 0.00214214
808 0.67435 0.536053 0.00192819
809 0.67435 0.537537 0.00238162
810 0.67435 0.536883 0.00215062
811 0.67435 0.537558 0.00237302
812 0.67435 0.533922 0.00203629
813 0.67435 0.536543 0.00224342
814 0.67435 0.534343 0.00223613
815 0.67435 0.528464 0.00261247
816 0.67435 0.53529 0.00203204
817 0.67435 0.536794 0.00204714
818 0.67435 0.536499 0.00229928
819 0.67435 0.536288 0.00262603
820 0.67435 0.532352 0.00219738
821 0.67435 0.539805 0.00217364
822 0.67435 0.531984 0.00245543
823 0.67435 0.536876 0.0020973
824 0.67435 0.538568 0.00234495
825 0.67435 0.534005 0.0021016
826 0.67435 0.533059 0.00273244
827 0.67435 0.530948 0.00223884
828 0.67435 0.534102 0.0023478
829 0.67435 0.531881 0.00191928
830 0.67435 0.533252 0.00222352
831 0.67435 0.534472 0.00224752
832 0.67435 0.530534 0.00220126
833 0.67435 0.532701 0.00243816
834 0.67435 0.526714 0.00269377
835 0.67435 0.531546 0.00236984
836 0.67435 0.528323 0.00252014
837 0.67435 0.533204 0.00202332
838 0.67435 0.539406 0.00202715
839 0.67435 0.533618 0.00237067
840 0.67435 0.531369 0.00248543
841 0.67435 0.532756 0.00255838
842 0.67435 0.536811 0.00240898
843 0.67435 0.530111 0.0025239
844 0.67435 0.527322 0.00212377
845 0.67435 0.525783 0.00264584
846 0.67435 0.528459 0.0023245
847 0.67435 0.531478 0.00200335
848 0.67435 0.52973 0.00202894
849 0.67435 0.537506 0.00219323
850 0.67435 0.538328 0.00222397
851 0.67435 0.533781 0.00221358
852 0.67435 0.5335 0.00226196
853 0.67435 0.535827 0.00202812
854 0.67435 0.543581 0.00183094
855 0.67435 0.534299 0.00248547
856 0.67435 0.538725 0.00182306
857 0.67435 0.535722 0.00221245
858 0.67435 0.536208 0.0018331
859 0.67435 0.539841 0.00206821
860 0.67435 0.545339 0.00241165
861 0.67435 0.541685 0.00205639
862 0.67435 0.539843 0.0014988
863 0.67435 0.541156 0.0021888
864 0.67435 0.540953 0.0018649
865 0.67435 0.544313 0.00163012
866 0.67435 0.544327 0.00197447
867 0.67435 0.541412 0.00194356
868 0.67435 0.537954 0.001996
869 0.67435 0.540237 0.00171909
870 0.67435 0.540081 0.0019147
871 0.67435 0.540067 0.00225046
872 0.67435 0.542442 0.00198616
873 0.67435 0.541819 0.00155965
874 0.67435 0.543462 0.0020055
875 0.67435 0.540205 0.00272402
876 0.67435 0.536289 0.00221657
877 0.67435 0.537781 0.0018803
878 0.67435 0.538941 0.00167393
879 0.67435 0.536936 0.00223206
880 0.67435 0.535784 0.00218906
881 0.67435 0.537356 0.00215455
882 0.67435 0.533512 0.0021815
883 0.67435 0.534637 0.00182915
884 0.67435 0.536608 0.00177248
885 0.67435 0.535931 0.00215712
886 0.67435 0.539756 0.00194238
887 0.67435 0.541821 0.0019852
888 0.67435 0.537367 0.00223368
889 0.67435 0.534257 0.00212757
890 0.67435 0.535139 0.00229312
891 0.67435 0.539529 0.00173962
892 0.67435 0.540699 0.00204271
893 0.67435 0.542701 0.00210266
894 0.67435 0.542368 0.00185524
895 0.67435 0.542507 0.0021158
896 0.67435 0.545419 0.00237603
897 0.67435 0.541308 0.0019445
898 0.67435 0.541439 0.00202789
899 0.67435 0.548267 0.001906
900 0.67435 0.532336 0.00213577
901 0.67435 0.536556 0.00219536
902 0.67435 0.529194 0.00275363
903 0.67435 0.533641 0.00236235
904 0.67435 0.534423 0.00213779
905 0.67435 0.535093 0.00225148
906 0.67435 0.537049 0.00249998
907 0.67435 0.538884 0.00201188
908 0.67435 0.538519 0.00255522
909 0.67435 0.531654 0.0023478
910 0.67435 0.53752 0.00227004
911 0.67435 0.526847 0.00287997
912 0.67435 0.539199 0.00230194
913 0.67435 0.531371 0.00248876
914 0.67435 0.531733 0.0024711
915 0.67435 0.530969 0.00250964
916 0.67435 0.535029 0.00237635
917 0.67435 0.529556 0.0025762
918 0.67435 0.528689 0.002639
919 0.67435 0.531993 0.00239273
920 0.67435 0.531774 0.00239024
921 0.67435 0.538756 0.00197442
922 0.67435 0.531768 0.00251008
923 0.67435 0.536313 0.00214506
924 0.67435 0.529969 0.00233247
925 0.67435 0.530372 0.00242485
926 0.67435 0.533886 0.00217508
927 0.67435 0.529334 0.00239424
928 0.67435 0.53616 0.00209788
929 0.67435 0.536622 0.00254872
930 0.67435 0.534427 0.00204668
931 0.67435 0.531032 0.002303
932 0.67435 0.527351 0.00221059
933 0.67435 0.535736 0.00187508
934 0.67435 0.52975 0.00191905
935 0.67435 0.5259 0.00257331
936 0.67435 0.52898 0.00252162
937 0.67435 0.529929 0.0021305
938 0.67435 0.535155 0.00191724
939 0.67435 0.537725 0.00200934
940 0.67435 0.536293 0.00175039
941 0.67435 0.543157 0.00197
942 0.67435 0.538314 0.00212879
943 0.67435 0.539162 0.0018708
944 0.67435 0.539348 0.00199476
945 0.67435 0.531283 0.00202272
946 0.67435 0.535163 0.00193669
947 0.67435 0.535748 0.00208915
948 0.67435 0.539285 0.00199691
949 0.67435 0.537732 0.00231066
950 0.67435 0.538149 0.00192088
951 0.67435 0.537713 0.00202583
952 0.67435 0.54225 0.00211991
953 0.67435 0.53633 0.00244443
954 0.67435 0.539217 0.00223083
955 0.67435 0.531242 0.00218926
956 0.67435 0.539714 0.00179127
957 0.67435 0.541411 0.00230437
958 0.67435 0.534632 0.00236575
959 0.67435 0.536514 0.00219949
960 0.67435 0.52978 0.00273163
961 0.67435 0.533988 0.00259352
962 0.67435 0.537953 0.0022005
963 0.67435 0.537704 0.00213011
964 0.67435 0.539751 0.00184272
965 0.67435 0.536529 0.00187556
966 0.67435 0.536957 0.00218236
967 0.67435 0.540924 0.00192395
968 0.67435 0.535574 0.00193052
969 0.67435 0.539958 0.00204081
970 0.67435 0.535597 0.00204636
971 0.67435 0.537408 0.00208475
972 0.67435 0.543861 0.00191303
973 0.67435 0.538706 0.00234919
974 0.67435 0.542159 0.00218652
975 0.67435 0.543664 0.0024897
976 0.67435 0.540722 0.00215413
977 0.67435 0.53515 0.00234989
978 0.67435 0.540483 0.00212148
979 0.67435 0.529298 0.00216466
980 0.67435 0.534663 0.00214931
981 0.67435 0.540449 0.00205322
982 0.67435 0.532118 0.00274384
983 0.67435 0.534511 0.00229337
984 0.67435 0.537447 0.00229535
985 0.67435 0.53171 0.00242324
986 0.67435 0.535554 0.00196263
987 0.67435 0.541251 0.00193813
988 0.67435 0.535456 0.00186243
989 0.67435 0.534641 0.00205148
990 0.67435 0.531067 0.0020301
991 0.67435 0.536468 0.0020344
992 0.67435 0.538835 0.00187215
993 0.67435 0.541085 0.0021276
994 0.67435 0.533713 0.00185366
995 0.67435 0.535776 0.00193664
996 0.67435 0.530309 0.00220048
997 0.67435 0.532305 0.002231
998 0.67435 0.535815 0.0020224
999 0.67435 0.536483 0.00221726
1000 0.67435 0.5401 0.00193609
1001 0.67435 0.54002 0.00186521
1002 0.67435 0.540722 0.00197664
1003 0.67435 0.536184 0.0020521
1004 0.67435 0.529563 0.00195908
1005 0.67435 0.536967 0.00197066
1006 0.67435 0.535416 0.00219522
1007 0.67435 0.535542 0.0022274
1008 0.67435 0.528917 0.00233829
1009 0.67435 0.535919 0.00205493
1010 0.67435 0.540691 0.00215394
1011 0.67435 0.536619 0.00194223
1012 0.67435 0.540384 0.00177064
1013 0.67435 0.535583 0.00218445
1014 0.67435 0.538223 0.00199579
1015 0.67435 0.534465 0.00255496
1016 0.67435 0.537705 0.00255249
1017 0.67435 0.540794 0.00187678
1018 0.67435 0.543325 0.0016667
1019 0.67435 0.540722 0.00216662
1020 0.67435 0.536209 0.00222219
1021 0.67435 0.534756 0.00247152
1022 0.67435 0.535944 0.00266114
1023 0.67435 0.544318 0.00193631
1024 0.67435 0.537706 0.00209473
1025 0.67435 0.534774 0.00221608
1026 0.67435 0.538362 0.00211417
1027 0.67435 0.54231 0.00187677
1028 0.67435 0.540215 0.00222001
1029 0.67435 0.535971 0.00218739
1030 0.67435 0.526427 0.00180072
1031 0.67435 0.53982 0.00234287
1032 0.67435 0.5339 0.00201035
1033 0.67435 0.540411 0.00195808
1034 0.67435 0.532535 0.00213896
1035 0.67435 0.53687 0.00197821
1036 0.67435 0.534816 0.00259545
1037 0.67435 0.53769 0.00174074
1038 0.67435 0.540365 0.00200276
1039 0.67435 0.536288 0.00217755
1040 0.67435 0.533609 0.00234309
1041 0.67435 0.540175 0.00185283
1042 0.67435 0.543537 0.00211913
1043 0.67435 0.535962 0.00179185
1044 0.67435 0.541827 0.00205137
1045 0.67435 0.533629 0.00191634
1046 0.67435 0.537396 0.00166391
1047 0.67435 0.533908 0.00213928
1048 0.67435 0.537297 0.00245693
1049 0.67435 0.542239 0.00189244
1050 0.67435 0.538153 0.00197683
1051 0.67435 0.542231 0.00174168
1052 0.67435 0.542074 0.0019378
1053 0.67435 0.537232 0.00213348
1054 0.67435 0.543396 0.00201137
1055 0.67435 0.535372 0.00208309
1056 0.67435 0.537566 0.00199965
1057 0.67435 0.538385 0.00183798
1058 0.67435 0.539907 0.00207243
1059 0.67435 0.539046 0.00198005
1060 0.67435 0.532783 0.00179433
1061 0.67435 0.543486 0.00170291
1062 0.67435 0.539269 0.00225628
1063 0.67435 0.534989 0.00218775
1064 0.67435 0.533372 0.00212285
1065 0.67435 0.539928 0.00146475
1066 0.67435 0.539897 0.0019648
1067 0.67435 0.535414 0.00196531
1068 0.67435 0.52873 0.00196814
1069 0.67435 0.537329 0.00225368
1070 0.67435 0.5337 0.00180113
1071 0.67435 0.532674 0.00176652
1072 0.67435 0.535465 0.0019849
1073 0.67435 0.539481 0.00188357
1074 0.67435 0.546127 0.00191904
1075 0.67435 0.541827 0.00189337
1076 0.67435 0.538965 0.00214012
1077 0.67435 0.541879 0.00214248
1078 0.67435 0.537566 0.00205055
1079 0.67435 0.540124 0.0022213
1080 0.67435 0.542276 0.00200437
1081 0.67435 0.539107 0.0019906
1082 0.67435 0.53468 0.00194761
1083 0.67435 0.538472 0.00217059
1084 0.67435 0.534012 0.00242855
1085 0.67435 0.542031 0.00178582
1086 0.67435 0.543213 0.00235052
1087 0.67435 0.540024 0.00223263
1088 0.67435 0.536859 0.00243963
1089 0.67435 0.542591 0.00223679
1090 0.67435 0.541828 0.00259672
1091 0.67435 0.543946 0.0020902
1092 0.67435 0.541384 0.00212351
1093 0.67435 0.543872 0.00190802
1094 0.67435 0.543371 0.00186025
1095 0.67435 0.543156 0.00183093
1096 0.67435 0.544461 0.0017578
1097 0.67435 0.5372 0.00201116
1098 0.67435 0.537037 0.00216695
1099 0.67435 0.540688 0.00217239
1100 0.67435 0.542198 0.00237389
1101 0.67435 0.540762 0.00211213
1102 0.67435 0.536525 0.00178363
1103 0.67435 0.54101 0.00176574
1104 0.67435 0.539497 0.00182727
1105 0.67435 0.545245 0.00181679
1106 0.67435 0.54254 0.00204388
1107 0.67435 0.5388 0.00216711
1108 0.67435 0.542677 0.00177396
1109 0.67435 0.542641 0.00187729
1110 0.67435 0.536753 0.00223621
1111 0.67435 0.542101 0.00181685
1112 0.67435 0.544021 0.00164591
1113 0.67435 0.540155 0.00187141
1114 0.67435 0.541984 0.0018506
1115 0.67435 0.541496 0.00182595
1116 0.67435 0.536346 0.0021146
1117 0.67435 0.539083 0.0020503
1118 0.67435 0.536 0.00210001
1119 0.67435 0.54095 0.00244497
1120 0.67435 0.541267 0.00189377
1121 0.67435 0.540748 0.00195917
1122 0.67435 0.540046 0.00186106
1123 0.67435 0.538221 0.00187784
1124 0.67435 0.539413 0.00201242
1125 0.67435 0.544449 0.00231071
1126 0.67435 0.539628 0.00178836
1127 0.67435 0.543013 0.00195455
1128 0.67435 0.539843 0.00201926
1129 0.67435 0.539344 0.00210596
1130 0.67435 0.54147 0.00238247
1131 0.67435 0.545697 0.00173901
1132 0.67435 0.537309 0.00210858
1133 0.67435 0.54115 0.00187368
1134 0.67435 0.546384 0.00183323
1135 0.67435 0.53903 0.00237663
1136 0.67435 0.539824 0.00207347
1137 0.67435 0.534315 0.00188654
1138 0.67435 0.536561 0.00193328
1139 0.67435 0.540655 0.00207023
1140 0.67435 0.534781 0.00262857
1141 0.67435 0.537336 0.00210101
1142 0.67435 0.541008 0.00194183
1143 0.67435 0.539501 0.00227015
1144 0.67435 0.535794 0.00208971
1145 0.67435 0.535978 0.00169776
1146 0.67435 0.538877 0.00226001
1147 0.67435 0.537276 0.00174371
1148 0.67435 0.53913 0.00197039
1149 0.67435 0.539871 0.00239664
1150 0.67435 0.538674 0.00247047
1151 0.67435 0.540125 0.00256797
1152 0.67435 0.535582 0.00203934
1153 0.67435 0.53927 0.00181296
1154 0.67435 0.542003 0.00205065
1155 0.67435 0.538216 0.00209606
1156 0.67435 0.543333 0.00202903
1157 0.67435 0.536632 0.00210852
1158 0.67435 0.54472 0.0020908
1159 0.67435 0.542312 0.00187927
1160 0.67435 0.535427 0.00212994
1161 0.67435 0.536803 0.00192044
1162 0.67435 0.54103 0.00237167
1163 0.67435 0.545665 0.00175773
1164 0.67435 0.54233 0.0019246
1165 0.67435 0.538195 0.00231922
1166 0.67435 0.536118 0.00230215
1167 0.67435 0.53574 0.0020982
1168 0.67435 0.532311 0.00238985
1169 0.67435 0.537516 0.00232034
1170 0.67435 0.537551 0.00248796
1171 0.67435 0.533774 0.00227662
1172 0.67435 0.534422 0.00193077
1173 0.67435 0.540489 0.00206762
1174 0.67435 0.536288 0.00195051
1175 0.67435 0.53866 0.00212967
1176 0.67435 0.542134 0.00260641
1177 0.67435 0.53256 0.00213254
1178 0.67435 0.534879 0.00214116
1179 0.67435 0.532562 0.00187817
1180 0.67435 0.534554 0.00241597
1181 0.67435 0.541734 0.00186063
1182 0.67435 0.536136 0.00206085
1183 0.67435 0.544235 0.00212551
1184 0.67435 0.537904 0.00206176
1185 0.67435 0.536326 0.00227472
1186 0.67435 0.535671 0.00210368
1187 0.67435 0.53491 0.00215731
1188 0.67435 0.535177 0.00256333
1189 0.67435 0.533376 0.00247955
1190 0.67435 0.528342 0.00247863
1191 0.67435 0.537135 0.0018962
1192 0.67435 0.537907 0.00245845
1193 0.67435 0.535502 0.00205776
1194 0.67435 0.534919 0.00240032
1195 0.67435 0.542754 0.0018869
1196 0.67435 0.532638 0.0019457
1197 0.67435 0.536767 0.00190281
1198 0.67435 0.536711 0.00197398
1199 0.67435 0.538785 0.00240434
1200 0.67435 0.5327 0.00216843
1201 0.67435 0.533768 0.00265135
1202 0.67435 0.541026 0.0019791
1203 0.67435 0.540989 0.00225149
1204 0.67435 0.544982 0.00220014
1205 0.67435 0.542076 0.00227114
1206 0.67435 0.536002 0.00186519
1207 0.67435 0.540967 0.00181942
1208 0.67435 0.5383 0.00220201
1209 0.67435 0.546498 0.00164686
1210 0.67435 0.536021 0.00177888
1211 0.67435 0.536045 0.00211029
1212 0.67435 0.530024 0.0018999
1213 0.67435 0.534441 0.00208705
1214 0.67435 0.536494 0.0021297
1215 0.67435 0.536361 0.0025436
1216 0.67435 0.529396 0.00233461
1217 0.67435 0.533329 0.00245035
1218 0.67435 0.531671 0.00266569
1219 0.67435 0.530666 0.00272095
1220 0.67435 0.53109 0.00273782
1221 0.67435 0.532005 0.00269911
1222 0.67435 0.535971 0.00209181
1223 0.67435 0.534521 0.00246523
1224 0.67435 0.53706 0.00198697
1225 0.67435 0.534953 0.00214842
1226 0.67435 0.541343 0.00238917
1227 0.67435 0.537643 0.00269188
1228 0.67435 0.538036 0.00228437
1229 0.67435 0.53525 0.00221874
1230 0.67435 0.538408 0.00215395
1231 0.67435 0.528311 0.00234635
1232 0.67435 0.535362 0.00243655
1233 0.67435 0.536916 0.00217516
1234 0.67435 0.531709 0.00220242
1235 0.67435 0.534293 0.00244491
1236 0.67435 0.535669 0.00190731
1237 0.67435 0.533284 0.00179403
1238 0.67435 0.535363 0.0020835
1239 0.67435 0.546676 0.0016743
1240 0.67435 0.533184 0.00241092
1241 0.67435 0.540465 0.00218292
1242 0.67435 0.542899 0.00192709
1243 0.67435 0.533165 0.00231618
1244 0.67435 0.530057 0.00224295
1245 0.67435 0.53715 0.00187946
1246 0.67435 0.538757 0.00206373
1247 0.67435 0.532374 0.00194972
1248 0.67435 0.534283 0.00204419
1249 0.67435 0.535769 0.00216298
1250 0.67435 0.532181 0.00209406
1251 0.67435 0.530599 0.00201628
1252 0.67435 0.531275 0.00218035
1253 0.67435 0.540168 0.00207201
1254 0.67435 0.53681 0.0019894
1255 0.67435 0.535654 0.00228804
1256 0.67435 0.537523 0.00180278
1257 0.67435 0.536828 0.00163233
1258 0.67435 0.531802 0.00171015
1259 0.67435 0.53834 0.00198753
1260 0.67435 0.531273 0.00196096
1261 0.67435 0.532382 0.00215903
1262 0.67435 0.534687 0.00208791
1263 0.67435 0.539274 0.00213088
1264 0.67435 0.540792 0.00197799
1265 0.67435 0.534317 0.0022772
1266 0.67435 0.546584 0.00178506
1267 0.67435 0.546921 0.00202689
1268 0.67435 0.539518 0.00179017
1269 0.67435 0.539635 0.00202149
1270 0.67435 0.533681 0.00207913
1271 0.67435 0.53207 0.00221655
1272 0.67435 0.53521 0.00205002
1273 0.67435 0.536105 0.00176434
1274 0.67435 0.533386 0.00187122
1275 0.67435 0.537876 0.00218288
1276 0.67435 0.537453 0.00196439
1277 0.67435 0.531324 0.00210785
1278 0.67435 0.540803 0.00230479
1279 0.67435 0.531864 0.002235
1280 0.67435 0.538075 0.00193192
1281 0.67435 0.536455 0.00222683
1282 0.67435 0.536773 0.00196769
1283 0.67435 0.541135 0.00231543
1284 0.67435 0.534825 0.00244828
1285 0.67435 0.53906 0.00223858
1286 0.67435 0.541089 0.00179737
1287 0.67435 0.535019 0.0019087
1288 0.67435 0.542805 0.00156669
1289 0.67435 0.540063 0.00193327
1290 0.67435 0.541756 0.00204657
1291 0.67435 0.53708 0.00187388
1292 0.67435 0.53078 0.0026045
1293 0.67435 0.537761 0.00198256
1294 0.67435 0.532571 0.00275611
1295 0.67435 0.535727 0.00242562
1296 0.67435 0.533616 0.00157617
1297 0.67435 0.532159 0.00196367
1298 0.67435 0.539997 0.00205221
1299 0.67435 0.531936 0.00208289
1300 0.67435 0.540238 0.00205297
1301 0.67435 0.534019 0.00173426
1302 0.67435 0.531056 0.00218761
1303 0.67435 0.535716 0.00242913
1304 0.67435 0.533868 0.00221265
1305 0.67435 0.527899 0.002322
1306 0.67435 0.531623 0.00194305
1307 0.67435 0.532003 0.00217488
1308 0.67435 0.535055 0.00201745
1309 0.67435 0.536616 0.00221244
1310 0.67435 0.53462 0.00237622
1311 0.67435 0.531794 0.00244381
1312 0.67435 0.530116 0.00190339
1313 0.67435 0.533921 0.00228747
1314 0.67435 0.534152 0.00200569
1315 0.67435 0.529912 0.00226171
1316 0.67435 0.533145 0.0024766
1317 0.67435 0.53975 0.00223221
1318 0.67435 0.532306 0.00251972
1319 0.67435 0.535911 0.00208911
1320 0.67435 0.533934 0.00252216
1321 0.67435 0.537333 0.00220848
1322 0.67435 0.532012 0.00220845
1323 0.67435 0.534833 0.00204133
1324 0.67435 0.532416 0.00212779
1325 0.67435 0.529121 0.00220111
1326 0.67435 0.532471 0.00246943
1327 0.67435 0.532733 0.00240601
1328 0.67435 0.531038 0.00196109
1329 0.67435 0.541851 0.00189451
1330 0.67435 0.539841 0.0020617
1331 0.67435 0.531708 0.00220352
1332 0.67435 0.538732 0.00224074
1333 0.67435 0.539018 0.0022549
1334 0.67435 0.539512 0.0019468
1335 0.67435 0.543484 0.0019364
1336 0.67435 0.534572 0.00189419
1337 0.67435 0.535735 0.00217925
1338 0.67435 0.540435 0.00244786
1339 0.67435 0.533511 0.00213263
1340 0.67435 0.535055 0.00176753
1341 0.67435 0.530123 0.00197489
1342 0.67435 0.53329 0.0022927
1343 0.67435 0.537174 0.00203032
1344 0.67435 0.536043 0.00208564
1345 0.67435 0.538426 0.00197577
1346 0.67435 0.543631 0.00207825
1347 0.67435 0.542983 0.00190147
1348 0.67435 0.541294 0.00171312
1349 0.67435 0.544272 0.00228363
1350 0.67435 0.538188 0.00237412
1351 0.67435 0.544014 0.00222592
1352 0.67435 0.542359 0.00196456
1353 0.67435 0.543418 0.00169534
1354 0.67435 0.537668 0.00221645
1355 0.67435 0.539092 0.00160378
1356 0.67435 0.53966 0.00188593
1357 0.67435 0.54213 0.00232692
1358 0.67435 0.543283 0.00182307
1359 0.67435 0.536969 0.00181106
1360 0.67435 0.535445 0.00234149
1361 0.67435 0.538158 0.00186833
1362 0.67435 0.537901 0.00221592
1363 0.67435 0.545533 0.00198051
1364 0.67435 0.538733 0.00197921
1365 0.67435 0.533941 0.00248862
1366 0.67435 0.534645 0.00190772
1367 0.67435 0.53357 0.00209877
1368 0.67435 0.533543 0.0021293
1369 0.67435 0.53625 0.00233844
1370 0.67435 0.529808 0.00209815
1371 0.67435 0.534264 0.00242027
1372 0.67435 0.533166 0.00237685
1373 0.67435 0.530918 0.00244328
1374 0.67435 0.533328 0.00201861
1375 0.67435 0.533952 0.00233271
1376 0.67435 0.531378 0.00206124
1377 0.67435 0.531368 0.00245845
1378 0.67435 0.542325 0.00216271
1379 0.67435 0.53585 0.00250063
1380 0.67435 0.535277 0.00245764
1381 0.67435 0.531441 0.00248104
1382 0.67435 0.529274 0.00269738
1383 0.67435 0.528363 0.00252817
1384 0.67435 0.537927 0.00245296
1385 0.67435 0.53782 0.00243479
1386 0.67435 0.533653 0.00209679
1387 0.67435 0.531622 0.00203834
1388 0.67435 0.539786 0.00219572
1389 0.67435 0.534669 0.00218373
1390 0.67435 0.542312 0.00214764
1391 0.67435 0.535926 0.00235972
1392 0.67435 0.540143 0.00237752
1393 0.67435 0.531998 0.00268872
1394 0.67435 0.524143 0.00241839
1395 0.67435 0.53168 0.00287324
1396 0.67435 0.533539 0.0024645
1397 0.67435 0.532438 0.00244352
1398 0.67435 0.528012 0.0020742
1399 0.67435 0.532343 0.00196444
1400 0.67435 0.532485 0.0020411
1401 0.67435 0.52996 0.00248186
1402 0.67435 0.529685 0.00241981
1403 0.67435 0.519436 0.00269245
1404 0.67435 0.528734 0.00222578
1405 0.67435 0.532694 0.00235124
1406 0.67435 0.530452 0.00232783
1407 0.67435 0.531182 0.0020946
1408 0.67435 0.532176 0.00224912
1409 0.67435 0.52666 0.00213087
1410 0.67435 0.528979 0.00203031
1411 0.67435 0.523687 0.00177791
1412 0.67435 0.518584 0.00240604
1413 0.67435 0.525048 0.00239355
1414 0.67435 0.532736 0.00278793
1415 0.67435 0.533181 0.00247189
1416 0.67435 0.536417 0.00219478
1417 0.67435 0.529246 0.00252402
1418 0.67435 0.531907 0.00233552
1419 0.685702 0.529192 0.00246333
1420 0.685702 0.525474 0.00240132
1421 0.685702 0.528834 0.00209883
1422 0.685702 0.52242 0.00239937
1423 0.685702 0.52042 0.00263437
1424 0.685702 0.526759 0.00280013
1425 0.685702 0.530042 0.00212178
1426 0.685702 0.527881 0.00269168
1427 0.685702 0.527475 0.00256447
1428 0.685702 0.523499 0.00239582
1429 0.685702 0.528499 0.00195955
1430 0.685702 0.523489 0.00217855
1431 0.685702 0.524418 0.00260226
1432 0.685702 0.521652 0.00238158
1433 0.685702 0.533081 0.00227478
1434 0.685702 0.525721 0.0024266
1435 0.685702 0.53208 0.00254254
1436 0.685702 0.533322 0.00223003
1437 0.685702 0.533425 0.00244632
1438 0.685702 0.533183 0.00262637
1439 0.685702 0.527819 0.00277681
1440 0.685702 0.527469 0.00265949
1441 0.685702 0.528952 0.00226213
1442 0.685702 0.52183 0.00281735
1443 0.685702 0.525417 0.00298692
1444 0.685702 0.529514 0.00270176
1445 0.685702 0.524817 0.00254377
1446 0.685702 0.523704 0.00244892
1447 0.685702 0.520617 0.00287992
1448 0.685702 0.518783 0.0033421
1449 0.685702 0.527309 0.00247563
1450 0.685702 0.52325 0.00268916
1451 0.685702 0.524633 0.00290668
1452 0.685702 0.52 0.00239613
1453 0.685702 0.521422 0.00244987
1454 0.685702 0.524532 0.00219706
1455 0.685702 0.517208 0.00237665
1456 0.702542 0.523946 0.00252095
1457 0.702542 0.521206 0.0025445
1458 0.702542 0.526393 0.00238245
1459 0.702542 0.524546 0.00277021
1460 0.702542 0.524096 0.00248397
1461 0.702542 0.522121 0.00273533
1462 0.702542 0.521649 0.00280005
1463 0.702542 0.525523 0.00277164
1464 0.702542 0.526633 0.00260721
1465 0.702542 0.528578 0.0025983
1466 0.702542 0.526823 0.00277641
1467 0.702542 0.525487 0.00283062
1468 0.702542 0.52453 0.00296131
1469 0.702542 0.524411 0.0027529
1470 0.702542 0.523135 0.00279492
1471 0.702542 0.520828 0.00238355
1472 0.702542 0.518439 0.00240709
1473 0.702542 0.523523 0.00313779
1474 0.702542 0.520895 0.00313364
1475 0.702542 0.523174 0.00324513
1476 0.702542 0.525056 0.00273324
1477 0.702542 0.526829 0.00288815
1478 0.702542 0.531456 0.00244169
1479 0.702542 0.526542 0.00292858
1480 0.702542 0.530781 0.00276283
1481 0.702542 0.531112 0.00241212
1482 0.702542 0.528473 0.00297961
1483 0.702542 0.532887 0.00304799
1484 0.702542 0.529425 0.00340957
1485 0.702542 0.529444 0.0031714
1486 0.702542 0.523913 0.00325065
1487 0.702542 0.515123 0.00293148
1488 0.702542 0.522599 0.00326573
1489 0.702542 0.524967 0.00333956
1490 0.702542 0.526067 0.00306265
1491 0.702542 0.524217 0.00311728
1492 0.702542 0.520861 0.00298298
1493 0.702542 0.523489 0.00298122
1494 0.702542 0.525212 0.00285496
1495 0.702542 0.524628 0.00318349
1496 0.702542 0.528895 0.00338481
1497 0.702542 0.527358 0.00297909
1498 0.702542 0.529486 0.00291203
1499 0.702542 0.526851 0.00297794
1500 0.702542 0.526325 0.00315188
1501 0.702542 0.516112 0.00316231
1502 0.702542 0.516066 0.00297464
1503 0.702542 0.525996 0.0026981
1504 0.702542 0.5265 0.00351182
1505 0.702542 0.525216 0.00294045
1506 0.702542 0.5263 0.00340624
1507 0.702542 0.529673 0.00292564
1508 0.717021 0.523903 0.00353661
1509 0.717021 0.521654 0.00319402
1510 0.717021 0.52332 0.00318779
1511 0.717021 0.521835 0.0036637
1512 0.717021 0.517414 0.00362777
1513 0.717021 0.520672 0.00305682
1514 0.717021 0.528209 0.00334349
1515 0.717021 0.528968 0.00342549
1516 0.717021 0.532598 0.00391995
1517 0.717021 0.521667 0.00386881
1518 0.717021 0.520053 0.00364573
1519 0.717021 0.519212 0.00287173
1520 0.717021 0.524612 0.00311297
1521 0.717021 0.52921 0.00330397
1522 0.717021 0.521165 0.00304231
1523 0.717021 0.529229 0.0037868
1524 0.717021 0.527542 0.00350961
1525 0.717021 0.525401 0.00380972
1526 0.717021 0.527579 0.00360164
1527 0.717021 0.522984 0.00297685
1528 0.717021 0.531664 0.00341577
1529 0.717021 0.533904 0.00342016
1530 0.717021 0.528525 0.0033847
1531 0.717021 0.516971 0.00353639
1532 0.717021 0.530596 0.00469459
1533 0.717021 0.536149 0.00380349
1534 0.717021 0.537203 0.0033512
1535 0.717021 0.5273 0.00362154
1536 0.717021 0.532131 0.0033627
1537 0.717021 0.524782 0.00321807
1538 0.717021 0.531342 0.00321257
1539 0.717021 0.528178 0.00340016
1540 0.717021 0.534743 0.00395208
1541 0.717021 0.531121 0.0037772
1542 0.717021 0.52704 0.0034732
1543 0.717021 0.533856 0.00308497
1544 0.717021 0.533709 0.00341844
1545 0.717021 0.528219 0.00338564
1546 0.717021 0.528251 0.003474
1547 0.717021 0.538034 0.00372402
1548 0.717021 0.53846 0.00371778
1549 0.717021 0.531961 0.00403069
1550 0.717021 0.526948 0.00395568
1551 0.717021 0.530391 0.00452564
1552 0.717021 0.533782 0.00381259
1553 0.717021 0.538275 0.00421764
1554 0.717021 0.536716 0.00445809
1555 0.717021 0.534835 0.00405678
1556 0.717021 0.531294 0.00366009
1557 0.717021 0.526278 0.00402957
1558 0.717021 0.520248 0.00383825
1559 0.717021 0.527888 0.00420919
1560 0.717021 0.52332 0.00439899
1561 0.717021 0.530286 0.00376863
1562 0.717021 0.521723 0.00402137
1563 0.717021 0.515144 0.00379677
1564 0.717021 0.521506 0.00348913
1565 0.717021 0.534405 0.00404893
1566 0.717021 0.530306 0.0044837
1567 0.717021 0.529534 0.00363632
1568 0.717021 0.527316 0.00339665
1569 0.717021 0.534511 0.00342028
1570 0.717021 0.528863 0.00384108
1571 0.717021 0.529956 0.00379325
1572 0.717021 0.528715 0.00373192
1573 0.717021 0.529999 0.00436762
1574 0.717021 0.521478 0.00376577
1575 0.717021 0.521852 0.00412144
1576 0.717021 0.52505 0.00402053
1577 0.717021 0.516928 0.00365092
1578 0.717021 0.529241 0.00356457
1579 0.717021 0.524806 0.00355467
1580 0.717021 0.523202 0.00385473
1581 0.717021 0.531761 0.00344013
1582 0.717021 0.533246 0.00402397
1583 0.717021 0.527114 0.00381051
1584 0.717021 0.531728 0.00416805
1585 0.717021 0.533709 0.0032246
1586 0.717021 0.530922 0.00328981
1587 0.717021 0.53494 0.00371038
1588 0.717021 0.521753 0.00371941
1589 0.717021 0.522962 0.00355855
1590 0.717021 0.524783 0.0038433
1591 0.717021 0.527657 0.00403962
1592 0.717021 0.538512 0.00350484
1593 0.717021 0.538161 0.00451078
1594 0.717021 0.533409 0.00312983
1595 0.717021 0.52414 0.00338933
1596 0.717021 0.529215 0.00387855
1597 0.717021 0.532245 0.00396067
1598 0.717021 0.532262 0.00348041
1599 0.717021 0.529345 0.00390707
1600 0.717021 0.535067 0.00352635
1601 0.717021 0.537407 0.00317422
1602 0.717021 0.530963 0.00326041
1603 0.717021 0.528317 0.00408641
1604 0.717021 0.528699 0.00349436
1605 0.717021 0.537846 0.00346238
1606 0.717021 0.528852 0.0033927
1607 0.717021 0.533687 0.00312217
1608 0.717021 0.527108 0.00354125
1609 0.717021 0.529875 0.00383514
1610 0.717021 0.540234 0.00394579
1611 0.717021 0.53264 0.00361308
1612 0.717021 0.532054 0.00360754
1613 0.717021 0.5385 0.00363032
1614 0.717021 0.52767 0.00330567
1615 0.717021 0.529845 0.00395562
1616 0.717021 0.533577 0.00371757
1617 0.717021 0.53087 0.00380836
1618 0.717021 0.526368 0.00363989
1619 0.717021 0.52717 0.0045144
1620 0.717021 0.525939 0.00390408
1621 0.717021 0.532371 0.00409207
1622 0.717021 0.528259 0.00424627
1623 0.717021 0.525519 0.00370953
1624 0.717021 0.525856 0.00358846
1625 0.717021 0.531671 0.00449273
1626 0.717021 0.528346 0.00424417
1627 0.717021 0.528415 0.00414216
1628 0.717021 0.523269 0.00406499
1629 0.717021 0.534619 0.00352091
1630 0.717021 0.529173 0.00417206
1631 0.717021 0.524618 0.00320284
1632 0.717021 0.528964 0.00416434
1633 0.717021 0.530379 0.0036755
1634 0.717021 0.525811 0.00417244
1635 0.717021 0.529664 0.00345977
1636 0.717021 0.535638 0.00353669
1637 0.717021 0.542849 0.0037137
1638 0.717021 0.534392 0.00329729
1639 0.717021 0.546602 0.00349915
1640 0.717021 0.542404 0.00352875
1641 0.717021 0.536731 0.00381385
1642 0.717021 0.532514 0.00341593
1643 0.717021 0.530404 0.00378241
1644 0.717021 0.532136 0.00342534
1645 0.717021 0.540887 0.00366681
1646 0.717021 0.532057 0.00391956
1647 0.717021 0.528079 0.00400723
1648 0.717021 0.530709 0.00365196
1649 0.717021 0.535997 0.00320823
1650 0.717021 0.530303 0.00335406
1651 0.717021 0.535961 0.00388348
1652 0.717021 0.530216 0.00299684
1653 0.717021 0.52573 0.00359664
1654 0.717021 0.523366 0.00396901
1655 0.717021 0.526423 0.00371647
1656 0.717021 0.535123 0.0039941
1657 0.717021 0.532325 0.00378209
1658 0.717021 0.531503 0.00366945
1659 0.717021 0.530281 0.00378916
1660 0.717021 0.532992 0.00347348
1661 0.717021 0.545152 0.00401408
1662 0.717021 0.536577 0.00338423
1663 0.717021 0.530246 0.0039658
1664 0.717021 0.52672 0.00421047
1665 0.717021 0.526191 0.00344775
1666 0.717021 0.528518 0.00341784
1667 0.717021 0.53253 0.00382428
1668 0.717021 0.529831 0.00442571
1669 0.717021 0.521446 0.0035394
1670 0.717021 0.526938 0.00411027
1671 0.717021 0.524445 0.00427752
1672 0.717021 0.526449 0.0039627
1673 0.717021 0.530503 0.00338045
1674 0.717021 0.538414 0.00314086
1675 0.717021 0.53849 0.00331123
1676 0.717021 0.544812 0.0041352
1677 0.717021 0.53636 0.00353673
1678 0.717021 0.528076 0.00419005
1679 0.717021 0.531408 0.00357116
1680 0.717021 0.526009 0.0044162
1681 0.717021 0.530641 0.00409181
1682 0.717021 0.526195 0.00400703
1683 0.717021 0.532845 0.00401822
1684 0.717021 0.524303 0.00390942
1685 0.717021 0.533853 0.00411666
1686 0.717021 0.537337 0.00341064
1687 0.717021 0.547054 0.00362412
1688 0.717021 0.533375 0.0040657
1689 0.717021 0.538139 0.0035471
1690 0.717021 0.540226 0.00344954
1691 0.717021 0.537377 0.00333276
1692 0.717021 0.528882 0.00354243
1693 0.717021 0.532068 0.00386148
1694 0.717021 0.532389 0.00372508
1695 0.717021 0.530258 0.00365137
1696 0.717021 0.538116 0.0044865
1697 0.717021 0.526524 0.00391364
1698 0.717021 0.532943 0.00378477
1699 0.717021 0.533489 0.00379498
1700 0.717021 0.543289 0.00435772
1701 0.717021 0.536723 0.00421696
1702 0.717021 0.536575 0.00375858
1703 0.717021 0.524565 0.004319
1704 0.717021 0.5359 0.00347616
1705 0.717021 0.542255 0.00353413
1706 0.717021 0.537591 0.0034364
1707 0.717021 0.528704 0.00378377
1708 0.717021 0.533821 0.00488068
1709 0.717021 0.522693 0.00384336
1710 0.717021 0.531907 0.00398904
1711 0.717021 0.528336 0.00345746
1712 0.717021 0.529522 0.0036023
1713 0.717021 0.538204 0.00302658
1714 0.717021 0.535256 0.00330451
1715 0.717021 0.53061 0.00392698
1716 0.717021 0.541766 0.00343945
1717 0.717021 0.533639 0.00316959
1718 0.717021 0.53102 0.00362847
1719 0.717021 0.534873 0.00416865
1720 0.717021 0.528576 0.00395267
1721 0.717021 0.536627 0.00398407
1722 0.717021 0.538348 0.00364357
1723 0.717021 0.540006 0.00324431
1724 0.717021 0.534009 0.00352315
1725 0.717021 0.535835 0.00399957
1726 0.717021 0.531503 0.00346105
1727 0.717021 0.544456 0.00364054
1728 0.717021 0.540414 0.00352719
1729 0.717021 0.538926 0.00411902
1730 0.717021 0.543547 0.00336502
1731 0.717021 0.547188 0.00358407
1732 0.717021 0.536034 0.00351682
1733 0.717021 0.528895 0.00373268
1734 0.717021 0.537665 0.00321288
1735 0.717021 0.52869 0.00341922
1736 0.717021 0.536152 0.00383171
1737 0.717021 0.536278 0.00393509
1738 0.717021 0.531524 0.00354898
1739 0.717021 0.534871 0.00363896
1740 0.717021 0.527784 0.00382051
1741 0.717021 0.526596 0.00395593
1742 0.717021 0.533667 0.00398619
1743 0.717021 0.535431 0.00431517
1744 0.717021 0.533518 0.00386896
1745 0.717021 0.524048 0.00389074
1746 0.717021 0.52363 0.00349335
1747 0.717021 0.53621 0.0042849
1748 0.717021 0.532987 0.00409832
1749 0.717021 0.530003 0.00389321
1750 0.717021 0.527064 0.00369366
1751 0.717021 0.528134 0.0042165
1752 0.717021 0.529015 0.00380766
1753 0.717021 0.5297 0.00332521
1754 0.717021 0.529194 0.00376455
1755 0.717021 0.519309 0.00377291
1756 0.717021 0.530905 0.00385246
1757 0.717021 0.535381 0.00392223
1758 0.717021 0.532229 0.00444349
1759 0.717021 0.527914 0.00359138
1760 0.717021 0.531455 0.0035294
1761 0.717021 0.537555 0.00374386
1762 0.717021 0.526258 0.0036253
1763 0.717021 0.524712 0.00379845
1764 0.717021 0.529629 0.00395438
1765 0.717021 0.526414 0.0035295
1766 0.717021 0.532616 0.00369677
1767 0.717021 0.525079 0.00340035
1768 0.717021 0.524546 0.00364444
1769 0.717021 0.534157 0.00452254
1770 0.717021 0.529944 0.00379371
1771 0.717021 0.532443 0.0037384
1772 0.717021 0.535004 0.00381681
1773 0.717021 0.531824 0.00383213
1774 0.717021 0.525703 0.00390286
1775 0.717021 0.527179 0.00397737
1776 0.717021 0.530475 0.00369419
1777 0.717021 0.528875 0.00384275
1778 0.717021 0.531606 0.00371207
1779 0.717021 0.531382 0.00391438
1780 0.717021 0.538579 0.00405926
1781 0.717021 0.532263 0.00411906
1782 0.717021 0.522142 0.00353701
1783 0.717021 0.535322 0.00358352
1784 0.717021 0.526418 0.00373599
1785 0.717021 0.520267 0.00381161
1786 0.717021 0.528646 0.00342316
1787 0.717021 0.526683 0.00346489
1788 0.717021 0.533762 0.00380305
1789 0.717021 0.537939 0.00378226
1790 0.717021 0.540351 0.00387552
1791 0.717021 0.545247 0.00344147
1792 0.717021 0.53461 0.00344799
1793 0.717021 0.529602 0.00311779
1794 0.717021 0.532797 0.00406172
1795 0.717021 0.528296 0.00371866
1796 0.717021 0.52417 0.00362928
1797 0.717021 0.52398 0.00350266
1798 0.717021 0.529543 0.00462388
1799 0.717021 0.531911 0.00388307
1800 0.717021 0.529995 0.00408931
1801 0.717021 0.535045 0.00405074
1802 0.717021 0.538817 0.00356139
1803 0.717021 0.53825 0.00368049
1804 0.717021 0.527571 0.00430556
1805 0.717021 0.531915 0.00422713
1806 0.718303 0.532152 0.00389914
1807 0.718303 0.534213 0.00410853
1808 0.718303 0.537294 0.00480784
1809 0.718303 0.53705 0.00323772
1810 0.718303 0.530535 0.00329151
1811 0.718303 0.532047 0.0037674
1812 0.718303 0.535913 0.00379293
1813 0.718303 0.534063 0.00423134
1814 0.718303 0.532826 0.00376391
1815 0.718303 0.537959 0.0037055
1816 0.718303 0.532758 0.00371492
1817 0.718303 0.535576 0.00366505
1818 0.718303 0.531999 0.00376152
1819 0.718303 0.527895 0.00404236
1820 0.718303 0.523464 0.00324997
1821 0.718303 0.528768 0.00364966
1822 0.718303 0.529188 0.00317015
1823 0.718303 0.532939 0.00391036
1824 0.718303 0.531679 0.00436728
1825 0.718303 0.535154 0.00328277
1826 0.718303 0.536422 0.00366055
1827 0.718303 0.53202 0.00303851
1828 0.718303 0.533753 0.00324601
1829 0.718303 0.533356 0.00371023
1830 0.718303 0.530371 0.0041084
1831 0.718303 0.527498 0.00349571
1832 0.718303 0.527681 0.00411887
1833 0.718303 0.529594 0.00380203
1834 0.718303 0.525358 0.00353131
1835 0.718303 0.535595 0.00415285
1836 0.718303 0.531436 0.00404873
1837 0.718303 0.530385 0.00421941
1838 0.718303 0.522193 0.00420338
1839 0.718303 0.536264 0.00410203
1840 0.718303 0.53502 0.00371465
1841 0.718303 0.536089 0.00418609
1842 0.718303 0.541136 0.00395926
1843 0.718303 0.542596 0.00423254
1844 0.718303 0.535001 0.00388449
1845 0.718303 0.534836 0.00381477
1846 0.718303 0.529676 0.0040698
1847 0.718303 0.537003 0.0034368
1848 0.718303 0.532054 0.0039081
1849 0.718303 0.527126 0.00379526
1850 0.718303 0.534093 0.0037024
1851 0.718303 0.5319 0.0035921
1852 0.718303 0.531467 0.00408988
1853 0.718303 0.533615 0.00434905
1854 0.718303 0.538946 0.00365578
1855 0.718303 0.537641 0.00348601
1856 0.718303 0.535215 0.00346106
1857 0.718303 0.523087 0.00345893
1858 0.718303 0.531161 0.00428057
1859 0.718303 0.530504 0.00413445
1860 0.718303 0.528163 0.00389132
1861 0.718303 0.524722 0.00395749
1862 0.718303 0.53282 0.00373026
1863 0.718303 0.525934 0.0039589
1864 0.718303 0.526295 0.00394941
1865 0.718303 0.527497 0.00405942
1866 0.718303 0.525884 0.00366722
1867 0.718303 0.531232 0.00366161
1868 0.718303 0.528495 0.00354584
1869 0.718303 0.519693 0.00321814
1870 0.718303 0.524957 0.00304716
1871 0.718303 0.530435 0.00389338
1872 0.718303 0.52852 0.00397731
1873 0.718303 0.531759 0.00370607
1874 0.718303 0.524619 0.00426712
1875 0.718303 0.521729 0.00384696
1876 0.718303 0.525526 0.00377913
1877 0.718303 0.529013 0.00349959
1878 0.718303 0.524951 0.00389847
1879 0.718303 0.528098 0.00369273
1880 0.718303 0.525027 0.00357015
1881 0.718303 0.524533 0.00392591
1882 0.718303 0.524458 0.00401624
1883 0.718303 0.535218 0.00370211
1884 0.718303 0.525357 0.00318932
1885 0.718303 0.531698 0.00400938
1886 0.718303 0.532284 0.00357566
1887 0.718303 0.533247 0.00329853
1888 0.718303 0.532514 0.00337541
1889 0.718303 0.533813 0.00404181
1890 0.718303 0.534613 0.00317087
1891 0.718303 0.528591 0.00314744
1892 0.718303 0.526266 0.00356709
1893 0.718303 0.528509 0.00369928
1894 0.718303 0.527554 0.0037693
1895 0.718303 0.525918 0.00368701
1896 0.718303 0.522574 0.00366748
1897 0.718303 0.523774 0.00377569
1898 0.718303 0.521634 0.00356292
1899 0.718303 0.526435 0.00365798
1900 0.718303 0.5355 0.00371559
1901 0.718303 0.533435 0.00341787
1902 0.718303 0.528132 0.00319315
1903 0.718303 0.530251 0.0029738
1904 0.718303 0.536294 0.00358633
1905 0.718303 0.529179 0.00392775
1906 0.718303 0.528714 0.00356265
1907 0.718303 0.53413 0.00339595
1908 0.718303 0.526923 0.00383202
1909 0.718303 0.530116 0.00389405
1910 0.718303 0.524156 0.00291471
1911 0.718303 0.518015 0.00391575
1912 0.718303 0.526666 0.003563
1913 0.718303 0.531184 0.00367645
1914 0.718303 0.532904 0.00355544
1915 0.718303 0.524714 0.00341877
1916 0.718303 0.524682 0.00334407
1917 0.718303 0.519358 0.00354999
1918 0.718303 0.529249 0.00291773
1919 0.718303 0.534157 0.00359614
1920 0.718303 0.528158 0.00346433
1921 0.718303 0.522399 0.00351591
1922 0.718303 0.520498 0.00408774
1923 0.718303 0.527059 0.00345908
1924 0.718303 0.525314 0.00453782
1925 0.718303 0.532947 0.00390578
1926 0.718303 0.534478 0.00326359
1927 0.718303 0.53282 0.00344437
1928 0.718303 0.526206 0.00395908
1929 0.718303 0.522828 0.00388001
1930 0.718303 0.535412 0.00418776
1931 0.718303 0.533852 0.00366241
1932 0.718303 0.527115 0.00376623
1933 0.718303 0.531653 0.00379854
1934 0.718303 0.52948 0.00420616
1935 0.718303 0.525013 0.00429024
1936 0.718303 0.522923 0.00433275
1937 0.718303 0.524946 0.00366267
1938 0.718303 0.522541 0.00375071
1939 0.718303 0.520923 0.00419437
1940 0.718303 0.530088 0.00448737
1941 0.718303 0.523174 0.00357595
1942 0.718303 0.513864 0.00396609
1943 0.718303 0.518377 0.00345537
1944 0.718303 0.530501 0.00350419
1945 0.718303 0.526715 0.00366528
1946 0.718303 0.526694 0.00416038
1947 0.718303 0.527599 0.00350749
1948 0.718303 0.535143 0.00360711
1949 0.718303 0.534618 0.0042126
1950 0.718303 0.527009 0.00433847
1951 0.718303 0.53556 0.0041602
1952 0.718303 0.535081 0.0041672
1953 0.718303 0.526577 0.00330425
1954 0.718303 0.529637 0.00368594
1955 0.718303 0.54064 0.00394203
1956 0.718303 0.530626 0.0036224
1957 0.718303 0.538784 0.00424026
1958 0.718303 0.531799 0.0029884
1959 0.718303 0.534112 0.00363349
1960 0.718303 0.538358 0.00320651
1961 0.718303 0.534549 0.00367491
1962 0.718303 0.535723 0.0032695
1963 0.718303 0.53178 0.00324901
1964 0.718303 0.526188 0.00339212
1965 0.718303 0.526657 0.0037095
1966 0.718303 0.524674 0.00391924
1967 0.718303 0.530867 0.00329967
1968 0.718303 0.535691 0.00390771
1969 0.718303 0.530111 0.00336316
1970 0.718303 0.529289 0.00408875
1971 0.718303 0.524527 0.00371782
1972 0.718303 0.524815 0.00342149
1973 0.718303 0.524538 0.00343096
1974 0.718303 0.526326 0.00392924
1975 0.718303 0.531206 0.00376122
1976 0.718303 0.525839 0.00392022
1977 0.718303 0.529951 0.00423762
1978 0.718303 0.531168 0.00423683
1979 0.718303 0.523654 0.00399786
1980 0.718303 0.524165 0.00345274
1981 0.718303 0.51467 0.00394521
1982 0.718303 0.521145 0.00375845
1983 0.718303 0.525232 0.00355352
1984 0.718303 0.527079 0.00380252
1985 0.718303 0.529274 0.00361643
1986 0.718303 0.52103 0.004024
1987 0.718303 0.523398 0.00394389
1988 0.718303 0.524931 0.00365734
1989 0.718303 0.52535 0.00362255
1990 0.718303 0.528206 0.00312988
1991 0.718303 0.526753 0.00342562
1992 0.718303 0.538037 0.00336315
1993 0.718303 0.53049 0.00352616
1994 0.718303 0.532944 0.00346171
1995 0.718303 0.525275 0.00400432
1996 0.718303 0.531094 0.00410742
1997 0.718303 0.536237 0.00354544
1998 0.718303 0.53491 0.0041065
1999 0.718303 0.531386 0.00345473
2000 0.718303 0.523891 0.0036271
