3
2
-56.3703
3.2958
0
0.123857
0.204069
1
-61.5051
5.87082
0
-64.1772
5.10058
0
0.047964
0.219652
1
1.41209
1.1239
1.82995
0.570573
0.127112
1.06823
1.85236
0.963815
1.76756
0.150619
0.178907
0.0277993
1.47345
1.29999
0.00377863
0.668578
1.95
0.455044
0.259704
0.999401
0.918773
0.0954548
1.48869
1.69697
1.6025
1.19916
1.49785
1.18692
0.148387
0.616513
1.66938
1.92154
0.38416
1.18476
0.834679
1.48438
1.91824
0.759436
1.6283
0.330981
1.23609
1.44091
1.99448
1.66976
1.07332
0.973018
0.704993
1.42971
1.57551
1.90239
1.73474
1.85073
1.80543
0.223542
0.0955742
0.661241
0.276921
0.237842
0.404781
1.48149
0.320709
0.48843
1.12921
0.93056
1.16829
1.99478
0.504844
1.44875
1.70945
0.757365
0.223899
1.8805
1.86442
0.896378
1.37719
