8
3
-63.7298
8
0
-55.4432
4.947
0
-51.8039
2.16313
0
0.0721736
0.244044
1
-52.9834
2.65255
0
0.0540334
0.26076
1
0.0599105
0.288493
1
-64.561
4.41673
0
-51.5244
7.53458
0
-62.4318
3.61429
0
-61.8514
2.00071
0
1.51918
1.67631
1.92196
0.445241
1.73427
0.627337
0.227893
1.36023
0.193918
1.37463
0.54531
1.19264
0.24032
1.88337
0.696675
0.465318
0.973594
0.312935
0.647471
1.63939
1.5101
0.305258
1.70906
0.0985953
1.43266
0.950965
1.4652
0.272984
0.0313079
1.97611
1.13509
1.76224
0.272337
1.26704
0.902529
1.4495
1.4926
0.330747
1.39421
0.742152
1.42304
0.587301
0.680533
1.22545
0.893535
0.916789
0.312049
0.957029
0.860243
1.37218
0.373375
0.881584
1.93054
1.5857
1.83809
1.86042
1.54267
1.0949
0.307817
1.83627
0.536003
1.50742
1.6571
0.398615
0.973709
1.75609
0.0068378
0.612792
0.0445925
1.20719
0.630717
0.45569
0.658691
0.496862
0.505579
0.790148
1.06666
1.87278
0.508721
0.0548216
0.45505
0.876022
0.946408
1.83166
0.316288
0.900446
0.884129
0.875104
0.106808
0.254456
0.845838
1.50786
1.9226
1.62152
0.702974
1.97368
0.784557
1.10241
1.34488
1.69266
0.996826
1.6968
0.967642
1.41379
1.74626
1.2772
0.387042
0.31708
1.1465
1.01223
1.17999
0.293909
1.89841
0.353869
0.698097
1.69375
1.51647
1.21207
1.31418
0.799752
1.36473
1.30788
0.0462503
0.420434
0.247467
0.120961
0.955575
0.253551
1.53989
1.30032
0.281627
1.25051
0.0390202
0.632767
1.82021
0.492163
1.33569
1.06659
1.01125
0.638809
0.574867
0
1.9962
1.16019
1.76462
1.55236
1.95351
0.795733
1.42397
1.46191
1.41829
0.879697
1.33436
1.31932
1.73416
1.92914
1.52848
1.26778
1.51933
0.284346
1.88956
1.78698
0.2807
0.826668
0.285193
1.71689
0.978303
0.598873
1.75761
0.447374
0.734354
1.16043
0.87211
1.99918
0.277753
1.92191
1.98511
1.19614
0.677599
0.587592
1.0104
0.721092
1.21892
0.000624124
0.810484
0.813859
1.71868
0.996006
0.591185
0.989553
0.74817
0.871673
0.360025
1.62367
1.087
0.618066
0.91045
1.04951
1.66139
1.59458
0.249682
1.86602
0.587729
1.26626
0.817508
1.45491
1.23901
0.89918
1.10991
0.260635
0.703043
0.150934
1.87668
1.65376
1.25507
1.62999
1.92147
0.239214
1.19614
1.65225
0.402447
1.83341
0.27407
0.946784
0.61042
1.98156
1.77311
0.510017
0.832509
0.871763
0.340564
0.734148
1067.07
