0 0.50842 0.49524 7.47637e-05
1 0.515305 0.496612 8.71108e-05
2 0.519022 0.496241 7.57155e-05
3 0.519022 0.497021 7.36371e-05
4 0.52935 0.497328 9.47569e-05
5 0.52935 0.497288 0.000120299
6 0.52935 0.498499 0.000139353
7 0.529698 0.498137 0.000149344
8 0.529698 0.499193 0.000117838
9 0.545874 0.50012 0.000150213
10 0.55432 0.502594 0.000191043
11 0.55432 0.501081 0.000198188
12 0.55432 0.50104 0.000177902
13 0.55432 0.499653 0.000200533
14 0.55432 0.499227 0.000319566
15 0.55432 0.500921 0.000186879
16 0.55432 0.500527 0.00016316
17 0.55432 0.498649 0.000164102
18 0.55432 0.50071 0.000186631
19 0.55432 0.500453 0.000221237
20 0.559653 0.501061 0.000294223
21 0.559653 0.500895 0.00025313
22 0.559653 0.498905 0.000236431
23 0.559653 0.50003 0.000244692
24 0.559653 0.497247 0.000237068
25 0.559653 0.500256 0.00024966
26 0.559653 0.50052 0.000310572
27 0.559653 0.499098 0.000270915
28 0.577328 0.501747 0.000329928
29 0.577328 0.501401 0.000379105
30 0.577328 0.500513 0.000424792
31 0.577328 0.5009 0.000336962
32 0.577328 0.501696 0.000326288
33 0.577328 0.501849 0.000439311
34 0.577328 0.504103 0.000384345
35 0.577328 0.504253 0.00042715
36 0.577328 0.50138 0.000575627
37 0.577328 0.501683 0.000456949
38 0.577328 0.502595 0.000483018
39 0.593246 0.504706 0.000553777
40 0.593246 0.501945 0.000645311
41 0.593246 0.501547 0.000528077
42 0.593246 0.502777 0.000684123
43 0.593246 0.500693 0.000608401
44 0.593246 0.500811 0.000597141
45 0.593246 0.502153 0.00058853
46 0.593246 0.50036 0.000623473
47 0.593246 0.502148 0.000556779
48 0.593246 0.503727 0.000470761
49 0.593246 0.503126 0.000591696
50 0.593246 0.502903 0.000504998
51 0.593246 0.505668 0.000564543
52 0.593246 0.502554 0.000744124
53 0.593246 0.501465 0.000550572
54 0.593246 0.505106 0.000714498
55 0.593246 0.506894 0.000607203
56 0.593246 0.50527 0.000655742
57 0.593246 0.505375 0.000672414
58 0.593246 0.503791 0.000616031
59 0.60601 0.50083 0.000763543
60 0.60601 0.504651 0.000674103
61 0.60601 0.508412 0.000994844
62 0.60601 0.50536 0.000736477
63 0.60601 0.508493 0.000864698
64 0.60722 0.506759 0.0010856
65 0.60722 0.503828 0.000903484
66 0.60722 0.505512 0.00095257
67 0.60722 0.50698 0.000802884
68 0.60722 0.507546 0.000798462
69 0.60722 0.508472 0.00099191
70 0.60722 0.505052 0.000882295
71 0.60722 0.507578 0.00125412
72 0.615612 0.506861 0.00104399
73 0.615612 0.50492 0.00112211
74 0.615612 0.503608 0.00119363
75 0.615612 0.505027 0.00116029
76 0.615612 0.507629 0.00141003
77 0.615612 0.504117 0.00114586
78 0.615612 0.505174 0.00121048
79 0.615612 0.508365 0.00111585
80 0.615612 0.509984 0.00120772
81 0.615612 0.508381 0.00121956
82 0.615612 0.508225 0.00109823
83 0.615612 0.504823 0.00125331
84 0.615612 0.510033 0.00124321
85 0.615612 0.511845 0.00121878
86 0.615612 0.503781 0.00129689
87 0.615612 0.514957 0.00130769
88 0.615612 0.511558 0.00158848
89 0.615612 0.513365 0.00144014
90 0.615612 0.512269 0.00145546
91 0.615612 0.510327 0.00136978
92 0.635299 0.509229 0.00169811
93 0.657583 0.510844 0.00167282
94 0.657583 0.514091 0.0015546
95 0.659449 0.512618 0.00186672
96 0.659449 0.510904 0.00161051
97 0.659449 0.510963 0.00185915
98 0.659449 0.517603 0.00152112
99 0.659449 0.508709 0.00188958
100 0.659449 0.51691 0.00200828
101 0.659449 0.504214 0.00219244
102 0.659449 0.51172 0.00191073
103 0.659449 0.517009 0.00202119
104 0.659449 0.520016 0.00209954
105 0.659449 0.518993 0.00212151
106 0.659449 0.515356 0.00206566
107 0.659449 0.517584 0.00196257
108 0.659449 0.517089 0.00167185
109 0.659449 0.522988 0.00191811
110 0.659449 0.523932 0.00218205
111 0.659449 0.521124 0.00216455
112 0.659449 0.519463 0.00177599
113 0.659449 0.523672 0.00204459
114 0.659449 0.52538 0.0019065
115 0.659449 0.523745 0.00233848
116 0.659449 0.524741 0.00203068
117 0.659449 0.52968 0.00196121
118 0.659449 0.529827 0.00197826
119 0.736972 0.528828 0.0023594
120 0.736972 0.525812 0.00236634
121 0.736972 0.526309 0.00221724
122 0.736972 0.525684 0.00217694
123 0.736972 0.523863 0.00254222
124 0.736972 0.527794 0.00243668
125 0.736972 0.531882 0.00230364
126 0.736972 0.530506 0.00260173
127 0.736972 0.531545 0.00219159
128 0.736972 0.53137 0.00245541
129 0.736972 0.531778 0.00262098
130 0.736972 0.529202 0.0023508
131 0.736972 0.530413 0.00259475
132 0.736972 0.526395 0.00265955
133 0.736972 0.533562 0.00237969
134 0.736972 0.533825 0.00281683
135 0.736972 0.530849 0.00296042
136 0.736972 0.537707 0.00292223
137 0.736972 0.537742 0.00269212
138 0.736972 0.53509 0.0030989
139 0.736972 0.536683 0.00264075
140 0.736972 0.536349 0.00297813
141 0.736972 0.534754 0.00275378
142 0.736972 0.543072 0.00319376
143 0.736972 0.531774 0.00282592
144 0.736972 0.534137 0.00300579
145 0.736972 0.537366 0.00327676
146 0.736972 0.541269 0.0028307
147 0.736972 0.53783 0.00325313
148 0.736972 0.53811 0.00300636
149 0.736972 0.53992 0.00297766
150 0.736972 0.550327 0.00316343
151 0.736972 0.549613 0.0031998
152 0.736972 0.541009 0.00298453
153 0.736972 0.543742 0.00271806
154 0.736972 0.543237 0.00353045
155 0.736972 0.551554 0.00381881
156 0.736972 0.552944 0.00314294
157 0.736972 0.545555 0.00402285
158 0.736972 0.546632 0.00346823
159 0.736972 0.543696 0.00316439
160 0.736972 0.547392 0.00411627
161 0.736972 0.539326 0.00411168
162 0.736972 0.545116 0.00378172
163 0.736972 0.547791 0.00323632
164 0.736972 0.54413 0.00354713
165 0.736972 0.543678 0.00388391
166 0.736972 0.548021 0.00344272
167 0.736972 0.541362 0.00332626
168 0.736972 0.55192 0.00363208
169 0.736972 0.552885 0.00432761
170 0.736972 0.544178 0.00313529
171 0.736972 0.552094 0.00354541
172 0.736972 0.545338 0.00375982
173 0.736972 0.559849 0.00345051
174 0.736972 0.557525 0.00326058
175 0.736972 0.561575 0.00368742
176 0.736972 0.560336 0.00344428
177 0.736972 0.560082 0.00320704
178 0.736972 0.550143 0.00396377
179 0.736972 0.554502 0.00353381
180 0.736972 0.560422 0.00347182
181 0.736972 0.560549 0.00394928
182 0.736972 0.563141 0.0034791
183 0.736972 0.566314 0.00401286
184 0.736972 0.557791 0.00370003
185 0.736972 0.560421 0.00340797
186 0.736972 0.562569 0.00340553
187 0.736972 0.560132 0.00355768
188 0.736972 0.55348 0.00374794
189 0.736972 0.548265 0.00353697
190 0.736972 0.545128 0.00411767
191 0.736972 0.555771 0.00426187
192 0.736972 0.553732 0.00360667
193 0.736972 0.555235 0.00343019
194 0.736972 0.550632 0.00361464
195 0.736972 0.551108 0.00380062
196 0.736972 0.551528 0.00336206
197 0.736972 0.545185 0.00381811
198 0.736972 0.54724 0.00381723
199 0.736972 0.548042 0.00343469
200 0.736972 0.553497 0.00389888
201 0.736972 0.555345 0.00356969
202 0.736972 0.553036 0.00363679
203 0.736972 0.563889 0.00362679
204 0.736972 0.554564 0.00397862
205 0.736972 0.5563 0.00353694
206 0.736972 0.558355 0.00385715
207 0.736972 0.558963 0.003927
208 0.736972 0.560169 0.00352254
209 0.736972 0.549795 0.00350631
210 0.736972 0.557093 0.00415793
211 0.736972 0.560977 0.00349201
212 0.736972 0.55802 0.00391005
213 0.736972 0.561254 0.00476822
214 0.736972 0.555334 0.00425875
215 0.736972 0.554148 0.00331254
216 0.736972 0.55918 0.00348652
217 0.736972 0.554477 0.00403344
218 0.736972 0.553744 0.00346604
219 0.736972 0.551007 0.00360063
220 0.736972 0.554269 0.00351791
221 0.736972 0.5554 0.0038505
222 0.736972 0.554108 0.00352985
223 0.736972 0.555982 0.0042545
224 0.736972 0.552945 0.00333901
225 0.736972 0.553529 0.00353995
226 0.736972 0.547999 0.00478589
227 0.757916 0.552445 0.00433756
228 0.757916 0.559009 0.00392596
229 0.757916 0.560119 0.00421741
230 0.757916 0.555223 0.00381148
231 0.757916 0.547025 0.00384496
232 0.757916 0.546049 0.00417074
233 0.757916 0.558918 0.00426382
234 0.757916 0.552081 0.0037961
235 0.757916 0.549588 0.0032026
236 0.757916 0.551 0.00429694
237 0.757916 0.548492 0.00344198
238 0.757916 0.560276 0.00406063
239 0.757916 0.557717 0.00436523
240 0.757916 0.555836 0.00362047
241 0.757916 0.554162 0.00351278
242 0.757916 0.554441 0.00437106
243 0.757916 0.55571 0.00411066
244 0.757916 0.555542 0.00363115
245 0.757916 0.558096 0.00435715
246 0.757916 0.55763 0.00383882
247 0.757916 0.547316 0.00368005
248 0.757916 0.552338 0.00446697
249 0.757916 0.564057 0.00396141
250 0.757916 0.55177 0.00435637
251 0.757916 0.553028 0.0039752
252 0.757916 0.556262 0.00394325
253 0.757916 0.549429 0.00327603
254 0.757916 0.551878 0.00345143
255 0.757916 0.557224 0.00376964
256 0.757916 0.551493 0.00334272
257 0.757916 0.551101 0.0036471
258 0.757916 0.554325 0.00401584
259 0.757916 0.559507 0.00426635
260 0.757916 0.562685 0.00348716
261 0.757916 0.557499 0.003566
262 0.757916 0.56255 0.00387152
263 0.757916 0.560563 0.00399141
264 0.757916 0.55467 0.00392791
265 0.757916 0.557705 0.00391583
266 0.757916 0.55141 0.00379231
267 0.757916 0.559768 0.00415007
268 0.757916 0.55007 0.00420195
269 0.757916 0.550266 0.00386729
270 0.757916 0.548243 0.00401148
271 0.757916 0.551972 0.00321591
272 0.757916 0.55207 0.00445499
273 0.757916 0.551823 0.00426926
274 0.757916 0.547555 0.00354707
275 0.757916 0.55153 0.00371728
276 0.757916 0.5494 0.00382561
277 0.757916 0.553831 0.00407992
278 0.757916 0.558246 0.00397793
279 0.757916 0.556715 0.00473906
280 0.757916 0.55334 0.00367218
281 0.757916 0.557796 0.0037408
282 0.757916 0.56431 0.00424175
283 0.757916 0.550761 0.00384252
284 0.757916 0.559233 0.00354865
285 0.757916 0.557027 0.00376622
286 0.757916 0.55756 0.00396457
287 0.757916 0.550947 0.00417424
288 0.757916 0.553866 0.0040553
289 0.757916 0.559957 0.00365565
290 0.757916 0.554588 0.0044119
291 0.757916 0.558136 0.00485528
292 0.757916 0.546698 0.00469147
293 0.757916 0.556076 0.00442939
294 0.757916 0.555646 0.00440132
295 0.757916 0.546925 0.00347449
296 0.757916 0.556047 0.00333945
297 0.757916 0.553276 0.00363669
298 0.757916 0.554377 0.00346227
299 0.757916 0.551897 0.00387627
300 0.757916 0.55379 0.00462769
301 0.757916 0.545733 0.00351418
302 0.757916 0.544293 0.00369724
303 0.757916 0.545741 0.00432726
304 0.757916 0.54915 0.00404761
305 0.757916 0.552933 0.00356912
306 0.757916 0.546614 0.00397993
307 0.757916 0.54986 0.00446182
308 0.757916 0.561095 0.00399992
309 0.757916 0.560826 0.00408441
310 0.757916 0.554798 0.00421159
311 0.757916 0.556801 0.00388291
312 0.757916 0.554282 0.00410719
313 0.757916 0.562001 0.00417278
314 0.757916 0.569352 0.00326065
315 0.757916 0.560671 0.00388229
316 0.757916 0.561346 0.00424783
317 0.757916 0.567914 0.00422142
318 0.757916 0.561942 0.00465669
319 0.757916 0.556971 0.00361355
320 0.757916 0.552827 0.00380139
321 0.757916 0.555654 0.00431597
322 0.757916 0.551078 0.00353384
323 0.757916 0.550635 0.00346771
324 0.757916 0.551985 0.0039287
325 0.757916 0.549406 0.00396826
326 0.757916 0.552896 0.00357949
327 0.757916 0.550712 0.00412662
328 0.757916 0.551934 0.00356273
329 0.757916 0.559749 0.00397354
330 0.757916 0.565755 0.00352352
331 0.757916 0.557605 0.00453904
332 0.757916 0.551512 0.00419393
333 0.757916 0.545106 0.00435977
334 0.757916 0.544771 0.00353222
335 0.757916 0.553136 0.00364456
336 0.757916 0.5519 0.00398851
337 0.757916 0.553386 0.0044584
338 0.757916 0.553745 0.00425985
339 0.757916 0.55405 0.00406489
340 0.757916 0.554617 0.0050997
341 0.757916 0.547025 0.00464629
342 0.757916 0.559437 0.00424787
343 0.757916 0.547352 0.00409521
344 0.757916 0.549966 0.00429009
345 0.757916 0.556701 0.0044939
346 0.757916 0.546476 0.00363967
347 0.757916 0.541398 0.00431037
348 0.757916 0.547961 0.00433855
349 0.757916 0.554531 0.00387424
350 0.757916 0.546376 0.00394551
351 0.757916 0.543405 0.00425029
352 0.757916 0.54575 0.00452065
353 0.757916 0.542012 0.00422621
354 0.757916 0.541881 0.00401839
355 0.757916 0.548349 0.00411758
356 0.757916 0.554332 0.00441747
357 0.778496 0.545202 0.00452247
358 0.778496 0.545507 0.00465337
359 0.778496 0.546676 0.00461777
360 0.778496 0.55087 0.00485938
361 0.778496 0.551941 0.00483767
362 0.778496 0.552637 0.00477278
363 0.778496 0.553746 0.00415186
364 0.778496 0.54578 0.0047324
365 0.778496 0.542713 0.00502079
366 0.778496 0.548964 0.00535946
367 0.778496 0.552166 0.00438332
368 0.778496 0.552359 0.00437808
369 0.778496 0.542605 0.00450067
370 0.778496 0.552907 0.00515449
371 0.778496 0.553238 0.00484824
372 0.778496 0.549855 0.00491927
373 0.778496 0.547271 0.00484752
374 0.778496 0.544001 0.0044297
375 0.778496 0.543625 0.0043103
376 0.778496 0.545286 0.00463117
377 0.778496 0.534884 0.00454035
378 0.778496 0.551693 0.00457695
379 0.778496 0.552113 0.00496566
380 0.778496 0.545933 0.00519358
381 0.778496 0.539345 0.00503725
382 0.778496 0.555047 0.00476544
383 0.778496 0.5478 0.00430141
384 0.778496 0.554276 0.00428193
385 0.778496 0.548657 0.0049098
386 0.778496 0.552489 0.00475192
387 0.778496 0.550046 0.00486493
388 0.778496 0.54916 0.00470416
389 0.778496 0.556201 0.0051888
390 0.778496 0.554941 0.00455469
391 0.778496 0.55322 0.00469231
392 0.778496 0.558137 0.00416727
393 0.778496 0.547521 0.00455789
394 0.778496 0.547291 0.00411594
395 0.778496 0.556656 0.00457124
396 0.778496 0.555067 0.00480302
397 0.778496 0.554474 0.00509442
398 0.778496 0.550055 0.00458668
399 0.778496 0.549688 0.00446842
400 0.778496 0.558432 0.0053528
401 0.778496 0.560754 0.0048712
402 0.778496 0.553652 0.00503219
403 0.778496 0.554569 0.00513233
404 0.778496 0.551176 0.00492304
405 0.778496 0.547736 0.0046411
406 0.778496 0.550637 0.00542067
407 0.778496 0.558716 0.00475967
408 0.778496 0.558702 0.00494543
409 0.778496 0.553313 0.00426848
410 0.778496 0.560683 0.00522019
411 0.778496 0.56363 0.00477006
412 0.778496 0.55338 0.00543674
413 0.778496 0.555702 0.0050578
414 0.778496 0.562613 0.00473278
415 0.778496 0.559948 0.00521589
416 0.778496 0.563914 0.00501965
417 0.778496 0.559497 0.00452583
418 0.778496 0.547012 0.00405451
419 0.778496 0.552817 0.00436763
420 0.778496 0.551857 0.0045205
421 0.778496 0.55159 0.00414279
422 0.778496 0.556668 0.005105
423 0.778496 0.560317 0.00537143
424 0.778496 0.558113 0.00502529
425 0.778496 0.560954 0.00419824
426 0.778496 0.557289 0.00462017
427 0.778496 0.54824 0.00446782
428 0.778496 0.546918 0.00470738
429 0.778496 0.546837 0.00408405
430 0.778496 0.547864 0.00527953
431 0.778496 0.54904 0.00458217
432 0.778496 0.552936 0.00486455
433 0.778496 0.550096 0.00486733
434 0.778496 0.559671 0.00501352
435 0.778496 0.553583 0.00557694
436 0.778496 0.554266 0.00482103
437 0.778496 0.553696 0.00468421
438 0.778496 0.546516 0.00544754
439 0.778496 0.557539 0.00520005
440 0.778496 0.552924 0.00478303
441 0.778496 0.554979 0.00463042
442 0.778496 0.553261 0.00399399
443 0.778496 0.556642 0.00415486
444 0.778496 0.561734 0.00440308
445 0.778496 0.557315 0.00488297
446 0.778496 0.555039 0.00481462
447 0.778496 0.565383 0.0048466
448 0.778496 0.555626 0.00450405
449 0.778496 0.550017 0.00508357
450 0.778496 0.551952 0.00459761
451 0.778496 0.554825 0.00479697
452 0.778496 0.556716 0.00462932
453 0.792751 0.561199 0.00567586
454 0.813394 0.565432 0.00532156
455 0.813394 0.563324 0.00516935
456 0.813394 0.565087 0.00517831
457 0.813394 0.568016 0.00538358
458 0.813394 0.569526 0.00552749
459 0.813394 0.55407 0.00582746
460 0.813394 0.56162 0.00592841
461 0.813394 0.567975 0.00589399
462 0.813394 0.560635 0.0047665
463 0.813394 0.561682 0.00508496
464 0.813394 0.56534 0.00572959
465 0.813394 0.561759 0.00565334
466 0.813394 0.564292 0.00576056
467 0.813394 0.568588 0.005516
468 0.813394 0.56249 0.0050021
469 0.813394 0.565199 0.00493026
470 0.813394 0.565307 0.00503594
471 0.813394 0.566788 0.00589311
472 0.813394 0.564487 0.0052315
473 0.813394 0.568627 0.00545467
474 0.813394 0.570105 0.0053415
475 0.813394 0.566625 0.0050236
476 0.813394 0.56214 0.00505615
477 0.813394 0.565127 0.00485683
478 0.813394 0.562767 0.00534944
479 0.813394 0.555886 0.00540248
480 0.813394 0.559669 0.00582381
481 0.813394 0.560862 0.0059948
482 0.813394 0.569986 0.00538977
483 0.813394 0.568908 0.00515745
484 0.813394 0.568753 0.00561394
485 0.813394 0.559023 0.0055044
486 0.813394 0.558932 0.00503277
487 0.813394 0.562946 0.00518624
488 0.813394 0.573297 0.00597883
489 0.813394 0.569433 0.00541569
490 0.813394 0.575662 0.00568354
491 0.813394 0.571852 0.00568446
492 0.813394 0.567258 0.00476306
493 0.813394 0.570016 0.00549473
494 0.813394 0.562872 0.00526392
495 0.813394 0.565497 0.00552159
496 0.813394 0.566087 0.00584727
497 0.813394 0.562743 0.00528448
498 0.813394 0.569385 0.00561527
499 0.813394 0.5703 0.00554728
500 0.813394 0.566615 0.00518818
501 0.813394 0.571373 0.00547775
502 0.813394 0.564804 0.00570795
503 0.813394 0.563018 0.00589377
504 0.813394 0.569084 0.00535714
505 0.813394 0.560478 0.00558048
506 0.813394 0.554502 0.00486578
507 0.813394 0.558621 0.00578233
508 0.813394 0.566408 0.00500421
509 0.813394 0.555425 0.00566636
510 0.813394 0.556985 0.00522395
511 0.813394 0.549175 0.00520142
512 0.813394 0.553313 0.00594434
513 0.813394 0.556402 0.00566016
514 0.813394 0.55833 0.00559113
515 0.813394 0.556192 0.00547564
516 0.813394 0.560553 0.00587703
517 0.813394 0.55364 0.00617955
518 0.813394 0.560332 0.00557906
519 0.813394 0.559343 0.00528297
520 0.813394 0.558269 0.00582028
521 0.813394 0.561524 0.00562478
522 0.813394 0.555397 0.00578566
523 0.813394 0.554538 0.00527593
524 0.813394 0.552173 0.00523762
525 0.813394 0.549704 0.00496644
526 0.813394 0.560435 0.00590309
527 0.813394 0.564183 0.00556414
528 0.813394 0.570304 0.0052032
529 0.813394 0.560852 0.0057648
530 0.813394 0.562143 0.00518109
531 0.813394 0.563193 0.00598464
532 0.813394 0.564494 0.00548874
533 0.813394 0.557618 0.0057524
534 0.813394 0.554723 0.00506853
535 0.813394 0.562715 0.00531501
536 0.813394 0.559543 0.00522119
537 0.813394 0.5528 0.0054304
538 0.813394 0.558328 0.00535184
539 0.813394 0.562406 0.00550979
540 0.813394 0.566396 0.00514568
541 0.813394 0.559955 0.00590446
542 0.813394 0.557142 0.00508752
543 0.813394 0.557658 0.00601474
544 0.813394 0.555166 0.00531873
545 0.813394 0.561029 0.00509627
546 0.813394 0.556497 0.00524181
547 0.813394 0.561529 0.00595171
548 0.813394 0.556186 0.005707
549 0.813394 0.563857 0.00595092
550 0.813394 0.566979 0.00623898
551 0.813394 0.558791 0.00588183
552 0.813394 0.556745 0.00588483
553 0.813394 0.550526 0.00539953
554 0.813394 0.551994 0.00509737
555 0.813394 0.564951 0.00551373
556 0.813394 0.568652 0.00573733
557 0.813394 0.574577 0.00543857
558 0.813394 0.567427 0.00530468
559 0.813394 0.564272 0.00463553
560 0.813394 0.573539 0.00582317
561 0.813394 0.554995 0.00542937
562 0.813394 0.55706 0.00578235
563 0.813394 0.554281 0.00553731
564 0.813394 0.5546 0.00594845
565 0.813394 0.554736 0.00597083
566 0.813394 0.548213 0.00593435
567 0.813394 0.550364 0.00569007
568 0.813394 0.557672 0.00575061
569 0.813394 0.554914 0.00547769
570 0.813394 0.566347 0.00574151
571 0.813394 0.566738 0.00599599
572 0.813394 0.558495 0.0054549
573 0.813394 0.554997 0.00482982
574 0.813394 0.555927 0.00497112
575 0.813394 0.553749 0.00540141
576 0.813394 0.554021 0.00627946
577 0.813394 0.549915 0.00561933
578 0.813394 0.551337 0.00558662
579 0.813394 0.551164 0.00522953
580 0.813394 0.55562 0.00592403
581 0.813394 0.547206 0.00546035
582 0.813394 0.562298 0.00631677
583 0.813394 0.55709 0.00594512
584 0.813394 0.550179 0.00570388
585 0.813394 0.549843 0.00542392
586 0.813394 0.552482 0.00580678
587 0.813394 0.561459 0.00591282
588 0.813394 0.561636 0.0053309
589 0.813394 0.558137 0.0055467
590 0.813394 0.562893 0.00605708
591 0.813394 0.559435 0.00569304
592 0.813394 0.559468 0.00524107
593 0.813394 0.55005 0.00546011
594 0.813394 0.547342 0.00585615
595 0.813394 0.555126 0.00691561
596 0.813394 0.556954 0.00611207
597 0.813394 0.554203 0.00520132
598 0.813394 0.556664 0.00603273
599 0.813394 0.553144 0.00538394
600 0.813394 0.558345 0.00593637
601 0.813394 0.552676 0.00576611
602 0.813394 0.55005 0.00573131
603 0.813394 0.543062 0.00554012
604 0.813394 0.552135 0.00566526
605 0.813394 0.556245 0.00599274
606 0.813394 0.553986 0.00568851
607 0.813394 0.549722 0.00553309
608 0.813394 0.54963 0.00560764
609 0.813394 0.543307 0.00594206
610 0.813394 0.541837 0.00584046
611 0.813394 0.543703 0.00496858
612 0.813394 0.544328 0.00614187
613 0.813394 0.542107 0.00539093
614 0.813394 0.547754 0.00556568
615 0.813394 0.554275 0.00652769
616 0.813394 0.55063 0.00592358
617 0.813394 0.548713 0.00539582
618 0.813394 0.551924 0.00586141
619 0.813394 0.549013 0.00561776
620 0.813394 0.547649 0.00616646
621 0.813394 0.549052 0.00589965
622 0.813394 0.546237 0.00570718
623 0.813394 0.543906 0.00642802
624 0.813394 0.548099 0.00614102
625 0.813394 0.551875 0.00636656
626 0.813394 0.551073 0.00653015
627 0.813394 0.545485 0.00618548
628 0.813394 0.549188 0.00635402
629 0.813394 0.549879 0.00633092
630 0.813394 0.549875 0.00631795
631 0.813394 0.552998 0.00578819
632 0.813394 0.554258 0.00596545
633 0.813394 0.559713 0.00536605
634 0.813394 0.553675 0.00579956
635 0.813394 0.555949 0.00527389
636 0.813394 0.559628 0.0054358
637 0.813394 0.555754 0.005698
638 0.813394 0.554069 0.00569249
639 0.813394 0.558135 0.00576828
640 0.813394 0.563336 0.00588549
641 0.813394 0.558606 0.00522357
642 0.813394 0.558073 0.00492159
643 0.813394 0.55326 0.00506432
644 0.813394 0.556553 0.00597824
645 0.813394 0.551958 0.00597335
646 0.813394 0.557559 0.0056626
647 0.813394 0.566529 0.00541644
648 0.813394 0.560778 0.00593626
649 0.813394 0.553321 0.0057266
650 0.813394 0.551886 0.00618075
651 0.813394 0.549655 0.00581914
652 0.813394 0.563436 0.00544521
653 0.813394 0.56029 0.00564296
654 0.813394 0.565822 0.00599613
655 0.813394 0.563159 0.00659468
656 0.813394 0.571255 0.00581063
657 0.813394 0.56582 0.00553587
658 0.813394 0.564225 0.00671507
659 0.813394 0.560494 0.00624845
660 0.813394 0.550868 0.00561449
661 0.813394 0.549435 0.00601134
662 0.813394 0.556053 0.00588867
663 0.813394 0.556258 0.0055574
664 0.813394 0.570106 0.00588724
665 0.813394 0.562199 0.00544612
666 0.813394 0.571932 0.00580183
667 0.813394 0.561728 0.00510677
668 0.813394 0.562814 0.00636105
669 0.813394 0.559688 0.0064232
670 0.813394 0.561776 0.00578138
671 0.813394 0.562405 0.005957
672 0.813394 0.556445 0.00589619
673 0.813394 0.561528 0.00583436
674 0.813394 0.55316 0.00589846
675 0.813394 0.55593 0.00560688
676 0.813394 0.556843 0.00527406
677 0.813394 0.553254 0.00465262
678 0.813394 0.554443 0.00537519
679 0.813394 0.568788 0.00632538
680 0.813394 0.558194 0.00633641
681 0.813394 0.558856 0.00688121
682 0.813394 0.567435 0.00623072
683 0.813394 0.562718 0.00567691
684 0.813394 0.555062 0.00555359
685 0.813394 0.56328 0.00649351
686 0.813394 0.560279 0.00606585
687 0.813394 0.566413 0.00610941
688 0.813394 0.564925 0.00542151
689 0.813394 0.571561 0.00513614
690 0.813394 0.570382 0.00482199
691 0.813394 0.568058 0.00518213
692 0.813394 0.574633 0.00536923
693 0.813394 0.563702 0.00521345
694 0.813394 0.564081 0.00480032
695 0.813394 0.568431 0.00550007
696 0.813394 0.566922 0.00627112
697 0.813394 0.569677 0.00625385
698 0.813394 0.574044 0.00606664
699 0.813394 0.573021 0.00597714
700 0.813394 0.570982 0.00569033
701 0.813394 0.558699 0.00561301
702 0.813394 0.554885 0.0057108
703 0.813394 0.565341 0.00638409
704 0.813394 0.563053 0.00587651
705 0.813394 0.560999 0.00610082
706 0.813394 0.551558 0.00610715
707 0.813394 0.557789 0.00526582
708 0.813394 0.559723 0.00546428
709 0.813394 0.557287 0.00532849
710 0.813394 0.556614 0.00517508
711 0.813394 0.556705 0.00601795
712 0.813394 0.550197 0.00578611
713 0.813394 0.555149 0.00593258
714 0.813394 0.558485 0.0060571
715 0.813394 0.558783 0.00603209
716 0.813394 0.561591 0.00652619
717 0.813394 0.564531 0.006452
718 0.813394 0.56658 0.00636701
719 0.813394 0.564572 0.00631748
720 0.813394 0.555192 0.00558915
721 0.813394 0.561267 0.00601872
722 0.813394 0.560859 0.00597667
723 0.813394 0.558663 0.00551152
724 0.813394 0.560021 0.00473819
725 0.813394 0.558169 0.00626272
726 0.813394 0.562849 0.00531951
727 0.813394 0.569523 0.00591928
728 0.813394 0.567541 0.00615733
729 0.813394 0.5652 0.00651312
730 0.813394 0.555385 0.00573907
731 0.813394 0.558289 0.00596474
732 0.813394 0.55959 0.00523772
733 0.813394 0.570393 0.0055678
734 0.813394 0.569243 0.00504104
735 0.813394 0.569459 0.00532277
736 0.813394 0.586141 0.00591538
737 0.813394 0.573216 0.00477415
738 0.813394 0.565365 0.00534284
739 0.813394 0.561395 0.0053058
740 0.813394 0.56783 0.00484462
741 0.813394 0.569239 0.00550838
742 0.813394 0.575726 0.00516534
743 0.813394 0.567052 0.00536846
744 0.813394 0.568475 0.00634823
745 0.813394 0.564551 0.00515785
746 0.813394 0.562968 0.00454149
747 0.813394 0.572816 0.005
748 0.813394 0.565726 0.00486268
749 0.813394 0.565312 0.00508285
750 0.813394 0.55731 0.00598646
751 0.813394 0.564513 0.00615758
752 0.813394 0.564187 0.00614395
753 0.813394 0.567424 0.0056834
754 0.813394 0.563121 0.00610519
755 0.813394 0.562335 0.00549717
756 0.813394 0.552106 0.0054616
757 0.813394 0.560706 0.00536609
758 0.813394 0.555145 0.00593094
759 0.813394 0.557562 0.00564454
760 0.813394 0.553061 0.00654698
761 0.813394 0.561036 0.00507279
762 0.813394 0.562074 0.00566029
763 0.813394 0.562763 0.00572835
764 0.813394 0.568214 0.00587874
765 0.813394 0.565723 0.00488672
766 0.813394 0.56039 0.00539406
767 0.813394 0.566846 0.00600924
768 0.813394 0.563902 0.0057889
769 0.813394 0.564068 0.00586545
770 0.813394 0.567528 0.00506272
771 0.813394 0.572363 0.00553866
772 0.813394 0.565202 0.00596126
773 0.813394 0.571257 0.00530185
774 0.813394 0.569256 0.00635899
775 0.813394 0.571138 0.00565161
776 0.813394 0.563064 0.00546508
777 0.813394 0.573775 0.00605849
778 0.813394 0.559728 0.00579451
779 0.813394 0.566371 0.0056193
780 0.813394 0.564869 0.00557877
781 0.813394 0.556407 0.00524863
782 0.813394 0.55686 0.00620341
783 0.813394 0.563972 0.00559005
784 0.813394 0.556542 0.00598004
785 0.813394 0.558082 0.00541051
786 0.813394 0.557933 0.00563177
787 0.813394 0.555487 0.00534987
788 0.813394 0.564484 0.00573224
789 0.813394 0.566336 0.005477
790 0.813394 0.570222 0.00548371
791 0.813394 0.572084 0.00543441
792 0.813394 0.561395 0.00593177
793 0.813394 0.561358 0.00564183
794 0.813394 0.555501 0.00566126
795 0.813394 0.563794 0.00563219
796 0.813394 0.561128 0.00545172
797 0.813394 0.550325 0.0055056
798 0.813394 0.546551 0.00565159
799 0.813394 0.550837 0.00544498
800 0.813394 0.555101 0.00618566
801 0.813394 0.562305 0.00624705
802 0.813394 0.568213 0.00507264
803 0.813394 0.55542 0.00514018
804 0.813394 0.565243 0.00607672
805 0.813394 0.556515 0.00521253
806 0.813394 0.555214 0.00539068
807 0.813394 0.553654 0.00632804
808 0.813394 0.556182 0.00707592
809 0.813394 0.549312 0.00535597
810 0.813394 0.555701 0.00608732
811 0.813394 0.556763 0.00556885
812 0.813394 0.55451 0.00496881
813 0.813394 0.555731 0.00499567
814 0.813394 0.555461 0.00582156
815 0.813394 0.551557 0.00562418
816 0.813394 0.55112 0.00552174
817 0.813394 0.553708 0.00513242
818 0.813394 0.557554 0.00529078
819 0.813394 0.547444 0.00529274
820 0.813394 0.551201 0.00538656
821 0.813394 0.553175 0.00605849
822 0.813394 0.56156 0.00509151
823 0.813394 0.552044 0.00566338
824 0.813394 0.557546 0.00543217
825 0.813394 0.556376 0.00477469
826 0.813394 0.55751 0.00571632
827 0.813394 0.561193 0.00613352
828 0.813394 0.55904 0.00615718
829 0.813394 0.561534 0.00575102
830 0.813394 0.574794 0.0065407
831 0.813394 0.566214 0.00605905
832 0.813394 0.56559 0.00556138
833 0.813394 0.569112 0.00522508
834 0.813394 0.568308 0.00553197
835 0.813394 0.565488 0.0061247
836 0.813394 0.565938 0.00600715
837 0.813394 0.557962 0.00512163
838 0.813394 0.561919 0.00613355
839 0.813394 0.558615 0.00526797
840 0.813394 0.551788 0.00615017
841 0.813394 0.552027 0.00611332
842 0.813394 0.55648 0.0060882
843 0.813394 0.562209 0.00563801
844 0.813394 0.560974 0.00507136
845 0.813394 0.560646 0.00578679
846 0.813394 0.55253 0.00594032
847 0.813394 0.559682 0.00606962
848 0.813394 0.553668 0.005269
849 0.813394 0.561961 0.00508654
850 0.813394 0.570616 0.00549352
851 0.813394 0.561079 0.00578244
852 0.813394 0.562687 0.00684626
853 0.813394 0.570915 0.00583764
854 0.813394 0.564835 0.00627007
855 0.813394 0.554658 0.00542136
856 0.813394 0.553269 0.00635992
857 0.813394 0.559498 0.0068352
858 0.813394 0.562822 0.00615283
859 0.813394 0.563075 0.00728267
860 0.813394 0.550092 0.00575002
861 0.813394 0.553778 0.0059
862 0.813394 0.543513 0.00527463
863 0.813394 0.550094 0.00631367
864 0.813394 0.543635 0.00672262
865 0.813394 0.543764 0.00610083
866 0.813394 0.548422 0.0057169
867 0.813394 0.556584 0.00573546
868 0.813394 0.554451 0.00617648
869 0.813394 0.549963 0.00617233
870 0.813394 0.547115 0.00588389
871 0.813394 0.55371 0.00598516
872 0.813394 0.554817 0.00631673
873 0.813394 0.5576 0.00601301
874 0.813394 0.554641 0.00566965
875 0.813394 0.559294 0.00624812
876 0.813394 0.559964 0.00562027
877 0.813394 0.563355 0.00632453
878 0.813394 0.558472 0.00621235
879 0.813394 0.554162 0.00621155
880 0.813394 0.55957 0.00635929
881 0.813394 0.566869 0.00582255
882 0.813394 0.566374 0.00588634
883 0.813394 0.565862 0.00691033
884 0.813394 0.572832 0.00587164
885 0.813394 0.569298 0.00526314
886 0.813394 0.567414 0.00606036
887 0.813394 0.568018 0.00583501
888 0.813394 0.562895 0.00618553
889 0.813394 0.545382 0.00565688
890 0.813394 0.554811 0.0061338
891 0.813394 0.551951 0.00605348
892 0.813394 0.56186 0.00600285
893 0.813394 0.570697 0.0066632
894 0.813394 0.57451 0.00494583
895 0.813394 0.563836 0.00495531
896 0.813394 0.567114 0.00586907
897 0.813394 0.569534 0.00556686
898 0.813394 0.562348 0.00535405
899 0.813394 0.566497 0.00616969
900 0.813394 0.569869 0.00478862
901 0.813394 0.564645 0.00644861
902 0.813394 0.560941 0.00527258
903 0.813394 0.560529 0.00518479
904 0.813394 0.5654 0.00631561
905 0.813394 0.563783 0.00619424
906 0.813394 0.557708 0.00526946
907 0.813394 0.555872 0.00538075
908 0.813394 0.556734 0.00538933
909 0.813394 0.56136 0.00634179
910 0.813394 0.555221 0.00675092
911 0.813394 0.553187 0.00547717
912 0.813394 0.555866 0.00548921
913 0.813394 0.571218 0.00543604
914 0.813394 0.558442 0.00486903
915 0.813394 0.56087 0.00547669
916 0.813394 0.566169 0.00622801
917 0.813394 0.558746 0.00655872
918 0.813394 0.561275 0.00528477
919 0.813394 0.565591 0.00559064
920 0.813394 0.564068 0.00557021
921 0.813394 0.571169 0.00550847
922 0.813394 0.570974 0.0059318
923 0.813394 0.570514 0.00507598
924 0.813394 0.563794 0.0056174
925 0.813394 0.567594 0.00547204
926 0.813394 0.560221 0.00512942
927 0.813394 0.566571 0.00509376
928 0.813394 0.573889 0.00513071
929 0.813394 0.567045 0.00524433
930 0.813394 0.573484 0.00641509
931 0.813394 0.564776 0.00490189
932 0.813394 0.565988 0.00538912
933 0.813394 0.562517 0.00528982
934 0.813394 0.572528 0.00545972
935 0.813394 0.562065 0.00476987
936 0.813394 0.57331 0.00527176
937 0.813394 0.560656 0.00526814
938 0.813394 0.567516 0.00538295
939 0.813394 0.571563 0.00512485
940 0.813394 0.566213 0.00557864
941 0.813394 0.563443 0.0058591
942 0.813394 0.562187 0.00612283
943 0.813394 0.558386 0.00514448
944 0.813394 0.570486 0.00567333
945 0.813394 0.567288 0.00566714
946 0.813394 0.568592 0.00542071
947 0.813394 0.566052 0.0053351
948 0.813394 0.574018 0.00507739
949 0.813394 0.566958 0.00447595
950 0.813394 0.568932 0.00474738
951 0.813394 0.57159 0.00587576
952 0.813394 0.561239 0.00540624
953 0.813394 0.563309 0.00624808
954 0.813394 0.565374 0.00519416
955 0.813394 0.571929 0.00599633
956 0.813394 0.572389 0.00512958
957 0.813394 0.573917 0.0059673
958 0.813394 0.558957 0.00533741
959 0.813394 0.570056 0.0059292
960 0.813394 0.57219 0.00544261
961 0.813394 0.574479 0.00542987
962 0.813394 0.568821 0.0056112
963 0.813394 0.566659 0.00495945
964 0.813394 0.572536 0.0056657
965 0.813394 0.55804 0.00597624
966 0.813394 0.570216 0.00540926
967 0.813394 0.562151 0.00528044
968 0.813394 0.570793 0.00619551
969 0.813394 0.560407 0.00463407
970 0.813394 0.556659 0.00505199
971 0.813394 0.572264 0.00548602
972 0.813394 0.558374 0.00558462
973 0.813394 0.56532 0.00545708
974 0.813394 0.568209 0.00592913
975 0.813394 0.567593 0.00609115
976 0.813394 0.56119 0.0060118
977 0.813394 0.567162 0.0059524
978 0.813394 0.575021 0.00604863
979 0.813394 0.571516 0.00614962
980 0.813394 0.571127 0.0051374
981 0.813394 0.568069 0.00483596
982 0.813394 0.575705 0.00495107
983 0.813394 0.563332 0.00551243
984 0.813394 0.563475 0.00573954
985 0.813394 0.560252 0.00528926
986 0.813394 0.564777 0.00531899
987 0.813394 0.568611 0.00540894
988 0.813394 0.566166 0.00575624
989 0.813394 0.569142 0.00506339
990 0.813394 0.569135 0.00605421
991 0.813394 0.570163 0.0055426
992 0.813394 0.575134 0.00513932
993 0.813394 0.577479 0.00516557
994 0.813394 0.57506 0.00547045
995 0.813394 0.577236 0.00576489
996 0.813394 0.57836 0.00521122
997 0.813394 0.573206 0.00562637
998 0.813394 0.577498 0.00613433
999 0.813394 0.57128 0.00621467
1000 0.813394 0.573656 0.00546768
1001 0.813394 0.575893 0.0060358
1002 0.813394 0.571301 0.00521514
1003 0.813394 0.568813 0.00508777
1004 0.813394 0.574615 0.0049465
1005 0.813394 0.573144 0.00543527
1006 0.813394 0.575739 0.00551901
1007 0.813394 0.591413 0.00470595
1008 0.813394 0.587673 0.00480242
1009 0.813394 0.590635 0.00553974
1010 0.813394 0.578122 0.00443524
1011 0.813394 0.576946 0.00608817
1012 0.813394 0.580746 0.00615644
1013 0.813394 0.575484 0.00587501
1014 0.813394 0.575581 0.00522815
1015 0.813394 0.573984 0.00588646
1016 0.813394 0.580334 0.00552031
1017 0.813394 0.571926 0.00621534
1018 0.813394 0.571244 0.00619425
1019 0.813394 0.573473 0.00497912
1020 0.813394 0.570394 0.00546852
1021 0.813394 0.573662 0.00644023
1022 0.813394 0.564735 0.00565266
1023 0.813394 0.570821 0.00527336
1024 0.813394 0.573877 0.00478763
1025 0.813394 0.57053 0.00506325
1026 0.813394 0.571804 0.00514091
1027 0.813394 0.57921 0.00534108
1028 0.813394 0.569082 0.00537263
1029 0.813394 0.563797 0.00579343
1030 0.813394 0.578437 0.00555254
1031 0.813394 0.573463 0.00564182
1032 0.813394 0.579193 0.00555507
1033 0.813394 0.572174 0.00622137
1034 0.813394 0.576271 0.00598038
1035 0.813394 0.5804 0.00478713
1036 0.813394 0.578633 0.00563862
1037 0.813394 0.574577 0.00520883
1038 0.813394 0.584284 0.00526094
1039 0.813394 0.591367 0.00599221
1040 0.813394 0.581788 0.00626201
1041 0.813394 0.577996 0.00607418
1042 0.813394 0.579353 0.00489986
1043 0.813394 0.577022 0.00562827
1044 0.813394 0.568381 0.00640774
1045 0.813394 0.573425 0.00573135
1046 0.813394 0.573667 0.00573515
1047 0.813394 0.570248 0.00500118
1048 0.813394 0.572834 0.00443051
1049 0.813394 0.579921 0.00523134
1050 0.813394 0.579756 0.00519377
1051 0.813394 0.572181 0.00519074
1052 0.813394 0.571778 0.00545414
1053 0.813394 0.582546 0.0047169
1054 0.813394 0.578167 0.00510177
1055 0.813394 0.570431 0.00478448
1056 0.813394 0.568468 0.00540527
1057 0.813394 0.56913 0.00502966
1058 0.813394 0.577068 0.00507307
1059 0.813394 0.571858 0.00592144
1060 0.813394 0.567857 0.00495988
1061 0.813394 0.567062 0.00571857
1062 0.813394 0.579827 0.00564796
1063 0.813394 0.568892 0.00500524
1064 0.813394 0.568446 0.00552868
1065 0.813394 0.569061 0.00535605
1066 0.813394 0.569373 0.00584239
1067 0.813394 0.569483 0.00590798
1068 0.813394 0.577337 0.00525116
1069 0.813394 0.574598 0.00514847
1070 0.813394 0.582511 0.00521651
1071 0.813394 0.567649 0.00556602
1072 0.813394 0.578387 0.00662485
1073 0.813394 0.575663 0.006024
1074 0.813394 0.570769 0.00520845
1075 0.813394 0.571005 0.00482392
1076 0.813394 0.570903 0.00452649
1077 0.813394 0.578903 0.0057091
1078 0.813394 0.584083 0.00511655
1079 0.813394 0.562978 0.00501937
1080 0.813394 0.563661 0.00596345
1081 0.813394 0.563554 0.00548912
1082 0.813394 0.559821 0.00650812
1083 0.813394 0.554268 0.00606852
1084 0.813394 0.554588 0.00627514
1085 0.813394 0.548717 0.00581154
1086 0.813394 0.556418 0.00618559
1087 0.813394 0.566858 0.00604118
1088 0.813394 0.568113 0.0058641
1089 0.813394 0.567164 0.00588268
1090 0.813394 0.56645 0.00537218
1091 0.813394 0.563993 0.00540433
1092 0.813394 0.563899 0.00558797
1093 0.813394 0.571028 0.00555973
1094 0.813394 0.574669 0.00613708
1095 0.813394 0.565621 0.0070163
1096 0.813394 0.568679 0.00618367
1097 0.813394 0.555927 0.0049201
1098 0.813394 0.569985 0.00542023
1099 0.813394 0.560303 0.0052096
1100 0.813394 0.559793 0.00532633
1101 0.813394 0.571336 0.00630902
1102 0.813394 0.563284 0.00572007
1103 0.813394 0.574188 0.00562207
1104 0.813394 0.572487 0.00606493
1105 0.813394 0.571683 0.00560589
1106 0.813394 0.565535 0.00573383
1107 0.813394 0.565837 0.0051953
1108 0.813394 0.563982 0.00606786
1109 0.813394 0.567619 0.00550544
1110 0.813394 0.558093 0.00622789
1111 0.813394 0.563433 0.00538074
1112 0.813394 0.560027 0.00585603
1113 0.813394 0.565759 0.0056583
1114 0.813394 0.559628 0.00572739
1115 0.813394 0.560493 0.0063364
1116 0.814814 0.55893 0.00681218
1117 0.814814 0.557873 0.00622662
1118 0.814814 0.558885 0.00543132
1119 0.814814 0.569483 0.00674305
1120 0.814814 0.56477 0.00688388
1121 0.814814 0.566811 0.00632252
1122 0.814814 0.566933 0.00569694
1123 0.814814 0.563087 0.00627649
1124 0.814814 0.556314 0.00627521
1125 0.814814 0.575642 0.00541526
1126 0.814814 0.567217 0.00557817
1127 0.814814 0.561965 0.00705355
1128 0.814814 0.558868 0.00581024
1129 0.814814 0.566787 0.00526186
1130 0.814814 0.562333 0.00608261
1131 0.814814 0.563089 0.00569606
1132 0.814814 0.563985 0.00618491
1133 0.814814 0.573749 0.00577361
1134 0.814814 0.566031 0.00571295
1135 0.814814 0.562873 0.00579876
1136 0.814814 0.569011 0.00614379
1137 0.814814 0.559502 0.00576169
1138 0.814814 0.564845 0.00593806
1139 0.814814 0.562754 0.00488764
1140 0.814814 0.570618 0.00548834
1141 0.814814 0.571124 0.00633183
1142 0.814814 0.569868 0.00615602
1143 0.814814 0.557505 0.00546469
1144 0.814814 0.570202 0.0059592
1145 0.814814 0.560219 0.00552622
1146 0.814814 0.559885 0.00567477
1147 0.814814 0.563347 0.00571729
1148 0.814814 0.560432 0.00607209
1149 0.814814 0.557854 0.00558208
1150 0.814814 0.560429 0.00566524
1151 0.814814 0.557657 0.00602966
1152 0.814814 0.556043 0.0052597
1153 0.814814 0.563114 0.00621673
1154 0.814814 0.55742 0.00564105
1155 0.814814 0.552668 0.00571804
1156 0.814814 0.559674 0.00548691
1157 0.814814 0.562107 0.00596287
1158 0.814814 0.5573 0.00574215
1159 0.814814 0.574099 0.0055133
1160 0.814814 0.567673 0.0053565
1161 0.814814 0.554475 0.00631312
1162 0.814814 0.564375 0.00584146
1163 0.814814 0.560763 0.00592402
1164 0.814814 0.558891 0.00558123
1165 0.814814 0.559346 0.00573862
1166 0.814814 0.558988 0.00643539
1167 0.814814 0.561439 0.00646873
1168 0.814814 0.560797 0.00570875
1169 0.814814 0.573855 0.00616204
1170 0.814814 0.57071 0.00593916
1171 0.814814 0.56188 0.00597032
1172 0.814814 0.566474 0.00539106
1173 0.814814 0.566673 0.00540914
1174 0.814814 0.55922 0.00540316
1175 0.814814 0.566692 0.00598525
1176 0.814814 0.56707 0.006275
1177 0.814814 0.565743 0.00462003
1178 0.814814 0.577532 0.00537692
1179 0.814814 0.563298 0.00584316
1180 0.814814 0.564852 0.0063642
1181 0.814814 0.565156 0.00589765
1182 0.814814 0.56585 0.00678502
1183 0.814814 0.566788 0.00572739
1184 0.814814 0.564433 0.00601319
1185 0.814814 0.56319 0.00628751
1186 0.814814 0.562825 0.0063185
1187 0.814814 0.568627 0.00612765
1188 0.814814 0.56526 0.00579967
1189 0.814814 0.564026 0.00660159
1190 0.814814 0.55962 0.00585887
1191 0.814814 0.557392 0.00514406
1192 0.814814 0.556643 0.00524277
1193 0.814814 0.577182 0.00538075
1194 0.814814 0.567338 0.00571314
1195 0.814814 0.564437 0.00522052
1196 0.814814 0.571093 0.00615652
1197 0.814814 0.566026 0.00596561
1198 0.814814 0.569618 0.0053353
1199 0.814814 0.570481 0.0054346
1200 0.814814 0.569837 0.00571844
1201 0.814814 0.583502 0.00559835
1202 0.814814 0.566445 0.00563918
1203 0.814814 0.557542 0.00521307
1204 0.814814 0.557175 0.00562826
1205 0.814814 0.563428 0.00569584
1206 0.814814 0.56182 0.00575111
1207 0.814814 0.569684 0.00617101
1208 0.814814 0.565135 0.00626569
1209 0.814814 0.564121 0.00656675
1210 0.814814 0.561497 0.00610163
1211 0.814814 0.5626 0.00567241
1212 0.814814 0.564596 0.005715
1213 0.814814 0.567562 0.00541246
1214 0.814814 0.570177 0.00561784
1215 0.814814 0.568712 0.00647109
1216 0.814814 0.567919 0.00513615
1217 0.814814 0.56572 0.00481401
1218 0.814814 0.566363 0.00546589
1219 0.814814 0.572159 0.00551611
1220 0.814814 0.575252 0.00606717
1221 0.814814 0.568117 0.00580263
1222 0.814814 0.567322 0.00525215
1223 0.814814 0.567087 0.0055159
1224 0.814814 0.578688 0.00551863
1225 0.814814 0.573528 0.00571995
1226 0.814814 0.564477 0.00641673
1227 0.814814 0.562138 0.00613951
1228 0.814814 0.566717 0.00635735
1229 0.814814 0.558607 0.00617414
1230 0.814814 0.5631 0.00650161
1231 0.814814 0.560151 0.0057163
1232 0.814814 0.560865 0.00587275
1233 0.814814 0.570679 0.00596866
1234 0.814814 0.57158 0.00590716
1235 0.814814 0.568865 0.00566014
1236 0.814814 0.560856 0.00494552
1237 0.814814 0.563911 0.00508395
1238 0.814814 0.566962 0.00529932
1239 0.814814 0.570725 0.00583146
1240 0.814814 0.573204 0.00526174
1241 0.814814 0.570228 0.00521228
1242 0.814814 0.565231 0.00551878
1243 0.814814 0.581244 0.0056426
1244 0.814814 0.568436 0.00610448
1245 0.814814 0.569264 0.00557494
1246 0.814814 0.565165 0.00571792
1247 0.814814 0.562735 0.00536652
1248 0.814814 0.56343 0.00575779
1249 0.814814 0.569164 0.00539379
1250 0.814814 0.564573 0.00557984
1251 0.814814 0.569509 0.00637023
1252 0.814814 0.567151 0.00522733
1253 0.814814 0.567342 0.00575971
1254 0.814814 0.564874 0.00577864
1255 0.814814 0.567483 0.00583648
1256 0.814814 0.56649 0.00532537
1257 0.814814 0.570763 0.00544167
1258 0.814814 0.576313 0.00646559
1259 0.814814 0.572845 0.00607976
1260 0.814814 0.577186 0.00563985
1261 0.814814 0.570513 0.00545742
1262 0.814814 0.57397 0.00603807
1263 0.814814 0.576848 0.00657737
1264 0.814814 0.583153 0.00609633
1265 0.814814 0.580557 0.00508997
1266 0.814814 0.588929 0.00541429
1267 0.814814 0.574915 0.00531394
1268 0.814814 0.574524 0.00523979
1269 0.814814 0.573189 0.00572884
1270 0.814814 0.577238 0.00514109
1271 0.814814 0.571128 0.00573682
1272 0.814814 0.565948 0.00589349
1273 0.814814 0.57028 0.00563082
1274 0.814814 0.573347 0.00625768
1275 0.814814 0.577476 0.00563244
1276 0.814814 0.575735 0.00492577
1277 0.814814 0.575024 0.00523785
1278 0.814814 0.57496 0.00624547
1279 0.814814 0.564867 0.00580524
1280 0.814814 0.567239 0.00658308
1281 0.814814 0.573873 0.00600467
1282 0.814814 0.558999 0.0060877
1283 0.814814 0.570866 0.00609549
1284 0.814814 0.561592 0.00603173
1285 0.814814 0.5626 0.00639831
1286 0.814814 0.56831 0.00607516
1287 0.814814 0.574187 0.00642888
1288 0.814814 0.570737 0.0059507
1289 0.814814 0.56157 0.00614721
1290 0.814814 0.557241 0.00548194
1291 0.814814 0.559808 0.0058133
1292 0.814814 0.561467 0.00580157
1293 0.814814 0.568432 0.00520761
1294 0.814814 0.5577 0.00487604
1295 0.814814 0.560055 0.00578375
1296 0.814814 0.55721 0.00551127
1297 0.814814 0.570575 0.00544446
1298 0.814814 0.558251 0.00596857
1299 0.814814 0.557551 0.00555239
1300 0.814814 0.57025 0.00458929
1301 0.814814 0.566927 0.00579456
1302 0.814814 0.562296 0.00542304
1303 0.814814 0.558537 0.0057586
1304 0.814814 0.563878 0.00623326
1305 0.814814 0.561143 0.00552489
1306 0.814814 0.555313 0.00529329
1307 0.814814 0.563606 0.00543649
1308 0.814814 0.565018 0.00510875
1309 0.814814 0.565108 0.00564859
1310 0.814814 0.565468 0.00641909
1311 0.814814 0.572595 0.005495
1312 0.814814 0.569097 0.00507982
1313 0.814814 0.570458 0.00567346
1314 0.814814 0.570135 0.00535626
1315 0.814814 0.567469 0.00541591
1316 0.814814 0.571998 0.00597572
1317 0.814814 0.578128 0.00583529
1318 0.814814 0.580997 0.00520462
1319 0.814814 0.577946 0.00562691
1320 0.814814 0.575989 0.00557162
1321 0.814814 0.581796 0.0060062
1322 0.814814 0.574734 0.00499516
1323 0.814814 0.574115 0.00473369
1324 0.814814 0.57545 0.00540632
1325 0.814814 0.563716 0.00496536
1326 0.814814 0.569014 0.00557227
1327 0.814814 0.575296 0.00533474
1328 0.814814 0.568073 0.0053399
1329 0.814814 0.566651 0.00512386
1330 0.814814 0.576465 0.00531506
1331 0.814814 0.572243 0.005717
1332 0.814814 0.563249 0.00498444
1333 0.814814 0.563268 0.00646077
1334 0.814814 0.564377 0.00645369
1335 0.814814 0.557213 0.00518623
1336 0.814814 0.55902 0.00582268
1337 0.814814 0.557156 0.00555859
1338 0.814814 0.549869 0.00571383
1339 0.814814 0.556056 0.00555599
1340 0.814814 0.561712 0.00676072
1341 0.814814 0.569859 0.00674599
1342 0.814814 0.555301 0.00527628
1343 0.814814 0.565281 0.00599203
1344 0.814814 0.563847 0.00583072
1345 0.814814 0.561164 0.00613155
1346 0.814814 0.566568 0.00601244
1347 0.814814 0.574414 0.00587947
1348 0.814814 0.56625 0.00511872
1349 0.814814 0.573794 0.00598009
1350 0.814814 0.578082 0.00504904
1351 0.814814 0.56929 0.00497808
1352 0.814814 0.567881 0.00505524
1353 0.814814 0.569113 0.00590661
1354 0.814814 0.565336 0.00545739
1355 0.814814 0.572094 0.00590697
1356 0.814814 0.573745 0.00582395
1357 0.814814 0.572825 0.00666861
1358 0.814814 0.566868 0.00659779
1359 0.814814 0.569312 0.00639205
1360 0.814814 0.571146 0.00645646
1361 0.814814 0.575833 0.00694006
1362 0.814814 0.566363 0.00626783
1363 0.814814 0.564747 0.00546781
1364 0.814814 0.563116 0.00556388
1365 0.814814 0.564353 0.00547178
1366 0.814814 0.562294 0.00576333
1367 0.814814 0.559351 0.00567534
1368 0.814814 0.567263 0.00601659
1369 0.814814 0.57449 0.00643682
1370 0.814814 0.573981 0.00493941
1371 0.814814 0.578073 0.00532472
1372 0.814814 0.57344 0.00514827
1373 0.814814 0.582739 0.0049202
1374 0.814814 0.578827 0.00623306
1375 0.814814 0.576279 0.00622113
1376 0.814814 0.568907 0.00562614
1377 0.814814 0.563984 0.00569801
1378 0.814814 0.571244 0.00591017
1379 0.814814 0.576446 0.00665329
1380 0.814814 0.575372 0.00553031
1381 0.814814 0.569243 0.00600321
1382 0.814814 0.567431 0.00609806
1383 0.814814 0.572176 0.00562391
1384 0.814814 0.572681 0.00548335
1385 0.814814 0.570084 0.00528287
1386 0.814814 0.581092 0.00613072
1387 0.814814 0.572011 0.00533723
1388 0.814814 0.579322 0.00568091
1389 0.814814 0.577556 0.00555681
1390 0.814814 0.577283 0.00497576
1391 0.814814 0.579072 0.00682535
1392 0.814814 0.575468 0.00589283
1393 0.814814 0.570073 0.00539497
1394 0.814814 0.575478 0.00604708
1395 0.814814 0.583226 0.00564353
1396 0.814814 0.58075 0.00640339
1397 0.814814 0.570321 0.00553631
1398 0.814814 0.586823 0.00657986
1399 0.814814 0.579105 0.00618812
1400 0.814814 0.571356 0.00544796
1401 0.814814 0.5753 0.00545829
1402 0.814814 0.57078 0.00616436
1403 0.814814 0.562202 0.00598835
1404 0.814814 0.570212 0.00604723
1405 0.814814 0.56619 0.00565825
1406 0.814814 0.572497 0.00681426
1407 0.814814 0.564518 0.00554595
1408 0.814814 0.565043 0.00574072
1409 0.814814 0.572343 0.00542879
1410 0.814814 0.568085 0.00646952
1411 0.814814 0.563229 0.00583243
1412 0.814814 0.56784 0.00539954
1413 0.814814 0.567872 0.0051581
1414 0.814814 0.565759 0.00583782
1415 0.814814 0.565572 0.00556611
1416 0.814814 0.569297 0.0055771
1417 0.814814 0.566905 0.00522107
1418 0.814814 0.563391 0.00692893
1419 0.814814 0.569321 0.00647331
1420 0.814814 0.569989 0.0054767
1421 0.814814 0.567528 0.00695766
1422 0.814814 0.559748 0.00631594
1423 0.814814 0.562847 0.00576896
1424 0.814814 0.566942 0.00603037
1425 0.814814 0.567093 0.00604579
1426 0.814814 0.573 0.00586807
1427 0.814814 0.563981 0.00546909
1428 0.814814 0.560876 0.00555223
1429 0.814814 0.563607 0.0057672
1430 0.814814 0.569227 0.0062015
1431 0.814814 0.572881 0.00637913
1432 0.814814 0.56317 0.00504014
1433 0.814814 0.56901 0.00589567
1434 0.814814 0.566851 0.00576901
1435 0.814814 0.561684 0.00532076
1436 0.814814 0.558508 0.0060341
1437 0.814814 0.561187 0.00602775
1438 0.814814 0.559398 0.00613708
1439 0.814814 0.564164 0.00602869
1440 0.814814 0.559891 0.00614727
1441 0.814814 0.568627 0.00513498
1442 0.814814 0.572548 0.00557202
1443 0.814814 0.566534 0.00528911
1444 0.814814 0.569305 0.00528847
1445 0.814814 0.57379 0.00580678
1446 0.814814 0.570798 0.00597932
1447 0.814814 0.569444 0.00598221
1448 0.814814 0.581351 0.00605596
1449 0.814814 0.575527 0.00546176
1450 0.814814 0.578493 0.00554454
1451 0.814814 0.578787 0.00593898
1452 0.814814 0.572761 0.00593954
1453 0.814814 0.563486 0.00587281
1454 0.814814 0.570489 0.0057991
1455 0.814814 0.569706 0.00590724
1456 0.814814 0.57124 0.00585757
1457 0.814814 0.555816 0.00561935
1458 0.814814 0.568689 0.00609037
1459 0.814814 0.5724 0.00598232
1460 0.814814 0.564808 0.00633928
1461 0.814814 0.572583 0.00620712
1462 0.814814 0.570893 0.00636517
1463 0.814814 0.569043 0.0063993
1464 0.814814 0.572556 0.00655778
1465 0.814814 0.565462 0.00588412
1466 0.814814 0.567765 0.00555115
1467 0.814814 0.564679 0.00658511
1468 0.814814 0.562355 0.00670548
1469 0.814814 0.568511 0.00733002
1470 0.814814 0.56671 0.00727395
1471 0.814814 0.563835 0.00677284
1472 0.814814 0.55577 0.00530321
1473 0.814814 0.56748 0.00540467
1474 0.814814 0.563436 0.00535523
1475 0.814814 0.569652 0.00562218
1476 0.814814 0.571631 0.00572349
1477 0.814814 0.57282 0.00576507
1478 0.814814 0.573409 0.00512538
1479 0.814814 0.563957 0.00542184
1480 0.814814 0.565697 0.00638719
1481 0.814814 0.562858 0.00542022
1482 0.814814 0.560062 0.00593454
1483 0.814814 0.565736 0.00628773
1484 0.814814 0.563252 0.00542976
1485 0.814814 0.56791 0.00536767
1486 0.814814 0.575408 0.00572625
1487 0.814814 0.575414 0.00574253
1488 0.814814 0.564811 0.00684253
1489 0.814814 0.565217 0.00629387
1490 0.814814 0.574969 0.00644379
1491 0.814814 0.562941 0.00599857
1492 0.814814 0.560302 0.00663014
1493 0.814814 0.556468 0.00590315
1494 0.814814 0.560318 0.00603859
1495 0.814814 0.568241 0.00617715
1496 0.814814 0.563683 0.00516333
1497 0.821857 0.568918 0.00570828
1498 0.821857 0.569316 0.0052987
1499 0.821857 0.559242 0.00558796
1500 0.821857 0.565271 0.00565187
1501 0.821857 0.567729 0.00505782
1502 0.821857 0.570217 0.00517112
1503 0.821857 0.572322 0.00663172
1504 0.821857 0.577998 0.00581683
1505 0.821857 0.56427 0.00603924
1506 0.821857 0.556922 0.00513345
1507 0.821857 0.566802 0.00607695
1508 0.821857 0.568571 0.00636786
1509 0.821857 0.564091 0.00639517
1510 0.821857 0.568669 0.00653966
1511 0.821857 0.566809 0.00633285
1512 0.821857 0.564927 0.00671252
1513 0.821857 0.565513 0.00614285
1514 0.821857 0.559231 0.00632027
1515 0.821857 0.560203 0.00603499
1516 0.821857 0.561232 0.00673542
1517 0.821857 0.567526 0.0064448
1518 0.821857 0.565171 0.00599406
1519 0.821857 0.562892 0.00604891
1520 0.821857 0.558679 0.00631004
1521 0.821857 0.565087 0.0061337
1522 0.821857 0.565624 0.00582412
1523 0.821857 0.563749 0.00530162
1524 0.821857 0.562935 0.00560205
1525 0.821857 0.565035 0.00589595
1526 0.821857 0.563267 0.00618371
1527 0.821857 0.557647 0.00587682
1528 0.821857 0.559114 0.00607082
1529 0.821857 0.557661 0.00619579
1530 0.821857 0.560476 0.00562741
1531 0.821857 0.569132 0.00598233
1532 0.821857 0.571685 0.00612546
1533 0.821857 0.571387 0.00615287
1534 0.821857 0.567954 0.00560477
1535 0.821857 0.564865 0.00526678
1536 0.821857 0.577479 0.00521255
1537 0.821857 0.574673 0.00535295
1538 0.821857 0.579068 0.00624704
1539 0.821857 0.573761 0.00618745
1540 0.821857 0.559217 0.00597096
1541 0.821857 0.573144 0.00582927
1542 0.821857 0.564172 0.00613071
1543 0.821857 0.564332 0.00696951
1544 0.821857 0.566026 0.00596564
1545 0.821857 0.565236 0.00537545
1546 0.821857 0.561663 0.00592865
1547 0.821857 0.555696 0.00564875
1548 0.821857 0.564839 0.00641035
1549 0.821857 0.561584 0.00576072
1550 0.821857 0.553182 0.00598664
1551 0.821857 0.5633 0.00723795
1552 0.821857 0.564768 0.00661449
1553 0.821857 0.565295 0.00639853
1554 0.821857 0.56829 0.00592799
1555 0.821857 0.569097 0.00624985
1556 0.821857 0.566316 0.00648551
1557 0.821857 0.564286 0.0055078
1558 0.821857 0.572914 0.00565752
1559 0.821857 0.574376 0.00600444
1560 0.821857 0.568913 0.00545492
1561 0.821857 0.569821 0.00631856
1562 0.821857 0.570374 0.00518663
1563 0.821857 0.568927 0.00629061
1564 0.821857 0.561452 0.00572561
1565 0.821857 0.570007 0.00627974
1566 0.821857 0.564599 0.00611341
1567 0.821857 0.565626 0.00579659
1568 0.821857 0.575482 0.00560473
1569 0.821857 0.573291 0.00514287
1570 0.821857 0.572694 0.0057772
1571 0.821857 0.570989 0.00523552
1572 0.821857 0.571641 0.00551591
1573 0.821857 0.564833 0.00544055
1574 0.821857 0.577992 0.00580463
1575 0.821857 0.560764 0.00583371
1576 0.821857 0.566543 0.00590864
1577 0.821857 0.568089 0.00518751
1578 0.821857 0.575615 0.00528447
1579 0.821857 0.577848 0.00493291
1580 0.821857 0.575972 0.00542394
1581 0.821857 0.561969 0.00491155
1582 0.821857 0.575018 0.00624963
1583 0.821857 0.566965 0.00574401
1584 0.821857 0.55662 0.00494295
1585 0.821857 0.568054 0.00611977
1586 0.821857 0.56429 0.00541013
1587 0.821857 0.568005 0.00498056
1588 0.821857 0.567156 0.0057738
1589 0.821857 0.563998 0.00611507
1590 0.821857 0.572071 0.00641767
1591 0.821857 0.569299 0.00638645
1592 0.821857 0.572059 0.00621365
1593 0.821857 0.568065 0.00675852
1594 0.821857 0.575094 0.00549172
1595 0.821857 0.571969 0.00560752
1596 0.821857 0.559817 0.00598044
1597 0.821857 0.551781 0.00628955
1598 0.821857 0.565109 0.0065442
1599 0.821857 0.566498 0.00761637
1600 0.821857 0.564887 0.00611188
1601 0.821857 0.576472 0.00587514
1602 0.821857 0.570217 0.00616045
1603 0.821857 0.572819 0.00650637
1604 0.821857 0.564275 0.00593519
1605 0.821857 0.566879 0.00562618
1606 0.821857 0.563015 0.00568562
1607 0.821857 0.574792 0.00559233
1608 0.821857 0.577836 0.00561723
1609 0.821857 0.57891 0.00544269
1610 0.821857 0.57253 0.00557916
1611 0.821857 0.570891 0.00668365
1612 0.821857 0.568076 0.00562461
1613 0.821857 0.571194 0.00536372
1614 0.821857 0.56964 0.00559324
1615 0.821857 0.575882 0.00578922
1616 0.821857 0.573363 0.00543475
1617 0.821857 0.57085 0.0059228
1618 0.821857 0.57 0.0060684
1619 0.821857 0.572635 0.00584766
1620 0.821857 0.565589 0.00579142
1621 0.821857 0.564289 0.00668113
1622 0.821857 0.561336 0.00649329
1623 0.821857 0.563015 0.005712
1624 0.821857 0.564552 0.00523071
1625 0.821857 0.571872 0.00704256
1626 0.821857 0.554602 0.00536274
1627 0.821857 0.553507 0.00629458
1628 0.821857 0.559653 0.00671409
1629 0.821857 0.552599 0.00669944
1630 0.821857 0.557394 0.00686241
1631 0.821857 0.562368 0.00625846
1632 0.821857 0.566784 0.0058858
1633 0.821857 0.55441 0.00617986
1634 0.821857 0.566352 0.00605222
1635 0.821857 0.560102 0.0057497
1636 0.821857 0.571764 0.00644647
1637 0.821857 0.567483 0.00614981
1638 0.821857 0.564104 0.00603048
1639 0.821857 0.572025 0.00600008
1640 0.821857 0.557828 0.00498566
1641 0.821857 0.563396 0.00565283
1642 0.821857 0.558824 0.00571642
1643 0.821857 0.571847 0.00563865
1644 0.821857 0.560163 0.00473563
1645 0.821857 0.562047 0.00546187
1646 0.821857 0.551186 0.00615867
1647 0.821857 0.565889 0.00622419
1648 0.821857 0.564496 0.0052422
1649 0.821857 0.565924 0.0056757
1650 0.821857 0.571954 0.00571304
1651 0.821857 0.55658 0.0058786
1652 0.821857 0.563731 0.00515832
1653 0.821857 0.56528 0.00541306
1654 0.821857 0.56584 0.00562792
1655 0.821857 0.559275 0.00611244
1656 0.821857 0.560965 0.00572263
1657 0.821857 0.569027 0.00625579
1658 0.821857 0.570259 0.00576241
1659 0.821857 0.548536 0.00537131
1660 0.821857 0.554212 0.00548309
1661 0.821857 0.559498 0.00626062
1662 0.821857 0.547051 0.00602049
1663 0.821857 0.546829 0.00590843
1664 0.821857 0.552167 0.0061397
1665 0.821857 0.556904 0.00534819
1666 0.821857 0.550792 0.00637514
1667 0.821857 0.560484 0.0066247
1668 0.821857 0.562831 0.00653713
1669 0.821857 0.557992 0.00569167
1670 0.821857 0.554757 0.00588924
1671 0.821857 0.557964 0.00551339
1672 0.821857 0.557219 0.00563742
1673 0.821857 0.559757 0.00637261
1674 0.821857 0.555759 0.00663914
1675 0.821857 0.555778 0.00681328
1676 0.821857 0.549755 0.00677525
1677 0.821857 0.555989 0.00693829
1678 0.821857 0.556657 0.00666215
1679 0.821857 0.556701 0.00643984
1680 0.821857 0.548564 0.0056131
1681 0.821857 0.553788 0.00545234
1682 0.821857 0.558359 0.00620575
1683 0.821857 0.555986 0.00588865
1684 0.821857 0.565172 0.00618288
1685 0.821857 0.560945 0.00625012
1686 0.821857 0.562284 0.00567686
1687 0.821857 0.572606 0.00670843
1688 0.821857 0.567494 0.0063777
1689 0.821857 0.565196 0.00594162
1690 0.821857 0.572941 0.00637621
1691 0.821857 0.569538 0.00515993
1692 0.821857 0.560138 0.00527169
1693 0.821857 0.569772 0.00585448
1694 0.821857 0.56939 0.00622319
1695 0.821857 0.556453 0.00611392
1696 0.821857 0.555971 0.00615236
1697 0.821857 0.552316 0.00617575
1698 0.821857 0.552452 0.00586251
1699 0.821857 0.553404 0.00584984
1700 0.821857 0.558678 0.0055533
1701 0.821857 0.56566 0.00553227
1702 0.821857 0.56723 0.00624319
1703 0.821857 0.568849 0.00588291
1704 0.821857 0.553065 0.00583764
1705 0.821857 0.555084 0.00652569
1706 0.821857 0.561164 0.00577052
1707 0.821857 0.565545 0.005837
1708 0.821857 0.570516 0.00567589
1709 0.821857 0.563926 0.00553467
1710 0.821857 0.566197 0.00550992
1711 0.821857 0.574763 0.00633847
1712 0.821857 0.57692 0.0059025
1713 0.821857 0.564404 0.00562958
1714 0.821857 0.561793 0.00535275
1715 0.821857 0.575416 0.00646666
1716 0.821857 0.575103 0.00659618
1717 0.821857 0.562271 0.00635129
1718 0.821857 0.560553 0.00593557
1719 0.821857 0.553396 0.00617514
1720 0.821857 0.555821 0.0060523
1721 0.821857 0.559435 0.00595237
1722 0.821857 0.55895 0.00631921
1723 0.821857 0.560814 0.00657627
1724 0.821857 0.566171 0.00641332
1725 0.821857 0.568684 0.0064225
1726 0.821857 0.556981 0.00575141
1727 0.821857 0.56624 0.00639485
1728 0.821857 0.57177 0.00594531
1729 0.821857 0.566929 0.00614948
1730 0.821857 0.568458 0.00654125
1731 0.821857 0.564862 0.00633882
1732 0.821857 0.562521 0.00609139
1733 0.821857 0.563117 0.00566369
1734 0.821857 0.569759 0.00514894
1735 0.821857 0.573222 0.00608912
1736 0.821857 0.576032 0.00641029
1737 0.821857 0.571517 0.00580891
1738 0.821857 0.575808 0.00608606
1739 0.821857 0.580508 0.00583771
1740 0.821857 0.572809 0.00586045
1741 0.821857 0.58066 0.00635446
1742 0.821857 0.575983 0.00606247
1743 0.821857 0.580842 0.00511273
1744 0.821857 0.564901 0.00569246
1745 0.821857 0.565794 0.00591907
1746 0.821857 0.574835 0.00505061
1747 0.821857 0.574091 0.00531824
1748 0.821857 0.57027 0.00546401
1749 0.821857 0.559768 0.00547623
1750 0.821857 0.567915 0.00633277
1751 0.821857 0.563459 0.00583604
1752 0.821857 0.567073 0.00618735
1753 0.821857 0.554262 0.00598274
1754 0.821857 0.572896 0.00761681
1755 0.821857 0.563681 0.00580508
1756 0.821857 0.569262 0.0061151
1757 0.821857 0.564642 0.00547301
1758 0.821857 0.561027 0.00550894
1759 0.821857 0.5649 0.0055829
1760 0.821857 0.576153 0.00666436
1761 0.821857 0.565395 0.00567228
1762 0.821857 0.571991 0.0052261
1763 0.821857 0.573531 0.00618155
1764 0.821857 0.572068 0.00557877
1765 0.821857 0.564434 0.00526145
1766 0.821857 0.576869 0.00558234
1767 0.821857 0.575882 0.00627957
1768 0.821857 0.570513 0.00610725
1769 0.821857 0.57026 0.00587614
1770 0.821857 0.570098 0.00545975
1771 0.821857 0.568466 0.00629797
1772 0.821857 0.56014 0.00577478
1773 0.821857 0.563556 0.00571233
1774 0.821857 0.565945 0.00640277
1775 0.821857 0.568151 0.00600442
1776 0.821857 0.573862 0.00650248
1777 0.821857 0.56445 0.00573373
1778 0.821857 0.56449 0.00582143
1779 0.821857 0.559399 0.00693984
1780 0.821857 0.557692 0.00575374
1781 0.821857 0.561037 0.00612741
1782 0.821857 0.555783 0.00589696
1783 0.821857 0.565234 0.0059865
1784 0.821857 0.557251 0.00631508
1785 0.821857 0.566144 0.0075505
1786 0.821857 0.557209 0.00544656
1787 0.821857 0.555867 0.00553821
1788 0.821857 0.560834 0.00605251
1789 0.821857 0.567173 0.00631382
1790 0.821857 0.560406 0.00597809
1791 0.821857 0.565032 0.00497115
1792 0.821857 0.564626 0.00610335
1793 0.821857 0.557807 0.00531631
1794 0.821857 0.566403 0.00702032
1795 0.821857 0.567278 0.00648832
1796 0.821857 0.568358 0.0062043
1797 0.821857 0.563227 0.0058775
1798 0.821857 0.570718 0.00657917
1799 0.821857 0.575772 0.00522275
1800 0.821857 0.586067 0.00591505
1801 0.821857 0.568393 0.00547447
1802 0.821857 0.576733 0.0059548
1803 0.821857 0.568129 0.00567937
1804 0.821857 0.570117 0.00606856
1805 0.821857 0.575681 0.00555611
1806 0.821857 0.584297 0.00479807
1807 0.821857 0.577192 0.00650597
1808 0.821857 0.563136 0.00586077
1809 0.821857 0.563662 0.00590369
1810 0.821857 0.566009 0.00493925
1811 0.821857 0.564849 0.00554683
1812 0.821857 0.564009 0.00590899
1813 0.821857 0.571577 0.00533342
1814 0.821857 0.565978 0.00546978
1815 0.821857 0.567701 0.00534139
1816 0.821857 0.565938 0.00526646
1817 0.821857 0.568636 0.00565949
1818 0.821857 0.562518 0.00509451
1819 0.821857 0.560369 0.00639958
1820 0.821857 0.568398 0.00650935
1821 0.821857 0.567568 0.0052754
1822 0.821857 0.573912 0.00646876
1823 0.821857 0.572012 0.00530479
1824 0.821857 0.569425 0.00517578
1825 0.821857 0.563595 0.00524069
1826 0.821857 0.568899 0.00556218
1827 0.821857 0.565886 0.00556996
1828 0.821857 0.561944 0.00517936
1829 0.821857 0.562678 0.00570053
1830 0.821857 0.562062 0.00605202
1831 0.821857 0.565628 0.00629467
1832 0.821857 0.566126 0.00607485
1833 0.821857 0.568331 0.00617119
1834 0.821857 0.563743 0.00561564
1835 0.821857 0.571607 0.00624203
1836 0.821857 0.559788 0.00570506
1837 0.821857 0.565701 0.00568467
1838 0.821857 0.566655 0.00603705
1839 0.821857 0.568464 0.00568276
1840 0.821857 0.574342 0.00595692
1841 0.821857 0.57766 0.00563518
1842 0.821857 0.574111 0.00626182
1843 0.821857 0.569744 0.00609032
1844 0.821857 0.567881 0.0056965
1845 0.821857 0.560067 0.00589799
1846 0.821857 0.567957 0.00598965
1847 0.821857 0.582664 0.0063724
1848 0.821857 0.578196 0.00564338
1849 0.821857 0.580231 0.00580327
1850 0.821857 0.575799 0.00643476
1851 0.821857 0.566775 0.00616451
1852 0.821857 0.569411 0.00559344
1853 0.821857 0.574771 0.00569854
1854 0.821857 0.579909 0.00593018
1855 0.821857 0.581082 0.0056106
1856 0.821857 0.570606 0.00520675
1857 0.821857 0.577057 0.00538671
1858 0.821857 0.573788 0.00572126
1859 0.821857 0.573849 0.00507132
1860 0.821857 0.574722 0.00582368
1861 0.821857 0.576342 0.00559209
1862 0.821857 0.574169 0.00572621
1863 0.821857 0.576392 0.00566059
1864 0.821857 0.575639 0.00633662
1865 0.821857 0.575644 0.00545493
1866 0.821857 0.570158 0.00622932
1867 0.821857 0.56641 0.00616216
1868 0.821857 0.568031 0.0055258
1869 0.821857 0.576339 0.00633014
1870 0.821857 0.576447 0.00557016
1871 0.821857 0.563085 0.00602602
1872 0.821857 0.567351 0.00629497
1873 0.821857 0.56347 0.00579022
1874 0.821857 0.568342 0.00524365
1875 0.821857 0.572638 0.00562435
1876 0.821857 0.580463 0.00616976
1877 0.821857 0.582143 0.00625012
1878 0.821857 0.577377 0.00614805
1879 0.821857 0.578476 0.00692479
1880 0.821857 0.560055 0.00522447
1881 0.821857 0.572635 0.00588515
1882 0.821857 0.572601 0.00610891
1883 0.821857 0.573676 0.00537048
1884 0.821857 0.570858 0.00580629
1885 0.821857 0.567593 0.00583025
1886 0.821857 0.574085 0.00507403
1887 0.821857 0.56852 0.00584671
1888 0.821857 0.571889 0.00575183
1889 0.821857 0.572806 0.00503221
1890 0.821857 0.565973 0.00548392
1891 0.821857 0.573578 0.00579371
1892 0.821857 0.558561 0.00549881
1893 0.821857 0.571143 0.00602723
1894 0.821857 0.572542 0.00633406
1895 0.821857 0.575053 0.00574158
1896 0.821857 0.574006 0.00622071
1897 0.821857 0.566744 0.0058838
1898 0.821857 0.568438 0.00598844
1899 0.821857 0.571419 0.00541141
1900 0.821857 0.562593 0.00633305
1901 0.821857 0.56307 0.00592621
1902 0.821857 0.567684 0.00640759
1903 0.821857 0.568304 0.0067186
1904 0.821857 0.567741 0.00606577
1905 0.821857 0.566107 0.00570563
1906 0.821857 0.572178 0.00581378
1907 0.821857 0.562833 0.00559635
1908 0.821857 0.566746 0.0064388
1909 0.821857 0.567915 0.00604614
1910 0.821857 0.571437 0.00609493
1911 0.821857 0.569728 0.00582536
1912 0.821857 0.581124 0.0065334
1913 0.821857 0.568737 0.0056996
1914 0.821857 0.566839 0.00642612
1915 0.821857 0.566874 0.00517639
1916 0.821857 0.5701 0.00580124
1917 0.821857 0.568689 0.0060029
1918 0.821857 0.571929 0.0055551
1919 0.821857 0.578169 0.00524848
1920 0.821857 0.580977 0.00503808
1921 0.821857 0.584407 0.00561998
1922 0.821857 0.58152 0.00555566
1923 0.821857 0.584523 0.00482498
1924 0.821857 0.578625 0.00611939
1925 0.821857 0.583934 0.00556166
1926 0.821857 0.575033 0.0050611
1927 0.821857 0.579032 0.00579247
1928 0.821857 0.582768 0.00581688
1929 0.821857 0.576986 0.00530437
1930 0.821857 0.575455 0.00539778
1931 0.821857 0.565118 0.00577848
1932 0.821857 0.569416 0.0060241
1933 0.821857 0.575624 0.00606998
1934 0.821857 0.57651 0.00605137
1935 0.821857 0.572537 0.00604139
1936 0.821857 0.577784 0.00653606
1937 0.821857 0.571509 0.00587787
1938 0.821857 0.563245 0.00592446
1939 0.821857 0.577171 0.0066237
1940 0.821857 0.563889 0.00560733
1941 0.821857 0.564493 0.00689648
1942 0.821857 0.567384 0.00664418
1943 0.821857 0.572068 0.00654099
1944 0.821857 0.561729 0.00588973
1945 0.821857 0.561968 0.00665143
1946 0.821857 0.566439 0.00603174
1947 0.821857 0.560726 0.00641355
1948 0.821857 0.570294 0.00601214
1949 0.821857 0.56586 0.00597895
1950 0.821857 0.566385 0.00571792
1951 0.821857 0.564506 0.00621134
1952 0.821857 0.584917 0.00678852
1953 0.821857 0.575888 0.00563562
1954 0.821857 0.573952 0.00519993
1955 0.821857 0.581781 0.00572723
1956 0.821857 0.576857 0.00565146
1957 0.821857 0.576343 0.00519621
1958 0.821857 0.574486 0.00589781
1959 0.821857 0.57121 0.00570451
1960 0.821857 0.569841 0.00594234
1961 0.821857 0.57253 0.00577049
1962 0.821857 0.574461 0.00507323
1963 0.821857 0.566928 0.00602881
1964 0.821857 0.578074 0.00635073
1965 0.821857 0.583213 0.00556186
1966 0.821857 0.578354 0.00570729
1967 0.821857 0.571447 0.00554872
1968 0.821857 0.577203 0.00585779
1969 0.821857 0.578979 0.00673685
1970 0.821857 0.571912 0.00695865
1971 0.821857 0.575756 0.00629513
1972 0.821857 0.570082 0.00607218
1973 0.821857 0.568585 0.00569037
1974 0.821857 0.570979 0.00571179
1975 0.821857 0.577675 0.00566321
1976 0.821857 0.573352 0.00630472
1977 0.821857 0.580669 0.00633821
1978 0.821857 0.572441 0.00647865
1979 0.821857 0.573531 0.00577264
1980 0.821857 0.579808 0.00626641
1981 0.821857 0.579466 0.00714013
1982 0.821857 0.559852 0.00636989
1983 0.821857 0.56632 0.00726665
1984 0.821857 0.564058 0.00619111
1985 0.821857 0.567552 0.00560129
1986 0.821857 0.570597 0.00693637
1987 0.821857 0.564902 0.00674052
1988 0.821857 0.566898 0.00588932
1989 0.821857 0.562892 0.00617997
1990 0.821857 0.568551 0.00620975
1991 0.821857 0.569377 0.00555646
1992 0.821857 0.567403 0.00553097
1993 0.821857 0.577579 0.00628992
1994 0.821857 0.585174 0.00546122
1995 0.821857 0.575858 0.00649678
1996 0.821857 0.565134 0.0062
1997 0.821857 0.572005 0.00589159
1998 0.821857 0.567634 0.00595209
1999 0.821857 0.566807 0.00634028
2000 0.821857 0.57259 0.00654085
