0 0.524417 0.498163 0.000108882
1 0.536313 0.499437 0.000157581
2 0.536313 0.497166 0.000411364
3 0.536313 0.499723 0.000169836
4 0.542865 0.501389 0.000143425
5 0.542865 0.500006 0.000184814
6 0.553494 0.501087 0.000197076
7 0.555026 0.501522 0.000205426
8 0.555026 0.501249 0.000239912
9 0.564774 0.500806 0.000249546
10 0.564774 0.503198 0.000279006
11 0.595634 0.502299 0.000346077
12 0.595634 0.501736 0.000372488
13 0.595634 0.501813 0.000301833
14 0.595634 0.502927 0.000412731
15 0.595634 0.504513 0.00052975
16 0.595634 0.505142 0.000556091
17 0.595634 0.504454 0.000562484
18 0.595634 0.502504 0.000445516
19 0.600738 0.504982 0.000518923
20 0.600738 0.503176 0.000492025
21 0.600738 0.504494 0.00048199
22 0.600738 0.505041 0.000608509
23 0.600738 0.502027 0.000517887
24 0.600738 0.504558 0.000519483
25 0.600738 0.502679 0.000442338
26 0.600738 0.503471 0.000500971
27 0.600738 0.503931 0.000580442
28 0.600738 0.504626 0.000528072
29 0.600738 0.50531 0.000519965
30 0.600738 0.504415 0.000601063
31 0.600738 0.501629 0.000487656
32 0.600738 0.502166 0.000514434
33 0.600738 0.502243 0.000544216
34 0.600738 0.504111 0.000615198
35 0.600738 0.503736 0.000560223
36 0.600738 0.504922 0.000537449
37 0.600738 0.50577 0.00051123
38 0.600738 0.505644 0.000655918
39 0.600738 0.50276 0.000530133
40 0.600738 0.503764 0.000572632
41 0.600738 0.504423 0.0005693
42 0.600738 0.505105 0.000491177
43 0.600738 0.503605 0.000591581
44 0.600738 0.506008 0.000534461
45 0.600738 0.503462 0.000534344
46 0.600738 0.505505 0.000542848
47 0.600738 0.505885 0.000682774
48 0.600738 0.503976 0.000592595
49 0.600738 0.50373 0.000570978
50 0.600738 0.505109 0.000619302
51 0.617501 0.506335 0.000685709
52 0.617501 0.506059 0.000767325
53 0.617501 0.505061 0.000921949
54 0.617501 0.505944 0.000841307
55 0.617501 0.505249 0.000763908
56 0.617501 0.506628 0.000811056
57 0.617501 0.502585 0.00076658
58 0.617615 0.512017 0.00101314
59 0.617615 0.506487 0.000704808
60 0.617615 0.508104 0.000805074
61 0.617615 0.507057 0.000834459
62 0.617615 0.507323 0.00078411
63 0.617615 0.508855 0.00073117
64 0.617615 0.512078 0.000913836
65 0.617615 0.51009 0.000845502
66 0.617615 0.510428 0.000830433
67 0.617615 0.50803 0.0008601
68 0.617615 0.508509 0.000869284
69 0.617615 0.509623 0.00101328
70 0.617615 0.514457 0.000973537
71 0.617615 0.509079 0.000830886
72 0.617615 0.508182 0.000860805
73 0.617615 0.51029 0.000893224
74 0.617615 0.509603 0.000894293
75 0.617615 0.51019 0.000925463
76 0.617615 0.512256 0.00106177
77 0.617615 0.51133 0.000788257
78 0.621322 0.514105 0.00103139
79 0.621322 0.512415 0.00107908
80 0.621322 0.512357 0.000991531
81 0.621322 0.509534 0.000935425
82 0.621322 0.514181 0.00105854
83 0.621322 0.513314 0.00100119
84 0.621322 0.512069 0.000900756
85 0.621322 0.509068 0.000984933
86 0.621322 0.511547 0.000953941
87 0.621322 0.509909 0.000918595
88 0.621322 0.512615 0.000938871
89 0.621322 0.513953 0.00107134
90 0.621322 0.511703 0.00124069
91 0.621322 0.511879 0.00109351
92 0.621322 0.511122 0.000900832
93 0.621322 0.513223 0.00115598
94 0.621322 0.512094 0.000928967
95 0.621322 0.5148 0.00104403
96 0.621322 0.516081 0.00117841
97 0.621322 0.512851 0.000953564
98 0.621322 0.513688 0.00123129
99 0.621322 0.514529 0.00103331
100 0.621322 0.514833 0.0011596
101 0.621322 0.514688 0.0012133
102 0.621322 0.514896 0.00114052
103 0.621322 0.515442 0.00128758
104 0.632565 0.521815 0.00125572
105 0.632565 0.518482 0.00102333
106 0.632565 0.515777 0.00121924
107 0.632565 0.516414 0.00100752
108 0.632565 0.519891 0.00106901
109 0.632565 0.52208 0.0012154
110 0.632565 0.520786 0.00122371
111 0.632565 0.522926 0.00109081
112 0.632565 0.519634 0.00112155
113 0.632565 0.515527 0.00116347
114 0.632565 0.523152 0.00140075
115 0.632565 0.514821 0.00115156
116 0.632565 0.517677 0.00110098
117 0.632565 0.521624 0.00112118
118 0.632565 0.519442 0.0013285
119 0.632565 0.52136 0.0011071
120 0.632565 0.519731 0.00108265
121 0.632565 0.518947 0.00142802
122 0.632565 0.518195 0.00130902
123 0.632565 0.519954 0.00129524
124 0.632565 0.518447 0.00126789
125 0.636539 0.519679 0.00126975
126 0.636539 0.520933 0.00126701
127 0.64254 0.521123 0.001466
128 0.64254 0.520221 0.00112134
129 0.64254 0.52086 0.001253
130 0.64254 0.519852 0.00143859
131 0.64254 0.522002 0.0014124
132 0.64254 0.521102 0.00158234
133 0.64254 0.526129 0.00166247
134 0.64254 0.523088 0.00125636
135 0.64254 0.521378 0.00141452
136 0.64254 0.517553 0.0011842
137 0.64254 0.52097 0.00149443
138 0.64254 0.521729 0.00145419
139 0.64254 0.515729 0.00159036
140 0.64254 0.514959 0.0013355
141 0.64254 0.51763 0.00137114
142 0.64254 0.513101 0.00148756
143 0.64254 0.515156 0.00134135
144 0.64254 0.518047 0.00120121
145 0.64254 0.516787 0.00126216
146 0.64254 0.516289 0.00127043
147 0.64254 0.516365 0.00127032
148 0.64254 0.512345 0.00151128
149 0.64254 0.515409 0.001452
150 0.64254 0.520763 0.00146044
151 0.64254 0.519891 0.00130843
152 0.64254 0.514098 0.00148232
153 0.64254 0.518055 0.00119431
154 0.64254 0.521392 0.00143507
155 0.64254 0.51588 0.00138429
156 0.64254 0.519434 0.00139919
157 0.64254 0.524603 0.00161719
158 0.64254 0.51686 0.00162278
159 0.64254 0.523704 0.00156651
160 0.64254 0.522695 0.00168172
161 0.64254 0.523098 0.00175774
162 0.64254 0.520781 0.00147369
163 0.64254 0.520286 0.00137923
164 0.64254 0.521087 0.00151182
165 0.64254 0.522468 0.00143175
166 0.64254 0.517956 0.0013732
167 0.64254 0.519657 0.00147755
168 0.64254 0.523617 0.00150512
169 0.658933 0.524394 0.00159759
170 0.658933 0.522013 0.0014895
171 0.658933 0.521149 0.0017916
172 0.658933 0.523456 0.00166477
173 0.658933 0.521118 0.00172833
174 0.658933 0.524836 0.00182016
175 0.658933 0.526643 0.00177041
176 0.658933 0.529696 0.00167154
177 0.658933 0.524554 0.00173611
178 0.658933 0.520287 0.00172349
179 0.658933 0.520192 0.00158838
180 0.658933 0.52185 0.00157872
181 0.658933 0.526638 0.00166114
182 0.658933 0.517446 0.00165562
183 0.658933 0.524399 0.00192285
184 0.658933 0.524493 0.00208879
185 0.658933 0.52558 0.00197585
186 0.658933 0.52729 0.00222304
187 0.666427 0.526846 0.00239514
188 0.666427 0.524391 0.00205163
189 0.666427 0.525739 0.00219781
190 0.666427 0.526915 0.00222828
191 0.666427 0.530222 0.00212295
192 0.666427 0.52297 0.00271392
193 0.666427 0.524751 0.00219289
194 0.666427 0.52193 0.00244618
195 0.666427 0.522341 0.00231776
196 0.666427 0.527524 0.00214538
197 0.666427 0.526497 0.00196322
198 0.666427 0.528429 0.00225586
199 0.666427 0.531023 0.00201729
200 0.666427 0.531781 0.00189815
201 0.666427 0.531775 0.00239628
202 0.666427 0.532804 0.00202033
203 0.666427 0.521133 0.00197814
204 0.666427 0.520587 0.00230502
205 0.666427 0.522357 0.00177784
206 0.666427 0.521964 0.00242638
207 0.666427 0.524073 0.00218875
208 0.666427 0.525667 0.00219753
209 0.666427 0.529978 0.00231137
210 0.666427 0.525863 0.00218351
211 0.682938 0.530405 0.00249804
212 0.682938 0.525144 0.00214484
213 0.682938 0.525913 0.00219305
214 0.682938 0.53142 0.00245425
215 0.682938 0.525848 0.0023554
216 0.682938 0.530124 0.00248068
217 0.682938 0.525009 0.00248018
218 0.682938 0.527923 0.00211571
219 0.682938 0.52227 0.00235068
220 0.682938 0.521057 0.0026316
221 0.682938 0.527719 0.00250258
222 0.682938 0.523392 0.00262358
223 0.682938 0.522378 0.00221232
224 0.682938 0.527993 0.00242835
225 0.682938 0.528428 0.00240584
226 0.682938 0.5237 0.00292296
227 0.682938 0.523185 0.00273472
228 0.682938 0.52606 0.00264502
229 0.682938 0.521167 0.00244387
230 0.682938 0.523795 0.0023224
231 0.682938 0.521062 0.00264758
232 0.682938 0.530561 0.0024321
233 0.682938 0.522843 0.00243755
234 0.682938 0.526767 0.00250562
235 0.682938 0.521837 0.00273427
236 0.682938 0.526837 0.00264071
237 0.682938 0.52441 0.00219857
238 0.682938 0.533379 0.00276919
239 0.682938 0.528396 0.00254127
240 0.682938 0.528459 0.0024399
241 0.682938 0.529582 0.00303862
242 0.682938 0.531839 0.00291121
243 0.682938 0.527992 0.0027542
244 0.682938 0.522117 0.00302159
245 0.682938 0.526097 0.00267593
246 0.682938 0.52792 0.00222013
247 0.682938 0.533641 0.0025632
248 0.682938 0.535951 0.00267639
249 0.682938 0.530564 0.00243291
250 0.682938 0.523139 0.00265278
251 0.682938 0.533439 0.00287243
252 0.682938 0.536464 0.00271393
253 0.682938 0.528202 0.00267344
254 0.682938 0.531924 0.00230514
255 0.682938 0.531631 0.0023357
256 0.682938 0.534794 0.00246819
257 0.682938 0.533225 0.00272137
258 0.682938 0.536719 0.00244585
259 0.687774 0.540312 0.00266136
260 0.687774 0.532218 0.00282712
261 0.687774 0.542023 0.0024637
262 0.687774 0.536003 0.00295303
263 0.687774 0.536525 0.00251845
264 0.687774 0.542444 0.00320439
265 0.687774 0.537785 0.00296119
266 0.687774 0.541577 0.00276225
267 0.687774 0.536584 0.00259924
268 0.687774 0.532298 0.00273541
269 0.691447 0.537934 0.00269741
270 0.691447 0.536971 0.00246408
271 0.691447 0.537468 0.00265172
272 0.691447 0.536964 0.00275586
273 0.692304 0.536544 0.00266429
274 0.692304 0.534529 0.00255451
275 0.692304 0.544569 0.00283998
276 0.692304 0.539385 0.00287834
277 0.692304 0.534019 0.00285117
278 0.692304 0.541001 0.00290237
279 0.692304 0.545058 0.00247331
280 0.692304 0.53884 0.00286039
281 0.692304 0.537266 0.00288917
282 0.692304 0.543447 0.00296626
283 0.692304 0.532866 0.00268581
284 0.692304 0.538313 0.00317067
285 0.706993 0.546139 0.00337572
286 0.706993 0.538543 0.00295261
287 0.706993 0.53434 0.00293588
288 0.706993 0.532875 0.00317231
289 0.706993 0.531704 0.00287911
290 0.706993 0.533676 0.00298368
291 0.706993 0.527233 0.00290655
292 0.706993 0.532598 0.00285731
293 0.706993 0.530481 0.00319754
294 0.706993 0.530332 0.00286472
295 0.706993 0.532335 0.00304899
296 0.706993 0.529259 0.00286242
297 0.706993 0.539759 0.00319734
298 0.706993 0.535855 0.00286216
299 0.706993 0.535876 0.00296126
300 0.706993 0.540354 0.00309627
301 0.706993 0.544856 0.00277148
302 0.706993 0.535579 0.00303259
303 0.706993 0.53509 0.00302578
304 0.706993 0.533818 0.00276677
305 0.706993 0.539901 0.00256532
306 0.706993 0.540748 0.00310403
307 0.706993 0.535748 0.00278425
308 0.706993 0.536072 0.00296367
309 0.706993 0.539266 0.00350042
310 0.706993 0.540452 0.00305581
311 0.706993 0.539025 0.00296457
312 0.706993 0.53217 0.00268873
313 0.706993 0.533817 0.00296164
314 0.706993 0.533663 0.00283829
315 0.706993 0.536493 0.00281614
316 0.706993 0.537976 0.00297339
317 0.706993 0.53026 0.00297784
318 0.706993 0.538142 0.00375629
319 0.706993 0.540772 0.00315982
320 0.706993 0.537082 0.00280123
321 0.706993 0.538345 0.00309716
322 0.706993 0.53389 0.00321243
323 0.706993 0.545542 0.00298555
324 0.706993 0.532794 0.00288567
325 0.706993 0.533496 0.0031343
326 0.706993 0.531795 0.00329111
327 0.706993 0.544498 0.0032387
328 0.706993 0.538014 0.00330903
329 0.706993 0.540032 0.00302594
330 0.706993 0.541685 0.00298675
331 0.706993 0.538972 0.00295111
332 0.706993 0.535562 0.00336616
333 0.706993 0.526755 0.00285772
334 0.706993 0.527223 0.00331977
335 0.706993 0.531435 0.00312053
336 0.706993 0.531114 0.00302844
337 0.706993 0.539771 0.00284237
338 0.706993 0.537295 0.00314745
339 0.706993 0.536366 0.00337577
340 0.706993 0.538102 0.00329348
341 0.706993 0.536515 0.00294084
342 0.706993 0.529327 0.002821
343 0.706993 0.535179 0.0033582
344 0.706993 0.533613 0.00275476
345 0.707743 0.52884 0.00326841
346 0.707743 0.531665 0.00275159
347 0.707743 0.536341 0.00307831
348 0.707743 0.534096 0.00337241
349 0.707743 0.530565 0.00296684
350 0.707743 0.535702 0.0031599
351 0.707743 0.53297 0.00312526
352 0.707743 0.530297 0.00334394
353 0.707743 0.539428 0.00310578
354 0.707743 0.53435 0.00337449
355 0.707743 0.536973 0.00366813
356 0.707743 0.540228 0.00355052
357 0.707743 0.53287 0.00310811
358 0.707743 0.529754 0.00301089
359 0.707743 0.529855 0.00296871
360 0.707743 0.53315 0.00312594
361 0.707743 0.529202 0.00330564
362 0.707743 0.533532 0.00310642
363 0.707743 0.538464 0.00299337
364 0.707743 0.539914 0.00264502
365 0.707743 0.531861 0.00244033
366 0.707743 0.533354 0.00275459
367 0.707743 0.528701 0.0026726
368 0.707743 0.540646 0.00255703
369 0.707743 0.538665 0.00308385
370 0.707743 0.536843 0.00266296
371 0.707743 0.532961 0.00289451
372 0.707743 0.537991 0.00298501
373 0.707743 0.544127 0.002777
374 0.707743 0.535974 0.00327503
375 0.707743 0.535657 0.0029558
376 0.707743 0.53566 0.00346388
377 0.707743 0.536368 0.00325703
378 0.707743 0.535261 0.00321136
379 0.707743 0.531815 0.00376858
380 0.707743 0.536651 0.00338801
381 0.707743 0.533096 0.00339883
382 0.707743 0.536674 0.00273113
383 0.707743 0.531612 0.00328441
384 0.707743 0.53312 0.00305488
385 0.707743 0.534067 0.00256296
386 0.707743 0.534759 0.00277775
387 0.707743 0.532407 0.00281478
388 0.707743 0.536819 0.0030956
389 0.707743 0.533918 0.0031025
390 0.707743 0.54138 0.00299622
391 0.707743 0.53519 0.00273561
392 0.707743 0.534638 0.00305513
393 0.707743 0.541265 0.00302508
394 0.707743 0.536722 0.003174
395 0.707743 0.541146 0.00291492
396 0.707743 0.53412 0.00237732
397 0.707743 0.542256 0.0028211
398 0.707743 0.539395 0.00308186
399 0.707743 0.535303 0.00293429
400 0.707743 0.536465 0.00291605
401 0.707743 0.538393 0.00307449
402 0.707743 0.533835 0.00302814
403 0.707743 0.536888 0.00338982
404 0.707743 0.538076 0.00347364
405 0.707743 0.543089 0.00318818
406 0.707743 0.536605 0.00294659
407 0.707743 0.526668 0.00261857
408 0.707743 0.530473 0.00293906
409 0.707743 0.536838 0.00288303
410 0.707743 0.543785 0.00290997
411 0.707743 0.537492 0.00296464
412 0.707743 0.547482 0.0028275
413 0.707743 0.540937 0.00277915
414 0.707743 0.537484 0.00275839
415 0.707743 0.536598 0.00291159
416 0.707743 0.545544 0.00310066
417 0.707743 0.539832 0.00349494
418 0.707743 0.5352 0.00286282
419 0.707743 0.526409 0.00313684
420 0.707743 0.535214 0.00296594
421 0.707743 0.534565 0.00340655
422 0.707743 0.540143 0.00311055
423 0.707743 0.533931 0.00248018
424 0.707743 0.528681 0.00312272
425 0.707743 0.530268 0.00236382
426 0.707743 0.531007 0.0032886
427 0.707743 0.527994 0.00265738
428 0.707743 0.534402 0.00333023
429 0.707743 0.533583 0.00266943
430 0.707743 0.534646 0.00257999
431 0.707743 0.522247 0.00270322
432 0.707743 0.530545 0.00314786
433 0.707743 0.531184 0.00294809
434 0.707743 0.529048 0.00296199
435 0.707743 0.535338 0.00330057
436 0.707743 0.527603 0.00313317
437 0.707743 0.536032 0.00295882
438 0.707743 0.536756 0.00328929
439 0.707743 0.540449 0.00301928
440 0.707743 0.541034 0.00304051
441 0.707743 0.533119 0.00312223
442 0.707743 0.536738 0.0027799
443 0.707743 0.536267 0.00279518
444 0.707743 0.541964 0.00301724
445 0.707743 0.535544 0.00290754
446 0.707743 0.533405 0.00268833
447 0.707743 0.537934 0.00324061
448 0.707743 0.545085 0.00349294
449 0.707743 0.546782 0.00333795
450 0.707743 0.538643 0.00287106
451 0.707743 0.538684 0.00304269
452 0.707743 0.530451 0.00279848
453 0.707743 0.532447 0.00311696
454 0.707743 0.529304 0.00271346
455 0.707743 0.524285 0.00271823
456 0.707743 0.533683 0.0031418
457 0.707743 0.529349 0.0029023
458 0.707743 0.535521 0.00340152
459 0.707743 0.527018 0.00326691
460 0.707743 0.530843 0.00316722
461 0.707743 0.527616 0.00331657
462 0.707743 0.52772 0.00296912
463 0.707743 0.532389 0.00320485
464 0.707743 0.529826 0.002921
465 0.707743 0.534683 0.00345234
466 0.707743 0.527105 0.00323469
467 0.707743 0.537218 0.00301886
468 0.707743 0.541729 0.0031004
469 0.707743 0.536915 0.00332853
470 0.707743 0.537264 0.00307064
471 0.707743 0.531149 0.00296175
472 0.707743 0.532152 0.00285515
473 0.707743 0.538932 0.0030172
474 0.707743 0.535927 0.00297009
475 0.707743 0.533389 0.0026642
476 0.707743 0.527429 0.00283197
477 0.707743 0.533214 0.00320174
478 0.707743 0.532773 0.00302225
479 0.707743 0.53027 0.00293882
480 0.707743 0.530705 0.0031141
481 0.707743 0.543559 0.00266191
482 0.707743 0.538974 0.00266993
483 0.707743 0.539753 0.00301363
484 0.707743 0.53718 0.00281847
485 0.707743 0.534278 0.00290072
486 0.707743 0.53863 0.00307245
487 0.707743 0.533321 0.00342097
488 0.707743 0.535127 0.00275967
489 0.707743 0.527525 0.00306073
490 0.707743 0.527488 0.00280586
491 0.707743 0.539842 0.00290395
492 0.707743 0.53442 0.00348581
493 0.707743 0.533815 0.00326157
494 0.707743 0.5294 0.0030618
495 0.707743 0.528573 0.00349623
496 0.707743 0.536795 0.00275213
497 0.707743 0.536825 0.0031573
498 0.707743 0.53652 0.0031343
499 0.707743 0.536322 0.00265342
500 0.707743 0.535466 0.00304378
501 0.707743 0.535873 0.00324711
502 0.707743 0.528663 0.00321435
503 0.707743 0.535109 0.0029064
504 0.707743 0.525437 0.00321662
505 0.707743 0.531274 0.00342577
506 0.707743 0.538023 0.00279923
507 0.707743 0.541253 0.00288728
508 0.707743 0.529231 0.00294599
509 0.707743 0.538828 0.00303833
510 0.707743 0.530118 0.0032736
511 0.707743 0.535996 0.00332137
512 0.729725 0.540495 0.00300362
513 0.729725 0.531012 0.00318402
514 0.729725 0.527872 0.00310607
515 0.729725 0.543109 0.00301842
516 0.729725 0.538861 0.00370369
517 0.729725 0.543384 0.00313536
518 0.729725 0.533887 0.00351097
519 0.729725 0.540285 0.00342791
520 0.729725 0.541573 0.00326436
521 0.729725 0.535731 0.00314136
522 0.729725 0.538345 0.00293054
523 0.729725 0.538675 0.00310931
524 0.729725 0.542292 0.00335106
525 0.729725 0.540631 0.00308683
526 0.729725 0.541139 0.00327231
527 0.729725 0.545646 0.003043
528 0.729725 0.541355 0.00325234
529 0.729725 0.541776 0.00281478
530 0.729725 0.536314 0.00318189
531 0.729725 0.539153 0.00289259
532 0.729725 0.533581 0.00351354
533 0.729725 0.532442 0.00303199
534 0.729725 0.532169 0.00321281
535 0.729725 0.535312 0.00321939
536 0.729725 0.537565 0.00341025
537 0.729725 0.542476 0.002881
538 0.729725 0.547249 0.00339021
539 0.729725 0.540671 0.00314929
540 0.729725 0.541118 0.00349119
541 0.729725 0.541629 0.00316371
542 0.729725 0.544767 0.00328966
543 0.729725 0.545514 0.00311285
544 0.729725 0.543329 0.00262833
545 0.729725 0.539949 0.00383319
546 0.729725 0.537295 0.00313757
547 0.729725 0.534749 0.0031003
548 0.729725 0.534498 0.00347905
549 0.729725 0.536844 0.00370302
550 0.729725 0.537711 0.00363518
551 0.729725 0.539287 0.0033637
552 0.729725 0.543173 0.00310501
553 0.729725 0.541821 0.00364427
554 0.729725 0.534393 0.00301545
555 0.729725 0.532518 0.00329149
556 0.729725 0.536684 0.0035816
557 0.729725 0.537455 0.00344778
558 0.729725 0.535384 0.00324681
559 0.729725 0.536338 0.003136
560 0.729725 0.5309 0.00342997
561 0.729725 0.535085 0.00324509
562 0.729725 0.543921 0.00322632
563 0.729725 0.538093 0.00302832
564 0.729725 0.539816 0.00322123
565 0.729725 0.544736 0.00290349
566 0.729725 0.55088 0.00301832
567 0.729725 0.552692 0.00327266
568 0.729725 0.538166 0.0032138
569 0.729725 0.540704 0.00313392
570 0.729725 0.540365 0.00322905
571 0.729725 0.540225 0.00353668
572 0.729725 0.541304 0.00332139
573 0.729725 0.541391 0.00334516
574 0.729725 0.538839 0.00382246
575 0.729725 0.539935 0.00333137
576 0.729725 0.538209 0.00336135
577 0.729725 0.543007 0.00286156
578 0.729725 0.537365 0.00327432
579 0.729725 0.538927 0.00279944
580 0.729725 0.534879 0.00282756
581 0.729725 0.543757 0.00275636
582 0.729725 0.534244 0.00292625
583 0.729725 0.546333 0.0028271
584 0.729725 0.545723 0.00319069
585 0.729725 0.545077 0.00368176
586 0.729725 0.548682 0.00324941
587 0.729725 0.541511 0.00364916
588 0.729725 0.542879 0.00345008
589 0.729725 0.541518 0.00315226
590 0.729725 0.543199 0.00406941
591 0.729725 0.537812 0.00324049
592 0.729725 0.545625 0.00354698
593 0.729725 0.546075 0.00334886
594 0.729725 0.546268 0.00390835
595 0.729725 0.54328 0.00360298
596 0.729725 0.547462 0.00326115
597 0.729725 0.550479 0.00292802
598 0.729725 0.556566 0.00334272
599 0.729725 0.550469 0.00339734
600 0.729725 0.547689 0.00347116
601 0.729725 0.538907 0.00350612
602 0.729725 0.544083 0.00320708
603 0.729725 0.546748 0.0030248
604 0.729725 0.549987 0.00361198
605 0.729725 0.549748 0.00384858
606 0.729725 0.54747 0.00331831
607 0.729725 0.547662 0.00278642
608 0.729725 0.548406 0.00285854
609 0.729725 0.545777 0.0029019
610 0.729725 0.548452 0.00320506
611 0.729725 0.545302 0.00319643
612 0.729725 0.547057 0.00305743
613 0.729725 0.538568 0.00323434
614 0.729725 0.539564 0.00370435
615 0.729725 0.545724 0.00332553
616 0.729725 0.547136 0.00329129
617 0.729725 0.544319 0.00309468
618 0.729725 0.546497 0.00316802
619 0.729725 0.543998 0.00300046
620 0.729725 0.541894 0.00311134
621 0.729725 0.544501 0.00325533
622 0.729725 0.542819 0.00361274
623 0.729725 0.54445 0.00343994
624 0.729725 0.545644 0.00342364
625 0.729725 0.551054 0.00309813
626 0.729725 0.552448 0.00311101
627 0.729725 0.552365 0.00384507
628 0.729725 0.548096 0.00347739
629 0.729725 0.54181 0.00348193
630 0.729725 0.548021 0.00348867
631 0.729725 0.550514 0.00365459
632 0.729725 0.550668 0.0029935
633 0.729725 0.551122 0.00365211
634 0.729725 0.543262 0.00395819
635 0.729725 0.552344 0.00374879
636 0.729725 0.548393 0.00345895
637 0.729725 0.545874 0.00324699
638 0.729725 0.543182 0.00333195
639 0.729725 0.547233 0.00342557
640 0.729725 0.541495 0.00351632
641 0.729725 0.543533 0.00325951
642 0.729725 0.534438 0.00379281
643 0.729725 0.546394 0.00363132
644 0.729725 0.537207 0.00353547
645 0.729725 0.539622 0.00406468
646 0.729725 0.544499 0.0036994
647 0.729725 0.545569 0.00361096
648 0.729725 0.546649 0.00309676
649 0.729725 0.541639 0.0033318
650 0.729725 0.540675 0.00328799
651 0.729725 0.541093 0.00356487
652 0.729725 0.543846 0.003982
653 0.729725 0.541485 0.00380907
654 0.729725 0.545736 0.0034072
655 0.729725 0.543752 0.00314822
656 0.729725 0.534794 0.00328211
657 0.729725 0.536152 0.00284539
658 0.729725 0.534692 0.00310614
659 0.729725 0.536778 0.0032162
660 0.729725 0.538915 0.00323629
661 0.729725 0.544764 0.00289413
662 0.729725 0.539453 0.00336167
663 0.729725 0.540714 0.00330945
664 0.729725 0.538829 0.00389547
665 0.729725 0.538322 0.00314878
666 0.729725 0.540136 0.00280465
667 0.729725 0.539971 0.00330626
668 0.729725 0.543963 0.00316678
669 0.729725 0.544406 0.00349155
670 0.729725 0.546676 0.00355492
671 0.729725 0.540866 0.00344731
672 0.729725 0.539021 0.00376956
673 0.729725 0.540117 0.0033033
674 0.729725 0.539595 0.00345473
675 0.729725 0.539238 0.00364984
676 0.729725 0.537041 0.00343064
677 0.729725 0.540636 0.00351746
678 0.729725 0.538812 0.00307044
679 0.729725 0.53701 0.00340015
680 0.729725 0.537189 0.00338731
681 0.729725 0.541647 0.00346818
682 0.729725 0.545463 0.00342077
683 0.729725 0.541007 0.00328681
684 0.729725 0.544075 0.003329
685 0.729725 0.543815 0.00403605
686 0.729725 0.541741 0.00338165
687 0.729725 0.545585 0.00331198
688 0.729725 0.54041 0.00381881
689 0.729725 0.544957 0.00365274
690 0.729725 0.538184 0.00357025
691 0.729725 0.542146 0.00352262
692 0.729725 0.540275 0.00350331
693 0.729725 0.538704 0.00364645
694 0.729725 0.539173 0.00323149
695 0.729725 0.53955 0.00331759
696 0.729725 0.535938 0.00351095
697 0.729725 0.535797 0.00347676
698 0.729725 0.540531 0.00368353
699 0.729725 0.537587 0.00353987
700 0.729725 0.537067 0.00380852
701 0.729725 0.539959 0.00349568
702 0.729725 0.53213 0.00366539
703 0.729725 0.536636 0.00347367
704 0.729725 0.545008 0.00311335
705 0.729725 0.540244 0.00373448
706 0.729725 0.542655 0.00324955
707 0.729725 0.54479 0.00355077
708 0.729725 0.539819 0.00336546
709 0.729725 0.542291 0.00359338
710 0.729725 0.538351 0.00325964
711 0.729725 0.544739 0.00305784
712 0.729725 0.544999 0.0027323
713 0.729725 0.539445 0.00305236
714 0.729725 0.539179 0.00381396
715 0.729725 0.542116 0.00330823
716 0.729725 0.545709 0.0033305
717 0.729725 0.54722 0.00366061
718 0.729725 0.547407 0.00315502
719 0.729725 0.546541 0.0027571
720 0.729725 0.544001 0.00341886
721 0.729725 0.5435 0.00328605
722 0.729725 0.550136 0.0039228
723 0.729725 0.546586 0.00351185
724 0.729725 0.539275 0.00319083
725 0.729725 0.541693 0.00339591
726 0.729725 0.542261 0.00375079
727 0.729725 0.536132 0.00343277
728 0.729725 0.537143 0.0030057
729 0.729725 0.547874 0.00356287
730 0.729725 0.538592 0.00376773
731 0.729725 0.541883 0.00343495
732 0.729725 0.54285 0.00294299
733 0.729725 0.539038 0.00332739
734 0.729725 0.546116 0.00377114
735 0.729725 0.54187 0.00357458
736 0.729725 0.533532 0.00354727
737 0.729725 0.528451 0.00308851
738 0.729725 0.528815 0.0033702
739 0.729725 0.529457 0.00338091
740 0.729725 0.529827 0.00338705
741 0.729725 0.526905 0.00364221
742 0.729725 0.544483 0.00329847
743 0.729725 0.542391 0.00328803
744 0.729725 0.543131 0.0040223
745 0.729725 0.543834 0.00335898
746 0.729725 0.549845 0.00315559
747 0.729725 0.5428 0.00323134
748 0.729725 0.547237 0.00325586
749 0.729725 0.541449 0.00302805
750 0.729725 0.541746 0.00367056
751 0.729725 0.539304 0.00312322
752 0.729725 0.543857 0.00333977
753 0.729725 0.541613 0.0034796
754 0.729725 0.543552 0.00330364
755 0.729725 0.542012 0.00308178
756 0.729725 0.549504 0.00313885
757 0.729725 0.545301 0.00338485
758 0.729725 0.539718 0.00329284
759 0.729725 0.5459 0.00351122
760 0.729725 0.548051 0.002952
761 0.729725 0.53746 0.00374602
762 0.729725 0.53258 0.00340026
763 0.729725 0.53785 0.00289755
764 0.729725 0.539245 0.00342351
765 0.729725 0.539767 0.0034575
766 0.729725 0.539862 0.00340513
767 0.729725 0.535615 0.00345896
768 0.729725 0.543566 0.00325779
769 0.729725 0.534905 0.00324436
770 0.729725 0.541871 0.00308272
771 0.729725 0.540735 0.00339419
772 0.729725 0.539027 0.00336492
773 0.729725 0.542205 0.00348838
774 0.729725 0.54258 0.00342711
775 0.729725 0.535871 0.00394291
776 0.729725 0.535928 0.00388109
777 0.729725 0.533939 0.0034486
778 0.729725 0.533167 0.00308767
779 0.729725 0.528933 0.0034157
780 0.729725 0.532237 0.0032887
781 0.729725 0.531164 0.00345368
782 0.729725 0.534833 0.00302169
783 0.729725 0.533188 0.00392688
784 0.729725 0.543126 0.00371881
785 0.729725 0.533345 0.00351396
786 0.729725 0.540767 0.0032356
787 0.729725 0.535663 0.00280303
788 0.729725 0.53789 0.00298883
789 0.729725 0.535374 0.00310343
790 0.729725 0.53889 0.00290452
791 0.729725 0.546158 0.00356651
792 0.729725 0.544759 0.00285787
793 0.729725 0.542733 0.002959
794 0.729725 0.541234 0.00358847
795 0.729725 0.535671 0.00281387
796 0.729725 0.533793 0.00344632
797 0.729725 0.543709 0.0030655
798 0.729725 0.536166 0.00300294
799 0.729725 0.548092 0.00340688
800 0.729725 0.544745 0.00321634
801 0.729725 0.539315 0.00330389
802 0.729725 0.537196 0.00305492
803 0.729725 0.542731 0.00363349
804 0.729725 0.542192 0.00353157
805 0.729725 0.540309 0.00352418
806 0.729725 0.546342 0.00359066
807 0.729725 0.53795 0.00335281
808 0.729725 0.534696 0.00325217
809 0.729725 0.542704 0.00318875
810 0.729725 0.529121 0.00362934
811 0.729725 0.545127 0.00322493
812 0.729725 0.53996 0.00376259
813 0.729725 0.534947 0.00297047
814 0.729725 0.542848 0.0038443
815 0.729725 0.538664 0.00360929
816 0.729725 0.542246 0.00374761
817 0.729725 0.542493 0.00348497
818 0.729725 0.537039 0.00354214
819 0.729725 0.540142 0.00349387
820 0.729725 0.540826 0.00325738
821 0.729725 0.550038 0.00336787
822 0.729725 0.545049 0.00308271
823 0.729725 0.541209 0.00322281
824 0.729725 0.54619 0.00279552
825 0.729725 0.546493 0.00309687
826 0.729725 0.540094 0.00358482
827 0.729725 0.550937 0.00279616
828 0.729725 0.54486 0.00348201
829 0.729725 0.539221 0.00327284
830 0.729725 0.542043 0.00291342
831 0.729725 0.538448 0.00333353
832 0.729725 0.536757 0.00355893
833 0.729725 0.54066 0.00359228
834 0.729725 0.537895 0.0032271
835 0.729725 0.539406 0.00349503
836 0.729725 0.535283 0.00354834
837 0.729725 0.543727 0.00341736
838 0.729725 0.547901 0.00319916
839 0.729725 0.542286 0.00353554
840 0.729725 0.543574 0.00360643
841 0.729725 0.538184 0.00317794
842 0.729725 0.539521 0.00314768
843 0.729725 0.540313 0.00295693
844 0.729725 0.543516 0.00287858
845 0.729725 0.542319 0.0035754
846 0.729725 0.549858 0.00301867
847 0.729725 0.535016 0.00320152
848 0.729725 0.535969 0.00330174
849 0.729725 0.532119 0.00328953
850 0.729725 0.537861 0.00331507
851 0.729725 0.539737 0.00300459
852 0.729725 0.538321 0.00309881
853 0.729725 0.542277 0.00328845
854 0.729725 0.547145 0.00362924
855 0.729725 0.541435 0.00343826
856 0.729725 0.538638 0.00348596
857 0.729725 0.541803 0.00322235
858 0.729725 0.54207 0.00314613
859 0.729725 0.541644 0.00329866
860 0.729725 0.545052 0.00326713
861 0.729725 0.539297 0.00328131
862 0.729725 0.541372 0.00297719
863 0.729725 0.537447 0.00343174
864 0.729725 0.540845 0.00322211
865 0.729725 0.54331 0.00350371
866 0.729725 0.53982 0.00366075
867 0.729725 0.54853 0.00375003
868 0.729725 0.542677 0.00290116
869 0.729725 0.544124 0.0031662
870 0.729725 0.54461 0.00273797
871 0.729725 0.541249 0.00311837
872 0.729725 0.540002 0.00336498
873 0.729725 0.548523 0.00296057
874 0.729725 0.550272 0.00319295
875 0.729725 0.556377 0.00310763
876 0.729725 0.546491 0.00317212
877 0.729725 0.546445 0.00338922
878 0.729725 0.540519 0.00342194
879 0.729725 0.552801 0.00316989
880 0.729725 0.552025 0.00315874
881 0.729725 0.55276 0.00350281
882 0.729725 0.546032 0.00334879
883 0.729725 0.542455 0.00371732
884 0.729725 0.542933 0.00320444
885 0.729725 0.543673 0.00309871
886 0.729725 0.547708 0.00368506
887 0.729725 0.537641 0.00329342
888 0.729725 0.549584 0.00312407
889 0.729725 0.548958 0.00341523
890 0.729725 0.535987 0.00339731
891 0.729725 0.54094 0.0038732
892 0.729725 0.536739 0.00345424
893 0.729725 0.54192 0.00344027
894 0.729725 0.536524 0.00345313
895 0.729725 0.539169 0.00334192
896 0.729725 0.542082 0.00388661
897 0.729725 0.540605 0.0032455
898 0.729725 0.543956 0.00309008
899 0.729725 0.53099 0.00344439
900 0.729725 0.531861 0.00402565
901 0.729725 0.53282 0.00349879
902 0.729725 0.53961 0.00305281
903 0.729725 0.544016 0.00367623
904 0.729725 0.535941 0.00321517
905 0.729725 0.53622 0.00371914
906 0.729725 0.531912 0.00351314
907 0.729725 0.52585 0.00344062
908 0.729725 0.526412 0.00315833
909 0.729725 0.536138 0.00333124
910 0.729725 0.529281 0.00340898
911 0.729725 0.536796 0.00350108
912 0.729725 0.546203 0.00365049
913 0.729725 0.539296 0.00354462
914 0.729725 0.52735 0.00354853
915 0.729725 0.532387 0.00347974
916 0.729725 0.540686 0.00325796
917 0.729725 0.543817 0.00405612
918 0.729725 0.533535 0.00341244
919 0.729725 0.535598 0.00396996
920 0.729725 0.534252 0.00343279
921 0.729725 0.541683 0.00336667
922 0.729725 0.543312 0.00333153
923 0.729725 0.540314 0.0039377
924 0.729725 0.537163 0.00281342
925 0.729725 0.535975 0.00348386
926 0.729725 0.538866 0.00297217
927 0.729725 0.540805 0.00318666
928 0.729725 0.542327 0.00338856
929 0.729725 0.539098 0.0034471
930 0.729725 0.545533 0.0032362
931 0.729725 0.545984 0.00307555
932 0.729725 0.547944 0.00300679
933 0.729725 0.543688 0.00286569
934 0.729725 0.550594 0.00295882
935 0.729725 0.539653 0.00316665
936 0.729725 0.542157 0.00309763
937 0.729725 0.536828 0.00355198
938 0.729725 0.540167 0.00337549
939 0.729725 0.540125 0.0033994
940 0.729725 0.544863 0.0033593
941 0.729725 0.54801 0.00324832
942 0.729725 0.546728 0.00376997
943 0.729725 0.552892 0.00352907
944 0.729725 0.549316 0.00330051
945 0.729725 0.546237 0.00312616
946 0.729725 0.546392 0.00311203
947 0.729725 0.545339 0.00309873
948 0.729725 0.533189 0.00323159
949 0.729725 0.542218 0.00304865
950 0.729725 0.536348 0.00346812
951 0.729725 0.546319 0.00341196
952 0.729725 0.543173 0.00348571
953 0.729725 0.543151 0.00328976
954 0.729725 0.5491 0.00319203
955 0.729725 0.539875 0.0037303
956 0.729725 0.544387 0.00366244
957 0.729725 0.542535 0.00317766
958 0.729725 0.539094 0.00293364
959 0.729725 0.541304 0.00348891
960 0.729725 0.541902 0.0030472
961 0.729725 0.539388 0.00345695
962 0.729725 0.54013 0.00330774
963 0.729725 0.547569 0.00310767
964 0.729725 0.540807 0.00337091
965 0.729725 0.544535 0.00351627
966 0.729725 0.538874 0.00334941
967 0.729725 0.537832 0.00321102
968 0.729725 0.546711 0.00361148
969 0.729725 0.546963 0.00347013
970 0.729725 0.545592 0.00342361
971 0.729725 0.5416 0.00368637
972 0.729725 0.533205 0.00330037
973 0.729725 0.540526 0.00319726
974 0.729725 0.544827 0.0033503
975 0.729725 0.546472 0.0033769
976 0.729725 0.547528 0.00303819
977 0.729725 0.546425 0.00282
978 0.729725 0.547999 0.00298126
979 0.729725 0.543255 0.00338195
980 0.729725 0.547283 0.00314314
981 0.729725 0.548624 0.00341259
982 0.729725 0.546457 0.00328596
983 0.729725 0.540534 0.00315988
984 0.729725 0.537103 0.00293139
985 0.729725 0.536134 0.00310041
986 0.729725 0.540156 0.0032601
987 0.729725 0.535742 0.00338132
988 0.729725 0.541355 0.00331168
989 0.729725 0.543935 0.00326702
990 0.729725 0.542269 0.00293923
991 0.729725 0.539972 0.0034311
992 0.729725 0.536543 0.00316143
993 0.729725 0.535506 0.00336366
994 0.729725 0.53214 0.00367818
995 0.729725 0.530792 0.00349801
996 0.729725 0.532615 0.00345862
997 0.729725 0.542796 0.00372464
998 0.729725 0.5436 0.00370246
999 0.729725 0.540957 0.00317949
1000 0.729725 0.545672 0.00317071
1001 0.729725 0.541177 0.00344635
1002 0.729725 0.544962 0.0036039
1003 0.729725 0.537847 0.0037618
1004 0.729725 0.539271 0.00274912
1005 0.729725 0.542506 0.00329607
1006 0.729725 0.54052 0.0034937
1007 0.729725 0.546499 0.00305698
1008 0.729725 0.547443 0.00319132
1009 0.729725 0.546399 0.00297363
1010 0.729725 0.547945 0.00355236
1011 0.729725 0.545143 0.00396751
1012 0.729725 0.544552 0.00341023
1013 0.729725 0.552912 0.00407379
1014 0.729725 0.544046 0.00357491
1015 0.729725 0.544324 0.00326612
1016 0.729725 0.546341 0.00318055
1017 0.729725 0.541234 0.00345816
1018 0.729725 0.542592 0.00328296
1019 0.729725 0.53992 0.00376034
1020 0.729725 0.545814 0.00335697
1021 0.729725 0.537806 0.00338596
1022 0.729725 0.540569 0.00358315
1023 0.729725 0.53938 0.00300747
1024 0.729725 0.550235 0.00331446
1025 0.729725 0.540703 0.00319515
1026 0.729725 0.537027 0.00347724
1027 0.729725 0.530903 0.00365136
1028 0.729725 0.5404 0.00350225
1029 0.729725 0.529461 0.0032036
1030 0.729725 0.536705 0.00363104
1031 0.729725 0.538688 0.00327439
1032 0.729725 0.544307 0.00355979
1033 0.729725 0.532971 0.00371596
1034 0.729725 0.543772 0.00342638
1035 0.729725 0.537426 0.00331279
1036 0.729725 0.534822 0.00361472
1037 0.729725 0.53513 0.00324251
1038 0.729725 0.540086 0.00363668
1039 0.729725 0.539475 0.00370305
1040 0.729725 0.540509 0.00322104
1041 0.729725 0.540772 0.00349421
1042 0.729725 0.548132 0.00327083
1043 0.729725 0.542861 0.00346901
1044 0.729725 0.54041 0.00340034
1045 0.729725 0.535682 0.00354619
1046 0.729725 0.539398 0.00376409
1047 0.729725 0.532456 0.00349168
1048 0.729725 0.540882 0.00383105
1049 0.729725 0.543881 0.00333998
1050 0.729725 0.543499 0.00336443
1051 0.729725 0.539739 0.00308387
1052 0.729725 0.533509 0.00322589
1053 0.729725 0.534771 0.0028589
1054 0.729725 0.543204 0.00413735
1055 0.729725 0.529829 0.00351701
1056 0.729725 0.536026 0.00316037
1057 0.729725 0.540047 0.00339966
1058 0.729725 0.543764 0.00333288
1059 0.729725 0.535206 0.00350272
1060 0.729725 0.540907 0.00366964
1061 0.729725 0.541393 0.00342812
1062 0.729725 0.536868 0.00343271
1063 0.729725 0.539994 0.00290273
1064 0.729725 0.544075 0.00331774
1065 0.729725 0.54274 0.00322534
1066 0.729725 0.541046 0.00334657
1067 0.729725 0.543848 0.00319058
1068 0.729725 0.543862 0.00309356
1069 0.729725 0.539632 0.00347098
1070 0.729725 0.540518 0.00299994
1071 0.729725 0.537787 0.00313264
1072 0.729725 0.539814 0.00323634
1073 0.729725 0.540796 0.00326826
1074 0.729725 0.545438 0.00303561
1075 0.729725 0.543028 0.00291242
1076 0.729725 0.53766 0.0034815
1077 0.729725 0.537959 0.00316913
1078 0.729725 0.537182 0.00326707
1079 0.729725 0.539359 0.0037433
1080 0.729725 0.544296 0.0033388
1081 0.729725 0.539363 0.00358241
1082 0.729725 0.530207 0.00352219
1083 0.729725 0.544522 0.00326032
1084 0.729725 0.536764 0.00290283
1085 0.729725 0.544851 0.00295487
1086 0.729725 0.537625 0.00333836
1087 0.729725 0.54424 0.00264546
1088 0.729725 0.543548 0.00384296
1089 0.729725 0.54551 0.0030502
1090 0.729725 0.542768 0.00294231
1091 0.729725 0.54138 0.00306922
1092 0.729725 0.543406 0.00332279
1093 0.729725 0.547159 0.00305109
1094 0.729725 0.539038 0.00310107
1095 0.729725 0.537066 0.00372232
1096 0.729725 0.536232 0.00328017
1097 0.729725 0.53509 0.00303602
1098 0.729725 0.534997 0.00319349
1099 0.729725 0.533095 0.00350461
1100 0.729725 0.534554 0.00360436
1101 0.729725 0.540079 0.00358558
1102 0.729725 0.534914 0.00328525
1103 0.729725 0.537506 0.00332818
1104 0.729725 0.532356 0.00311471
1105 0.729725 0.539317 0.0034016
1106 0.729725 0.536586 0.0039244
1107 0.729725 0.532265 0.00348131
1108 0.729725 0.534296 0.00317055
1109 0.729725 0.527343 0.00362989
1110 0.729725 0.528858 0.00352075
1111 0.729725 0.52567 0.0031735
1112 0.729725 0.534482 0.00356971
1113 0.729725 0.533314 0.00357704
1114 0.729725 0.537777 0.00308272
1115 0.729725 0.530133 0.00311737
1116 0.729725 0.539522 0.00316106
1117 0.729725 0.536671 0.00320736
1118 0.729725 0.540446 0.00372865
1119 0.729725 0.531836 0.00323415
1120 0.729725 0.529455 0.00281686
1121 0.729725 0.526099 0.0033036
1122 0.729725 0.537158 0.00351194
1123 0.729725 0.537208 0.00361341
1124 0.729725 0.535902 0.00317243
1125 0.729725 0.539231 0.00334556
1126 0.729725 0.537245 0.00320082
1127 0.729725 0.539905 0.00310633
1128 0.729725 0.541266 0.00328276
1129 0.729725 0.532828 0.00327173
1130 0.729725 0.536257 0.00361734
1131 0.729725 0.539522 0.00375442
1132 0.729725 0.548978 0.0029539
1133 0.729725 0.535502 0.00300932
1134 0.729725 0.543688 0.00332827
1135 0.729725 0.540205 0.00310247
1136 0.729725 0.543281 0.0030941
1137 0.729725 0.54377 0.00354574
1138 0.729725 0.538274 0.0034102
1139 0.729725 0.538697 0.0034163
1140 0.729725 0.539857 0.0033055
1141 0.729725 0.541434 0.00292084
1142 0.729725 0.537823 0.00302339
1143 0.729725 0.540578 0.0030999
1144 0.729725 0.536243 0.00396394
1145 0.729725 0.536797 0.00349447
1146 0.729725 0.538244 0.0033661
1147 0.729725 0.53183 0.00343266
1148 0.729725 0.533042 0.00393493
1149 0.729725 0.532233 0.00322484
1150 0.729725 0.533118 0.00351953
1151 0.729725 0.540218 0.0033989
1152 0.729725 0.543403 0.00322731
1153 0.729725 0.533928 0.00337646
1154 0.729725 0.542552 0.00331535
1155 0.729725 0.536223 0.00292839
1156 0.729725 0.535034 0.00405516
1157 0.729725 0.527749 0.00313319
1158 0.729725 0.538101 0.00391447
1159 0.729725 0.541166 0.00346809
1160 0.729725 0.533776 0.00301667
1161 0.729725 0.533896 0.00326187
1162 0.729725 0.540251 0.00353244
1163 0.729725 0.54381 0.00331938
1164 0.729725 0.534474 0.00353713
1165 0.729725 0.539005 0.00333959
1166 0.729725 0.531575 0.00354191
1167 0.729725 0.538292 0.00322031
1168 0.729725 0.54108 0.00276622
1169 0.729725 0.545719 0.00345293
1170 0.729725 0.535889 0.00313999
1171 0.729725 0.54593 0.00324667
1172 0.729725 0.537222 0.00300062
1173 0.729725 0.539919 0.00344892
1174 0.729725 0.540252 0.00312845
1175 0.729725 0.535492 0.00299077
1176 0.729725 0.537916 0.00301218
1177 0.729725 0.545929 0.00301261
1178 0.729725 0.54664 0.00363184
1179 0.729725 0.548549 0.00315021
1180 0.729725 0.552473 0.00288145
1181 0.729725 0.544154 0.00327401
1182 0.729725 0.542771 0.00377174
1183 0.729725 0.532895 0.00349674
1184 0.729725 0.541475 0.0031621
1185 0.729725 0.544367 0.00320153
1186 0.729725 0.540938 0.00304061
1187 0.729725 0.539644 0.00332426
1188 0.729725 0.536681 0.00361587
1189 0.729725 0.5432 0.00343015
1190 0.729725 0.5334 0.00375204
1191 0.729725 0.535564 0.00311031
1192 0.729725 0.538443 0.0029905
1193 0.729725 0.531007 0.00337643
1194 0.729725 0.537361 0.00289004
1195 0.729725 0.536583 0.00327744
1196 0.729725 0.529483 0.00342375
1197 0.729725 0.535917 0.00332563
1198 0.729725 0.538928 0.00390925
1199 0.729725 0.539018 0.00333473
1200 0.729725 0.536708 0.00329172
1201 0.729725 0.545726 0.00300773
1202 0.729725 0.538354 0.0031264
1203 0.729725 0.536348 0.00346224
1204 0.729725 0.533461 0.00349964
1205 0.729725 0.527506 0.00337484
1206 0.729725 0.530844 0.0040915
1207 0.729725 0.535811 0.00314846
1208 0.729725 0.543186 0.00368199
1209 0.729725 0.53404 0.00345359
1210 0.729725 0.538551 0.00347134
1211 0.729725 0.541641 0.00330852
1212 0.729725 0.539402 0.00348576
1213 0.729725 0.545845 0.00334634
1214 0.729725 0.533728 0.00333838
1215 0.729725 0.537891 0.0032733
1216 0.729725 0.535996 0.00310371
1217 0.729725 0.535894 0.00320413
1218 0.729725 0.536782 0.00303912
1219 0.729725 0.536916 0.00300702
1220 0.729725 0.534322 0.00339396
1221 0.729725 0.536915 0.00306722
1222 0.729725 0.535485 0.00343872
1223 0.729725 0.536826 0.00281237
1224 0.729725 0.535167 0.00392968
1225 0.729725 0.533433 0.00388006
1226 0.729725 0.539692 0.00329572
1227 0.729725 0.531557 0.00324902
1228 0.729725 0.534369 0.00360487
1229 0.729725 0.533556 0.00335173
1230 0.729725 0.539009 0.00359101
1231 0.729725 0.534946 0.003684
1232 0.729725 0.538724 0.00348684
1233 0.729725 0.528621 0.00346079
1234 0.729725 0.533136 0.00291367
1235 0.729725 0.543514 0.0034717
1236 0.729725 0.5372 0.00368117
1237 0.729725 0.536911 0.00358527
1238 0.729725 0.532757 0.00362654
1239 0.729725 0.534589 0.00345174
1240 0.729725 0.530936 0.00390038
1241 0.729725 0.5297 0.00361017
1242 0.729725 0.533597 0.00336924
1243 0.729725 0.531961 0.00309667
1244 0.729725 0.533077 0.0035538
1245 0.729725 0.532487 0.00390731
1246 0.729725 0.53566 0.00329399
1247 0.729725 0.534004 0.00349307
1248 0.729725 0.539053 0.00342568
1249 0.729725 0.535777 0.00363078
1250 0.729725 0.537434 0.00355983
1251 0.729725 0.536032 0.0034297
1252 0.729725 0.529351 0.00363212
1253 0.729725 0.535023 0.00348766
1254 0.729725 0.532002 0.00383218
1255 0.729725 0.52958 0.00301124
1256 0.729725 0.533091 0.00348292
1257 0.729725 0.534887 0.00371671
1258 0.729725 0.528013 0.00368325
1259 0.729725 0.537429 0.00339225
1260 0.729725 0.542298 0.00331264
1261 0.729725 0.534656 0.00335795
1262 0.729725 0.534248 0.00371861
1263 0.729725 0.533373 0.00378711
1264 0.729725 0.533047 0.00359736
1265 0.729725 0.532124 0.00370361
1266 0.729725 0.53433 0.00392915
1267 0.729725 0.533631 0.00362207
1268 0.729725 0.530514 0.00337
1269 0.729725 0.532347 0.00363615
1270 0.729725 0.536309 0.00394629
1271 0.729725 0.540696 0.00318074
1272 0.729725 0.539733 0.00379255
1273 0.729725 0.544702 0.00321819
1274 0.729725 0.535505 0.00364565
1275 0.729725 0.53557 0.00359663
1276 0.729725 0.541524 0.00332534
1277 0.729725 0.539901 0.00389406
1278 0.729725 0.545692 0.00311615
1279 0.729725 0.541858 0.00329998
1280 0.729725 0.540582 0.00354848
1281 0.729725 0.540473 0.00363199
1282 0.729725 0.541415 0.0033965
1283 0.729725 0.532953 0.00370365
1284 0.729725 0.543336 0.00326387
1285 0.729725 0.542401 0.00365987
1286 0.729725 0.535493 0.00331181
1287 0.729725 0.537586 0.00357678
1288 0.729725 0.536648 0.00399571
1289 0.729725 0.536058 0.00337555
1290 0.729725 0.545115 0.00340495
1291 0.729725 0.536797 0.00339647
1292 0.729725 0.535539 0.00329495
1293 0.729725 0.539524 0.00329446
1294 0.729725 0.537135 0.00350172
1295 0.729725 0.542779 0.00335849
1296 0.729725 0.536195 0.00336077
1297 0.729725 0.53018 0.00312915
1298 0.729725 0.533699 0.00372519
1299 0.729725 0.537729 0.00364144
1300 0.729725 0.530877 0.00358601
1301 0.729725 0.536162 0.00327119
1302 0.729725 0.531831 0.00365515
1303 0.729725 0.535064 0.00397744
1304 0.729725 0.529362 0.00323231
1305 0.729725 0.525008 0.00349348
1306 0.729725 0.538768 0.00363521
1307 0.729725 0.530149 0.0035809
1308 0.729725 0.545104 0.00347057
1309 0.729725 0.542364 0.00380498
1310 0.729725 0.54068 0.00333107
1311 0.729725 0.53483 0.00338852
1312 0.729725 0.543578 0.00379112
1313 0.729725 0.547881 0.0034243
1314 0.729725 0.534761 0.00301601
1315 0.729725 0.533744 0.00359552
1316 0.729725 0.533358 0.00366705
1317 0.729725 0.535189 0.00345647
1318 0.729725 0.538815 0.00342955
1319 0.729725 0.539831 0.00338867
1320 0.729725 0.541275 0.00377985
1321 0.729725 0.539752 0.00324061
1322 0.729725 0.548694 0.00335873
1323 0.729725 0.54174 0.00380176
1324 0.729725 0.54405 0.00345458
1325 0.729725 0.545759 0.00319372
1326 0.729725 0.547567 0.00325248
1327 0.729725 0.549875 0.00306574
1328 0.729725 0.548 0.00336261
1329 0.729725 0.547038 0.00354026
1330 0.729725 0.548918 0.00315306
1331 0.729725 0.541304 0.00348564
1332 0.729725 0.542473 0.00390923
1333 0.729725 0.536918 0.00353364
1334 0.729725 0.542927 0.00321208
1335 0.729725 0.539242 0.00355542
1336 0.729725 0.541747 0.00330398
1337 0.729725 0.536341 0.00322898
1338 0.729725 0.53833 0.00334998
1339 0.729725 0.547865 0.00340739
1340 0.729725 0.542939 0.00356379
1341 0.729725 0.536499 0.00298003
1342 0.729725 0.545688 0.00339653
1343 0.729725 0.549638 0.0033387
1344 0.729725 0.548953 0.00278108
1345 0.729725 0.547382 0.00311914
1346 0.729725 0.550662 0.00302765
1347 0.729725 0.546148 0.0035751
1348 0.729725 0.548951 0.00292655
1349 0.729725 0.552686 0.00311139
1350 0.729725 0.548886 0.00300734
1351 0.729725 0.547156 0.00302188
1352 0.729725 0.544126 0.00350146
1353 0.729725 0.550386 0.0031944
1354 0.729725 0.539899 0.00401569
1355 0.729725 0.546904 0.00354386
1356 0.729725 0.539447 0.00333794
1357 0.729725 0.540745 0.0031526
1358 0.729725 0.542039 0.00356195
1359 0.729725 0.537184 0.00310143
1360 0.729725 0.541504 0.00305993
1361 0.729725 0.542885 0.00335341
1362 0.729725 0.543681 0.00327477
1363 0.729725 0.537039 0.003739
1364 0.729725 0.538377 0.00338095
1365 0.729725 0.537473 0.00360036
1366 0.729725 0.541989 0.00321729
1367 0.729725 0.543031 0.00301823
1368 0.729725 0.539604 0.00340067
1369 0.729725 0.533856 0.00334838
1370 0.729725 0.533376 0.00312275
1371 0.729725 0.532857 0.0034869
1372 0.729725 0.541268 0.00353963
1373 0.729725 0.538459 0.00408329
1374 0.729725 0.538846 0.00381831
1375 0.729725 0.544229 0.00371124
1376 0.729725 0.537788 0.00300676
1377 0.729725 0.540729 0.00377185
1378 0.729725 0.544598 0.00320353
1379 0.729725 0.540919 0.00334745
1380 0.729725 0.549815 0.00380449
1381 0.729725 0.539719 0.00313828
1382 0.729725 0.543909 0.00343451
1383 0.729725 0.539901 0.00316291
1384 0.729725 0.535357 0.00329926
1385 0.729725 0.54408 0.00326289
1386 0.729725 0.538193 0.00349639
1387 0.729725 0.540981 0.0030992
1388 0.729725 0.543512 0.00349843
1389 0.729725 0.538522 0.00426516
1390 0.729725 0.543149 0.0036228
1391 0.729725 0.537014 0.00340111
1392 0.729725 0.544394 0.00354679
1393 0.729725 0.544539 0.00306644
1394 0.729725 0.539864 0.00337935
1395 0.729725 0.542363 0.00330477
1396 0.729725 0.53802 0.00328367
1397 0.729725 0.535103 0.00290817
1398 0.729725 0.531065 0.0037663
1399 0.729725 0.534298 0.00353014
1400 0.729725 0.532477 0.00344625
1401 0.729725 0.535873 0.00364754
1402 0.729725 0.544028 0.00434344
1403 0.729725 0.537544 0.00300746
1404 0.729725 0.540114 0.00334821
1405 0.729725 0.536721 0.00340722
1406 0.729725 0.53946 0.00327657
1407 0.729725 0.542099 0.00313035
1408 0.729725 0.547368 0.00315363
1409 0.729725 0.547757 0.0032724
1410 0.729725 0.546608 0.00357345
1411 0.729725 0.537914 0.00321649
1412 0.729725 0.547818 0.00291196
1413 0.729725 0.547331 0.00337445
1414 0.729725 0.549841 0.00284241
1415 0.729725 0.548498 0.00325185
1416 0.729725 0.550069 0.00327339
1417 0.729725 0.549002 0.00291198
1418 0.729725 0.5471 0.00320901
1419 0.729725 0.541731 0.00336458
1420 0.729725 0.54784 0.00416681
1421 0.729725 0.545352 0.00321034
1422 0.729725 0.549783 0.00276226
1423 0.729725 0.546222 0.00275609
1424 0.729725 0.540444 0.00324158
1425 0.729725 0.536523 0.00314758
1426 0.729725 0.550893 0.00333764
1427 0.729725 0.544965 0.00310354
1428 0.729725 0.553535 0.00281641
1429 0.729725 0.549856 0.00294247
1430 0.729725 0.548323 0.00291321
1431 0.729725 0.542327 0.00344406
1432 0.729725 0.547925 0.00364863
1433 0.729725 0.547185 0.00286022
1434 0.729725 0.539765 0.00365604
1435 0.729725 0.545641 0.00358875
1436 0.729725 0.5387 0.00311388
1437 0.729725 0.53979 0.00332163
1438 0.729725 0.533639 0.00392813
1439 0.729725 0.534197 0.00305851
1440 0.729725 0.542632 0.00365454
1441 0.729725 0.53637 0.00354273
1442 0.729725 0.537937 0.00332437
1443 0.729725 0.530246 0.00356775
1444 0.729725 0.541604 0.00311397
1445 0.729725 0.533018 0.00321648
1446 0.729725 0.535167 0.00341573
1447 0.729725 0.53734 0.00363875
1448 0.729725 0.537015 0.00361567
1449 0.729725 0.535301 0.00371465
1450 0.729725 0.538686 0.00347372
1451 0.729725 0.540243 0.00313289
1452 0.729725 0.531097 0.00328621
1453 0.729725 0.531324 0.00377182
1454 0.729725 0.533094 0.00371899
1455 0.729725 0.532068 0.00335277
1456 0.729725 0.531713 0.00353234
1457 0.729725 0.52944 0.00372974
1458 0.729725 0.52745 0.00365616
1459 0.729725 0.536492 0.00449506
1460 0.729725 0.535518 0.00355502
1461 0.729725 0.531017 0.00402283
1462 0.729725 0.528829 0.00344674
1463 0.729725 0.535539 0.00332118
1464 0.729725 0.53768 0.0033689
1465 0.729725 0.541863 0.00372427
1466 0.729725 0.545644 0.00335343
1467 0.729725 0.54048 0.00313652
1468 0.729725 0.542675 0.00371825
1469 0.729725 0.539579 0.00388496
1470 0.729725 0.541398 0.00350717
1471 0.729725 0.541076 0.00317324
1472 0.729725 0.545206 0.00308207
1473 0.729725 0.536991 0.00367797
1474 0.729725 0.543852 0.00343208
1475 0.729725 0.548729 0.00339715
1476 0.729725 0.544138 0.00394355
1477 0.729725 0.54698 0.0036173
1478 0.729725 0.545868 0.00320043
1479 0.729725 0.539321 0.00338766
1480 0.729725 0.535935 0.00322014
1481 0.729725 0.53739 0.00356139
1482 0.729725 0.537443 0.00363573
1483 0.729725 0.53932 0.00353784
1484 0.729725 0.538857 0.00353878
1485 0.729725 0.542341 0.00349235
1486 0.729725 0.540636 0.00365721
1487 0.729725 0.538327 0.00343524
1488 0.729725 0.542333 0.00360642
1489 0.729725 0.542125 0.00307066
1490 0.729725 0.539851 0.00326096
1491 0.729725 0.546071 0.00288674
1492 0.729725 0.544839 0.00335679
1493 0.729725 0.543217 0.00351691
1494 0.729725 0.546769 0.00361052
1495 0.729725 0.545451 0.00303599
1496 0.729725 0.555539 0.00297944
1497 0.729725 0.550395 0.00318434
1498 0.729725 0.542159 0.00354548
1499 0.729725 0.546417 0.00369125
1500 0.729725 0.538424 0.00328256
1501 0.729725 0.541449 0.00361638
1502 0.729725 0.54596 0.00367634
1503 0.729725 0.550641 0.00296974
1504 0.729725 0.540417 0.00332285
1505 0.729725 0.539184 0.00390816
1506 0.729725 0.540335 0.00377868
1507 0.729725 0.532756 0.00342644
1508 0.729725 0.540465 0.00324283
1509 0.729725 0.536733 0.00372581
1510 0.729725 0.533682 0.00411316
1511 0.729725 0.541943 0.00334092
1512 0.729725 0.542887 0.00334494
1513 0.729725 0.540076 0.0031707
1514 0.729725 0.540279 0.00314692
1515 0.729725 0.54652 0.0034827
1516 0.729725 0.538427 0.00349479
1517 0.729725 0.544732 0.00325576
1518 0.729725 0.544394 0.00340935
1519 0.729725 0.54457 0.00284728
1520 0.729725 0.540205 0.00317183
1521 0.729725 0.541365 0.00339364
1522 0.729725 0.537558 0.00359385
1523 0.729725 0.544924 0.00309118
1524 0.729725 0.544929 0.00342954
1525 0.729725 0.548071 0.0032832
1526 0.729725 0.542756 0.00364485
1527 0.729725 0.546733 0.00317253
1528 0.729725 0.536362 0.00352897
1529 0.729725 0.536105 0.00343323
1530 0.729725 0.544524 0.00355388
1531 0.729725 0.541849 0.00343834
1532 0.729725 0.541828 0.00338221
1533 0.729725 0.541627 0.00319361
1534 0.729725 0.549493 0.00295271
1535 0.729725 0.542642 0.0031354
1536 0.729725 0.549444 0.00356647
1537 0.729725 0.538354 0.00375336
1538 0.729725 0.541285 0.00320414
1539 0.729725 0.543857 0.00328129
1540 0.729725 0.539912 0.00354386
1541 0.729725 0.546253 0.00302485
1542 0.729725 0.548444 0.00314693
1543 0.729725 0.546946 0.00346535
1544 0.729725 0.544636 0.00303924
1545 0.729725 0.537827 0.00314117
1546 0.729725 0.532868 0.00292025
1547 0.729725 0.540921 0.00302646
1548 0.729725 0.541416 0.00315033
1549 0.729725 0.537702 0.00319577
1550 0.729725 0.534828 0.00321063
1551 0.729725 0.53492 0.00323672
1552 0.729725 0.536459 0.00337288
1553 0.729725 0.541239 0.00282963
1554 0.729725 0.532283 0.00330639
1555 0.729725 0.532736 0.00290707
1556 0.729725 0.538294 0.00304476
1557 0.729725 0.533418 0.00373575
1558 0.729725 0.531244 0.00290238
1559 0.729725 0.546301 0.00369108
1560 0.729725 0.539102 0.00338717
1561 0.729725 0.535014 0.00422278
1562 0.729725 0.537245 0.00370163
1563 0.729725 0.535013 0.00323742
1564 0.729725 0.534737 0.00380988
1565 0.729725 0.537727 0.00331472
1566 0.729725 0.537563 0.00365427
1567 0.729725 0.540234 0.00363694
1568 0.729725 0.530196 0.00320612
1569 0.729725 0.540768 0.00372054
1570 0.729725 0.546482 0.00336552
1571 0.729725 0.535625 0.00360922
1572 0.729725 0.547196 0.00353439
1573 0.729725 0.537381 0.00355748
1574 0.729725 0.535552 0.00326597
1575 0.729725 0.53229 0.00292826
1576 0.729725 0.533302 0.00383033
1577 0.729725 0.539254 0.00297454
1578 0.729725 0.538203 0.00324068
1579 0.729725 0.53347 0.00354702
1580 0.729725 0.529645 0.0037584
1581 0.729725 0.535104 0.00304673
1582 0.729725 0.534868 0.00391607
1583 0.729725 0.527176 0.00377103
1584 0.729725 0.52986 0.00345129
1585 0.729725 0.530858 0.00354415
1586 0.729725 0.534263 0.00319031
1587 0.729725 0.540402 0.00344822
1588 0.729725 0.537622 0.00367292
1589 0.729725 0.54387 0.00345908
1590 0.729725 0.539349 0.00344242
1591 0.729725 0.539389 0.00367884
1592 0.729725 0.536451 0.00313397
1593 0.729725 0.53303 0.00405554
1594 0.729725 0.532516 0.00373988
1595 0.729725 0.535075 0.00322454
1596 0.729725 0.53319 0.00341567
1597 0.729725 0.544441 0.00339504
1598 0.729725 0.534796 0.00313327
1599 0.729725 0.533193 0.00330115
1600 0.729725 0.535767 0.00371253
1601 0.729725 0.535961 0.00342117
1602 0.729725 0.540734 0.00310687
1603 0.729725 0.534166 0.00390375
1604 0.729725 0.533452 0.00337712
1605 0.729725 0.537139 0.00314867
1606 0.729725 0.538131 0.00359533
1607 0.729725 0.53783 0.00366866
1608 0.729725 0.536229 0.00413626
1609 0.729725 0.536962 0.00351434
1610 0.729725 0.534141 0.00335702
1611 0.729725 0.53193 0.00361702
1612 0.729725 0.538863 0.00359884
1613 0.729725 0.534809 0.00369262
1614 0.729725 0.526275 0.00347793
1615 0.729725 0.536704 0.00347549
1616 0.729725 0.536023 0.00387591
1617 0.729725 0.539067 0.00439002
1618 0.729725 0.530107 0.00368291
1619 0.729725 0.535208 0.00363279
1620 0.729725 0.527955 0.00353999
1621 0.729725 0.539295 0.00360388
1622 0.729725 0.537035 0.00349267
1623 0.729725 0.537983 0.00338351
1624 0.729725 0.538133 0.00353035
1625 0.729725 0.537873 0.00386279
1626 0.729725 0.534291 0.0039868
1627 0.729725 0.550311 0.00357206
1628 0.729725 0.546754 0.00326438
1629 0.729725 0.539954 0.00341771
1630 0.729725 0.537667 0.00371018
1631 0.729725 0.533795 0.00393919
1632 0.729725 0.544163 0.00315086
1633 0.729725 0.543103 0.00336528
1634 0.729725 0.548376 0.00376778
1635 0.729725 0.548721 0.00345602
1636 0.729725 0.54028 0.00297248
1637 0.729725 0.545524 0.00341641
1638 0.729725 0.537381 0.00316087
1639 0.729725 0.547531 0.00338136
1640 0.729725 0.548794 0.00309569
1641 0.729725 0.540209 0.00378178
1642 0.729725 0.542428 0.00297905
1643 0.729725 0.544662 0.00324445
1644 0.729725 0.545635 0.00300969
1645 0.729725 0.540438 0.00270861
1646 0.729725 0.541678 0.00339542
1647 0.729725 0.540024 0.00332423
1648 0.729725 0.548667 0.00306108
1649 0.729725 0.54367 0.00335963
1650 0.729725 0.543657 0.00301264
1651 0.729725 0.545352 0.00282346
1652 0.729725 0.546041 0.00293487
1653 0.729725 0.548836 0.00343258
1654 0.729725 0.546355 0.00298305
1655 0.729725 0.542469 0.00342315
1656 0.729725 0.544973 0.00317629
1657 0.729725 0.544322 0.00313632
1658 0.729725 0.544493 0.00334562
1659 0.729725 0.538663 0.00293596
1660 0.729725 0.545135 0.00331248
1661 0.729725 0.540854 0.00355481
1662 0.729725 0.54726 0.00403549
1663 0.729725 0.5416 0.00334794
1664 0.729725 0.541482 0.0033592
1665 0.729725 0.540691 0.00355349
1666 0.729725 0.535934 0.00314299
1667 0.729725 0.535665 0.00348041
1668 0.729725 0.534923 0.00338469
1669 0.729725 0.536929 0.00333852
1670 0.729725 0.544183 0.00302094
1671 0.729725 0.536344 0.00323149
1672 0.729725 0.546415 0.00329183
1673 0.729725 0.539758 0.00310682
1674 0.729725 0.535269 0.00326982
1675 0.729725 0.536568 0.00314624
1676 0.729725 0.538868 0.00336822
1677 0.729725 0.538268 0.00341607
1678 0.729725 0.547872 0.00330004
1679 0.729725 0.544663 0.00385393
1680 0.729725 0.546651 0.00347024
1681 0.729725 0.542607 0.00391953
1682 0.729725 0.547974 0.00323442
1683 0.729725 0.542621 0.00330605
1684 0.729725 0.540571 0.00315425
1685 0.729725 0.537105 0.0032701
1686 0.729725 0.538343 0.00344441
1687 0.729725 0.540338 0.00355348
1688 0.729725 0.551562 0.00317958
1689 0.729725 0.543674 0.00331138
1690 0.729725 0.54164 0.00320952
1691 0.729725 0.533599 0.00356534
1692 0.729725 0.542847 0.00358847
1693 0.729725 0.538186 0.00304467
1694 0.729725 0.532277 0.00338778
1695 0.729725 0.544541 0.00308217
1696 0.729725 0.542937 0.00343201
1697 0.729725 0.550579 0.00306229
1698 0.729725 0.541589 0.00344982
1699 0.729725 0.546148 0.00346069
1700 0.729725 0.536564 0.0034618
1701 0.729725 0.543382 0.00358036
1702 0.729725 0.542018 0.00312347
1703 0.729725 0.537954 0.00348372
1704 0.729725 0.541812 0.00362188
1705 0.729725 0.548193 0.00330931
1706 0.729725 0.55079 0.00327148
1707 0.729725 0.544984 0.00307212
1708 0.729725 0.537618 0.00362957
1709 0.729725 0.537305 0.00324221
1710 0.729725 0.54579 0.00365203
1711 0.729725 0.543312 0.0034376
1712 0.729725 0.545011 0.00337111
1713 0.729725 0.544726 0.00306673
1714 0.729725 0.547414 0.00330387
1715 0.729725 0.54777 0.00367781
1716 0.729725 0.541916 0.00351371
1717 0.729725 0.533572 0.00377455
1718 0.729725 0.537988 0.0031387
1719 0.729725 0.543467 0.00333492
1720 0.729725 0.538538 0.00308121
1721 0.729725 0.550639 0.00298546
1722 0.729725 0.541801 0.00360682
1723 0.729725 0.543089 0.00340498
1724 0.729725 0.539421 0.00367133
1725 0.729725 0.541358 0.00325935
1726 0.729725 0.538415 0.00327079
1727 0.729725 0.548324 0.0035673
1728 0.729725 0.544083 0.00309778
1729 0.729725 0.548327 0.00348613
1730 0.729725 0.54335 0.00330734
1731 0.729725 0.540161 0.00309147
1732 0.729725 0.545411 0.00289356
1733 0.729725 0.542464 0.00315115
1734 0.729725 0.546016 0.00328894
1735 0.729725 0.546715 0.00331682
1736 0.729725 0.544512 0.00342922
1737 0.729725 0.541877 0.00324452
1738 0.729725 0.540999 0.00341716
1739 0.729725 0.540658 0.003463
1740 0.729725 0.53749 0.00302275
1741 0.729725 0.539364 0.0034942
1742 0.729725 0.544867 0.00320636
1743 0.729725 0.542774 0.00394156
1744 0.729725 0.536015 0.00328703
1745 0.729725 0.533391 0.00286605
1746 0.729725 0.540832 0.00308926
1747 0.729725 0.54954 0.00318509
1748 0.729725 0.547717 0.00327791
1749 0.729725 0.54273 0.00332185
1750 0.729725 0.540404 0.00358021
1751 0.729725 0.545002 0.00296653
1752 0.729725 0.541078 0.00404922
1753 0.729725 0.544584 0.00326093
1754 0.729725 0.546837 0.00357572
1755 0.729725 0.547211 0.00349241
1756 0.729725 0.550572 0.00317539
1757 0.729725 0.547591 0.00291511
1758 0.729725 0.552359 0.0030317
1759 0.729725 0.545433 0.00295863
1760 0.729725 0.554398 0.00349698
1761 0.729725 0.543663 0.00343506
1762 0.729725 0.552135 0.0038006
1763 0.729725 0.545963 0.00344566
1764 0.729725 0.542966 0.00269422
1765 0.729725 0.542926 0.00320246
1766 0.729725 0.540726 0.00326308
1767 0.729725 0.544612 0.00355277
1768 0.729725 0.541759 0.00314261
1769 0.729725 0.54523 0.00318223
1770 0.729725 0.54698 0.00312492
1771 0.729725 0.545063 0.00335145
1772 0.729725 0.541776 0.00315079
1773 0.729725 0.546097 0.00359741
1774 0.729725 0.540488 0.00348143
1775 0.729725 0.533983 0.00364823
1776 0.729725 0.535586 0.00376215
1777 0.729725 0.542557 0.0031132
1778 0.729725 0.540769 0.00352592
1779 0.729725 0.541943 0.00338595
1780 0.729725 0.539145 0.00357147
1781 0.729725 0.53925 0.00344778
1782 0.729725 0.538379 0.00312814
1783 0.729725 0.544128 0.00339442
1784 0.729725 0.538664 0.00333377
1785 0.729725 0.529516 0.0038228
1786 0.729725 0.537807 0.00379079
1787 0.729725 0.547348 0.00351988
1788 0.729725 0.540633 0.00343596
1789 0.729725 0.54396 0.00438192
1790 0.729725 0.545572 0.0036834
1791 0.729725 0.54491 0.00375918
1792 0.729725 0.539433 0.00384402
1793 0.729725 0.534436 0.00301896
1794 0.729725 0.536812 0.00370198
1795 0.729725 0.539328 0.0039204
1796 0.729725 0.542237 0.00343845
1797 0.729725 0.536804 0.00281184
1798 0.729725 0.548888 0.00304644
1799 0.729725 0.536593 0.00359876
1800 0.729725 0.54209 0.00327929
1801 0.729725 0.541788 0.00370619
1802 0.729725 0.544161 0.00340488
1803 0.729725 0.54345 0.00350567
1804 0.729725 0.542919 0.00317253
1805 0.729725 0.543955 0.00339909
1806 0.729725 0.546118 0.00297669
1807 0.729725 0.539139 0.00381036
1808 0.729725 0.540324 0.00360851
1809 0.729725 0.543126 0.00310001
1810 0.729725 0.542363 0.00339767
1811 0.729725 0.545323 0.00299645
1812 0.729725 0.544927 0.00339847
1813 0.729725 0.547798 0.00311949
1814 0.729725 0.54667 0.0028929
1815 0.729725 0.541747 0.0032536
1816 0.729725 0.541831 0.00296718
1817 0.729725 0.540933 0.00343453
1818 0.729725 0.540212 0.00267933
1819 0.729725 0.54815 0.00315881
1820 0.729725 0.541114 0.00325134
1821 0.729725 0.543911 0.0031054
1822 0.729725 0.540264 0.00356129
1823 0.729725 0.538981 0.00372588
1824 0.729725 0.54309 0.00359948
1825 0.729725 0.539866 0.00322215
1826 0.729725 0.540113 0.00325264
1827 0.729725 0.540844 0.00302134
1828 0.729725 0.542103 0.00294387
1829 0.729725 0.544324 0.00331583
1830 0.729725 0.546259 0.00345163
1831 0.729725 0.54185 0.00351067
1832 0.729725 0.538399 0.00364561
1833 0.729725 0.537306 0.00305994
1834 0.729725 0.53471 0.00362619
1835 0.729725 0.539315 0.00345751
1836 0.729725 0.53883 0.0036338
1837 0.729725 0.537899 0.00356886
1838 0.729725 0.545117 0.00348652
1839 0.729725 0.534645 0.00316808
1840 0.729725 0.537642 0.00384185
1841 0.729725 0.540103 0.00360366
1842 0.729725 0.541693 0.00307405
1843 0.729725 0.543731 0.00306336
1844 0.729725 0.538839 0.00363363
1845 0.729725 0.543146 0.00311952
1846 0.729725 0.539638 0.00338169
1847 0.729725 0.545178 0.00298089
1848 0.729725 0.543637 0.00379037
1849 0.729725 0.536782 0.00397671
1850 0.729725 0.537849 0.0034372
1851 0.729725 0.538289 0.00356936
1852 0.729725 0.5321 0.00354748
1853 0.729725 0.537998 0.00346686
1854 0.729725 0.543263 0.00363495
1855 0.729725 0.536648 0.00358162
1856 0.729725 0.539316 0.00291409
1857 0.729725 0.544314 0.00379236
1858 0.729725 0.540165 0.00361428
1859 0.729725 0.54041 0.00323045
1860 0.729725 0.541004 0.0029418
1861 0.729725 0.546852 0.00330275
1862 0.729725 0.543941 0.00351283
1863 0.729725 0.537125 0.00414249
1864 0.729725 0.539198 0.00331951
1865 0.729725 0.53961 0.00329055
1866 0.729725 0.53953 0.00343068
1867 0.729725 0.533496 0.00371772
1868 0.729725 0.540137 0.00383509
1869 0.729725 0.540069 0.00376357
1870 0.729725 0.541476 0.0032143
1871 0.729725 0.540508 0.00340527
1872 0.729725 0.539138 0.00364916
1873 0.729725 0.53649 0.00332254
1874 0.729725 0.54171 0.00358584
1875 0.729725 0.531324 0.00337964
1876 0.729725 0.539309 0.00353503
1877 0.729725 0.531367 0.00312632
1878 0.729725 0.538234 0.00368516
1879 0.729725 0.538282 0.00348567
1880 0.729725 0.534302 0.00359236
1881 0.729725 0.543827 0.00289036
1882 0.729725 0.549545 0.00306795
1883 0.729725 0.542527 0.00333328
1884 0.729725 0.541271 0.00360666
1885 0.729725 0.542246 0.00332438
1886 0.729725 0.545053 0.00342716
1887 0.729725 0.538233 0.00294485
1888 0.729725 0.540155 0.00312182
1889 0.729725 0.537661 0.00311002
1890 0.729725 0.540972 0.00316727
1891 0.729725 0.537543 0.00331714
1892 0.729725 0.541086 0.00278618
1893 0.729725 0.528661 0.00310356
1894 0.729725 0.542469 0.003707
1895 0.729725 0.538929 0.00396549
1896 0.729725 0.540387 0.00386189
1897 0.729725 0.539829 0.00337913
1898 0.729725 0.542362 0.00367082
1899 0.729725 0.539846 0.00333728
1900 0.729725 0.539981 0.00357708
1901 0.729725 0.541778 0.00342056
1902 0.729725 0.546152 0.00366989
1903 0.729725 0.542832 0.00304712
1904 0.729725 0.542063 0.00360806
1905 0.729725 0.540718 0.00370184
1906 0.729725 0.543084 0.00389126
1907 0.729725 0.545414 0.0037697
1908 0.729725 0.53989 0.00339229
1909 0.729725 0.537311 0.00352715
1910 0.729725 0.541038 0.00316532
1911 0.729725 0.53951 0.00301251
1912 0.729725 0.538082 0.00316718
1913 0.729725 0.545364 0.00328598
1914 0.729725 0.545157 0.00326454
1915 0.729725 0.543726 0.00337064
1916 0.729725 0.540048 0.0035399
1917 0.729725 0.54102 0.00370084
1918 0.729725 0.538321 0.00361709
1919 0.729725 0.542871 0.00309828
1920 0.729725 0.543764 0.00342894
1921 0.729725 0.538813 0.003179
1922 0.729725 0.540127 0.003969
1923 0.729725 0.536001 0.00342658
1924 0.729725 0.54332 0.00391357
1925 0.729725 0.543487 0.00342744
1926 0.729725 0.542693 0.00382523
1927 0.729725 0.535524 0.0032961
1928 0.729725 0.533093 0.003296
1929 0.729725 0.534043 0.00332755
1930 0.729725 0.535615 0.00348702
1931 0.729725 0.539637 0.00328192
1932 0.729725 0.539518 0.00369593
1933 0.729725 0.546817 0.00373157
1934 0.729725 0.539196 0.00395392
1935 0.729725 0.542742 0.00309252
1936 0.729725 0.542256 0.0035694
1937 0.729725 0.545029 0.00343846
1938 0.729725 0.54194 0.00305011
1939 0.729725 0.54074 0.00308006
1940 0.729725 0.536127 0.00395926
1941 0.729725 0.534253 0.00333231
1942 0.729725 0.535431 0.00311102
1943 0.729725 0.539517 0.0029886
1944 0.729725 0.534493 0.00360718
1945 0.729725 0.538702 0.00380521
1946 0.729725 0.537312 0.00311689
1947 0.729725 0.541216 0.00291846
1948 0.729725 0.537682 0.00324892
1949 0.729725 0.538185 0.00331248
1950 0.729725 0.537791 0.00364265
1951 0.729725 0.538133 0.003387
1952 0.729725 0.534173 0.00344315
1953 0.729725 0.538843 0.00379215
1954 0.729725 0.534475 0.00304731
1955 0.729725 0.538463 0.00309219
1956 0.729725 0.534368 0.0033925
1957 0.729725 0.539502 0.00364487
1958 0.729725 0.538818 0.0034539
1959 0.729725 0.535431 0.00281962
1960 0.729725 0.530244 0.00335899
1961 0.729725 0.538608 0.00328949
1962 0.729725 0.54031 0.00372829
1963 0.729725 0.540385 0.00355884
1964 0.729725 0.530034 0.00300786
1965 0.729725 0.544422 0.00333756
1966 0.729725 0.540565 0.00295405
1967 0.729725 0.542853 0.00330939
1968 0.729725 0.53805 0.00318516
1969 0.729725 0.543955 0.00377357
1970 0.729725 0.54187 0.00291456
1971 0.729725 0.547012 0.00305456
1972 0.729725 0.544477 0.00310933
1973 0.729725 0.539527 0.00270843
1974 0.729725 0.536067 0.00283905
1975 0.729725 0.536743 0.00304999
1976 0.729725 0.533663 0.00316459
1977 0.729725 0.542798 0.00333769
1978 0.729725 0.533904 0.00323629
1979 0.729725 0.53965 0.00294974
1980 0.729725 0.53263 0.00317472
1981 0.729725 0.537403 0.0030641
1982 0.729725 0.53847 0.00342062
1983 0.729725 0.544228 0.00341271
1984 0.729725 0.54263 0.00307463
1985 0.729725 0.538257 0.00312732
1986 0.729725 0.547934 0.00323184
1987 0.729725 0.536371 0.00307114
1988 0.729725 0.539274 0.00312213
1989 0.729725 0.547355 0.0030281
1990 0.729725 0.546123 0.00337888
1991 0.729725 0.540518 0.00337395
1992 0.729725 0.538538 0.00313956
1993 0.729725 0.536248 0.00312913
1994 0.729725 0.531477 0.00385967
1995 0.729725 0.539712 0.00363014
1996 0.729725 0.537308 0.00350389
1997 0.729725 0.543004 0.00278531
1998 0.729725 0.548501 0.0031626
1999 0.729725 0.541437 0.00321201
2000 0.729725 0.543983 0.00336597
