5
0
-50
4.3122
0
-55.7033
7.42299
0
-53.8389
4.5564
0
-57.4971
5.26732
0
-60.7137
5.31065
0
0.0977023
0.237704
1.44109
0.450123
1.90163
0.152652
1.76868
1.24654
1.91144
0.632934
1.19835
1.61227
1.07742
0.72602
0.664163
1.50246
0.856727
0.971979
0.398194
1.71547
1.76203
1.28064
0.520794
0.625269
1.25328
0.205934
1.47614
1.74156
0.0549027
0.798752
0.757383
1.51107
1.89314
1.99998
1.76937
1.25005
0.278276
0.190391
1.52
1.11169
0.661109
0.467264
0.173367
0.910031
1.27196
1.24966
1.1264
1.67319
0.788831
1.3702
1.16097
0.590781
0.736911
0.950758
1.68635
0.679055
0.0668508
0.997618
0.56316
1.27745
0.485048
1.88291
1.79276
0.874294
0.46578
1.50231
0.583032
1.16295
1.12686
0.968371
-0.415391
