0 0.592288 0.497913 0.00073542
1 0.592288 0.500964 0.000694874
2 0.594726 0.504753 0.000791923
3 0.594726 0.503577 0.000772735
4 0.594726 0.501829 0.000847583
5 0.594726 0.506408 0.000932921
6 0.594726 0.501205 0.000993179
7 0.594726 0.502882 0.00119578
8 0.607428 0.496334 0.0018575
9 0.607428 0.497344 0.00133639
10 0.607428 0.504332 0.00130199
11 0.607428 0.50715 0.00114517
12 0.607428 0.502845 0.00109217
13 0.607428 0.499604 0.00142844
14 0.607428 0.502072 0.00119432
15 0.607428 0.499908 0.00119146
16 0.607428 0.50084 0.00162126
17 0.614473 0.504425 0.00117596
18 0.638421 0.504014 0.00113924
19 0.648258 0.496674 0.00169942
20 0.648258 0.500857 0.00162907
21 0.648258 0.507567 0.00186226
22 0.648258 0.496447 0.00184203
23 0.648258 0.502154 0.00157318
24 0.660322 0.499948 0.00221444
25 0.660322 0.500599 0.00189203
26 0.660322 0.506578 0.00176642
27 0.660322 0.500863 0.00177553
28 0.660322 0.505522 0.0014091
29 0.660322 0.503603 0.00161991
30 0.660322 0.503026 0.00143913
31 0.660322 0.507172 0.00162734
32 0.660322 0.50317 0.00201343
33 0.660322 0.505482 0.00166199
34 0.660322 0.502341 0.0019345
35 0.660322 0.503052 0.00188104
36 0.660322 0.501169 0.00220141
37 0.660322 0.496953 0.00224658
38 0.660322 0.506755 0.00201049
39 0.660322 0.503334 0.00168077
40 0.660322 0.509021 0.00156105
41 0.660536 0.502337 0.00262918
42 0.660536 0.504612 0.00217471
43 0.660943 0.508596 0.00209008
44 0.660943 0.508295 0.00201207
45 0.660943 0.509208 0.00243838
46 0.660943 0.503819 0.00233378
47 0.660943 0.507249 0.00217072
48 0.660943 0.505793 0.00213285
49 0.660943 0.505832 0.00199563
50 0.660943 0.505794 0.00222756
51 0.660943 0.502636 0.00263563
52 0.660943 0.504697 0.00267244
53 0.660943 0.500702 0.00325585
54 0.660943 0.502046 0.00246167
55 0.660943 0.505644 0.00214642
56 0.660943 0.503231 0.00248853
57 0.660943 0.502655 0.00241912
58 0.660943 0.501598 0.00264464
59 0.660943 0.500979 0.00257024
60 0.660943 0.500314 0.00209333
61 0.660943 0.499949 0.00235364
62 0.660943 0.514221 0.00187436
63 0.660943 0.50585 0.00273832
64 0.660943 0.502738 0.0027338
65 0.660943 0.500957 0.00229909
66 0.660943 0.49335 0.00318199
67 0.660943 0.495426 0.00290687
68 0.660943 0.501879 0.00305342
69 0.660943 0.505556 0.00304719
70 0.660943 0.503767 0.00323836
71 0.660943 0.496677 0.00273958
72 0.660943 0.512592 0.00223831
73 0.665979 0.503292 0.00344085
74 0.665979 0.504254 0.00303739
75 0.665979 0.500507 0.00366743
76 0.665979 0.497509 0.00285858
77 0.665979 0.495258 0.00346723
78 0.665979 0.489765 0.0033797
79 0.665979 0.492962 0.00373957
80 0.665979 0.499691 0.00288816
81 0.665979 0.495673 0.00272439
82 0.665979 0.504253 0.00271196
83 0.665979 0.504704 0.00330284
84 0.665979 0.506317 0.00321703
85 0.665979 0.496853 0.00371465
86 0.665979 0.50443 0.00293294
87 0.665979 0.500981 0.0037116
88 0.665979 0.499187 0.00309655
89 0.665979 0.500238 0.00339282
90 0.67496 0.500606 0.00340903
91 0.67496 0.503266 0.00311458
92 0.67496 0.508239 0.00301762
93 0.67496 0.50756 0.00280734
94 0.67496 0.506962 0.00316947
95 0.67496 0.508377 0.00291552
96 0.714187 0.506593 0.00336673
97 0.714187 0.504915 0.00342908
98 0.714187 0.502638 0.00304322
99 0.714187 0.51032 0.00381897
100 0.714187 0.509244 0.00317197
101 0.714187 0.510125 0.00352598
102 0.714187 0.509119 0.00362342
103 0.714187 0.505977 0.00315154
104 0.714187 0.504447 0.0026428
105 0.714187 0.50356 0.00303613
106 0.714187 0.508035 0.00354709
107 0.714187 0.512099 0.00373072
108 0.714187 0.50506 0.00355821
109 0.714187 0.51118 0.00320538
110 0.714187 0.506291 0.00353558
111 0.714187 0.498939 0.00270495
112 0.714187 0.493313 0.00310775
113 0.714187 0.504478 0.00348111
114 0.714187 0.511147 0.00258607
115 0.714187 0.511153 0.00336547
116 0.714187 0.504452 0.00379518
117 0.714187 0.508327 0.00356541
118 0.714187 0.502215 0.00312113
119 0.714187 0.511193 0.00325028
120 0.714187 0.504981 0.00333831
121 0.714187 0.512394 0.00296747
122 0.714187 0.507434 0.00316799
123 0.714187 0.506367 0.00321833
124 0.714187 0.508978 0.00315647
125 0.714187 0.502293 0.00320657
126 0.714187 0.515732 0.00269441
127 0.714187 0.507045 0.0036956
128 0.714187 0.501213 0.00379888
129 0.714187 0.503415 0.00287729
130 0.714187 0.51356 0.00326417
131 0.714187 0.511586 0.00321022
132 0.714187 0.509582 0.00321517
133 0.714187 0.509968 0.0033971
134 0.714187 0.50384 0.00341956
135 0.714187 0.499057 0.00331778
136 0.714187 0.502299 0.00365549
137 0.714187 0.501371 0.00332206
138 0.714187 0.519458 0.00311214
139 0.714187 0.513839 0.00316679
140 0.714187 0.506754 0.00260029
141 0.714187 0.505456 0.00308675
142 0.714187 0.509812 0.00324747
143 0.714187 0.51269 0.0024728
144 0.714187 0.507232 0.00295647
145 0.714187 0.50769 0.00341452
146 0.714187 0.511907 0.00342237
147 0.714187 0.514218 0.00337163
148 0.714187 0.512428 0.00317824
149 0.714187 0.512141 0.00333459
150 0.714187 0.512078 0.00284417
151 0.714187 0.513135 0.00290751
152 0.714187 0.519984 0.00295559
153 0.714187 0.519801 0.00333971
154 0.714187 0.512714 0.00302446
155 0.714187 0.512184 0.00377611
156 0.714187 0.514946 0.00339989
157 0.714187 0.508558 0.0042139
158 0.714187 0.511665 0.00322853
159 0.714187 0.499864 0.0036538
160 0.714187 0.504229 0.00322418
161 0.714187 0.516378 0.00321526
162 0.714187 0.508255 0.00353816
163 0.714187 0.516102 0.00357003
164 0.714187 0.510147 0.00305283
165 0.714187 0.519569 0.00331326
166 0.714187 0.513717 0.00365914
167 0.714187 0.502882 0.00374241
168 0.714187 0.507061 0.00367377
169 0.714187 0.520493 0.00301892
170 0.714187 0.510732 0.00285155
171 0.714187 0.510669 0.00264324
172 0.714187 0.510925 0.00335423
173 0.714187 0.506963 0.00382729
174 0.714187 0.514525 0.00334081
175 0.714187 0.510791 0.00317551
176 0.714187 0.509297 0.00337026
177 0.714187 0.51293 0.00313194
178 0.714187 0.516704 0.00240081
179 0.714187 0.513998 0.00310576
180 0.714187 0.511335 0.00351689
181 0.714187 0.510679 0.0040807
182 0.714187 0.503212 0.00329416
183 0.714187 0.51063 0.00357132
184 0.714187 0.51139 0.00360766
185 0.714187 0.516868 0.00343376
186 0.714187 0.510814 0.00332223
187 0.714187 0.508797 0.00343755
188 0.714187 0.509176 0.00360454
189 0.714187 0.509887 0.00351492
190 0.714187 0.505394 0.00333503
191 0.714187 0.505885 0.00304245
192 0.714187 0.503903 0.0033932
193 0.714187 0.507119 0.00428246
194 0.714187 0.507072 0.00314839
195 0.714187 0.506535 0.00325959
196 0.714187 0.51068 0.00360124
197 0.714187 0.512158 0.00260904
198 0.714187 0.505941 0.0030931
199 0.714187 0.513609 0.00388728
200 0.714187 0.515276 0.00312853
201 0.714187 0.516809 0.00272457
202 0.714187 0.516306 0.00313203
203 0.714187 0.512614 0.00325179
204 0.714187 0.513274 0.00350223
205 0.714187 0.506205 0.00304035
206 0.714187 0.505719 0.00320668
207 0.714187 0.513092 0.00275192
208 0.714187 0.515868 0.0030643
209 0.714187 0.512366 0.00324847
210 0.714187 0.509839 0.00302684
211 0.714187 0.51706 0.00296755
212 0.714187 0.511441 0.00353644
213 0.714187 0.509623 0.00308417
214 0.714187 0.517623 0.00250191
215 0.714187 0.505645 0.00355056
216 0.714187 0.508643 0.00356885
217 0.714187 0.51419 0.00293325
218 0.714187 0.513044 0.00335053
219 0.714187 0.510225 0.00310129
220 0.714187 0.50937 0.00332047
221 0.714187 0.512504 0.00330259
222 0.714187 0.508671 0.00344035
223 0.714187 0.518283 0.00344478
224 0.714187 0.509074 0.00283436
225 0.714187 0.513 0.00356824
226 0.714187 0.512607 0.0038375
227 0.714187 0.510389 0.00360917
228 0.714187 0.514862 0.00307095
229 0.714187 0.514209 0.00283325
230 0.714187 0.511698 0.00286733
231 0.714187 0.514915 0.00265569
232 0.714187 0.509967 0.00329358
233 0.714187 0.50949 0.0033479
234 0.714187 0.509057 0.00367989
235 0.714187 0.503654 0.00308517
236 0.714187 0.514771 0.00293935
237 0.714187 0.51419 0.00307248
238 0.714187 0.505793 0.00355291
239 0.714187 0.503976 0.00335219
240 0.714187 0.515223 0.00392082
241 0.714187 0.518122 0.00360442
242 0.714187 0.508931 0.00376093
243 0.714187 0.510547 0.00309548
244 0.714187 0.515306 0.00359874
245 0.714187 0.512601 0.00363261
246 0.714187 0.514227 0.00312867
247 0.714187 0.512062 0.00311108
248 0.714187 0.514599 0.00331686
249 0.714187 0.511366 0.00297025
250 0.714187 0.516133 0.00342791
251 0.714187 0.514537 0.00362398
252 0.714187 0.512431 0.00347582
253 0.714187 0.514072 0.00391117
254 0.714187 0.510666 0.00295025
255 0.714187 0.51141 0.00344715
256 0.714187 0.511233 0.00396329
257 0.714187 0.506127 0.00406026
258 0.714187 0.501815 0.00331101
259 0.714187 0.510851 0.00340698
260 0.714187 0.513572 0.00303617
261 0.714187 0.511175 0.00273724
262 0.714187 0.500029 0.00360453
263 0.714187 0.508244 0.00342791
264 0.714187 0.506672 0.00323747
265 0.714187 0.50453 0.00366117
266 0.714187 0.51126 0.00360426
267 0.714187 0.507898 0.00358128
268 0.714187 0.507183 0.00363686
269 0.714187 0.505148 0.00357591
270 0.714187 0.510066 0.00353651
271 0.714187 0.51213 0.0038853
272 0.714187 0.504415 0.00293863
273 0.714187 0.502035 0.0033041
274 0.714187 0.513175 0.00341465
275 0.714187 0.506649 0.00333084
276 0.714187 0.503916 0.00357792
277 0.714187 0.504238 0.00429254
278 0.714187 0.509054 0.00391576
279 0.714187 0.508806 0.00395065
280 0.714187 0.507456 0.00356348
281 0.714187 0.513756 0.00416364
282 0.714187 0.504124 0.00379402
283 0.714187 0.508663 0.00370182
284 0.714187 0.505235 0.00352143
285 0.714187 0.505957 0.00324498
286 0.714187 0.506565 0.00398148
287 0.714187 0.507978 0.00325113
288 0.714187 0.502777 0.0036699
289 0.714187 0.5138 0.00304716
290 0.714187 0.506236 0.00296986
291 0.714187 0.512637 0.00344295
292 0.714187 0.508819 0.00404591
293 0.714187 0.508445 0.00351483
294 0.714187 0.50839 0.00373399
295 0.714187 0.508061 0.0039211
296 0.714187 0.504483 0.0038775
297 0.714187 0.507352 0.00372088
298 0.714187 0.509459 0.00413364
299 0.714187 0.500705 0.00383358
300 0.714187 0.503167 0.00371446
301 0.714187 0.500003 0.00373069
302 0.714187 0.500206 0.00351595
303 0.714187 0.507236 0.0039481
304 0.714187 0.504645 0.0039147
305 0.714187 0.501368 0.0031719
306 0.714187 0.516799 0.00371614
307 0.714187 0.508707 0.00329709
308 0.714187 0.501032 0.00370829
309 0.714187 0.509006 0.00351449
310 0.715424 0.505313 0.00418421
311 0.715424 0.503107 0.00322968
312 0.715424 0.512017 0.00334731
313 0.715424 0.508589 0.00410321
314 0.715424 0.500701 0.00363667
315 0.715424 0.499181 0.00367492
316 0.715424 0.500482 0.003828
317 0.715424 0.507799 0.0034858
318 0.715424 0.51425 0.00314491
319 0.715424 0.507076 0.0036256
320 0.715424 0.505537 0.00385961
321 0.715424 0.504964 0.00362182
322 0.715424 0.509299 0.00365698
323 0.715424 0.504643 0.00383719
324 0.715424 0.507712 0.00443672
325 0.715424 0.502294 0.00387738
326 0.715424 0.509506 0.00478898
327 0.715424 0.504156 0.0041082
328 0.715424 0.501677 0.00425753
329 0.715424 0.50548 0.00418756
330 0.715424 0.506466 0.00440069
331 0.715424 0.503387 0.0049032
332 0.715424 0.49993 0.00499464
333 0.715424 0.498204 0.00438903
334 0.715424 0.506069 0.00374173
335 0.715424 0.497269 0.00436009
336 0.715424 0.500918 0.00469661
337 0.715424 0.50413 0.00456837
338 0.715424 0.495311 0.00450614
339 0.715424 0.506826 0.00416578
340 0.715424 0.506897 0.00422775
341 0.715424 0.5043 0.00367039
342 0.715424 0.504597 0.00425372
343 0.715424 0.503985 0.00394917
344 0.715424 0.507635 0.00283962
345 0.715424 0.506749 0.00357969
346 0.715424 0.508784 0.00374724
347 0.715424 0.513439 0.00324063
348 0.715424 0.506294 0.00398429
349 0.715424 0.503768 0.00417703
350 0.715424 0.502833 0.00386659
351 0.715424 0.500248 0.00384342
352 0.715424 0.501891 0.00393118
353 0.715424 0.510354 0.00346489
354 0.715424 0.510658 0.00390183
355 0.715424 0.510681 0.00391099
356 0.715424 0.494392 0.00437924
357 0.715424 0.495344 0.00427425
358 0.715424 0.508879 0.00396732
359 0.715424 0.500376 0.00400676
360 0.715424 0.510233 0.003052
361 0.715424 0.507908 0.004351
362 0.715424 0.504037 0.00396837
363 0.715424 0.493842 0.00459023
364 0.715424 0.502977 0.00347304
365 0.715424 0.503154 0.00370956
366 0.715424 0.507137 0.00349978
367 0.715424 0.513116 0.00392947
368 0.715424 0.514962 0.00434722
369 0.715424 0.504982 0.00382585
370 0.715424 0.501642 0.00459688
371 0.715424 0.503602 0.00352647
372 0.715424 0.508569 0.00396009
373 0.715424 0.510155 0.00421621
374 0.715424 0.512793 0.00368985
375 0.715424 0.504667 0.00397429
376 0.715424 0.501839 0.00386132
377 0.715424 0.506745 0.00437729
378 0.715424 0.506184 0.00363953
379 0.715424 0.510561 0.00385025
380 0.715424 0.509015 0.00388213
381 0.715424 0.514365 0.00411111
382 0.715424 0.509883 0.00447057
383 0.715424 0.502937 0.004203
384 0.715424 0.507271 0.00362942
385 0.715424 0.505274 0.00354929
386 0.715424 0.505937 0.00349499
387 0.715424 0.509338 0.00351666
388 0.715424 0.501609 0.00327318
389 0.715424 0.503424 0.00387808
390 0.715424 0.507732 0.00445034
391 0.715424 0.504238 0.00393349
392 0.715424 0.500824 0.00373892
393 0.715424 0.512771 0.00374847
394 0.715424 0.505557 0.00366913
395 0.715424 0.505238 0.00401149
396 0.715424 0.506708 0.00352818
397 0.715424 0.505692 0.00442401
398 0.715424 0.511419 0.00381584
399 0.715424 0.50089 0.00420608
400 0.715424 0.506535 0.00445635
401 0.715424 0.511039 0.00392488
402 0.715424 0.506045 0.0042913
403 0.715424 0.511202 0.00399813
404 0.715424 0.502835 0.00384222
405 0.715424 0.503616 0.00412378
406 0.715424 0.508929 0.00359505
407 0.715424 0.498154 0.00391977
408 0.715424 0.506167 0.00370268
409 0.715424 0.509845 0.00319279
410 0.715424 0.516531 0.00334892
411 0.715424 0.508898 0.00373134
412 0.715424 0.505265 0.00375747
413 0.715424 0.499205 0.00384833
414 0.715424 0.507448 0.00309392
415 0.715424 0.50576 0.00422043
416 0.715424 0.512815 0.00380687
417 0.715424 0.503015 0.0040626
418 0.715424 0.510807 0.00343211
419 0.715424 0.503281 0.00355768
420 0.715424 0.505172 0.00334867
421 0.715424 0.511969 0.00430074
422 0.715424 0.507446 0.00345032
423 0.715424 0.51173 0.00357689
424 0.715424 0.503641 0.00397234
425 0.715424 0.515815 0.00391367
426 0.715424 0.517449 0.00361007
427 0.715424 0.513097 0.0036248
428 0.715424 0.513948 0.00377531
429 0.715424 0.515377 0.00377369
430 0.715424 0.505792 0.00392562
431 0.715424 0.508798 0.0042397
432 0.715424 0.51126 0.00418586
433 0.715424 0.517168 0.00378222
434 0.715424 0.513746 0.0037018
435 0.715424 0.518643 0.00320148
436 0.715424 0.520339 0.00327894
437 0.715424 0.51884 0.00370512
438 0.715424 0.516968 0.00362966
439 0.715424 0.523158 0.00384773
440 0.715424 0.515722 0.00398181
441 0.715424 0.505312 0.00407857
442 0.715424 0.516098 0.00330261
443 0.715424 0.507114 0.00366359
444 0.715424 0.514052 0.00407628
445 0.715424 0.510821 0.00391448
446 0.715424 0.511918 0.00380741
447 0.715424 0.507106 0.00420835
448 0.715424 0.510408 0.00389879
449 0.715424 0.513719 0.00424111
450 0.715424 0.51007 0.00435085
451 0.715424 0.503283 0.00437542
452 0.715424 0.504122 0.00396478
453 0.715424 0.513321 0.00396917
454 0.715424 0.509864 0.00426373
455 0.715424 0.514884 0.00420729
456 0.715424 0.511619 0.00417403
457 0.715424 0.5102 0.00451951
458 0.715424 0.512621 0.00388144
459 0.715424 0.516284 0.00418118
460 0.715424 0.510223 0.00373068
461 0.715424 0.516872 0.00403858
462 0.715424 0.505897 0.00425249
463 0.715424 0.507988 0.00381368
464 0.715424 0.506953 0.00441839
465 0.715424 0.514662 0.00392937
466 0.715424 0.506429 0.00374155
467 0.715424 0.509002 0.00355505
468 0.715424 0.507886 0.00424243
469 0.715424 0.508778 0.00408669
470 0.715424 0.518883 0.00414105
471 0.715424 0.500992 0.00420712
472 0.715424 0.502893 0.00430117
473 0.715424 0.493117 0.00465334
474 0.715424 0.5015 0.00366014
475 0.715424 0.507988 0.00328265
476 0.715424 0.511855 0.00382291
477 0.715424 0.506001 0.00399102
478 0.715424 0.504204 0.00444056
479 0.715424 0.503747 0.00426706
480 0.715424 0.508219 0.00335444
481 0.715424 0.508816 0.00329821
482 0.715424 0.50168 0.00362228
483 0.715424 0.509079 0.00382395
484 0.715424 0.513558 0.00316868
485 0.715424 0.509501 0.00352674
486 0.715424 0.512626 0.00349746
487 0.715424 0.514639 0.00358205
488 0.715424 0.503799 0.00353368
489 0.715424 0.511731 0.00321732
490 0.715424 0.508578 0.00358466
491 0.715424 0.511381 0.00331133
492 0.715424 0.511708 0.00362133
493 0.715424 0.514898 0.00376381
494 0.715424 0.504256 0.003378
495 0.715424 0.507616 0.00368556
496 0.715424 0.511968 0.00353852
497 0.715424 0.506301 0.00396795
498 0.715424 0.512066 0.00422264
499 0.715424 0.517919 0.00371273
500 0.715424 0.509495 0.00355158
501 0.720894 0.516927 0.00419868
502 0.720894 0.505345 0.00320102
503 0.720894 0.507891 0.00386593
504 0.720894 0.507231 0.00296678
505 0.720894 0.512131 0.00387769
506 0.720894 0.51042 0.00365074
507 0.720894 0.512352 0.00311618
508 0.720894 0.509081 0.00323372
509 0.720894 0.512903 0.00329651
510 0.720894 0.513047 0.00391905
511 0.734127 0.505428 0.00415519
512 0.734127 0.512342 0.00326356
513 0.734127 0.513671 0.00382072
514 0.734127 0.516051 0.00352774
515 0.734127 0.51839 0.00337673
516 0.734127 0.500266 0.00425681
517 0.734127 0.512544 0.00424704
518 0.734127 0.504317 0.00357656
519 0.734127 0.51563 0.00350317
520 0.734127 0.512879 0.00397825
521 0.734127 0.507835 0.00365659
522 0.734127 0.512526 0.00370194
523 0.734127 0.51076 0.00309791
524 0.734127 0.520249 0.00298395
525 0.734127 0.508183 0.00335885
526 0.734127 0.505712 0.00490127
527 0.734127 0.509428 0.00402616
528 0.734127 0.505887 0.00414325
529 0.734127 0.507973 0.00407896
530 0.734127 0.511707 0.00304163
531 0.734127 0.512636 0.00387177
532 0.734127 0.511903 0.00412211
533 0.734127 0.516581 0.00418844
534 0.734127 0.510369 0.00387513
535 0.734127 0.509026 0.00390606
536 0.734127 0.514221 0.00324586
537 0.734127 0.512836 0.00410688
538 0.734127 0.505447 0.00407583
539 0.734127 0.514034 0.00351437
540 0.734127 0.507197 0.00382886
541 0.734127 0.516112 0.00409553
542 0.734127 0.512039 0.00437572
543 0.734127 0.512809 0.00434077
544 0.734127 0.506762 0.00425433
545 0.734127 0.507056 0.00382324
546 0.734127 0.508178 0.0041199
547 0.734127 0.510374 0.00419668
548 0.734127 0.51025 0.00359122
549 0.734127 0.514832 0.0040909
550 0.734127 0.507174 0.00464297
551 0.734127 0.514552 0.00408831
552 0.734127 0.509379 0.00358075
553 0.734127 0.51022 0.00409582
554 0.734127 0.505884 0.00313343
555 0.734127 0.511114 0.00290654
556 0.734127 0.506739 0.00431522
557 0.734127 0.50784 0.00351261
558 0.734127 0.507859 0.00383083
559 0.734127 0.513342 0.00343846
560 0.734127 0.512465 0.00349706
561 0.734127 0.509677 0.00371322
562 0.734127 0.509561 0.00400336
563 0.734127 0.515795 0.00365265
564 0.734127 0.505825 0.00384361
565 0.734127 0.503606 0.00397853
566 0.734127 0.508754 0.00387799
567 0.734127 0.502243 0.00485986
568 0.734127 0.509704 0.00417192
569 0.734127 0.507014 0.00424724
570 0.734127 0.500501 0.00456548
571 0.734127 0.502165 0.00392699
572 0.734127 0.500124 0.0049989
573 0.734127 0.508059 0.00389341
574 0.734127 0.506647 0.00367867
575 0.734127 0.500665 0.00436824
576 0.734127 0.504152 0.00466472
577 0.734127 0.504437 0.00453419
578 0.734127 0.507112 0.00413365
579 0.734127 0.503105 0.00410195
580 0.734127 0.509836 0.00390123
581 0.734127 0.511703 0.00437895
582 0.734127 0.510482 0.00377996
583 0.734127 0.501694 0.00490503
584 0.734127 0.509737 0.00424127
585 0.734127 0.503996 0.00402916
586 0.734127 0.508472 0.00391846
587 0.734127 0.516992 0.00416571
588 0.734127 0.50563 0.00392737
589 0.734127 0.502514 0.00387043
590 0.734127 0.509034 0.00376977
591 0.734127 0.497992 0.00418267
592 0.734127 0.495631 0.00388774
593 0.734127 0.49427 0.00444218
594 0.734127 0.505262 0.00418386
595 0.734127 0.508007 0.00415473
596 0.734127 0.504892 0.00461304
597 0.734127 0.503714 0.00582294
598 0.734127 0.509275 0.00384286
599 0.734127 0.504155 0.00406928
600 0.734127 0.496787 0.00399498
601 0.734127 0.507813 0.00421631
602 0.734127 0.503497 0.00367081
603 0.734127 0.502444 0.00363994
604 0.734127 0.499676 0.00380722
605 0.734127 0.503622 0.00409133
606 0.734127 0.509906 0.00500093
607 0.734127 0.505378 0.00415677
608 0.734127 0.506045 0.00409088
609 0.734127 0.508874 0.00329113
610 0.734127 0.49923 0.00421504
611 0.734127 0.503184 0.00372667
612 0.734127 0.504849 0.00420806
613 0.734127 0.503194 0.00426224
614 0.734127 0.507016 0.00461244
615 0.734127 0.503807 0.00359317
616 0.734127 0.504076 0.00468376
617 0.734127 0.509419 0.00407491
618 0.734127 0.502728 0.00348155
619 0.734127 0.507005 0.00349191
620 0.734127 0.505391 0.00453035
621 0.734127 0.512367 0.00400176
622 0.734127 0.508087 0.00393551
623 0.734127 0.51088 0.00370319
624 0.734127 0.505649 0.00338497
625 0.734127 0.506852 0.00370502
626 0.734127 0.50528 0.00426402
627 0.734127 0.512475 0.00397152
628 0.734127 0.508672 0.00374703
629 0.734127 0.505846 0.00330687
630 0.734127 0.511409 0.00462537
631 0.734127 0.501668 0.00401641
632 0.734127 0.503531 0.0035232
633 0.734127 0.499814 0.00392383
634 0.734127 0.50805 0.0037966
635 0.734127 0.507743 0.00414329
636 0.734127 0.495142 0.0044246
637 0.734127 0.505207 0.00375856
638 0.734127 0.502322 0.00368909
639 0.734127 0.504861 0.00337739
640 0.734127 0.510266 0.00399488
641 0.734127 0.511238 0.00414136
642 0.734127 0.504615 0.00379354
643 0.734127 0.5141 0.00360514
644 0.734127 0.50489 0.0039922
645 0.734127 0.50319 0.00431527
646 0.734127 0.506472 0.00476711
647 0.734127 0.507622 0.00368062
648 0.734127 0.508108 0.00426745
649 0.734127 0.50549 0.00455598
650 0.734127 0.506949 0.00473826
651 0.734127 0.509791 0.00469994
652 0.734127 0.509551 0.00471602
653 0.734127 0.505605 0.00413588
654 0.734127 0.514656 0.00445163
655 0.734127 0.516962 0.00488259
656 0.734127 0.510755 0.00474373
657 0.734127 0.50574 0.00466543
658 0.734127 0.501583 0.00416774
659 0.734127 0.512774 0.00420359
660 0.734127 0.497265 0.00474267
661 0.734127 0.507299 0.00400786
662 0.734127 0.498654 0.00394754
663 0.734127 0.501142 0.00424414
664 0.734127 0.501192 0.00445108
665 0.734127 0.504981 0.00416776
666 0.734127 0.505604 0.00389831
667 0.734127 0.502588 0.00463304
668 0.734127 0.506913 0.00400205
669 0.734127 0.503385 0.00394832
670 0.734127 0.506712 0.00402781
671 0.734127 0.503203 0.00510389
672 0.734127 0.502065 0.00365957
673 0.734127 0.499849 0.00397435
674 0.734127 0.499015 0.00365814
675 0.734127 0.509521 0.00430573
676 0.734127 0.50713 0.00391432
677 0.734127 0.515527 0.00334823
678 0.734127 0.504639 0.00392428
679 0.734127 0.511672 0.00390244
680 0.734127 0.504594 0.0043504
681 0.734127 0.50624 0.00355303
682 0.734127 0.515858 0.00438768
683 0.734127 0.5015 0.00481526
684 0.734127 0.507958 0.00406213
685 0.734127 0.507962 0.00500472
686 0.734127 0.509626 0.00404456
687 0.734127 0.503591 0.00391143
688 0.734127 0.50154 0.00490342
689 0.734127 0.51312 0.00490243
690 0.734127 0.510167 0.00412248
691 0.734127 0.507977 0.00423138
692 0.734127 0.518657 0.00363824
693 0.734127 0.511921 0.00446083
694 0.734127 0.515584 0.00398892
695 0.734127 0.511141 0.00359814
696 0.734127 0.51135 0.00314964
697 0.734127 0.51565 0.0045477
698 0.734127 0.511478 0.00430835
699 0.734127 0.51346 0.00414765
700 0.734127 0.514242 0.00404884
701 0.734127 0.510509 0.00392377
702 0.734127 0.5086 0.00414927
703 0.734127 0.49867 0.00475935
704 0.734127 0.511577 0.00469052
705 0.734127 0.504374 0.0035268
706 0.734127 0.509405 0.00419549
707 0.734127 0.501247 0.0046051
708 0.734127 0.505858 0.00472678
709 0.734127 0.50714 0.00448459
710 0.734127 0.515973 0.00406098
711 0.734127 0.514709 0.0043109
712 0.734127 0.511095 0.005015
713 0.734127 0.502603 0.00473375
714 0.734127 0.501988 0.00492064
715 0.734127 0.506329 0.00374839
716 0.734127 0.508165 0.00422019
717 0.734127 0.51055 0.00449391
718 0.734127 0.507928 0.00398381
719 0.734127 0.508042 0.00377932
720 0.734127 0.512365 0.00400013
721 0.734127 0.511294 0.00500243
722 0.734127 0.511125 0.00456975
723 0.734127 0.520214 0.00368689
724 0.734127 0.516538 0.003798
725 0.734127 0.509376 0.00402913
726 0.734127 0.507897 0.00384359
727 0.734127 0.512717 0.00400784
728 0.734127 0.519611 0.00321964
729 0.734127 0.511962 0.00350135
730 0.734127 0.511298 0.00443171
731 0.734127 0.507135 0.0035063
732 0.734127 0.505407 0.00404024
733 0.734127 0.515259 0.0040467
734 0.734127 0.513787 0.00322879
735 0.734127 0.513189 0.00334431
736 0.734127 0.521604 0.00362691
737 0.734127 0.512029 0.00387704
738 0.734127 0.51386 0.00348338
739 0.734127 0.509892 0.00395063
740 0.734127 0.512034 0.00394684
741 0.734127 0.512186 0.00420369
742 0.734127 0.504844 0.00398769
743 0.734127 0.508027 0.00421397
744 0.734127 0.509287 0.0035416
745 0.734127 0.510931 0.0034747
746 0.734127 0.506463 0.00357484
747 0.734127 0.510495 0.00359481
748 0.734127 0.510891 0.00408119
749 0.734127 0.503721 0.00383166
750 0.734127 0.511393 0.00341316
751 0.734127 0.51519 0.00376965
752 0.734127 0.513983 0.00376274
753 0.734127 0.502164 0.00335598
754 0.734127 0.507038 0.00365495
755 0.734127 0.508376 0.00315963
756 0.734127 0.509356 0.00321028
757 0.734127 0.507199 0.00364259
758 0.734127 0.509128 0.00343494
759 0.734127 0.508662 0.00385763
760 0.734127 0.500214 0.00383861
761 0.734127 0.50724 0.00374037
762 0.734127 0.507826 0.00364548
763 0.734127 0.504991 0.00348611
764 0.734127 0.503098 0.00405231
765 0.734127 0.504038 0.00472574
766 0.734127 0.506676 0.00396549
767 0.734127 0.509405 0.00373001
768 0.734127 0.509696 0.00391035
769 0.734127 0.503994 0.00345304
770 0.734127 0.501846 0.00377539
771 0.734127 0.509497 0.00357206
772 0.734127 0.504693 0.00423004
773 0.734127 0.496714 0.0044438
774 0.734127 0.504647 0.00433104
775 0.734127 0.505546 0.00426498
776 0.734127 0.508792 0.00431053
777 0.734127 0.503056 0.00354154
778 0.734127 0.508684 0.00439434
779 0.734127 0.509461 0.00353595
780 0.734127 0.505087 0.00325647
781 0.734127 0.512723 0.00394303
782 0.734127 0.506446 0.00366844
783 0.734127 0.497785 0.00409882
784 0.734127 0.507851 0.00417689
785 0.735429 0.497221 0.00509998
786 0.735429 0.50442 0.00403808
787 0.735429 0.514501 0.0031256
788 0.735429 0.505492 0.00388574
789 0.735429 0.513619 0.00357819
790 0.735429 0.50487 0.00347744
791 0.735429 0.507537 0.00329932
792 0.735429 0.508466 0.00390149
793 0.735429 0.512358 0.00345293
794 0.735429 0.508291 0.00406252
795 0.735429 0.511887 0.00341768
796 0.735429 0.510828 0.00384196
797 0.735429 0.521797 0.00409545
798 0.735429 0.514485 0.00423385
799 0.735429 0.512219 0.00349245
800 0.735429 0.51781 0.00441246
801 0.735429 0.514867 0.0040332
802 0.735429 0.51516 0.00491984
803 0.735429 0.503815 0.00437668
804 0.735429 0.506005 0.00394976
805 0.735429 0.508188 0.00440146
806 0.735429 0.508368 0.00385173
807 0.735429 0.507381 0.00416297
808 0.735429 0.498953 0.00449855
809 0.735429 0.50142 0.00390225
810 0.735429 0.498781 0.0038477
811 0.735429 0.509057 0.00417155
812 0.735429 0.50838 0.00414461
813 0.735429 0.513138 0.0049121
814 0.735429 0.514654 0.00468818
815 0.735429 0.512726 0.00473382
816 0.735429 0.509766 0.00410415
817 0.735429 0.505506 0.00465235
818 0.735429 0.51314 0.00402476
819 0.735429 0.50959 0.0040522
820 0.735429 0.50094 0.00375108
821 0.735429 0.506743 0.00431431
822 0.735429 0.508223 0.00379383
823 0.735429 0.506026 0.00388083
824 0.735429 0.501382 0.00472503
825 0.735429 0.505077 0.00389794
826 0.735429 0.506183 0.00395239
827 0.735429 0.509841 0.00407483
828 0.735429 0.506273 0.0036371
829 0.735429 0.507951 0.00386571
830 0.735429 0.508009 0.00391089
831 0.735429 0.511738 0.00350944
832 0.735429 0.503001 0.0040297
833 0.735429 0.509281 0.00441444
834 0.735429 0.513826 0.00445234
835 0.735429 0.511876 0.0040364
836 0.735429 0.507359 0.00413575
837 0.735429 0.509955 0.00380858
838 0.735429 0.517615 0.00314103
839 0.735429 0.514974 0.00373787
840 0.735429 0.506733 0.00396792
841 0.735429 0.514616 0.00443678
842 0.735429 0.508447 0.00434375
843 0.735429 0.513675 0.00403636
844 0.735429 0.50879 0.00435523
845 0.735429 0.506966 0.00373663
846 0.735429 0.503017 0.00375368
847 0.735429 0.511966 0.00355807
848 0.735429 0.503815 0.00396891
849 0.735429 0.506611 0.00413219
850 0.735429 0.508565 0.00446105
851 0.735429 0.504085 0.00371381
852 0.735429 0.506953 0.00424804
853 0.735429 0.506718 0.00412458
854 0.735429 0.509805 0.00410937
855 0.735429 0.5024 0.00386393
856 0.735429 0.504406 0.00433016
857 0.735429 0.509625 0.00417202
858 0.735429 0.514994 0.00424241
859 0.735429 0.506246 0.00438134
860 0.735429 0.507062 0.0043052
861 0.735429 0.506108 0.00408519
862 0.735429 0.506635 0.00466046
863 0.735429 0.510769 0.00468456
864 0.735429 0.516087 0.00461272
865 0.735429 0.515862 0.00467841
866 0.735429 0.512247 0.0044357
867 0.735429 0.506048 0.00424606
868 0.735429 0.506621 0.00404626
869 0.735429 0.51137 0.00416823
870 0.735429 0.510612 0.00380534
871 0.735429 0.501075 0.00491558
872 0.735429 0.511996 0.0047389
873 0.735429 0.503433 0.00512222
874 0.735429 0.510226 0.00421668
875 0.735429 0.514592 0.00389635
876 0.735429 0.514784 0.0040943
877 0.735429 0.511036 0.00412891
878 0.735429 0.512561 0.00394326
879 0.735429 0.505938 0.00380696
880 0.735429 0.504294 0.00450193
881 0.735429 0.504653 0.00410846
882 0.735429 0.504621 0.00450635
883 0.735429 0.512976 0.00474584
884 0.735429 0.506082 0.00465988
885 0.735429 0.503527 0.00440212
886 0.735429 0.511565 0.00407087
887 0.735429 0.511931 0.0037687
888 0.735429 0.507484 0.00487638
889 0.735429 0.511025 0.00470437
890 0.735429 0.501292 0.00532327
891 0.735429 0.498692 0.00439161
892 0.735429 0.51033 0.00424652
893 0.735429 0.509884 0.00452257
894 0.735429 0.505253 0.00483011
895 0.735429 0.502294 0.00404199
896 0.735429 0.504853 0.00465056
897 0.735429 0.515032 0.00520735
898 0.735429 0.509822 0.00463958
899 0.735429 0.499837 0.0048579
900 0.735429 0.511428 0.00452037
901 0.735429 0.509276 0.00456957
902 0.735429 0.50353 0.00462502
903 0.737532 0.51112 0.00426593
904 0.737532 0.506678 0.00466295
905 0.737532 0.508368 0.00492674
906 0.737532 0.508103 0.00473594
907 0.737532 0.512903 0.00438058
908 0.737532 0.517561 0.00368228
909 0.737532 0.501616 0.00427839
910 0.737532 0.507482 0.00406655
911 0.737532 0.509453 0.00505773
912 0.737532 0.509287 0.00480482
913 0.737532 0.504473 0.00462612
914 0.737532 0.504652 0.00411409
915 0.737532 0.505885 0.0042099
916 0.741021 0.514245 0.00463615
917 0.741021 0.501266 0.00539486
918 0.741021 0.505113 0.00406208
919 0.741021 0.503687 0.00438772
920 0.741021 0.508503 0.00475783
921 0.741021 0.501594 0.00455959
922 0.741021 0.510444 0.00427297
923 0.741021 0.50043 0.00420744
924 0.741021 0.501808 0.00420971
925 0.741021 0.506626 0.00406115
926 0.741021 0.510134 0.00444829
927 0.741021 0.507364 0.00432661
928 0.741021 0.509444 0.00409086
929 0.741021 0.502115 0.00501956
930 0.741021 0.509417 0.0042706
931 0.741021 0.503302 0.00483504
932 0.741021 0.515011 0.00426296
933 0.741021 0.509638 0.004595
934 0.741021 0.520521 0.00371254
935 0.741021 0.505194 0.00421965
936 0.741021 0.50533 0.00431027
937 0.741021 0.502304 0.00403114
938 0.741021 0.501299 0.003888
939 0.741021 0.512989 0.00412876
940 0.741021 0.505034 0.00439036
941 0.741021 0.506602 0.00378398
942 0.741021 0.507759 0.00386186
943 0.741021 0.506319 0.00361022
944 0.741021 0.509281 0.00449493
945 0.741021 0.5178 0.00420833
946 0.741021 0.51189 0.00382177
947 0.741021 0.510653 0.00452176
948 0.741021 0.500518 0.00448912
949 0.741021 0.503467 0.00419503
950 0.741021 0.509551 0.0039163
951 0.741021 0.508996 0.0043581
952 0.741021 0.519589 0.00411878
953 0.741021 0.511701 0.0035432
954 0.741021 0.501798 0.00396555
955 0.741021 0.505997 0.0042694
956 0.741021 0.506909 0.00378685
957 0.741021 0.510508 0.00408249
958 0.741021 0.513817 0.00339271
959 0.741021 0.509897 0.00479646
960 0.741021 0.506953 0.00437397
961 0.741021 0.507098 0.00448914
962 0.741021 0.517326 0.00370738
963 0.741021 0.515668 0.00340506
964 0.741021 0.502136 0.00455704
965 0.741021 0.503395 0.0040734
966 0.741021 0.506808 0.00450269
967 0.741021 0.505915 0.00457878
968 0.741021 0.504863 0.00522628
969 0.741021 0.510939 0.0045833
970 0.741021 0.508408 0.0044597
971 0.741021 0.504201 0.00445651
972 0.741021 0.512548 0.00450215
973 0.741021 0.503405 0.00431757
974 0.741021 0.505382 0.00462859
975 0.741021 0.500578 0.00497006
976 0.741021 0.511681 0.00356854
977 0.741021 0.506857 0.00415031
978 0.741021 0.510837 0.0042751
979 0.741021 0.511759 0.00338576
980 0.741021 0.517666 0.00385776
981 0.741021 0.506608 0.00464027
982 0.741021 0.512078 0.00435396
983 0.741021 0.509138 0.00452888
984 0.741021 0.508871 0.00433921
985 0.741021 0.516078 0.00382247
986 0.741021 0.508986 0.00374518
987 0.741021 0.50784 0.0039644
988 0.741021 0.505598 0.00350405
989 0.741021 0.507719 0.00358087
990 0.741021 0.510749 0.00357567
991 0.741021 0.511781 0.00413073
992 0.741021 0.502607 0.00379246
993 0.741021 0.516012 0.00405848
994 0.741021 0.502309 0.00459789
995 0.741021 0.506409 0.00501781
996 0.741021 0.508151 0.00463756
997 0.741021 0.515908 0.00471576
998 0.741021 0.508419 0.00458674
999 0.741021 0.505041 0.00449789
1000 0.741021 0.503819 0.00494678
1001 0.741021 0.501505 0.00489273
1002 0.741021 0.502007 0.00426765
1003 0.741021 0.502135 0.00417153
1004 0.741021 0.510009 0.00441241
1005 0.741021 0.502708 0.0044358
1006 0.741021 0.497313 0.00458733
1007 0.741021 0.49227 0.00448753
1008 0.741021 0.507422 0.00417838
1009 0.741021 0.506477 0.00403081
1010 0.741021 0.515342 0.00476717
1011 0.741021 0.502735 0.00371652
1012 0.741021 0.499793 0.00405811
1013 0.741021 0.503957 0.00490735
1014 0.741021 0.501481 0.00519199
1015 0.741021 0.501231 0.00472824
1016 0.741021 0.503709 0.00408643
1017 0.741021 0.499919 0.00463874
1018 0.741021 0.505149 0.00392552
1019 0.741021 0.507771 0.00406455
1020 0.741021 0.513963 0.00440158
1021 0.741021 0.506116 0.00445942
1022 0.741021 0.504604 0.00458369
1023 0.741021 0.510099 0.00482957
1024 0.741021 0.508693 0.00462589
1025 0.741021 0.496801 0.00511862
1026 0.741021 0.496796 0.00525386
1027 0.741021 0.506746 0.00454203
1028 0.741021 0.507733 0.00408701
1029 0.741021 0.510873 0.00418549
1030 0.741021 0.501575 0.00453732
1031 0.741021 0.505787 0.00533562
1032 0.741021 0.511702 0.00429277
1033 0.741021 0.512365 0.00355954
1034 0.741021 0.499642 0.00423108
1035 0.741021 0.508798 0.00536296
1036 0.741021 0.504537 0.00440705
1037 0.741021 0.500704 0.00497651
1038 0.741021 0.502947 0.00435687
1039 0.741021 0.502655 0.00407
1040 0.741021 0.506261 0.0044311
1041 0.741021 0.510724 0.00382598
1042 0.741021 0.501036 0.00483105
1043 0.741021 0.512712 0.00387251
1044 0.741021 0.508755 0.00414987
1045 0.741021 0.512034 0.00403857
1046 0.741021 0.509646 0.00427438
1047 0.741021 0.503617 0.00462086
1048 0.741021 0.506421 0.00352294
1049 0.741021 0.511015 0.00414834
1050 0.741021 0.508745 0.00427592
1051 0.741021 0.511321 0.00378702
1052 0.741021 0.514917 0.00403295
1053 0.741021 0.505285 0.00470126
1054 0.741021 0.510168 0.00387701
1055 0.741021 0.51158 0.00414299
1056 0.741021 0.513276 0.00438784
1057 0.741021 0.512158 0.00408428
1058 0.741021 0.50628 0.00432913
1059 0.741021 0.50156 0.00482997
1060 0.741021 0.504777 0.00454447
1061 0.741021 0.50913 0.00437814
1062 0.741021 0.509614 0.00446058
1063 0.741021 0.507839 0.00469847
1064 0.741021 0.505983 0.00458677
1065 0.741021 0.514743 0.00487382
1066 0.741021 0.514962 0.00445053
1067 0.741021 0.498698 0.00498034
1068 0.741021 0.499185 0.0051339
1069 0.741021 0.499864 0.00523154
1070 0.741021 0.498686 0.00479047
1071 0.741021 0.509242 0.00452049
1072 0.741021 0.50699 0.00485696
1073 0.741021 0.498712 0.0046741
1074 0.741021 0.510532 0.00534908
1075 0.741021 0.506246 0.00535182
1076 0.741021 0.503781 0.0048143
1077 0.741021 0.502973 0.00477704
1078 0.741021 0.494853 0.00495181
1079 0.741021 0.496139 0.00471104
1080 0.741021 0.498844 0.00395892
1081 0.741021 0.508668 0.00403109
1082 0.741021 0.504393 0.00403025
1083 0.741021 0.504816 0.00430548
1084 0.741021 0.502648 0.00403374
1085 0.741021 0.501675 0.00440525
1086 0.741021 0.502074 0.00367643
1087 0.741021 0.504094 0.0045842
1088 0.741021 0.498059 0.0036529
1089 0.741021 0.502925 0.00517583
1090 0.741021 0.504144 0.00417943
1091 0.741021 0.510993 0.00333274
1092 0.741021 0.507385 0.00409279
1093 0.741021 0.512854 0.00381398
1094 0.741021 0.518522 0.00399648
1095 0.741021 0.505275 0.00406648
1096 0.741021 0.506632 0.00397335
1097 0.741021 0.502339 0.0046875
1098 0.741021 0.504895 0.00449151
1099 0.741021 0.500187 0.00468315
1100 0.741021 0.50091 0.00446709
1101 0.741021 0.509107 0.00420658
1102 0.741021 0.50961 0.00473651
1103 0.741021 0.503825 0.0041742
1104 0.741021 0.508449 0.00387287
1105 0.741021 0.512759 0.0038985
1106 0.741021 0.511335 0.00436568
1107 0.741021 0.507128 0.00384992
1108 0.741021 0.501311 0.00457278
1109 0.741021 0.504002 0.00457119
1110 0.741021 0.503672 0.00507355
1111 0.741021 0.515897 0.0044159
1112 0.741021 0.506242 0.00386353
1113 0.741021 0.504072 0.00447709
1114 0.741021 0.508614 0.00548593
1115 0.741021 0.511425 0.00400849
1116 0.741021 0.503076 0.00406065
1117 0.741021 0.504236 0.00421961
1118 0.741021 0.509741 0.00462677
1119 0.741021 0.510268 0.00442405
1120 0.741021 0.51649 0.00446876
1121 0.741021 0.49813 0.00469899
1122 0.741021 0.507951 0.00389848
1123 0.741021 0.511804 0.00396806
1124 0.741021 0.511105 0.00410922
1125 0.741021 0.512194 0.00350289
1126 0.741021 0.511716 0.00436874
1127 0.741021 0.504826 0.00427723
1128 0.741021 0.506854 0.00381501
1129 0.741021 0.505327 0.00410076
1130 0.741021 0.501011 0.0050718
1131 0.741021 0.497213 0.00517136
1132 0.741021 0.505337 0.00516553
1133 0.741021 0.50723 0.00408461
1134 0.741021 0.496405 0.00402095
1135 0.741021 0.503301 0.00470722
1136 0.741021 0.506789 0.00434178
1137 0.741021 0.509675 0.00428894
1138 0.741021 0.510106 0.00426577
1139 0.741021 0.511815 0.00480698
1140 0.741021 0.505431 0.00524683
1141 0.741021 0.507108 0.00463957
1142 0.741021 0.5023 0.00463378
1143 0.741021 0.506683 0.00459406
1144 0.741021 0.515585 0.00448744
1145 0.741021 0.496389 0.00477494
1146 0.741021 0.508095 0.00430201
1147 0.741021 0.501729 0.00365821
1148 0.741021 0.512336 0.00404145
1149 0.741021 0.508055 0.00392019
1150 0.741021 0.507605 0.00452467
1151 0.741021 0.509724 0.00395754
1152 0.741021 0.505724 0.00421993
1153 0.741021 0.508522 0.00442623
1154 0.741021 0.513813 0.00476035
1155 0.741021 0.50894 0.00399351
1156 0.741021 0.515902 0.00404109
1157 0.741021 0.506103 0.00429943
1158 0.741021 0.502215 0.0043875
1159 0.741021 0.506031 0.00400436
1160 0.741021 0.511648 0.00444037
1161 0.741021 0.509555 0.00431048
1162 0.741021 0.509454 0.0040952
1163 0.741021 0.514043 0.00425842
1164 0.741021 0.510911 0.00375573
1165 0.741021 0.513868 0.00465883
1166 0.741021 0.506864 0.00365903
1167 0.741021 0.50974 0.00444059
1168 0.741021 0.514946 0.00441699
1169 0.741021 0.50959 0.00396796
1170 0.741021 0.506612 0.0039209
1171 0.741021 0.509137 0.00379092
1172 0.741021 0.514144 0.00416011
1173 0.741021 0.510176 0.00394689
1174 0.741021 0.514479 0.0038831
1175 0.74815 0.512989 0.00419403
1176 0.74815 0.51857 0.00514021
1177 0.74815 0.515723 0.00422163
1178 0.74815 0.518205 0.00441878
1179 0.74815 0.507381 0.00473034
1180 0.74815 0.511162 0.00419386
1181 0.74815 0.513741 0.00427806
1182 0.74815 0.507964 0.00461969
1183 0.74815 0.510856 0.00401216
1184 0.74815 0.516374 0.00439057
1185 0.74815 0.501678 0.00499625
1186 0.74815 0.51604 0.00386959
1187 0.74815 0.507354 0.0045662
1188 0.74815 0.503594 0.00499442
1189 0.74815 0.499113 0.00438842
1190 0.74815 0.502453 0.0045006
1191 0.74815 0.501279 0.00568378
1192 0.74815 0.510998 0.00434626
1193 0.74815 0.508639 0.00417302
1194 0.74815 0.500798 0.00438327
1195 0.74815 0.511361 0.00475527
1196 0.74815 0.516797 0.00470736
1197 0.74815 0.517296 0.00398332
1198 0.74815 0.510968 0.00454669
1199 0.74815 0.514841 0.00452952
1200 0.74815 0.512182 0.00478655
1201 0.74815 0.511158 0.00437123
1202 0.74815 0.5071 0.00414423
1203 0.74815 0.508135 0.00458054
1204 0.74815 0.510109 0.00422643
1205 0.74815 0.512178 0.0043892
1206 0.74815 0.510823 0.00462887
1207 0.74815 0.509094 0.00495434
1208 0.74815 0.511341 0.00508533
1209 0.74815 0.518925 0.00447899
1210 0.74815 0.505233 0.00435085
1211 0.74815 0.51013 0.00447635
1212 0.74815 0.506542 0.00456469
1213 0.74815 0.511016 0.00462031
1214 0.74815 0.508194 0.00435262
1215 0.74815 0.506098 0.00434808
1216 0.74815 0.517167 0.0037692
1217 0.74815 0.516148 0.004302
1218 0.74815 0.514638 0.00428932
1219 0.74815 0.512412 0.00478591
1220 0.74815 0.50993 0.00447417
1221 0.74815 0.509889 0.00443557
1222 0.74815 0.502041 0.00422118
1223 0.74815 0.51045 0.00421122
1224 0.74815 0.507628 0.00390849
1225 0.74815 0.513266 0.00386177
1226 0.74815 0.518359 0.00379176
1227 0.74815 0.512168 0.00401282
1228 0.74815 0.505721 0.00448406
1229 0.74815 0.505016 0.00457739
1230 0.74815 0.506215 0.00431427
1231 0.74815 0.51113 0.00413888
1232 0.74815 0.516263 0.00410905
1233 0.74815 0.523993 0.00419487
1234 0.74815 0.507377 0.00433114
1235 0.74815 0.510205 0.00391787
1236 0.74815 0.512595 0.00437791
1237 0.74815 0.509055 0.00459948
1238 0.74815 0.511803 0.00387987
1239 0.74815 0.508743 0.00434642
1240 0.74815 0.508336 0.00442211
1241 0.74815 0.510921 0.00425865
1242 0.74815 0.513645 0.00435123
1243 0.74815 0.504249 0.00515076
1244 0.74815 0.514443 0.00429288
1245 0.74815 0.514974 0.00371282
1246 0.74815 0.517539 0.00333583
1247 0.74815 0.518612 0.00374533
1248 0.74815 0.514546 0.00426356
1249 0.74815 0.511919 0.00403633
1250 0.74815 0.514688 0.0046545
1251 0.74815 0.50973 0.00359875
1252 0.74815 0.506254 0.00431072
1253 0.74815 0.505041 0.00431891
1254 0.74815 0.504573 0.00440124
1255 0.74815 0.507616 0.00478023
1256 0.74815 0.506034 0.00392773
1257 0.74815 0.510868 0.00427648
1258 0.74815 0.518001 0.00405286
1259 0.74815 0.506528 0.00415981
1260 0.74815 0.506156 0.00434806
1261 0.74815 0.495889 0.00460424
1262 0.74815 0.51374 0.00424142
1263 0.74815 0.504158 0.00386284
1264 0.74815 0.516303 0.0043485
1265 0.74815 0.514093 0.00464923
1266 0.74815 0.503555 0.00394007
1267 0.74815 0.506234 0.00392866
1268 0.74815 0.508952 0.00408304
1269 0.74815 0.510795 0.0043982
1270 0.74815 0.504205 0.00488437
1271 0.74815 0.504598 0.00401022
1272 0.74815 0.505539 0.00393692
1273 0.74815 0.508396 0.00405306
1274 0.74815 0.50277 0.00429863
1275 0.74815 0.508268 0.00363799
1276 0.74815 0.505924 0.00378454
1277 0.74815 0.503565 0.00416995
1278 0.74815 0.518256 0.0039315
1279 0.74815 0.505627 0.00469097
1280 0.74815 0.49965 0.00543691
1281 0.74815 0.516178 0.00498718
1282 0.74815 0.50946 0.00556604
1283 0.74815 0.516505 0.00463665
1284 0.74815 0.510065 0.00415591
1285 0.74815 0.513308 0.00410547
1286 0.74815 0.515468 0.00369941
1287 0.74815 0.506521 0.0038229
1288 0.74815 0.514833 0.00463235
1289 0.74815 0.510575 0.00491341
1290 0.74815 0.511025 0.00475303
1291 0.74815 0.518014 0.00391823
1292 0.74815 0.507889 0.00415744
1293 0.74815 0.505936 0.00450674
1294 0.74815 0.518249 0.00355606
1295 0.74815 0.52012 0.00372289
1296 0.74815 0.508081 0.00441706
1297 0.74815 0.512341 0.00426851
1298 0.74815 0.512198 0.00501269
1299 0.74815 0.519479 0.00464853
1300 0.74815 0.520506 0.00408211
1301 0.74815 0.511249 0.00341066
1302 0.74815 0.513985 0.00382271
1303 0.74815 0.507757 0.00462675
1304 0.74815 0.508612 0.00420542
1305 0.74815 0.508739 0.00391588
1306 0.74815 0.504463 0.00389651
1307 0.74815 0.509644 0.00357784
1308 0.74815 0.515221 0.00334088
1309 0.74815 0.513521 0.00410067
1310 0.74815 0.511068 0.00449008
1311 0.74815 0.503988 0.00460479
1312 0.74815 0.505443 0.00396757
1313 0.74815 0.51331 0.00423021
1314 0.74815 0.516814 0.00399405
1315 0.74815 0.514457 0.00434376
1316 0.74815 0.512868 0.00430489
1317 0.74815 0.508706 0.00403822
1318 0.74815 0.515053 0.00491705
1319 0.74815 0.516105 0.00420092
1320 0.74815 0.503069 0.00422777
1321 0.74815 0.507183 0.00540365
1322 0.74815 0.507824 0.00574692
1323 0.74815 0.501797 0.00492473
1324 0.74815 0.515319 0.00401907
1325 0.74815 0.505076 0.00451401
1326 0.74815 0.511204 0.00400055
1327 0.74815 0.502535 0.00537309
1328 0.74815 0.510895 0.00502292
1329 0.74815 0.516558 0.00423967
1330 0.74815 0.507068 0.00441728
1331 0.74815 0.50934 0.00399888
1332 0.74815 0.50506 0.00445574
1333 0.74815 0.515312 0.00444756
1334 0.74815 0.50922 0.00484287
1335 0.74815 0.508853 0.00415827
1336 0.74815 0.513408 0.00420792
1337 0.74815 0.505546 0.00444307
1338 0.74815 0.51833 0.00383315
1339 0.74815 0.513151 0.00398458
1340 0.74815 0.519172 0.00360996
1341 0.74815 0.50998 0.00477589
1342 0.74815 0.513604 0.00505503
1343 0.74815 0.520093 0.00500495
1344 0.74815 0.504383 0.00437208
1345 0.74815 0.50681 0.0046281
1346 0.74815 0.506596 0.00521515
1347 0.74815 0.512978 0.00461675
1348 0.74815 0.516258 0.00445401
1349 0.74815 0.510157 0.00500841
1350 0.74815 0.515646 0.00419385
1351 0.74815 0.509551 0.00412807
1352 0.74815 0.506425 0.00420424
1353 0.74815 0.508901 0.00514391
1354 0.74815 0.508021 0.0051845
1355 0.74815 0.509573 0.00524672
1356 0.74815 0.512859 0.00550321
1357 0.74815 0.520319 0.00501617
1358 0.74815 0.516768 0.0040594
1359 0.74815 0.508779 0.00503732
1360 0.74815 0.505352 0.00449555
1361 0.74815 0.50115 0.00460486
1362 0.74815 0.504402 0.00447853
1363 0.74815 0.510527 0.00465442
1364 0.74815 0.510592 0.00400964
1365 0.74815 0.520537 0.0042504
1366 0.74815 0.507661 0.00443113
1367 0.74815 0.508531 0.00470557
1368 0.74815 0.512595 0.00501717
1369 0.74815 0.511315 0.00407201
1370 0.74815 0.509409 0.00455135
1371 0.74815 0.500326 0.00480098
1372 0.74815 0.504726 0.00484852
1373 0.74815 0.510305 0.00468431
1374 0.74815 0.504213 0.00465691
1375 0.74815 0.502133 0.00466255
1376 0.74815 0.505946 0.00553027
1377 0.74815 0.500482 0.00489823
1378 0.74815 0.507134 0.00409767
1379 0.74815 0.500605 0.00437349
1380 0.74815 0.505439 0.00407898
1381 0.74815 0.511939 0.00420384
1382 0.74815 0.511384 0.00415703
1383 0.74815 0.508101 0.00453949
1384 0.74815 0.505579 0.00465886
1385 0.74815 0.49373 0.0048013
1386 0.74815 0.509573 0.00526986
1387 0.74815 0.50309 0.0046287
1388 0.74815 0.50023 0.00410673
1389 0.74815 0.49958 0.00467668
1390 0.74815 0.515744 0.00429949
1391 0.74815 0.515754 0.00498579
1392 0.74815 0.511421 0.00503502
1393 0.74815 0.514604 0.00480358
1394 0.74815 0.516044 0.0055799
1395 0.74815 0.50016 0.00511182
1396 0.74815 0.512358 0.00431276
1397 0.74815 0.507379 0.00455253
1398 0.74815 0.510973 0.00427233
1399 0.74815 0.510826 0.00410254
1400 0.74815 0.510568 0.00446346
1401 0.74815 0.510731 0.00434128
1402 0.74815 0.510707 0.00428569
1403 0.74815 0.513178 0.00431102
1404 0.74815 0.516058 0.00441903
1405 0.74815 0.509066 0.00367023
1406 0.74815 0.512879 0.00392151
1407 0.74815 0.508229 0.00427756
1408 0.74815 0.516401 0.00405843
1409 0.74815 0.515362 0.00394685
1410 0.74815 0.509632 0.00427271
1411 0.74815 0.507523 0.00473216
1412 0.74815 0.505907 0.00456266
1413 0.74815 0.514791 0.00472734
1414 0.74815 0.510272 0.00449621
1415 0.74815 0.508501 0.00519278
1416 0.74815 0.509957 0.00412856
1417 0.74815 0.51039 0.00476713
1418 0.74815 0.504136 0.00429771
1419 0.74815 0.507174 0.00425667
1420 0.74815 0.5066 0.00478026
1421 0.74815 0.514832 0.0046554
1422 0.74815 0.508194 0.00465754
1423 0.74815 0.499587 0.00477046
1424 0.74815 0.504509 0.00482406
1425 0.74815 0.506389 0.00511281
1426 0.74815 0.506559 0.005483
1427 0.74815 0.506701 0.00520703
1428 0.74815 0.501033 0.00516647
1429 0.74815 0.505733 0.00415683
1430 0.74815 0.509376 0.00419214
1431 0.74815 0.504957 0.00456859
1432 0.74815 0.508686 0.00482292
1433 0.74815 0.511125 0.00421474
1434 0.74815 0.505293 0.00456958
1435 0.74815 0.507211 0.00487
1436 0.74815 0.509761 0.00458115
1437 0.74815 0.508463 0.00433804
1438 0.74815 0.500667 0.00462896
1439 0.74815 0.502952 0.00511098
1440 0.74815 0.501908 0.00532223
1441 0.74815 0.501832 0.00592729
1442 0.74815 0.504353 0.00497248
1443 0.74815 0.506382 0.00533854
1444 0.74815 0.510851 0.00478971
1445 0.74815 0.515419 0.00419514
1446 0.74815 0.504573 0.00489809
1447 0.74815 0.508798 0.00508953
1448 0.74815 0.515301 0.00395783
1449 0.74815 0.503539 0.00431548
1450 0.74815 0.512298 0.00440521
1451 0.74815 0.507694 0.00463414
1452 0.74815 0.504345 0.00522855
1453 0.74815 0.50629 0.00456165
1454 0.74815 0.503514 0.00453885
1455 0.74815 0.495426 0.00460862
1456 0.74815 0.502728 0.00535036
1457 0.74815 0.503029 0.00440069
1458 0.74815 0.512069 0.00438764
1459 0.74815 0.515038 0.00393151
1460 0.74815 0.509853 0.00451027
1461 0.74815 0.509 0.00410376
1462 0.74815 0.503498 0.0043445
1463 0.74815 0.516451 0.00445108
1464 0.74815 0.517797 0.00351382
1465 0.74815 0.506935 0.00570411
1466 0.74815 0.5047 0.00456293
1467 0.74815 0.508659 0.00395584
1468 0.74815 0.503567 0.0049143
1469 0.74815 0.509942 0.00431353
1470 0.74815 0.502959 0.00498643
1471 0.74815 0.51513 0.00435389
1472 0.74815 0.511492 0.00414668
1473 0.74815 0.512565 0.00462597
1474 0.74815 0.518495 0.00462363
1475 0.74815 0.505543 0.00439397
1476 0.74815 0.504404 0.00432536
1477 0.74815 0.506351 0.00459219
1478 0.74815 0.511461 0.00431568
1479 0.74815 0.51048 0.00406049
1480 0.74815 0.525955 0.00451082
1481 0.74815 0.514365 0.00459836
1482 0.74815 0.513533 0.00421655
1483 0.74815 0.507171 0.00435473
1484 0.74815 0.511823 0.00400961
1485 0.74815 0.504892 0.00439728
1486 0.74815 0.506138 0.00456923
1487 0.74815 0.506495 0.00455988
1488 0.74815 0.504781 0.00438986
1489 0.74815 0.513216 0.00423337
1490 0.74815 0.519253 0.00392286
1491 0.74815 0.509915 0.00505822
1492 0.74815 0.506555 0.00451944
1493 0.74815 0.518087 0.00375177
1494 0.74815 0.513543 0.00386011
1495 0.74815 0.512593 0.00429637
1496 0.74815 0.515637 0.00479964
1497 0.74815 0.509731 0.00400022
1498 0.74815 0.512202 0.00402653
1499 0.74815 0.515324 0.00393212
1500 0.74815 0.510403 0.00494024
1501 0.74815 0.508264 0.00498875
1502 0.74815 0.504547 0.00462059
1503 0.74815 0.50961 0.00371066
1504 0.74815 0.516818 0.00478683
1505 0.74815 0.518808 0.00438533
1506 0.74815 0.499397 0.00435391
1507 0.74815 0.502513 0.00441562
1508 0.74815 0.506315 0.00442299
1509 0.74815 0.506317 0.00431453
1510 0.74815 0.512619 0.0044413
1511 0.74815 0.505053 0.00465667
1512 0.74815 0.511523 0.00427633
1513 0.74815 0.513947 0.00454831
1514 0.74815 0.516696 0.00457382
1515 0.74815 0.510036 0.00432581
1516 0.74815 0.502616 0.00489358
1517 0.74815 0.51108 0.00443943
1518 0.74815 0.504726 0.00502362
1519 0.74815 0.504068 0.00436891
1520 0.74815 0.509482 0.00461148
1521 0.74815 0.510335 0.00456022
1522 0.74815 0.515565 0.00424754
1523 0.74815 0.511989 0.00504489
1524 0.74815 0.514272 0.00474091
1525 0.74815 0.507641 0.00389179
1526 0.74815 0.510567 0.00467727
1527 0.74815 0.508871 0.00480031
1528 0.74815 0.513453 0.00509421
1529 0.74815 0.515234 0.00529558
1530 0.74815 0.511129 0.00415226
1531 0.74815 0.515229 0.00489765
1532 0.74815 0.512058 0.00483948
1533 0.74815 0.500488 0.0047212
1534 0.74815 0.503455 0.00462412
1535 0.74815 0.511727 0.00477112
1536 0.74815 0.515623 0.00468075
1537 0.74815 0.504896 0.00478145
1538 0.74815 0.513737 0.00530687
1539 0.74815 0.507541 0.00476087
1540 0.74815 0.509602 0.00436381
1541 0.74815 0.501198 0.00422705
1542 0.74815 0.499348 0.00441085
1543 0.74815 0.501593 0.0047163
1544 0.74815 0.510443 0.00365192
1545 0.74815 0.514342 0.00487587
1546 0.74815 0.510401 0.00574246
1547 0.74815 0.495791 0.00450168
1548 0.74815 0.499189 0.00470633
1549 0.74815 0.503304 0.00497315
1550 0.74815 0.503973 0.00512424
1551 0.74815 0.504537 0.00509648
1552 0.74815 0.506419 0.003938
1553 0.74815 0.506802 0.003951
1554 0.74815 0.512229 0.00438693
1555 0.74815 0.509382 0.00419006
1556 0.74815 0.514973 0.00444763
1557 0.74815 0.514581 0.00510605
1558 0.74815 0.513669 0.00425441
1559 0.74815 0.51146 0.00471701
1560 0.74815 0.510726 0.00413073
1561 0.74815 0.505147 0.0043641
1562 0.74815 0.512914 0.00513769
1563 0.74815 0.509533 0.00463332
1564 0.74815 0.510858 0.00443793
1565 0.74815 0.508426 0.00475919
1566 0.74815 0.511359 0.00472295
1567 0.74815 0.511174 0.00473669
1568 0.74815 0.505793 0.00442049
1569 0.74815 0.5146 0.00490641
1570 0.74815 0.511119 0.00453321
1571 0.74815 0.508597 0.0043456
1572 0.74815 0.508409 0.00460842
1573 0.74815 0.507276 0.00433114
1574 0.74815 0.507626 0.00467911
1575 0.74815 0.513269 0.0039849
1576 0.74815 0.507076 0.0045581
1577 0.74815 0.510608 0.00379926
1578 0.74815 0.513026 0.0047551
1579 0.74815 0.514468 0.00400928
1580 0.74815 0.510998 0.00455596
1581 0.74815 0.512678 0.00486198
1582 0.74815 0.510647 0.0046418
1583 0.74815 0.509882 0.0041429
1584 0.74815 0.50808 0.00431308
1585 0.74815 0.511242 0.00425534
1586 0.74815 0.500853 0.00497179
1587 0.74815 0.503871 0.00480858
1588 0.74815 0.505787 0.00500668
1589 0.74815 0.506542 0.00446383
1590 0.74815 0.506346 0.00472143
1591 0.74815 0.505892 0.00426396
1592 0.74815 0.511852 0.00444437
1593 0.74815 0.514806 0.00382156
1594 0.74815 0.507489 0.00396334
1595 0.74815 0.503534 0.00479407
1596 0.74815 0.504734 0.00488246
1597 0.74815 0.504573 0.00461371
1598 0.74815 0.508588 0.00450799
1599 0.74815 0.514545 0.00453029
1600 0.74815 0.512443 0.00437594
1601 0.74815 0.508764 0.00495689
1602 0.74815 0.508203 0.00460781
1603 0.74815 0.509621 0.00440425
1604 0.74815 0.507808 0.0041327
1605 0.74815 0.503021 0.0046587
1606 0.74815 0.512993 0.00474727
1607 0.74815 0.516936 0.00418864
1608 0.74815 0.509691 0.00462033
1609 0.74815 0.514538 0.00442542
1610 0.74815 0.510006 0.00463481
1611 0.74815 0.515005 0.004394
1612 0.74815 0.514953 0.00487299
1613 0.74815 0.512348 0.00442589
1614 0.74815 0.512041 0.00423439
1615 0.74815 0.513707 0.00365188
1616 0.74815 0.515122 0.00364082
1617 0.74815 0.51138 0.00434795
1618 0.74815 0.512793 0.00436095
1619 0.74815 0.513997 0.00357514
1620 0.74815 0.512805 0.00458817
1621 0.74815 0.508935 0.00461655
1622 0.74815 0.507792 0.00482308
1623 0.74815 0.518223 0.00358219
1624 0.74815 0.510885 0.00371031
1625 0.74815 0.519439 0.00351904
1626 0.74815 0.520042 0.00428301
1627 0.74815 0.508458 0.00498385
1628 0.74815 0.501433 0.00426536
1629 0.74815 0.510506 0.00471998
1630 0.74815 0.507129 0.00350236
1631 0.74815 0.510821 0.00373975
1632 0.74815 0.505201 0.00432876
1633 0.74815 0.514705 0.00502425
1634 0.74815 0.500344 0.00429265
1635 0.74815 0.512114 0.00415009
1636 0.74815 0.506552 0.00423874
1637 0.74815 0.5157 0.00441871
1638 0.74815 0.511501 0.00390114
1639 0.74815 0.511462 0.00438209
1640 0.74815 0.504133 0.00480724
1641 0.74815 0.5072 0.00403226
1642 0.74815 0.514256 0.00428557
1643 0.74815 0.511659 0.00448535
1644 0.755811 0.511966 0.00463964
1645 0.755811 0.513837 0.00424113
1646 0.755811 0.51171 0.00465067
1647 0.755811 0.515988 0.00503283
1648 0.755811 0.513236 0.00490945
1649 0.755811 0.512996 0.00431389
1650 0.755811 0.509859 0.004253
1651 0.755811 0.508381 0.00441091
1652 0.755811 0.50697 0.00476261
1653 0.755811 0.508708 0.0054249
1654 0.755811 0.509172 0.00517542
1655 0.755811 0.501293 0.00459628
1656 0.755811 0.501475 0.00459792
1657 0.755811 0.509927 0.00439843
1658 0.755811 0.508098 0.00509166
1659 0.755811 0.511261 0.00418653
1660 0.755811 0.511452 0.00398088
1661 0.755811 0.504619 0.00440665
1662 0.755811 0.512546 0.00412093
1663 0.755811 0.514893 0.003954
1664 0.755811 0.508628 0.00410006
1665 0.755811 0.52058 0.00363423
1666 0.755811 0.515287 0.00376659
1667 0.755811 0.50801 0.00436351
1668 0.755811 0.514913 0.00399761
1669 0.755811 0.50497 0.00370395
1670 0.755811 0.508244 0.00417247
1671 0.755811 0.505198 0.00445902
1672 0.755811 0.511554 0.00421577
1673 0.755811 0.509166 0.00440152
1674 0.755811 0.509454 0.00401241
1675 0.755811 0.507687 0.00434113
1676 0.755811 0.500066 0.00432077
1677 0.755811 0.502942 0.00406577
1678 0.755811 0.512972 0.00505157
1679 0.755811 0.514807 0.00423076
1680 0.755811 0.510566 0.00415438
1681 0.755811 0.503884 0.00404796
1682 0.755811 0.514296 0.00406233
1683 0.755811 0.503351 0.00407883
1684 0.755811 0.50732 0.00394182
1685 0.755811 0.504741 0.00415555
1686 0.755811 0.511681 0.00381542
1687 0.755811 0.511647 0.00367673
1688 0.755811 0.510143 0.0044767
1689 0.755811 0.512832 0.00401383
1690 0.755811 0.509831 0.00357311
1691 0.755811 0.51488 0.00431206
1692 0.755811 0.510248 0.00403449
1693 0.755811 0.512837 0.00393969
1694 0.755811 0.515178 0.00435791
1695 0.755811 0.514003 0.00379934
1696 0.755811 0.511225 0.00399551
1697 0.755811 0.507415 0.00466891
1698 0.755811 0.507797 0.00435562
1699 0.755811 0.510995 0.00410012
1700 0.755811 0.515123 0.00416537
1701 0.755811 0.508539 0.00470771
1702 0.755811 0.514677 0.00413256
1703 0.755811 0.513802 0.00385839
1704 0.755811 0.516023 0.00497476
1705 0.755811 0.509421 0.0043849
1706 0.755811 0.512638 0.00398624
1707 0.755811 0.508235 0.00427282
1708 0.755811 0.509787 0.00475634
1709 0.755811 0.504204 0.00540535
1710 0.755811 0.502352 0.00413951
1711 0.755811 0.507811 0.00496032
1712 0.755811 0.509857 0.00475883
1713 0.755811 0.498777 0.0045583
1714 0.755811 0.505946 0.00460294
1715 0.755811 0.506574 0.00584055
1716 0.755811 0.506677 0.00402603
1717 0.755811 0.503433 0.00460367
1718 0.755811 0.506494 0.00501295
1719 0.755811 0.51146 0.00430941
1720 0.755811 0.506806 0.00428832
1721 0.755811 0.508521 0.00504947
1722 0.755811 0.502725 0.00513828
1723 0.755811 0.510268 0.0050727
1724 0.755811 0.504463 0.00474362
1725 0.755811 0.505888 0.00461521
1726 0.755811 0.509161 0.00427997
1727 0.755811 0.514589 0.00465029
1728 0.755811 0.504398 0.00437678
1729 0.755811 0.509425 0.00451074
1730 0.755811 0.502195 0.00515437
1731 0.755811 0.50078 0.00471306
1732 0.755811 0.510781 0.0041637
1733 0.755811 0.509625 0.00407808
1734 0.755811 0.505437 0.00456293
1735 0.755811 0.50279 0.00514159
1736 0.755811 0.507848 0.00416842
1737 0.755811 0.502524 0.00451254
1738 0.755811 0.512143 0.00423178
1739 0.755811 0.506719 0.00440244
1740 0.755811 0.504874 0.00502912
1741 0.755811 0.505958 0.00418796
1742 0.755811 0.506935 0.00401338
1743 0.755811 0.510601 0.00397688
1744 0.755811 0.507837 0.00440798
1745 0.755811 0.505521 0.00445632
1746 0.755811 0.517329 0.00481615
1747 0.755811 0.505368 0.00461216
1748 0.755811 0.515693 0.00494756
1749 0.755811 0.516538 0.0039966
1750 0.755811 0.506797 0.00450021
1751 0.755811 0.512426 0.00472902
1752 0.755811 0.510884 0.00435447
1753 0.755811 0.513215 0.00418967
1754 0.755811 0.507912 0.00412113
1755 0.755811 0.509943 0.00458209
1756 0.755811 0.507558 0.00549065
1757 0.755811 0.508995 0.00538931
1758 0.755811 0.509749 0.00440499
1759 0.755811 0.512486 0.00424224
1760 0.755811 0.512394 0.00479787
1761 0.755811 0.515146 0.0042886
1762 0.755811 0.517352 0.00409029
1763 0.755811 0.518561 0.0041878
1764 0.755811 0.512884 0.00368717
1765 0.755811 0.507792 0.00414108
1766 0.755811 0.509763 0.00487974
1767 0.755811 0.518083 0.00396738
1768 0.755811 0.519375 0.00387424
1769 0.755811 0.510597 0.00415586
1770 0.755811 0.515609 0.00537632
1771 0.755811 0.518732 0.00444989
1772 0.755811 0.517154 0.00346577
1773 0.755811 0.506484 0.00488463
1774 0.755811 0.512894 0.00385429
1775 0.755811 0.517793 0.00400022
1776 0.755811 0.514961 0.00377694
1777 0.755811 0.520046 0.00427245
1778 0.755811 0.509629 0.00422354
1779 0.755811 0.517688 0.00416945
1780 0.755811 0.516572 0.00520566
1781 0.755811 0.51203 0.00417413
1782 0.755811 0.514744 0.00388792
1783 0.755811 0.510226 0.00379045
1784 0.755811 0.513057 0.00442002
1785 0.755811 0.520311 0.00393395
1786 0.755811 0.517592 0.0045502
1787 0.755811 0.507242 0.00519688
1788 0.755811 0.514248 0.0045207
1789 0.755811 0.513477 0.00394638
1790 0.755811 0.520736 0.00368368
1791 0.755811 0.518088 0.00444074
1792 0.755811 0.513055 0.00395538
1793 0.755811 0.515026 0.00449975
1794 0.755811 0.501577 0.00413939
1795 0.755811 0.509921 0.00490108
1796 0.755811 0.514255 0.00471222
1797 0.755811 0.508725 0.00489544
1798 0.755811 0.507522 0.00480787
1799 0.755811 0.502453 0.00470774
1800 0.755811 0.51087 0.00446626
1801 0.755811 0.508154 0.00407443
1802 0.755811 0.512094 0.00450266
1803 0.755811 0.511806 0.00510751
1804 0.755811 0.506026 0.00429629
1805 0.755811 0.509201 0.00505116
1806 0.755811 0.510198 0.00417637
1807 0.755811 0.511189 0.00446692
1808 0.755811 0.513681 0.00374518
1809 0.755811 0.512037 0.0044355
1810 0.755811 0.51672 0.00385196
1811 0.755811 0.515742 0.00410396
1812 0.755811 0.516855 0.0034414
1813 0.755811 0.513327 0.00384606
1814 0.755811 0.509615 0.00456939
1815 0.755811 0.507895 0.00422995
1816 0.755811 0.514763 0.00410375
1817 0.755811 0.505113 0.00501062
1818 0.755811 0.510129 0.00485387
1819 0.755811 0.507563 0.00443826
1820 0.755811 0.505024 0.0047983
1821 0.755811 0.507419 0.00471236
1822 0.755811 0.512665 0.0045704
1823 0.755811 0.510446 0.00500139
1824 0.755811 0.517218 0.00398589
1825 0.755811 0.515147 0.00501462
1826 0.755811 0.504975 0.00486933
1827 0.755811 0.50487 0.0046519
1828 0.755811 0.510226 0.00439087
1829 0.755811 0.510876 0.00492417
1830 0.755811 0.50449 0.0046236
1831 0.755811 0.508094 0.0043471
1832 0.755811 0.509021 0.00404885
1833 0.755811 0.507174 0.00438785
1834 0.755811 0.504026 0.00516485
1835 0.755811 0.508168 0.00397388
1836 0.755811 0.510177 0.00436652
1837 0.755811 0.51197 0.0037789
1838 0.755811 0.515756 0.00425275
1839 0.755811 0.504606 0.00467339
1840 0.755811 0.51256 0.00433478
1841 0.755811 0.517188 0.0040601
1842 0.755811 0.511789 0.00393463
1843 0.755811 0.507759 0.00393007
1844 0.755811 0.504166 0.00463652
1845 0.755811 0.512305 0.00524205
1846 0.755811 0.507715 0.00375517
1847 0.755811 0.504406 0.00410037
1848 0.755811 0.50273 0.00440253
1849 0.755811 0.511561 0.00375801
1850 0.755811 0.511717 0.00386484
1851 0.755811 0.509556 0.00390646
1852 0.755811 0.51693 0.00418224
1853 0.755811 0.509502 0.00461277
1854 0.755811 0.510134 0.00446463
1855 0.755811 0.500774 0.00486521
1856 0.755811 0.508801 0.00483813
1857 0.755811 0.508309 0.00438886
1858 0.755811 0.507503 0.00377845
1859 0.755811 0.504417 0.00470005
1860 0.755811 0.514193 0.00488752
1861 0.755811 0.50904 0.00477304
1862 0.755811 0.509314 0.00455883
1863 0.755811 0.503355 0.00460379
1864 0.755811 0.504925 0.00431292
1865 0.755811 0.50332 0.00425206
1866 0.755811 0.505432 0.00495808
1867 0.755811 0.50762 0.00392665
1868 0.755811 0.511077 0.00474765
1869 0.755811 0.504542 0.00473772
1870 0.755811 0.50251 0.00485729
1871 0.755811 0.504682 0.00480856
1872 0.755811 0.504421 0.00395144
1873 0.755811 0.501503 0.00393743
1874 0.755811 0.51361 0.00414494
1875 0.755811 0.50653 0.00406485
1876 0.755811 0.513995 0.00372668
1877 0.755811 0.510666 0.00375552
1878 0.755811 0.504525 0.00504025
1879 0.755811 0.513352 0.00445051
1880 0.755811 0.503253 0.00545808
1881 0.755811 0.497026 0.00497084
1882 0.755811 0.508138 0.00481117
1883 0.755811 0.50322 0.00455642
1884 0.755811 0.506051 0.00511067
1885 0.755811 0.504013 0.00427874
1886 0.755811 0.508164 0.00427524
1887 0.755811 0.507235 0.00440084
1888 0.755811 0.508649 0.00499918
1889 0.755811 0.506872 0.00459125
1890 0.755811 0.505625 0.00502329
1891 0.755811 0.517549 0.00504435
1892 0.755811 0.509186 0.00447068
1893 0.755811 0.514837 0.00351019
1894 0.755811 0.515626 0.00428224
1895 0.755811 0.511406 0.00430164
1896 0.755811 0.512494 0.00442372
1897 0.755811 0.509358 0.00449108
1898 0.755811 0.503745 0.00434542
1899 0.755811 0.502279 0.00419236
1900 0.755811 0.502631 0.00436895
1901 0.755811 0.504146 0.0045747
1902 0.755811 0.501526 0.0047301
1903 0.755811 0.502504 0.00607401
1904 0.755811 0.504047 0.00518184
1905 0.755811 0.510342 0.00498153
1906 0.755811 0.510903 0.00516504
1907 0.755811 0.515767 0.00403937
1908 0.755811 0.51056 0.00505593
1909 0.755811 0.499351 0.00452648
1910 0.755811 0.511062 0.00365308
1911 0.755811 0.506815 0.00492879
1912 0.755811 0.503942 0.00418438
1913 0.755811 0.505094 0.00488958
1914 0.755811 0.508809 0.00569593
1915 0.755811 0.509668 0.00430039
1916 0.755811 0.51737 0.00381277
1917 0.755811 0.51107 0.00486119
1918 0.755811 0.506744 0.00520198
1919 0.755811 0.516415 0.0046194
1920 0.755811 0.508336 0.00466915
1921 0.755811 0.507575 0.00423579
1922 0.755811 0.506413 0.00457188
1923 0.755811 0.517372 0.00484904
1924 0.755811 0.50841 0.0046311
1925 0.755811 0.505787 0.00513951
1926 0.755811 0.512126 0.00514479
1927 0.755811 0.517729 0.00535476
1928 0.755811 0.516414 0.0041586
1929 0.755811 0.510482 0.00459671
1930 0.755811 0.498659 0.00524251
1931 0.755811 0.505534 0.00414703
1932 0.755811 0.51003 0.00506113
1933 0.755811 0.513944 0.00414528
1934 0.755811 0.509971 0.00396149
1935 0.755811 0.509306 0.00393182
1936 0.755811 0.511059 0.00398848
1937 0.755811 0.508672 0.00475883
1938 0.755811 0.515863 0.00431866
1939 0.755811 0.508288 0.00452568
1940 0.755811 0.512413 0.00411514
1941 0.755811 0.515323 0.00427975
1942 0.755811 0.512857 0.00426405
1943 0.755811 0.507639 0.00385015
1944 0.755811 0.510425 0.00377091
1945 0.755811 0.507991 0.00386978
1946 0.755811 0.510757 0.00471579
1947 0.755811 0.506213 0.00416846
1948 0.755811 0.516691 0.00378068
1949 0.755811 0.51294 0.00364914
1950 0.755811 0.512035 0.00407592
1951 0.755811 0.50869 0.00426559
1952 0.755811 0.506779 0.00414874
1953 0.755811 0.507521 0.0042779
1954 0.755811 0.511428 0.0041423
1955 0.755811 0.519675 0.0044435
1956 0.755811 0.512836 0.00440748
1957 0.755811 0.503531 0.00388515
1958 0.755811 0.507321 0.00493383
1959 0.755811 0.506207 0.00470472
1960 0.755811 0.519124 0.00430765
1961 0.755811 0.5002 0.00404986
1962 0.755811 0.509591 0.00435079
1963 0.755811 0.509524 0.00387221
1964 0.755811 0.513592 0.00401714
1965 0.755811 0.515162 0.00442853
1966 0.755811 0.511351 0.00452929
1967 0.755811 0.506834 0.00449903
1968 0.755811 0.509315 0.00422467
1969 0.755811 0.502291 0.00437385
1970 0.755811 0.50825 0.00449073
1971 0.755811 0.509444 0.00442655
1972 0.755811 0.506024 0.00520506
1973 0.755811 0.508338 0.00481334
1974 0.755811 0.51261 0.00512841
1975 0.755811 0.519077 0.00430424
1976 0.755811 0.509158 0.00388699
1977 0.755811 0.512708 0.00441397
1978 0.755811 0.505679 0.00554289
1979 0.755811 0.507862 0.00566225
1980 0.755811 0.509584 0.00474191
1981 0.755811 0.505437 0.00450272
1982 0.755811 0.506824 0.00481248
1983 0.755811 0.515712 0.00528378
1984 0.755811 0.507268 0.00482155
1985 0.755811 0.510151 0.00425056
1986 0.755811 0.509441 0.00451721
1987 0.755811 0.515144 0.00424656
1988 0.755811 0.511706 0.0041333
1989 0.755811 0.50433 0.00466204
1990 0.755811 0.512367 0.00395608
1991 0.755811 0.509136 0.00422297
1992 0.755811 0.506833 0.00485276
1993 0.755811 0.510504 0.00464241
1994 0.755811 0.510858 0.00432832
1995 0.755811 0.506606 0.00450379
1996 0.755811 0.499693 0.00429754
1997 0.755811 0.501886 0.00547479
1998 0.755811 0.507015 0.00455222
1999 0.755811 0.50715 0.00422438
2000 0.755811 0.500371 0.00400634
2001 0.755811 0.509453 0.00414494
2002 0.755811 0.513235 0.00462966
2003 0.755811 0.506641 0.00443467
2004 0.755811 0.50958 0.00513323
2005 0.755811 0.502327 0.0042656
2006 0.755811 0.505357 0.00412939
2007 0.755811 0.51135 0.00409836
2008 0.755811 0.509099 0.00392758
2009 0.755811 0.505237 0.00427546
2010 0.755811 0.50674 0.0040026
2011 0.755811 0.505218 0.00485266
2012 0.755811 0.515918 0.00405576
2013 0.755811 0.512668 0.00375328
2014 0.755811 0.504763 0.00439357
2015 0.755811 0.504588 0.00423666
2016 0.755811 0.505469 0.00435175
2017 0.755811 0.508202 0.00490747
2018 0.755811 0.501917 0.00454734
2019 0.755811 0.505677 0.00421643
2020 0.755811 0.516332 0.00463527
2021 0.755811 0.508039 0.00456695
2022 0.755811 0.509316 0.00584233
2023 0.755811 0.508697 0.00479465
2024 0.755811 0.505958 0.00429478
2025 0.755811 0.502362 0.00465908
2026 0.755811 0.506403 0.00466788
2027 0.755811 0.504884 0.00477175
2028 0.755811 0.505701 0.00627659
2029 0.755811 0.512268 0.00518958
2030 0.755811 0.504073 0.0046848
2031 0.755811 0.513797 0.00413888
2032 0.755811 0.508433 0.00450048
2033 0.755811 0.517338 0.00537195
2034 0.755811 0.501862 0.00492963
2035 0.755811 0.509255 0.00478715
2036 0.755811 0.514906 0.00456953
2037 0.755811 0.515524 0.00353437
2038 0.755811 0.511445 0.00447753
2039 0.755811 0.508859 0.0036231
2040 0.755811 0.514716 0.00338411
2041 0.755811 0.505715 0.00430132
2042 0.755811 0.515763 0.00506642
2043 0.755811 0.505275 0.00524383
2044 0.755811 0.504469 0.0045279
2045 0.755811 0.501403 0.00477921
2046 0.755811 0.504575 0.00429186
2047 0.755811 0.505966 0.00511065
2048 0.755811 0.515082 0.00366709
2049 0.755811 0.518138 0.00441025
2050 0.755811 0.511382 0.00458011
2051 0.755811 0.506823 0.00516123
2052 0.755811 0.508497 0.00511907
2053 0.755811 0.510067 0.004881
2054 0.755811 0.513179 0.00481845
2055 0.755811 0.505178 0.00467561
2056 0.755811 0.516801 0.00540688
2057 0.755811 0.506364 0.00571611
2058 0.755811 0.515877 0.00451739
2059 0.755811 0.516277 0.0048681
2060 0.755811 0.509227 0.00469284
2061 0.755811 0.511286 0.00520319
2062 0.755811 0.512522 0.00541508
2063 0.755811 0.515166 0.00452456
2064 0.755811 0.511067 0.0041473
2065 0.755811 0.508144 0.0046516
2066 0.755811 0.509821 0.00393705
2067 0.755811 0.505233 0.00440415
2068 0.755811 0.507421 0.0038787
2069 0.755811 0.507981 0.00505578
2070 0.755811 0.506656 0.00446629
2071 0.755811 0.510412 0.00466584
2072 0.755811 0.508596 0.00455815
2073 0.755811 0.509091 0.00461951
2074 0.755811 0.513916 0.00471985
2075 0.755811 0.504225 0.00484529
2076 0.755811 0.511085 0.00373848
2077 0.755811 0.505669 0.00471353
2078 0.755811 0.506905 0.00545003
2079 0.755811 0.50527 0.00506868
2080 0.755811 0.513094 0.0041669
2081 0.755811 0.511012 0.00405058
2082 0.755811 0.504079 0.00437141
2083 0.755811 0.513388 0.00453146
2084 0.755811 0.51324 0.00400562
2085 0.755811 0.510181 0.00477868
2086 0.755811 0.502351 0.00550749
2087 0.755811 0.511768 0.0041178
2088 0.755811 0.513598 0.00460466
2089 0.755811 0.507451 0.00469128
2090 0.755811 0.505135 0.00486268
2091 0.755811 0.507158 0.00509978
2092 0.755811 0.517262 0.00525402
2093 0.755811 0.516758 0.00509126
2094 0.755811 0.509359 0.00510624
2095 0.755811 0.50347 0.00423064
2096 0.755811 0.504915 0.00546926
2097 0.755811 0.509324 0.00463545
2098 0.755811 0.50885 0.00494176
2099 0.755811 0.499752 0.00451506
2100 0.755811 0.507715 0.00419764
2101 0.755811 0.507459 0.00396264
2102 0.755811 0.505993 0.00425883
2103 0.755811 0.513354 0.00498498
2104 0.755811 0.503643 0.00428859
2105 0.755811 0.507221 0.00450044
2106 0.755811 0.513475 0.00417437
2107 0.755811 0.507814 0.00419179
2108 0.755811 0.51607 0.00427105
2109 0.755811 0.508552 0.00458912
2110 0.755811 0.507952 0.00513758
2111 0.755811 0.508774 0.0047006
2112 0.755811 0.511437 0.00435507
2113 0.755811 0.516766 0.00421169
2114 0.755811 0.515622 0.00426104
2115 0.755811 0.505051 0.00454811
2116 0.755811 0.509336 0.00477962
2117 0.755811 0.503519 0.00498489
2118 0.755811 0.508313 0.00559066
2119 0.755811 0.512197 0.00442336
2120 0.755811 0.514735 0.00499258
2121 0.755811 0.511366 0.00466103
2122 0.755811 0.515265 0.00441304
2123 0.755811 0.503269 0.00439303
2124 0.755811 0.510239 0.00581559
2125 0.755811 0.502694 0.00462475
2126 0.755811 0.504831 0.00385592
2127 0.755811 0.509589 0.00495942
2128 0.755811 0.503733 0.00405661
2129 0.755811 0.50566 0.00481595
2130 0.755811 0.502903 0.00528486
2131 0.755811 0.512038 0.00410078
2132 0.755811 0.505618 0.00424704
2133 0.755811 0.516458 0.00433404
2134 0.755811 0.503412 0.00481821
2135 0.755811 0.51613 0.00409642
2136 0.755811 0.501194 0.00466509
2137 0.755811 0.510323 0.00492654
2138 0.755811 0.50595 0.00410762
2139 0.755811 0.50347 0.0045015
2140 0.755811 0.510634 0.00447682
2141 0.755811 0.50728 0.00501148
2142 0.755811 0.509607 0.0047061
2143 0.755811 0.503184 0.00484104
2144 0.755811 0.500234 0.00513537
2145 0.755811 0.503956 0.00426794
2146 0.755811 0.513586 0.00359058
2147 0.755811 0.509761 0.00416663
2148 0.755811 0.505872 0.00424684
2149 0.755811 0.509444 0.00390408
2150 0.755811 0.507543 0.00375955
2151 0.755811 0.517268 0.00405819
2152 0.755811 0.517817 0.00384212
2153 0.755811 0.511499 0.00410417
2154 0.755811 0.514534 0.00488774
2155 0.755811 0.508987 0.00458543
2156 0.755811 0.502587 0.00490564
2157 0.755811 0.505017 0.0049375
2158 0.755811 0.505926 0.00484798
2159 0.755811 0.505229 0.0052032
2160 0.755811 0.504693 0.00484832
2161 0.755811 0.505091 0.00526138
2162 0.755811 0.506168 0.00529881
2163 0.755811 0.505813 0.00431916
2164 0.755811 0.512785 0.00433883
2165 0.755811 0.515075 0.00432948
2166 0.755811 0.505144 0.00416219
2167 0.755811 0.506965 0.00473101
2168 0.755811 0.497181 0.00555313
2169 0.755811 0.49466 0.00517704
2170 0.755811 0.499675 0.00502272
2171 0.755811 0.500259 0.0050278
2172 0.755811 0.50363 0.00459043
2173 0.755811 0.506089 0.00523767
2174 0.755811 0.504923 0.00587547
2175 0.755811 0.51099 0.00431953
2176 0.755811 0.505 0.00527391
2177 0.755811 0.508843 0.0048805
2178 0.755811 0.514116 0.00420869
2179 0.755811 0.509145 0.00491452
2180 0.755811 0.50685 0.00427525
2181 0.755811 0.507993 0.00472791
2182 0.755811 0.511241 0.00474914
2183 0.755811 0.50485 0.00387015
2184 0.755811 0.508076 0.00448272
2185 0.755811 0.510012 0.00399408
2186 0.755811 0.519549 0.0047262
2187 0.755811 0.513134 0.00454433
2188 0.755811 0.513895 0.0051651
2189 0.755811 0.51102 0.00460266
2190 0.755811 0.507787 0.00447123
2191 0.755811 0.509412 0.00402665
2192 0.755811 0.501959 0.00470012
2193 0.755811 0.506286 0.00518142
2194 0.755811 0.505979 0.00483299
2195 0.755811 0.507936 0.00426719
2196 0.755811 0.509633 0.00390822
2197 0.755811 0.512143 0.00392418
2198 0.755811 0.508377 0.00451101
2199 0.755811 0.501925 0.00458999
2200 0.755811 0.512764 0.00405977
2201 0.755811 0.51015 0.00440321
2202 0.755811 0.507098 0.00461263
2203 0.755811 0.502378 0.0054294
2204 0.755811 0.518204 0.00479933
2205 0.755811 0.511534 0.00365686
2206 0.755811 0.511521 0.00434619
2207 0.755811 0.509387 0.00392685
2208 0.755811 0.507586 0.00491228
2209 0.755811 0.509297 0.00414299
2210 0.755811 0.515127 0.00460665
2211 0.755811 0.510814 0.00466895
2212 0.755811 0.503928 0.00473938
2213 0.755811 0.504498 0.00467745
2214 0.755811 0.508129 0.00420775
2215 0.755811 0.505138 0.00469749
2216 0.755811 0.496522 0.00411
2217 0.755811 0.503805 0.00523796
2218 0.755811 0.501595 0.0061655
2219 0.755811 0.502458 0.00537623
2220 0.755811 0.500151 0.00483643
2221 0.755811 0.501382 0.00471859
2222 0.755811 0.505093 0.00495068
2223 0.755811 0.508323 0.00508412
2224 0.755811 0.499583 0.0046199
2225 0.755811 0.503086 0.00519716
2226 0.755811 0.503784 0.00436416
2227 0.755811 0.505936 0.00516067
2228 0.755811 0.503687 0.0048228
2229 0.755811 0.502637 0.00465457
2230 0.755811 0.503819 0.00463843
2231 0.755811 0.504236 0.00449172
2232 0.755811 0.506631 0.00522373
2233 0.755811 0.50597 0.00448964
2234 0.755811 0.506415 0.00472144
2235 0.755811 0.507628 0.00433438
2236 0.755811 0.506591 0.00465009
2237 0.755811 0.505566 0.00537115
2238 0.755811 0.510315 0.00457284
2239 0.755811 0.514992 0.00538854
2240 0.755811 0.507591 0.00473189
2241 0.755811 0.510377 0.00458566
2242 0.755811 0.500718 0.00498582
2243 0.755811 0.513856 0.00486366
2244 0.755811 0.51942 0.00520433
2245 0.755811 0.512068 0.0048807
2246 0.755811 0.508559 0.00466209
2247 0.755811 0.507944 0.00425002
2248 0.755811 0.509274 0.00451276
2249 0.755811 0.505051 0.00423639
2250 0.755811 0.505276 0.00445279
2251 0.755811 0.5023 0.00447524
2252 0.755811 0.502481 0.00496743
2253 0.755811 0.504067 0.00502357
2254 0.755811 0.505613 0.00502405
2255 0.755811 0.504144 0.0039889
2256 0.755811 0.506088 0.004272
2257 0.755811 0.512644 0.00404673
2258 0.755811 0.509986 0.00490658
2259 0.755811 0.508912 0.00435254
2260 0.755811 0.509187 0.00434111
2261 0.755811 0.51655 0.00392934
2262 0.755811 0.514132 0.00381482
2263 0.755811 0.506638 0.0042591
2264 0.755811 0.505965 0.00456012
2265 0.755811 0.502397 0.0049944
2266 0.755811 0.501394 0.00442957
2267 0.755811 0.506522 0.00461184
2268 0.755811 0.500714 0.00503114
2269 0.755811 0.509116 0.00480793
2270 0.755811 0.504631 0.00433764
2271 0.755811 0.508963 0.0046098
2272 0.755811 0.513889 0.00401266
2273 0.755811 0.512261 0.00461038
2274 0.755811 0.517154 0.00394907
2275 0.755811 0.50877 0.00419114
2276 0.755811 0.513148 0.00438724
2277 0.755811 0.508393 0.00462733
2278 0.755811 0.510882 0.00429617
2279 0.755811 0.50995 0.00461566
2280 0.755811 0.505083 0.00477615
2281 0.755811 0.512385 0.00425375
2282 0.755811 0.508594 0.00457934
2283 0.755811 0.506927 0.00494492
2284 0.755811 0.508947 0.00483554
2285 0.755811 0.506235 0.00483126
2286 0.755811 0.510215 0.00499972
2287 0.755811 0.514799 0.00458242
2288 0.755811 0.500405 0.00512951
2289 0.755811 0.505397 0.00467285
2290 0.755811 0.497341 0.0054163
2291 0.755811 0.50425 0.00535272
2292 0.755811 0.510726 0.004687
2293 0.755811 0.509985 0.00505598
2294 0.755811 0.507505 0.00391222
2295 0.755811 0.510139 0.00435676
2296 0.755811 0.515861 0.00448549
2297 0.755811 0.512066 0.00473972
2298 0.755811 0.510751 0.00473415
2299 0.755811 0.505155 0.00485712
2300 0.755811 0.518466 0.00487959
2301 0.755811 0.510608 0.00417315
2302 0.755811 0.509151 0.00402623
2303 0.755811 0.50312 0.00429178
2304 0.755811 0.508122 0.00448296
2305 0.755811 0.502848 0.00463283
2306 0.755811 0.508958 0.00429335
2307 0.755811 0.520182 0.00445597
2308 0.755811 0.507825 0.00391442
2309 0.755811 0.517343 0.00403041
2310 0.755811 0.511296 0.00559492
2311 0.755811 0.502261 0.00458609
2312 0.755811 0.50345 0.00404166
2313 0.755811 0.504644 0.00403089
2314 0.755811 0.505998 0.0039989
2315 0.755811 0.509342 0.0044052
2316 0.755811 0.512765 0.00448088
2317 0.755811 0.507377 0.00500013
2318 0.755811 0.508284 0.00425043
2319 0.755811 0.506124 0.00404165
2320 0.755811 0.510584 0.00446308
2321 0.755811 0.506195 0.00420114
2322 0.755811 0.512943 0.00421241
2323 0.755811 0.512238 0.0043579
2324 0.755811 0.516918 0.00455717
2325 0.755811 0.515459 0.00400479
2326 0.755811 0.509021 0.00479467
2327 0.755811 0.506605 0.00508687
2328 0.755811 0.500802 0.0045214
2329 0.755811 0.50396 0.00446855
2330 0.755811 0.508764 0.00418682
2331 0.755811 0.5132 0.0046297
2332 0.755811 0.510853 0.00444351
2333 0.755811 0.508111 0.00532455
2334 0.755811 0.505088 0.00431623
2335 0.755811 0.509752 0.00426913
2336 0.755811 0.512335 0.00439823
2337 0.755811 0.510204 0.00443099
2338 0.755811 0.508828 0.00503564
2339 0.755811 0.5031 0.0043762
2340 0.755811 0.506267 0.00402708
2341 0.755811 0.507857 0.00435101
2342 0.755811 0.503287 0.00480895
2343 0.755811 0.507283 0.00422408
2344 0.755811 0.508347 0.00457948
2345 0.755811 0.50526 0.00473518
2346 0.755811 0.506311 0.00470935
2347 0.755811 0.509421 0.00406117
2348 0.755811 0.515257 0.00383139
2349 0.755811 0.50836 0.00391058
2350 0.755811 0.511206 0.00404268
2351 0.755811 0.504985 0.00403898
2352 0.755811 0.504202 0.00440872
2353 0.755811 0.499062 0.00409614
2354 0.755811 0.50755 0.00386916
2355 0.755811 0.513869 0.00499781
2356 0.755811 0.507988 0.00423339
2357 0.755811 0.513608 0.0041089
2358 0.755811 0.504941 0.00506682
2359 0.755811 0.499001 0.00448287
2360 0.755811 0.508604 0.00522215
2361 0.755811 0.504851 0.00467036
2362 0.755811 0.505402 0.0036869
2363 0.755811 0.509951 0.00423113
2364 0.755811 0.499955 0.00454779
2365 0.755811 0.508277 0.00445645
2366 0.755811 0.506045 0.00469495
2367 0.755811 0.512973 0.00370597
2368 0.755811 0.511406 0.0046689
2369 0.755811 0.507876 0.00373472
2370 0.755811 0.505864 0.00430501
2371 0.755811 0.509766 0.00508757
2372 0.755811 0.51994 0.00368606
2373 0.755811 0.513794 0.0042701
2374 0.755811 0.52227 0.00387815
2375 0.755811 0.514565 0.00434541
2376 0.755811 0.511328 0.00484596
2377 0.755811 0.505161 0.00498404
2378 0.755811 0.505116 0.00381525
2379 0.755811 0.516555 0.00429322
2380 0.755811 0.512979 0.00556979
2381 0.755811 0.509824 0.00526784
2382 0.755811 0.513975 0.00416629
2383 0.755811 0.507752 0.0048279
2384 0.755811 0.505577 0.00527411
2385 0.755811 0.510107 0.00384623
2386 0.755811 0.50979 0.00464392
2387 0.755811 0.508653 0.00442835
2388 0.755811 0.510769 0.00513068
2389 0.755811 0.507037 0.00487844
2390 0.755811 0.512588 0.00474071
2391 0.755811 0.516236 0.00471037
2392 0.755811 0.501946 0.00491776
2393 0.755811 0.509664 0.00455998
2394 0.755811 0.507766 0.00468441
2395 0.755811 0.507608 0.00519685
2396 0.755811 0.51323 0.00557347
2397 0.755811 0.511082 0.00477737
2398 0.755811 0.523267 0.00414448
2399 0.755811 0.509137 0.00447121
2400 0.755811 0.504687 0.00523903
2401 0.755811 0.511123 0.00526976
2402 0.755811 0.517851 0.00546624
2403 0.755811 0.518058 0.00468926
2404 0.755811 0.511793 0.0049833
2405 0.755811 0.509987 0.00505303
2406 0.755811 0.500567 0.00457895
2407 0.755811 0.513188 0.00569127
2408 0.755811 0.50703 0.00539178
2409 0.755811 0.500971 0.00507113
2410 0.755811 0.505183 0.00414321
2411 0.755811 0.507298 0.0052361
2412 0.755811 0.512118 0.00465008
2413 0.755811 0.510801 0.00527171
2414 0.755811 0.50734 0.00542059
2415 0.755811 0.502366 0.00516811
2416 0.755811 0.504449 0.00465971
2417 0.755811 0.507139 0.00476201
2418 0.755811 0.501668 0.00502204
2419 0.755811 0.506116 0.00457416
2420 0.755811 0.506342 0.00546487
2421 0.755811 0.504164 0.00528898
2422 0.755811 0.511384 0.00449393
2423 0.755811 0.512572 0.00451773
2424 0.755811 0.509427 0.00430414
2425 0.755811 0.51288 0.00509651
2426 0.755811 0.509294 0.0059445
2427 0.755811 0.502288 0.00472817
2428 0.755811 0.513584 0.00525921
2429 0.755811 0.51907 0.00426305
2430 0.755811 0.520437 0.00404075
2431 0.755811 0.507263 0.00388245
2432 0.755811 0.507121 0.00445966
2433 0.755811 0.50894 0.00425414
2434 0.755811 0.504464 0.00501933
2435 0.755811 0.504285 0.00433525
2436 0.755811 0.511878 0.00494614
2437 0.755811 0.508884 0.0048184
2438 0.755811 0.512235 0.00465894
2439 0.755811 0.512313 0.00467937
2440 0.755811 0.509731 0.00405992
2441 0.755811 0.514209 0.00478716
2442 0.755811 0.519752 0.0042515
2443 0.755811 0.512726 0.00516761
2444 0.755811 0.511079 0.00471915
2445 0.755811 0.509759 0.00502544
2446 0.755811 0.514593 0.00545995
2447 0.755811 0.51379 0.00452387
2448 0.755811 0.513552 0.00436616
2449 0.755811 0.511299 0.00444436
2450 0.755811 0.516065 0.00413534
2451 0.755811 0.51251 0.00467205
2452 0.755811 0.517822 0.00379939
2453 0.755811 0.517499 0.00468071
2454 0.755811 0.520236 0.00480447
2455 0.755811 0.510711 0.00444971
2456 0.755811 0.519042 0.00468648
2457 0.755811 0.512741 0.00516459
2458 0.755811 0.50672 0.00439732
2459 0.755811 0.514521 0.00527596
2460 0.755811 0.515077 0.00502434
2461 0.755811 0.512277 0.00476795
2462 0.755811 0.506163 0.00456555
2463 0.755811 0.502609 0.00461835
2464 0.755811 0.5131 0.00441485
2465 0.755811 0.513106 0.00494735
2466 0.755811 0.506016 0.00391764
2467 0.755811 0.51062 0.00495343
2468 0.755811 0.510644 0.00513025
2469 0.755811 0.510537 0.00421158
2470 0.755811 0.514138 0.00475451
2471 0.755811 0.501942 0.00443378
2472 0.755811 0.504494 0.00534856
2473 0.755811 0.512242 0.00520805
2474 0.755811 0.510821 0.00448493
2475 0.755811 0.51632 0.0047538
2476 0.755811 0.513943 0.00428894
2477 0.755811 0.510304 0.00502303
2478 0.755811 0.510332 0.0043148
2479 0.755811 0.51035 0.00444911
2480 0.755811 0.515275 0.00469909
2481 0.755811 0.50743 0.00482072
2482 0.755811 0.516755 0.0042349
2483 0.755811 0.514924 0.00486784
2484 0.755811 0.512506 0.00416212
2485 0.755811 0.517284 0.00467305
2486 0.755811 0.51473 0.00455422
2487 0.755811 0.51756 0.00409684
2488 0.755811 0.516453 0.00536803
2489 0.755811 0.513877 0.00396071
2490 0.755811 0.512291 0.00483752
2491 0.755811 0.513515 0.00479477
2492 0.755811 0.515099 0.00382114
2493 0.755811 0.518237 0.00385464
2494 0.755811 0.517601 0.00501286
2495 0.755811 0.508589 0.00446261
2496 0.755811 0.502727 0.00421519
2497 0.755811 0.510846 0.00417749
2498 0.755811 0.506897 0.00453903
2499 0.755811 0.506494 0.00509724
2500 0.755811 0.501249 0.00482221
2501 0.755811 0.507424 0.00473576
2502 0.755811 0.5116 0.00404296
2503 0.755811 0.514503 0.00459629
2504 0.755811 0.505104 0.00494432
2505 0.755811 0.505368 0.00402686
2506 0.755811 0.511149 0.00447609
2507 0.755811 0.512305 0.00434146
2508 0.755811 0.511105 0.0045276
2509 0.755811 0.507909 0.00453425
2510 0.755811 0.513737 0.00381431
2511 0.755811 0.508691 0.00404631
2512 0.755811 0.511002 0.00483432
2513 0.755811 0.506626 0.00450143
2514 0.755811 0.50827 0.00414931
2515 0.755811 0.510394 0.00440256
2516 0.755811 0.51654 0.0038861
2517 0.755811 0.513671 0.00509151
2518 0.755811 0.509369 0.00482764
2519 0.755811 0.508312 0.00428637
2520 0.755811 0.513653 0.00399233
2521 0.755811 0.513262 0.00369422
2522 0.755811 0.509995 0.00427151
2523 0.755811 0.50893 0.00415749
2524 0.755811 0.516083 0.00411937
2525 0.755811 0.519073 0.00474905
2526 0.755811 0.515581 0.00479505
2527 0.755811 0.51286 0.00469857
2528 0.755811 0.506324 0.00417302
2529 0.755811 0.516453 0.00428676
2530 0.755811 0.517185 0.00479948
2531 0.755811 0.512167 0.00401673
2532 0.755811 0.516632 0.00453156
2533 0.755811 0.511507 0.00482631
2534 0.755811 0.511169 0.00436484
2535 0.755811 0.504502 0.00485162
2536 0.755811 0.50748 0.00442658
2537 0.755811 0.505 0.00400381
2538 0.755811 0.507483 0.00444981
2539 0.755811 0.508573 0.00480644
2540 0.755811 0.515642 0.00436902
2541 0.755811 0.505611 0.00414354
2542 0.755811 0.509648 0.00419254
2543 0.755811 0.509428 0.00464932
2544 0.755811 0.514108 0.00499722
2545 0.755811 0.507969 0.0058283
2546 0.755811 0.510228 0.00498807
2547 0.755811 0.508844 0.00499101
2548 0.755811 0.512159 0.00494104
2549 0.755811 0.509722 0.00412327
2550 0.755811 0.506827 0.00539557
2551 0.755811 0.498564 0.00459098
2552 0.755811 0.499968 0.00578659
2553 0.755811 0.508319 0.00489715
2554 0.755811 0.505897 0.00497122
2555 0.755811 0.509168 0.00473475
2556 0.755811 0.508826 0.00408876
2557 0.755811 0.513577 0.00380975
2558 0.755811 0.51059 0.0047372
2559 0.755811 0.503949 0.00432058
2560 0.755811 0.507714 0.00413795
2561 0.755811 0.503764 0.00436818
2562 0.755811 0.50872 0.00510457
2563 0.755811 0.50281 0.00401994
2564 0.755811 0.511656 0.00423648
2565 0.755811 0.505232 0.00459513
2566 0.755811 0.520554 0.00447915
2567 0.755811 0.514426 0.00420671
2568 0.755811 0.509092 0.00436314
2569 0.755811 0.509315 0.00418106
2570 0.755811 0.507604 0.00447233
2571 0.755811 0.502997 0.0047265
2572 0.755811 0.510109 0.00428316
2573 0.755811 0.509006 0.00535512
2574 0.755811 0.503842 0.00471356
2575 0.755811 0.502068 0.00517089
2576 0.755811 0.502043 0.00454024
2577 0.755811 0.505778 0.00531881
2578 0.755811 0.501197 0.00506869
2579 0.755811 0.512992 0.00456743
2580 0.755811 0.515615 0.00513386
2581 0.755811 0.513686 0.00546884
2582 0.755811 0.517232 0.00499018
2583 0.755811 0.510112 0.00491726
2584 0.755811 0.503094 0.00521858
2585 0.755811 0.513649 0.00517592
2586 0.755811 0.511988 0.00395892
2587 0.755811 0.504828 0.0054134
2588 0.755811 0.512512 0.00432224
2589 0.755811 0.512468 0.00535429
2590 0.755811 0.513121 0.00474879
2591 0.755811 0.509713 0.00554373
2592 0.755811 0.506095 0.00499178
2593 0.755811 0.504684 0.00513721
2594 0.755811 0.510643 0.00477604
2595 0.755811 0.506991 0.0046772
2596 0.755811 0.501523 0.00439334
2597 0.755811 0.499142 0.00450622
2598 0.755811 0.510096 0.00525871
2599 0.755811 0.503533 0.00450973
2600 0.755811 0.503312 0.00547029
2601 0.755811 0.517683 0.00474722
2602 0.755811 0.508191 0.0046212
2603 0.755811 0.50866 0.00466273
2604 0.755811 0.507708 0.00477931
2605 0.755811 0.504311 0.00488964
2606 0.755811 0.500689 0.00510466
2607 0.755811 0.507962 0.00509525
2608 0.755811 0.500816 0.00498387
2609 0.755811 0.508046 0.00483422
2610 0.755811 0.507524 0.0041432
2611 0.755811 0.511692 0.00414374
2612 0.755811 0.506273 0.00405332
2613 0.755811 0.509312 0.00395073
2614 0.755811 0.509286 0.00467747
2615 0.755811 0.507904 0.00438492
2616 0.755811 0.515024 0.00490972
2617 0.755811 0.515908 0.00395983
2618 0.755811 0.512944 0.004189
2619 0.755811 0.514587 0.00419104
2620 0.755811 0.503887 0.00466208
2621 0.755811 0.506653 0.00481096
2622 0.755811 0.51969 0.00452946
2623 0.755811 0.51593 0.00482898
2624 0.755811 0.506694 0.00495781
2625 0.755811 0.510781 0.00439198
2626 0.755811 0.504084 0.00526336
2627 0.755811 0.509948 0.00496462
2628 0.755811 0.504298 0.00622856
2629 0.755811 0.512104 0.0054948
2630 0.755811 0.507815 0.00479006
2631 0.755811 0.506131 0.00532057
2632 0.755811 0.513798 0.00478952
2633 0.755811 0.515333 0.00401558
2634 0.755811 0.512928 0.00459112
2635 0.755811 0.51048 0.004654
2636 0.755811 0.511485 0.00489419
2637 0.755811 0.513095 0.00465698
2638 0.755811 0.508073 0.00522142
2639 0.755811 0.509843 0.00504987
2640 0.755811 0.513712 0.0048867
2641 0.755811 0.50393 0.00522704
2642 0.755811 0.511889 0.00445678
2643 0.755811 0.514322 0.00437558
2644 0.755811 0.510505 0.00489996
2645 0.755811 0.507799 0.00448703
2646 0.755811 0.512624 0.00464752
2647 0.755811 0.505497 0.00482605
2648 0.755811 0.513343 0.00412356
2649 0.755811 0.510051 0.00505672
2650 0.755811 0.506964 0.00438826
2651 0.755811 0.507695 0.0042891
2652 0.755811 0.506363 0.00457555
2653 0.755811 0.503521 0.00502464
2654 0.756873 0.504463 0.00508625
2655 0.756873 0.509243 0.00471004
2656 0.756873 0.502878 0.00554228
2657 0.756873 0.50704 0.00479179
2658 0.756873 0.510304 0.00459927
2659 0.756873 0.513135 0.00459971
2660 0.756873 0.515313 0.00520417
2661 0.756873 0.505637 0.00456856
2662 0.756873 0.510291 0.00456242
2663 0.756873 0.502841 0.00463363
2664 0.756873 0.509604 0.00427748
2665 0.756873 0.509214 0.00499528
2666 0.756873 0.509143 0.00470424
2667 0.756873 0.49867 0.00432661
2668 0.756873 0.509285 0.00470517
2669 0.756873 0.502309 0.00471232
2670 0.756873 0.504414 0.00599869
2671 0.756873 0.506463 0.00503366
2672 0.756873 0.503097 0.00492721
2673 0.756873 0.505748 0.00476759
2674 0.756873 0.505719 0.00430724
2675 0.756873 0.506052 0.00459353
2676 0.756873 0.5006 0.00544025
2677 0.756873 0.504707 0.00510908
2678 0.756873 0.511952 0.0044833
2679 0.756873 0.512771 0.0047489
2680 0.756873 0.509038 0.00442274
2681 0.756873 0.505972 0.00566192
2682 0.756873 0.50778 0.00514073
2683 0.756873 0.504477 0.00589283
2684 0.756873 0.507119 0.0054489
2685 0.756873 0.508814 0.0054906
2686 0.756873 0.510673 0.004386
2687 0.756873 0.507451 0.00468441
2688 0.756873 0.497046 0.00504681
2689 0.756873 0.494347 0.00512006
2690 0.756873 0.501062 0.00460784
2691 0.756873 0.510596 0.00508626
2692 0.756873 0.511479 0.00451394
2693 0.756873 0.504327 0.00487943
2694 0.756873 0.507731 0.00488465
2695 0.756873 0.505223 0.00535677
2696 0.756873 0.501822 0.00522354
2697 0.756873 0.516467 0.00531504
2698 0.756873 0.51515 0.00445578
2699 0.756873 0.508176 0.0051362
2700 0.756873 0.510035 0.00472243
2701 0.756873 0.50901 0.00425394
2702 0.756873 0.508274 0.00435835
2703 0.756873 0.5044 0.0048035
2704 0.756873 0.503761 0.0044728
2705 0.756873 0.505306 0.0043736
2706 0.756873 0.507734 0.00586366
2707 0.756873 0.514015 0.00418287
2708 0.756873 0.508609 0.00465235
2709 0.756873 0.516114 0.00370475
2710 0.756873 0.507313 0.00403829
2711 0.756873 0.509906 0.00403063
2712 0.756873 0.510556 0.00411822
2713 0.756873 0.511201 0.00456807
2714 0.756873 0.513023 0.00503447
2715 0.756873 0.513012 0.00565218
2716 0.756873 0.506057 0.00533432
2717 0.756873 0.500174 0.00515
2718 0.756873 0.50802 0.00431076
2719 0.756873 0.508628 0.0050909
2720 0.756873 0.509088 0.00513817
2721 0.756873 0.50878 0.00628521
2722 0.756873 0.513578 0.00487752
2723 0.756873 0.509631 0.00503256
2724 0.756873 0.505708 0.00486587
2725 0.756873 0.503494 0.00546744
2726 0.756873 0.510106 0.0056069
2727 0.756873 0.509694 0.00437367
2728 0.756873 0.504412 0.00448801
2729 0.756873 0.50721 0.00478115
2730 0.756873 0.516868 0.00420046
2731 0.756873 0.517415 0.00406174
2732 0.756873 0.519767 0.00409421
2733 0.756873 0.518322 0.00419014
2734 0.756873 0.512456 0.00423484
2735 0.756873 0.511558 0.00392854
2736 0.756873 0.517995 0.00480825
2737 0.756873 0.522359 0.00477935
2738 0.756873 0.515659 0.00465743
2739 0.756873 0.519298 0.00447598
2740 0.756873 0.507933 0.00498726
2741 0.756873 0.513351 0.00486671
2742 0.756873 0.510504 0.00408496
2743 0.756873 0.502932 0.00459767
2744 0.756873 0.512868 0.00495758
2745 0.756873 0.516025 0.00455351
2746 0.756873 0.505975 0.0046242
2747 0.756873 0.513831 0.00404489
2748 0.756873 0.50675 0.00491978
2749 0.756873 0.511437 0.0036825
2750 0.756873 0.515058 0.00467329
2751 0.756873 0.513349 0.00576067
2752 0.756873 0.505437 0.00458984
2753 0.756873 0.507396 0.00415895
2754 0.756873 0.513566 0.00479177
2755 0.756873 0.507898 0.00570567
2756 0.756873 0.515675 0.00530153
2757 0.756873 0.506784 0.00465454
2758 0.756873 0.500519 0.00438078
2759 0.756873 0.514087 0.00516224
2760 0.756873 0.512311 0.00598601
2761 0.756873 0.520091 0.00446728
2762 0.756873 0.519844 0.00474724
2763 0.756873 0.510278 0.00491733
2764 0.756873 0.509138 0.00564561
2765 0.756873 0.510486 0.00444735
2766 0.756873 0.510601 0.00480162
2767 0.756873 0.49934 0.0050244
2768 0.756873 0.510206 0.00549153
2769 0.756873 0.50574 0.00522399
2770 0.756873 0.514139 0.00388675
2771 0.756873 0.519292 0.00428845
2772 0.756873 0.509713 0.00478545
2773 0.756873 0.504697 0.00456384
2774 0.756873 0.517196 0.00544525
2775 0.756873 0.508522 0.00440993
2776 0.756873 0.504421 0.00392874
2777 0.767248 0.518823 0.00546477
2778 0.767248 0.513027 0.00496128
2779 0.767248 0.514725 0.00459223
2780 0.767248 0.512595 0.00477533
2781 0.767248 0.502556 0.00436769
2782 0.767248 0.500421 0.00558763
2783 0.767248 0.512189 0.00489208
2784 0.767248 0.513585 0.00463461
2785 0.794598 0.516569 0.00522883
2786 0.794598 0.510972 0.00510891
2787 0.794598 0.511399 0.00542378
2788 0.794598 0.504088 0.00489609
2789 0.794598 0.507459 0.00500443
2790 0.794598 0.507369 0.0058125
2791 0.794598 0.512235 0.00496204
2792 0.794598 0.51373 0.00553053
2793 0.794598 0.509065 0.00554012
2794 0.794598 0.515468 0.00567579
2795 0.794598 0.512926 0.00573533
2796 0.794598 0.516023 0.00598845
2797 0.794598 0.516809 0.00486853
2798 0.794598 0.511126 0.0052658
2799 0.794598 0.51935 0.00535384
2800 0.794598 0.517479 0.00437782
2801 0.794598 0.51504 0.00481849
2802 0.794598 0.513014 0.00463423
2803 0.794598 0.514352 0.00444683
2804 0.794598 0.509496 0.00543826
2805 0.794598 0.514807 0.0061664
2806 0.794598 0.511978 0.00464102
2807 0.794598 0.507737 0.00524198
2808 0.794598 0.50606 0.00518221
2809 0.794598 0.508064 0.0053387
2810 0.794598 0.508053 0.00554439
2811 0.794598 0.514031 0.00525445
2812 0.794598 0.511331 0.00535364
2813 0.794598 0.509661 0.00471442
2814 0.794598 0.514859 0.00446772
2815 0.794598 0.50731 0.00486654
2816 0.794598 0.508702 0.00537344
2817 0.794598 0.510846 0.00559713
2818 0.794598 0.516081 0.0044772
2819 0.794598 0.518735 0.00510246
2820 0.794598 0.512442 0.00556511
2821 0.794598 0.509421 0.00515967
2822 0.794598 0.516427 0.00508173
2823 0.794598 0.51023 0.00496286
2824 0.794598 0.51029 0.00460951
2825 0.794598 0.514482 0.00462159
2826 0.794598 0.519617 0.00595548
2827 0.794598 0.524885 0.0047168
2828 0.794598 0.513453 0.00552036
2829 0.794598 0.511525 0.00560493
2830 0.794598 0.509387 0.00476906
2831 0.794598 0.519326 0.00495759
2832 0.794598 0.518614 0.00674772
2833 0.794598 0.5148 0.00475693
2834 0.794598 0.526338 0.006067
2835 0.794598 0.52422 0.00558359
2836 0.794598 0.519645 0.00518505
2837 0.794598 0.517522 0.00580487
2838 0.794598 0.515208 0.00563468
2839 0.794598 0.508823 0.00443147
2840 0.794598 0.513081 0.00529341
2841 0.794598 0.513738 0.00536007
2842 0.794598 0.513889 0.00497312
2843 0.794598 0.51255 0.00522955
2844 0.794598 0.513546 0.00511874
2845 0.794598 0.518114 0.00567761
2846 0.794598 0.522212 0.00622281
2847 0.794598 0.510878 0.00584426
2848 0.794598 0.517189 0.00479583
2849 0.794598 0.507257 0.00569438
2850 0.794598 0.505786 0.00609386
2851 0.794598 0.508442 0.00474205
2852 0.794598 0.508973 0.00566613
2853 0.794598 0.516016 0.00535191
2854 0.794598 0.50965 0.00583566
2855 0.794598 0.515347 0.00567404
2856 0.794598 0.514241 0.00568564
2857 0.794598 0.518801 0.00507719
2858 0.794598 0.517002 0.00503182
2859 0.794598 0.510171 0.0057249
2860 0.794598 0.50902 0.00587577
2861 0.794598 0.514244 0.0060377
2862 0.794598 0.512454 0.0056509
2863 0.794598 0.514133 0.00475119
2864 0.794598 0.506665 0.00547375
2865 0.794598 0.50771 0.00569586
2866 0.794598 0.514418 0.00583892
2867 0.794598 0.50487 0.00541189
2868 0.794598 0.503856 0.00540836
2869 0.794598 0.511686 0.0058342
2870 0.794598 0.50772 0.00586127
2871 0.807151 0.512166 0.00547531
2872 0.807151 0.5092 0.00615773
2873 0.807151 0.509268 0.00614549
2874 0.807151 0.508066 0.00555771
2875 0.807151 0.510913 0.00531858
2876 0.807151 0.511062 0.00518272
2877 0.807151 0.507249 0.00636364
2878 0.807151 0.513312 0.00555858
2879 0.807151 0.513055 0.00620895
2880 0.807151 0.520653 0.00528451
2881 0.807151 0.513093 0.00563498
2882 0.807151 0.519136 0.00579225
2883 0.807151 0.518897 0.00496085
2884 0.807151 0.515726 0.00478294
2885 0.807151 0.513904 0.00545781
2886 0.807151 0.511413 0.00516788
2887 0.807151 0.507878 0.00665601
2888 0.807151 0.511581 0.00476592
2889 0.807151 0.513182 0.00541854
2890 0.807151 0.514462 0.00528539
2891 0.807151 0.514198 0.00503279
2892 0.807151 0.510081 0.00494371
2893 0.807151 0.504666 0.00524303
2894 0.807151 0.503881 0.00532648
2895 0.807151 0.513678 0.00561926
2896 0.807151 0.506136 0.00525287
2897 0.807151 0.505008 0.0052571
2898 0.807151 0.510284 0.00591755
2899 0.807151 0.517779 0.00508611
2900 0.807151 0.516167 0.00577582
2901 0.807151 0.516099 0.00668684
2902 0.807151 0.508477 0.0054311
2903 0.807151 0.520923 0.00502353
2904 0.807151 0.512654 0.00519593
2905 0.807151 0.510729 0.00541834
2906 0.807151 0.518166 0.00551043
2907 0.807151 0.509414 0.00573627
2908 0.807151 0.5143 0.00581625
2909 0.807151 0.508792 0.00579674
2910 0.807151 0.51794 0.00641034
2911 0.807151 0.503034 0.00673402
2912 0.807151 0.509737 0.0062472
2913 0.807151 0.509204 0.00582976
2914 0.807151 0.504423 0.0057484
2915 0.807151 0.502931 0.00552092
2916 0.807151 0.508672 0.0048688
2917 0.807151 0.503599 0.00588067
2918 0.807151 0.510801 0.00549082
2919 0.807151 0.502502 0.00583859
2920 0.807151 0.509195 0.00733533
2921 0.807151 0.50731 0.00663723
2922 0.807151 0.509058 0.00720903
2923 0.807151 0.515993 0.00637936
2924 0.807151 0.51212 0.00583301
2925 0.807151 0.513851 0.00536863
2926 0.807151 0.506438 0.00567651
2927 0.807151 0.507629 0.0057627
2928 0.807151 0.511419 0.00517149
2929 0.807151 0.506859 0.00661817
2930 0.807151 0.512079 0.00588598
2931 0.807151 0.517141 0.00616225
2932 0.807151 0.516183 0.0060899
2933 0.807151 0.512551 0.00559555
2934 0.807151 0.506337 0.00610547
2935 0.807151 0.511157 0.00557248
2936 0.807151 0.512939 0.00554158
2937 0.807151 0.515208 0.00594226
2938 0.807151 0.517042 0.00550344
2939 0.807151 0.514769 0.00495994
2940 0.807151 0.513422 0.00553287
2941 0.807151 0.522895 0.00643151
2942 0.807151 0.507445 0.00524598
2943 0.807151 0.509308 0.00548375
2944 0.807151 0.512411 0.00561554
2945 0.807151 0.512692 0.00530257
2946 0.807151 0.519561 0.00645266
2947 0.807151 0.511027 0.0068092
2948 0.807151 0.513181 0.00531485
2949 0.807151 0.516349 0.00507597
2950 0.807151 0.507296 0.00628963
2951 0.807151 0.516718 0.00573413
2952 0.807151 0.514214 0.00544316
2953 0.807151 0.503344 0.00550253
2954 0.807151 0.515225 0.00499055
2955 0.807781 0.517607 0.00593857
2956 0.807781 0.507397 0.00633648
2957 0.807781 0.516873 0.00565309
2958 0.807781 0.509609 0.00647665
2959 0.807781 0.514153 0.0067244
2960 0.807781 0.510124 0.00554413
2961 0.807781 0.512569 0.00525653
2962 0.807781 0.512077 0.00579002
2963 0.807781 0.515892 0.00525854
2964 0.807781 0.51199 0.00552658
2965 0.807781 0.510894 0.00548136
2966 0.807781 0.512972 0.00548968
2967 0.807781 0.510119 0.00521188
2968 0.807781 0.51326 0.00551741
2969 0.807781 0.518033 0.0047126
2970 0.807781 0.514787 0.00542667
2971 0.807781 0.512117 0.00574896
2972 0.807781 0.512604 0.00548843
2973 0.807781 0.51591 0.00590888
2974 0.807781 0.515335 0.00506317
2975 0.807781 0.512935 0.00530407
2976 0.807781 0.517836 0.00527068
2977 0.807781 0.516087 0.00572964
2978 0.807781 0.512539 0.00536098
2979 0.807781 0.512551 0.00533026
2980 0.807781 0.519897 0.00562528
2981 0.807781 0.512716 0.00537115
2982 0.807781 0.519314 0.00523005
2983 0.807781 0.511691 0.00525054
2984 0.807781 0.511734 0.00576612
2985 0.807781 0.51484 0.00566408
2986 0.807781 0.523283 0.00577928
2987 0.807781 0.515479 0.00696632
2988 0.813161 0.51398 0.00705182
2989 0.813161 0.513375 0.00647836
2990 0.813161 0.515442 0.00590373
2991 0.813161 0.515202 0.005987
2992 0.813161 0.520783 0.00532642
2993 0.813161 0.510383 0.00567572
2994 0.813161 0.518048 0.00573249
2995 0.813161 0.507066 0.00555655
2996 0.813161 0.51456 0.00641121
2997 0.813161 0.513889 0.00571554
2998 0.813161 0.508291 0.00535865
2999 0.813161 0.515625 0.0060151
3000 0.813161 0.522148 0.00643509
