3
2
-50.2864
2.97872
0
-59.1849
2.7183
0
-54.6844
4.44673
0
0.183557
0.207432
1
0.183892
0.287447
1
0.491263
1.82472
0.983745
0.622645
1.97389
0.374038
1.05939
1.50883
0.0226416
0
0.470643
0.909847
2
1.28926
0.799158
1.38572
1.41681
0.262642
1.09643
1.05528
0.782974
0.561683
1.63776
0.302666
0.601955
0.750573
1.1086
0.161849
1.89001
1.42547
1.00031
1.47615
1.24096
0.427265
1.11295
1.02905
0.429172
1.73365
1.69538
0.744889
1.60779
0.308336
1.9312
0.453137
1.03854
1.6856
0.514588
1.14847
0.673575
1.76477
0.0851738
2
0.828471
2
0.713341
0.796081
0.0305915
0.0836266
0.704152
1.90681
0.529831
1.97049
0.594787
1.56148
0.221501
1.54409
1.04834
1.32384
0.721336
0.609573
1.69089
0.839101
0.0519753
2
0.211866
