3
2
0.157838
0.250414
1
-62.4448
3.12502
0
-51.0798
5.0404
0
-65
7.87193
0
0.0883612
0.274545
1
0.277792
0.556039
0.356211
1.84172
1.36551
0.616354
1.38918
1.99729
1.68577
1.57865
1.08174
0.833989
1.78676
0.110325
1.01346
0.244247
0.945216
0.472623
0.553838
0.58093
1.91507
1.20541
0.393278
0.718723
1.67549
1.942
0.0733511
1.94616
0.358629
0.225406
1.59286
1.69377
1.12526
1.98957
1.03366
1.01221
0.831936
0.781095
1.98333
1.86549
1.6047
0.0522724
1.04907
0.947274
1.94567
1.30525
0.796996
1.89044
1.40723
0.0257237
0.137536
1.36585
1.45513
1.72063
1.10359
0.811891
0.512541
1.50607
0.572423
0.556414
1.66132
0.459216
1.24262
0.392869
0.788683
0.389896
1.57786
1.99755
1.2268
0.497957
1.81528
0.465104
1.2173
1.73935
0.0672014
