0 0.534892 0.497744 9.00724e-05
1 0.534892 0.496989 0.000133896
2 0.535666 0.498482 0.000135297
3 0.546492 0.500863 0.000194618
4 0.546492 0.500845 0.000164513
5 0.546492 0.500878 0.000193197
6 0.546492 0.498273 0.000245371
7 0.551729 0.49908 0.000227723
8 0.551729 0.500313 0.000233711
9 0.576507 0.501716 0.000231939
10 0.576507 0.501129 0.000266104
11 0.576507 0.499058 0.000386295
12 0.576507 0.500424 0.000261054
13 0.576507 0.503986 0.00032181
14 0.582559 0.502605 0.00036464
15 0.582559 0.503611 0.000401156
16 0.582559 0.503135 0.000475488
17 0.582559 0.503902 0.000481698
18 0.582559 0.502088 0.000480577
19 0.582559 0.503347 0.000426568
20 0.582559 0.501208 0.00043651
21 0.582559 0.503049 0.000480324
22 0.582559 0.502495 0.000477427
23 0.60756 0.501495 0.000593533
24 0.60756 0.502969 0.000566495
25 0.60756 0.503561 0.000777875
26 0.650885 0.505175 0.000950688
27 0.650885 0.506895 0.00106364
28 0.650885 0.503329 0.000912885
29 0.650885 0.505589 0.0010005
30 0.650885 0.506696 0.00111301
31 0.650885 0.509261 0.00113196
32 0.650885 0.510546 0.00122485
33 0.650885 0.507919 0.00104416
34 0.650885 0.510073 0.00139649
35 0.650885 0.510055 0.00140621
36 0.650885 0.511503 0.00123208
37 0.650885 0.508045 0.00136146
38 0.650885 0.505981 0.000934006
39 0.650885 0.507326 0.0011251
40 0.650885 0.508378 0.00120361
41 0.650885 0.510186 0.00155349
42 0.650885 0.509291 0.00149222
43 0.650885 0.509163 0.00130235
44 0.650885 0.509796 0.00123401
45 0.650885 0.511221 0.00134015
46 0.650885 0.51056 0.00144841
47 0.650885 0.506741 0.00138201
48 0.650885 0.512995 0.00130103
49 0.650885 0.513749 0.00145542
50 0.650885 0.513431 0.00144662
51 0.650885 0.51053 0.00136228
52 0.650885 0.513761 0.0015209
53 0.650885 0.514747 0.00156864
54 0.650885 0.511935 0.00147758
55 0.650885 0.515923 0.00159775
56 0.650885 0.518112 0.00163635
57 0.650885 0.515661 0.00145628
58 0.650885 0.513356 0.00156546
59 0.650885 0.518034 0.0019105
60 0.650885 0.517635 0.00167705
61 0.650885 0.519997 0.00178314
62 0.650885 0.520969 0.00166446
63 0.650885 0.523 0.00169909
64 0.650885 0.525663 0.00179203
65 0.650885 0.525731 0.00148146
66 0.650885 0.528123 0.00169897
67 0.650885 0.528717 0.00175899
68 0.650885 0.527633 0.00170507
69 0.650885 0.529124 0.00148825
70 0.650885 0.527696 0.0015998
71 0.650885 0.526668 0.00182554
72 0.650885 0.529229 0.00169538
73 0.650885 0.534556 0.00189811
74 0.650885 0.530712 0.00140073
75 0.650885 0.537191 0.00180091
76 0.650885 0.536469 0.00152699
77 0.650885 0.538789 0.00176317
78 0.650885 0.537677 0.00160166
79 0.650885 0.540606 0.00162129
80 0.650885 0.541501 0.00181687
81 0.650885 0.54193 0.00180602
82 0.650885 0.539898 0.00150088
83 0.650885 0.542742 0.00150519
84 0.650885 0.538338 0.00176415
85 0.650885 0.535998 0.00147228
86 0.650885 0.541184 0.00174446
87 0.650885 0.543623 0.00163757
88 0.650885 0.548156 0.00164488
89 0.650885 0.54627 0.001599
90 0.650885 0.542776 0.00159379
91 0.650885 0.538054 0.00138281
92 0.650885 0.54334 0.00159619
93 0.650885 0.550465 0.0017356
94 0.650885 0.546327 0.00140011
95 0.650885 0.547194 0.00163358
96 0.650885 0.550889 0.0015094
97 0.650885 0.547093 0.0012308
98 0.650885 0.548537 0.0015343
99 0.650885 0.550974 0.00171111
100 0.650885 0.55157 0.00155839
101 0.650885 0.546231 0.0017115
102 0.650885 0.552936 0.00154854
103 0.650885 0.548017 0.00210331
104 0.650885 0.547592 0.00193137
105 0.650885 0.546432 0.00179338
106 0.650885 0.543849 0.00211285
107 0.650885 0.542235 0.00200838
108 0.650885 0.54193 0.00183191
109 0.650885 0.544949 0.0016053
110 0.650885 0.546911 0.00158995
111 0.650885 0.544497 0.00169489
112 0.650885 0.54777 0.00131238
113 0.650885 0.545195 0.00181432
114 0.650885 0.551486 0.00167297
115 0.650885 0.552674 0.00173274
116 0.650885 0.548817 0.001635
117 0.650885 0.551809 0.0014648
118 0.650885 0.547174 0.00171982
119 0.650885 0.547447 0.00158873
120 0.650885 0.545431 0.00153069
121 0.650885 0.544831 0.00165088
122 0.666318 0.540415 0.00194741
123 0.666318 0.541547 0.00162868
124 0.666318 0.545279 0.00178243
125 0.666318 0.549571 0.00188943
126 0.666318 0.551201 0.00188094
127 0.666318 0.549383 0.00181158
128 0.666318 0.551068 0.00163699
129 0.666318 0.549723 0.0016071
130 0.666318 0.546206 0.00155051
131 0.666318 0.544547 0.00201867
132 0.666318 0.540504 0.00185325
133 0.666318 0.543718 0.00142483
134 0.666318 0.550208 0.00176148
135 0.666318 0.545911 0.00148344
136 0.666318 0.541567 0.00165477
137 0.666318 0.545474 0.00161046
138 0.666318 0.5465 0.00180479
139 0.666318 0.547747 0.00172095
140 0.666318 0.543887 0.00168027
141 0.666318 0.544329 0.00190303
142 0.666318 0.546748 0.00184731
143 0.666318 0.543903 0.00177694
144 0.666318 0.551973 0.00146962
145 0.666318 0.550698 0.00139815
146 0.666318 0.551773 0.00145285
147 0.666318 0.556993 0.0015772
148 0.666318 0.554714 0.00155292
149 0.666318 0.548998 0.00141153
150 0.666318 0.553924 0.00187616
151 0.666318 0.550933 0.00176313
152 0.666318 0.553719 0.00165102
153 0.666318 0.548075 0.00159995
154 0.666318 0.545244 0.00154651
155 0.666318 0.544671 0.00184289
156 0.666318 0.550401 0.00162007
157 0.666318 0.55049 0.00165625
158 0.666318 0.550475 0.00195864
159 0.666318 0.546538 0.00186851
160 0.666318 0.546916 0.0016951
161 0.666318 0.544711 0.00177137
162 0.666318 0.540161 0.00158757
163 0.666318 0.546817 0.00185007
164 0.666318 0.545411 0.00180695
165 0.666318 0.545549 0.00192485
166 0.666318 0.548879 0.00159207
167 0.666318 0.545467 0.00169069
168 0.666318 0.549101 0.00196747
169 0.666318 0.55243 0.00185389
170 0.666318 0.554684 0.00164338
171 0.666318 0.548154 0.00191819
172 0.666318 0.549808 0.00174383
173 0.666318 0.557367 0.00187495
174 0.666318 0.549508 0.00185553
175 0.666318 0.554468 0.00184816
176 0.666318 0.552571 0.00182054
177 0.666318 0.554779 0.00187136
178 0.666318 0.551292 0.00185606
179 0.666318 0.557177 0.00184632
180 0.666318 0.554033 0.00200995
181 0.666318 0.553148 0.00188742
182 0.666318 0.551158 0.00208678
183 0.666318 0.554132 0.00189767
184 0.666318 0.550536 0.00186124
185 0.666318 0.556315 0.00191214
186 0.666318 0.554238 0.00181588
187 0.666318 0.553892 0.00202464
188 0.666318 0.553996 0.00174948
189 0.666318 0.551561 0.00194418
190 0.666318 0.549526 0.00209341
191 0.666318 0.548598 0.00197131
192 0.666318 0.547497 0.00191125
193 0.666318 0.546606 0.00225712
194 0.666318 0.552346 0.00216061
195 0.666318 0.548167 0.00201881
196 0.666318 0.544569 0.0018585
197 0.666318 0.542511 0.00206943
198 0.683691 0.54321 0.00197695
199 0.683691 0.544862 0.0022629
200 0.683691 0.54976 0.00219602
201 0.683691 0.543334 0.00241758
202 0.683691 0.547833 0.00223064
203 0.683691 0.549492 0.00213876
204 0.683691 0.551076 0.00216723
205 0.683691 0.551399 0.00200756
206 0.683691 0.54987 0.0022054
207 0.683691 0.548184 0.00257769
208 0.683691 0.549789 0.00243533
209 0.683691 0.551949 0.00235759
210 0.683691 0.555652 0.00229376
211 0.683691 0.555367 0.00212829
212 0.683691 0.553122 0.00185657
213 0.683691 0.554861 0.00209428
214 0.683691 0.55649 0.00210925
215 0.683691 0.554911 0.00227182
216 0.683691 0.556087 0.00203239
217 0.683691 0.556161 0.00199977
218 0.683691 0.550489 0.00175006
219 0.683691 0.559593 0.00199676
220 0.683691 0.560178 0.00171853
221 0.683691 0.563464 0.00181965
222 0.683691 0.563846 0.00183077
223 0.683691 0.560225 0.00199669
224 0.683691 0.552881 0.00214644
225 0.683691 0.554336 0.00189717
226 0.683691 0.56384 0.00224419
227 0.683691 0.560087 0.00195026
228 0.683691 0.559912 0.00201921
229 0.683691 0.561743 0.00163189
230 0.683691 0.555142 0.00213602
231 0.683691 0.563159 0.00206018
232 0.683691 0.557034 0.0018871
233 0.683691 0.564888 0.0016134
234 0.683691 0.564697 0.00207131
235 0.683691 0.564427 0.00195611
236 0.683691 0.563525 0.00181974
237 0.683691 0.561702 0.00185175
238 0.683691 0.562302 0.00184021
239 0.683691 0.559914 0.00201532
240 0.683691 0.562139 0.00193868
241 0.683691 0.557521 0.00251446
242 0.683691 0.558425 0.00186687
243 0.683691 0.563314 0.00192561
244 0.683691 0.557677 0.00198173
245 0.683691 0.556115 0.00193469
246 0.683691 0.555188 0.00202555
247 0.683691 0.553747 0.00197839
248 0.683691 0.556501 0.00204077
249 0.683691 0.565625 0.00192814
250 0.683691 0.555033 0.00214247
251 0.683691 0.556067 0.0019094
252 0.683691 0.55573 0.00196952
253 0.683691 0.55576 0.00190481
254 0.683691 0.556793 0.00191769
255 0.683691 0.55627 0.00191776
256 0.683691 0.555161 0.0024205
257 0.683691 0.559801 0.00220098
258 0.683691 0.562543 0.00205209
259 0.683691 0.56094 0.00181199
260 0.683691 0.558265 0.00201951
261 0.683691 0.565014 0.00197057
262 0.683691 0.555685 0.0020498
263 0.683691 0.552526 0.00193108
264 0.683691 0.560637 0.00165056
265 0.683691 0.56272 0.00177454
266 0.683691 0.561763 0.00183329
267 0.683691 0.568521 0.00189356
268 0.683691 0.562346 0.0018094
269 0.683691 0.562522 0.0017775
270 0.683691 0.560236 0.00177215
271 0.683691 0.562981 0.00197369
272 0.683691 0.557761 0.00213427
273 0.683691 0.55958 0.00174795
274 0.683691 0.559137 0.0020181
275 0.683691 0.563836 0.001672
276 0.683691 0.564325 0.0015639
277 0.683691 0.55399 0.00207543
278 0.683691 0.566637 0.001918
279 0.683691 0.563483 0.00212613
280 0.683691 0.563513 0.00219938
281 0.683691 0.562439 0.00220421
282 0.683691 0.563022 0.00213251
283 0.683691 0.564812 0.00167137
284 0.683691 0.554502 0.00200997
285 0.683691 0.551671 0.00185288
286 0.683691 0.558238 0.00201192
287 0.683691 0.551556 0.00204079
288 0.683691 0.561291 0.00187581
289 0.683691 0.564912 0.00194683
290 0.683691 0.562677 0.0022409
291 0.683691 0.55767 0.0019797
292 0.683691 0.55821 0.00210453
293 0.683691 0.555852 0.00213654
294 0.683691 0.557234 0.00254072
295 0.683691 0.555697 0.00198175
296 0.683691 0.562087 0.00243563
297 0.683691 0.561724 0.00182516
298 0.683691 0.552478 0.00206944
299 0.683691 0.552183 0.00184302
300 0.683691 0.561217 0.00195858
301 0.683691 0.556321 0.00237273
302 0.683691 0.556783 0.00206019
303 0.683691 0.55172 0.00191668
304 0.683691 0.556896 0.00207989
305 0.683691 0.553413 0.00232847
306 0.683691 0.551707 0.00206615
307 0.683691 0.552392 0.00204412
308 0.683691 0.554453 0.00210332
309 0.683691 0.552535 0.00200906
310 0.683691 0.559436 0.00223234
311 0.683691 0.554684 0.00222447
312 0.683691 0.558094 0.0020594
313 0.683691 0.559407 0.0024789
314 0.683691 0.560841 0.00189645
315 0.683691 0.562628 0.00219998
316 0.683691 0.562176 0.00201649
317 0.683691 0.553669 0.00225466
318 0.683691 0.555241 0.00222425
319 0.683691 0.554398 0.00226314
320 0.683691 0.557801 0.00214779
321 0.683691 0.560613 0.00208533
322 0.683691 0.562388 0.00200842
323 0.683691 0.561342 0.0019857
324 0.683691 0.552661 0.00188951
325 0.683691 0.552135 0.00190588
326 0.683691 0.552466 0.00197776
327 0.683691 0.551523 0.00197186
328 0.683691 0.555718 0.0023153
329 0.683691 0.557108 0.00201302
330 0.683691 0.556837 0.00196125
331 0.683691 0.546063 0.00206026
332 0.683691 0.553737 0.00256752
333 0.683691 0.553357 0.00239726
334 0.683691 0.551443 0.00245121
335 0.683691 0.555524 0.00195151
336 0.683691 0.552418 0.00186988
337 0.683691 0.552031 0.00227798
338 0.683691 0.556374 0.00207278
339 0.683691 0.558324 0.00211981
340 0.683691 0.556049 0.00253652
341 0.683691 0.553755 0.0022262
342 0.683691 0.553051 0.00230049
343 0.683691 0.558907 0.00219616
344 0.683691 0.559029 0.00214814
345 0.683691 0.560935 0.00193053
346 0.683691 0.564265 0.00199612
347 0.683691 0.560777 0.00207905
348 0.683691 0.560507 0.00201137
349 0.683691 0.557667 0.00192038
350 0.683691 0.557858 0.00174841
351 0.683691 0.560396 0.00205474
352 0.683691 0.553688 0.00191853
353 0.683691 0.556635 0.00215291
354 0.683691 0.557528 0.00218443
355 0.683691 0.557791 0.00215158
356 0.683691 0.559907 0.00206775
357 0.683691 0.559944 0.00216947
358 0.683691 0.560057 0.00207359
359 0.683691 0.559457 0.00236562
360 0.683691 0.558519 0.00190659
361 0.683691 0.559622 0.00189447
362 0.683691 0.558853 0.00187785
363 0.683691 0.557894 0.00222461
364 0.683691 0.563358 0.00198352
365 0.683691 0.559023 0.00211302
366 0.683691 0.556263 0.00213693
367 0.683691 0.560394 0.00177614
368 0.683691 0.569273 0.00189112
369 0.683691 0.566013 0.00201363
370 0.683691 0.562124 0.00222837
371 0.683691 0.562227 0.0020131
372 0.683691 0.558141 0.00184059
373 0.683691 0.562421 0.00209144
374 0.683691 0.559965 0.00171136
375 0.683691 0.558808 0.00197712
376 0.683691 0.556672 0.0021852
377 0.683691 0.558524 0.0021664
378 0.683691 0.55693 0.00200082
379 0.683691 0.556646 0.00223564
380 0.683691 0.549232 0.00207625
381 0.683691 0.555369 0.00211159
382 0.683691 0.553743 0.00214902
383 0.683691 0.563055 0.00185889
384 0.683691 0.565309 0.00193654
385 0.683691 0.558915 0.00198476
386 0.683691 0.5585 0.00184894
387 0.683691 0.56288 0.00203837
388 0.683691 0.56309 0.00178179
389 0.683691 0.562713 0.00222403
390 0.683691 0.564244 0.0022423
391 0.683691 0.559768 0.0022252
392 0.683691 0.55867 0.00210144
393 0.683691 0.563386 0.00230892
394 0.683691 0.571077 0.00153935
395 0.683691 0.568887 0.00195481
396 0.683691 0.567451 0.00197646
397 0.683691 0.563189 0.00186262
398 0.683691 0.564817 0.00170522
399 0.683691 0.565503 0.00183022
400 0.683691 0.564256 0.0018221
401 0.683691 0.561001 0.00170928
402 0.683691 0.551338 0.00204558
403 0.683691 0.560868 0.00178178
404 0.683691 0.555658 0.00208825
405 0.683691 0.558356 0.00194709
406 0.683691 0.55918 0.00181534
407 0.683691 0.556289 0.00187962
408 0.683691 0.556795 0.0019836
409 0.683691 0.549509 0.00241503
410 0.683691 0.554695 0.00216199
411 0.683691 0.552877 0.00226769
412 0.683691 0.557583 0.00220034
413 0.683691 0.554597 0.00205254
414 0.683691 0.554723 0.00216489
415 0.683691 0.55427 0.0020784
416 0.683691 0.550181 0.00223872
417 0.683691 0.55235 0.00217992
418 0.683691 0.555846 0.00197405
419 0.683691 0.556803 0.00232384
420 0.683691 0.557451 0.00229463
421 0.683691 0.556802 0.00221469
422 0.683691 0.561213 0.0026185
423 0.683691 0.556341 0.00222657
424 0.683691 0.55809 0.00268074
425 0.683691 0.557446 0.00265786
426 0.683691 0.557095 0.00235347
427 0.683691 0.561793 0.00234768
428 0.683691 0.553369 0.00222799
429 0.683691 0.55752 0.00226229
430 0.683691 0.557553 0.00252634
431 0.683691 0.551705 0.00232723
432 0.683691 0.555949 0.00208023
433 0.683691 0.559355 0.00208344
434 0.683691 0.565349 0.00228709
435 0.683691 0.555448 0.00239528
436 0.683691 0.555893 0.00219215
437 0.683691 0.553591 0.00228677
438 0.683691 0.559023 0.00217028
439 0.683691 0.552036 0.00263125
440 0.683691 0.547369 0.00224016
441 0.683691 0.549215 0.00224291
442 0.683691 0.554727 0.00231821
443 0.683691 0.55849 0.00244287
444 0.683691 0.559128 0.00247507
445 0.683691 0.555225 0.00261431
446 0.683691 0.557904 0.00262296
447 0.683691 0.557742 0.00212414
448 0.683691 0.56349 0.00225763
449 0.683691 0.565931 0.00213013
450 0.683691 0.563092 0.00217188
451 0.683691 0.556856 0.00219566
452 0.683691 0.563667 0.00186488
453 0.683691 0.56051 0.00203885
454 0.683691 0.559616 0.00214303
455 0.683691 0.56258 0.00229558
456 0.683691 0.561765 0.00204689
457 0.683691 0.554555 0.00197926
458 0.683691 0.556519 0.00201783
459 0.683691 0.560584 0.00201149
460 0.683691 0.55825 0.00199801
461 0.683691 0.558406 0.00199893
462 0.683691 0.562333 0.0019962
463 0.683691 0.561014 0.00192385
464 0.683691 0.558013 0.00196059
465 0.683691 0.556117 0.00193765
466 0.683691 0.550931 0.0020343
467 0.683691 0.552648 0.00225298
468 0.683691 0.553361 0.00217513
469 0.683691 0.561506 0.00248916
470 0.683691 0.562095 0.0020156
471 0.683691 0.560725 0.00225634
472 0.683691 0.562313 0.0023327
473 0.683691 0.554311 0.00218648
474 0.683691 0.556305 0.00215287
475 0.683691 0.561681 0.00194091
476 0.683691 0.5554 0.00190746
477 0.683691 0.556911 0.0021279
478 0.683691 0.55646 0.00221883
479 0.683691 0.556674 0.00225
480 0.683691 0.55315 0.00240774
481 0.683691 0.558595 0.00225268
482 0.683691 0.559192 0.00221056
483 0.683691 0.561123 0.00204651
484 0.683691 0.56435 0.00201052
485 0.683691 0.561046 0.0017956
486 0.683691 0.566642 0.00183845
487 0.683691 0.554183 0.00205427
488 0.683691 0.555543 0.00184954
489 0.683691 0.557017 0.00196063
490 0.683691 0.557404 0.00199522
491 0.683691 0.558245 0.00214355
492 0.683691 0.560369 0.00199298
493 0.683691 0.563166 0.00224394
494 0.683691 0.561438 0.0024341
495 0.683691 0.559755 0.00236986
496 0.683691 0.557181 0.0021917
497 0.685403 0.551414 0.00260806
498 0.685403 0.553498 0.00245112
499 0.685403 0.543963 0.00248425
500 0.685403 0.549832 0.00229331
501 0.685403 0.560993 0.00239587
502 0.685403 0.557355 0.00204065
503 0.685403 0.555059 0.00238271
504 0.685403 0.552531 0.00215312
505 0.685403 0.559106 0.0021617
506 0.685403 0.555273 0.00223613
507 0.685403 0.556734 0.00236062
508 0.685403 0.558959 0.0025094
509 0.685403 0.559454 0.00271012
510 0.685403 0.555272 0.0024181
511 0.685403 0.557988 0.00226158
512 0.685403 0.551432 0.00239037
513 0.685403 0.544069 0.00246926
514 0.685403 0.554039 0.00247754
515 0.685403 0.555217 0.00226394
516 0.685403 0.550092 0.00258191
517 0.685403 0.551482 0.00256586
518 0.685403 0.550326 0.00251485
519 0.685403 0.550681 0.0025249
520 0.685403 0.554772 0.00224646
521 0.685403 0.562044 0.002427
522 0.685403 0.560485 0.00255603
523 0.685403 0.555841 0.00248386
524 0.685403 0.557594 0.0024477
525 0.685403 0.557713 0.00174715
526 0.685403 0.559499 0.00208379
527 0.685403 0.555428 0.00237119
528 0.685403 0.552461 0.00232675
529 0.685403 0.556179 0.00202406
530 0.685403 0.557986 0.0024342
531 0.685403 0.556132 0.00231992
532 0.685403 0.554634 0.00230214
533 0.685403 0.554146 0.00236373
534 0.685403 0.557077 0.00195124
535 0.685403 0.555313 0.00244589
536 0.685403 0.552531 0.00212576
537 0.685403 0.548579 0.00259568
538 0.685403 0.552984 0.00236929
539 0.685403 0.552497 0.0023354
540 0.685403 0.560483 0.00202152
541 0.685403 0.556758 0.00221987
542 0.685403 0.555636 0.00194576
543 0.685403 0.556066 0.0020161
544 0.685403 0.562149 0.00208374
545 0.685403 0.561218 0.00238611
546 0.685403 0.558451 0.00234595
547 0.685403 0.558976 0.00213075
548 0.685403 0.55834 0.00201441
549 0.685403 0.55962 0.00181839
550 0.685403 0.559656 0.00230478
551 0.685403 0.562596 0.00219302
552 0.685403 0.554828 0.00207223
553 0.685403 0.558088 0.00199225
554 0.685403 0.557375 0.00226204
555 0.685403 0.553768 0.00181056
556 0.685403 0.557171 0.00233384
557 0.685403 0.557168 0.00222415
558 0.685403 0.553705 0.00235869
559 0.685403 0.554451 0.00224839
560 0.685403 0.558047 0.00235656
561 0.685403 0.561146 0.00218071
562 0.685403 0.562663 0.00211524
563 0.685403 0.567366 0.00265106
564 0.685403 0.560226 0.00231021
565 0.685403 0.566271 0.00227702
566 0.685403 0.558936 0.00198673
567 0.685403 0.560653 0.00248054
568 0.685403 0.555529 0.00243981
569 0.685403 0.563277 0.00206467
570 0.685403 0.554275 0.00226613
571 0.685403 0.551922 0.00221058
572 0.685403 0.550296 0.00238069
573 0.685403 0.55168 0.00222935
574 0.685403 0.55881 0.00238317
575 0.685403 0.554016 0.00220649
576 0.685403 0.557933 0.00238932
577 0.685403 0.555362 0.00221335
578 0.685403 0.556228 0.00273249
579 0.685403 0.553533 0.00270672
580 0.685403 0.554181 0.00235888
581 0.685403 0.552509 0.00220797
582 0.685403 0.549134 0.00239577
583 0.685403 0.559164 0.00243457
584 0.685403 0.555424 0.00229569
585 0.685403 0.554866 0.00239685
586 0.685403 0.562271 0.0022667
587 0.685403 0.563039 0.00242869
588 0.685403 0.563919 0.00228472
589 0.685403 0.562359 0.00267633
590 0.685403 0.558644 0.00234119
591 0.685403 0.565958 0.00183623
592 0.685403 0.566845 0.00184945
593 0.685403 0.567632 0.00200577
594 0.685403 0.56934 0.00178108
595 0.685403 0.568831 0.00162389
596 0.685403 0.561651 0.00176739
597 0.685403 0.556233 0.00211075
598 0.685403 0.563294 0.00200041
599 0.685403 0.561835 0.00233489
600 0.685403 0.556234 0.00221035
601 0.685403 0.555469 0.00254657
602 0.685403 0.563616 0.00266658
603 0.685403 0.562814 0.00210398
604 0.685403 0.555141 0.00210791
605 0.685403 0.558569 0.00213462
606 0.685403 0.553065 0.00234789
607 0.685403 0.55962 0.00210297
608 0.685403 0.558643 0.00228095
609 0.685403 0.557892 0.00267958
610 0.685403 0.548233 0.00230885
611 0.685403 0.552667 0.00273362
612 0.685403 0.549697 0.00260091
613 0.685403 0.553171 0.0023099
614 0.685403 0.557342 0.00226212
615 0.685403 0.555153 0.00223888
616 0.685403 0.550265 0.00208169
617 0.685403 0.554596 0.00237942
618 0.685403 0.553069 0.00260318
619 0.685403 0.5563 0.00209152
620 0.685403 0.55017 0.00281637
621 0.685403 0.552364 0.00243652
622 0.685403 0.559545 0.00233115
623 0.685403 0.55861 0.00220649
624 0.685403 0.554905 0.00219457
625 0.685403 0.554239 0.00260482
626 0.685403 0.552982 0.00229932
627 0.685403 0.557084 0.00208979
628 0.685403 0.556433 0.00222919
629 0.685403 0.559837 0.00227302
630 0.685403 0.555413 0.00202949
631 0.685403 0.56 0.00214642
632 0.685403 0.562767 0.00213956
633 0.685403 0.552893 0.00211685
634 0.685403 0.556722 0.00229507
635 0.685403 0.555992 0.00243836
636 0.685403 0.555264 0.00235106
637 0.685403 0.558749 0.0022868
638 0.685403 0.554109 0.00225092
639 0.685403 0.561275 0.00233967
640 0.685403 0.56362 0.00220372
641 0.685403 0.55927 0.00190464
642 0.685403 0.55445 0.00225997
643 0.685403 0.561986 0.00217244
644 0.685403 0.558835 0.0023984
645 0.685403 0.554183 0.00239914
646 0.685403 0.550375 0.00256159
647 0.685403 0.555116 0.00288422
648 0.685403 0.551304 0.00221903
649 0.685403 0.556699 0.00228774
650 0.685403 0.556235 0.00222077
651 0.685403 0.554574 0.00269614
652 0.685403 0.552647 0.0023109
653 0.685403 0.550227 0.00230624
654 0.685403 0.54802 0.00238208
655 0.685403 0.551319 0.00246076
656 0.685403 0.552947 0.00237504
657 0.685403 0.550782 0.00244162
658 0.685403 0.552065 0.00245216
659 0.685403 0.553852 0.00248952
660 0.685403 0.560312 0.00209625
661 0.685403 0.555891 0.00217118
662 0.685403 0.552572 0.00253078
663 0.685403 0.551688 0.00224021
664 0.685403 0.560109 0.00233795
665 0.685403 0.559605 0.00231626
666 0.685403 0.559835 0.00251775
667 0.685403 0.557278 0.00258466
668 0.685403 0.562269 0.00248865
669 0.685403 0.5625 0.0024267
670 0.685403 0.558094 0.00227252
671 0.685403 0.554767 0.00236101
672 0.685403 0.558191 0.00250147
673 0.685403 0.55651 0.00241387
674 0.685403 0.546961 0.00217576
675 0.685403 0.549824 0.00252923
676 0.685403 0.545489 0.00272658
677 0.685403 0.557007 0.00260493
678 0.685403 0.55192 0.00246318
679 0.685403 0.554626 0.0024815
680 0.685403 0.555326 0.00243849
681 0.685403 0.5474 0.0024856
682 0.685403 0.549052 0.00240967
683 0.685403 0.5555 0.00232609
684 0.685403 0.54877 0.00246227
685 0.685403 0.552609 0.0029115
686 0.685403 0.552199 0.00235368
687 0.685403 0.554394 0.00281495
688 0.685403 0.558394 0.0024887
689 0.685403 0.555339 0.00242347
690 0.685403 0.55468 0.00224723
691 0.685403 0.552597 0.00241011
692 0.685403 0.556764 0.00250496
693 0.685403 0.550228 0.00256679
694 0.685403 0.559402 0.00231656
695 0.685403 0.555005 0.00236762
696 0.685403 0.547597 0.00265428
697 0.685403 0.549421 0.00304191
698 0.685403 0.550216 0.00269923
699 0.685403 0.555728 0.00290006
700 0.685403 0.556944 0.00216595
701 0.685403 0.553908 0.00267245
702 0.685403 0.549086 0.00251642
703 0.685403 0.552156 0.00277551
704 0.685403 0.556817 0.00257508
705 0.685403 0.557616 0.00260275
706 0.685403 0.552202 0.00272237
707 0.685403 0.563397 0.00260847
708 0.685403 0.557109 0.00302291
709 0.685403 0.555742 0.00290501
710 0.685403 0.55866 0.00271961
711 0.685403 0.548728 0.00280041
712 0.685403 0.54601 0.00278153
713 0.685403 0.546725 0.0031771
714 0.685403 0.554295 0.00256929
715 0.685403 0.556438 0.00248183
716 0.685403 0.548592 0.00269988
717 0.685403 0.558761 0.00243898
718 0.685403 0.553384 0.00260814
719 0.685403 0.554902 0.00277407
720 0.685403 0.550359 0.0027704
721 0.685403 0.549356 0.00255123
722 0.685403 0.548975 0.0026645
723 0.685403 0.550411 0.00250225
724 0.685403 0.547942 0.00278753
725 0.685403 0.54294 0.00298276
726 0.685403 0.546518 0.00332113
727 0.685403 0.542737 0.00315561
728 0.685403 0.547777 0.00283855
729 0.685403 0.548751 0.00262418
730 0.685403 0.547126 0.00276085
731 0.685403 0.544385 0.00264662
732 0.685403 0.547939 0.00280607
733 0.685403 0.544381 0.00262094
734 0.685403 0.541621 0.0023523
735 0.685403 0.541882 0.0024556
736 0.685403 0.547274 0.00272773
737 0.685403 0.548003 0.00296226
738 0.685403 0.5478 0.00234883
739 0.685403 0.544166 0.0025668
740 0.685403 0.544774 0.00280643
741 0.685403 0.551258 0.00246589
742 0.685403 0.551896 0.00278557
743 0.685403 0.555051 0.00239035
744 0.685403 0.555084 0.00237317
745 0.685403 0.554795 0.00255484
746 0.685403 0.561142 0.00252591
747 0.685403 0.557328 0.00221224
748 0.685403 0.556706 0.0020936
749 0.685403 0.558136 0.00250874
750 0.685403 0.556794 0.00230785
751 0.685403 0.550477 0.0024484
752 0.685403 0.558709 0.00211452
753 0.685403 0.555595 0.0028075
754 0.685403 0.552643 0.00238941
755 0.685403 0.558191 0.00227423
756 0.685403 0.558191 0.00208183
757 0.685403 0.55625 0.00200566
758 0.685403 0.550465 0.00271956
759 0.685403 0.553366 0.00220848
760 0.685403 0.547991 0.0024406
761 0.685403 0.550272 0.00233155
762 0.685403 0.556316 0.00316683
763 0.685403 0.548199 0.00257381
764 0.685403 0.541811 0.00267366
765 0.685403 0.549933 0.00234239
766 0.685403 0.546614 0.00244884
767 0.685403 0.557527 0.00239508
768 0.685403 0.555226 0.00235709
769 0.685403 0.54984 0.00241335
770 0.685403 0.551218 0.00241638
771 0.685403 0.554205 0.00281253
772 0.685403 0.563384 0.00246496
773 0.685403 0.553703 0.00292866
774 0.685403 0.56 0.00268499
775 0.685403 0.562251 0.0023832
776 0.685403 0.55649 0.00225096
777 0.685403 0.552165 0.00266996
778 0.685403 0.550446 0.00269726
779 0.685403 0.551475 0.00246992
780 0.685403 0.555673 0.0023753
781 0.685403 0.554674 0.00263339
782 0.685403 0.549753 0.00247651
783 0.685403 0.55282 0.00272833
784 0.685403 0.556713 0.00230198
785 0.685403 0.552573 0.00230608
786 0.685403 0.550884 0.00260771
787 0.685403 0.550673 0.00308609
788 0.685403 0.553692 0.00274701
789 0.685403 0.554918 0.00220203
790 0.685403 0.547378 0.00246269
791 0.685403 0.551693 0.00262103
792 0.685403 0.551448 0.00258987
793 0.685403 0.554705 0.0024531
794 0.685403 0.551086 0.00243682
795 0.685403 0.551632 0.00263497
796 0.685403 0.557483 0.00275538
797 0.685403 0.552817 0.00215905
798 0.685403 0.548634 0.00237355
799 0.685403 0.5501 0.00236397
800 0.685403 0.553074 0.0023286
801 0.685403 0.548328 0.0025016
802 0.685403 0.551074 0.00255927
803 0.685403 0.552029 0.00282898
804 0.685403 0.550354 0.00237056
805 0.685403 0.546364 0.0023817
806 0.685403 0.548928 0.00265278
807 0.685403 0.554374 0.00232603
808 0.685403 0.548549 0.00264216
809 0.685403 0.548162 0.00239153
810 0.685403 0.550874 0.00278753
811 0.685403 0.552116 0.00275983
812 0.685403 0.55504 0.00226805
813 0.685403 0.55262 0.00224619
814 0.685403 0.54783 0.00232023
815 0.685403 0.553135 0.00263862
816 0.685403 0.551571 0.00228256
817 0.685403 0.554421 0.00269522
818 0.685403 0.543093 0.00260597
819 0.685403 0.547115 0.00275877
820 0.685403 0.549026 0.00228813
821 0.685403 0.555107 0.00247119
822 0.685403 0.544003 0.00230468
823 0.685403 0.557227 0.00272908
824 0.685403 0.555865 0.00254075
825 0.685403 0.554156 0.00259467
826 0.685403 0.553516 0.00236808
827 0.685403 0.553443 0.00243743
828 0.685403 0.550203 0.00251233
829 0.685403 0.549126 0.00285784
830 0.685403 0.55134 0.00244619
831 0.685403 0.55122 0.00241563
832 0.685403 0.550521 0.00206353
833 0.685403 0.552119 0.00250834
834 0.685403 0.549329 0.00250479
835 0.685403 0.554456 0.00242958
836 0.685403 0.559934 0.00298038
837 0.685403 0.556466 0.00252845
838 0.685403 0.549718 0.00237491
839 0.685403 0.558779 0.0025368
840 0.685403 0.551242 0.00222659
841 0.685403 0.550368 0.00284701
842 0.685403 0.552659 0.00288945
843 0.685403 0.545461 0.00268763
844 0.685403 0.548777 0.00212045
845 0.685403 0.551793 0.00236348
846 0.685403 0.555708 0.00235427
847 0.685403 0.557374 0.00248796
848 0.685403 0.553299 0.00245492
849 0.685403 0.551709 0.0022432
850 0.685403 0.554094 0.00214937
851 0.685403 0.558428 0.00218497
852 0.685403 0.560701 0.00216645
853 0.685403 0.561062 0.00259927
854 0.685403 0.56428 0.00239354
855 0.685403 0.554553 0.00259292
856 0.685403 0.54884 0.00214129
857 0.685403 0.555597 0.00237153
858 0.685403 0.548847 0.00212502
859 0.685403 0.547836 0.00241013
860 0.685403 0.54571 0.00238232
861 0.685403 0.545085 0.00223691
862 0.685403 0.550497 0.0025472
863 0.685403 0.55116 0.00242549
864 0.685403 0.551852 0.00263287
865 0.685403 0.550622 0.00251727
866 0.685403 0.54503 0.00285653
867 0.685403 0.545952 0.00282637
868 0.685403 0.552 0.00281925
869 0.685403 0.547476 0.00238921
870 0.685403 0.542881 0.00235248
871 0.685403 0.550187 0.0022485
872 0.685403 0.544432 0.00239478
873 0.685403 0.542229 0.00236296
874 0.685403 0.549221 0.00255408
875 0.68832 0.551734 0.0027706
876 0.68832 0.552069 0.00241799
877 0.68832 0.559862 0.00229384
878 0.68832 0.554075 0.00270209
879 0.68832 0.550785 0.00313663
880 0.68832 0.548042 0.00282451
881 0.68832 0.549797 0.0027006
882 0.68832 0.553222 0.00222613
883 0.68832 0.553108 0.00239756
884 0.68832 0.551567 0.00260686
885 0.68832 0.55181 0.00241397
886 0.68832 0.550515 0.00292429
887 0.68832 0.545246 0.00232165
888 0.68832 0.552269 0.0028309
889 0.68832 0.549455 0.00253317
890 0.68832 0.548304 0.00252599
891 0.68832 0.549795 0.00255141
892 0.68832 0.553637 0.00264151
893 0.68832 0.557147 0.00245046
894 0.68832 0.558208 0.00245532
895 0.68832 0.55453 0.00303314
896 0.68832 0.553795 0.00249917
897 0.68832 0.556606 0.00274158
898 0.68832 0.552599 0.00267871
899 0.68832 0.544577 0.00300504
900 0.68832 0.544702 0.00270333
901 0.68832 0.544234 0.00276867
902 0.68832 0.55169 0.00257231
903 0.68832 0.554274 0.00222916
904 0.68832 0.556163 0.0023403
905 0.68832 0.551612 0.00238498
906 0.68832 0.543644 0.00289514
907 0.68832 0.543481 0.002447
908 0.68832 0.542227 0.00280849
909 0.68832 0.550322 0.00258325
910 0.68832 0.546958 0.00273224
911 0.68832 0.548453 0.0025019
912 0.68832 0.547157 0.00242111
913 0.68832 0.548348 0.00304252
914 0.68832 0.54866 0.002269
915 0.68832 0.557237 0.0028179
916 0.68832 0.551119 0.00272318
917 0.68832 0.545506 0.00248688
918 0.68832 0.54988 0.00260391
919 0.68832 0.555381 0.00231839
920 0.68832 0.551148 0.00258529
921 0.68832 0.554898 0.00243813
922 0.68832 0.5503 0.00218045
923 0.68832 0.5511 0.00284812
924 0.68832 0.551076 0.00252577
925 0.68832 0.549296 0.00246837
926 0.68832 0.550379 0.00250808
927 0.68832 0.561617 0.00275074
928 0.68832 0.557704 0.00243836
929 0.68832 0.550033 0.00220726
930 0.68832 0.555135 0.0027858
931 0.68832 0.555075 0.00217043
932 0.68832 0.552479 0.00205596
933 0.68832 0.556424 0.00225409
934 0.68832 0.557838 0.00215891
935 0.68832 0.557681 0.00241175
936 0.68832 0.553091 0.00247744
937 0.68832 0.553049 0.00280119
938 0.68832 0.555481 0.00255142
939 0.68832 0.556191 0.0024538
940 0.68832 0.555881 0.00270519
941 0.68832 0.554804 0.00244857
942 0.68832 0.55462 0.00240739
943 0.68832 0.555096 0.00276484
944 0.68832 0.553544 0.00257043
945 0.68832 0.559677 0.00259402
946 0.68832 0.553933 0.00270276
947 0.68832 0.547546 0.00239833
948 0.68832 0.557929 0.0023585
949 0.68832 0.545726 0.0026134
950 0.68832 0.554746 0.00260657
951 0.68832 0.55155 0.0024979
952 0.68832 0.55247 0.00247676
953 0.68832 0.550119 0.00235636
954 0.68832 0.551347 0.00265658
955 0.68832 0.556507 0.00211956
956 0.68832 0.551414 0.00235742
957 0.68832 0.555202 0.00255367
958 0.68832 0.557612 0.00240383
959 0.68832 0.551852 0.00291295
960 0.68832 0.556984 0.00282439
961 0.68832 0.553168 0.00253744
962 0.68832 0.559553 0.00248447
963 0.68832 0.562418 0.00222714
964 0.68832 0.562994 0.00196816
965 0.68832 0.562988 0.00218458
966 0.68832 0.560113 0.00239988
967 0.68832 0.557734 0.00246308
968 0.68832 0.55298 0.00269682
969 0.68832 0.553708 0.00279372
970 0.68832 0.545337 0.0030362
971 0.68832 0.547415 0.00294432
972 0.68832 0.555572 0.00294971
973 0.68832 0.55193 0.00329089
974 0.68832 0.548639 0.00275972
975 0.68832 0.552383 0.00348492
976 0.68832 0.550053 0.00267373
977 0.68832 0.546167 0.0033317
978 0.68832 0.54603 0.00287661
979 0.68832 0.547588 0.0026446
980 0.68832 0.553657 0.00299385
981 0.68832 0.555576 0.00301775
982 0.68832 0.554081 0.00269364
983 0.68832 0.550783 0.00255111
984 0.68832 0.55134 0.00295058
985 0.68832 0.553664 0.00277436
986 0.68832 0.554463 0.00279169
987 0.68832 0.55507 0.00246452
988 0.68832 0.556243 0.00252148
989 0.693232 0.551714 0.00296426
990 0.693232 0.554727 0.00257886
991 0.693232 0.556543 0.00259666
992 0.693232 0.561224 0.00265219
993 0.693232 0.561614 0.00262628
994 0.693232 0.559101 0.00238833
995 0.696175 0.563904 0.00252404
996 0.696175 0.555856 0.00273462
997 0.696175 0.559687 0.00255664
998 0.696175 0.559912 0.00257526
999 0.696175 0.564208 0.00246961
1000 0.696175 0.559351 0.00242022
1001 0.696175 0.555156 0.00244281
1002 0.696175 0.559998 0.00241104
1003 0.696175 0.551711 0.00270607
1004 0.696175 0.557623 0.00264602
1005 0.696175 0.554285 0.00244268
1006 0.696175 0.556745 0.00242511
1007 0.696175 0.554123 0.00279245
1008 0.696175 0.553516 0.00258659
1009 0.696175 0.554833 0.00262013
1010 0.696175 0.554935 0.00226768
1011 0.696175 0.550897 0.0029004
1012 0.696175 0.553981 0.00301498
1013 0.696175 0.552238 0.00282821
1014 0.696175 0.550757 0.0029936
1015 0.696175 0.54957 0.00314638
1016 0.696175 0.552024 0.00251967
1017 0.696175 0.561835 0.00271283
1018 0.696175 0.559105 0.00285827
1019 0.696175 0.557855 0.00289952
1020 0.696175 0.550543 0.00246752
1021 0.696175 0.54644 0.00254996
1022 0.696175 0.550479 0.00294015
1023 0.696175 0.548056 0.00270828
1024 0.696175 0.545729 0.00282852
1025 0.696175 0.541722 0.0028838
1026 0.696175 0.545932 0.0027347
1027 0.696175 0.544417 0.0027576
1028 0.696175 0.547873 0.00304136
1029 0.696175 0.549306 0.00339627
1030 0.696175 0.548002 0.002946
1031 0.696175 0.548044 0.00283481
1032 0.696175 0.55272 0.00264694
1033 0.696175 0.545148 0.00325314
1034 0.696175 0.548747 0.00301213
1035 0.696175 0.553048 0.00272125
1036 0.696175 0.55476 0.00282903
1037 0.696175 0.552485 0.00276331
1038 0.696175 0.562886 0.00314734
1039 0.696175 0.556633 0.00247505
1040 0.696175 0.551538 0.0030394
1041 0.696175 0.556468 0.00340272
1042 0.696175 0.552262 0.00270799
1043 0.696175 0.546589 0.00277617
1044 0.696175 0.555144 0.00269491
1045 0.696175 0.55395 0.00277104
1046 0.696175 0.564363 0.00256191
1047 0.696175 0.563862 0.00206598
1048 0.696175 0.562166 0.00271422
1049 0.696175 0.56079 0.00237798
1050 0.696175 0.55794 0.00258565
1051 0.696175 0.554533 0.0028614
1052 0.696175 0.553878 0.00274366
1053 0.696175 0.561617 0.00281492
1054 0.696175 0.554078 0.00236416
1055 0.696175 0.557849 0.00289275
1056 0.696175 0.549051 0.00306632
1057 0.696175 0.553138 0.00253345
1058 0.696175 0.546737 0.00258679
1059 0.696175 0.546981 0.00311011
1060 0.696175 0.540365 0.00265603
1061 0.696175 0.545676 0.00271605
1062 0.696175 0.551954 0.00348651
1063 0.696175 0.557344 0.00291251
1064 0.696175 0.547352 0.00262236
1065 0.696175 0.54966 0.0028224
1066 0.696175 0.55079 0.00257815
1067 0.696175 0.557307 0.00304185
1068 0.696175 0.553168 0.00272366
1069 0.696175 0.556266 0.00324214
1070 0.696175 0.543589 0.00299044
1071 0.696175 0.547867 0.00302061
1072 0.696175 0.54253 0.0039129
1073 0.696175 0.542129 0.00328474
1074 0.696175 0.54615 0.00310646
1075 0.696175 0.542462 0.00306063
1076 0.696175 0.549263 0.00298795
1077 0.696175 0.547498 0.00265018
1078 0.696175 0.541417 0.00251994
1079 0.696175 0.537637 0.00274298
1080 0.696175 0.537865 0.00289516
1081 0.696175 0.541921 0.00333329
1082 0.700986 0.551597 0.00310778
1083 0.700986 0.548721 0.00349576
1084 0.700986 0.553693 0.00302156
1085 0.700986 0.550912 0.00275697
1086 0.700986 0.551097 0.00296655
1087 0.700986 0.554713 0.00296194
1088 0.700986 0.552177 0.00257426
1089 0.700986 0.551236 0.0028886
1090 0.700986 0.556123 0.00262334
1091 0.700986 0.557614 0.00295185
1092 0.700986 0.555311 0.00278918
1093 0.700986 0.550752 0.00301039
1094 0.700986 0.553114 0.0026791
1095 0.700986 0.556478 0.00285431
1096 0.700986 0.565179 0.00260396
1097 0.700986 0.556252 0.00291955
1098 0.700986 0.555362 0.00265817
1099 0.700986 0.556702 0.0031446
1100 0.700986 0.564329 0.00288407
1101 0.700986 0.560223 0.00267211
1102 0.700986 0.557244 0.00303452
1103 0.700986 0.559402 0.00294632
1104 0.700986 0.559189 0.00315785
1105 0.700986 0.557259 0.00299453
1106 0.700986 0.555966 0.00305369
1107 0.700986 0.556289 0.00306033
1108 0.700986 0.561692 0.00279367
1109 0.700986 0.563022 0.00322079
1110 0.700986 0.5607 0.00262845
1111 0.700986 0.561782 0.00266628
1112 0.700986 0.559217 0.00267462
1113 0.700986 0.55944 0.00283164
1114 0.700986 0.564435 0.0025434
1115 0.700986 0.565567 0.00257896
1116 0.700986 0.558705 0.00269256
1117 0.700986 0.56104 0.00248285
1118 0.700986 0.562432 0.00253517
1119 0.700986 0.560773 0.00254821
1120 0.700986 0.561726 0.00250086
1121 0.700986 0.554342 0.00247666
1122 0.700986 0.554009 0.00240439
1123 0.700986 0.554313 0.00266193
1124 0.700986 0.560214 0.00280366
1125 0.700986 0.561929 0.00253657
1126 0.700986 0.561318 0.00256203
1127 0.700986 0.554166 0.00245648
1128 0.700986 0.553066 0.00285227
1129 0.700986 0.559083 0.00244834
1130 0.700986 0.556351 0.00268675
1131 0.700986 0.55039 0.00274081
1132 0.700986 0.550313 0.00256035
1133 0.700986 0.553601 0.00274005
1134 0.700986 0.561293 0.00291732
1135 0.700986 0.563105 0.00285623
1136 0.700986 0.558878 0.00250738
1137 0.700986 0.55731 0.00296906
1138 0.700986 0.561472 0.00234841
1139 0.700986 0.556346 0.00241018
1140 0.700986 0.561148 0.00270896
1141 0.700986 0.556982 0.00264984
1142 0.700986 0.559078 0.00249341
1143 0.700986 0.566139 0.00268047
1144 0.700986 0.562423 0.00258096
1145 0.700986 0.564809 0.00267545
1146 0.700986 0.560751 0.00276219
1147 0.700986 0.561553 0.00229852
1148 0.700986 0.560262 0.00292211
1149 0.700986 0.565146 0.00253668
1150 0.700986 0.559081 0.00273123
1151 0.700986 0.559425 0.00261811
1152 0.700986 0.564737 0.00274129
1153 0.700986 0.558035 0.00294029
1154 0.700986 0.567359 0.00283326
1155 0.700986 0.566748 0.00242759
1156 0.700986 0.559394 0.00220065
1157 0.700986 0.560581 0.0023829
1158 0.700986 0.564524 0.00258736
1159 0.700986 0.566659 0.00264244
1160 0.700986 0.563743 0.00249444
1161 0.700986 0.565108 0.00266618
1162 0.700986 0.561074 0.00248422
1163 0.700986 0.563723 0.00261539
1164 0.700986 0.56573 0.00248409
1165 0.700986 0.5624 0.00256428
1166 0.700986 0.55617 0.00219582
1167 0.700986 0.563787 0.0027295
1168 0.700986 0.565569 0.00250951
1169 0.700986 0.567303 0.00275091
1170 0.700986 0.565897 0.00260822
1171 0.700986 0.562576 0.00283424
1172 0.700986 0.560204 0.00290279
1173 0.700986 0.55994 0.00282932
1174 0.700986 0.559566 0.00266998
1175 0.700986 0.55869 0.00280215
1176 0.700986 0.560378 0.00281367
1177 0.700986 0.567476 0.00311523
1178 0.700986 0.562002 0.00341984
1179 0.700986 0.561381 0.00297814
1180 0.700986 0.556673 0.00274276
1181 0.700986 0.555282 0.00315892
1182 0.700986 0.555394 0.00274293
1183 0.700986 0.562541 0.00302762
1184 0.700986 0.568212 0.0023807
1185 0.700986 0.567181 0.00234337
1186 0.700986 0.568249 0.00273134
1187 0.700986 0.558579 0.00289379
1188 0.700986 0.554163 0.00269912
1189 0.700986 0.557943 0.00282122
1190 0.700986 0.555071 0.00265029
1191 0.700986 0.554249 0.00289016
1192 0.700986 0.562492 0.00264233
1193 0.700986 0.560946 0.00302433
1194 0.700986 0.564559 0.0027955
1195 0.700986 0.56748 0.0025031
1196 0.700986 0.557725 0.00258633
1197 0.700986 0.561866 0.00298567
1198 0.700986 0.556508 0.00255747
1199 0.700986 0.56242 0.00270636
1200 0.700986 0.563718 0.00284901
1201 0.700986 0.560425 0.00243269
1202 0.700986 0.564175 0.00254598
1203 0.700986 0.560141 0.00251711
1204 0.700986 0.559304 0.00252944
1205 0.700986 0.558809 0.00266829
1206 0.700986 0.56438 0.00241939
1207 0.700986 0.567351 0.00249226
1208 0.704562 0.568568 0.00236201
1209 0.704562 0.568958 0.0022188
1210 0.704562 0.565543 0.00222221
1211 0.704562 0.56639 0.00229558
1212 0.704562 0.567217 0.00222503
1213 0.704562 0.56104 0.0025605
1214 0.704562 0.559288 0.00275855
1215 0.704562 0.563493 0.00211412
1216 0.704562 0.559544 0.00233592
1217 0.704562 0.556169 0.00282813
1218 0.704562 0.563897 0.00270743
1219 0.704562 0.567938 0.00247303
1220 0.704562 0.561257 0.00263763
1221 0.704562 0.565789 0.0025991
1222 0.704562 0.568134 0.00258443
1223 0.704562 0.566029 0.00289054
1224 0.704562 0.566657 0.00257182
1225 0.704562 0.562405 0.00252427
1226 0.704562 0.567912 0.00278287
1227 0.704562 0.56434 0.0030604
1228 0.704562 0.560057 0.00353707
1229 0.704562 0.560848 0.00259055
1230 0.704562 0.560464 0.00252263
1231 0.704562 0.554751 0.00269119
1232 0.704562 0.561063 0.00257965
1233 0.704562 0.55713 0.00294801
1234 0.704562 0.561166 0.00287528
1235 0.704562 0.557287 0.00272629
1236 0.704562 0.559848 0.00294309
1237 0.704562 0.554016 0.00286345
1238 0.704562 0.553353 0.0026399
1239 0.704562 0.559715 0.00255841
1240 0.704562 0.560062 0.00278274
1241 0.704562 0.561113 0.00258865
1242 0.704562 0.562546 0.00243383
1243 0.704562 0.560962 0.0022476
1244 0.704562 0.561582 0.00253561
1245 0.704562 0.562603 0.00336987
1246 0.704562 0.562942 0.00296718
1247 0.704562 0.558415 0.00285611
1248 0.704562 0.562111 0.00305786
1249 0.704562 0.564839 0.00319291
1250 0.704562 0.553108 0.00306518
1251 0.704562 0.555207 0.00270842
1252 0.704562 0.560833 0.00296985
1253 0.704562 0.559093 0.00294
1254 0.704562 0.560767 0.00297357
1255 0.704562 0.560517 0.0033847
1256 0.704562 0.559643 0.00349984
1257 0.704562 0.553984 0.00307622
1258 0.704562 0.561047 0.00290858
1259 0.704562 0.565165 0.00248732
1260 0.704562 0.565183 0.00289924
1261 0.704562 0.561804 0.00268754
1262 0.704562 0.5682 0.00260879
1263 0.704562 0.567923 0.00271611
1264 0.704562 0.558179 0.00282419
1265 0.704562 0.562905 0.00272851
1266 0.704562 0.554132 0.0028369
1267 0.704562 0.557407 0.00286666
1268 0.704562 0.548719 0.00335965
1269 0.704562 0.562782 0.00288222
1270 0.704562 0.564489 0.00298029
1271 0.704562 0.557226 0.00313032
1272 0.704562 0.560249 0.00291355
1273 0.704562 0.551375 0.0032214
1274 0.704562 0.557574 0.00315872
1275 0.704562 0.55327 0.00291106
1276 0.704562 0.557861 0.0030445
1277 0.704562 0.559863 0.0028397
1278 0.704562 0.560231 0.00260409
1279 0.704562 0.561769 0.00268482
1280 0.704562 0.567723 0.00296151
1281 0.704562 0.564707 0.0024796
1282 0.704562 0.565375 0.00245865
1283 0.704562 0.563154 0.0029454
1284 0.704562 0.567342 0.00262743
1285 0.704562 0.565767 0.00291744
1286 0.704562 0.56002 0.00333561
1287 0.704562 0.559995 0.00329858
1288 0.705711 0.563589 0.00338254
1289 0.705711 0.562026 0.00307841
1290 0.705711 0.563821 0.00256846
1291 0.705711 0.56103 0.00297013
1292 0.705711 0.56524 0.00261784
1293 0.705711 0.566747 0.00283824
1294 0.705711 0.566716 0.00301494
1295 0.705711 0.565588 0.00220149
1296 0.705711 0.570091 0.0021401
1297 0.705711 0.563203 0.00249893
1298 0.705711 0.565675 0.00261697
1299 0.705711 0.565044 0.00238534
1300 0.705711 0.557997 0.00250401
1301 0.705711 0.565732 0.00262952
1302 0.705711 0.568174 0.00271435
1303 0.705711 0.560825 0.00264061
1304 0.705711 0.563859 0.0026599
1305 0.705711 0.569005 0.00224927
1306 0.705711 0.567129 0.00223976
1307 0.705711 0.569023 0.0022755
1308 0.705711 0.565497 0.00258828
1309 0.705711 0.55916 0.00299933
1310 0.705711 0.56001 0.00266341
1311 0.705711 0.570245 0.00239591
1312 0.705711 0.56726 0.00227732
1313 0.705711 0.570021 0.0027783
1314 0.705711 0.560505 0.00288286
1315 0.705711 0.554499 0.00289221
1316 0.705711 0.561873 0.00285235
1317 0.705711 0.557577 0.00301096
1318 0.705711 0.551485 0.00307986
1319 0.705711 0.554809 0.00290134
1320 0.705711 0.561312 0.00278655
1321 0.705711 0.569596 0.00285952
1322 0.705711 0.566862 0.00294021
1323 0.705711 0.565313 0.00246219
1324 0.705711 0.56086 0.00281946
1325 0.705711 0.557608 0.00268579
1326 0.705711 0.572428 0.00237297
1327 0.705711 0.563126 0.00227756
1328 0.705711 0.563762 0.00237508
1329 0.705711 0.566065 0.00275466
1330 0.705711 0.567306 0.00290306
1331 0.705711 0.554083 0.00271899
1332 0.705711 0.561271 0.00259586
1333 0.705711 0.556114 0.00267302
1334 0.705711 0.562753 0.0028245
1335 0.705711 0.561624 0.00252679
1336 0.705711 0.567934 0.00248668
1337 0.705711 0.561848 0.00277508
1338 0.705711 0.560853 0.0028238
1339 0.705711 0.56013 0.0031626
1340 0.705711 0.559291 0.00305976
1341 0.705711 0.574264 0.00265114
1342 0.705711 0.570977 0.00266024
1343 0.721388 0.566568 0.00275878
1344 0.721388 0.557411 0.00305498
1345 0.721388 0.554461 0.00286344
1346 0.721388 0.554461 0.00303946
1347 0.721388 0.554622 0.00321296
1348 0.721388 0.555703 0.0033677
1349 0.721388 0.562496 0.00276466
1350 0.721388 0.555367 0.00353197
1351 0.721388 0.557557 0.00269041
1352 0.721388 0.555528 0.00258861
1353 0.721388 0.54784 0.00260411
1354 0.721388 0.55219 0.00270097
1355 0.721388 0.555451 0.00320909
1356 0.721388 0.5594 0.00295511
1357 0.721388 0.557647 0.00302388
1358 0.721388 0.560043 0.0027626
1359 0.721388 0.564118 0.002837
1360 0.721388 0.556906 0.00259975
1361 0.721388 0.558829 0.00272158
1362 0.721388 0.561734 0.0026462
1363 0.721388 0.556986 0.00307315
1364 0.721388 0.561528 0.00236446
1365 0.721388 0.564949 0.00218813
1366 0.721388 0.564402 0.00317111
1367 0.721388 0.560589 0.00308137
1368 0.721388 0.562636 0.00294406
1369 0.721388 0.557136 0.00244983
1370 0.721388 0.553081 0.00308364
1371 0.721388 0.560874 0.00296809
1372 0.721388 0.561908 0.00290273
1373 0.721388 0.562701 0.00303902
1374 0.721388 0.5551 0.00314317
1375 0.721388 0.555412 0.00284885
1376 0.721388 0.558519 0.00299528
1377 0.721388 0.557208 0.00299251
1378 0.721388 0.559341 0.00264023
1379 0.721388 0.553183 0.00339551
1380 0.721388 0.555411 0.00290433
1381 0.721388 0.562337 0.00321081
1382 0.721388 0.559274 0.00285582
1383 0.721388 0.564683 0.00302055
1384 0.721388 0.556398 0.00283466
1385 0.721388 0.556775 0.00275139
1386 0.721388 0.560508 0.00283522
1387 0.721388 0.551772 0.00329608
1388 0.721388 0.564599 0.0029433
1389 0.721388 0.551954 0.00251544
1390 0.721388 0.55001 0.00340326
1391 0.721388 0.558747 0.00304529
1392 0.721388 0.556721 0.0032798
1393 0.721388 0.560948 0.00320464
1394 0.721388 0.55625 0.00352754
1395 0.721388 0.551892 0.0031002
1396 0.721388 0.559807 0.00324913
1397 0.721388 0.56307 0.00296481
1398 0.721388 0.561983 0.00283267
1399 0.721388 0.566531 0.00261543
1400 0.721388 0.573723 0.00317131
1401 0.721388 0.568316 0.0031543
1402 0.721388 0.577408 0.00299945
1403 0.721388 0.568322 0.0031901
1404 0.721388 0.566093 0.00251643
1405 0.721388 0.566112 0.00309983
1406 0.721388 0.565395 0.0028443
1407 0.721388 0.567323 0.00255669
1408 0.721388 0.57133 0.00259728
1409 0.721388 0.565743 0.00316829
1410 0.721388 0.555014 0.00308969
1411 0.721388 0.56884 0.00336649
1412 0.721388 0.567519 0.00282614
1413 0.721388 0.555562 0.00312495
1414 0.721388 0.559012 0.00339144
1415 0.721388 0.565209 0.00318693
1416 0.721388 0.561423 0.00317654
1417 0.721388 0.560684 0.00329594
1418 0.721388 0.559431 0.00318792
1419 0.721388 0.557517 0.00308891
1420 0.721388 0.564818 0.00312387
1421 0.721388 0.564816 0.00311599
1422 0.721388 0.568907 0.00311071
1423 0.721388 0.568871 0.00240891
1424 0.721388 0.557048 0.00283859
1425 0.721388 0.56736 0.00330389
1426 0.721388 0.560855 0.00313612
1427 0.721388 0.564072 0.00275749
1428 0.721388 0.565507 0.00304694
1429 0.721388 0.567897 0.00267598
1430 0.721388 0.572364 0.0025668
1431 0.721388 0.568352 0.00278518
1432 0.721388 0.572431 0.00270978
1433 0.721388 0.566703 0.00276538
1434 0.721388 0.56467 0.00296045
1435 0.721388 0.566115 0.0031269
1436 0.721388 0.561824 0.00306017
1437 0.721388 0.566072 0.00313735
1438 0.721388 0.570399 0.0030672
1439 0.721388 0.564332 0.00288158
1440 0.721388 0.55806 0.00267937
1441 0.721388 0.556331 0.00271308
1442 0.721388 0.561965 0.00289221
1443 0.721388 0.564553 0.00289533
1444 0.721388 0.563911 0.00286201
1445 0.721388 0.56226 0.00292734
1446 0.721388 0.556775 0.00352783
1447 0.721388 0.569516 0.00293977
1448 0.721388 0.568543 0.00267826
1449 0.721388 0.579134 0.00273217
1450 0.721388 0.565736 0.00306611
1451 0.721388 0.576734 0.00306265
1452 0.721388 0.573238 0.00260271
1453 0.721388 0.565902 0.00253028
1454 0.721388 0.566493 0.00271269
1455 0.721388 0.57036 0.00244677
1456 0.721388 0.573071 0.00244529
1457 0.721388 0.566562 0.00304223
1458 0.721388 0.564509 0.00314287
1459 0.721388 0.565315 0.00300167
1460 0.721388 0.560172 0.00313416
1461 0.721388 0.563706 0.00279018
1462 0.721388 0.558064 0.00350361
1463 0.721388 0.565934 0.0032441
1464 0.721388 0.565269 0.00310779
1465 0.721388 0.559087 0.00349083
1466 0.721388 0.56213 0.00322671
1467 0.721388 0.554021 0.00275929
1468 0.721388 0.55968 0.00299182
1469 0.721388 0.563146 0.00328871
1470 0.721388 0.563965 0.00324171
1471 0.721388 0.561009 0.00318201
1472 0.721388 0.567321 0.00330083
1473 0.721388 0.562769 0.00308811
1474 0.721388 0.556832 0.00327176
1475 0.721388 0.563297 0.00283833
1476 0.721388 0.571999 0.00336528
1477 0.721388 0.568949 0.00341436
1478 0.721388 0.562205 0.00294975
1479 0.721388 0.558161 0.00337735
1480 0.721388 0.561352 0.00313837
1481 0.721388 0.561899 0.00293077
1482 0.721388 0.565516 0.00310427
1483 0.721388 0.56143 0.00286808
1484 0.721388 0.570079 0.00306636
1485 0.721388 0.564718 0.00295113
1486 0.721388 0.568838 0.00269863
1487 0.721388 0.567845 0.00253562
1488 0.721388 0.568345 0.0024567
1489 0.721388 0.565639 0.00256479
1490 0.721388 0.5637 0.00289349
1491 0.721388 0.569896 0.00248746
1492 0.721388 0.564373 0.00259396
1493 0.721388 0.562196 0.0026809
1494 0.721388 0.565745 0.00316896
1495 0.721388 0.565409 0.00312194
1496 0.721388 0.562139 0.00376936
1497 0.721388 0.555632 0.00312923
1498 0.721388 0.558829 0.00303702
1499 0.721388 0.557964 0.00271569
1500 0.721388 0.551632 0.00289158
1501 0.721388 0.563746 0.00298153
1502 0.721388 0.561508 0.00257226
1503 0.721388 0.556395 0.00304878
1504 0.721388 0.558206 0.00321441
1505 0.721388 0.56087 0.00338284
1506 0.721388 0.562852 0.00288673
1507 0.721388 0.56961 0.00242683
1508 0.721388 0.565703 0.00304368
1509 0.721388 0.55582 0.00344539
1510 0.721388 0.563013 0.00376142
1511 0.721388 0.560286 0.00289019
1512 0.721388 0.565 0.0037561
1513 0.721388 0.57095 0.00308923
1514 0.721388 0.568046 0.00311874
1515 0.721388 0.574126 0.00285118
1516 0.721388 0.567952 0.00287704
1517 0.721388 0.578385 0.00262401
1518 0.721388 0.561562 0.00306387
1519 0.721388 0.569498 0.00274714
1520 0.721388 0.570991 0.00269181
1521 0.721388 0.568824 0.00275134
1522 0.721388 0.572957 0.00266159
1523 0.721388 0.569095 0.0030194
1524 0.721388 0.5593 0.00323346
1525 0.721388 0.561256 0.00316125
1526 0.721388 0.560831 0.00309545
1527 0.721388 0.564127 0.00298875
1528 0.721388 0.565246 0.0032572
1529 0.721388 0.558445 0.00333311
1530 0.721388 0.55974 0.00297291
1531 0.721388 0.559563 0.00290477
1532 0.721388 0.555093 0.00316363
1533 0.721388 0.55672 0.00322136
1534 0.721388 0.554728 0.00314315
1535 0.721388 0.55043 0.0031086
1536 0.721388 0.567537 0.00329008
1537 0.721388 0.571754 0.0027133
1538 0.721388 0.566564 0.00285513
1539 0.721388 0.566287 0.0029001
1540 0.721388 0.565546 0.00322033
1541 0.721388 0.568972 0.00268483
1542 0.721388 0.563166 0.00288496
1543 0.721388 0.562869 0.00319193
1544 0.721388 0.553517 0.00293971
1545 0.721388 0.561256 0.00245388
1546 0.721388 0.560031 0.00268801
1547 0.721388 0.559205 0.00313747
1548 0.721388 0.560093 0.00298289
1549 0.721388 0.560338 0.00289922
1550 0.721388 0.561626 0.00313322
1551 0.721388 0.562132 0.00358559
1552 0.721388 0.561059 0.00273129
1553 0.721388 0.553239 0.00277955
1554 0.721388 0.558859 0.00295516
1555 0.721388 0.558891 0.00295868
1556 0.721388 0.557937 0.00324131
1557 0.721388 0.561063 0.00357953
1558 0.721388 0.557504 0.00338447
1559 0.721388 0.557252 0.00305431
1560 0.721388 0.559587 0.00336172
1561 0.721388 0.559245 0.00325921
1562 0.721388 0.566669 0.0032918
1563 0.721388 0.560164 0.00280531
1564 0.721388 0.556359 0.00265571
1565 0.721388 0.557615 0.00283171
1566 0.721388 0.560115 0.0032795
1567 0.721388 0.565827 0.00273407
1568 0.721388 0.557781 0.00314098
1569 0.721388 0.573434 0.0024957
1570 0.721388 0.573542 0.00264592
1571 0.721388 0.566099 0.0030586
1572 0.721388 0.558188 0.00266914
1573 0.721388 0.560448 0.00263006
1574 0.721388 0.558683 0.00346932
1575 0.721388 0.561236 0.00315705
1576 0.721388 0.568436 0.00303429
1577 0.721388 0.565154 0.00340417
1578 0.721388 0.562321 0.0026305
1579 0.721388 0.561499 0.00312197
1580 0.721388 0.571081 0.00256263
1581 0.721388 0.561123 0.00338034
1582 0.721388 0.56832 0.00316861
1583 0.721388 0.565309 0.00266176
1584 0.721388 0.555831 0.00333537
1585 0.721388 0.560702 0.00290412
1586 0.721388 0.554584 0.002976
1587 0.721388 0.561441 0.00283038
1588 0.721388 0.565652 0.00286403
1589 0.721388 0.569328 0.00277106
1590 0.721388 0.562289 0.00287442
1591 0.721388 0.564281 0.00290532
1592 0.721388 0.57574 0.00286828
1593 0.721388 0.566883 0.00281498
1594 0.721388 0.563486 0.00292727
1595 0.721388 0.560429 0.00315665
1596 0.721388 0.555039 0.00276673
1597 0.721388 0.559454 0.00305341
1598 0.721388 0.557759 0.00329304
1599 0.721388 0.563533 0.00308902
1600 0.721388 0.562145 0.00295186
1601 0.721388 0.557884 0.00293114
1602 0.721388 0.558847 0.00313687
1603 0.721388 0.556412 0.00337814
1604 0.721388 0.55347 0.00265925
1605 0.721388 0.557428 0.00286374
1606 0.721388 0.562754 0.0028704
1607 0.721388 0.56155 0.00275792
1608 0.721388 0.562542 0.00262544
1609 0.721388 0.559511 0.00282079
1610 0.721388 0.555935 0.00266175
1611 0.721388 0.561806 0.00269923
1612 0.721388 0.564438 0.00290384
1613 0.721388 0.560017 0.00267034
1614 0.721388 0.557957 0.002889
1615 0.721388 0.555064 0.00298062
1616 0.721388 0.561379 0.00266309
1617 0.721388 0.559428 0.00265522
1618 0.721388 0.564334 0.00273571
1619 0.721388 0.562433 0.00304234
1620 0.721388 0.570484 0.0023771
1621 0.721388 0.568676 0.00288169
1622 0.721388 0.571542 0.00267748
1623 0.721388 0.559524 0.00233513
1624 0.721388 0.562012 0.00264722
1625 0.721388 0.557471 0.00294612
1626 0.721388 0.558957 0.00265096
1627 0.721388 0.561342 0.00255134
1628 0.721388 0.560488 0.00265077
1629 0.721388 0.559201 0.00290939
1630 0.721388 0.563041 0.00291505
1631 0.721388 0.558628 0.00305302
1632 0.721388 0.562352 0.00303535
1633 0.721388 0.56224 0.00279827
1634 0.721388 0.559312 0.00276776
1635 0.721388 0.556688 0.00283564
1636 0.721388 0.562549 0.00283724
1637 0.721388 0.557426 0.00283651
1638 0.721388 0.551993 0.00312844
1639 0.721388 0.558447 0.0027128
1640 0.721388 0.560637 0.0026267
1641 0.721388 0.56336 0.00248779
1642 0.721388 0.557711 0.00332007
1643 0.721388 0.558561 0.00272907
1644 0.721388 0.559877 0.00281289
1645 0.721388 0.557667 0.00276518
1646 0.721388 0.565128 0.00267737
1647 0.721388 0.558589 0.00294078
1648 0.721388 0.564629 0.00273956
1649 0.721388 0.559382 0.0028029
1650 0.721388 0.558989 0.00295203
1651 0.721388 0.559351 0.00274035
1652 0.721388 0.559073 0.00282094
1653 0.721388 0.564615 0.00299443
1654 0.721388 0.557935 0.00315928
1655 0.721388 0.561008 0.00276576
1656 0.721388 0.558183 0.00295228
1657 0.721388 0.570093 0.00257611
1658 0.721388 0.565188 0.00283831
1659 0.721388 0.554303 0.00274856
1660 0.721388 0.559435 0.0023716
1661 0.721388 0.559438 0.00267288
1662 0.721388 0.561698 0.00287295
1663 0.721388 0.56727 0.00284876
1664 0.721388 0.556587 0.00320465
1665 0.721388 0.556231 0.00302697
1666 0.721388 0.554674 0.00363015
1667 0.721388 0.560994 0.00254783
1668 0.721388 0.56149 0.00259833
1669 0.721388 0.563671 0.00275838
1670 0.721388 0.56219 0.00261771
1671 0.721388 0.564994 0.00285833
1672 0.721388 0.554895 0.00290787
1673 0.721388 0.565614 0.0026646
1674 0.721388 0.563261 0.00252545
1675 0.721388 0.558761 0.00297658
1676 0.721388 0.555573 0.00299489
1677 0.721388 0.557174 0.00257999
1678 0.721388 0.562368 0.00280708
1679 0.721388 0.559211 0.00275859
1680 0.721388 0.554478 0.00296133
1681 0.721388 0.558112 0.00291503
1682 0.721388 0.556679 0.00286678
1683 0.721388 0.557687 0.0033258
1684 0.721388 0.565648 0.00271016
1685 0.721388 0.564881 0.0028369
1686 0.721388 0.564978 0.0032274
1687 0.721388 0.559474 0.00258917
1688 0.721388 0.560384 0.00273078
1689 0.721388 0.556787 0.00304831
1690 0.721388 0.556773 0.00288299
1691 0.721388 0.555729 0.00324023
1692 0.721388 0.551491 0.00294314
1693 0.721388 0.557285 0.00331727
1694 0.721388 0.551712 0.00277673
1695 0.721388 0.547751 0.00328257
1696 0.721388 0.556424 0.00270829
1697 0.721388 0.555386 0.00315289
1698 0.721388 0.552343 0.00297729
1699 0.721388 0.549284 0.00306534
1700 0.721388 0.547315 0.00303735
1701 0.721388 0.553076 0.00302644
1702 0.721388 0.554164 0.003276
1703 0.721388 0.554334 0.00349386
1704 0.721388 0.553492 0.003018
1705 0.721388 0.552909 0.00291325
1706 0.721388 0.557628 0.0026366
1707 0.721388 0.552147 0.00303302
1708 0.721388 0.55516 0.00294239
1709 0.721388 0.558028 0.00284966
1710 0.721388 0.555531 0.00294292
1711 0.721388 0.55771 0.00296289
1712 0.721388 0.559115 0.003005
1713 0.721388 0.559873 0.00279407
1714 0.721388 0.562319 0.00286759
1715 0.721388 0.553295 0.0028562
1716 0.721388 0.549918 0.00320289
1717 0.721388 0.555471 0.00263882
1718 0.721388 0.552321 0.00292862
1719 0.721388 0.555328 0.00302254
1720 0.721388 0.555725 0.00285055
1721 0.721388 0.555858 0.00302599
1722 0.721388 0.546219 0.00258539
1723 0.721388 0.558618 0.00255371
1724 0.721388 0.553498 0.00283662
1725 0.721388 0.554375 0.00284091
1726 0.721388 0.557555 0.00284381
1727 0.721388 0.559884 0.00283598
1728 0.721388 0.564489 0.00289325
1729 0.721388 0.565197 0.00253223
1730 0.721388 0.560864 0.00293333
1731 0.721388 0.558163 0.00261145
1732 0.721388 0.563259 0.00280639
1733 0.721388 0.564642 0.00279039
1734 0.721388 0.562672 0.00272602
1735 0.721388 0.564337 0.0028801
1736 0.721388 0.571491 0.00241542
1737 0.721388 0.568712 0.0024628
1738 0.721388 0.5675 0.00242706
1739 0.721388 0.56861 0.00266426
1740 0.721388 0.564762 0.00276877
1741 0.721388 0.563731 0.00250145
1742 0.721388 0.565579 0.00279223
1743 0.721388 0.568478 0.00268492
1744 0.721388 0.560245 0.00282656
1745 0.721388 0.559673 0.00260178
1746 0.721388 0.559177 0.00255983
1747 0.721388 0.565037 0.00226222
1748 0.721388 0.562907 0.00246545
1749 0.721388 0.563397 0.00238748
1750 0.721388 0.563072 0.0025408
1751 0.721388 0.561711 0.0031115
1752 0.721388 0.555151 0.00312137
1753 0.721388 0.554399 0.00285696
1754 0.721388 0.558821 0.00302135
1755 0.721388 0.553524 0.00251465
1756 0.721388 0.563569 0.00328925
1757 0.721388 0.560011 0.00278446
1758 0.721388 0.557087 0.00271242
1759 0.721388 0.56333 0.00289674
1760 0.721388 0.561177 0.00252021
1761 0.721388 0.561949 0.00314228
1762 0.721388 0.556717 0.00261714
1763 0.721388 0.55199 0.00264869
1764 0.721388 0.555629 0.00293758
1765 0.721388 0.56197 0.00279453
1766 0.721388 0.561914 0.003541
1767 0.721388 0.561574 0.00286333
1768 0.721388 0.557715 0.00271712
1769 0.721388 0.557039 0.00292235
1770 0.721388 0.562434 0.003003
1771 0.721388 0.568391 0.00281407
1772 0.721388 0.557385 0.00270981
1773 0.721388 0.554207 0.00320457
1774 0.721388 0.552731 0.00343917
1775 0.721388 0.55773 0.00332006
1776 0.721388 0.551286 0.00329128
1777 0.721388 0.553609 0.00300553
1778 0.721388 0.556501 0.0031999
1779 0.721388 0.552389 0.00353257
1780 0.721388 0.55537 0.00366414
1781 0.721388 0.553236 0.00363859
1782 0.721388 0.560521 0.00302612
1783 0.721388 0.563511 0.00321472
1784 0.721388 0.566061 0.00305254
1785 0.721388 0.562868 0.00282822
1786 0.721388 0.555665 0.00288496
1787 0.721388 0.56096 0.00303757
1788 0.721388 0.56387 0.00308018
1789 0.721388 0.559803 0.00276174
1790 0.721388 0.563947 0.00256615
1791 0.721388 0.560027 0.00262865
1792 0.721388 0.557133 0.00308984
1793 0.721388 0.556448 0.00306283
1794 0.721388 0.556754 0.00309226
1795 0.721388 0.556497 0.00303301
1796 0.721388 0.55348 0.00286887
1797 0.721388 0.559073 0.00299535
1798 0.721388 0.555716 0.00251918
1799 0.721388 0.554221 0.00282924
1800 0.721388 0.55717 0.00303555
1801 0.721388 0.553667 0.00272324
1802 0.721388 0.554349 0.00291833
1803 0.721388 0.559698 0.00301621
1804 0.721388 0.561108 0.00278049
1805 0.721388 0.55566 0.00294536
1806 0.721388 0.548033 0.00327963
1807 0.721388 0.557171 0.00340991
1808 0.721388 0.555018 0.00293915
1809 0.721388 0.554205 0.00322151
1810 0.721388 0.555237 0.00298164
1811 0.721388 0.554435 0.00292392
1812 0.721388 0.559085 0.00335243
1813 0.721388 0.553204 0.00321004
1814 0.721388 0.556232 0.00294033
1815 0.721388 0.557559 0.00276574
1816 0.721388 0.558266 0.00311093
1817 0.721388 0.563859 0.00278322
1818 0.721388 0.55669 0.00306249
1819 0.721388 0.560503 0.00271774
1820 0.721388 0.56469 0.00253993
1821 0.721388 0.561206 0.00298456
1822 0.721388 0.56127 0.00286731
1823 0.721388 0.564382 0.0024087
1824 0.721388 0.554704 0.0032115
1825 0.721388 0.55858 0.00292175
1826 0.721388 0.555819 0.00285703
1827 0.721388 0.56198 0.00285347
1828 0.721388 0.562 0.00258063
1829 0.721388 0.560023 0.00315954
1830 0.721388 0.557691 0.0030822
1831 0.721388 0.553135 0.00291587
1832 0.721388 0.552996 0.00314552
1833 0.721388 0.554185 0.0031121
1834 0.721388 0.552728 0.00294962
1835 0.721388 0.560898 0.00316298
1836 0.721388 0.556986 0.00316217
1837 0.721388 0.567073 0.00255174
1838 0.721388 0.559265 0.00293179
1839 0.721388 0.558772 0.00304604
1840 0.721388 0.565246 0.00301603
1841 0.721388 0.565663 0.00299827
1842 0.721388 0.559794 0.00292273
1843 0.721388 0.558853 0.00309562
1844 0.721388 0.564195 0.00284725
1845 0.721388 0.561784 0.00256296
1846 0.721388 0.559428 0.00306397
1847 0.721388 0.556496 0.0028489
1848 0.721388 0.558972 0.00321255
1849 0.721388 0.556697 0.00289953
1850 0.721388 0.553327 0.00316999
1851 0.721388 0.55361 0.00290492
1852 0.721388 0.564136 0.00313524
1853 0.721388 0.559809 0.00304957
1854 0.721388 0.551261 0.00314818
1855 0.721388 0.550514 0.00285238
1856 0.721388 0.552763 0.00292779
1857 0.721388 0.553556 0.00284249
1858 0.721388 0.557122 0.00326672
1859 0.721388 0.559913 0.0035099
1860 0.721388 0.546361 0.00314833
1861 0.721388 0.548505 0.00276274
1862 0.721388 0.552232 0.00297258
1863 0.721388 0.547495 0.00321051
1864 0.721388 0.550192 0.00353677
1865 0.721388 0.548282 0.00326365
1866 0.721388 0.556065 0.00326866
1867 0.721388 0.547498 0.00290116
1868 0.721388 0.55129 0.0032487
1869 0.721388 0.5499 0.00333905
1870 0.721388 0.556373 0.00333801
1871 0.721388 0.5547 0.00313449
1872 0.721388 0.554642 0.00335004
1873 0.721388 0.561671 0.00301871
1874 0.721388 0.554784 0.00305777
1875 0.721388 0.551838 0.00318267
1876 0.721388 0.554125 0.00315458
1877 0.721388 0.549563 0.00385327
1878 0.721388 0.551419 0.00343454
1879 0.721388 0.549189 0.00340719
1880 0.721388 0.554533 0.00344972
1881 0.721388 0.562419 0.0035339
1882 0.721388 0.558893 0.00336008
1883 0.721388 0.572648 0.00290635
1884 0.721388 0.563925 0.00307166
1885 0.721388 0.560883 0.00336184
1886 0.721388 0.564741 0.00297162
1887 0.721388 0.568016 0.00276928
1888 0.721388 0.568268 0.00302682
1889 0.721388 0.559556 0.003223
1890 0.721388 0.557241 0.00302604
1891 0.721388 0.55851 0.00306539
1892 0.721388 0.559701 0.00300721
1893 0.721388 0.556892 0.00346949
1894 0.721388 0.556389 0.00272395
1895 0.721388 0.560009 0.00321867
1896 0.721388 0.566315 0.00308416
1897 0.721388 0.560582 0.00360012
1898 0.721388 0.556733 0.00298346
1899 0.721388 0.559228 0.00324131
1900 0.721388 0.560336 0.00368605
1901 0.721388 0.55609 0.00317754
1902 0.721388 0.558042 0.00301066
1903 0.721388 0.559107 0.00292539
1904 0.721388 0.561245 0.00315257
1905 0.721388 0.563753 0.0030004
1906 0.721388 0.558868 0.00352019
1907 0.721388 0.557786 0.00268243
1908 0.721388 0.555875 0.0030586
1909 0.721388 0.56467 0.00335209
1910 0.721388 0.55784 0.00306784
1911 0.721388 0.557589 0.00325544
1912 0.721388 0.558581 0.00313293
1913 0.721388 0.56017 0.00306692
1914 0.721388 0.56347 0.00264699
1915 0.721388 0.570576 0.00298974
1916 0.721388 0.567555 0.00325811
1917 0.721388 0.569881 0.00296718
1918 0.721388 0.568499 0.00276956
1919 0.721388 0.572062 0.00307753
1920 0.721388 0.570072 0.00275027
1921 0.721388 0.56733 0.00281849
1922 0.721388 0.571747 0.00293755
1923 0.721388 0.572242 0.00296223
1924 0.721388 0.561136 0.00278374
1925 0.721388 0.561703 0.00287895
1926 0.721388 0.571724 0.00251725
1927 0.721388 0.565242 0.00273974
1928 0.721388 0.561454 0.00332161
1929 0.721388 0.562521 0.00268217
1930 0.721388 0.56287 0.00284996
1931 0.721388 0.557373 0.00267735
1932 0.721388 0.567965 0.00247746
1933 0.721388 0.566805 0.00287771
1934 0.721388 0.567741 0.00264703
1935 0.721388 0.568218 0.00279724
1936 0.721388 0.565183 0.00299474
1937 0.721388 0.56179 0.00305131
1938 0.721388 0.567691 0.00235631
1939 0.721388 0.565792 0.00280585
1940 0.721388 0.55709 0.00266776
1941 0.721388 0.558338 0.00276928
1942 0.721388 0.565642 0.00305713
1943 0.721388 0.555664 0.00276885
1944 0.721388 0.569204 0.00283707
1945 0.721388 0.567957 0.00240117
1946 0.721388 0.555821 0.00293243
1947 0.721388 0.561581 0.00369708
1948 0.721388 0.557101 0.00289487
1949 0.721388 0.559962 0.00299282
1950 0.721388 0.555516 0.00283585
1951 0.721388 0.558868 0.00291922
1952 0.721388 0.559255 0.00315684
1953 0.721388 0.562558 0.00282367
1954 0.721388 0.556077 0.00295656
1955 0.721388 0.555887 0.00314586
1956 0.721388 0.554221 0.00301451
1957 0.721388 0.560552 0.00302069
1958 0.721388 0.560718 0.00342111
1959 0.721388 0.554402 0.00300214
1960 0.721388 0.553376 0.00300313
1961 0.721388 0.558262 0.00310518
1962 0.721388 0.548707 0.00316457
1963 0.721388 0.545964 0.00336587
1964 0.721388 0.542772 0.00317341
1965 0.721388 0.55133 0.00348129
1966 0.721388 0.549755 0.00353225
1967 0.721388 0.548892 0.00334216
1968 0.721388 0.552506 0.00340406
1969 0.721388 0.543985 0.00341771
1970 0.721388 0.549071 0.00322366
1971 0.721388 0.553246 0.00331702
1972 0.721388 0.55297 0.00337214
1973 0.721388 0.558938 0.00394436
1974 0.721388 0.556368 0.00350017
1975 0.721388 0.554964 0.00327469
1976 0.721388 0.560809 0.00250274
1977 0.721388 0.555882 0.0031656
1978 0.721388 0.556697 0.00329167
1979 0.721388 0.55939 0.00337229
1980 0.721388 0.55813 0.00325671
1981 0.721388 0.55381 0.00313051
1982 0.721388 0.562126 0.00316811
1983 0.721388 0.559051 0.00295718
1984 0.721388 0.560886 0.00267944
1985 0.721388 0.560149 0.002968
1986 0.721388 0.557863 0.00327796
1987 0.721388 0.558429 0.00286662
1988 0.721388 0.558232 0.00287281
1989 0.721388 0.557023 0.00288754
1990 0.721388 0.554944 0.00295848
1991 0.721388 0.559127 0.00326479
1992 0.721388 0.559298 0.00275773
1993 0.721388 0.563332 0.00269448
1994 0.721388 0.559485 0.00289257
1995 0.721388 0.566324 0.00314195
1996 0.721388 0.562261 0.0027753
1997 0.721388 0.5579 0.00316528
1998 0.721388 0.559336 0.00327938
1999 0.721388 0.555719 0.00345632
2000 0.721388 0.55025 0.00353342
