4
1
0.104546
0.257854
1
-51.9246
4.39004
0
-56.4506
2.51974
0
-60.7318
6.17146
0
-54.0238
2.87525
0
0.697521
1.99988
1.03796
0.205506
0.754348
1.69106
0.553029
1.01017
1.67756
1.77333
0.378849
1.11647
1.0763
1.07732
1.26327
1.70137
0.350034
0.106705
0.226378
1.49848
0.144637
0.683493
1.94083
0.123981
1.18222
0.15826
0.128033
0.487621
0.0851783
0.778543
1.81542
1.07084
0.0310881
0.87312
0.108671
0.0899825
1.38915
0.681194
0.583556
1.70054
0.0404038
0.730691
0
0.556561
1.63927
0.513433
0.559223
0.790927
1.19016
0.832724
0.476211
0.400263
1.0537
0.000717339
1.34523
1.23946
0.574245
1.19874
0.116973
0.117291
0.375674
0.288433
1.55722
1.72225
0.669469
1.69204
0.534353
0.628674
1.10637
0.125662
0.810836
