8
3
0.165031
0.253311
1
-51.0899
5.0878
0
-64.8866
7.99439
0
-56.114
7.04573
0
0.14951
0.216894
1
-53.8145
6.33604
0
-58.4693
2.45486
0
-50.9392
3.8365
0
-53.5454
4.2636
0
-53.0854
7.2092
0
0.114798
0.253785
1
0.0597758
1.08461
0.387119
1.06607
1.57896
1.80488
0.0133759
1.03234
1.06142
0.781686
0.643726
1.98418
0.840117
0.433222
0.588795
1.87089
0.886316
1.78888
1.08635
1.5928
0.67617
0.300908
1.939
0.883335
1.38138
1.06568
1.2822
0.476652
1.5733
0.421747
1.17961
1.29499
1.99853
1.41357
0.147606
0.755627
0.644122
1.24408
1.78176
1.40031
0.0221467
0.69526
1.89394
0.20331
1.96612
1.16224
0.902818
1.92258
1.60434
1.96478
0.403726
0.461258
1.4941
0.493893
1.06322
0.707935
0.197292
0.955311
1.64403
0.594639
0.105083
0.995305
1.4675
0.829812
0.389422
1.56997
1.46642
0.990722
0.120365
0.343779
1.91462
0
0.626761
1.02244
1.32668
1.33865
0.384634
0
0.436783
0.525755
1.79051
0.786674
1.40074
1.22343
1.01015
1.26824
0.472251
0.829384
2
1.71124
1.68396
0.574144
0.9076
0.621461
1.14872
1.81942
2
1.3231
1.03849
1.20084
0.944074
0.809727
1.4792
1.45916
0.114618
0.352679
1.55689
0.92736
0.92092
1.47622
0.199644
1.5908
1.52959
0.188445
1.04498
1.4537
1.06887
1.29624
1.14046
0.835489
0.524188
1.88417
1.42428
0.251221
0.675208
0.644427
0.930322
1.16977
0.350698
0.3414
1.54426
0.206342
0.690357
0.517461
0.0304467
0.910835
1.0476
0.414981
1.97395
0
1.30998
1.30931
1.98786
0.089418
0.000991581
0.452963
1.386
1.30535
0.904022
1.33831
1.59661
1.01922
1.25417
0.163858
1.05994
0.718328
0.361034
1.14746
0.566977
0
1.87015
0.581358
0.622467
0.106001
0.0804124
1.95147
0.396873
0.44886
0.258891
1.66192
0.676846
0.794589
0.198869
1.68817
1.61302
0.23099
1.98302
0.688626
0.940081
0.346025
1.59408
1.89256
1.32145
0.458444
0.724231
1.51293
1.39806
0.940123
0.436939
0.965536
1.06685
1.7996
1.96441
1.90645
1.91413
1.59587
0.402119
2
1.62602
1.19731
0.497374
0.998557
1.26475
0.358655
1.74384
0.530845
0.462758
0.880158
1.09147
0.659072
0.157283
1.73925
0.364963
0.301796
1.99994
0.345811
0.847901
0.708647
0.408242
0.161391
1.82566
1.85666
0.273781
0.149516
0.466255
1.79751
1.8773
1.62322
1.07618
1.57211
0.662537
0.457819
928.91
