4
1
-54.5705
2.78365
0
-56.0057
5.99582
0
0.145865
0.206252
1
-53.1326
4.89465
0
-56.437
5.77521
0
1.6043
1.79504
1.5803
0.370303
0.0481388
1.36506
0.467508
0.324389
1.47721
0.819559
1.7202
1.91916
0.157453
1.41145
1.28455
0.547803
0.148618
0.026835
0.195902
1.99676
0.179759
0.81434
0.841466
1.10287
1.13161
0.747992
1.18509
1.2072
1.05317
0.860093
1.11236
0.686127
1.88572
1.34898
0.566021
1.59216
0.144035
1.79675
0.77543
0.933612
1.31704
0.567574
0.487361
1.74429
0.134644
0.296905
0.720121
0.880123
0.36388
0.00166187
0.169872
1.72811
1.78243
1.20232
1.53535
0.580223
0.69456
0.767007
1.48588
1.71319
1.70766
1.64138
0.41689
1.20535
0.960936
1.98821
1.24071
0.443854
1.2719
0.575165
0.690438
1.09372
0.568371
1.69416
0.506023
0.743432
1071.72
