3
2
-56.93
6.25588
0
0.125559
0.228473
1
0.0514826
0.235128
1
-58.0856
4.17854
0
-53.2185
2.73142
0
0.267552
1.54435
0.981993
0.999792
0.744886
0
0.693429
0.498725
1.52721
0.251184
1.26395
1.74909
1.68965
1.20101
0.374318
0.850329
1.15381
0.437956
0.990243
0.177227
0.474309
0.729841
0.716857
1.73379
1.40008
0.124072
1.15285
0.103948
1.00435
1.75496
0.754485
1.00839
0.956831
2
1.93591
1.57777
1.19138
1.12672
1.76976
1.094
1.78109
0.782307
0
1.73341
0
0.229452
0.127992
1.50456
1.10829
0.754661
0.926705
1.03969
1.19079
1.1711
1.91176
0.373128
0.297287
0.0213759
1.09601
1.93358
0.770467
0.37522
1.69994
0.257757
0.279527
0.780032
0.113255
1.62768
1.93864
1.519
1.49812
1.57879
0.484805
1.04108
0.462121
