0 0.546016 0.499333 0.000128901
1 0.577594 0.500675 0.000371948
2 0.57878 0.501345 0.000380372
3 0.57878 0.504284 0.000446733
4 0.579506 0.502994 0.000411097
5 0.579506 0.50419 0.000425268
6 0.579506 0.502299 0.000412244
7 0.579506 0.502622 0.000420645
8 0.579506 0.504391 0.00047291
9 0.579506 0.504305 0.000427284
10 0.653259 0.503385 0.000791562
11 0.653259 0.503428 0.000634358
12 0.653259 0.504645 0.00088815
13 0.653259 0.502693 0.000914947
14 0.653259 0.504336 0.000634185
15 0.653259 0.503093 0.000721975
16 0.653259 0.503968 0.000825236
17 0.653259 0.501839 0.000743039
18 0.653259 0.504536 0.00093933
19 0.653259 0.50232 0.000758808
20 0.653259 0.504294 0.000732137
21 0.653259 0.5045 0.000979324
22 0.653259 0.506856 0.000893633
23 0.653259 0.503839 0.000775499
24 0.653259 0.503074 0.000793812
25 0.653259 0.504861 0.000703584
26 0.653259 0.50617 0.000782008
27 0.653259 0.504957 0.000751091
28 0.653259 0.502566 0.000785426
29 0.653259 0.500543 0.000795271
30 0.653259 0.501662 0.000851711
31 0.653259 0.505012 0.000811269
32 0.653259 0.502031 0.000818607
33 0.653259 0.502081 0.000776608
34 0.653259 0.502159 0.000763622
35 0.653259 0.503539 0.000871701
36 0.653259 0.502421 0.000901752
37 0.653259 0.50348 0.000732486
38 0.653259 0.504907 0.000874503
39 0.653259 0.50128 0.000956391
40 0.653259 0.504999 0.000923184
41 0.653259 0.501571 0.000962607
42 0.653259 0.504915 0.000799158
43 0.653259 0.502376 0.000887281
44 0.653259 0.502339 0.000972418
45 0.653259 0.502852 0.000901152
46 0.653259 0.502381 0.00121907
47 0.653259 0.502368 0.000826173
48 0.653259 0.50601 0.000879293
49 0.653259 0.50324 0.00100434
50 0.653259 0.503458 0.000921459
51 0.653259 0.499548 0.000946295
52 0.653259 0.50304 0.000899439
53 0.653259 0.504138 0.0011375
54 0.653259 0.504164 0.00108787
55 0.653259 0.50615 0.000906186
56 0.653259 0.506136 0.000915338
57 0.653259 0.502597 0.000771877
58 0.653259 0.504717 0.00101356
59 0.653259 0.502061 0.00118684
60 0.653259 0.500428 0.000920696
61 0.653259 0.503751 0.000898821
62 0.653259 0.50355 0.000937557
63 0.653259 0.50424 0.000881776
64 0.653259 0.502577 0.00101884
65 0.653259 0.503989 0.000914227
66 0.653259 0.504333 0.000859413
67 0.653259 0.504758 0.000848293
68 0.653259 0.504229 0.00119063
69 0.653259 0.503151 0.00104089
70 0.653259 0.504145 0.000929711
71 0.653259 0.502664 0.00092841
72 0.653259 0.5011 0.000977068
73 0.653259 0.505762 0.000787766
74 0.653259 0.502714 0.000752586
75 0.653259 0.501855 0.000985729
76 0.653259 0.505291 0.00101291
77 0.653259 0.503457 0.00111611
78 0.653259 0.504652 0.000910761
79 0.653259 0.50351 0.000975359
80 0.653259 0.504261 0.000859429
81 0.653259 0.504402 0.000929491
82 0.653259 0.502167 0.00100272
83 0.653259 0.504263 0.00101435
84 0.653259 0.504563 0.000803525
85 0.653259 0.503926 0.00101787
86 0.653259 0.503118 0.000910428
87 0.653259 0.503373 0.000848677
88 0.653259 0.505009 0.000930773
89 0.653259 0.50161 0.00108532
90 0.653259 0.503579 0.000945277
91 0.653259 0.505998 0.000961613
92 0.653259 0.504055 0.000937591
93 0.653259 0.502827 0.00107797
94 0.653259 0.505186 0.00107367
95 0.653259 0.503168 0.00109772
96 0.653259 0.505471 0.000946208
97 0.653259 0.503742 0.00119486
98 0.653259 0.504516 0.00124653
99 0.653259 0.503032 0.000900765
100 0.653259 0.499128 0.000998622
101 0.653259 0.503743 0.00110108
102 0.653259 0.503035 0.00103932
103 0.653259 0.502752 0.00104003
104 0.653259 0.503913 0.000978984
105 0.653259 0.50234 0.000935254
106 0.653259 0.502821 0.00108055
107 0.653259 0.508074 0.00106937
108 0.653259 0.505425 0.00136807
109 0.653259 0.504773 0.00108052
110 0.653259 0.501669 0.00123278
111 0.653259 0.502029 0.00111555
112 0.653259 0.506859 0.0009974
113 0.653259 0.504034 0.000998122
114 0.653259 0.502809 0.000958076
115 0.653259 0.504482 0.000945327
116 0.653259 0.505361 0.000925661
117 0.653259 0.505103 0.00101048
118 0.653259 0.501679 0.00109826
119 0.653259 0.503037 0.00111155
120 0.653259 0.504496 0.00111491
121 0.653259 0.504986 0.000933792
122 0.653259 0.503814 0.000973653
123 0.653259 0.503068 0.0011308
124 0.653259 0.503525 0.00115274
125 0.653259 0.505602 0.00117949
126 0.653259 0.504056 0.00105297
127 0.653259 0.504167 0.00113658
128 0.653259 0.504198 0.00103048
129 0.653259 0.506938 0.00102468
130 0.653259 0.50069 0.00108108
131 0.653259 0.507089 0.00124037
132 0.653259 0.505083 0.00110258
133 0.653259 0.505833 0.00121537
134 0.653259 0.507323 0.00114615
135 0.653259 0.504559 0.00116171
136 0.653259 0.501884 0.00119695
137 0.653259 0.50374 0.00106416
138 0.653259 0.501138 0.00122537
139 0.653259 0.504498 0.000952309
140 0.653259 0.503609 0.000929996
141 0.653259 0.503863 0.00124121
142 0.653259 0.503685 0.00105983
143 0.653259 0.504735 0.00105327
144 0.653259 0.505168 0.000887222
145 0.653259 0.503201 0.000960327
146 0.653259 0.505024 0.00123717
147 0.653259 0.504471 0.00111644
148 0.653259 0.505607 0.000994552
149 0.653259 0.504916 0.00116575
150 0.653259 0.505674 0.00143265
151 0.653259 0.502911 0.000992795
152 0.653259 0.504137 0.0011439
153 0.653259 0.504234 0.00100949
154 0.653259 0.500198 0.00134135
155 0.653259 0.501155 0.00118878
156 0.653259 0.500994 0.00114638
157 0.653259 0.500428 0.00140581
158 0.653259 0.50293 0.00104439
159 0.653259 0.501655 0.00129453
160 0.653259 0.501169 0.00111239
161 0.653259 0.507035 0.00102094
162 0.653259 0.505613 0.00110205
163 0.653259 0.500067 0.00129025
164 0.653259 0.503328 0.00116895
165 0.653259 0.503567 0.0013528
166 0.653259 0.505683 0.00127309
167 0.653259 0.503701 0.00106068
168 0.653259 0.502619 0.00121628
169 0.653259 0.499647 0.00110661
170 0.653259 0.50585 0.00103583
171 0.653259 0.504781 0.000968934
172 0.653259 0.503061 0.00104738
173 0.653259 0.505508 0.00108509
174 0.653259 0.503798 0.00113753
175 0.653259 0.503254 0.000923283
176 0.653259 0.50452 0.00104044
177 0.653259 0.504162 0.00105575
178 0.653259 0.498769 0.00125545
179 0.653259 0.503537 0.00103969
180 0.653259 0.503937 0.0010828
181 0.653259 0.501615 0.00136936
182 0.653259 0.501902 0.00101729
183 0.653259 0.503356 0.00123804
184 0.653259 0.504492 0.00114053
185 0.653259 0.500562 0.00116538
186 0.653259 0.499565 0.0015825
187 0.653259 0.500724 0.00135231
188 0.653259 0.50172 0.00110131
189 0.653259 0.502806 0.00104494
190 0.653259 0.502383 0.00114729
191 0.653259 0.504517 0.00110997
192 0.653259 0.503002 0.000979179
193 0.653259 0.500686 0.00118489
194 0.653259 0.502227 0.00114372
195 0.653259 0.498545 0.00144055
196 0.653259 0.501808 0.00125982
197 0.653259 0.506034 0.00110298
198 0.653259 0.504197 0.00095485
199 0.653259 0.507874 0.00116988
200 0.653259 0.502969 0.00133208
201 0.653259 0.504315 0.00122857
202 0.653259 0.502857 0.00110627
203 0.653259 0.502327 0.0011945
204 0.653259 0.49998 0.00113266
205 0.653259 0.504823 0.00101601
206 0.653259 0.502554 0.00128174
207 0.653259 0.505785 0.00124779
208 0.653259 0.503267 0.0011472
209 0.653259 0.505244 0.00113537
210 0.653259 0.507065 0.001203
211 0.653259 0.502675 0.00128453
212 0.653259 0.505506 0.00133743
213 0.653259 0.504228 0.00126328
214 0.653259 0.50159 0.00131471
215 0.653259 0.503484 0.00112274
216 0.653259 0.50372 0.00101469
217 0.653259 0.504487 0.00142865
218 0.653259 0.50506 0.00109721
219 0.653259 0.504099 0.00120133
220 0.653259 0.504589 0.00114955
221 0.653259 0.504267 0.00132059
222 0.653259 0.509774 0.00150334
223 0.653259 0.505896 0.00133797
224 0.653259 0.50772 0.00141796
225 0.653259 0.50287 0.00121735
226 0.653259 0.503379 0.00139719
227 0.653259 0.501205 0.0013049
228 0.653259 0.506455 0.00136289
229 0.653259 0.50519 0.00131479
230 0.653259 0.502658 0.00157949
231 0.653259 0.503761 0.00135253
232 0.653259 0.503697 0.00148561
233 0.703735 0.505946 0.00182001
234 0.703735 0.503132 0.00138838
235 0.703735 0.505482 0.00163199
236 0.703735 0.504164 0.00171509
237 0.703735 0.507077 0.00174466
238 0.703735 0.502194 0.00158615
239 0.703735 0.504418 0.00151494
240 0.703735 0.508698 0.00140941
241 0.703735 0.504133 0.00138438
242 0.703735 0.504619 0.00159716
243 0.703735 0.502902 0.00153029
244 0.703735 0.506199 0.00136209
245 0.703735 0.499145 0.00155337
246 0.703735 0.504769 0.00158079
247 0.703735 0.50771 0.00141813
248 0.703735 0.502464 0.00140204
249 0.703735 0.505903 0.00138565
250 0.703735 0.505549 0.00182328
251 0.703735 0.506419 0.00151083
252 0.703735 0.502154 0.0014916
253 0.703735 0.50865 0.0015967
254 0.703735 0.50277 0.00149306
255 0.703735 0.503926 0.00150077
256 0.703735 0.504676 0.0017002
257 0.703735 0.504572 0.001653
258 0.703735 0.502857 0.00163811
259 0.703735 0.505551 0.00151198
260 0.703735 0.505798 0.00160703
261 0.703735 0.506239 0.00168284
262 0.703735 0.50746 0.00155518
263 0.703735 0.508687 0.00149072
264 0.703735 0.505665 0.00154051
265 0.703735 0.503364 0.00140989
266 0.703735 0.503174 0.00147872
267 0.703735 0.505283 0.00157305
268 0.703735 0.504815 0.00157137
269 0.703735 0.505566 0.00188671
270 0.703735 0.503007 0.00145727
271 0.703735 0.507234 0.00173489
272 0.703735 0.505128 0.00150822
273 0.703735 0.504562 0.00129851
274 0.703735 0.501729 0.00175682
275 0.703735 0.502955 0.0016623
276 0.703735 0.503783 0.00151467
277 0.703735 0.506381 0.0015498
278 0.703735 0.505854 0.00147587
279 0.703735 0.506416 0.00149298
280 0.703735 0.505189 0.00144989
281 0.703735 0.5036 0.00148392
282 0.703735 0.503457 0.00145398
283 0.703735 0.506356 0.00131404
284 0.703735 0.505102 0.00144654
285 0.703735 0.507908 0.00139411
286 0.703735 0.507496 0.00144224
287 0.703735 0.503339 0.00153196
288 0.703735 0.500381 0.00147507
289 0.703735 0.50027 0.00161038
290 0.703735 0.503628 0.00164013
291 0.703735 0.50365 0.00142745
292 0.703735 0.50212 0.00159831
293 0.703735 0.503765 0.00152484
294 0.703735 0.502758 0.00175689
295 0.703735 0.503756 0.00170159
296 0.703735 0.504457 0.00157481
297 0.703735 0.505807 0.00147102
298 0.703735 0.506805 0.00174199
299 0.703735 0.506554 0.00140168
300 0.703735 0.504268 0.00157255
301 0.703735 0.500398 0.00153555
302 0.703735 0.50392 0.00155828
303 0.703735 0.50621 0.00161032
304 0.703735 0.499263 0.00170226
305 0.703735 0.500692 0.00168995
306 0.703735 0.501452 0.00153842
307 0.703735 0.505399 0.00173026
308 0.703735 0.508966 0.00157463
309 0.703735 0.504798 0.00154666
310 0.703735 0.503419 0.00186474
311 0.703735 0.504625 0.00194132
312 0.703735 0.504816 0.0014219
313 0.703735 0.50736 0.00144895
314 0.703735 0.500835 0.00173697
315 0.703735 0.504134 0.00176906
316 0.703735 0.505753 0.00148009
317 0.703735 0.50358 0.00152031
318 0.703735 0.500128 0.00168246
319 0.703735 0.505175 0.00146869
320 0.703735 0.504165 0.00165166
321 0.703735 0.498757 0.001641
322 0.703735 0.506243 0.00149516
323 0.703735 0.502069 0.00181958
324 0.703735 0.501746 0.00172011
325 0.703735 0.505948 0.00151763
326 0.703735 0.509613 0.00140004
327 0.703735 0.501628 0.00159044
328 0.703735 0.503726 0.0017791
329 0.703735 0.503283 0.00150671
330 0.703735 0.505218 0.00156092
331 0.703735 0.503732 0.00160471
332 0.703735 0.502198 0.00158093
333 0.703735 0.503333 0.00155052
334 0.703735 0.504659 0.00177923
335 0.703735 0.504429 0.00144796
336 0.703735 0.504484 0.00144656
337 0.703735 0.505961 0.0015016
338 0.703735 0.499629 0.00155927
339 0.703735 0.506048 0.00173478
340 0.703735 0.502964 0.00172799
341 0.703735 0.501151 0.0018644
342 0.703735 0.503127 0.00173998
343 0.703735 0.505419 0.00157091
344 0.703735 0.504056 0.00169529
345 0.703735 0.504211 0.00165523
346 0.703735 0.507224 0.00156071
347 0.703735 0.510516 0.00144514
348 0.703735 0.505679 0.00167004
349 0.703735 0.509926 0.00167292
350 0.703735 0.506358 0.00155723
351 0.703735 0.50594 0.00170215
352 0.703735 0.503397 0.00140666
353 0.703735 0.503568 0.00146422
354 0.703735 0.506564 0.00141443
355 0.703735 0.50235 0.00148533
356 0.703735 0.501985 0.0015395
357 0.703735 0.501447 0.00151864
358 0.703735 0.500243 0.00175293
359 0.703735 0.504219 0.00148874
360 0.703735 0.502824 0.00142824
361 0.703735 0.505125 0.00146582
362 0.703735 0.505767 0.0019057
363 0.703735 0.504892 0.00156433
364 0.703735 0.502742 0.001472
365 0.703735 0.505618 0.00138607
366 0.703735 0.499346 0.0017907
367 0.703735 0.502417 0.00159659
368 0.703735 0.502291 0.00142951
369 0.703735 0.503256 0.00151267
370 0.703735 0.498869 0.00194355
371 0.703735 0.502155 0.00149642
372 0.703735 0.501729 0.00153575
373 0.703735 0.504516 0.00129576
374 0.703735 0.503894 0.00154138
375 0.703735 0.501952 0.001711
376 0.703735 0.498898 0.00163246
377 0.703735 0.504331 0.00143946
378 0.703735 0.501861 0.00149527
379 0.703735 0.503556 0.00149105
380 0.703735 0.504427 0.00161321
381 0.703735 0.502079 0.00165864
382 0.703735 0.506339 0.00177589
383 0.703735 0.507246 0.00152307
384 0.703735 0.506361 0.00136157
385 0.703735 0.505132 0.00150246
386 0.703735 0.506055 0.00180948
387 0.703735 0.50648 0.00182481
388 0.703735 0.508521 0.00159457
389 0.703735 0.501684 0.00183121
390 0.703735 0.502497 0.00159279
391 0.703735 0.504222 0.00153881
392 0.703735 0.508326 0.00154238
393 0.703735 0.504324 0.00147112
394 0.703735 0.502691 0.00149349
395 0.703735 0.507038 0.00140256
396 0.703735 0.505154 0.00156232
397 0.703735 0.503176 0.00162278
398 0.703735 0.504142 0.00156008
399 0.703735 0.508929 0.0014217
400 0.703735 0.505359 0.0015356
401 0.703735 0.504875 0.00153602
402 0.703735 0.503084 0.00154259
403 0.703735 0.503783 0.00157939
404 0.703735 0.502043 0.0015125
405 0.703735 0.50374 0.00159241
406 0.703735 0.506584 0.00150903
407 0.703735 0.50517 0.00182385
408 0.703735 0.501463 0.00174484
409 0.703735 0.503707 0.00165025
410 0.703735 0.505768 0.00165429
411 0.703735 0.50156 0.00171956
412 0.703735 0.505159 0.00158735
413 0.703735 0.508066 0.00158716
414 0.703735 0.503587 0.00149325
415 0.703735 0.503213 0.00172307
416 0.703735 0.50333 0.0014722
417 0.703735 0.506537 0.00139908
418 0.703735 0.502604 0.001579
419 0.703735 0.50196 0.00167201
420 0.703735 0.507892 0.00144782
421 0.703735 0.505682 0.00153144
422 0.703735 0.503806 0.00153204
423 0.703735 0.506352 0.00151544
424 0.703735 0.503293 0.00158754
425 0.703735 0.507614 0.00149108
426 0.703735 0.504083 0.00224835
427 0.703735 0.49967 0.00162861
428 0.703735 0.498057 0.00177713
429 0.703735 0.502961 0.00180175
430 0.703735 0.505474 0.00154393
431 0.703735 0.499243 0.00200683
432 0.703735 0.505288 0.00151711
433 0.703735 0.504984 0.00145562
434 0.703735 0.503112 0.00187674
435 0.703735 0.500626 0.00160998
436 0.703735 0.502352 0.00149798
437 0.703735 0.506684 0.00149725
438 0.703735 0.50331 0.00163708
439 0.703735 0.50978 0.00146628
440 0.703735 0.506937 0.00154983
441 0.703735 0.501526 0.00154951
442 0.703735 0.503299 0.00137811
443 0.703735 0.504584 0.00138796
444 0.703735 0.504797 0.00157033
445 0.703735 0.503514 0.00133134
446 0.703735 0.504723 0.00153002
447 0.703735 0.505879 0.00184113
448 0.703735 0.503298 0.00165659
449 0.703735 0.504112 0.0015807
450 0.703735 0.504578 0.00179654
451 0.703735 0.504705 0.00161413
452 0.703735 0.504263 0.00155514
453 0.703735 0.508045 0.00159738
454 0.703735 0.509541 0.00179217
455 0.703735 0.505777 0.00147088
456 0.703735 0.502335 0.00178113
457 0.703735 0.503735 0.00161364
458 0.703735 0.499289 0.00166746
459 0.703735 0.50134 0.00184739
460 0.703735 0.502599 0.001709
461 0.703735 0.506323 0.00150748
462 0.703735 0.50245 0.00161181
463 0.703735 0.49834 0.00156803
464 0.703735 0.502742 0.00153454
465 0.703735 0.503379 0.00144811
466 0.703735 0.507795 0.00194
467 0.703735 0.505127 0.0017313
468 0.703735 0.504018 0.00167147
469 0.703735 0.505997 0.0015832
470 0.703735 0.503571 0.00175078
471 0.703735 0.501518 0.00190474
472 0.703735 0.506559 0.00150887
473 0.703735 0.504702 0.00155145
474 0.703735 0.504646 0.001868
475 0.703735 0.509029 0.00176861
476 0.703735 0.504772 0.00148728
477 0.703735 0.503556 0.00174016
478 0.703735 0.504881 0.00171431
479 0.703735 0.50788 0.00164746
480 0.703735 0.505657 0.00195257
481 0.703735 0.503341 0.00194523
482 0.703735 0.501374 0.00168477
483 0.703735 0.505689 0.0013937
484 0.703735 0.504301 0.00164735
485 0.703735 0.505652 0.00161588
486 0.703735 0.507513 0.0018227
487 0.703735 0.503857 0.00181378
488 0.703735 0.50765 0.00136934
489 0.703735 0.505436 0.0016799
490 0.703735 0.506899 0.00158135
491 0.703735 0.506846 0.00172277
492 0.703735 0.506214 0.00163733
493 0.703735 0.509684 0.00168759
494 0.703735 0.503722 0.00166707
495 0.703735 0.506429 0.00191129
496 0.703735 0.505737 0.00142416
497 0.703735 0.504999 0.00141687
498 0.703735 0.505216 0.00155804
499 0.703735 0.507885 0.00150629
500 0.703735 0.505142 0.00155624
501 0.703735 0.505754 0.00145675
502 0.703735 0.504813 0.00190644
503 0.703735 0.507403 0.00155931
504 0.703735 0.504809 0.00161004
505 0.703735 0.506744 0.00188976
506 0.703735 0.502728 0.00175024
507 0.703735 0.502388 0.00169152
508 0.703735 0.504204 0.00157222
509 0.703735 0.503679 0.00162465
510 0.703735 0.507592 0.00155483
511 0.703735 0.502046 0.00190843
512 0.703735 0.507904 0.00160648
513 0.703735 0.507384 0.00185942
514 0.703735 0.50728 0.0015704
515 0.703735 0.506245 0.00182673
516 0.703735 0.510764 0.00157062
517 0.703735 0.506394 0.00161961
518 0.703735 0.506891 0.00151646
519 0.703735 0.506463 0.00161542
520 0.703735 0.503779 0.0019612
521 0.703735 0.507793 0.00170785
522 0.703735 0.505015 0.00167346
523 0.703735 0.505406 0.00153402
524 0.703735 0.505977 0.001629
525 0.703735 0.50542 0.00154846
526 0.703735 0.505109 0.00173222
527 0.703735 0.503845 0.00177518
528 0.703735 0.506823 0.00169886
529 0.703735 0.506023 0.00187675
530 0.703735 0.504998 0.00162792
531 0.703735 0.505731 0.00150088
532 0.703735 0.505289 0.00168463
533 0.703735 0.505527 0.00168094
534 0.703735 0.503794 0.00164605
535 0.703735 0.503765 0.001734
536 0.703735 0.505415 0.00162865
537 0.703735 0.504109 0.00152781
538 0.703735 0.504937 0.00143377
539 0.703735 0.505333 0.00177731
540 0.703735 0.507433 0.00177017
541 0.703735 0.502951 0.00158684
542 0.703735 0.505712 0.00161109
543 0.703735 0.504464 0.00168938
544 0.703735 0.504345 0.00157058
545 0.703735 0.50541 0.00155582
546 0.703735 0.504966 0.00171767
547 0.703735 0.500848 0.00171705
548 0.703735 0.503084 0.00159083
549 0.703735 0.504589 0.00166186
550 0.703735 0.505639 0.00148705
551 0.703735 0.504035 0.00154626
552 0.703735 0.504123 0.001833
553 0.703735 0.505834 0.00184451
554 0.703735 0.50791 0.00153831
555 0.703735 0.504884 0.0017153
556 0.703735 0.507382 0.00177207
557 0.703735 0.501848 0.00174106
558 0.703735 0.503142 0.00155924
559 0.703735 0.50214 0.0018234
560 0.703735 0.500653 0.00196068
561 0.703735 0.508352 0.00187277
562 0.703735 0.501786 0.0018685
563 0.703735 0.506414 0.00177911
564 0.703735 0.508329 0.00175014
565 0.703735 0.504792 0.00155446
566 0.703735 0.506479 0.00167985
567 0.703735 0.506625 0.00162402
568 0.703735 0.50896 0.00184834
569 0.703735 0.504184 0.00165107
570 0.703735 0.503846 0.00159536
571 0.703735 0.507796 0.00171454
572 0.703735 0.503862 0.00167744
573 0.703735 0.50437 0.00157989
574 0.703735 0.503418 0.0017347
575 0.703735 0.505967 0.00155478
576 0.703735 0.50646 0.00168357
577 0.703735 0.50767 0.00180946
578 0.703735 0.505563 0.0017071
579 0.703735 0.504373 0.00149181
580 0.703735 0.506288 0.00157851
581 0.703735 0.508571 0.00169318
582 0.703735 0.505017 0.00148222
583 0.703735 0.505607 0.00186263
584 0.703735 0.504425 0.0017672
585 0.703735 0.508816 0.00156276
586 0.703735 0.503143 0.00162123
587 0.703735 0.50625 0.00161283
588 0.703735 0.502172 0.00180368
589 0.703735 0.505888 0.0016518
590 0.703735 0.505293 0.00175858
591 0.703735 0.507863 0.0019152
592 0.703735 0.506899 0.0016092
593 0.703735 0.510047 0.00163554
594 0.703735 0.507491 0.00172541
595 0.703735 0.50414 0.00185957
596 0.703735 0.504691 0.00202512
597 0.703735 0.508645 0.00181356
598 0.703735 0.503121 0.00194233
599 0.703735 0.507077 0.00163366
600 0.703735 0.505978 0.0021011
601 0.703735 0.507046 0.00163063
602 0.703735 0.502638 0.00177294
603 0.703735 0.504583 0.00201007
604 0.703735 0.503478 0.00192171
605 0.703735 0.503924 0.0017948
606 0.703735 0.501124 0.00185702
607 0.703735 0.503385 0.00174938
608 0.703735 0.502812 0.00202349
609 0.703735 0.50322 0.00159318
610 0.703735 0.507449 0.00162506
611 0.703735 0.508804 0.00189531
612 0.703735 0.505899 0.00210124
613 0.703735 0.506192 0.00177893
614 0.703735 0.507609 0.00198536
615 0.703735 0.507657 0.00162471
616 0.703735 0.506189 0.00176503
617 0.703735 0.507311 0.00184866
618 0.703735 0.508179 0.00176973
619 0.703735 0.507282 0.00197086
620 0.703735 0.50603 0.00192732
621 0.703735 0.509172 0.00172307
622 0.703735 0.504826 0.00170351
623 0.703735 0.508612 0.00165657
624 0.703735 0.504855 0.00183874
625 0.703735 0.505329 0.00174142
626 0.703735 0.505011 0.0019089
627 0.703735 0.504637 0.00196784
628 0.703735 0.506356 0.00187689
629 0.703735 0.50655 0.00183063
630 0.703735 0.505415 0.00190721
631 0.703735 0.502013 0.00182227
632 0.703735 0.502251 0.0018381
633 0.703735 0.503278 0.00175342
634 0.703735 0.50416 0.0018346
635 0.703735 0.504186 0.00174644
636 0.703735 0.506712 0.00179984
637 0.703735 0.504062 0.00189801
638 0.703735 0.506695 0.00184572
639 0.703735 0.506993 0.00193534
640 0.703735 0.503085 0.00203016
641 0.703735 0.506691 0.00184446
642 0.703735 0.510699 0.00174261
643 0.703735 0.51036 0.0018281
644 0.703735 0.504725 0.00192191
645 0.703735 0.509413 0.00200426
646 0.703735 0.505854 0.0019224
647 0.703735 0.505814 0.00185842
648 0.703735 0.502848 0.00199009
649 0.703735 0.503797 0.00172967
650 0.703735 0.507901 0.00185021
651 0.703735 0.505401 0.00176969
652 0.703735 0.504751 0.00181074
653 0.703735 0.504464 0.00180662
654 0.703735 0.5021 0.00178432
655 0.703735 0.504438 0.00205705
656 0.703735 0.504364 0.00192774
657 0.703735 0.503885 0.00210258
658 0.703735 0.502921 0.00184486
659 0.703735 0.505529 0.00179665
660 0.703735 0.508925 0.00195115
661 0.703735 0.505738 0.00176499
662 0.703735 0.504765 0.00195693
663 0.703735 0.504118 0.00178596
664 0.703735 0.503098 0.00178995
665 0.703735 0.507106 0.00193186
666 0.703735 0.504044 0.00199616
667 0.703735 0.505679 0.00179834
668 0.703735 0.506049 0.00176128
669 0.703735 0.501416 0.00210862
670 0.703735 0.504662 0.00211776
671 0.703735 0.507282 0.00188649
672 0.703735 0.505257 0.0020442
673 0.703735 0.505723 0.00181481
674 0.703735 0.503281 0.00217603
675 0.703735 0.507345 0.00223471
676 0.703735 0.504969 0.00212176
677 0.703735 0.506928 0.0020453
678 0.703735 0.503403 0.00216657
679 0.703735 0.500007 0.0022824
680 0.703735 0.50737 0.00202207
681 0.703735 0.50101 0.00199191
682 0.703735 0.503928 0.00195071
683 0.703735 0.507686 0.00172165
684 0.703735 0.508383 0.00196138
685 0.703735 0.508129 0.00208174
686 0.703735 0.505619 0.00227026
687 0.703735 0.505925 0.00205436
688 0.703735 0.509736 0.00203517
689 0.703735 0.507707 0.00183329
690 0.703735 0.507236 0.00172453
691 0.703735 0.504666 0.00182127
692 0.703735 0.505343 0.00217573
693 0.703735 0.50517 0.00198864
694 0.703735 0.505634 0.0017506
695 0.703735 0.508607 0.00174349
696 0.703735 0.506984 0.00173307
697 0.703735 0.50496 0.00189401
698 0.703735 0.507038 0.00182224
699 0.703735 0.500203 0.00218102
700 0.703735 0.499542 0.00186105
701 0.703735 0.503191 0.00185667
702 0.703735 0.50768 0.00164951
703 0.703735 0.504024 0.00207232
704 0.703735 0.50512 0.00166737
705 0.703735 0.50479 0.00168994
706 0.703735 0.500711 0.00193839
707 0.703735 0.502124 0.00201166
708 0.703735 0.504221 0.00194345
709 0.703735 0.507708 0.00162445
710 0.703735 0.510583 0.00171837
711 0.703735 0.50749 0.00191671
712 0.703735 0.506405 0.00194897
713 0.703735 0.506987 0.00176405
714 0.703735 0.505227 0.00190336
715 0.703735 0.505568 0.00188623
716 0.703735 0.503587 0.00174095
717 0.703735 0.510853 0.00200547
718 0.703735 0.50601 0.00186451
719 0.703735 0.504725 0.00186995
720 0.703735 0.507636 0.00198807
721 0.703735 0.511344 0.00182165
722 0.703735 0.508887 0.002295
723 0.703735 0.508854 0.002076
724 0.703735 0.50127 0.00200324
725 0.703735 0.507386 0.00177184
726 0.703735 0.50615 0.00208107
727 0.703735 0.508939 0.00176049
728 0.703735 0.506442 0.0019077
729 0.703735 0.502479 0.00218034
730 0.703735 0.503786 0.0020129
731 0.703735 0.504651 0.00171886
732 0.703735 0.50439 0.00194047
733 0.703735 0.50264 0.00195832
734 0.703735 0.505647 0.00182471
735 0.703735 0.508519 0.00170132
736 0.703735 0.509291 0.0019707
737 0.703735 0.505577 0.00183716
738 0.703735 0.50342 0.0017466
739 0.703735 0.50811 0.00161076
740 0.703735 0.5065 0.00177429
741 0.703735 0.506372 0.00169229
742 0.703735 0.507874 0.00171466
743 0.703735 0.507652 0.00164199
744 0.703735 0.507782 0.0017916
745 0.703735 0.502778 0.00187182
746 0.703735 0.502949 0.0019112
747 0.703735 0.506325 0.0018323
748 0.703735 0.505111 0.00168921
749 0.703735 0.505267 0.00206814
750 0.703735 0.507545 0.00177111
751 0.703735 0.504459 0.00177158
752 0.703735 0.507877 0.00210476
753 0.703735 0.508145 0.00203626
754 0.703735 0.50542 0.00182886
755 0.703735 0.504517 0.00208068
756 0.703735 0.506057 0.00183607
757 0.703735 0.505568 0.00184392
758 0.703735 0.508127 0.00170134
759 0.703735 0.502754 0.00215823
760 0.703735 0.50544 0.0018747
761 0.703735 0.505929 0.0017417
762 0.703735 0.506559 0.00196774
763 0.703735 0.504312 0.00183719
764 0.703735 0.505639 0.00187005
765 0.703735 0.505841 0.00187698
766 0.703735 0.503318 0.00178391
767 0.703735 0.505452 0.00166381
768 0.703735 0.500067 0.00200937
769 0.703735 0.500928 0.00203503
770 0.703735 0.500018 0.00167303
771 0.703735 0.507741 0.00180655
772 0.703735 0.509801 0.00212324
773 0.703735 0.506315 0.00204858
774 0.703735 0.505401 0.00193107
775 0.703735 0.50429 0.00179376
776 0.703735 0.506966 0.0017843
777 0.703735 0.50639 0.00186792
778 0.703735 0.501495 0.00190825
779 0.703735 0.507582 0.00208745
780 0.703735 0.50946 0.00181242
781 0.703735 0.502944 0.00187384
782 0.703735 0.511346 0.00219001
783 0.703735 0.507628 0.00169625
784 0.703735 0.504347 0.00181886
785 0.703735 0.502476 0.00194488
786 0.703735 0.505327 0.00192374
787 0.703735 0.506933 0.00176457
788 0.703735 0.505966 0.00160413
789 0.703735 0.508766 0.00172234
790 0.703735 0.500271 0.00235328
791 0.703735 0.510233 0.00184625
792 0.703735 0.504127 0.00174613
793 0.703735 0.509416 0.00196042
794 0.703735 0.506415 0.00188286
795 0.703735 0.506578 0.00169386
796 0.703735 0.509822 0.00186649
797 0.703735 0.504798 0.00189481
798 0.703735 0.510048 0.00166721
799 0.703735 0.507344 0.00171506
800 0.703735 0.506851 0.00188735
801 0.703735 0.504224 0.00177755
802 0.703735 0.508524 0.00198886
803 0.703735 0.505631 0.00171571
804 0.703735 0.507663 0.00156826
805 0.703735 0.507504 0.00175081
806 0.703735 0.508661 0.00158644
807 0.703735 0.506774 0.00194351
808 0.703735 0.506269 0.00185465
809 0.703735 0.505948 0.00186838
810 0.703735 0.505868 0.00175976
811 0.703735 0.505531 0.00190229
812 0.703735 0.504835 0.00197603
813 0.703735 0.507982 0.00197502
814 0.703735 0.506257 0.00168571
815 0.703735 0.50671 0.00166578
816 0.703735 0.502704 0.00173795
817 0.703735 0.500847 0.0022117
818 0.703735 0.504587 0.00162015
819 0.703735 0.502323 0.00199854
820 0.703735 0.504063 0.00223576
821 0.703735 0.510208 0.00193474
822 0.703735 0.50453 0.00198859
823 0.703735 0.506667 0.0021392
824 0.703735 0.505679 0.00200069
825 0.703735 0.504637 0.00176783
826 0.703735 0.501634 0.00190393
827 0.703735 0.503102 0.001993
828 0.703735 0.504808 0.00182673
829 0.703735 0.504754 0.00172364
830 0.703735 0.507431 0.00202628
831 0.703735 0.506855 0.0016912
832 0.703735 0.509682 0.00182023
833 0.703735 0.502831 0.00210801
834 0.703735 0.504344 0.00196913
835 0.703735 0.505282 0.00183391
836 0.703735 0.504873 0.00180876
837 0.703735 0.50592 0.00172282
838 0.703735 0.504471 0.00166411
839 0.703735 0.504104 0.0019288
840 0.703735 0.504901 0.00182341
841 0.703735 0.50706 0.00203199
842 0.703735 0.506304 0.00193623
843 0.703735 0.508286 0.00193603
844 0.703735 0.508478 0.00163527
845 0.703735 0.506465 0.00202763
846 0.703735 0.504696 0.00191372
847 0.703735 0.511164 0.00166909
848 0.703735 0.507936 0.00172188
849 0.703735 0.503258 0.00199226
850 0.703735 0.506936 0.00169102
851 0.703735 0.507823 0.00187193
852 0.703735 0.500966 0.00185417
853 0.703735 0.507167 0.00183875
854 0.703735 0.51118 0.00213822
855 0.703735 0.506459 0.00171375
856 0.703735 0.502642 0.00195238
857 0.703735 0.5049 0.00210664
858 0.703735 0.506193 0.00211935
859 0.703735 0.504998 0.00212468
860 0.703735 0.503454 0.00206063
861 0.703735 0.508896 0.00186812
862 0.703735 0.503674 0.00194111
863 0.703735 0.508277 0.00183194
864 0.703735 0.505813 0.00173201
865 0.703735 0.504143 0.00174184
866 0.703735 0.505086 0.00209951
867 0.703735 0.50545 0.00183837
868 0.703735 0.507536 0.00181091
869 0.703735 0.508782 0.00201551
870 0.703735 0.501335 0.00200088
871 0.703735 0.504259 0.00188665
872 0.703735 0.502786 0.00176123
873 0.703735 0.503294 0.00178377
874 0.703735 0.507104 0.00185289
875 0.703735 0.503154 0.00190248
876 0.703735 0.505759 0.00202271
877 0.703735 0.503658 0.00185533
878 0.703735 0.504707 0.00175329
879 0.703735 0.505056 0.00184334
880 0.703735 0.502625 0.00190857
881 0.703735 0.50411 0.00187701
882 0.703735 0.507767 0.00192979
883 0.703735 0.505831 0.00184268
884 0.703735 0.504795 0.00175952
885 0.703735 0.509904 0.00183494
886 0.703735 0.501134 0.00197577
887 0.703735 0.501177 0.00183981
888 0.703735 0.508473 0.00172513
889 0.703735 0.506828 0.00189869
890 0.703735 0.503942 0.00189539
891 0.703735 0.507185 0.00163855
892 0.703735 0.508074 0.00157447
893 0.703735 0.502017 0.00209082
894 0.703735 0.502264 0.00209145
895 0.703735 0.504868 0.00187744
896 0.703735 0.501051 0.00213363
897 0.703735 0.50219 0.00198234
898 0.703735 0.507632 0.0019802
899 0.703735 0.502829 0.00224463
900 0.703735 0.502922 0.00202681
901 0.703735 0.501286 0.00171232
902 0.703735 0.507333 0.00179585
903 0.703735 0.50603 0.00193216
904 0.703735 0.502304 0.00209493
905 0.703735 0.503327 0.00210972
906 0.703735 0.508155 0.00185381
907 0.703735 0.507676 0.0015615
908 0.703735 0.503382 0.00178526
909 0.703735 0.504164 0.00209607
910 0.703735 0.504445 0.00211946
911 0.703735 0.504308 0.00201523
912 0.703735 0.504437 0.00185528
913 0.703735 0.505048 0.00174796
914 0.703735 0.502328 0.00210386
915 0.703735 0.508284 0.00171387
916 0.703735 0.502032 0.001929
917 0.703735 0.506694 0.00184505
918 0.703735 0.508844 0.00177288
919 0.703735 0.508097 0.00193705
920 0.703735 0.501245 0.00190444
921 0.703735 0.510649 0.00185378
922 0.703735 0.505996 0.00168617
923 0.703735 0.506175 0.00174433
924 0.703735 0.500051 0.0021366
925 0.703735 0.50593 0.0017666
926 0.703735 0.507723 0.00178783
927 0.703735 0.505062 0.00169476
928 0.703735 0.503706 0.00216134
929 0.703735 0.50469 0.00191638
930 0.703735 0.502953 0.00179718
931 0.703735 0.506783 0.00188702
932 0.703735 0.503229 0.00180509
933 0.703735 0.508585 0.00175875
934 0.703735 0.50366 0.0017793
935 0.703735 0.503047 0.00194238
936 0.703735 0.504196 0.00182622
937 0.703735 0.505041 0.00174538
938 0.703735 0.504369 0.00189217
939 0.703735 0.505688 0.0018143
940 0.703735 0.506983 0.00173568
941 0.703735 0.50353 0.00194375
942 0.703735 0.507131 0.00208025
943 0.703735 0.506745 0.00169407
944 0.718536 0.506467 0.00243137
945 0.718536 0.504325 0.00203853
946 0.718536 0.5071 0.00203255
947 0.718536 0.506665 0.00201804
948 0.718536 0.505116 0.00191004
949 0.718536 0.502304 0.00188992
950 0.718536 0.504414 0.00195393
951 0.718536 0.505002 0.00195892
952 0.718536 0.504538 0.00201394
953 0.718536 0.505234 0.00219108
954 0.718536 0.503387 0.00227594
955 0.718536 0.508787 0.00221185
956 0.718536 0.503614 0.00204676
957 0.718536 0.504324 0.00224429
958 0.718536 0.503408 0.00219548
959 0.718536 0.507762 0.00191016
960 0.718536 0.504629 0.00230674
961 0.718536 0.505371 0.00216473
962 0.718536 0.505872 0.00184452
963 0.718536 0.506258 0.00207899
964 0.718536 0.503053 0.00187634
965 0.718536 0.506252 0.00196984
966 0.718536 0.509831 0.00210914
967 0.718536 0.501289 0.00224618
968 0.718536 0.505456 0.00229149
969 0.718536 0.506388 0.00199074
970 0.718536 0.506523 0.00217353
971 0.718536 0.507594 0.00230834
972 0.718536 0.511675 0.00229674
973 0.718536 0.509956 0.00217027
974 0.718536 0.501635 0.0021053
975 0.718536 0.504747 0.00209757
976 0.718536 0.509044 0.00206272
977 0.718536 0.509297 0.00213708
978 0.718536 0.504688 0.00230007
979 0.718536 0.504863 0.00223793
980 0.718536 0.504096 0.00231097
981 0.718536 0.505565 0.00236789
982 0.718536 0.509701 0.00235049
983 0.718536 0.505732 0.00227915
984 0.718536 0.502821 0.00232489
985 0.718536 0.506016 0.00224858
986 0.718536 0.508088 0.00205778
987 0.718536 0.50748 0.00200192
988 0.718536 0.50909 0.00222148
989 0.718536 0.505549 0.00212435
990 0.718536 0.508678 0.00209822
991 0.718536 0.510385 0.00214573
992 0.718536 0.508781 0.00220721
993 0.718536 0.513782 0.00206945
994 0.718536 0.507732 0.00206548
995 0.718536 0.508458 0.00198238
996 0.718536 0.509615 0.00191892
997 0.718536 0.504324 0.0022574
998 0.718536 0.509092 0.00224556
999 0.718536 0.506412 0.00201077
1000 0.718536 0.50522 0.0024586
1001 0.718536 0.50635 0.0023188
1002 0.718536 0.50474 0.00190546
1003 0.718536 0.50918 0.00204629
1004 0.718536 0.506576 0.00192727
1005 0.718536 0.507853 0.00218575
1006 0.718536 0.506276 0.00198157
1007 0.718536 0.508188 0.0019515
1008 0.718536 0.507638 0.00191254
1009 0.718536 0.507144 0.00206172
1010 0.718536 0.507189 0.0020799
1011 0.718536 0.50441 0.00219937
1012 0.718536 0.504536 0.00185345
1013 0.718536 0.510523 0.00178144
1014 0.718536 0.504548 0.00213014
1015 0.718536 0.507488 0.00212764
1016 0.718536 0.510782 0.00214602
1017 0.718536 0.505836 0.00196197
1018 0.718536 0.505734 0.00197709
1019 0.718536 0.506982 0.00200588
1020 0.718536 0.503489 0.00199921
1021 0.718536 0.50425 0.00201523
1022 0.718536 0.508133 0.00194999
1023 0.718536 0.504965 0.0019471
1024 0.718536 0.510544 0.00229092
1025 0.718536 0.507305 0.0018614
1026 0.718536 0.507578 0.00207905
1027 0.718536 0.507403 0.00233676
1028 0.718536 0.506513 0.00218384
1029 0.718536 0.505859 0.00216552
1030 0.718536 0.508492 0.00239999
1031 0.718536 0.507497 0.00225226
1032 0.718536 0.502711 0.0022233
1033 0.718536 0.504995 0.00218498
1034 0.718536 0.509636 0.00187943
1035 0.718536 0.504648 0.00237852
1036 0.718536 0.506524 0.00213156
1037 0.718536 0.505392 0.00214785
1038 0.718536 0.505688 0.00213841
1039 0.718536 0.503543 0.00222814
1040 0.718536 0.504516 0.00194111
1041 0.718536 0.506534 0.00209441
1042 0.718536 0.508374 0.00223656
1043 0.718536 0.504835 0.00217475
1044 0.718536 0.506995 0.00194936
1045 0.718536 0.507891 0.00199321
1046 0.718536 0.504573 0.00196767
1047 0.718536 0.504064 0.00197923
1048 0.718536 0.506333 0.00193484
1049 0.718536 0.511424 0.00202471
1050 0.718536 0.508211 0.0020376
1051 0.718536 0.506059 0.00200084
1052 0.718536 0.509406 0.00188677
1053 0.718536 0.504162 0.00195639
1054 0.718536 0.508632 0.00208054
1055 0.718536 0.503956 0.00223229
1056 0.718536 0.507797 0.00206083
1057 0.718536 0.503627 0.00190865
1058 0.718536 0.505515 0.00220148
1059 0.718536 0.50745 0.00218254
1060 0.718536 0.502366 0.00229404
1061 0.718536 0.508812 0.00205338
1062 0.718536 0.509249 0.00208108
1063 0.718536 0.504901 0.0024288
1064 0.718536 0.506926 0.00198724
1065 0.718536 0.508096 0.00202115
1066 0.718536 0.507618 0.00188397
1067 0.718536 0.510618 0.00202463
1068 0.718536 0.50474 0.0022733
1069 0.718536 0.507164 0.00230145
1070 0.718536 0.504933 0.00211371
1071 0.718536 0.506561 0.00232208
1072 0.718536 0.508176 0.00202798
1073 0.718536 0.508952 0.00225218
1074 0.718536 0.50607 0.00215581
1075 0.718536 0.507527 0.00229343
1076 0.718536 0.503857 0.00223763
1077 0.718536 0.507057 0.00218
1078 0.718536 0.505463 0.00198423
1079 0.718536 0.504636 0.00200263
1080 0.718536 0.50916 0.00180982
1081 0.718536 0.503635 0.00201288
1082 0.718536 0.510962 0.00223825
1083 0.718536 0.50475 0.00209905
1084 0.718536 0.504264 0.00202586
1085 0.718536 0.504587 0.00201374
1086 0.718536 0.508975 0.00179907
1087 0.718536 0.506966 0.0019103
1088 0.718536 0.505946 0.00223791
1089 0.718536 0.505217 0.00178205
1090 0.718536 0.506901 0.00196032
1091 0.718536 0.5076 0.00215656
1092 0.718536 0.507736 0.00188758
1093 0.718536 0.504399 0.00206675
1094 0.718536 0.505508 0.00209424
1095 0.718536 0.50379 0.00202099
1096 0.718536 0.505983 0.00215852
1097 0.718536 0.50651 0.00190716
1098 0.718536 0.506803 0.0021885
1099 0.718536 0.505641 0.00205069
1100 0.718536 0.509624 0.00201541
1101 0.718536 0.507757 0.00177437
1102 0.718536 0.508563 0.00197672
1103 0.718536 0.508533 0.0019767
1104 0.718536 0.509666 0.00180302
1105 0.718536 0.506261 0.00186553
1106 0.718536 0.503565 0.00214745
1107 0.718536 0.504108 0.00210765
1108 0.718536 0.503767 0.00194979
1109 0.718536 0.505624 0.00194204
1110 0.718536 0.50447 0.00213778
1111 0.718536 0.506421 0.00183651
1112 0.718536 0.505388 0.00185033
1113 0.718536 0.511939 0.00238553
1114 0.718536 0.506513 0.00229051
1115 0.718536 0.509166 0.00213309
1116 0.718536 0.50836 0.00205202
1117 0.718536 0.505693 0.0021322
1118 0.718536 0.511562 0.00209071
1119 0.718536 0.509926 0.00225937
1120 0.718536 0.509204 0.00207493
1121 0.718536 0.50662 0.00203279
1122 0.718536 0.506557 0.00220531
1123 0.718536 0.508608 0.0021999
1124 0.718536 0.506457 0.00217119
1125 0.718536 0.504636 0.00217105
1126 0.718536 0.5 0.00240425
1127 0.718536 0.505086 0.00243475
1128 0.718536 0.506193 0.00231619
1129 0.718536 0.508581 0.00227387
1130 0.718536 0.506891 0.00267359
1131 0.718536 0.510193 0.00221001
1132 0.718536 0.505621 0.00219518
1133 0.718536 0.511443 0.00230122
1134 0.718536 0.504904 0.00212042
1135 0.718536 0.509872 0.00207933
1136 0.718536 0.507977 0.00204128
1137 0.718536 0.505912 0.00224606
1138 0.718536 0.502586 0.00239196
1139 0.718536 0.502449 0.00242817
1140 0.718536 0.505961 0.00242897
1141 0.718536 0.505965 0.00202885
1142 0.718536 0.505781 0.00228643
1143 0.718536 0.505297 0.00216568
1144 0.718536 0.505161 0.00234088
1145 0.718536 0.505844 0.00240804
1146 0.718536 0.506988 0.0021249
1147 0.718536 0.508424 0.00202713
1148 0.718536 0.505399 0.00229256
1149 0.718536 0.501791 0.0022491
1150 0.718536 0.506509 0.00224801
1151 0.718536 0.508159 0.00225025
1152 0.718536 0.507811 0.0020205
1153 0.718536 0.504917 0.0022049
1154 0.718536 0.50493 0.00223105
1155 0.718536 0.507167 0.00220488
1156 0.718536 0.508189 0.00201374
1157 0.718536 0.504753 0.0022393
1158 0.718536 0.505697 0.00228592
1159 0.718536 0.508083 0.00198182
1160 0.718536 0.511262 0.00256557
1161 0.718536 0.507674 0.00200031
1162 0.718536 0.506011 0.00215986
1163 0.718536 0.503899 0.00267073
1164 0.718536 0.503084 0.00256883
1165 0.718536 0.508435 0.00220485
1166 0.718536 0.50251 0.00228491
1167 0.718536 0.501231 0.00281919
1168 0.718536 0.503145 0.00219899
1169 0.718536 0.510492 0.00219513
1170 0.718536 0.503408 0.00216933
1171 0.718536 0.506478 0.00229354
1172 0.718536 0.504026 0.00217859
1173 0.718536 0.507719 0.00236066
1174 0.718536 0.507139 0.0021324
1175 0.718536 0.504927 0.00206533
1176 0.718536 0.505187 0.00218179
1177 0.718536 0.508445 0.00222524
1178 0.718536 0.508992 0.00221671
1179 0.718536 0.507976 0.00213938
1180 0.718536 0.507555 0.00220872
1181 0.718536 0.504942 0.00248245
1182 0.718536 0.505499 0.00229656
1183 0.718536 0.503252 0.0020145
1184 0.718536 0.506711 0.00249767
1185 0.718536 0.504618 0.00231857
1186 0.718536 0.509038 0.00215007
1187 0.718536 0.502723 0.00225505
1188 0.718536 0.505294 0.00207542
1189 0.718536 0.505289 0.00219741
1190 0.718536 0.508482 0.00208679
1191 0.718536 0.508193 0.00195676
1192 0.718536 0.511657 0.00214621
1193 0.718536 0.504225 0.00209155
1194 0.718536 0.507234 0.00218886
1195 0.718536 0.504681 0.002246
1196 0.718536 0.501863 0.00219931
1197 0.718536 0.507053 0.00215552
1198 0.718536 0.505984 0.00214928
1199 0.718536 0.509135 0.00209236
1200 0.718536 0.506869 0.00201975
1201 0.718536 0.505694 0.0018341
1202 0.718536 0.506115 0.00210111
1203 0.718536 0.50437 0.00176645
1204 0.718536 0.505728 0.0019747
1205 0.718536 0.505302 0.00201503
1206 0.718536 0.506662 0.00208304
1207 0.718536 0.502364 0.00222338
1208 0.718536 0.504112 0.00216109
1209 0.718536 0.503195 0.00288547
1210 0.718536 0.504218 0.00230743
1211 0.718536 0.510642 0.00208414
1212 0.718536 0.510122 0.00221447
1213 0.718536 0.506126 0.00221101
1214 0.718536 0.50288 0.00202686
1215 0.718536 0.506419 0.00212617
1216 0.718536 0.511196 0.00240423
1217 0.718536 0.510721 0.00228645
1218 0.718536 0.508764 0.00201232
1219 0.718536 0.509226 0.00205014
1220 0.718536 0.504469 0.00216956
1221 0.718536 0.505681 0.00204045
1222 0.718536 0.505775 0.00208713
1223 0.718536 0.506159 0.00202099
1224 0.718536 0.502877 0.00252468
1225 0.718536 0.50947 0.00210127
1226 0.718536 0.506854 0.00199839
1227 0.718536 0.50935 0.00206195
1228 0.718536 0.506713 0.00224676
1229 0.718536 0.508236 0.00178141
1230 0.718536 0.508278 0.00217911
1231 0.718536 0.507302 0.00197676
1232 0.718536 0.505304 0.00214504
1233 0.718536 0.507232 0.00199042
1234 0.718536 0.504499 0.00197802
1235 0.718536 0.508587 0.00188349
1236 0.718536 0.507643 0.00190564
1237 0.718536 0.503034 0.00221137
1238 0.718536 0.505696 0.00204794
1239 0.718536 0.506032 0.00223745
1240 0.718536 0.503919 0.00224813
1241 0.718536 0.507855 0.0022358
1242 0.718536 0.503563 0.00235237
1243 0.718536 0.505063 0.0021204
1244 0.718536 0.504948 0.00229698
1245 0.718536 0.508979 0.00216939
1246 0.718536 0.502648 0.00199447
1247 0.718536 0.508506 0.00182871
1248 0.718536 0.501664 0.00208809
1249 0.718536 0.506663 0.00235255
1250 0.718536 0.503184 0.00198007
1251 0.718536 0.509225 0.00220288
1252 0.718536 0.509994 0.00201594
1253 0.718536 0.507277 0.00218388
1254 0.718536 0.511059 0.00231285
1255 0.718536 0.505212 0.00211239
1256 0.718536 0.503539 0.00193669
1257 0.718536 0.506204 0.00206834
1258 0.718536 0.506981 0.00242011
1259 0.718536 0.507681 0.00201581
1260 0.718536 0.509398 0.00206142
1261 0.718536 0.503321 0.00207265
1262 0.718536 0.508714 0.0023979
1263 0.718536 0.506611 0.00228717
1264 0.718536 0.508413 0.00212104
1265 0.718536 0.503695 0.00212087
1266 0.718536 0.507845 0.00214248
1267 0.718536 0.504261 0.00210521
1268 0.718536 0.505968 0.00196705
1269 0.718536 0.503027 0.00242849
1270 0.718536 0.507501 0.00200252
1271 0.718536 0.5085 0.00247935
1272 0.718536 0.509794 0.00220299
1273 0.718536 0.507385 0.00234816
1274 0.718536 0.509461 0.00193704
1275 0.718536 0.50229 0.00200325
1276 0.718536 0.511118 0.00208743
1277 0.718536 0.508793 0.00208331
1278 0.718536 0.509696 0.00212537
1279 0.718536 0.507006 0.00229927
1280 0.718536 0.505347 0.00204851
1281 0.718536 0.503886 0.00212688
1282 0.718536 0.509749 0.00197912
1283 0.718536 0.506229 0.00201853
1284 0.718536 0.509309 0.00213792
1285 0.718536 0.507445 0.00218158
1286 0.718536 0.50498 0.00210179
1287 0.718536 0.50526 0.00207625
1288 0.718536 0.503035 0.00213707
1289 0.718536 0.509905 0.0022083
1290 0.718536 0.505062 0.00200319
1291 0.718536 0.504263 0.00212001
1292 0.718536 0.506756 0.00218635
1293 0.718536 0.504654 0.00220205
1294 0.718536 0.507964 0.00201746
1295 0.718536 0.508209 0.00184116
1296 0.718536 0.504129 0.00192293
1297 0.718536 0.509333 0.0019027
1298 0.718536 0.502562 0.00212606
1299 0.718536 0.504407 0.00215993
1300 0.718536 0.501576 0.00213587
1301 0.718536 0.506363 0.00230105
1302 0.718536 0.504587 0.00206823
1303 0.718536 0.506075 0.00187602
1304 0.718536 0.510745 0.00204908
1305 0.718536 0.504169 0.00203755
1306 0.718536 0.507432 0.00198859
1307 0.718536 0.511086 0.00223898
1308 0.718536 0.505402 0.00199587
1309 0.718536 0.50918 0.00191328
1310 0.718536 0.505971 0.00199057
1311 0.718536 0.510138 0.00193548
1312 0.718536 0.506714 0.00206643
1313 0.718536 0.506702 0.00198418
1314 0.718536 0.505964 0.00205602
1315 0.718536 0.508617 0.00211866
1316 0.718536 0.501251 0.0021399
1317 0.718536 0.507816 0.00200961
1318 0.718536 0.505547 0.0021113
1319 0.718536 0.503973 0.00212128
1320 0.718536 0.503514 0.00219268
1321 0.718536 0.502236 0.0023693
1322 0.718536 0.506334 0.00217102
1323 0.718536 0.50284 0.00209214
1324 0.718536 0.50705 0.00195961
1325 0.718536 0.508177 0.0019969
1326 0.718536 0.506721 0.00219933
1327 0.718536 0.506495 0.00204637
1328 0.718536 0.509042 0.00203682
1329 0.718536 0.504696 0.00216016
1330 0.718536 0.506633 0.00206583
1331 0.718536 0.507 0.00196568
1332 0.718536 0.510909 0.00229123
1333 0.718536 0.504985 0.0019258
1334 0.718536 0.506388 0.0021254
1335 0.718536 0.505845 0.00220732
1336 0.718536 0.503725 0.00213608
1337 0.718536 0.506033 0.00218016
1338 0.718536 0.50637 0.00201187
1339 0.718536 0.505297 0.00228333
1340 0.718536 0.504466 0.00235443
1341 0.718536 0.503716 0.00226658
1342 0.718536 0.504922 0.00228939
1343 0.718536 0.50621 0.00205192
1344 0.718536 0.505031 0.00209438
1345 0.718536 0.502611 0.0020358
1346 0.718536 0.506435 0.00213716
1347 0.718536 0.505595 0.00227784
1348 0.718536 0.503574 0.00228763
1349 0.718536 0.508775 0.00213722
1350 0.718536 0.509368 0.00218957
1351 0.718536 0.507153 0.00201898
1352 0.718536 0.507613 0.00216784
1353 0.718536 0.509954 0.00205609
1354 0.718536 0.503887 0.00194773
1355 0.718536 0.507695 0.0022095
1356 0.718536 0.506545 0.0022063
1357 0.718536 0.502068 0.00222521
1358 0.718536 0.511275 0.0021383
1359 0.718536 0.509022 0.00229975
1360 0.718536 0.504697 0.00192737
1361 0.718536 0.502442 0.00220084
1362 0.718536 0.50323 0.00219012
1363 0.718536 0.505508 0.00213842
1364 0.718536 0.509251 0.00225951
1365 0.718536 0.505988 0.00191287
1366 0.718536 0.508521 0.00216555
1367 0.718536 0.51036 0.00197141
1368 0.718536 0.50327 0.00203108
1369 0.718536 0.509331 0.00201326
1370 0.718536 0.506704 0.00211659
1371 0.718536 0.505242 0.00199256
1372 0.718536 0.505309 0.00209808
1373 0.718536 0.503119 0.00216639
1374 0.718536 0.505451 0.00198393
1375 0.718536 0.509138 0.00209159
1376 0.718536 0.505437 0.00220811
1377 0.718536 0.504302 0.00206832
1378 0.718536 0.502133 0.0021765
1379 0.718536 0.509585 0.00209107
1380 0.718536 0.505678 0.00198927
1381 0.718536 0.505292 0.0021325
1382 0.718536 0.507661 0.00193113
1383 0.718536 0.504833 0.00227036
1384 0.718536 0.508711 0.00185514
1385 0.718536 0.508024 0.00202686
1386 0.718536 0.50574 0.00212231
1387 0.718536 0.50549 0.00191655
1388 0.718536 0.506291 0.0019647
1389 0.718536 0.507147 0.00206296
1390 0.718536 0.512568 0.00217344
1391 0.718536 0.509474 0.00221264
1392 0.718536 0.509324 0.00188276
1393 0.718536 0.506328 0.00267581
1394 0.718536 0.507213 0.00190949
1395 0.718536 0.503398 0.00232635
1396 0.718536 0.506795 0.00184812
1397 0.718536 0.502599 0.00216336
1398 0.718536 0.504066 0.00209056
1399 0.718536 0.50317 0.00217472
1400 0.718536 0.506466 0.00191274
1401 0.718536 0.508059 0.00204117
1402 0.718536 0.504434 0.002356
1403 0.718536 0.504551 0.0021125
1404 0.718536 0.508265 0.00199517
1405 0.718536 0.508141 0.00207561
1406 0.718536 0.505812 0.00216874
1407 0.718536 0.501689 0.00203724
1408 0.718536 0.501871 0.00205651
1409 0.718536 0.506233 0.00205616
1410 0.718536 0.504553 0.00191752
1411 0.718536 0.504837 0.00210357
1412 0.718536 0.509017 0.00225613
1413 0.718536 0.510453 0.00243928
1414 0.718536 0.507055 0.00230385
1415 0.718536 0.507642 0.00212928
1416 0.718536 0.508949 0.00194766
1417 0.718536 0.505282 0.00220008
1418 0.718536 0.505952 0.00192994
1419 0.718536 0.502957 0.00205346
1420 0.718536 0.506441 0.00204368
1421 0.718536 0.505403 0.002249
1422 0.718536 0.502773 0.00252622
1423 0.718536 0.506795 0.00259965
1424 0.718536 0.506401 0.00201079
1425 0.718536 0.503708 0.00194122
1426 0.718536 0.507951 0.00199558
1427 0.718536 0.504085 0.00207436
1428 0.718536 0.503834 0.00199147
1429 0.718536 0.50271 0.00230036
1430 0.718536 0.506583 0.00226741
1431 0.718536 0.50087 0.00230759
1432 0.718536 0.506315 0.00202166
1433 0.718536 0.503293 0.00205576
1434 0.718536 0.50624 0.00208287
1435 0.718536 0.509967 0.0020813
1436 0.718536 0.50408 0.00226727
1437 0.718536 0.506244 0.00193605
1438 0.718536 0.503901 0.00243744
1439 0.718536 0.50776 0.00231123
1440 0.718536 0.50411 0.00206711
1441 0.718536 0.503035 0.00196144
1442 0.718536 0.505703 0.00189357
1443 0.718536 0.510998 0.00219512
1444 0.718536 0.505469 0.00210741
1445 0.718536 0.508479 0.00215776
1446 0.718536 0.502997 0.00226225
1447 0.718536 0.50782 0.00204117
1448 0.718536 0.505122 0.00235357
1449 0.718536 0.505993 0.00193336
1450 0.718536 0.509444 0.00212463
1451 0.718536 0.502452 0.00230675
1452 0.718536 0.502262 0.0022491
1453 0.718536 0.508129 0.00242376
1454 0.718536 0.506795 0.00232915
1455 0.718536 0.506301 0.00224306
1456 0.718536 0.511748 0.00203698
1457 0.718536 0.505258 0.001992
1458 0.718536 0.507017 0.00210974
1459 0.718536 0.504264 0.00201974
1460 0.718536 0.505765 0.00190222
1461 0.718536 0.507279 0.00189737
1462 0.718536 0.504711 0.00205171
1463 0.718536 0.506744 0.00228764
1464 0.718536 0.506595 0.00225827
1465 0.718536 0.500852 0.00236472
1466 0.718536 0.507228 0.00232479
1467 0.718536 0.506974 0.0019423
1468 0.718536 0.508245 0.00214306
1469 0.718536 0.509075 0.00232573
1470 0.718536 0.506298 0.00210381
1471 0.718536 0.510299 0.00188597
1472 0.718536 0.505907 0.00237284
1473 0.718536 0.502332 0.00214032
1474 0.718536 0.50426 0.00196031
1475 0.718536 0.50255 0.00218019
1476 0.718536 0.506794 0.00190421
1477 0.718536 0.50437 0.0020431
1478 0.718536 0.50282 0.00239278
1479 0.718536 0.503068 0.00210436
1480 0.718536 0.508788 0.00252911
1481 0.718536 0.505252 0.00215198
1482 0.718536 0.510454 0.00196803
1483 0.718536 0.503804 0.00208536
1484 0.718536 0.510902 0.00203647
1485 0.718536 0.507668 0.00199738
1486 0.718536 0.504472 0.00181076
1487 0.718536 0.504539 0.00185246
1488 0.718536 0.505483 0.00202238
1489 0.718536 0.500987 0.00237442
1490 0.718536 0.51045 0.00216363
1491 0.718536 0.508705 0.0019823
1492 0.718536 0.503749 0.00202236
1493 0.718536 0.505239 0.00213071
1494 0.718536 0.505601 0.00214669
1495 0.718536 0.502415 0.00206205
1496 0.718536 0.509292 0.00219628
1497 0.718536 0.507863 0.00252844
1498 0.718536 0.510138 0.00209492
1499 0.718536 0.512745 0.0020088
1500 0.718536 0.503218 0.00222931
1501 0.718536 0.506403 0.00202171
1502 0.718536 0.509764 0.00206649
1503 0.718536 0.512063 0.00209359
1504 0.718536 0.503305 0.00218766
1505 0.718536 0.507262 0.00214708
1506 0.718536 0.504092 0.00211884
1507 0.718536 0.507882 0.00205389
1508 0.718536 0.503295 0.00223096
1509 0.718536 0.511174 0.00225399
1510 0.718536 0.506877 0.00199014
1511 0.718536 0.507616 0.0022015
1512 0.718536 0.507679 0.00198493
1513 0.718536 0.506831 0.00191099
1514 0.718536 0.506788 0.00208885
1515 0.718536 0.505391 0.00223502
1516 0.718536 0.504276 0.00258116
1517 0.718536 0.504122 0.00188025
1518 0.718536 0.50674 0.0019829
1519 0.718536 0.509626 0.00239657
1520 0.718536 0.505133 0.00201394
1521 0.718536 0.507021 0.00225335
1522 0.718536 0.505984 0.00210332
1523 0.718536 0.508506 0.00206483
1524 0.718536 0.506372 0.00202885
1525 0.718536 0.501709 0.00227693
1526 0.718536 0.505358 0.00216328
1527 0.718536 0.503786 0.00209389
1528 0.718536 0.506149 0.00227372
1529 0.718536 0.509322 0.00212003
1530 0.718536 0.505498 0.00221611
1531 0.718536 0.50273 0.00220276
1532 0.718536 0.506682 0.00192936
1533 0.718536 0.508544 0.00204348
1534 0.718536 0.507046 0.00207592
1535 0.718536 0.507183 0.00212886
1536 0.718536 0.509418 0.00207717
1537 0.718536 0.50715 0.00209537
1538 0.718536 0.510445 0.00198787
1539 0.718536 0.509403 0.00217949
1540 0.718536 0.509567 0.00205272
1541 0.718536 0.507864 0.00212498
1542 0.718536 0.506699 0.00215792
1543 0.718536 0.508563 0.0018967
1544 0.718536 0.501769 0.0021501
1545 0.718536 0.505773 0.00233794
1546 0.718536 0.504 0.00198809
1547 0.718536 0.507828 0.00182783
1548 0.718536 0.505818 0.00185089
1549 0.718536 0.509263 0.00193281
1550 0.718536 0.507429 0.00197341
1551 0.718536 0.503557 0.00199099
1552 0.718536 0.504768 0.00206566
1553 0.718536 0.507218 0.00210323
1554 0.718536 0.508867 0.00205036
1555 0.718536 0.505972 0.00227873
1556 0.718536 0.505604 0.00202526
1557 0.718536 0.501741 0.00221877
1558 0.718536 0.502657 0.00211289
1559 0.718536 0.503588 0.00230573
1560 0.718536 0.505709 0.00206663
1561 0.718536 0.508828 0.00199591
1562 0.718536 0.505332 0.00203181
1563 0.718536 0.50699 0.00197234
1564 0.718536 0.504668 0.00234518
1565 0.718536 0.50815 0.00212227
1566 0.718536 0.510342 0.00183727
1567 0.718536 0.50835 0.00183171
1568 0.718536 0.504974 0.002017
1569 0.718536 0.508871 0.00201176
1570 0.718536 0.511008 0.00209689
1571 0.718536 0.508097 0.00202254
1572 0.718536 0.504094 0.00208858
1573 0.718536 0.504151 0.00188235
1574 0.718536 0.505462 0.00187947
1575 0.718536 0.508036 0.00203016
1576 0.718536 0.507095 0.00201008
1577 0.718536 0.506961 0.0020722
1578 0.718536 0.506316 0.0021558
1579 0.718536 0.502132 0.00218807
1580 0.718536 0.501109 0.00217854
1581 0.718536 0.502741 0.00224882
1582 0.718536 0.505141 0.00242172
1583 0.718536 0.506918 0.00202622
1584 0.718536 0.501387 0.00238042
1585 0.718536 0.499476 0.00212384
1586 0.718536 0.504115 0.00206204
1587 0.718536 0.509096 0.00212133
1588 0.718536 0.505008 0.00229918
1589 0.718536 0.502704 0.00201898
1590 0.718536 0.507205 0.00219482
1591 0.718536 0.507772 0.00200516
1592 0.718536 0.504008 0.00210786
1593 0.718536 0.505871 0.00227387
1594 0.718536 0.506749 0.00200108
1595 0.718536 0.507291 0.00211544
1596 0.718536 0.507847 0.00252536
1597 0.718536 0.502831 0.00236348
1598 0.718536 0.505801 0.0022743
1599 0.718536 0.508798 0.00223759
1600 0.718536 0.504965 0.00236113
1601 0.718536 0.501682 0.00237738
1602 0.718536 0.503633 0.00208297
1603 0.718536 0.504624 0.00211331
1604 0.718536 0.50467 0.00218626
1605 0.718536 0.504472 0.00196426
1606 0.718536 0.512738 0.0021541
1607 0.718536 0.506281 0.00213256
1608 0.718536 0.511141 0.00204492
1609 0.718536 0.505118 0.00210188
1610 0.718536 0.506821 0.00198318
1611 0.718536 0.508163 0.0018875
1612 0.718536 0.510289 0.00209505
1613 0.718536 0.507796 0.00203718
1614 0.718536 0.504331 0.00206183
1615 0.718536 0.503715 0.00210432
1616 0.718536 0.506267 0.00227711
1617 0.718536 0.507385 0.00225312
1618 0.718536 0.506379 0.00221405
1619 0.718536 0.507066 0.00251863
1620 0.718536 0.503666 0.00220798
1621 0.718536 0.506249 0.0024708
1622 0.718536 0.507055 0.002083
1623 0.718536 0.507512 0.0018158
1624 0.718536 0.508094 0.00211665
1625 0.718536 0.502832 0.0022294
1626 0.718536 0.50649 0.00202079
1627 0.718536 0.507538 0.00218147
1628 0.718536 0.506734 0.00219903
1629 0.718536 0.506737 0.00208532
1630 0.718536 0.508639 0.00223454
1631 0.718536 0.507551 0.00225363
1632 0.718536 0.505344 0.00232117
1633 0.718536 0.504973 0.0019705
1634 0.718536 0.501345 0.00249244
1635 0.718536 0.509487 0.00214473
1636 0.718536 0.505719 0.00231152
1637 0.718536 0.507205 0.00211885
1638 0.718536 0.503205 0.0020439
1639 0.718536 0.502903 0.00200343
1640 0.718536 0.506178 0.00212074
1641 0.718536 0.506363 0.00237519
1642 0.718536 0.505549 0.00217385
1643 0.718536 0.509647 0.00215906
1644 0.718536 0.503906 0.00206973
1645 0.718536 0.507232 0.0022391
1646 0.718536 0.507523 0.00218585
1647 0.718536 0.507219 0.00199573
1648 0.718536 0.503427 0.00224095
1649 0.718536 0.506392 0.001948
1650 0.718536 0.5037 0.00215952
1651 0.718536 0.504138 0.00250569
1652 0.718536 0.503986 0.00222181
1653 0.718536 0.5076 0.00232244
1654 0.718536 0.508451 0.0023422
1655 0.718536 0.508056 0.0023523
1656 0.718536 0.503123 0.00204517
1657 0.718536 0.501227 0.00247035
1658 0.718536 0.505156 0.00220472
1659 0.718536 0.504699 0.00209807
1660 0.718536 0.510066 0.00211127
1661 0.718536 0.504569 0.00246516
1662 0.718536 0.505769 0.00197367
1663 0.718536 0.505756 0.00211312
1664 0.718536 0.507078 0.00210603
1665 0.718536 0.505002 0.00201023
1666 0.718536 0.511344 0.00194248
1667 0.718536 0.510222 0.00203899
1668 0.718536 0.507312 0.00189595
1669 0.718536 0.506553 0.00201294
1670 0.718536 0.506675 0.0020793
1671 0.718536 0.510532 0.00187025
1672 0.718536 0.506445 0.00208704
1673 0.718536 0.507532 0.00189806
1674 0.718536 0.509316 0.0022721
1675 0.718536 0.504453 0.00195185
1676 0.718536 0.508506 0.00205266
1677 0.718536 0.505878 0.00213627
1678 0.718536 0.504725 0.00203611
1679 0.718536 0.505242 0.00193875
1680 0.718536 0.501822 0.00219186
1681 0.718536 0.509114 0.00201149
1682 0.718536 0.505116 0.0018959
1683 0.718536 0.508005 0.0021393
1684 0.718536 0.50978 0.00208101
1685 0.718536 0.504609 0.00230637
1686 0.718536 0.506485 0.00230162
1687 0.718536 0.504001 0.0025446
1688 0.718536 0.50845 0.00228551
1689 0.718536 0.506104 0.00190857
1690 0.718536 0.506458 0.00194682
1691 0.718536 0.508843 0.002057
1692 0.718536 0.507982 0.00195015
1693 0.718536 0.507965 0.00233253
1694 0.718536 0.507555 0.00193646
1695 0.718536 0.506098 0.00211681
1696 0.718536 0.505596 0.00209649
1697 0.718536 0.506175 0.002152
1698 0.718536 0.504174 0.00221766
1699 0.718536 0.509073 0.00209021
1700 0.718536 0.506886 0.00232349
1701 0.718536 0.50941 0.00223014
1702 0.718536 0.506177 0.00221678
1703 0.718536 0.507989 0.00195546
1704 0.718536 0.504858 0.00214515
1705 0.718536 0.507309 0.00206792
1706 0.718536 0.512452 0.00247214
1707 0.718536 0.504949 0.00207883
1708 0.718536 0.507889 0.00200226
1709 0.718536 0.505759 0.00199247
1710 0.718536 0.50276 0.00241175
1711 0.718536 0.506366 0.00230044
1712 0.718536 0.509469 0.00205656
1713 0.718536 0.504822 0.00208842
1714 0.718536 0.505777 0.00225564
1715 0.718536 0.504602 0.00216058
1716 0.718536 0.505617 0.00204538
1717 0.718536 0.503129 0.00223937
1718 0.718536 0.510923 0.00202444
1719 0.718536 0.50747 0.0020115
1720 0.718536 0.507989 0.00221734
1721 0.718536 0.505511 0.00222787
1722 0.718536 0.505993 0.0022976
1723 0.718536 0.507072 0.00217426
1724 0.718536 0.501855 0.00253072
1725 0.718536 0.503422 0.00235564
1726 0.718536 0.505725 0.00210167
1727 0.718536 0.505555 0.00193809
1728 0.718536 0.503312 0.00211941
1729 0.718536 0.507265 0.00202519
1730 0.718536 0.506544 0.00223434
1731 0.718536 0.502756 0.00188477
1732 0.718536 0.50426 0.00210711
1733 0.718536 0.506381 0.00206981
1734 0.718536 0.504369 0.00206048
1735 0.718536 0.50262 0.00208495
1736 0.718536 0.507578 0.00217614
1737 0.718536 0.500907 0.00222783
1738 0.718536 0.502838 0.00232027
1739 0.718536 0.506592 0.00208983
1740 0.718536 0.506055 0.00242303
1741 0.718536 0.506092 0.00208127
1742 0.718536 0.507013 0.00198636
1743 0.718536 0.508483 0.00204543
1744 0.718536 0.506183 0.00204691
1745 0.718536 0.509456 0.00192561
1746 0.718536 0.508769 0.00236069
1747 0.718536 0.506069 0.0024112
1748 0.718536 0.507976 0.00211669
1749 0.718536 0.509045 0.00223555
1750 0.718536 0.508188 0.00202807
1751 0.718536 0.510185 0.00205397
1752 0.718536 0.508328 0.00209438
1753 0.718536 0.508965 0.00186029
1754 0.718536 0.506404 0.00209334
1755 0.718536 0.509418 0.00189269
1756 0.718536 0.508559 0.00200888
1757 0.718536 0.506281 0.00199507
1758 0.718536 0.50677 0.00190909
1759 0.718536 0.502314 0.00199257
1760 0.718536 0.50738 0.00212612
1761 0.718536 0.501674 0.00214036
1762 0.718536 0.505362 0.00212831
1763 0.718536 0.505739 0.00197912
1764 0.718536 0.50299 0.00212242
1765 0.718536 0.504773 0.00218031
1766 0.718536 0.505156 0.00191924
1767 0.718536 0.501608 0.00279078
1768 0.718536 0.504226 0.00212796
1769 0.718536 0.502051 0.00219064
1770 0.718536 0.506067 0.00188725
1771 0.718536 0.50626 0.00187171
1772 0.718536 0.508896 0.00224491
1773 0.718536 0.512104 0.00212965
1774 0.718536 0.506755 0.00234562
1775 0.718536 0.510958 0.00218256
1776 0.718536 0.508726 0.00193458
1777 0.718536 0.503284 0.00197834
1778 0.718536 0.505637 0.00211477
1779 0.718536 0.511728 0.00222658
1780 0.718536 0.507368 0.00224164
1781 0.718536 0.512295 0.00204515
1782 0.718536 0.507115 0.00209067
1783 0.718536 0.506592 0.00190491
1784 0.718536 0.507011 0.00218553
1785 0.718536 0.507484 0.00202251
1786 0.718536 0.505268 0.0022339
1787 0.718536 0.505567 0.00196054
1788 0.718536 0.506768 0.00198476
1789 0.718536 0.507095 0.0017969
1790 0.718536 0.509736 0.0020271
1791 0.718536 0.506352 0.00190749
1792 0.718536 0.509321 0.00208433
1793 0.718536 0.507706 0.00193508
1794 0.718536 0.506351 0.00197069
1795 0.718536 0.507753 0.00221165
1796 0.718536 0.504957 0.00202031
1797 0.718536 0.507524 0.00239086
1798 0.718536 0.507794 0.00195948
1799 0.718536 0.510517 0.00186362
1800 0.718536 0.50964 0.0018465
1801 0.718536 0.507684 0.00192938
1802 0.718536 0.504256 0.00206934
1803 0.718536 0.505913 0.00192209
1804 0.718536 0.508597 0.00189346
1805 0.718536 0.50432 0.0020714
1806 0.718536 0.510015 0.00210202
1807 0.718536 0.507633 0.00203281
1808 0.718536 0.505285 0.00207255
1809 0.718536 0.506106 0.00207938
1810 0.718536 0.505085 0.00201328
1811 0.718536 0.50796 0.00206294
1812 0.718536 0.507499 0.00227064
1813 0.718536 0.507656 0.00211827
1814 0.718536 0.510989 0.00205026
1815 0.718536 0.505176 0.00224323
1816 0.718536 0.502796 0.00215094
1817 0.718536 0.508329 0.00228071
1818 0.718536 0.505607 0.00219499
1819 0.718536 0.504765 0.00213318
1820 0.718536 0.506537 0.0018149
1821 0.718536 0.508688 0.00178337
1822 0.718536 0.509497 0.00206058
1823 0.718536 0.504717 0.00190115
1824 0.718536 0.506481 0.00189652
1825 0.718536 0.506505 0.001889
1826 0.718536 0.507029 0.00200568
1827 0.718536 0.506892 0.00205301
1828 0.718536 0.50673 0.00187777
1829 0.718536 0.503708 0.00214191
1830 0.718536 0.50693 0.001921
1831 0.718536 0.509279 0.00192767
1832 0.718536 0.504821 0.00183461
1833 0.718536 0.50646 0.00195412
1834 0.718536 0.508176 0.00176456
1835 0.718536 0.506044 0.00190813
1836 0.718536 0.506679 0.00174515
1837 0.718536 0.505491 0.00202169
1838 0.718536 0.505876 0.00215364
1839 0.718536 0.509481 0.00185212
1840 0.718536 0.502466 0.00239195
1841 0.718536 0.504879 0.00194796
1842 0.718536 0.5042 0.00204078
1843 0.718536 0.505256 0.00216895
1844 0.718536 0.505725 0.00206463
1845 0.718536 0.509127 0.00202996
1846 0.718536 0.502219 0.00200157
1847 0.718536 0.51143 0.00211244
1848 0.718536 0.509439 0.00217376
1849 0.718536 0.508702 0.00212051
1850 0.718536 0.509056 0.00204261
1851 0.718536 0.510172 0.00189079
1852 0.718536 0.513167 0.00202154
1853 0.718536 0.511083 0.00198438
1854 0.718536 0.510782 0.0021044
1855 0.718536 0.507291 0.00187075
1856 0.718536 0.507043 0.00174803
1857 0.718536 0.508636 0.0018445
1858 0.718536 0.506631 0.00195291
1859 0.718536 0.505293 0.00222463
1860 0.718536 0.511406 0.00201157
1861 0.718536 0.50749 0.00181835
1862 0.718536 0.511089 0.00183532
1863 0.718536 0.506112 0.00216258
1864 0.718536 0.502237 0.0020692
1865 0.718536 0.507542 0.00190174
1866 0.718536 0.503665 0.00185022
1867 0.718536 0.505651 0.00188196
1868 0.718536 0.503997 0.00203554
1869 0.718536 0.504901 0.00194335
1870 0.718536 0.50666 0.00206602
1871 0.718536 0.506928 0.00202438
1872 0.718536 0.508896 0.00196531
1873 0.718536 0.506185 0.00221397
1874 0.718536 0.507317 0.00200033
1875 0.718536 0.50517 0.00198529
1876 0.718536 0.506472 0.0019036
1877 0.718536 0.506339 0.00194361
1878 0.718536 0.509323 0.00194847
1879 0.718536 0.506609 0.00190487
1880 0.718536 0.506802 0.00188402
1881 0.718536 0.50481 0.00204359
1882 0.718536 0.507737 0.00190944
1883 0.718536 0.508137 0.00192723
1884 0.718536 0.510876 0.0019931
1885 0.718536 0.507509 0.0018625
1886 0.718536 0.509 0.00183058
1887 0.718536 0.507823 0.00227887
1888 0.718536 0.506922 0.0019027
1889 0.718536 0.504287 0.00204367
1890 0.718536 0.506402 0.00203022
1891 0.718536 0.508994 0.00191356
1892 0.718536 0.51007 0.00201116
1893 0.718536 0.503966 0.00220811
1894 0.718536 0.5075 0.00208875
1895 0.718536 0.507123 0.00220014
1896 0.718536 0.50575 0.00218815
1897 0.718536 0.505266 0.00198
1898 0.718536 0.505138 0.00213045
1899 0.718536 0.506348 0.00212046
1900 0.718536 0.505095 0.00197997
1901 0.718536 0.509758 0.00181685
1902 0.718536 0.507963 0.0018361
1903 0.718536 0.509542 0.00205378
1904 0.718536 0.504511 0.0018081
1905 0.718536 0.505339 0.0021908
1906 0.718536 0.508916 0.00231933
1907 0.718536 0.503364 0.00201028
1908 0.718536 0.509414 0.00196153
1909 0.718536 0.503678 0.0020177
1910 0.718536 0.507443 0.00207273
1911 0.718536 0.5089 0.0021101
1912 0.718536 0.508046 0.00193803
1913 0.718536 0.510668 0.00190852
1914 0.718536 0.508305 0.00223081
1915 0.718536 0.505339 0.00258505
1916 0.718536 0.505871 0.00224237
1917 0.718536 0.508084 0.00228477
1918 0.718536 0.506054 0.00235554
1919 0.718536 0.504612 0.00214702
1920 0.718536 0.507726 0.00208116
1921 0.718536 0.505755 0.00233202
1922 0.718536 0.509034 0.00194866
1923 0.718536 0.506943 0.00205417
1924 0.718536 0.503844 0.00201303
1925 0.718536 0.504378 0.00203913
1926 0.718536 0.510058 0.00194028
1927 0.718536 0.505333 0.00183967
1928 0.718536 0.508782 0.00226443
1929 0.718536 0.508408 0.00209616
1930 0.718536 0.507435 0.00208495
1931 0.718536 0.503411 0.00199517
1932 0.718536 0.511502 0.00204726
1933 0.718536 0.505352 0.00208148
1934 0.718536 0.509586 0.0019665
1935 0.718536 0.511304 0.00195295
1936 0.718536 0.508453 0.00200133
1937 0.718536 0.508369 0.00211402
1938 0.718536 0.506514 0.00213868
1939 0.718536 0.508489 0.0018812
1940 0.718536 0.507627 0.00222409
1941 0.718536 0.505602 0.00210137
1942 0.718536 0.508335 0.00210425
1943 0.718536 0.504663 0.0020034
1944 0.718536 0.506727 0.00184981
1945 0.718536 0.505879 0.00208906
1946 0.718536 0.511641 0.00209166
1947 0.718536 0.50527 0.00183863
1948 0.718536 0.508073 0.00194016
1949 0.718536 0.504608 0.00194645
1950 0.718536 0.509959 0.00197791
1951 0.718536 0.505091 0.00199458
1952 0.718536 0.504555 0.00187979
1953 0.718536 0.507562 0.00183159
1954 0.718536 0.503539 0.00209578
1955 0.718536 0.504417 0.00205262
1956 0.718536 0.505479 0.00225345
1957 0.718536 0.507893 0.00199655
1958 0.718536 0.509132 0.00198039
1959 0.718536 0.504002 0.00194926
1960 0.718536 0.508113 0.00186044
1961 0.718536 0.505993 0.00197515
1962 0.718536 0.504093 0.00226904
1963 0.718536 0.507918 0.00199665
1964 0.718536 0.508772 0.00207715
1965 0.718536 0.509581 0.00195773
1966 0.718536 0.508619 0.00205481
1967 0.718536 0.508348 0.00195657
1968 0.718536 0.505713 0.00205188
1969 0.718536 0.505497 0.00201291
1970 0.718536 0.509144 0.00181987
1971 0.718536 0.509113 0.00220875
1972 0.718536 0.508549 0.0019449
1973 0.718536 0.506943 0.00209325
1974 0.718536 0.504949 0.00197905
1975 0.718536 0.50484 0.00204783
1976 0.718536 0.50538 0.00192667
1977 0.718536 0.503453 0.00205154
1978 0.718536 0.505946 0.00203585
1979 0.718536 0.505777 0.00199764
1980 0.718536 0.508583 0.00191524
1981 0.718536 0.503474 0.0021072
1982 0.718536 0.503613 0.00217011
1983 0.718536 0.506295 0.00193344
1984 0.718536 0.504884 0.00178804
1985 0.718536 0.508321 0.00183098
1986 0.718536 0.504457 0.00196129
1987 0.718536 0.507851 0.00199081
1988 0.718536 0.506217 0.00190472
1989 0.718536 0.509424 0.00200108
1990 0.718536 0.504373 0.0021384
1991 0.718536 0.509643 0.00208873
1992 0.718536 0.511236 0.00228696
1993 0.718536 0.502557 0.00218806
1994 0.718536 0.507757 0.00203035
1995 0.718536 0.504944 0.00200065
1996 0.718536 0.507511 0.00209515
1997 0.718536 0.510081 0.00205716
1998 0.718536 0.506694 0.00200803
1999 0.718536 0.503381 0.00214827
2000 0.718536 0.506951 0.0020038
