2
3
-52.1164
7.64251
0
0.136596
0.227801
1
0.186737
0.289581
1
0.179787
0.296945
1
-52.6359
4.09001
0
0.137798
1.39421
1.31949
1.92461
0.917165
0.585716
0.240509
1.6352
0.283772
1.1271
1.93762
1.17112
1.45035
1.29875
0.441593
1.46216
1.07737
1.33843
0.953829
0.391501
0.99417
1.60345
0.0578744
1.0242
0.547881
0.309163
1.48771
0.71404
1.0418
1.93687
1.92776
1.2388
1.42802
1.77053
1.05292
0.380636
0.845355
0.212425
1.1365
1.64901
0
0.84531
1.57543
0.37047
0.735297
1.47958
0.987368
1.03981
0.469251
0.61613
1.37729
0.840341
1.19265
1.6471
0.36193
1.77448
0.240419
0.441348
0.0899688
1.162
1.40765
1.59826
0.238931
1.40157
1.50988
0.000236833
1.52818
1.53853
0.594326
1.13567
1.8293
1.50598
0.7188
1.53426
0.329789
0.676555
1038.28
