0 0.527182 0.498788 5.05896e-05
1 0.530728 0.497434 0.000236399
2 0.530728 0.49707 0.00012559
3 0.545919 0.500049 0.000172722
4 0.57247 0.5022 0.000240684
5 0.57247 0.500071 0.000271885
6 0.57247 0.50065 0.000280076
7 0.57247 0.500721 0.00027469
8 0.581439 0.504038 0.000269297
9 0.581439 0.500631 0.000280583
10 0.581439 0.501296 0.000349573
11 0.581439 0.50259 0.000258651
12 0.581439 0.502717 0.000276644
13 0.581439 0.501453 0.000369541
14 0.588289 0.501391 0.000531163
15 0.588289 0.505001 0.00049723
16 0.588289 0.505227 0.000398494
17 0.588289 0.502148 0.000433375
18 0.588289 0.503523 0.000464059
19 0.588289 0.502473 0.000400496
20 0.588289 0.50243 0.000473712
21 0.588289 0.501917 0.000458702
22 0.588289 0.501215 0.000443801
23 0.588289 0.50173 0.000516147
24 0.588289 0.502556 0.000486707
25 0.588289 0.503513 0.000380472
26 0.588289 0.503058 0.000384702
27 0.588289 0.50249 0.000547369
28 0.595253 0.501938 0.000554432
29 0.595253 0.501632 0.000502065
30 0.595253 0.502907 0.000416216
31 0.595253 0.501439 0.000491547
32 0.595253 0.503757 0.000647505
33 0.595253 0.501238 0.000533839
34 0.595253 0.50263 0.000493061
35 0.595253 0.500555 0.000698917
36 0.595253 0.506434 0.000601592
37 0.595253 0.502002 0.000416124
38 0.595253 0.501125 0.000583628
39 0.595253 0.502973 0.000452562
40 0.595253 0.503082 0.000367705
41 0.595253 0.504017 0.000557233
42 0.595253 0.501916 0.000635303
43 0.595253 0.499845 0.000528219
44 0.595253 0.504555 0.000552376
45 0.595253 0.502623 0.000765627
46 0.595253 0.502831 0.000564034
47 0.609262 0.505508 0.000737701
48 0.609262 0.504577 0.000744329
49 0.609262 0.506037 0.000823641
50 0.619343 0.505583 0.00104658
51 0.619343 0.505453 0.000839767
52 0.619343 0.501387 0.000890763
53 0.619343 0.505196 0.000746089
54 0.619343 0.504366 0.000751423
55 0.619343 0.505875 0.000823464
56 0.619343 0.502626 0.00086614
57 0.619343 0.50261 0.00108426
58 0.619343 0.500869 0.00109622
59 0.619343 0.503613 0.00109986
60 0.619343 0.506425 0.00085267
61 0.619343 0.504376 0.00082742
62 0.644461 0.504169 0.00103708
63 0.644461 0.507475 0.000953315
64 0.644461 0.504802 0.00093291
65 0.644461 0.506639 0.000920791
66 0.644461 0.509454 0.00101228
67 0.644461 0.505725 0.00144098
68 0.644461 0.504549 0.00108748
69 0.66296 0.507425 0.00121831
70 0.66296 0.506185 0.00132471
71 0.66296 0.508852 0.00139756
72 0.66296 0.507068 0.00139279
73 0.66296 0.508573 0.00118997
74 0.66296 0.505932 0.00141322
75 0.66296 0.503463 0.00129842
76 0.66296 0.504477 0.00101761
77 0.66296 0.507025 0.001016
78 0.66296 0.50521 0.0013084
79 0.66296 0.507449 0.00115013
80 0.66296 0.506021 0.00116956
81 0.66296 0.507311 0.00120196
82 0.66296 0.505308 0.0015585
83 0.66296 0.504458 0.00138163
84 0.66296 0.509021 0.00139376
85 0.66296 0.5039 0.00154501
86 0.66296 0.507117 0.00143508
87 0.66296 0.507049 0.00142331
88 0.66296 0.512627 0.00138602
89 0.66296 0.51139 0.00147751
90 0.66296 0.503258 0.00122541
91 0.66296 0.503959 0.00132422
92 0.66296 0.503887 0.00114538
93 0.66296 0.505466 0.00126491
94 0.66296 0.504217 0.00143581
95 0.66296 0.505752 0.00121743
96 0.66296 0.508498 0.00125583
97 0.66296 0.502671 0.00122904
98 0.66296 0.502307 0.00144156
99 0.66296 0.503309 0.00150178
100 0.66296 0.503846 0.0013694
101 0.66296 0.504505 0.00151681
102 0.66296 0.504883 0.00134213
103 0.66296 0.503754 0.00130375
104 0.66296 0.503962 0.00135565
105 0.66296 0.503752 0.00136261
106 0.66296 0.506803 0.00109294
107 0.66296 0.506276 0.00137277
108 0.66296 0.503752 0.00119313
109 0.66296 0.506928 0.00145244
110 0.66296 0.503657 0.00132372
111 0.66296 0.505999 0.00123285
112 0.66296 0.507573 0.0018008
113 0.66296 0.506714 0.00156281
114 0.66296 0.506821 0.00156548
115 0.66296 0.508328 0.0014195
116 0.66296 0.506428 0.00132312
117 0.66296 0.50604 0.00150094
118 0.66296 0.507296 0.001795
119 0.66296 0.506771 0.00141244
120 0.66296 0.50637 0.00146125
121 0.66296 0.508272 0.0014772
122 0.66296 0.504226 0.00125355
123 0.66296 0.505241 0.0014858
124 0.66296 0.504223 0.00137083
125 0.66296 0.502514 0.00143425
126 0.66296 0.501612 0.00192129
127 0.66296 0.503554 0.00184894
128 0.66296 0.499853 0.00173437
129 0.66296 0.505518 0.00154313
130 0.66296 0.502895 0.0016645
131 0.66296 0.506071 0.00143294
132 0.66296 0.509432 0.00147998
133 0.66296 0.5067 0.0017543
134 0.66296 0.508477 0.00156869
135 0.66296 0.506814 0.00170555
136 0.66296 0.507249 0.00158802
137 0.66296 0.507412 0.00154317
138 0.66296 0.503237 0.00175771
139 0.66296 0.501186 0.00166633
140 0.66296 0.504867 0.00161593
141 0.66296 0.500825 0.00169327
142 0.66296 0.506468 0.00173672
143 0.66296 0.505595 0.00136364
144 0.66296 0.504891 0.00137035
145 0.66296 0.50682 0.00136626
146 0.66296 0.505598 0.00132038
147 0.66296 0.509085 0.00149341
148 0.66296 0.506557 0.00168726
149 0.66296 0.503448 0.00172097
150 0.66296 0.505696 0.00148683
151 0.66296 0.508078 0.00145655
152 0.66296 0.503347 0.00161573
153 0.66296 0.508867 0.00159251
154 0.66296 0.506368 0.00180807
155 0.66296 0.509047 0.00149417
156 0.66296 0.506617 0.00198672
157 0.66296 0.514514 0.00146628
158 0.66296 0.507285 0.00167739
159 0.66296 0.505125 0.00153902
160 0.66296 0.507162 0.00164022
161 0.66296 0.508724 0.00156656
162 0.66296 0.50878 0.00146074
163 0.66296 0.507263 0.00148116
164 0.66296 0.505117 0.0016043
165 0.66296 0.506571 0.00180992
166 0.66296 0.50642 0.00170047
167 0.66296 0.509095 0.00181631
168 0.66296 0.509945 0.00147646
169 0.66296 0.505539 0.0016298
170 0.66296 0.506652 0.00169743
171 0.66296 0.505179 0.00163083
172 0.66296 0.510494 0.00157981
173 0.66296 0.504528 0.00167047
174 0.66296 0.501583 0.00161593
175 0.66296 0.502363 0.001494
176 0.66296 0.503345 0.00178624
177 0.66296 0.504214 0.00175465
178 0.66296 0.502307 0.00147893
179 0.66296 0.503036 0.00169616
180 0.66296 0.503988 0.00154052
181 0.66296 0.509293 0.0015215
182 0.66296 0.502786 0.00177134
183 0.66296 0.501753 0.00159874
184 0.66296 0.500213 0.00191701
185 0.66296 0.506383 0.00149268
186 0.66296 0.508899 0.00156804
187 0.66296 0.510416 0.00169019
188 0.66296 0.504543 0.00175817
189 0.66296 0.505004 0.00176269
190 0.66296 0.509945 0.0017551
191 0.66296 0.507308 0.00168303
192 0.66296 0.508242 0.00137002
193 0.66296 0.505494 0.0015232
194 0.66296 0.508261 0.00143635
195 0.66296 0.508828 0.00149312
196 0.66296 0.506337 0.00128702
197 0.66296 0.506145 0.00171912
198 0.66296 0.508504 0.00163884
199 0.66296 0.50609 0.00179986
200 0.66296 0.50482 0.00177173
201 0.66296 0.50576 0.00135659
202 0.66296 0.511393 0.00148197
203 0.66296 0.508521 0.0015576
204 0.66296 0.506935 0.00166183
205 0.66296 0.509872 0.00161638
206 0.66296 0.508339 0.00143457
207 0.66296 0.509569 0.00122307
208 0.66296 0.509338 0.00171234
209 0.66296 0.504132 0.00147324
210 0.66296 0.504315 0.00140781
211 0.66296 0.505789 0.00161335
212 0.66296 0.50522 0.0017878
213 0.66296 0.509579 0.00182391
214 0.66296 0.509848 0.00154824
215 0.66296 0.503269 0.00177913
216 0.66296 0.506069 0.0020323
217 0.66296 0.505508 0.00155988
218 0.66296 0.505804 0.00180874
219 0.66296 0.503522 0.00140793
220 0.66296 0.506003 0.00174387
221 0.66296 0.507567 0.00160221
222 0.66296 0.501292 0.00152826
223 0.66296 0.503333 0.00181058
224 0.66296 0.50527 0.00169412
225 0.66296 0.506999 0.00171817
226 0.66296 0.506939 0.00170576
227 0.66296 0.511673 0.00162276
228 0.66296 0.506397 0.0018439
229 0.66296 0.508026 0.00151393
230 0.66296 0.510072 0.00174953
231 0.66296 0.50578 0.00148777
232 0.66296 0.503736 0.00163869
233 0.66296 0.504421 0.00152132
234 0.66296 0.506513 0.00168806
235 0.66296 0.503974 0.00170868
236 0.66296 0.50171 0.00165597
237 0.66296 0.505323 0.00142032
238 0.66296 0.50543 0.00142962
239 0.66296 0.506496 0.00148133
240 0.66296 0.502865 0.00144585
241 0.66296 0.507444 0.00156048
242 0.670438 0.505509 0.00167158
243 0.670438 0.507763 0.00153724
244 0.670438 0.504857 0.00167703
245 0.670438 0.504562 0.00156114
246 0.670438 0.507564 0.00177634
247 0.670438 0.508228 0.00174287
248 0.670438 0.509274 0.00140669
249 0.670438 0.503271 0.00174076
250 0.670438 0.502707 0.00164615
251 0.670438 0.50388 0.00177234
252 0.670438 0.502236 0.0016739
253 0.670438 0.504918 0.00159945
254 0.670438 0.507103 0.00159928
255 0.670438 0.507823 0.00160307
256 0.670438 0.50512 0.00182691
257 0.670438 0.509112 0.00146772
258 0.670438 0.506713 0.00137063
259 0.670438 0.507783 0.00135933
260 0.670438 0.506625 0.00147724
261 0.670438 0.50644 0.0013669
262 0.670438 0.50002 0.0014988
263 0.670438 0.503645 0.00149414
264 0.670438 0.503624 0.00137728
265 0.670438 0.507217 0.00150496
266 0.670438 0.507699 0.00137017
267 0.670438 0.509766 0.00153675
268 0.670438 0.50647 0.00156831
269 0.670438 0.503762 0.00156349
270 0.670438 0.506674 0.00154146
271 0.670438 0.506774 0.00140516
272 0.670438 0.504617 0.00162405
273 0.670438 0.50719 0.00164854
274 0.670438 0.503306 0.00159769
275 0.670438 0.50567 0.00160792
276 0.670438 0.508372 0.00164059
277 0.670438 0.507211 0.00166204
278 0.670438 0.509102 0.00183296
279 0.670438 0.51124 0.00197725
280 0.670438 0.505695 0.00212615
281 0.670438 0.508255 0.00166846
282 0.670438 0.506392 0.00154598
283 0.670438 0.508237 0.0017158
284 0.670438 0.504968 0.00168489
285 0.670438 0.510727 0.0015214
286 0.670438 0.507188 0.00162979
287 0.670438 0.504589 0.00157276
288 0.670438 0.508075 0.00157083
289 0.670438 0.507665 0.0013558
290 0.670438 0.504691 0.0014101
291 0.670438 0.507354 0.00190395
292 0.670438 0.510879 0.00188221
293 0.670438 0.505108 0.0017714
294 0.670438 0.506958 0.00142588
295 0.670438 0.507593 0.00145279
296 0.670438 0.508099 0.00157529
297 0.670438 0.50522 0.00162965
298 0.670438 0.504637 0.00178645
299 0.670438 0.504249 0.00148104
300 0.670438 0.502203 0.00161929
301 0.670438 0.508073 0.00181227
302 0.670438 0.50726 0.00144618
303 0.670438 0.508641 0.00163043
304 0.670438 0.510831 0.00164921
305 0.670438 0.510267 0.00138286
306 0.670438 0.502644 0.0016425
307 0.670438 0.508454 0.00164641
308 0.670438 0.507385 0.00172983
309 0.670438 0.511187 0.00140306
310 0.670438 0.504962 0.00153408
311 0.670438 0.508142 0.00156715
312 0.670438 0.504448 0.00141167
313 0.670438 0.505766 0.00134671
314 0.670438 0.509911 0.00150689
315 0.670438 0.50701 0.00142244
316 0.670438 0.509927 0.00159759
317 0.670438 0.507478 0.00129246
318 0.670438 0.506564 0.00159042
319 0.670438 0.506933 0.00143813
320 0.670438 0.506095 0.00142644
321 0.670438 0.506103 0.00152916
322 0.670438 0.508337 0.00151299
323 0.670438 0.507488 0.00140245
324 0.670438 0.504999 0.00153938
325 0.670438 0.507017 0.00172477
326 0.670438 0.505472 0.00145228
327 0.670438 0.508115 0.00155836
328 0.670438 0.50724 0.00151947
329 0.670438 0.506536 0.00127998
330 0.670438 0.506988 0.00172375
331 0.678854 0.506112 0.00160034
332 0.678854 0.505845 0.00150803
333 0.678854 0.508512 0.00157831
334 0.678854 0.508479 0.0013789
335 0.678854 0.508927 0.00171431
336 0.678854 0.5061 0.00183535
337 0.678854 0.506481 0.00183262
338 0.678854 0.509651 0.00168196
339 0.678854 0.510424 0.00185249
340 0.678854 0.508323 0.00148224
341 0.678854 0.507365 0.00141269
342 0.678854 0.508564 0.00154848
343 0.678854 0.508993 0.00155625
344 0.678854 0.507133 0.00142581
345 0.678854 0.504677 0.00138158
346 0.678854 0.506582 0.00134349
347 0.678854 0.508788 0.00133815
348 0.678854 0.504117 0.00149135
349 0.678854 0.504915 0.00160205
350 0.678854 0.504541 0.00165003
351 0.678854 0.508894 0.00174373
352 0.678854 0.507844 0.00162498
353 0.678854 0.512346 0.00167919
354 0.678854 0.508353 0.0017865
355 0.678854 0.506357 0.00146503
356 0.678854 0.50258 0.00152308
357 0.678854 0.504772 0.001872
358 0.678854 0.506472 0.00160311
359 0.678854 0.509625 0.00144343
360 0.678854 0.511887 0.0016202
361 0.678854 0.508436 0.00152896
362 0.678854 0.506407 0.00178669
363 0.678854 0.507526 0.00182003
364 0.678854 0.507618 0.00162712
365 0.678854 0.506591 0.00194299
366 0.678854 0.509154 0.00182965
367 0.678854 0.507764 0.00175668
368 0.678854 0.508588 0.00196962
369 0.678854 0.509148 0.00201238
370 0.678854 0.508806 0.00176949
371 0.678854 0.509507 0.00166848
372 0.678854 0.507488 0.00143261
373 0.678854 0.510481 0.00186108
374 0.678854 0.512445 0.00199024
375 0.678854 0.509344 0.00172235
376 0.678854 0.509769 0.00172526
377 0.678854 0.506436 0.00136222
378 0.678854 0.504789 0.0016336
379 0.678854 0.505635 0.0017197
380 0.678854 0.504333 0.00150759
381 0.678854 0.50834 0.00186245
382 0.678854 0.504648 0.00177124
383 0.678854 0.506069 0.00176714
384 0.678854 0.509042 0.00156859
385 0.678854 0.502647 0.00177075
386 0.678854 0.507825 0.00220958
387 0.678854 0.507037 0.001676
388 0.678854 0.505613 0.00167124
389 0.678854 0.509447 0.00176255
390 0.678854 0.504934 0.00170571
391 0.678854 0.509266 0.00158337
392 0.678854 0.505108 0.00175291
393 0.678854 0.505899 0.00202105
394 0.678854 0.509353 0.00188314
395 0.678854 0.506664 0.00153146
396 0.678854 0.506674 0.00177142
397 0.678854 0.504831 0.00155325
398 0.678854 0.507501 0.00152376
399 0.678854 0.51098 0.00160168
400 0.678854 0.505217 0.00175755
401 0.678854 0.50905 0.00201033
402 0.678854 0.508753 0.00141399
403 0.678854 0.506854 0.00165715
404 0.678854 0.508588 0.00142749
405 0.678854 0.508214 0.00150529
406 0.678854 0.5089 0.00160908
407 0.678854 0.510242 0.00157027
408 0.678854 0.508145 0.00162031
409 0.678854 0.511134 0.00161228
410 0.678854 0.508466 0.00173266
411 0.678854 0.509467 0.00165166
412 0.678854 0.510432 0.00156836
413 0.678854 0.508081 0.00154871
414 0.678854 0.510012 0.00213996
415 0.678854 0.507513 0.00167998
416 0.678854 0.508228 0.00181095
417 0.678854 0.509502 0.00187782
418 0.678854 0.510662 0.0018323
419 0.678854 0.507786 0.00178062
420 0.678854 0.50513 0.00169996
421 0.678854 0.509727 0.00196563
422 0.678854 0.507088 0.00161451
423 0.678854 0.504272 0.00171415
424 0.678854 0.508402 0.00163961
425 0.678854 0.503427 0.00178263
426 0.678854 0.504607 0.00178594
427 0.678854 0.508651 0.00170361
428 0.678854 0.512421 0.00174136
429 0.678854 0.509044 0.00152351
430 0.678854 0.507763 0.0016162
431 0.678854 0.507224 0.00182209
432 0.678854 0.507462 0.00162127
433 0.678854 0.504838 0.00174775
434 0.678854 0.509024 0.00180117
435 0.678854 0.506118 0.00164208
436 0.678854 0.506362 0.00158863
437 0.678854 0.503877 0.00154284
438 0.678854 0.505229 0.00177433
439 0.678854 0.510234 0.0016918
440 0.678854 0.505995 0.00174884
441 0.678854 0.50212 0.0020061
442 0.678854 0.505858 0.0016731
443 0.678854 0.509103 0.00168498
444 0.678854 0.506494 0.0016178
445 0.678854 0.505483 0.00180172
446 0.678854 0.508109 0.00152602
447 0.678854 0.505931 0.00172697
448 0.678854 0.506612 0.00190148
449 0.678854 0.506371 0.00192544
450 0.678854 0.508464 0.00181759
451 0.678854 0.505956 0.00203713
452 0.678854 0.50709 0.00193998
453 0.678854 0.50164 0.00172232
454 0.678854 0.505516 0.00212477
455 0.678854 0.50551 0.00161616
456 0.678854 0.507818 0.00162307
457 0.678854 0.509469 0.00169023
458 0.678854 0.507063 0.00193693
459 0.678854 0.50904 0.0017634
460 0.678854 0.509802 0.00162814
461 0.678854 0.509633 0.00164918
462 0.678854 0.506489 0.00180961
463 0.678854 0.506773 0.0016902
464 0.678854 0.506384 0.00169035
465 0.678854 0.509297 0.0015021
466 0.678854 0.504475 0.00188651
467 0.678854 0.505019 0.00195517
468 0.678854 0.508988 0.00171913
469 0.678854 0.508083 0.00201248
470 0.678854 0.505905 0.00198024
471 0.678854 0.501849 0.00175737
472 0.678854 0.505069 0.00189296
473 0.678854 0.50771 0.00170779
474 0.678854 0.507816 0.00172246
475 0.678854 0.508794 0.00186201
476 0.678854 0.50768 0.00194785
477 0.678854 0.508681 0.00168439
478 0.678854 0.50871 0.00184264
479 0.678854 0.51055 0.00196599
480 0.678854 0.506133 0.00165688
481 0.678854 0.50632 0.00199706
482 0.678854 0.507703 0.00142505
483 0.678854 0.506019 0.00154559
484 0.678854 0.507088 0.00168892
485 0.678854 0.503289 0.00183451
486 0.678854 0.508096 0.00189853
487 0.678854 0.509002 0.00195529
488 0.678854 0.507874 0.00179085
489 0.678854 0.508629 0.00190354
490 0.678854 0.509793 0.00183668
491 0.678854 0.507506 0.00194827
492 0.678854 0.505479 0.00165278
493 0.678854 0.506932 0.0016266
494 0.678854 0.50826 0.00151782
495 0.678854 0.504583 0.00182577
496 0.678854 0.507543 0.00203278
497 0.678854 0.509099 0.00169495
498 0.678854 0.507316 0.00187885
499 0.678854 0.508307 0.00164466
500 0.678854 0.504343 0.00183228
501 0.678854 0.505715 0.00207036
502 0.678854 0.507204 0.00183812
503 0.678854 0.506663 0.00194939
504 0.678854 0.507843 0.00175818
505 0.678854 0.506049 0.00178209
506 0.678854 0.51047 0.00158995
507 0.678854 0.505501 0.00187605
508 0.678854 0.509308 0.00176492
509 0.678854 0.510386 0.00143012
510 0.678854 0.506428 0.00190173
511 0.678854 0.506984 0.00165078
512 0.678854 0.506683 0.0018104
513 0.678854 0.509566 0.00166299
514 0.678854 0.503789 0.00167435
515 0.678854 0.5017 0.00157812
516 0.678854 0.504888 0.0018286
517 0.678854 0.506784 0.0020392
518 0.678854 0.504186 0.00178993
519 0.678854 0.5075 0.00189487
520 0.678854 0.506664 0.00190521
521 0.678854 0.507144 0.00196828
522 0.678854 0.504312 0.00222413
523 0.678854 0.506671 0.00198069
524 0.678854 0.50423 0.00199196
525 0.678854 0.509109 0.00178481
526 0.678854 0.506495 0.00177592
527 0.678854 0.506292 0.00178684
528 0.678854 0.507878 0.00179635
529 0.678854 0.504961 0.00152768
530 0.678854 0.50754 0.00154018
531 0.678854 0.507159 0.00192822
532 0.678854 0.504273 0.00184151
533 0.678854 0.51118 0.00185695
534 0.678854 0.50981 0.00172329
535 0.678854 0.507036 0.00169494
536 0.678854 0.50403 0.00189651
537 0.678854 0.504362 0.00213866
538 0.678854 0.508079 0.00174873
539 0.678854 0.511503 0.00153462
540 0.678854 0.510545 0.00138805
541 0.678854 0.509221 0.00153609
542 0.678854 0.508408 0.00164557
543 0.678854 0.508582 0.00175006
544 0.678854 0.508801 0.00166486
545 0.678854 0.502547 0.00165073
546 0.678854 0.50705 0.00171691
547 0.678854 0.506837 0.00174913
548 0.678854 0.507213 0.00201267
549 0.678854 0.506381 0.001984
550 0.678854 0.504817 0.00164966
551 0.678854 0.509381 0.00166212
552 0.678854 0.506961 0.00209904
553 0.678854 0.504943 0.00177137
554 0.678854 0.506279 0.00205741
555 0.678854 0.505861 0.00178027
556 0.678854 0.51026 0.00167189
557 0.678854 0.506194 0.00171744
558 0.678854 0.507239 0.00161523
559 0.678854 0.510615 0.0014969
560 0.678854 0.507982 0.00172565
561 0.678854 0.507805 0.00160631
562 0.68309 0.505133 0.00197372
563 0.68309 0.506298 0.00178865
564 0.68309 0.508063 0.00217023
565 0.68309 0.506917 0.00177439
566 0.68309 0.505739 0.00203691
567 0.68309 0.505119 0.00168562
568 0.68309 0.503457 0.001858
569 0.68309 0.506035 0.00166541
570 0.68309 0.504701 0.00186826
571 0.68309 0.50506 0.00213142
572 0.68309 0.508361 0.00177343
573 0.68309 0.507698 0.00192275
574 0.68309 0.506799 0.00208255
575 0.68309 0.505513 0.00174881
576 0.68309 0.512891 0.00175501
577 0.68309 0.50347 0.00188443
578 0.68309 0.504842 0.00144743
579 0.68309 0.506273 0.00154483
580 0.68309 0.506535 0.00184834
581 0.68309 0.504857 0.00169046
582 0.68309 0.508073 0.00171576
583 0.68309 0.507572 0.00177772
584 0.68309 0.508414 0.00185395
585 0.68309 0.50535 0.00197876
586 0.68309 0.507352 0.00166192
587 0.68309 0.507524 0.0015668
588 0.68309 0.505737 0.0014919
589 0.68309 0.509144 0.00162469
590 0.68309 0.504951 0.00179843
591 0.68309 0.50455 0.00179964
592 0.68309 0.506293 0.00162809
593 0.68309 0.504927 0.00165526
594 0.68309 0.507934 0.0015964
595 0.68309 0.504111 0.00176966
596 0.68309 0.505062 0.00166826
597 0.68309 0.510352 0.00148973
598 0.68309 0.506453 0.00154001
599 0.68309 0.504522 0.00142691
600 0.68309 0.508718 0.00196452
601 0.68309 0.507824 0.00171086
602 0.68309 0.507913 0.0016034
603 0.68309 0.505927 0.00187895
604 0.68309 0.509155 0.00157128
605 0.68309 0.507651 0.00159647
606 0.68309 0.506999 0.00151931
607 0.68309 0.506783 0.00140754
608 0.68309 0.507921 0.00159181
609 0.68309 0.504222 0.00149376
610 0.68309 0.504116 0.00143074
611 0.68309 0.509948 0.00166308
612 0.68309 0.507843 0.0018121
613 0.686169 0.512087 0.00203175
614 0.686169 0.510116 0.00168911
615 0.686169 0.508529 0.00201924
616 0.686169 0.507721 0.0018567
617 0.686169 0.50376 0.00184156
618 0.686169 0.509518 0.0015887
619 0.686169 0.506101 0.00165013
620 0.686169 0.506673 0.00211516
621 0.686169 0.50984 0.00163671
622 0.686169 0.509452 0.00162042
623 0.686169 0.50371 0.00187826
624 0.686169 0.509269 0.00175445
625 0.686169 0.511951 0.00169183
626 0.686169 0.513814 0.00184671
627 0.686169 0.511585 0.00193188
628 0.686169 0.513018 0.00167178
629 0.686169 0.511355 0.00199022
630 0.686169 0.505826 0.00185915
631 0.686169 0.504404 0.00188171
632 0.686169 0.504944 0.00177401
633 0.686169 0.506792 0.001638
634 0.686169 0.506131 0.00196323
635 0.686169 0.508654 0.00210106
636 0.686169 0.507102 0.00171354
637 0.686169 0.508376 0.00186107
638 0.686169 0.508458 0.00175181
639 0.686169 0.506777 0.00157173
640 0.686169 0.505691 0.00183291
641 0.686169 0.506306 0.00176494
642 0.686169 0.504727 0.0017509
643 0.686169 0.504439 0.00184929
644 0.686169 0.509873 0.00200368
645 0.686169 0.510824 0.00200353
646 0.686169 0.507872 0.00194946
647 0.686169 0.510504 0.00193858
648 0.686169 0.507106 0.00206786
649 0.686169 0.5075 0.00203555
650 0.686169 0.507327 0.00208069
651 0.686169 0.507018 0.00182515
652 0.686169 0.506178 0.00189789
653 0.686169 0.510664 0.00179179
654 0.686169 0.51046 0.00202802
655 0.686169 0.50827 0.00197063
656 0.686169 0.508695 0.00186789
657 0.686169 0.508959 0.00181157
658 0.686169 0.509091 0.00172821
659 0.686169 0.507565 0.00188018
660 0.686169 0.51091 0.00193854
661 0.686169 0.50941 0.00166096
662 0.686169 0.511787 0.00218174
663 0.686169 0.514386 0.00171593
664 0.686169 0.506998 0.00178722
665 0.686169 0.513083 0.00222427
666 0.686169 0.510119 0.00190051
667 0.686169 0.51127 0.00196686
668 0.686169 0.508678 0.00212729
669 0.686169 0.508659 0.00188605
670 0.686169 0.507539 0.00192873
671 0.686169 0.507955 0.00187853
672 0.686169 0.510995 0.00167299
673 0.686169 0.507569 0.00212529
674 0.686169 0.507257 0.00192308
675 0.686169 0.505719 0.00223922
676 0.686169 0.505678 0.00199483
677 0.686169 0.50908 0.00175179
678 0.686169 0.507776 0.00180044
679 0.686169 0.509759 0.00196989
680 0.686169 0.508644 0.00190453
681 0.686169 0.507851 0.00221861
682 0.686169 0.50717 0.00245851
683 0.686169 0.50618 0.00215073
684 0.686169 0.506574 0.00195249
685 0.686169 0.506535 0.00195988
686 0.686169 0.507498 0.00210417
687 0.686169 0.506883 0.00192379
688 0.686169 0.508657 0.00228384
689 0.686169 0.50746 0.00191063
690 0.686169 0.506963 0.00171519
691 0.686169 0.506048 0.00183689
692 0.686169 0.507315 0.002077
693 0.686169 0.510832 0.00179512
694 0.686169 0.510082 0.00185752
695 0.686169 0.508169 0.00176719
696 0.686169 0.508161 0.00225589
697 0.686169 0.509279 0.00204636
698 0.686169 0.5085 0.00184572
699 0.686169 0.506773 0.00195647
700 0.686169 0.502566 0.00195373
701 0.686169 0.50852 0.00197613
702 0.686169 0.508192 0.00183625
703 0.686169 0.510541 0.00195041
704 0.686169 0.514469 0.00214686
705 0.686169 0.508408 0.00223014
706 0.686169 0.5075 0.00199361
707 0.686169 0.509689 0.00190181
708 0.686169 0.511035 0.0019275
709 0.686169 0.509449 0.00191479
710 0.686169 0.507332 0.00203739
711 0.686169 0.506028 0.00197505
712 0.686169 0.508295 0.00183022
713 0.686169 0.51197 0.00199968
714 0.686169 0.510981 0.00226616
715 0.686169 0.510368 0.00200791
716 0.686169 0.511473 0.0017533
717 0.686169 0.510112 0.00192364
718 0.686169 0.510054 0.00190627
719 0.686169 0.506827 0.00195815
720 0.686169 0.508785 0.00189258
721 0.686169 0.511524 0.00193745
722 0.686169 0.506824 0.00185146
723 0.686169 0.508957 0.00188002
724 0.686169 0.50364 0.002136
725 0.686169 0.507708 0.00179314
726 0.686169 0.505189 0.00183915
727 0.686169 0.50712 0.00182325
728 0.686169 0.508554 0.00194521
729 0.686169 0.506934 0.00200558
730 0.686169 0.508493 0.00204965
731 0.686169 0.504355 0.00190491
732 0.686169 0.508831 0.00184315
733 0.686169 0.50807 0.00185029
734 0.686169 0.504524 0.00189818
735 0.686169 0.507077 0.00204914
736 0.686169 0.507572 0.00211957
737 0.686169 0.509582 0.00241051
738 0.686169 0.506198 0.0022059
739 0.686169 0.505235 0.00181378
740 0.686169 0.507205 0.00196064
741 0.686169 0.506127 0.0017519
742 0.686169 0.508365 0.00210256
743 0.686169 0.505477 0.00196032
744 0.686169 0.508891 0.00194324
745 0.686169 0.504321 0.00206142
746 0.686169 0.507037 0.00187937
747 0.686169 0.507871 0.00191854
748 0.686169 0.507817 0.00203727
749 0.686169 0.504081 0.00217115
750 0.686169 0.513665 0.00212219
751 0.686169 0.512264 0.00185328
752 0.686169 0.509993 0.00232405
753 0.686169 0.510715 0.00189212
754 0.686169 0.506552 0.00218129
755 0.686169 0.508987 0.00192425
756 0.686169 0.510448 0.001737
757 0.686169 0.500665 0.00188653
758 0.686169 0.505018 0.00225435
759 0.686169 0.5085 0.00180603
760 0.686169 0.504159 0.00201097
761 0.686169 0.500376 0.00211221
762 0.686169 0.50667 0.00199097
763 0.686169 0.50829 0.00210239
764 0.686169 0.509509 0.00177352
765 0.686169 0.506379 0.00191993
766 0.686169 0.507249 0.00169826
767 0.686169 0.506583 0.00178327
768 0.686169 0.503882 0.00186687
769 0.686169 0.506347 0.00182266
770 0.686169 0.50464 0.00200847
771 0.686169 0.509091 0.00216202
772 0.686169 0.505951 0.00193227
773 0.686169 0.508767 0.00194959
774 0.686169 0.507176 0.00194362
775 0.686169 0.507986 0.00206794
776 0.686169 0.506553 0.00200198
777 0.686169 0.500997 0.00192866
778 0.686169 0.508245 0.00233906
779 0.686169 0.507476 0.00209583
780 0.686169 0.50715 0.002056
781 0.686169 0.507087 0.00186855
782 0.686169 0.512238 0.00202566
783 0.686169 0.504896 0.00199378
784 0.686169 0.506362 0.00203145
785 0.686169 0.504371 0.00212032
786 0.686169 0.503621 0.00236434
787 0.686169 0.510358 0.00215557
788 0.686169 0.506597 0.00182544
789 0.686169 0.509326 0.00180422
790 0.686169 0.508023 0.00243522
791 0.686169 0.502067 0.0019771
792 0.686169 0.507705 0.00194183
793 0.686169 0.508867 0.00184594
794 0.686169 0.508593 0.00188747
795 0.686169 0.505038 0.00198433
796 0.686169 0.510891 0.00187773
797 0.686169 0.506291 0.00164107
798 0.686169 0.506929 0.00186193
799 0.686169 0.50893 0.00200385
800 0.686169 0.505726 0.00226473
801 0.686169 0.509419 0.00183232
802 0.686169 0.509112 0.00176146
803 0.686169 0.508417 0.00191201
804 0.686169 0.507552 0.00187367
805 0.686169 0.510497 0.0017134
806 0.686169 0.505632 0.00173345
807 0.686169 0.505903 0.00175742
808 0.686169 0.50779 0.00179381
809 0.686169 0.511838 0.00181498
810 0.686169 0.504047 0.00187578
811 0.686169 0.5108 0.0021571
812 0.686169 0.509974 0.00205345
813 0.686169 0.509987 0.00214137
814 0.686169 0.509066 0.00221482
815 0.686169 0.506319 0.0021098
816 0.686169 0.502939 0.00196157
817 0.686169 0.505344 0.00186393
818 0.686169 0.510985 0.00207492
819 0.686169 0.504699 0.00200867
820 0.686169 0.50534 0.00205651
821 0.686169 0.512773 0.00177915
822 0.686169 0.508631 0.0017315
823 0.686169 0.505829 0.00170903
824 0.686169 0.511137 0.00204462
825 0.686169 0.511793 0.00197752
826 0.686169 0.511708 0.00173626
827 0.686169 0.507159 0.00192997
828 0.686169 0.503807 0.00208204
829 0.686169 0.50978 0.00183217
830 0.686169 0.511155 0.0024711
831 0.686169 0.503309 0.00218548
832 0.686169 0.506356 0.00186035
833 0.686169 0.504918 0.00176006
834 0.686169 0.509289 0.00237145
835 0.686169 0.512541 0.0021013
836 0.686169 0.50539 0.00183882
837 0.686169 0.507433 0.00175784
838 0.686169 0.507032 0.00188434
839 0.686169 0.507463 0.00176417
840 0.686169 0.507092 0.0021028
841 0.686169 0.506737 0.00191688
842 0.686169 0.509426 0.00157534
843 0.686169 0.512236 0.00174988
844 0.686169 0.510979 0.00209132
845 0.686169 0.507318 0.00206323
846 0.686169 0.506814 0.00180938
847 0.686169 0.509515 0.00222721
848 0.686169 0.504607 0.00203577
849 0.686169 0.503133 0.00201098
850 0.686169 0.507727 0.00188098
851 0.686169 0.505171 0.0018795
852 0.686169 0.510482 0.00236594
853 0.686169 0.503147 0.0019264
854 0.686169 0.505206 0.00210149
855 0.686169 0.507077 0.00178084
856 0.686169 0.505481 0.00189827
857 0.686169 0.505734 0.00178761
858 0.686169 0.501711 0.00223975
859 0.686169 0.507952 0.00171567
860 0.686169 0.50714 0.00167223
861 0.686169 0.509475 0.0018738
862 0.686169 0.50768 0.00174518
863 0.686169 0.512579 0.00197894
864 0.686169 0.512258 0.00239383
865 0.686169 0.507549 0.00213363
866 0.686169 0.508399 0.0018451
867 0.686169 0.507916 0.00210318
868 0.686169 0.506219 0.00215113
869 0.686169 0.509071 0.00174462
870 0.686169 0.505936 0.00189382
871 0.686169 0.507103 0.00198004
872 0.686169 0.503524 0.00187931
873 0.686169 0.505561 0.00199723
874 0.686169 0.508876 0.00202135
875 0.686169 0.511986 0.00163509
876 0.686169 0.513209 0.00167319
877 0.686169 0.508274 0.00180695
878 0.686169 0.508198 0.0019182
879 0.686169 0.508309 0.00186421
880 0.686169 0.506721 0.00196324
881 0.686169 0.50727 0.0017589
882 0.686169 0.506833 0.00156458
883 0.686169 0.50806 0.00163327
884 0.686169 0.507753 0.00187481
885 0.686169 0.506892 0.00158677
886 0.686169 0.507563 0.00160921
887 0.686169 0.50626 0.00166828
888 0.686169 0.506999 0.00162831
889 0.686169 0.508045 0.00163437
890 0.686169 0.50834 0.00168214
891 0.686169 0.505023 0.00171293
892 0.686169 0.505639 0.00199084
893 0.686169 0.507008 0.0017668
894 0.686169 0.504833 0.0017309
895 0.686169 0.50795 0.00186105
896 0.686169 0.508919 0.00211111
897 0.686169 0.510288 0.00182203
898 0.686169 0.508633 0.00188253
899 0.686169 0.507345 0.00223081
900 0.686169 0.509477 0.00170858
901 0.686169 0.508516 0.00206717
902 0.686169 0.510586 0.00220829
903 0.686169 0.510826 0.00186736
904 0.686169 0.509155 0.00207427
905 0.686169 0.50684 0.00218187
906 0.686169 0.503514 0.00197253
907 0.686169 0.509034 0.0017296
908 0.686169 0.509466 0.00220114
909 0.686169 0.508298 0.00210363
910 0.686169 0.50732 0.00199292
911 0.686169 0.512247 0.00173204
912 0.686169 0.511895 0.0017906
913 0.686169 0.510143 0.00183896
914 0.686169 0.51065 0.00188888
915 0.686169 0.511293 0.0019025
916 0.686169 0.508476 0.00180143
917 0.686169 0.510378 0.00196665
918 0.686169 0.506569 0.00208051
919 0.686169 0.506317 0.00191995
920 0.686169 0.50743 0.00223882
921 0.686169 0.510406 0.0019116
922 0.686169 0.511089 0.00172811
923 0.686169 0.508524 0.00181389
924 0.686169 0.508312 0.00184785
925 0.686169 0.504556 0.00179473
926 0.686169 0.511599 0.00187538
927 0.686169 0.510746 0.00190501
928 0.686169 0.509357 0.00198201
929 0.686169 0.506584 0.0019517
930 0.686169 0.511095 0.00169102
931 0.686169 0.510497 0.00161076
932 0.686169 0.508336 0.00176258
933 0.686169 0.504701 0.00212689
934 0.686169 0.511574 0.00191314
935 0.686169 0.512944 0.00170398
936 0.686169 0.510321 0.0018263
937 0.686169 0.503034 0.00203004
938 0.686169 0.507324 0.001836
939 0.686169 0.50878 0.00189195
940 0.686169 0.505371 0.00205262
941 0.686169 0.505619 0.00186205
942 0.686169 0.510409 0.00213784
943 0.686169 0.508091 0.0019026
944 0.686169 0.508946 0.00190098
945 0.686169 0.510096 0.00179061
946 0.686169 0.510727 0.00210951
947 0.686169 0.510962 0.00175829
948 0.686169 0.511033 0.00201493
949 0.686169 0.50996 0.00177547
950 0.686169 0.509379 0.00187311
951 0.686169 0.509415 0.00208087
952 0.686169 0.507073 0.00178829
953 0.686169 0.509807 0.00189293
954 0.686169 0.509891 0.00199467
955 0.686169 0.511175 0.00207801
956 0.686169 0.50596 0.00177456
957 0.686169 0.506772 0.00171902
958 0.686169 0.510749 0.00196315
959 0.686169 0.507109 0.00168914
960 0.686169 0.50919 0.0018653
961 0.686169 0.505532 0.00180966
962 0.686169 0.503484 0.00200228
963 0.686169 0.506699 0.00184185
964 0.686169 0.505014 0.00174264
965 0.686169 0.510919 0.00166269
966 0.686169 0.509284 0.00192366
967 0.686169 0.508725 0.00193996
968 0.686169 0.504749 0.00189311
969 0.686169 0.5044 0.00207221
970 0.686169 0.50303 0.00202608
971 0.686169 0.505584 0.00199847
972 0.686169 0.503191 0.00203856
973 0.686169 0.509865 0.00181864
974 0.686169 0.508504 0.0024315
975 0.686169 0.509596 0.00181266
976 0.686169 0.50616 0.00164204
977 0.686169 0.509141 0.00193497
978 0.686169 0.508697 0.00194308
979 0.686169 0.507996 0.00200255
980 0.686169 0.506939 0.00175672
981 0.686169 0.501844 0.00184278
982 0.686169 0.505726 0.00180842
983 0.686169 0.505574 0.00198843
984 0.686169 0.509019 0.00159491
985 0.686169 0.508941 0.00233599
986 0.686169 0.508209 0.00184405
987 0.686169 0.505191 0.00191936
988 0.686169 0.510247 0.00175183
989 0.686169 0.506799 0.00176586
990 0.686169 0.507257 0.00171674
991 0.686169 0.506761 0.00170512
992 0.686169 0.508803 0.00177488
993 0.686169 0.506746 0.00184002
994 0.686169 0.506428 0.00186361
995 0.686169 0.509254 0.00163283
996 0.686169 0.511699 0.00198065
997 0.686169 0.508694 0.00173196
998 0.686169 0.512916 0.00198957
999 0.686169 0.511527 0.00177333
1000 0.686169 0.511685 0.00214299
1001 0.686169 0.506787 0.00205182
1002 0.686169 0.50579 0.00208929
1003 0.686169 0.50847 0.00217944
1004 0.686169 0.51025 0.00207577
1005 0.686169 0.50888 0.00218769
1006 0.686169 0.506308 0.0017842
1007 0.686169 0.505006 0.00177604
1008 0.686169 0.508976 0.00208765
1009 0.686169 0.508269 0.00180563
1010 0.686169 0.51059 0.00202369
1011 0.686169 0.513408 0.00229371
1012 0.686169 0.511016 0.00209345
1013 0.686169 0.510158 0.00190225
1014 0.686169 0.510702 0.00205674
1015 0.686169 0.509722 0.00207928
1016 0.686169 0.508464 0.00207381
1017 0.686169 0.510748 0.00217706
1018 0.686169 0.515501 0.00235596
1019 0.686169 0.509127 0.00188556
1020 0.686169 0.511309 0.00170426
1021 0.686169 0.508475 0.00189727
1022 0.686169 0.510777 0.0018883
1023 0.686169 0.509585 0.00215691
1024 0.686169 0.511716 0.00203639
1025 0.686169 0.511721 0.00181452
1026 0.686169 0.509667 0.00187281
1027 0.686169 0.510192 0.00174004
1028 0.686169 0.509872 0.00182975
1029 0.686169 0.510161 0.00219323
1030 0.686169 0.506661 0.00220685
1031 0.686169 0.510355 0.00192409
1032 0.686169 0.507167 0.00203417
1033 0.686169 0.508678 0.00189753
1034 0.686169 0.505765 0.00197602
1035 0.686169 0.507563 0.00184494
1036 0.686169 0.506924 0.00184937
1037 0.686169 0.509018 0.00162276
1038 0.686169 0.506961 0.00192235
1039 0.686169 0.512673 0.00182232
1040 0.686169 0.513541 0.00197505
1041 0.686169 0.509336 0.00203582
1042 0.686169 0.511412 0.0020017
1043 0.686169 0.511622 0.00158449
1044 0.686169 0.509961 0.00201684
1045 0.686169 0.512611 0.00188294
1046 0.686169 0.50855 0.00173513
1047 0.686169 0.509648 0.00179718
1048 0.686169 0.508336 0.00182474
1049 0.686169 0.506887 0.00178454
1050 0.686169 0.508036 0.00179914
1051 0.686169 0.510676 0.00207834
1052 0.686169 0.506216 0.00179148
1053 0.686169 0.501979 0.00213672
1054 0.686169 0.506997 0.00196507
1055 0.686169 0.509132 0.0021598
1056 0.686169 0.507071 0.00242345
1057 0.686169 0.506476 0.0022363
1058 0.686169 0.507473 0.00212994
1059 0.686169 0.508533 0.00251848
1060 0.686169 0.501141 0.00189466
1061 0.686169 0.510838 0.00200205
1062 0.686169 0.505441 0.00171661
1063 0.686169 0.509262 0.0020796
1064 0.686169 0.507754 0.00172057
1065 0.686169 0.508517 0.00169855
1066 0.686169 0.505864 0.0016563
1067 0.686169 0.510308 0.00188931
1068 0.686169 0.512483 0.00191102
1069 0.686169 0.507437 0.00208534
1070 0.686169 0.507456 0.00190384
1071 0.686169 0.505582 0.0018955
1072 0.686169 0.513977 0.00206582
1073 0.686169 0.508852 0.00198117
1074 0.686169 0.510226 0.00205865
1075 0.686169 0.510448 0.00237157
1076 0.686169 0.51294 0.00208862
1077 0.686169 0.5084 0.00185517
1078 0.686169 0.504418 0.00213165
1079 0.686169 0.508147 0.00202528
1080 0.686169 0.508679 0.00210898
1081 0.686169 0.50842 0.00216173
1082 0.686169 0.505639 0.00254578
1083 0.686169 0.50456 0.00215928
1084 0.686169 0.50448 0.00190817
1085 0.686169 0.504852 0.00194405
1086 0.686169 0.505115 0.00211681
1087 0.686169 0.504785 0.00184704
1088 0.686169 0.504268 0.00193442
1089 0.686169 0.511584 0.00198752
1090 0.686169 0.507279 0.00187752
1091 0.686169 0.508008 0.00200919
1092 0.686169 0.507433 0.00195377
1093 0.686169 0.509442 0.00199075
1094 0.686169 0.508394 0.0018171
1095 0.686169 0.507571 0.0020633
1096 0.686169 0.512625 0.00245103
1097 0.686169 0.511176 0.00213644
1098 0.686169 0.503552 0.00229942
1099 0.686169 0.509064 0.00225286
1100 0.686169 0.508713 0.00190747
1101 0.686169 0.508096 0.00200108
1102 0.686169 0.506474 0.0022515
1103 0.686169 0.508855 0.00199006
1104 0.686169 0.504926 0.00217169
1105 0.686169 0.50547 0.00248082
1106 0.686169 0.506056 0.00213581
1107 0.686169 0.506176 0.00198917
1108 0.686169 0.509663 0.00230351
1109 0.686169 0.506145 0.00190553
1110 0.686169 0.505007 0.00206885
1111 0.686169 0.504257 0.00216071
1112 0.686169 0.50791 0.00173696
1113 0.686169 0.503707 0.00221759
1114 0.686169 0.510745 0.00206816
1115 0.686169 0.505718 0.00205959
1116 0.686169 0.507758 0.00160973
1117 0.686169 0.510993 0.0018833
1118 0.686169 0.510881 0.00189343
1119 0.686169 0.507947 0.0017981
1120 0.686169 0.505819 0.00211995
1121 0.686169 0.507405 0.00204131
1122 0.686169 0.505526 0.00219747
1123 0.686169 0.509417 0.00215766
1124 0.686169 0.510445 0.00210494
1125 0.686169 0.510505 0.00213251
1126 0.686169 0.507322 0.00192642
1127 0.686169 0.50614 0.00171712
1128 0.686169 0.514964 0.00208182
1129 0.686169 0.508361 0.0021335
1130 0.686169 0.503283 0.00198167
1131 0.686169 0.501002 0.00215139
1132 0.686169 0.502265 0.00196304
1133 0.686169 0.508161 0.00171813
1134 0.686169 0.507753 0.00175488
1135 0.686169 0.506156 0.00176161
1136 0.686169 0.503605 0.00179054
1137 0.686169 0.507559 0.00180048
1138 0.686169 0.504157 0.00182909
1139 0.686169 0.508548 0.0018202
1140 0.686169 0.508826 0.00194216
1141 0.686169 0.510115 0.00170373
1142 0.686169 0.507194 0.00189288
1143 0.686169 0.511727 0.0020847
1144 0.686169 0.507501 0.00190888
1145 0.686169 0.508782 0.00185429
1146 0.686169 0.50808 0.00195737
1147 0.686169 0.50492 0.00196486
1148 0.686169 0.504867 0.00196433
1149 0.686169 0.513095 0.00197384
1150 0.686169 0.508598 0.00183618
1151 0.686169 0.50684 0.00167273
1152 0.686169 0.509048 0.00176891
1153 0.686169 0.510582 0.00191817
1154 0.686169 0.507952 0.00179046
1155 0.686169 0.508097 0.00187221
1156 0.686169 0.507804 0.00183319
1157 0.686169 0.507819 0.00188647
1158 0.686169 0.510711 0.00186347
1159 0.686169 0.509732 0.00193381
1160 0.686169 0.509555 0.00200108
1161 0.686169 0.508996 0.00180097
1162 0.686169 0.507898 0.00190335
1163 0.686169 0.506461 0.00195216
1164 0.686169 0.504499 0.002156
1165 0.686169 0.509409 0.00197149
1166 0.686169 0.510582 0.00223173
1167 0.686169 0.506865 0.00173344
1168 0.686169 0.503923 0.00211888
1169 0.686169 0.510897 0.00196013
1170 0.686169 0.507968 0.00170192
1171 0.686169 0.507215 0.00188171
1172 0.686169 0.511359 0.00220515
1173 0.686169 0.510126 0.00213127
1174 0.686169 0.505503 0.00215495
1175 0.686169 0.504146 0.0018721
1176 0.686169 0.500927 0.00197713
1177 0.686169 0.509685 0.00170246
1178 0.686169 0.506105 0.00176682
1179 0.686169 0.505993 0.00168692
1180 0.686169 0.508042 0.00170715
1181 0.686169 0.508149 0.00186341
1182 0.686169 0.508622 0.00176074
1183 0.686169 0.510435 0.00185498
1184 0.686169 0.506745 0.0018158
1185 0.686169 0.51235 0.00204465
1186 0.686169 0.510316 0.00200478
1187 0.686169 0.509967 0.00201063
1188 0.686169 0.507724 0.00217699
1189 0.686169 0.507077 0.00200069
1190 0.686169 0.510148 0.002085
1191 0.686169 0.508919 0.00195135
1192 0.686169 0.507305 0.00200999
1193 0.686169 0.506823 0.00197841
1194 0.686169 0.507588 0.00181338
1195 0.686169 0.504154 0.0019435
1196 0.686169 0.502513 0.00198995
1197 0.686169 0.505515 0.00181535
1198 0.686169 0.506249 0.0018698
1199 0.686169 0.504342 0.00204417
1200 0.686169 0.503906 0.00207264
1201 0.686169 0.506925 0.00187807
1202 0.686169 0.50525 0.00192184
1203 0.686169 0.504939 0.00195373
1204 0.686169 0.507684 0.00187549
1205 0.686169 0.503553 0.00200633
1206 0.686169 0.508511 0.00206013
1207 0.686169 0.508499 0.00213029
1208 0.686169 0.508915 0.00196363
1209 0.686169 0.506563 0.00214324
1210 0.686169 0.508622 0.0016963
1211 0.686169 0.508749 0.00210142
1212 0.686169 0.510714 0.00176376
1213 0.686169 0.507215 0.00198311
1214 0.686169 0.50406 0.00200243
1215 0.686169 0.510593 0.00207107
1216 0.686169 0.507183 0.00195926
1217 0.686169 0.506784 0.00172801
1218 0.686169 0.499927 0.00196586
1219 0.686169 0.507239 0.00191088
1220 0.686169 0.505315 0.00224461
1221 0.686169 0.505309 0.00193588
1222 0.686169 0.504866 0.00221828
1223 0.686169 0.5042 0.00192161
1224 0.686169 0.508029 0.00209979
1225 0.686169 0.502228 0.00188571
1226 0.686169 0.505558 0.0018014
1227 0.686169 0.507209 0.0019034
1228 0.686169 0.506266 0.00179941
1229 0.686169 0.508269 0.00213846
1230 0.686169 0.507103 0.00190221
1231 0.686169 0.50508 0.00170355
1232 0.686169 0.507614 0.00190613
1233 0.686169 0.509392 0.00199707
1234 0.686169 0.511066 0.00174468
1235 0.686169 0.507207 0.00177049
1236 0.686169 0.509136 0.00206654
1237 0.686169 0.509803 0.0015906
1238 0.686169 0.508989 0.00178421
1239 0.686169 0.508322 0.00190013
1240 0.686169 0.509276 0.00199491
1241 0.686169 0.512577 0.00179513
1242 0.686169 0.507031 0.00193747
1243 0.686169 0.504556 0.00191816
1244 0.686169 0.505822 0.00207738
1245 0.686169 0.507238 0.0017421
1246 0.686169 0.512588 0.00192443
1247 0.686169 0.508864 0.00184954
1248 0.686169 0.509595 0.00231435
1249 0.686169 0.511543 0.00193305
1250 0.686169 0.511738 0.00205014
1251 0.686169 0.510296 0.0018659
1252 0.686169 0.506244 0.00208117
1253 0.686169 0.511529 0.00207451
1254 0.686169 0.503379 0.00201062
1255 0.686169 0.506427 0.00228303
1256 0.686169 0.50473 0.00215521
1257 0.686169 0.506725 0.00177939
1258 0.686169 0.503143 0.00207897
1259 0.686169 0.510203 0.00174921
1260 0.686169 0.509932 0.0017221
1261 0.686169 0.509619 0.00186547
1262 0.686169 0.506187 0.00227762
1263 0.686169 0.50371 0.00179633
1264 0.686169 0.509764 0.00182506
1265 0.686169 0.508472 0.00213142
1266 0.686169 0.511676 0.00169214
1267 0.686169 0.508409 0.00175479
1268 0.686169 0.509517 0.00185125
1269 0.686169 0.508734 0.00196953
1270 0.686169 0.50709 0.00181259
1271 0.686169 0.508876 0.00184361
1272 0.686169 0.503739 0.00206051
1273 0.686169 0.504001 0.00199857
1274 0.686169 0.508928 0.00171461
1275 0.686169 0.512624 0.00160254
1276 0.686169 0.511184 0.0020932
1277 0.686169 0.50969 0.00173645
1278 0.686169 0.510402 0.00177789
1279 0.686169 0.509768 0.00190269
1280 0.686169 0.505368 0.00190224
1281 0.686169 0.50838 0.00186899
1282 0.686169 0.512152 0.00215473
1283 0.686169 0.507351 0.00190481
1284 0.686169 0.50428 0.00183639
1285 0.686169 0.503235 0.00237339
1286 0.686169 0.505123 0.00189463
1287 0.686169 0.50156 0.00212334
1288 0.686169 0.506652 0.0019809
1289 0.686169 0.513485 0.00224602
1290 0.686169 0.508793 0.00189034
1291 0.686169 0.512081 0.00225273
1292 0.686169 0.510427 0.00216112
1293 0.686169 0.507698 0.00184361
1294 0.686169 0.50987 0.00178248
1295 0.686169 0.511152 0.00202296
1296 0.686169 0.508942 0.00206279
1297 0.686169 0.507135 0.00178475
1298 0.686169 0.509916 0.00192136
1299 0.686169 0.50862 0.00177874
1300 0.686169 0.508263 0.00180441
1301 0.686169 0.503282 0.00180123
1302 0.686169 0.512253 0.00165747
1303 0.686169 0.507491 0.00218057
1304 0.686169 0.509579 0.00167548
1305 0.686169 0.507255 0.00186855
1306 0.686169 0.507654 0.00218874
1307 0.686169 0.511953 0.00215765
1308 0.686169 0.508944 0.00208835
1309 0.686169 0.509086 0.00183075
1310 0.686169 0.511547 0.00182207
1311 0.686169 0.504409 0.0019097
1312 0.686169 0.505852 0.00181457
1313 0.686169 0.503228 0.00207584
1314 0.686169 0.507092 0.00196578
1315 0.686169 0.506743 0.00171209
1316 0.686169 0.505103 0.00188275
1317 0.686169 0.50896 0.00197285
1318 0.686169 0.505103 0.00213422
1319 0.686169 0.505847 0.00207476
1320 0.686169 0.511044 0.00227288
1321 0.686169 0.507739 0.00202788
1322 0.686169 0.508705 0.00215151
1323 0.686169 0.506737 0.00208338
1324 0.686169 0.511191 0.00179148
1325 0.686169 0.508856 0.00227516
1326 0.686169 0.51109 0.0021198
1327 0.686169 0.508598 0.00189256
1328 0.686169 0.511571 0.00185279
1329 0.686169 0.513626 0.00193285
1330 0.686169 0.506203 0.00194713
1331 0.686169 0.50782 0.00190707
1332 0.686169 0.507732 0.00200759
1333 0.686169 0.50562 0.0019542
1334 0.686169 0.506857 0.0020333
1335 0.686169 0.505225 0.00191241
1336 0.686169 0.507221 0.00186374
1337 0.686169 0.507257 0.00202837
1338 0.686169 0.508359 0.00194866
1339 0.686169 0.511522 0.00182126
1340 0.686169 0.509169 0.00227737
1341 0.686169 0.507893 0.00219165
1342 0.686169 0.507096 0.00229219
1343 0.686169 0.511002 0.00185186
1344 0.686169 0.51217 0.00195449
1345 0.686169 0.509462 0.00189926
1346 0.686169 0.506411 0.00178957
1347 0.686169 0.503796 0.0019543
1348 0.686169 0.507041 0.00196424
1349 0.686169 0.506337 0.00193684
1350 0.686169 0.503842 0.00208635
1351 0.686169 0.50385 0.00210131
1352 0.686169 0.503191 0.00194743
1353 0.686169 0.50315 0.00214855
1354 0.686169 0.506654 0.00198807
1355 0.686169 0.505281 0.00186051
1356 0.686169 0.505755 0.00176246
1357 0.686169 0.50915 0.0017203
1358 0.686169 0.51045 0.00238515
1359 0.686169 0.506386 0.00192217
1360 0.686169 0.508311 0.00181367
1361 0.686169 0.508318 0.00179131
1362 0.686169 0.509388 0.00187799
1363 0.686169 0.508278 0.00193998
1364 0.686169 0.506932 0.00193296
1365 0.686169 0.506909 0.00205506
1366 0.686169 0.508223 0.00190446
1367 0.686169 0.510646 0.00179033
1368 0.686169 0.512109 0.00213868
1369 0.686169 0.507373 0.00201858
1370 0.686169 0.512308 0.00179101
1371 0.686169 0.506545 0.00186494
1372 0.686169 0.508637 0.00187786
1373 0.686169 0.509261 0.00174691
1374 0.686169 0.505794 0.00183297
1375 0.686169 0.509002 0.00218578
1376 0.686169 0.505287 0.0017573
1377 0.686169 0.504922 0.00195657
1378 0.686169 0.504076 0.00177744
1379 0.686169 0.506754 0.00169181
1380 0.686169 0.50648 0.00173677
1381 0.686169 0.50672 0.00176608
1382 0.686169 0.507259 0.00203194
1383 0.686169 0.510356 0.0020087
1384 0.686169 0.508438 0.00166462
1385 0.686169 0.507275 0.00179875
1386 0.686169 0.508102 0.00157195
1387 0.686169 0.508879 0.00180312
1388 0.686169 0.51207 0.00187
1389 0.686169 0.509781 0.00174739
1390 0.686169 0.509712 0.00186881
1391 0.686169 0.506501 0.00174677
1392 0.686169 0.507742 0.00179345
1393 0.686169 0.505675 0.00172792
1394 0.686169 0.503763 0.00208691
1395 0.686169 0.507322 0.00211856
1396 0.686169 0.5081 0.00174759
1397 0.686169 0.509638 0.00218648
1398 0.686169 0.507308 0.00209093
1399 0.686169 0.507354 0.00201304
1400 0.686169 0.506422 0.00187438
1401 0.686169 0.506849 0.00176014
1402 0.686169 0.508425 0.00201585
1403 0.686169 0.512037 0.00210422
1404 0.686169 0.508919 0.00180793
1405 0.686169 0.507772 0.00179377
1406 0.686169 0.508055 0.00166911
1407 0.686169 0.508188 0.00234499
1408 0.686169 0.508089 0.00216703
1409 0.686169 0.504298 0.00206169
1410 0.686169 0.511646 0.0020599
1411 0.686169 0.506405 0.0020124
1412 0.686169 0.505587 0.00191117
1413 0.686169 0.503327 0.00218648
1414 0.686169 0.505597 0.00189177
1415 0.686169 0.504929 0.00192237
1416 0.686169 0.508518 0.00192554
1417 0.686169 0.503811 0.0021499
1418 0.686169 0.508582 0.00199999
1419 0.686169 0.512661 0.0019563
1420 0.686169 0.507658 0.00201229
1421 0.686169 0.507239 0.00215717
1422 0.686169 0.506495 0.00192231
1423 0.686169 0.504965 0.00211252
1424 0.686169 0.508842 0.00213034
1425 0.686169 0.507347 0.00194299
1426 0.686169 0.507866 0.00213997
1427 0.686169 0.509878 0.00196509
1428 0.686169 0.503456 0.00187076
1429 0.686169 0.509314 0.00180586
1430 0.686169 0.505102 0.00172125
1431 0.686169 0.506902 0.0021774
1432 0.686169 0.509686 0.00182926
1433 0.686169 0.506222 0.00168963
1434 0.686169 0.505516 0.00175963
1435 0.686169 0.512212 0.00189304
1436 0.686169 0.506905 0.00183171
1437 0.686169 0.507905 0.00177299
1438 0.686169 0.50942 0.001778
1439 0.686169 0.506475 0.00171515
1440 0.686169 0.508562 0.00174984
1441 0.686169 0.508894 0.00166896
1442 0.686169 0.508605 0.00174071
1443 0.686169 0.508028 0.00172805
1444 0.686169 0.511888 0.00202494
1445 0.686169 0.509037 0.00241537
1446 0.686169 0.509647 0.00203265
1447 0.686169 0.503501 0.00208753
1448 0.686169 0.506352 0.00195
1449 0.686169 0.506415 0.0018786
1450 0.686169 0.504925 0.00185697
1451 0.686169 0.503887 0.00208727
1452 0.686169 0.507965 0.00170686
1453 0.686169 0.505563 0.00176106
1454 0.686169 0.507326 0.00172162
1455 0.686169 0.507645 0.00189868
1456 0.686169 0.506278 0.00190368
1457 0.686169 0.508586 0.0017677
1458 0.686169 0.508735 0.00187363
1459 0.686169 0.505911 0.00183971
1460 0.686169 0.509727 0.00193338
1461 0.686169 0.508686 0.00193677
1462 0.686169 0.508389 0.00194801
1463 0.686169 0.507594 0.00172813
1464 0.686169 0.507948 0.00158988
1465 0.686169 0.5073 0.00201239
1466 0.686169 0.50709 0.00175958
1467 0.686169 0.510931 0.00188956
1468 0.686169 0.510154 0.00197772
1469 0.686169 0.513304 0.0021128
1470 0.686169 0.50885 0.0019672
1471 0.686169 0.508363 0.00183473
1472 0.686169 0.502905 0.00219306
1473 0.686169 0.504516 0.00193087
1474 0.686169 0.508508 0.00224254
1475 0.686169 0.505965 0.00225613
1476 0.686169 0.509095 0.00205516
1477 0.686169 0.506352 0.00206778
1478 0.686169 0.505598 0.00202395
1479 0.686169 0.511916 0.00166308
1480 0.686169 0.508896 0.00193303
1481 0.686169 0.503469 0.0021697
1482 0.686169 0.508695 0.00202559
1483 0.686169 0.509604 0.00209728
1484 0.686169 0.507454 0.00202558
1485 0.686169 0.504907 0.0019564
1486 0.686169 0.506621 0.00185515
1487 0.686169 0.502231 0.00198983
1488 0.686169 0.508356 0.0016905
1489 0.686169 0.508622 0.00186128
1490 0.686169 0.506337 0.0021289
1491 0.686169 0.508502 0.00208342
1492 0.686169 0.511615 0.00185376
1493 0.686169 0.504035 0.0019413
1494 0.686169 0.50426 0.00194967
1495 0.686169 0.507106 0.00194168
1496 0.686169 0.508189 0.00182333
1497 0.686169 0.508032 0.00198186
1498 0.686169 0.509306 0.00194326
1499 0.686169 0.504886 0.00177184
1500 0.686169 0.509653 0.00221789
1501 0.686169 0.504086 0.00191799
1502 0.686169 0.506592 0.00206679
1503 0.686169 0.507959 0.00177206
1504 0.686169 0.506904 0.00184514
1505 0.686169 0.50701 0.00180087
1506 0.686169 0.50532 0.0023275
1507 0.686169 0.508531 0.00210412
1508 0.686169 0.50631 0.00188836
1509 0.686169 0.507749 0.00192945
1510 0.686169 0.508885 0.00178105
1511 0.686169 0.505719 0.00199682
1512 0.686169 0.504446 0.00219986
1513 0.686169 0.508296 0.0017465
1514 0.686169 0.503875 0.00166233
1515 0.686169 0.50826 0.00200165
1516 0.686169 0.50679 0.00189305
1517 0.686169 0.505302 0.00196231
1518 0.686169 0.512051 0.0019774
1519 0.686169 0.504844 0.00187958
1520 0.686169 0.507828 0.00207553
1521 0.686169 0.506885 0.00177824
1522 0.686169 0.509184 0.001948
1523 0.686169 0.507933 0.00189674
1524 0.686169 0.509131 0.0017917
1525 0.686169 0.507669 0.00202559
1526 0.686169 0.511653 0.00211167
1527 0.686169 0.508979 0.00191573
1528 0.686169 0.5086 0.0019652
1529 0.686169 0.509682 0.00193585
1530 0.686169 0.50574 0.00213805
1531 0.686169 0.505592 0.00176477
1532 0.686169 0.507032 0.00207684
1533 0.686169 0.507905 0.00180446
1534 0.686169 0.510058 0.00175004
1535 0.686169 0.508143 0.00166503
1536 0.686169 0.509748 0.00176464
1537 0.686169 0.507752 0.00167956
1538 0.686169 0.507261 0.00202248
1539 0.686169 0.508519 0.00163642
1540 0.686169 0.5054 0.00179066
1541 0.686169 0.510206 0.00175305
1542 0.686169 0.508018 0.00181283
1543 0.686169 0.505946 0.00179821
1544 0.686169 0.506566 0.00170533
1545 0.686169 0.506731 0.00157071
1546 0.686169 0.508596 0.00162372
1547 0.686169 0.509146 0.00201783
1548 0.686169 0.502966 0.00197798
1549 0.686169 0.510763 0.00218128
1550 0.686169 0.508419 0.00164312
1551 0.686169 0.50824 0.00173111
1552 0.686169 0.509587 0.00183284
1553 0.686169 0.504353 0.00188201
1554 0.686169 0.508205 0.00174421
1555 0.686169 0.509142 0.00166511
1556 0.686169 0.509847 0.00188145
1557 0.686169 0.506715 0.00172409
1558 0.686169 0.50437 0.00193104
1559 0.686169 0.508107 0.0021395
1560 0.686169 0.508165 0.00192366
1561 0.686169 0.50545 0.00193514
1562 0.686169 0.510314 0.00164451
1563 0.686169 0.505674 0.00190816
1564 0.686169 0.50571 0.0017869
1565 0.686169 0.506668 0.00182397
1566 0.686169 0.505135 0.00172875
1567 0.686169 0.504899 0.001625
1568 0.686169 0.510257 0.00184408
1569 0.686169 0.506653 0.0020749
1570 0.686169 0.506105 0.00185844
1571 0.686169 0.507945 0.00189925
1572 0.686169 0.507091 0.00223249
1573 0.686169 0.50734 0.00195553
1574 0.686169 0.506561 0.00200441
1575 0.686169 0.508393 0.00218751
1576 0.686169 0.505987 0.00181709
1577 0.686169 0.505962 0.00188301
1578 0.686169 0.509488 0.00184872
1579 0.686169 0.506763 0.00218072
1580 0.686169 0.508803 0.00231456
1581 0.686169 0.507452 0.0022171
1582 0.686169 0.502655 0.00206782
1583 0.686169 0.506526 0.00212443
1584 0.686169 0.507289 0.00187443
1585 0.686169 0.509049 0.00207395
1586 0.686169 0.508408 0.00184555
1587 0.686169 0.511128 0.0020288
1588 0.686169 0.511084 0.00205237
1589 0.686169 0.506937 0.00176447
1590 0.686169 0.506819 0.00185907
1591 0.686169 0.510447 0.00215202
1592 0.686169 0.507703 0.00186242
1593 0.686169 0.510974 0.00204946
1594 0.686169 0.50904 0.00216217
1595 0.686169 0.509081 0.00201808
1596 0.686169 0.508198 0.00208108
1597 0.686169 0.506846 0.00198083
1598 0.686169 0.508061 0.00192233
1599 0.686169 0.508038 0.00189437
1600 0.686169 0.510368 0.00191538
1601 0.686169 0.514684 0.00210249
1602 0.686169 0.50858 0.00213139
1603 0.686169 0.513209 0.0022315
1604 0.686169 0.506771 0.00210762
1605 0.686169 0.512454 0.00190839
1606 0.686169 0.506517 0.00188344
1607 0.686169 0.510056 0.00211385
1608 0.686169 0.509071 0.0019509
1609 0.686169 0.511583 0.00180232
1610 0.686169 0.511079 0.0021219
1611 0.686169 0.50807 0.00191175
1612 0.686169 0.506825 0.00200945
1613 0.686169 0.511313 0.00173424
1614 0.686169 0.511991 0.00210393
1615 0.686169 0.510416 0.00195118
1616 0.686169 0.512033 0.00190859
1617 0.686169 0.507101 0.00178303
1618 0.686169 0.507097 0.00186753
1619 0.686169 0.511175 0.00191773
1620 0.686169 0.511534 0.0016295
1621 0.686169 0.511947 0.00192627
1622 0.686169 0.508299 0.00192257
1623 0.686169 0.511778 0.00184594
1624 0.686169 0.509708 0.00170048
1625 0.686169 0.509005 0.00172499
1626 0.686169 0.512493 0.00190617
1627 0.686169 0.510176 0.00170665
1628 0.686169 0.506003 0.0016822
1629 0.686169 0.50808 0.00193537
1630 0.686169 0.506335 0.00193237
1631 0.686169 0.505531 0.00180493
1632 0.686169 0.502779 0.00191388
1633 0.686169 0.503486 0.00181931
1634 0.686169 0.506559 0.001875
1635 0.686169 0.506326 0.00201007
1636 0.686169 0.509508 0.00184478
1637 0.686169 0.505926 0.00210005
1638 0.686169 0.508028 0.00193376
1639 0.686169 0.504902 0.0020817
1640 0.686169 0.506505 0.00220624
1641 0.686169 0.512535 0.00177601
1642 0.686169 0.507825 0.00205672
1643 0.686169 0.505251 0.00191138
1644 0.686169 0.505342 0.00187146
1645 0.686169 0.510398 0.00208233
1646 0.686169 0.506079 0.00213417
1647 0.686169 0.506485 0.00198427
1648 0.686169 0.505318 0.00205927
1649 0.686169 0.507074 0.00211626
1650 0.686169 0.505005 0.00206421
1651 0.686169 0.508812 0.00194468
1652 0.686169 0.507057 0.00202714
1653 0.686169 0.50787 0.00198966
1654 0.686169 0.51009 0.002147
1655 0.686169 0.507758 0.00190919
1656 0.686169 0.509945 0.00186405
1657 0.686169 0.506772 0.00186917
1658 0.686169 0.509588 0.00198035
1659 0.686169 0.508056 0.00189444
1660 0.686169 0.511647 0.00192607
1661 0.686169 0.507846 0.00230401
1662 0.686169 0.505933 0.00196127
1663 0.686169 0.507609 0.00192577
1664 0.686169 0.507108 0.00184911
1665 0.686169 0.505111 0.00223369
1666 0.686169 0.508656 0.00186964
1667 0.686169 0.512852 0.00212522
1668 0.686169 0.510253 0.00209053
1669 0.686169 0.505552 0.00183812
1670 0.686169 0.505979 0.00175392
1671 0.686169 0.508358 0.00203499
1672 0.686169 0.506919 0.00199024
1673 0.686169 0.507907 0.00184542
1674 0.686169 0.51139 0.0022426
1675 0.686169 0.511243 0.00164437
1676 0.686169 0.512585 0.00225604
1677 0.686169 0.510114 0.00168756
1678 0.686169 0.50965 0.00187955
1679 0.686169 0.50893 0.00197872
1680 0.686169 0.506878 0.00205675
1681 0.686169 0.505848 0.00210006
1682 0.686169 0.508543 0.00220367
1683 0.686169 0.509882 0.00221429
1684 0.686169 0.509163 0.00199148
1685 0.686169 0.50995 0.00213394
1686 0.686169 0.50688 0.00202525
1687 0.686169 0.504123 0.00198777
1688 0.686169 0.509122 0.00203288
1689 0.686169 0.504733 0.0018179
1690 0.686169 0.504942 0.00180612
1691 0.686169 0.509061 0.00202793
1692 0.686169 0.504066 0.00214679
1693 0.686169 0.509103 0.00203438
1694 0.686169 0.506036 0.00192458
1695 0.686169 0.509296 0.00206622
1696 0.686169 0.508757 0.00234014
1697 0.686169 0.503528 0.00232058
1698 0.686169 0.508889 0.00191097
1699 0.686169 0.510718 0.00218666
1700 0.686169 0.503988 0.00203741
1701 0.686169 0.502783 0.00244507
1702 0.686169 0.509483 0.0020256
1703 0.686169 0.505117 0.00213526
1704 0.686169 0.509738 0.00246009
1705 0.686169 0.505177 0.00208024
1706 0.686169 0.51053 0.0020672
1707 0.686169 0.50687 0.00213788
1708 0.686169 0.505511 0.00214663
1709 0.686169 0.508906 0.00199557
1710 0.686169 0.509264 0.00197019
1711 0.686169 0.5132 0.00224744
1712 0.686169 0.512972 0.00231492
1713 0.686169 0.509567 0.00163107
1714 0.686169 0.505705 0.00202743
1715 0.686169 0.506916 0.00192105
1716 0.686169 0.510468 0.0016571
1717 0.686169 0.51098 0.00187789
1718 0.686169 0.511407 0.00199649
1719 0.686169 0.506738 0.00168123
1720 0.686169 0.506439 0.00212261
1721 0.686169 0.514219 0.00190758
1722 0.686169 0.512981 0.00189406
1723 0.686169 0.511443 0.00214765
1724 0.686169 0.506123 0.00228087
1725 0.686169 0.504752 0.00218928
1726 0.686169 0.508566 0.00188303
1727 0.686169 0.511441 0.00223442
1728 0.686169 0.508178 0.00195643
1729 0.686169 0.50729 0.00218909
1730 0.686169 0.50433 0.00211344
1731 0.686169 0.505943 0.0022144
1732 0.686169 0.510111 0.00183305
1733 0.686169 0.512659 0.00202665
1734 0.686169 0.50873 0.00250349
1735 0.686169 0.507493 0.00233538
1736 0.686169 0.510704 0.00215832
1737 0.686169 0.502721 0.00204419
1738 0.686169 0.511136 0.00186284
1739 0.686169 0.503586 0.00182923
1740 0.686169 0.506647 0.00190967
1741 0.686169 0.508787 0.00189079
1742 0.686169 0.506089 0.00194768
1743 0.686169 0.51007 0.00213182
1744 0.686169 0.507756 0.00198467
1745 0.686169 0.514503 0.00224584
1746 0.686169 0.502188 0.00205934
1747 0.686169 0.506714 0.00203486
1748 0.686169 0.507468 0.00182866
1749 0.686169 0.507387 0.00182381
1750 0.686169 0.505981 0.00206011
1751 0.686169 0.505845 0.00212833
1752 0.686169 0.504005 0.00190524
1753 0.686169 0.509201 0.00163332
1754 0.686169 0.510576 0.00213764
1755 0.686169 0.507349 0.00229735
1756 0.686169 0.509399 0.00183258
1757 0.686169 0.50642 0.00197148
1758 0.686169 0.508387 0.00183929
1759 0.686169 0.511085 0.00196269
1760 0.686169 0.512671 0.00190953
1761 0.686169 0.511837 0.0019848
1762 0.686169 0.510912 0.00219489
1763 0.686169 0.512105 0.00219373
1764 0.686169 0.509803 0.00192789
1765 0.686169 0.503919 0.00197475
1766 0.686169 0.505931 0.00200657
1767 0.686169 0.504615 0.00205587
1768 0.686169 0.500979 0.00202522
1769 0.686169 0.50316 0.00188136
1770 0.686169 0.507647 0.00196553
1771 0.686169 0.506961 0.00187601
1772 0.686169 0.507973 0.00187919
1773 0.686169 0.512432 0.00203645
1774 0.686169 0.508354 0.00163615
1775 0.686169 0.508718 0.00172737
1776 0.686169 0.509328 0.00194816
1777 0.686169 0.51125 0.00241263
1778 0.686169 0.509715 0.0024371
1779 0.686169 0.508625 0.00205965
1780 0.686169 0.505859 0.0019342
1781 0.686169 0.504 0.00208639
1782 0.686169 0.504881 0.00240137
1783 0.686169 0.50879 0.00190219
1784 0.686169 0.510932 0.0021269
1785 0.686169 0.508313 0.00199204
1786 0.686169 0.505542 0.00235442
1787 0.686169 0.507217 0.00222778
1788 0.686169 0.504594 0.00212141
1789 0.686169 0.509735 0.00209896
1790 0.686169 0.507475 0.00195106
1791 0.686169 0.508561 0.00175132
1792 0.686169 0.508406 0.00188148
1793 0.686169 0.505986 0.00187911
1794 0.686169 0.507571 0.00198891
1795 0.686169 0.506703 0.00191217
1796 0.686169 0.502151 0.00205554
1797 0.686169 0.503624 0.00201329
1798 0.686169 0.508247 0.00190931
1799 0.686169 0.50737 0.00189082
1800 0.686169 0.509705 0.00207645
1801 0.686169 0.507243 0.00196192
1802 0.686169 0.505911 0.00225229
1803 0.686169 0.504221 0.00197957
1804 0.686169 0.509439 0.00211518
1805 0.686169 0.508923 0.00202905
1806 0.686169 0.507701 0.00212586
1807 0.686169 0.513034 0.00200279
1808 0.686169 0.511486 0.00192897
1809 0.686169 0.50878 0.00179461
1810 0.686169 0.507665 0.00207486
1811 0.686169 0.50993 0.00201893
1812 0.686169 0.509719 0.0018768
1813 0.686169 0.508345 0.00217692
1814 0.686169 0.510603 0.00157357
1815 0.686169 0.507562 0.0018208
1816 0.686169 0.507402 0.00185867
1817 0.686169 0.506859 0.00185189
1818 0.686169 0.507537 0.00194209
1819 0.686169 0.508989 0.00194898
1820 0.686169 0.50367 0.00194464
1821 0.686169 0.505304 0.00195873
1822 0.686169 0.508137 0.00187391
1823 0.686169 0.505352 0.0017599
1824 0.686169 0.506689 0.00206608
1825 0.686169 0.505102 0.0019538
1826 0.686169 0.508668 0.00187655
1827 0.686169 0.508064 0.00210721
1828 0.686169 0.508515 0.0021379
1829 0.686169 0.508958 0.00204391
1830 0.686169 0.505853 0.00204584
1831 0.686169 0.511604 0.00179946
1832 0.686169 0.511473 0.00175625
1833 0.686169 0.50982 0.00214152
1834 0.686169 0.510442 0.00178028
1835 0.686169 0.509225 0.00157873
1836 0.686169 0.508975 0.00188039
1837 0.686169 0.506485 0.0019797
1838 0.686169 0.509137 0.00205471
1839 0.686169 0.511309 0.00218455
1840 0.686169 0.51255 0.00217984
1841 0.686169 0.508911 0.00183548
1842 0.686169 0.504431 0.00218932
1843 0.686169 0.511929 0.00202574
1844 0.686169 0.509404 0.00221135
1845 0.686169 0.507192 0.00197254
1846 0.686169 0.509038 0.00184483
1847 0.686169 0.509453 0.0018937
1848 0.686169 0.507425 0.00192482
1849 0.686169 0.505781 0.00199381
1850 0.686169 0.506958 0.00200279
1851 0.686169 0.506768 0.00169898
1852 0.686169 0.508283 0.00189461
1853 0.686169 0.507659 0.0019965
1854 0.686169 0.50712 0.00188384
1855 0.686169 0.506289 0.0022934
1856 0.686169 0.506271 0.00231191
1857 0.686169 0.507276 0.00219909
1858 0.686169 0.504208 0.00176645
1859 0.686169 0.506013 0.00197668
1860 0.686169 0.510754 0.00210317
1861 0.686169 0.508103 0.0019903
1862 0.686169 0.507604 0.00185564
1863 0.686169 0.510461 0.00174882
1864 0.686169 0.507623 0.00174623
1865 0.686169 0.505675 0.0018268
1866 0.686169 0.506175 0.00181289
1867 0.686169 0.509734 0.00183414
1868 0.686169 0.508878 0.00172068
1869 0.686169 0.510319 0.00201439
1870 0.686169 0.509576 0.0020226
1871 0.686169 0.510449 0.00219052
1872 0.686169 0.508991 0.00199126
1873 0.686169 0.50872 0.00192478
1874 0.686169 0.510849 0.00201353
1875 0.686169 0.510443 0.00212342
1876 0.686169 0.51072 0.00192306
1877 0.686169 0.507591 0.00170098
1878 0.686169 0.506705 0.00189157
1879 0.686169 0.506482 0.00192029
1880 0.686169 0.508427 0.00193442
1881 0.686169 0.506396 0.00232892
1882 0.686169 0.504757 0.00205185
1883 0.686169 0.505796 0.00181476
1884 0.686169 0.503308 0.00203
1885 0.686169 0.502944 0.00219323
1886 0.686169 0.507474 0.00186389
1887 0.686169 0.510558 0.00177389
1888 0.686169 0.50871 0.00187242
1889 0.686169 0.511537 0.00186689
1890 0.686169 0.509047 0.00212254
1891 0.686169 0.507287 0.00203594
1892 0.686169 0.506999 0.00202641
1893 0.686169 0.504569 0.00189971
1894 0.686169 0.503125 0.00234571
1895 0.686169 0.503821 0.0019974
1896 0.686169 0.505937 0.00189246
1897 0.686169 0.508063 0.00193214
1898 0.686169 0.508733 0.00198115
1899 0.686169 0.50486 0.00212882
1900 0.686169 0.506554 0.00195318
1901 0.686169 0.507437 0.0022212
1902 0.686169 0.508996 0.00217843
1903 0.686169 0.506425 0.0020291
1904 0.686169 0.508951 0.00229488
1905 0.686169 0.507672 0.0020695
1906 0.686169 0.507285 0.00249859
1907 0.686169 0.50436 0.00221256
1908 0.686169 0.510653 0.00220231
1909 0.686169 0.509344 0.00211777
1910 0.686169 0.506151 0.00212496
1911 0.686169 0.508111 0.00231554
1912 0.686169 0.508955 0.00244483
1913 0.686169 0.5032 0.00190096
1914 0.686169 0.510042 0.00193997
1915 0.686169 0.506784 0.00187228
1916 0.686169 0.50851 0.00205781
1917 0.686169 0.506596 0.00191465
1918 0.686169 0.508737 0.00193312
1919 0.686169 0.505882 0.00186764
1920 0.686169 0.506999 0.00190206
1921 0.686169 0.504161 0.00196511
1922 0.686169 0.503994 0.00181547
1923 0.686169 0.510608 0.00182798
1924 0.686169 0.508192 0.00188658
1925 0.686169 0.505078 0.00229312
1926 0.686169 0.507372 0.00176372
1927 0.686169 0.509706 0.00190007
1928 0.686169 0.508355 0.0023294
1929 0.686169 0.506447 0.00239112
1930 0.686169 0.511363 0.00219581
1931 0.686169 0.506771 0.00196954
1932 0.686169 0.508238 0.0016751
1933 0.686169 0.510226 0.00179132
1934 0.686169 0.510508 0.00188041
1935 0.686169 0.510649 0.00207203
1936 0.686169 0.504125 0.00209008
1937 0.686169 0.50886 0.00239281
1938 0.686169 0.506586 0.00199588
1939 0.686169 0.509585 0.00162193
1940 0.686169 0.51401 0.00212293
1941 0.686169 0.506134 0.00203408
1942 0.686169 0.507791 0.00212641
1943 0.686169 0.505338 0.00177625
1944 0.686169 0.509797 0.00196937
1945 0.686169 0.505032 0.00180474
1946 0.686169 0.504762 0.00197231
1947 0.686169 0.505983 0.00201393
1948 0.686169 0.505502 0.0018802
1949 0.686169 0.50613 0.0018682
1950 0.686169 0.507017 0.00187865
1951 0.686169 0.506846 0.00217843
1952 0.686171 0.515009 0.00223637
1953 0.686171 0.511142 0.00192891
1954 0.686171 0.507378 0.00211632
1955 0.686171 0.509977 0.00193567
1956 0.686171 0.510957 0.0018076
1957 0.686171 0.508411 0.00192998
1958 0.686171 0.505569 0.00189981
1959 0.686171 0.50708 0.00212279
1960 0.686171 0.507027 0.00194845
1961 0.686171 0.50919 0.00189533
1962 0.686171 0.509686 0.00182886
1963 0.686171 0.503223 0.0018901
1964 0.686171 0.512341 0.00219701
1965 0.686171 0.510516 0.0020417
1966 0.686171 0.503284 0.00222618
1967 0.686171 0.509365 0.00223616
1968 0.686171 0.5047 0.00212037
1969 0.686171 0.503585 0.00218633
1970 0.686171 0.503441 0.00260666
1971 0.686171 0.50475 0.00223852
1972 0.686171 0.508794 0.00208937
1973 0.686171 0.50807 0.00195148
1974 0.686171 0.510412 0.00182072
1975 0.686171 0.507024 0.00185298
1976 0.686171 0.506838 0.00199595
1977 0.686171 0.506525 0.00195834
1978 0.686171 0.508807 0.00207171
1979 0.686171 0.506915 0.00209225
1980 0.686171 0.502561 0.00181126
1981 0.686171 0.505492 0.00185101
1982 0.686171 0.504529 0.00231186
1983 0.686171 0.505119 0.00210989
1984 0.686171 0.509686 0.00201678
1985 0.686171 0.508183 0.00190998
1986 0.686171 0.510255 0.00168517
1987 0.686171 0.511173 0.00194584
1988 0.686171 0.503224 0.00192979
1989 0.686171 0.507452 0.00209294
1990 0.686171 0.509665 0.00192853
1991 0.686171 0.5062 0.00193456
1992 0.686171 0.50643 0.0020064
1993 0.686973 0.509788 0.00241681
1994 0.686973 0.506104 0.00201918
1995 0.686973 0.511515 0.00183071
1996 0.686973 0.505054 0.00193548
1997 0.686973 0.509674 0.0022707
1998 0.686973 0.507804 0.00217554
1999 0.686973 0.505322 0.00198491
2000 0.686973 0.504966 0.00195288
2001 0.686973 0.508515 0.00187728
2002 0.686973 0.505658 0.00209033
2003 0.686973 0.507464 0.00197317
2004 0.686973 0.508916 0.00205016
2005 0.686973 0.50499 0.00194018
2006 0.686973 0.5064 0.00181986
2007 0.686973 0.509666 0.00205595
2008 0.686973 0.510272 0.002222
2009 0.686973 0.507203 0.00199016
2010 0.686973 0.507056 0.00187633
2011 0.686973 0.508345 0.00201978
2012 0.686973 0.503821 0.00189669
2013 0.686973 0.50756 0.00188898
2014 0.686973 0.512178 0.00187483
2015 0.686973 0.511926 0.00196009
2016 0.686973 0.509288 0.0020721
2017 0.686973 0.503094 0.00205256
2018 0.686973 0.503672 0.00220555
2019 0.686973 0.510281 0.00263031
2020 0.686973 0.508016 0.00202811
2021 0.686973 0.509424 0.00176351
2022 0.686973 0.511721 0.00209993
2023 0.686973 0.511169 0.00217248
2024 0.686973 0.506689 0.00206378
2025 0.686973 0.507147 0.00178898
2026 0.686973 0.509453 0.00210613
2027 0.686973 0.51021 0.00198475
2028 0.686973 0.506983 0.00195844
2029 0.686973 0.507321 0.00227676
2030 0.686973 0.509021 0.00201335
2031 0.686973 0.509785 0.0019704
2032 0.686973 0.504546 0.00195214
2033 0.686973 0.509515 0.00238474
2034 0.686973 0.508048 0.00192127
2035 0.686973 0.513424 0.00211515
2036 0.686973 0.509665 0.00200402
2037 0.686973 0.505489 0.00187616
2038 0.686973 0.51036 0.00225072
2039 0.686973 0.50052 0.0019879
2040 0.686973 0.506738 0.00187938
2041 0.686973 0.503533 0.00198414
2042 0.686973 0.50869 0.00210469
2043 0.686973 0.506639 0.00180519
2044 0.686973 0.505117 0.00170431
2045 0.686973 0.508915 0.00181969
2046 0.686973 0.504062 0.00186722
2047 0.686973 0.506971 0.00191762
2048 0.686973 0.504801 0.00185859
2049 0.686974 0.507545 0.00250816
2050 0.686974 0.508768 0.00219927
2051 0.686974 0.513985 0.00192598
2052 0.686974 0.505792 0.00218311
2053 0.686974 0.503037 0.0020678
2054 0.686974 0.503762 0.00181059
2055 0.686974 0.508074 0.00166591
2056 0.686974 0.509095 0.00163746
2057 0.686974 0.510963 0.00162951
2058 0.686974 0.506933 0.00161563
2059 0.686974 0.502458 0.00226065
2060 0.686974 0.505635 0.00188612
2061 0.686974 0.505421 0.00183486
2062 0.686974 0.507421 0.00200214
2063 0.686974 0.512712 0.00198126
2064 0.686974 0.515982 0.00218538
2065 0.686974 0.508161 0.00186402
2066 0.686974 0.507104 0.00187478
2067 0.686974 0.505263 0.00195195
2068 0.686974 0.51168 0.00175697
2069 0.686974 0.50778 0.00197137
2070 0.686974 0.505994 0.00206291
2071 0.686974 0.506046 0.00166255
2072 0.686974 0.503512 0.00191489
2073 0.686974 0.506058 0.00187302
2074 0.686974 0.507359 0.00186395
2075 0.686974 0.507084 0.00187677
2076 0.686974 0.507902 0.001732
2077 0.686974 0.507348 0.00186941
2078 0.686974 0.506189 0.00212734
2079 0.686974 0.5043 0.00205624
2080 0.686974 0.509959 0.00186052
2081 0.686974 0.50679 0.00190676
2082 0.686974 0.502177 0.00189464
2083 0.686974 0.506602 0.00184661
2084 0.686974 0.505923 0.00210376
2085 0.686974 0.50669 0.00197242
2086 0.686974 0.508727 0.0019472
2087 0.686974 0.508739 0.00190487
2088 0.686974 0.503854 0.00185373
2089 0.686974 0.500932 0.00201868
2090 0.686974 0.508116 0.00184282
2091 0.686974 0.506521 0.00205453
2092 0.686974 0.508078 0.0018503
2093 0.686974 0.506667 0.00203501
2094 0.686974 0.506945 0.00187096
2095 0.686974 0.506035 0.00172661
2096 0.686974 0.508106 0.00192665
2097 0.686974 0.507035 0.00182421
2098 0.686974 0.50524 0.0017405
2099 0.686974 0.508419 0.00173308
2100 0.686974 0.508336 0.00192325
2101 0.686974 0.506707 0.00193683
2102 0.686974 0.508088 0.00191557
2103 0.686974 0.507039 0.00215047
2104 0.686974 0.505262 0.00193934
2105 0.686974 0.506791 0.00207645
2106 0.686974 0.504372 0.00205334
2107 0.686974 0.507623 0.00204897
2108 0.686974 0.503693 0.00229221
2109 0.686974 0.501056 0.00215281
2110 0.686974 0.503261 0.00217277
2111 0.686975 0.510015 0.00203807
2112 0.686975 0.508493 0.00185856
2113 0.686975 0.509196 0.00178964
2114 0.686975 0.508018 0.00217107
2115 0.686975 0.508885 0.00202752
2116 0.686975 0.505232 0.001961
2117 0.686975 0.503789 0.00224064
2118 0.686975 0.503419 0.00192802
2119 0.686975 0.507226 0.00201596
2120 0.686975 0.505768 0.00210208
2121 0.686975 0.51208 0.00175726
2122 0.686975 0.509491 0.00206689
2123 0.686975 0.508942 0.00199638
2124 0.686975 0.507946 0.00211764
2125 0.686975 0.513096 0.00179268
2126 0.686975 0.510061 0.0020084
2127 0.686975 0.508182 0.00184292
2128 0.686975 0.508797 0.00192145
2129 0.686975 0.507955 0.00174855
2130 0.686975 0.508138 0.00186916
2131 0.686975 0.509879 0.00183924
2132 0.686975 0.506924 0.00200026
2133 0.686975 0.508781 0.00197574
2134 0.686975 0.508908 0.00204454
2135 0.686975 0.507718 0.00203576
2136 0.686975 0.508097 0.00179714
2137 0.686975 0.50435 0.0020601
2138 0.686975 0.50788 0.00221617
2139 0.686975 0.504399 0.00216131
2140 0.686975 0.507376 0.00192694
2141 0.686975 0.507657 0.00216556
2142 0.686975 0.507179 0.00178001
2143 0.686975 0.511298 0.00243564
2144 0.686975 0.501972 0.00207179
2145 0.686975 0.504617 0.00208306
2146 0.686975 0.506352 0.00189612
2147 0.686975 0.507803 0.00186742
2148 0.686975 0.505081 0.00217398
2149 0.686975 0.505135 0.00182499
2150 0.686975 0.507296 0.00209274
2151 0.686975 0.510177 0.0019316
2152 0.686975 0.507305 0.00193312
2153 0.686975 0.505882 0.00189306
2154 0.686975 0.502715 0.00180843
2155 0.686975 0.505836 0.00166306
2156 0.686975 0.505258 0.00181722
2157 0.686975 0.505752 0.00192352
2158 0.686975 0.510119 0.00168757
2159 0.686975 0.510234 0.00197944
2160 0.686975 0.512409 0.00188474
2161 0.686975 0.505098 0.00194652
2162 0.686975 0.506864 0.00191037
2163 0.686975 0.502715 0.0021578
2164 0.686975 0.508273 0.00232708
2165 0.686975 0.502148 0.00225496
2166 0.686975 0.506015 0.00181293
2167 0.686975 0.510873 0.00201684
2168 0.686975 0.5062 0.00185577
2169 0.686975 0.509078 0.00174828
2170 0.686975 0.510444 0.00178451
2171 0.686975 0.507824 0.00172861
2172 0.686975 0.505835 0.00192341
2173 0.686975 0.509167 0.00190238
2174 0.686975 0.507013 0.00183821
2175 0.686975 0.510689 0.00202144
2176 0.686975 0.507393 0.00251898
2177 0.686975 0.505233 0.00188396
2178 0.686975 0.50786 0.00184974
2179 0.686975 0.505849 0.00186272
2180 0.686975 0.511282 0.00209555
2181 0.686975 0.507592 0.00204319
2182 0.686975 0.509719 0.00223632
2183 0.686975 0.507464 0.00173783
2184 0.686975 0.511344 0.00163516
2185 0.686975 0.508273 0.00185155
2186 0.686975 0.50636 0.00201828
2187 0.686975 0.513231 0.00192654
2188 0.686975 0.508879 0.00194175
2189 0.686975 0.510905 0.00211449
2190 0.686975 0.505768 0.00178966
2191 0.686975 0.508339 0.00190317
2192 0.686975 0.503438 0.00200849
2193 0.686975 0.506373 0.00176724
2194 0.686975 0.506051 0.0018586
2195 0.686975 0.505615 0.00170996
2196 0.686975 0.505944 0.00198611
2197 0.686975 0.50515 0.00208589
2198 0.686975 0.508972 0.00171512
2199 0.686975 0.51054 0.00196728
2200 0.686975 0.508713 0.00198814
2201 0.686975 0.509964 0.0019595
2202 0.686975 0.500596 0.00199959
2203 0.686975 0.50382 0.0019313
2204 0.686975 0.508426 0.00197226
2205 0.686975 0.508805 0.00223955
2206 0.686975 0.510556 0.00184786
2207 0.686975 0.5064 0.00178044
2208 0.686975 0.507534 0.00176874
2209 0.686975 0.507677 0.00192222
2210 0.686975 0.506946 0.00223301
2211 0.686975 0.505461 0.00222051
2212 0.686975 0.511196 0.00183222
2213 0.686975 0.512788 0.00185652
2214 0.686975 0.509383 0.00191313
2215 0.686975 0.501114 0.00198102
2216 0.686975 0.50566 0.00194144
2217 0.686975 0.504985 0.00193057
2218 0.686975 0.50626 0.00220545
2219 0.686975 0.507843 0.00203934
2220 0.686975 0.503895 0.00202891
2221 0.686975 0.505269 0.00204771
2222 0.686975 0.507295 0.00197127
2223 0.686975 0.506526 0.00209225
2224 0.686975 0.509312 0.00231821
2225 0.686975 0.503573 0.00210776
2226 0.686975 0.508897 0.00207159
2227 0.686975 0.506861 0.00187462
2228 0.686975 0.506727 0.00204645
2229 0.686975 0.507808 0.00176662
2230 0.686975 0.504561 0.00205571
2231 0.686975 0.510132 0.00190216
2232 0.686975 0.50486 0.00215646
2233 0.686975 0.507554 0.00182939
2234 0.686975 0.504874 0.00239296
2235 0.686975 0.507997 0.00195853
2236 0.686975 0.511758 0.00211984
2237 0.686975 0.50773 0.00186847
2238 0.686975 0.508503 0.00197324
2239 0.686975 0.509302 0.00194391
2240 0.686975 0.508344 0.00180205
2241 0.686975 0.505544 0.00216467
2242 0.686975 0.50806 0.00201246
2243 0.686975 0.505319 0.00193105
2244 0.686975 0.509881 0.00190008
2245 0.686975 0.508996 0.00186066
2246 0.686975 0.509043 0.0019121
2247 0.686975 0.507421 0.00232159
2248 0.686975 0.505702 0.00185578
2249 0.686975 0.506538 0.00192175
2250 0.686975 0.507833 0.00195727
2251 0.686975 0.508335 0.00190323
2252 0.686975 0.509652 0.00180748
2253 0.686975 0.507859 0.00187867
2254 0.686975 0.505538 0.00186057
2255 0.686975 0.510075 0.00214293
2256 0.686975 0.506525 0.00210239
2257 0.686975 0.510422 0.00207615
2258 0.686975 0.507852 0.00221171
2259 0.686975 0.5116 0.00227214
2260 0.686975 0.513409 0.0021509
2261 0.686975 0.511416 0.00225755
2262 0.686975 0.508783 0.00229618
2263 0.686975 0.512469 0.00256512
2264 0.686975 0.511644 0.00248149
2265 0.686975 0.511262 0.00211935
2266 0.686975 0.508236 0.00201972
2267 0.686975 0.50882 0.00185317
2268 0.686975 0.51224 0.00240506
2269 0.686975 0.508646 0.00169087
2270 0.686975 0.509674 0.00180528
2271 0.686975 0.507771 0.00185321
2272 0.686975 0.508882 0.00183879
2273 0.686975 0.506759 0.00206457
2274 0.686975 0.509823 0.00182866
2275 0.686975 0.509883 0.00177807
2276 0.686975 0.511515 0.00176136
2277 0.686975 0.510529 0.00202185
2278 0.686975 0.509109 0.00191874
2279 0.686975 0.510429 0.00184029
2280 0.686975 0.50981 0.00166576
2281 0.686975 0.51103 0.00187565
2282 0.686975 0.512807 0.0023532
2283 0.686975 0.509402 0.00204987
2284 0.686975 0.507486 0.00209328
2285 0.686975 0.507944 0.00220163
2286 0.686975 0.506209 0.00195968
2287 0.686975 0.506512 0.00241678
2288 0.686975 0.503524 0.00204703
2289 0.686975 0.513941 0.0019921
2290 0.686975 0.510426 0.0020757
2291 0.686975 0.511749 0.0019719
2292 0.686975 0.503938 0.00194877
2293 0.686975 0.497703 0.00192504
2294 0.686975 0.506232 0.00213578
2295 0.686975 0.505368 0.00177816
2296 0.686975 0.510295 0.00187059
2297 0.686975 0.503606 0.00193479
2298 0.686975 0.504419 0.0019599
2299 0.686975 0.507775 0.00177493
2300 0.686975 0.505304 0.00189454
2301 0.686975 0.510938 0.00193032
2302 0.686975 0.508123 0.00210726
2303 0.686975 0.50908 0.00197882
2304 0.686975 0.510129 0.00200868
2305 0.686975 0.511554 0.00187112
2306 0.686975 0.508821 0.00176772
2307 0.686975 0.509581 0.00181338
2308 0.686975 0.504691 0.00192338
2309 0.686975 0.511485 0.00174527
2310 0.686975 0.509949 0.00191263
2311 0.686975 0.510901 0.001899
2312 0.686975 0.510269 0.00193542
2313 0.686975 0.510364 0.00196905
2314 0.686975 0.506919 0.00185111
2315 0.686975 0.50738 0.00185366
2316 0.686975 0.507189 0.00186763
2317 0.686975 0.509162 0.00203495
2318 0.686975 0.504477 0.00198725
2319 0.686975 0.503109 0.00214538
2320 0.686975 0.509484 0.0018203
2321 0.686975 0.510063 0.00185315
2322 0.686975 0.505596 0.00187013
2323 0.686975 0.505584 0.00176553
2324 0.686975 0.508861 0.00166107
2325 0.686975 0.51063 0.00162045
2326 0.686975 0.506354 0.00203293
2327 0.686975 0.50635 0.00195812
2328 0.686975 0.506835 0.00190595
2329 0.686975 0.506583 0.00185786
2330 0.686975 0.51143 0.00237987
2331 0.686975 0.509122 0.00195329
2332 0.686975 0.506011 0.00174225
2333 0.686975 0.502013 0.00184549
2334 0.686975 0.508372 0.00203151
2335 0.686975 0.510316 0.00197607
2336 0.686975 0.507747 0.00178868
2337 0.686975 0.507274 0.00180443
2338 0.686975 0.508648 0.0018346
2339 0.686975 0.50579 0.00175927
2340 0.686975 0.50732 0.00195627
2341 0.686975 0.505914 0.00172966
2342 0.686975 0.510918 0.00157683
2343 0.686975 0.507281 0.00191374
2344 0.686975 0.504683 0.0017657
2345 0.686975 0.506571 0.00179217
2346 0.686975 0.508244 0.0017422
2347 0.686975 0.509209 0.00167364
2348 0.686975 0.509869 0.00186509
2349 0.686975 0.507703 0.00201602
2350 0.686975 0.510202 0.0019614
2351 0.686975 0.507344 0.00203043
2352 0.686975 0.506448 0.00196546
2353 0.686975 0.508683 0.00187821
2354 0.686975 0.509422 0.00172756
2355 0.686975 0.502569 0.00195403
2356 0.686975 0.506501 0.0020333
2357 0.686975 0.505927 0.00225143
2358 0.686975 0.507273 0.00199162
2359 0.686975 0.505906 0.00181291
2360 0.686975 0.506033 0.00187559
2361 0.686975 0.512588 0.00217319
2362 0.686975 0.505454 0.00184329
2363 0.686975 0.506805 0.00174903
2364 0.686975 0.50589 0.00220381
2365 0.686975 0.506693 0.00187792
2366 0.686975 0.512003 0.0018976
2367 0.686975 0.507968 0.00186246
2368 0.686975 0.505985 0.00185536
2369 0.686975 0.509493 0.001846
2370 0.686975 0.510898 0.00195591
2371 0.686975 0.50878 0.00202925
2372 0.686975 0.508284 0.00186212
2373 0.686975 0.506946 0.0017389
2374 0.686975 0.50627 0.00208238
2375 0.686975 0.510862 0.00195435
2376 0.686975 0.507571 0.0020676
2377 0.686975 0.503062 0.00197197
2378 0.686975 0.504313 0.00198425
2379 0.686975 0.508229 0.00266905
2380 0.686975 0.50392 0.00215221
2381 0.686975 0.510404 0.00191947
2382 0.686975 0.511083 0.00220255
2383 0.686975 0.510456 0.0018585
2384 0.686975 0.507123 0.00180927
2385 0.686975 0.507218 0.00175984
2386 0.686975 0.509335 0.00181163
2387 0.686975 0.509484 0.00186083
2388 0.686975 0.506579 0.0016897
2389 0.686975 0.506575 0.00202233
2390 0.686975 0.508244 0.00203648
2391 0.686975 0.503875 0.00205206
2392 0.686975 0.507978 0.00222977
2393 0.686975 0.508102 0.00206088
2394 0.686975 0.504671 0.00207781
2395 0.686975 0.504893 0.00192994
2396 0.686975 0.50847 0.0020003
2397 0.686975 0.511828 0.00193189
2398 0.686975 0.508894 0.00186314
2399 0.686975 0.506112 0.00161824
2400 0.686975 0.504886 0.00203198
2401 0.686975 0.507325 0.00176657
2402 0.686975 0.51017 0.00204822
2403 0.686975 0.509875 0.00233994
2404 0.686975 0.512001 0.00236183
2405 0.686975 0.508117 0.00213209
2406 0.686975 0.503209 0.00173192
2407 0.686975 0.50621 0.00201928
2408 0.686975 0.513845 0.00203365
2409 0.686975 0.508969 0.00201496
2410 0.686975 0.507378 0.00194982
2411 0.686975 0.508228 0.00164629
2412 0.686975 0.508453 0.00178032
2413 0.686975 0.508235 0.002062
2414 0.686975 0.510381 0.00176237
2415 0.686975 0.507863 0.00178314
2416 0.686975 0.507867 0.00178353
2417 0.686975 0.506457 0.00190432
2418 0.686975 0.505261 0.00207188
2419 0.686975 0.506944 0.00183214
2420 0.686975 0.504961 0.00218033
2421 0.686975 0.503575 0.0019487
2422 0.686975 0.50881 0.0022859
2423 0.686975 0.510315 0.00180353
2424 0.686975 0.510624 0.00183362
2425 0.686975 0.509511 0.00202965
2426 0.686975 0.506052 0.00197406
2427 0.686975 0.505345 0.00193733
2428 0.686975 0.507765 0.0019583
2429 0.686975 0.507423 0.0021046
2430 0.686975 0.506925 0.00210946
2431 0.686975 0.503616 0.00206009
2432 0.686975 0.508862 0.00189083
2433 0.686975 0.505898 0.00186925
2434 0.686975 0.507507 0.00165757
2435 0.686975 0.506708 0.00180023
2436 0.686975 0.508031 0.00190903
2437 0.686975 0.509614 0.00205586
2438 0.686975 0.507152 0.00174501
2439 0.686975 0.508153 0.00193749
2440 0.686975 0.509847 0.00183637
2441 0.686975 0.506636 0.00187196
2442 0.686975 0.507818 0.00181297
2443 0.686975 0.506278 0.00201047
2444 0.686975 0.506495 0.00178757
2445 0.686975 0.507046 0.00210206
2446 0.686975 0.507941 0.00171998
2447 0.686975 0.503822 0.00197822
2448 0.686975 0.507254 0.00183339
2449 0.686975 0.509257 0.001887
2450 0.686975 0.50827 0.00221414
2451 0.686975 0.51042 0.00172333
2452 0.686975 0.501865 0.00208347
2453 0.686975 0.503547 0.00189697
2454 0.686975 0.507773 0.00211174
2455 0.686975 0.507047 0.00184175
2456 0.686975 0.508614 0.00201823
2457 0.686975 0.505992 0.00169287
2458 0.686975 0.505811 0.00193015
2459 0.686975 0.507053 0.00172521
2460 0.686975 0.50749 0.00187417
2461 0.686975 0.510328 0.00163713
2462 0.686975 0.510878 0.00190763
2463 0.686975 0.511142 0.0019052
2464 0.686975 0.507266 0.00183138
2465 0.686975 0.509454 0.00189441
2466 0.686975 0.506289 0.00163595
2467 0.686975 0.508869 0.00178458
2468 0.686975 0.513422 0.00180119
2469 0.686975 0.507775 0.00187787
2470 0.686975 0.510919 0.0018625
2471 0.686975 0.509215 0.00177609
2472 0.686975 0.506671 0.00189632
2473 0.686975 0.504624 0.00186507
2474 0.686975 0.505099 0.0018982
2475 0.686975 0.507789 0.00170353
2476 0.686975 0.510189 0.00216287
2477 0.686975 0.51066 0.00211012
2478 0.686975 0.507669 0.00182216
2479 0.686975 0.505068 0.00196855
2480 0.686975 0.510465 0.00189475
2481 0.686975 0.505648 0.00195211
2482 0.686975 0.508847 0.00177775
2483 0.686975 0.507152 0.00184051
2484 0.686975 0.506344 0.00183282
2485 0.686975 0.507998 0.00191945
2486 0.686975 0.507246 0.00168564
2487 0.686975 0.508257 0.00183037
2488 0.686975 0.510141 0.0019117
2489 0.686975 0.50776 0.00206217
2490 0.686975 0.502574 0.00248917
2491 0.686975 0.509283 0.0019771
2492 0.686975 0.511449 0.00194634
2493 0.686975 0.509239 0.00219346
2494 0.686975 0.503621 0.00184317
2495 0.686975 0.508476 0.00189081
2496 0.686975 0.50949 0.00206631
2497 0.686975 0.508602 0.001926
2498 0.686975 0.506704 0.00193679
2499 0.686975 0.50944 0.00191516
2500 0.686975 0.507846 0.00187989
2501 0.686975 0.509208 0.00194036
2502 0.686975 0.50766 0.00198807
2503 0.686975 0.512034 0.00201433
2504 0.686975 0.504614 0.00203014
2505 0.686975 0.508041 0.00175229
2506 0.686975 0.506872 0.00195428
2507 0.686975 0.506512 0.00175562
2508 0.686975 0.50689 0.00223449
2509 0.686975 0.506789 0.00194255
2510 0.686975 0.508072 0.00194718
2511 0.686975 0.508194 0.00153812
2512 0.686975 0.511001 0.00198924
2513 0.686975 0.508832 0.00189885
2514 0.686975 0.50862 0.00176838
2515 0.686975 0.504319 0.00173781
2516 0.686975 0.51044 0.00178459
2517 0.686975 0.509836 0.00243733
2518 0.686975 0.514014 0.00194879
2519 0.686975 0.508713 0.00194302
2520 0.686975 0.508105 0.00221919
2521 0.686975 0.510448 0.00194657
2522 0.686975 0.513243 0.00178432
2523 0.686975 0.511888 0.00180673
2524 0.686975 0.508082 0.00195712
2525 0.686975 0.51344 0.00204914
2526 0.686975 0.50724 0.00227835
2527 0.686975 0.504226 0.00258778
2528 0.686975 0.509588 0.00198787
2529 0.686975 0.507141 0.0020153
2530 0.686975 0.503236 0.00191254
2531 0.686975 0.51042 0.00181102
2532 0.68716 0.510521 0.00231957
2533 0.68716 0.509287 0.00199067
2534 0.68716 0.503519 0.00207925
2535 0.68716 0.506511 0.00228275
2536 0.68716 0.508017 0.00244709
2537 0.68716 0.507898 0.00203599
2538 0.68716 0.502999 0.00187889
2539 0.68716 0.505894 0.00196951
2540 0.68716 0.504988 0.00181279
2541 0.68716 0.504947 0.00197698
2542 0.68716 0.504521 0.00194951
2543 0.68716 0.510485 0.00215392
2544 0.68716 0.50883 0.00225855
2545 0.68716 0.508212 0.00182621
2546 0.68716 0.510635 0.00222528
2547 0.68716 0.511053 0.00218944
2548 0.68716 0.510551 0.00201567
2549 0.688745 0.510626 0.00219723
2550 0.688745 0.509132 0.00182425
2551 0.688745 0.503265 0.00209888
2552 0.688745 0.510627 0.00198385
2553 0.688745 0.509609 0.00193261
2554 0.688745 0.508039 0.00225342
2555 0.688745 0.509069 0.00177248
2556 0.688745 0.510834 0.0020782
2557 0.688745 0.511769 0.0018461
2558 0.688745 0.512771 0.00199091
2559 0.688745 0.510028 0.00181471
2560 0.688745 0.50926 0.00192119
2561 0.688745 0.507982 0.00215132
2562 0.688745 0.510399 0.00203333
2563 0.688745 0.50997 0.00193335
2564 0.688745 0.508642 0.00196222
2565 0.688745 0.511642 0.00163369
2566 0.688745 0.508843 0.00182841
2567 0.688745 0.506645 0.00202099
2568 0.688745 0.507497 0.00188541
2569 0.688745 0.507068 0.00185855
2570 0.688745 0.505162 0.0019622
2571 0.688745 0.508015 0.00185083
2572 0.688745 0.505117 0.00191839
2573 0.688745 0.506412 0.00185065
2574 0.688745 0.510568 0.00185519
2575 0.688745 0.508089 0.00216866
2576 0.688745 0.505681 0.00216662
2577 0.688745 0.508049 0.00211094
2578 0.688745 0.508315 0.00171229
2579 0.688745 0.50942 0.00196008
2580 0.688745 0.506184 0.00214794
2581 0.688745 0.510209 0.00184183
2582 0.688745 0.511954 0.0021054
2583 0.688745 0.50875 0.00234311
2584 0.688745 0.510443 0.00188017
2585 0.688745 0.50801 0.00176185
2586 0.688745 0.513721 0.00204436
2587 0.688745 0.514176 0.00187997
2588 0.688745 0.511411 0.00219136
2589 0.6888 0.514907 0.0022128
2590 0.6888 0.507418 0.00202949
2591 0.6888 0.510332 0.00221025
2592 0.6888 0.510648 0.00204609
2593 0.6888 0.51013 0.00187083
2594 0.6888 0.509379 0.00209646
2595 0.6888 0.509366 0.00197083
2596 0.6888 0.509418 0.00181549
2597 0.6888 0.510516 0.00188427
2598 0.6888 0.502056 0.00185539
2599 0.6888 0.509106 0.00182663
2600 0.6888 0.505204 0.0016876
2601 0.6888 0.509097 0.00172439
2602 0.6888 0.510011 0.00198419
2603 0.6888 0.509017 0.00177808
2604 0.6888 0.509124 0.00189827
2605 0.6888 0.507092 0.00194096
2606 0.6888 0.506088 0.00214118
2607 0.6888 0.506283 0.00184269
2608 0.6888 0.506772 0.0020725
2609 0.6888 0.505485 0.00185693
2610 0.6888 0.509527 0.00174858
2611 0.6888 0.507971 0.00175097
2612 0.6888 0.505916 0.00198834
2613 0.6888 0.511741 0.00178536
2614 0.6888 0.504329 0.00201486
2615 0.6888 0.506514 0.00202847
2616 0.6888 0.506198 0.00179219
2617 0.6888 0.511296 0.0020681
2618 0.6888 0.508641 0.00211858
2619 0.6888 0.514953 0.00240079
2620 0.6888 0.505047 0.00208401
2621 0.6888 0.507771 0.00183294
2622 0.6888 0.505124 0.00166632
2623 0.6888 0.510082 0.00185069
2624 0.6888 0.505767 0.0019689
2625 0.6888 0.508284 0.00188211
2626 0.6888 0.506498 0.0020154
2627 0.6888 0.506575 0.00236204
2628 0.6888 0.510243 0.00188292
2629 0.6888 0.507211 0.00177534
2630 0.6888 0.5089 0.00162974
2631 0.6888 0.506855 0.00184815
2632 0.6888 0.510411 0.00165091
2633 0.6888 0.506774 0.00194879
2634 0.6888 0.50556 0.00196666
2635 0.6888 0.504297 0.00189446
2636 0.6888 0.503273 0.00208497
2637 0.6888 0.50816 0.00190727
2638 0.6888 0.511134 0.00183492
2639 0.6888 0.503459 0.00201151
2640 0.6888 0.508223 0.00189302
2641 0.6888 0.511696 0.00187922
2642 0.6888 0.51081 0.0021144
2643 0.6888 0.508316 0.00196258
2644 0.6888 0.507397 0.0018287
2645 0.6888 0.505623 0.00201284
2646 0.6888 0.50844 0.00188765
2647 0.6888 0.510987 0.00186772
2648 0.6888 0.506498 0.00178938
2649 0.6888 0.503866 0.00196548
2650 0.6888 0.506391 0.00182351
2651 0.6888 0.509681 0.00192528
2652 0.6888 0.510628 0.00213451
2653 0.6888 0.50916 0.00204268
2654 0.6888 0.513196 0.0019661
2655 0.6888 0.514053 0.00193046
2656 0.6888 0.511562 0.0019209
2657 0.6888 0.512435 0.00179025
2658 0.6888 0.50883 0.00201711
2659 0.6888 0.510097 0.0024054
2660 0.6888 0.506406 0.00210125
2661 0.6888 0.511969 0.0021757
2662 0.6888 0.511522 0.00223965
2663 0.6888 0.50976 0.00197433
2664 0.6888 0.512439 0.002152
2665 0.6888 0.509147 0.00207785
2666 0.6888 0.510252 0.00263336
2667 0.6888 0.507939 0.00255138
2668 0.6888 0.506192 0.00191848
2669 0.6888 0.507476 0.00187129
2670 0.6888 0.506007 0.00197343
2671 0.6888 0.507096 0.00176063
2672 0.6888 0.50509 0.00264347
2673 0.6888 0.506559 0.00200788
2674 0.6888 0.506536 0.00213204
2675 0.6888 0.505421 0.00279041
2676 0.6888 0.510545 0.00237866
2677 0.6888 0.508632 0.002193
2678 0.6888 0.510045 0.00183701
2679 0.6888 0.505594 0.00196046
2680 0.6888 0.505293 0.0021111
2681 0.6888 0.503781 0.00242052
2682 0.6888 0.505416 0.00205835
2683 0.6888 0.504944 0.0020675
2684 0.6888 0.503919 0.00206669
2685 0.6888 0.506702 0.00194806
2686 0.6888 0.507865 0.00199874
2687 0.6888 0.510256 0.00229262
2688 0.6888 0.510762 0.00242661
2689 0.6888 0.513021 0.00250965
2690 0.6888 0.508238 0.00188275
2691 0.6888 0.51 0.001917
2692 0.6888 0.505639 0.00209628
2693 0.6888 0.507985 0.00186138
2694 0.6888 0.511438 0.00179238
2695 0.6888 0.503757 0.00205148
2696 0.6888 0.509178 0.0018445
2697 0.6888 0.509288 0.00178624
2698 0.6888 0.507707 0.00194083
2699 0.6888 0.508476 0.00197082
2700 0.6888 0.508309 0.00196732
2701 0.6888 0.509609 0.00164748
2702 0.6888 0.511945 0.00225406
2703 0.6888 0.511929 0.00191049
2704 0.6888 0.508322 0.00179972
2705 0.6888 0.50801 0.002076
2706 0.6888 0.503448 0.0019893
2707 0.6888 0.506703 0.00192699
2708 0.6888 0.504465 0.00186565
2709 0.6888 0.509705 0.00184459
2710 0.6888 0.504577 0.00223997
2711 0.6888 0.511306 0.00214499
2712 0.6888 0.509157 0.00175824
2713 0.6888 0.507152 0.00191242
2714 0.6888 0.512755 0.00220145
2715 0.6888 0.505911 0.00176823
2716 0.6888 0.508829 0.00200307
2717 0.6888 0.511986 0.00186313
2718 0.6888 0.50906 0.00183498
2719 0.6888 0.50327 0.00202052
2720 0.6888 0.507474 0.00202827
2721 0.6888 0.510845 0.00216988
2722 0.6888 0.511295 0.00205688
2723 0.6888 0.510776 0.00180771
2724 0.6888 0.510225 0.00210477
2725 0.6888 0.509269 0.00194963
2726 0.6888 0.508051 0.00211169
2727 0.6888 0.507936 0.00216683
2728 0.6888 0.50615 0.00207306
2729 0.6888 0.504754 0.00211416
2730 0.6888 0.503604 0.00176622
2731 0.6888 0.504128 0.00182603
2732 0.6888 0.509961 0.00189904
2733 0.6888 0.509198 0.00200416
2734 0.6888 0.505241 0.00226672
2735 0.6888 0.508706 0.00187877
2736 0.6888 0.507512 0.0018473
2737 0.6888 0.507315 0.00215695
2738 0.6888 0.508878 0.00170336
2739 0.6888 0.509409 0.0019243
2740 0.6888 0.513118 0.00206307
2741 0.6888 0.50651 0.00192574
2742 0.6888 0.506783 0.00216443
2743 0.6888 0.508963 0.0018698
2744 0.6888 0.507269 0.00219061
2745 0.6888 0.50466 0.00223434
2746 0.6888 0.509368 0.00208559
2747 0.6888 0.508202 0.00210024
2748 0.6888 0.509191 0.00198141
2749 0.6888 0.502662 0.0020258
2750 0.6888 0.504903 0.00189162
2751 0.6888 0.506868 0.00185813
2752 0.6888 0.510301 0.0018835
2753 0.6888 0.504982 0.00220036
2754 0.6888 0.510386 0.00206657
2755 0.6888 0.50617 0.0022225
2756 0.6888 0.512755 0.00196937
2757 0.6888 0.508159 0.00249412
2758 0.6888 0.504334 0.0020679
2759 0.6888 0.503171 0.00218774
2760 0.6888 0.509138 0.00219972
2761 0.6888 0.508434 0.00204847
2762 0.6888 0.509404 0.00198713
2763 0.6888 0.507865 0.00223739
2764 0.6888 0.510779 0.00204808
2765 0.6888 0.504193 0.00228108
2766 0.6888 0.511129 0.00200466
2767 0.6888 0.509772 0.00196115
2768 0.6888 0.507897 0.00186764
2769 0.6888 0.510587 0.00208753
2770 0.6888 0.508042 0.00201959
2771 0.6888 0.508046 0.00180683
2772 0.6888 0.504951 0.00181731
2773 0.6888 0.507387 0.00206564
2774 0.6888 0.507197 0.00170832
2775 0.6888 0.510192 0.00201733
2776 0.6888 0.511147 0.00189615
2777 0.6888 0.507868 0.00177491
2778 0.6888 0.50991 0.00206329
2779 0.6888 0.506108 0.00194325
2780 0.6888 0.512812 0.00208894
2781 0.6888 0.514147 0.00198318
2782 0.6888 0.510036 0.00194361
2783 0.6888 0.513132 0.00197962
2784 0.6888 0.508981 0.00192256
2785 0.6888 0.509206 0.00192213
2786 0.6888 0.508054 0.0019837
2787 0.6888 0.510003 0.00200597
2788 0.6888 0.507328 0.00221241
2789 0.6888 0.506869 0.00219272
2790 0.6888 0.505861 0.00188871
2791 0.6888 0.511889 0.00210014
2792 0.6888 0.507382 0.0019455
2793 0.6888 0.504668 0.00222058
2794 0.6888 0.507312 0.0018321
2795 0.6888 0.508467 0.00177729
2796 0.6888 0.508727 0.00185179
2797 0.6888 0.506721 0.0020264
2798 0.6888 0.507668 0.00184329
2799 0.6888 0.503493 0.00187495
2800 0.6888 0.507493 0.00208318
2801 0.6888 0.510625 0.00192489
2802 0.6888 0.508074 0.00226789
2803 0.6888 0.51138 0.00240791
2804 0.6888 0.506144 0.00215471
2805 0.6888 0.511436 0.00187006
2806 0.6888 0.509185 0.00229558
2807 0.6888 0.507072 0.00200125
2808 0.6888 0.505501 0.00199053
2809 0.6888 0.508892 0.00202408
2810 0.6888 0.507147 0.00193469
2811 0.6888 0.506753 0.00208462
2812 0.6888 0.508698 0.00199052
2813 0.6888 0.504635 0.0021328
2814 0.6888 0.510711 0.00195382
2815 0.6888 0.50461 0.00226403
2816 0.6888 0.509704 0.00217007
2817 0.6888 0.507355 0.00207376
2818 0.6888 0.501831 0.0021709
2819 0.6888 0.50602 0.00187881
2820 0.6888 0.50365 0.00239999
2821 0.6888 0.504495 0.00234794
2822 0.6888 0.50558 0.00218237
2823 0.6888 0.507277 0.00195516
2824 0.6888 0.504953 0.00218302
2825 0.6888 0.506383 0.00197205
2826 0.6888 0.507571 0.00174708
2827 0.6888 0.512838 0.00176347
2828 0.6888 0.505101 0.00185485
2829 0.6888 0.503331 0.00213349
2830 0.6888 0.502511 0.00219879
2831 0.6888 0.506175 0.0018846
2832 0.6888 0.50572 0.00192087
2833 0.6888 0.506418 0.0021545
2834 0.6888 0.505025 0.00186918
2835 0.6888 0.506941 0.00199144
2836 0.6888 0.499729 0.00225208
2837 0.6888 0.513335 0.00225028
2838 0.6888 0.511656 0.00201312
2839 0.6888 0.508829 0.00182225
2840 0.6888 0.511154 0.00224162
2841 0.6888 0.504859 0.00208925
2842 0.6888 0.502917 0.00223198
2843 0.6888 0.50797 0.00203574
2844 0.6888 0.510152 0.00182519
2845 0.6888 0.504943 0.00240401
2846 0.6888 0.5084 0.00183757
2847 0.6888 0.507181 0.00213682
2848 0.6888 0.507882 0.00200826
2849 0.6888 0.504985 0.00190011
2850 0.6888 0.508123 0.00195381
2851 0.6888 0.510404 0.00194588
2852 0.6888 0.508521 0.0019037
2853 0.6888 0.505645 0.00184607
2854 0.6888 0.507012 0.00177576
2855 0.6888 0.511348 0.0022541
2856 0.6888 0.507064 0.00179946
2857 0.6888 0.510686 0.00164287
2858 0.6888 0.511332 0.00205309
2859 0.6888 0.507407 0.00198335
2860 0.6888 0.508906 0.00169718
2861 0.6888 0.502849 0.00208716
2862 0.6888 0.50655 0.00185589
2863 0.6888 0.505502 0.0020046
2864 0.6888 0.508096 0.00165566
2865 0.6888 0.506065 0.00185645
2866 0.6888 0.509379 0.00172649
2867 0.6888 0.503645 0.00199356
2868 0.6888 0.504362 0.00194007
2869 0.6888 0.502973 0.00182404
2870 0.6888 0.509959 0.00210317
2871 0.6888 0.508553 0.00203694
2872 0.6888 0.508143 0.00217879
2873 0.6888 0.506503 0.00189651
2874 0.6888 0.504348 0.00194395
2875 0.6888 0.508903 0.0021691
2876 0.6888 0.511428 0.00161329
2877 0.6888 0.50866 0.00212532
2878 0.6888 0.509373 0.00179718
2879 0.6888 0.511801 0.00205746
2880 0.6888 0.506122 0.00204886
2881 0.6888 0.509959 0.00192961
2882 0.6888 0.506538 0.00198203
2883 0.6888 0.507302 0.00195013
2884 0.6888 0.506414 0.00198047
2885 0.6888 0.509691 0.0023504
2886 0.6888 0.50889 0.00240925
2887 0.6888 0.512573 0.00244787
2888 0.6888 0.509518 0.0018226
2889 0.6888 0.512506 0.0024179
2890 0.6888 0.508199 0.00217238
2891 0.6888 0.5067 0.00225211
2892 0.6888 0.507593 0.00268077
2893 0.6888 0.50797 0.00173642
2894 0.6888 0.507893 0.00195015
2895 0.6888 0.513627 0.00189842
2896 0.6888 0.50795 0.00206576
2897 0.6888 0.509167 0.00229232
2898 0.6888 0.515352 0.00178016
2899 0.6888 0.509553 0.00189203
2900 0.6888 0.513059 0.00194875
2901 0.6888 0.509385 0.00206857
2902 0.6888 0.508928 0.00175495
2903 0.6888 0.505507 0.00193859
2904 0.6888 0.506935 0.00195156
2905 0.6888 0.509847 0.00202793
2906 0.6888 0.503555 0.0017349
2907 0.6888 0.506571 0.00179382
2908 0.6888 0.507396 0.00178714
2909 0.6888 0.506654 0.00175146
2910 0.6888 0.507055 0.00166787
2911 0.6888 0.506219 0.00216717
2912 0.6888 0.508247 0.00185989
2913 0.6888 0.512312 0.00186507
2914 0.6888 0.510704 0.00230436
2915 0.6888 0.50842 0.00197309
2916 0.6888 0.508233 0.00194391
2917 0.6888 0.506791 0.00236595
2918 0.6888 0.512442 0.0021224
2919 0.6888 0.509686 0.00185037
2920 0.6888 0.51026 0.00212902
2921 0.6888 0.5103 0.00187837
2922 0.6888 0.509847 0.00194335
2923 0.6888 0.512749 0.00197686
2924 0.6888 0.509418 0.00191426
2925 0.6888 0.505167 0.00204595
2926 0.6888 0.509481 0.00167649
2927 0.6888 0.510664 0.00205918
2928 0.6888 0.507744 0.00177075
2929 0.6888 0.50535 0.00174113
2930 0.6888 0.506411 0.00193891
2931 0.6888 0.514975 0.00185308
2932 0.6888 0.509019 0.00165107
2933 0.6888 0.507074 0.00201035
2934 0.6888 0.512426 0.00258776
2935 0.6888 0.509409 0.00205701
2936 0.6888 0.507412 0.00222821
2937 0.6888 0.5057 0.00200234
2938 0.6888 0.51391 0.00195657
2939 0.6888 0.511627 0.00183609
2940 0.6888 0.50822 0.00179644
2941 0.6888 0.506694 0.00176537
2942 0.6888 0.507497 0.00182195
2943 0.6888 0.504237 0.0019276
2944 0.6888 0.50634 0.00178897
2945 0.6888 0.507377 0.00206102
2946 0.6888 0.505718 0.00238965
2947 0.6888 0.506455 0.00193008
2948 0.6888 0.507888 0.0018657
2949 0.6888 0.50581 0.00193609
2950 0.6888 0.506511 0.00189508
2951 0.6888 0.505361 0.00181604
2952 0.6888 0.507678 0.0020593
2953 0.6888 0.509296 0.00181151
2954 0.6888 0.509798 0.00184557
2955 0.6888 0.512098 0.00178884
2956 0.6888 0.508432 0.00169501
2957 0.6888 0.504296 0.00199989
2958 0.6888 0.507638 0.0017931
2959 0.6888 0.506114 0.00185597
2960 0.6888 0.509547 0.00193469
2961 0.6888 0.505449 0.00216301
2962 0.6888 0.507398 0.00209566
2963 0.6888 0.510723 0.00226382
2964 0.6888 0.505512 0.00206125
2965 0.6888 0.508489 0.00201781
2966 0.6888 0.506339 0.0020714
2967 0.6888 0.507957 0.00200534
2968 0.6888 0.511591 0.00212592
2969 0.6888 0.506813 0.00206441
2970 0.6888 0.510929 0.00177745
2971 0.6888 0.507073 0.0017718
2972 0.6888 0.506097 0.00191071
2973 0.6888 0.5082 0.00203381
2974 0.6888 0.502023 0.00207244
2975 0.6888 0.504673 0.0019888
2976 0.6888 0.507253 0.00193049
2977 0.6888 0.513372 0.00247456
2978 0.6888 0.506664 0.00250593
2979 0.6888 0.50728 0.00196883
2980 0.6888 0.50592 0.00218953
2981 0.6888 0.505955 0.00219043
2982 0.6888 0.499335 0.00217119
2983 0.6888 0.506877 0.00198775
2984 0.6888 0.510205 0.00224219
2985 0.6888 0.508082 0.00197105
2986 0.6888 0.507707 0.00189291
2987 0.6888 0.503191 0.0019516
2988 0.6888 0.505886 0.00194838
2989 0.6888 0.509074 0.00238476
2990 0.6888 0.506449 0.00215502
2991 0.6888 0.508515 0.00214136
2992 0.6888 0.508995 0.00208364
2993 0.6888 0.509674 0.00229238
2994 0.6888 0.507456 0.0021012
2995 0.6888 0.506411 0.00278691
2996 0.6888 0.506405 0.00224299
2997 0.6888 0.510336 0.00204445
2998 0.6888 0.50637 0.00232959
2999 0.6888 0.505082 0.00199573
3000 0.6888 0.509757 0.00185294
