0 0.574293 0.500042 0.000443723
1 0.574293 0.500502 0.00047881
2 0.574293 0.505432 0.000396349
3 0.574293 0.502913 0.000557733
4 0.574293 0.504408 0.000501729
5 0.575869 0.507685 0.000525363
6 0.585608 0.506033 0.000672451
7 0.585608 0.503055 0.000536397
8 0.612532 0.502051 0.000701818
9 0.612532 0.501094 0.000588967
10 0.612532 0.506746 0.00064337
11 0.612532 0.504964 0.000884985
12 0.612532 0.507387 0.000720758
13 0.612532 0.510407 0.000878876
14 0.612532 0.503644 0.00105471
15 0.612532 0.504703 0.000835832
16 0.612532 0.506183 0.000814194
17 0.612532 0.503009 0.00114247
18 0.612532 0.504499 0.000891464
19 0.612532 0.503364 0.00110423
20 0.612532 0.502294 0.00104507
21 0.612532 0.508147 0.00099989
22 0.612532 0.504712 0.00107284
23 0.620945 0.501177 0.00111876
24 0.620945 0.50838 0.00137303
25 0.629261 0.508394 0.00137197
26 0.629261 0.506327 0.0012881
27 0.629261 0.504126 0.00130613
28 0.64989 0.503726 0.0015339
29 0.64989 0.508078 0.00182946
30 0.64989 0.510687 0.00138386
31 0.64989 0.511863 0.00148395
32 0.64989 0.506992 0.00148223
33 0.64989 0.504755 0.0015174
34 0.64989 0.50796 0.00149811
35 0.64989 0.504526 0.0016298
36 0.64989 0.508427 0.00156635
37 0.64989 0.506537 0.00148765
38 0.64989 0.505075 0.00150908
39 0.64989 0.505492 0.00164173
40 0.64989 0.508618 0.00174312
41 0.64989 0.509855 0.00140791
42 0.64989 0.505142 0.00198152
43 0.64989 0.505532 0.00216554
44 0.64989 0.504353 0.00200479
45 0.64989 0.507552 0.00244122
46 0.64989 0.511921 0.00234412
47 0.64989 0.51122 0.00197477
48 0.64989 0.506545 0.00192811
49 0.64989 0.506444 0.00209977
50 0.64989 0.507417 0.00202607
51 0.64989 0.505568 0.0021912
52 0.64989 0.502177 0.00197711
53 0.64989 0.511535 0.00236727
54 0.64989 0.514492 0.00198443
55 0.64989 0.513312 0.00218874
56 0.64989 0.509154 0.00217812
57 0.64989 0.508677 0.00216734
58 0.64989 0.513388 0.00252881
59 0.64989 0.511368 0.00244916
60 0.64989 0.50742 0.00303881
61 0.64989 0.511819 0.00257363
62 0.64989 0.50711 0.00225461
63 0.64989 0.511838 0.00247193
64 0.64989 0.508795 0.00255737
65 0.64989 0.509992 0.00207809
66 0.64989 0.509758 0.00187692
67 0.64989 0.506753 0.00249661
68 0.652816 0.512307 0.00248321
69 0.652816 0.51486 0.0023136
70 0.652816 0.501975 0.00273561
71 0.652816 0.506694 0.00273455
72 0.652816 0.507731 0.00205081
73 0.652816 0.506094 0.00247129
74 0.652816 0.513735 0.00231033
75 0.652816 0.504588 0.00318021
76 0.652816 0.504815 0.00238684
77 0.652816 0.505533 0.00259212
78 0.652816 0.504844 0.00209088
79 0.652816 0.511626 0.00208034
80 0.652816 0.502416 0.00219503
81 0.652816 0.505944 0.00237555
82 0.652816 0.50849 0.00289906
83 0.652816 0.505881 0.00254148
84 0.652816 0.502948 0.00232884
85 0.652816 0.504469 0.00267856
86 0.652816 0.507708 0.00238363
87 0.652816 0.502916 0.00281103
88 0.652816 0.508437 0.00226757
89 0.652816 0.511127 0.00258441
90 0.652816 0.511171 0.0021264
91 0.652816 0.50382 0.00257766
92 0.652816 0.501221 0.00278375
93 0.652816 0.510346 0.00215654
94 0.652816 0.505514 0.00211496
95 0.652816 0.506575 0.0028673
96 0.652816 0.505392 0.00281459
97 0.652816 0.506958 0.00258256
98 0.652816 0.507399 0.0026912
99 0.652816 0.50513 0.00243365
100 0.652816 0.509733 0.0022561
101 0.652816 0.506458 0.00249867
102 0.652816 0.504348 0.00248805
103 0.652816 0.507558 0.00309435
104 0.652816 0.507128 0.00254519
105 0.652816 0.50207 0.00259057
106 0.652816 0.509277 0.00275305
107 0.652816 0.506021 0.00208104
108 0.652816 0.509707 0.00260162
109 0.652816 0.503076 0.00279654
110 0.652816 0.507557 0.00225547
111 0.652816 0.507381 0.00254128
112 0.65979 0.49993 0.00289823
113 0.65979 0.507453 0.00256924
114 0.65979 0.504407 0.00253165
115 0.65979 0.5078 0.00234147
116 0.65979 0.507028 0.00292608
117 0.65979 0.512421 0.00280026
118 0.65979 0.507806 0.00267857
119 0.65979 0.507642 0.0031846
120 0.65979 0.512137 0.00261496
121 0.65979 0.50481 0.00277925
122 0.65979 0.509424 0.00249642
123 0.65979 0.514173 0.00227174
124 0.65979 0.51539 0.00257523
125 0.65979 0.510321 0.00250377
126 0.65979 0.512174 0.00226882
127 0.65979 0.51152 0.00215163
128 0.65979 0.513565 0.00250015
129 0.65979 0.500332 0.00276954
130 0.65979 0.504878 0.00297562
131 0.65979 0.510472 0.00275362
132 0.65979 0.513957 0.00313996
133 0.65979 0.50976 0.00279426
134 0.65979 0.508654 0.00244324
135 0.65979 0.507317 0.00252786
136 0.65979 0.509338 0.00279819
137 0.65979 0.502898 0.002853
138 0.65979 0.5109 0.00239652
139 0.65979 0.51549 0.00236773
140 0.65979 0.509246 0.00209838
141 0.65979 0.518239 0.00231779
142 0.66805 0.517928 0.00274654
143 0.66805 0.519453 0.00362019
144 0.66805 0.519611 0.00270352
145 0.66805 0.513863 0.00235825
146 0.66805 0.50691 0.00248361
147 0.66805 0.511155 0.00249498
148 0.66805 0.511321 0.00291663
149 0.66805 0.515057 0.00230314
150 0.66805 0.508546 0.00228023
151 0.66805 0.51078 0.00242234
152 0.66805 0.515762 0.00239187
153 0.66805 0.503624 0.00260604
154 0.66805 0.510181 0.00262952
155 0.66805 0.506676 0.00263773
156 0.66805 0.504727 0.00253978
157 0.66805 0.509399 0.00288657
158 0.675119 0.504859 0.00327248
159 0.675119 0.517305 0.00241192
160 0.675119 0.513833 0.00293718
161 0.675119 0.515283 0.00283709
162 0.675119 0.51218 0.00283865
163 0.675119 0.508963 0.00319931
164 0.675119 0.515151 0.00242621
165 0.675119 0.512106 0.00309914
166 0.675119 0.505224 0.00294873
167 0.675119 0.50519 0.00319807
168 0.675119 0.509278 0.00253291
169 0.675119 0.511156 0.00278876
170 0.675119 0.514047 0.00295636
171 0.675119 0.506363 0.00338946
172 0.675119 0.507982 0.00284467
173 0.724656 0.517197 0.00292256
174 0.724656 0.509217 0.00329307
175 0.724656 0.508371 0.00272657
176 0.724656 0.514436 0.00317078
177 0.724656 0.51549 0.00262018
178 0.724656 0.511763 0.00344877
179 0.724656 0.511251 0.00307102
180 0.724656 0.517922 0.0036839
181 0.724656 0.524818 0.00338373
182 0.724656 0.506344 0.00361609
183 0.724656 0.520681 0.00352351
184 0.724656 0.510508 0.00361398
185 0.724656 0.507665 0.00385841
186 0.724656 0.514634 0.00385874
187 0.724656 0.51151 0.00368771
188 0.724656 0.519372 0.00380131
189 0.724656 0.514145 0.0038369
190 0.724656 0.530447 0.00332499
191 0.724656 0.518143 0.00361751
192 0.724656 0.517489 0.00335389
193 0.724656 0.516867 0.00408994
194 0.724656 0.518037 0.00340876
195 0.724656 0.52492 0.00346976
196 0.724656 0.517194 0.00383982
197 0.724656 0.50968 0.00348173
198 0.724656 0.516369 0.00363082
199 0.724656 0.515007 0.00369509
200 0.724656 0.51138 0.00374385
201 0.724656 0.51711 0.00322081
202 0.724656 0.520378 0.00419097
203 0.724656 0.519207 0.0038057
204 0.724656 0.521725 0.00398864
205 0.724656 0.516632 0.00411471
206 0.724656 0.523032 0.0039762
207 0.724656 0.52077 0.00347525
208 0.724656 0.52098 0.00347363
209 0.724656 0.5201 0.00364484
210 0.724656 0.518148 0.00315937
211 0.724656 0.531444 0.00330597
212 0.724656 0.520741 0.00385428
213 0.724656 0.523548 0.00338711
214 0.72613 0.521573 0.00417726
215 0.72613 0.522319 0.00336431
216 0.72613 0.52207 0.00337794
217 0.72613 0.517838 0.00411766
218 0.72613 0.520628 0.00372733
219 0.72613 0.523575 0.00396035
220 0.72613 0.526134 0.0032964
221 0.72613 0.522206 0.00354677
222 0.72613 0.521058 0.00396126
223 0.72613 0.517995 0.00371715
224 0.72613 0.518955 0.00338518
225 0.72613 0.521276 0.00276658
226 0.72613 0.516269 0.00318941
227 0.72613 0.516261 0.00391025
228 0.72613 0.520012 0.00406275
229 0.72613 0.523872 0.00323047
230 0.72613 0.519311 0.00340928
231 0.72613 0.520673 0.00326903
232 0.72613 0.521795 0.00343336
233 0.72613 0.516654 0.00356826
234 0.72613 0.523555 0.00449408
235 0.72613 0.509226 0.00424044
236 0.72613 0.524439 0.00373631
237 0.72613 0.528218 0.00368161
238 0.72613 0.528859 0.00319268
239 0.72613 0.530903 0.00371928
240 0.72613 0.522422 0.00368734
241 0.72613 0.520861 0.00388525
242 0.72613 0.523189 0.00326107
243 0.72613 0.522367 0.00306293
244 0.72613 0.516901 0.00362564
245 0.72613 0.52448 0.00477642
246 0.72613 0.517248 0.00392816
247 0.72613 0.523096 0.00367284
248 0.72613 0.52304 0.00347545
249 0.72613 0.522128 0.00333378
250 0.72613 0.518942 0.00355335
251 0.72613 0.528248 0.00343992
252 0.72613 0.52554 0.00378311
253 0.72613 0.524501 0.00388915
254 0.72613 0.525747 0.00356217
255 0.72613 0.522672 0.00390597
256 0.72613 0.530674 0.00340095
257 0.72613 0.52454 0.00403863
258 0.72613 0.521355 0.00341549
259 0.72613 0.519578 0.00297535
260 0.72613 0.518028 0.00365379
261 0.72613 0.527812 0.00323705
262 0.72613 0.524173 0.00418939
263 0.72613 0.522404 0.00358644
264 0.72613 0.529188 0.00338867
265 0.72613 0.532809 0.00363138
266 0.72613 0.518231 0.00366813
267 0.72613 0.520405 0.00363423
268 0.72613 0.526072 0.00323944
269 0.72613 0.527883 0.00344565
270 0.72613 0.525871 0.00406586
271 0.72613 0.521482 0.00357821
272 0.72613 0.524202 0.00360254
273 0.72613 0.529684 0.00368637
274 0.72613 0.525734 0.00424312
275 0.72613 0.527956 0.00361611
276 0.72613 0.520894 0.00352244
277 0.72613 0.522491 0.0034863
278 0.72613 0.531174 0.0036228
279 0.72613 0.5206 0.00415641
280 0.72613 0.522609 0.00382136
281 0.72613 0.530942 0.00418589
282 0.72613 0.526479 0.00332339
283 0.72613 0.522873 0.00416772
284 0.72613 0.525064 0.00365373
285 0.72613 0.525875 0.00324612
286 0.72613 0.522533 0.00360264
287 0.72613 0.52031 0.00352004
288 0.72613 0.515206 0.00337245
289 0.72613 0.524953 0.00373932
290 0.72613 0.517607 0.00359228
291 0.72613 0.52917 0.00370095
292 0.72613 0.531479 0.00440376
293 0.72613 0.519166 0.00392915
294 0.72613 0.523636 0.00400937
295 0.72613 0.522382 0.00366236
296 0.72613 0.527535 0.00394516
297 0.72613 0.521966 0.00328587
298 0.72613 0.518207 0.00384232
299 0.72613 0.521751 0.0034428
300 0.72613 0.517251 0.00406964
301 0.72613 0.526053 0.00383949
302 0.72613 0.52332 0.00324611
303 0.72613 0.525351 0.00337789
304 0.72613 0.523461 0.00365619
305 0.72613 0.522891 0.0033929
306 0.72613 0.521088 0.00345346
307 0.72613 0.524433 0.0033767
308 0.72613 0.520528 0.00307506
309 0.72613 0.517381 0.0042847
310 0.72613 0.519696 0.00361827
311 0.72613 0.526154 0.00359073
312 0.72613 0.52682 0.00324646
313 0.72613 0.518037 0.00362498
314 0.72613 0.52655 0.0036581
315 0.72613 0.512362 0.00361831
316 0.72613 0.521907 0.00354201
317 0.72613 0.522353 0.00360247
318 0.72613 0.524793 0.00446129
319 0.72613 0.531206 0.00379938
320 0.72613 0.528668 0.00356903
321 0.72613 0.522258 0.004019
322 0.72613 0.517208 0.00401241
323 0.72613 0.520637 0.00425781
324 0.72613 0.525531 0.00345287
325 0.72613 0.516781 0.00314124
326 0.72613 0.514876 0.00357388
327 0.72613 0.519637 0.00387178
328 0.72613 0.522365 0.00331243
329 0.72613 0.524029 0.00406113
330 0.72613 0.522413 0.00345533
331 0.72613 0.515719 0.00343823
332 0.72613 0.517242 0.00355786
333 0.72613 0.530613 0.0036401
334 0.72613 0.526277 0.0031718
335 0.72613 0.516561 0.00301042
336 0.72613 0.525954 0.00310533
337 0.72613 0.52678 0.00331842
338 0.72613 0.522422 0.00372866
339 0.72613 0.526531 0.00363245
340 0.72613 0.526999 0.003531
341 0.72613 0.525557 0.00327713
342 0.72613 0.526737 0.00309308
343 0.72613 0.527357 0.00319756
344 0.72613 0.525877 0.00352813
345 0.72613 0.530849 0.00301568
346 0.72613 0.524067 0.00389101
347 0.72613 0.526558 0.00389587
348 0.72613 0.519676 0.00379813
349 0.72613 0.524156 0.00348466
350 0.72613 0.520949 0.00356216
351 0.72613 0.527106 0.00335607
352 0.72613 0.52277 0.00361787
353 0.72613 0.521999 0.00310862
354 0.72613 0.522081 0.00335173
355 0.72613 0.525103 0.00341378
356 0.72613 0.518874 0.00339902
357 0.72613 0.520665 0.00356769
358 0.72613 0.52774 0.00319711
359 0.72613 0.533183 0.00297359
360 0.72613 0.523921 0.00334876
361 0.72613 0.527982 0.003262
362 0.72613 0.523483 0.00394158
363 0.72613 0.526897 0.0032236
364 0.72613 0.524313 0.00333951
365 0.72613 0.525973 0.00354177
366 0.72613 0.527491 0.00377325
367 0.72613 0.524814 0.00299574
368 0.72613 0.528545 0.00356398
369 0.72613 0.517142 0.00393958
370 0.72613 0.526166 0.00366771
371 0.72613 0.518863 0.00389902
372 0.72613 0.522857 0.00337232
373 0.72613 0.520532 0.00388089
374 0.72613 0.523263 0.00389293
375 0.72613 0.524981 0.00385866
376 0.72613 0.518298 0.00330812
377 0.72613 0.529491 0.00376854
378 0.72613 0.524523 0.00316132
379 0.72613 0.521083 0.00323613
380 0.72613 0.529143 0.00325773
381 0.72613 0.526901 0.00293962
382 0.72613 0.527675 0.00338624
383 0.72613 0.518738 0.00346601
384 0.72613 0.52948 0.00333554
385 0.72613 0.526062 0.00319026
386 0.72613 0.520726 0.00312859
387 0.72613 0.522191 0.00336102
388 0.72613 0.52015 0.00337999
389 0.72613 0.528798 0.00366528
390 0.72613 0.521756 0.00356346
391 0.72613 0.516175 0.00401818
392 0.72613 0.529 0.00385007
393 0.72613 0.519309 0.00345569
394 0.72613 0.519928 0.00400653
395 0.72613 0.514945 0.00362962
396 0.72613 0.525586 0.00373912
397 0.72613 0.524315 0.00342127
398 0.72613 0.520238 0.00351571
399 0.72613 0.521492 0.00352343
400 0.72613 0.518073 0.00362794
401 0.72613 0.522691 0.00303259
402 0.72613 0.520365 0.00356237
403 0.72613 0.52401 0.00306638
404 0.72613 0.523676 0.00368843
405 0.72613 0.521856 0.00346215
406 0.72613 0.518896 0.0034957
407 0.72613 0.526416 0.00366085
408 0.72613 0.531476 0.00340102
409 0.72613 0.522591 0.00347209
410 0.72613 0.517174 0.00394079
411 0.72613 0.522749 0.00344186
412 0.72613 0.533742 0.00295799
413 0.72613 0.528007 0.00359408
414 0.72613 0.523477 0.0031362
415 0.72613 0.51956 0.00368502
416 0.72613 0.522104 0.0035189
417 0.72613 0.521022 0.00346255
418 0.72613 0.520282 0.00354236
419 0.72613 0.529182 0.00320884
420 0.72613 0.523812 0.00407496
421 0.72613 0.527488 0.00350659
422 0.72613 0.525933 0.00344338
423 0.72613 0.522363 0.00311433
424 0.72613 0.51627 0.00364057
425 0.72613 0.52523 0.00446124
426 0.72613 0.533561 0.00377637
427 0.72613 0.525302 0.00360106
428 0.72613 0.519875 0.00370064
429 0.72613 0.52725 0.00312933
430 0.72613 0.523032 0.00375987
431 0.72613 0.518834 0.00388182
432 0.72613 0.521603 0.00361439
433 0.72613 0.525474 0.00332888
434 0.72613 0.529202 0.00352609
435 0.72613 0.53263 0.00372551
436 0.72613 0.526203 0.00364254
437 0.72613 0.526028 0.00387939
438 0.72613 0.522478 0.0040555
439 0.72613 0.524625 0.00344467
440 0.72613 0.529441 0.00329688
441 0.72613 0.525718 0.00311907
442 0.72613 0.527043 0.00418316
443 0.72613 0.530639 0.00355956
444 0.72613 0.52482 0.00357989
445 0.72613 0.523487 0.00375195
446 0.72613 0.521633 0.00333769
447 0.72613 0.528553 0.00395478
448 0.72613 0.519916 0.0034466
449 0.72613 0.522078 0.00345495
450 0.72613 0.520283 0.00347434
451 0.72613 0.517631 0.00383364
452 0.72613 0.524697 0.00444804
453 0.72613 0.530418 0.00321314
454 0.72613 0.525487 0.00368398
455 0.72613 0.524474 0.00382122
456 0.72613 0.521761 0.00333362
457 0.72613 0.527691 0.00340293
458 0.72613 0.520789 0.00350555
459 0.72613 0.523748 0.00338841
460 0.72613 0.525199 0.0031716
461 0.72613 0.520398 0.00311683
462 0.72613 0.524568 0.0033181
463 0.72613 0.518185 0.00418641
464 0.72613 0.528209 0.00374272
465 0.72613 0.52036 0.00316343
466 0.72613 0.527653 0.0033258
467 0.72613 0.528745 0.00349128
468 0.72613 0.523714 0.00410929
469 0.72613 0.52192 0.00341504
470 0.72613 0.522771 0.00406455
471 0.72613 0.523933 0.00406841
472 0.72613 0.532112 0.00389875
473 0.72613 0.523867 0.0038267
474 0.72613 0.516997 0.00362525
475 0.72613 0.51718 0.00360016
476 0.72613 0.528786 0.00356198
477 0.72613 0.523971 0.003581
478 0.72613 0.531959 0.00334406
479 0.72613 0.523741 0.00356046
480 0.72613 0.528844 0.00354763
481 0.72613 0.523705 0.00374167
482 0.72613 0.520711 0.00438246
483 0.72613 0.520007 0.00340255
484 0.72613 0.523861 0.00325368
485 0.72613 0.521237 0.00337955
486 0.72613 0.520967 0.00363224
487 0.72613 0.525195 0.00329018
488 0.72613 0.518519 0.00339448
489 0.72613 0.524553 0.00332863
490 0.72613 0.519317 0.00330745
491 0.72613 0.522676 0.00274516
492 0.72613 0.530328 0.00297152
493 0.72613 0.521702 0.00344143
494 0.72613 0.53122 0.00403105
495 0.72613 0.525205 0.003684
496 0.72613 0.529885 0.00317742
497 0.72613 0.523123 0.00356757
498 0.72613 0.527502 0.00349937
499 0.72613 0.527935 0.00367841
500 0.72613 0.527606 0.00359741
501 0.72613 0.523733 0.00329262
502 0.72613 0.526134 0.00337194
503 0.728041 0.528752 0.00369389
504 0.728041 0.525477 0.00337061
505 0.728041 0.527515 0.00366944
506 0.728041 0.527103 0.00328025
507 0.728041 0.526877 0.00365149
508 0.728041 0.524273 0.00310929
509 0.728041 0.524583 0.00341012
510 0.728041 0.522167 0.00316223
511 0.728041 0.519565 0.00309284
512 0.728041 0.521518 0.00319339
513 0.728041 0.520767 0.00336785
514 0.728041 0.523352 0.00339982
515 0.728041 0.523339 0.00298611
516 0.728041 0.524437 0.00305843
517 0.728041 0.517782 0.00341379
518 0.728041 0.526423 0.00350291
519 0.728041 0.52366 0.0034296
520 0.728041 0.527558 0.00307689
521 0.728041 0.517552 0.00319484
522 0.728041 0.522071 0.00341865
523 0.728041 0.525662 0.00376474
524 0.728041 0.529292 0.00382225
525 0.728041 0.521933 0.00319796
526 0.728041 0.525051 0.00362513
527 0.728041 0.520087 0.00317032
528 0.728041 0.522 0.00342673
529 0.728041 0.519855 0.00313086
530 0.728041 0.523005 0.00296011
531 0.728041 0.524351 0.003736
532 0.728041 0.517499 0.00387474
533 0.728041 0.52977 0.00338169
534 0.728041 0.520809 0.00378343
535 0.728041 0.518912 0.00380165
536 0.728041 0.520738 0.00308267
537 0.728041 0.522222 0.00375598
538 0.728041 0.525597 0.00382425
539 0.728041 0.515879 0.00375823
540 0.728041 0.525317 0.00396133
541 0.728041 0.523152 0.00311647
542 0.728041 0.52304 0.00351996
543 0.728041 0.515981 0.00336078
544 0.728041 0.518124 0.00343754
545 0.728041 0.520789 0.00355962
546 0.728041 0.520454 0.00366816
547 0.728041 0.52502 0.00318337
548 0.728041 0.521665 0.00384145
549 0.728041 0.530988 0.00369861
550 0.728041 0.522152 0.00377449
551 0.728041 0.521496 0.00346924
552 0.728041 0.522412 0.0036181
553 0.728041 0.526046 0.00346975
554 0.728041 0.515269 0.00370221
555 0.728041 0.520378 0.00386726
556 0.728041 0.52673 0.0038394
557 0.728041 0.528148 0.00366334
558 0.728041 0.52868 0.00320714
559 0.728041 0.522502 0.00327501
560 0.728041 0.518937 0.00413742
561 0.728041 0.523359 0.00404635
562 0.728041 0.52292 0.00382
563 0.728041 0.522776 0.00448676
564 0.728041 0.52866 0.00376132
565 0.728041 0.521629 0.00338989
566 0.728041 0.520534 0.00376414
567 0.728041 0.519654 0.00368514
568 0.728041 0.527721 0.00371373
569 0.728041 0.516874 0.00367596
570 0.728041 0.516226 0.00380414
571 0.728041 0.520634 0.00391557
572 0.728041 0.522011 0.00357055
573 0.728041 0.51645 0.0034682
574 0.728041 0.518486 0.00332148
575 0.728041 0.522693 0.00342435
576 0.728041 0.520783 0.00366314
577 0.728041 0.530767 0.00305408
578 0.728041 0.530666 0.00347482
579 0.728041 0.523667 0.00336682
580 0.728041 0.527812 0.00353285
581 0.728041 0.523449 0.00389732
582 0.728041 0.528236 0.00392439
583 0.728041 0.526425 0.00354328
584 0.728041 0.517684 0.00416234
585 0.728041 0.521601 0.00368686
586 0.728041 0.52871 0.00414411
587 0.728041 0.519506 0.00366587
588 0.728041 0.523847 0.00371355
589 0.728041 0.521709 0.0032618
590 0.728041 0.517562 0.00366731
591 0.728041 0.524458 0.00355701
592 0.728041 0.523975 0.00336175
593 0.728041 0.52626 0.00370799
594 0.728041 0.525235 0.00354272
595 0.728041 0.52024 0.00355579
596 0.728041 0.521872 0.00320303
597 0.728041 0.516693 0.00353912
598 0.728041 0.515068 0.00339123
599 0.728041 0.521347 0.00375909
600 0.728041 0.522247 0.00384389
601 0.728041 0.519834 0.00343285
602 0.728041 0.53286 0.00332392
603 0.728041 0.520049 0.00347015
604 0.728041 0.517944 0.00420734
605 0.728041 0.52183 0.00339728
606 0.728041 0.521069 0.00344094
607 0.728041 0.524798 0.00338618
608 0.728041 0.527387 0.00339984
609 0.728041 0.523637 0.00317682
610 0.728041 0.523508 0.00366229
611 0.728041 0.516298 0.00388965
612 0.728041 0.521258 0.00385509
613 0.728041 0.520797 0.00335316
614 0.728041 0.524005 0.00332492
615 0.728041 0.52333 0.00338154
616 0.728041 0.523466 0.00400211
617 0.728041 0.524148 0.00328645
618 0.728041 0.516967 0.0035788
619 0.728041 0.526455 0.0029306
620 0.728041 0.520254 0.00361211
621 0.728041 0.52507 0.00391098
622 0.728041 0.519809 0.00365741
623 0.728041 0.529862 0.00414021
624 0.728041 0.522595 0.00359046
625 0.728041 0.522168 0.00341672
626 0.728041 0.522848 0.00329413
627 0.728041 0.52569 0.00372629
628 0.728041 0.530437 0.00336055
629 0.728041 0.530762 0.00327268
630 0.728041 0.530488 0.00364054
631 0.728041 0.52766 0.00355492
632 0.728041 0.52706 0.00343083
633 0.728041 0.528457 0.00341482
634 0.728041 0.522725 0.00395289
635 0.728041 0.524534 0.00412398
636 0.728041 0.521294 0.00343759
637 0.728041 0.528237 0.00309782
638 0.728041 0.523663 0.00351606
639 0.728041 0.523326 0.00408234
640 0.728041 0.527261 0.00393251
641 0.728041 0.519764 0.00371576
642 0.728041 0.52802 0.00388683
643 0.728041 0.528412 0.00319688
644 0.728041 0.525092 0.00314206
645 0.728041 0.516089 0.00359566
646 0.728041 0.520265 0.00327879
647 0.728041 0.520567 0.0037315
648 0.728041 0.524278 0.00360878
649 0.728041 0.522709 0.0041718
650 0.728041 0.52107 0.00442802
651 0.728041 0.524341 0.00382866
652 0.728041 0.526005 0.00383633
653 0.728041 0.528211 0.00341435
654 0.728041 0.524365 0.00392667
655 0.728041 0.521378 0.00358307
656 0.728041 0.523793 0.00328153
657 0.728041 0.526046 0.00344767
658 0.728041 0.521314 0.00367589
659 0.728041 0.523624 0.00383682
660 0.728041 0.521281 0.0042949
661 0.728041 0.518501 0.0037072
662 0.728041 0.517436 0.00372539
663 0.728041 0.521782 0.00361537
664 0.728041 0.522405 0.00321325
665 0.728041 0.529756 0.00366431
666 0.728041 0.528634 0.00365158
667 0.728041 0.526716 0.00366219
668 0.728041 0.52463 0.00376034
669 0.728041 0.526276 0.00384547
670 0.728041 0.524755 0.00340997
671 0.728041 0.520592 0.00382646
672 0.728041 0.519695 0.00353044
673 0.728041 0.521809 0.00328127
674 0.728041 0.526216 0.00329214
675 0.728041 0.530224 0.00341191
676 0.728041 0.5271 0.00363449
677 0.728041 0.515218 0.0032054
678 0.728041 0.522369 0.00337684
679 0.728041 0.522561 0.00347097
680 0.728041 0.518937 0.00393147
681 0.728041 0.518537 0.00315366
682 0.728041 0.519798 0.00302572
683 0.728041 0.523627 0.00301417
684 0.728041 0.519351 0.00360227
685 0.728041 0.519965 0.00367415
686 0.728041 0.525498 0.00326383
687 0.728041 0.528528 0.00363003
688 0.728041 0.523673 0.00325002
689 0.728041 0.523695 0.00382946
690 0.728041 0.520143 0.00308243
691 0.728041 0.523546 0.00346035
692 0.728041 0.523359 0.00347162
693 0.728041 0.524504 0.00350448
694 0.728041 0.524657 0.0030599
695 0.728041 0.52576 0.00334276
696 0.728041 0.528117 0.00372682
697 0.728041 0.513115 0.00335765
698 0.728041 0.520176 0.00354224
699 0.728041 0.518994 0.00326981
700 0.728041 0.523136 0.00393373
701 0.728041 0.523637 0.00284583
702 0.728041 0.520848 0.00333624
703 0.728041 0.521284 0.00364564
704 0.728041 0.526876 0.00318222
705 0.728041 0.52681 0.0032117
706 0.728041 0.523935 0.00341874
707 0.728041 0.525151 0.00317818
708 0.728041 0.52756 0.00324014
709 0.728041 0.521834 0.00343788
710 0.728041 0.524661 0.00342717
711 0.728041 0.52381 0.00367496
712 0.728041 0.524346 0.00290064
713 0.728041 0.521611 0.00362819
714 0.728041 0.521943 0.00339733
715 0.728041 0.521312 0.0036857
716 0.728041 0.524849 0.00322171
717 0.728041 0.520353 0.00370677
718 0.728041 0.520558 0.00327874
719 0.728041 0.529671 0.00369876
720 0.728041 0.519343 0.00307989
721 0.728041 0.524373 0.00346831
722 0.728041 0.525721 0.00356488
723 0.728041 0.521791 0.00356355
724 0.728041 0.524626 0.0030313
725 0.728041 0.520678 0.00340344
726 0.728041 0.528709 0.00336251
727 0.728041 0.520394 0.00329326
728 0.728041 0.525549 0.0034874
729 0.728041 0.523426 0.00373147
730 0.728041 0.524504 0.00352792
731 0.728041 0.526411 0.00360492
732 0.728041 0.524943 0.00316135
733 0.728041 0.527671 0.00367486
734 0.728041 0.526313 0.00396868
735 0.728041 0.525422 0.0037567
736 0.728041 0.525647 0.0039263
737 0.728041 0.525851 0.00409224
738 0.728041 0.519146 0.00332881
739 0.728041 0.522981 0.0030329
740 0.728041 0.522567 0.00369738
741 0.728041 0.523971 0.00365877
742 0.728041 0.525398 0.00333344
743 0.728041 0.523283 0.00337912
744 0.728041 0.521329 0.00300753
745 0.728041 0.517441 0.00371236
746 0.728041 0.520277 0.00322438
747 0.728041 0.523424 0.00305379
748 0.728041 0.525447 0.00332038
749 0.728041 0.513661 0.00373937
750 0.728041 0.521216 0.00370509
751 0.728041 0.524819 0.00352299
752 0.728041 0.526027 0.00329216
753 0.728041 0.517572 0.00400954
754 0.728041 0.514624 0.00355354
755 0.728041 0.510101 0.00343145
756 0.728041 0.522135 0.00355644
757 0.728041 0.523971 0.00365017
758 0.728041 0.523067 0.00383311
759 0.728041 0.51617 0.00395423
760 0.728041 0.52499 0.00407024
761 0.728041 0.525098 0.00384446
762 0.728041 0.519505 0.0034108
763 0.728041 0.522436 0.0041428
764 0.728041 0.525912 0.00358668
765 0.728041 0.527977 0.00355907
766 0.728041 0.520011 0.00360869
767 0.728041 0.521757 0.00334504
768 0.728041 0.51823 0.00346749
769 0.728041 0.531051 0.00345469
770 0.728041 0.526592 0.00355813
771 0.728041 0.523667 0.00382611
772 0.728041 0.522126 0.00347561
773 0.728041 0.523123 0.00372639
774 0.728041 0.529853 0.00483287
775 0.728041 0.529273 0.00321471
776 0.728041 0.531544 0.00371041
777 0.728041 0.520722 0.00346932
778 0.728041 0.516764 0.00345025
779 0.728041 0.527383 0.00298669
780 0.728041 0.524995 0.00316302
781 0.728041 0.524439 0.003099
782 0.728041 0.52783 0.00364856
783 0.728041 0.523278 0.00340532
784 0.728041 0.525725 0.00364071
785 0.728041 0.525925 0.00378241
786 0.728041 0.520304 0.00451128
787 0.728041 0.524797 0.00333268
788 0.728041 0.528465 0.00354475
789 0.728041 0.523374 0.00383869
790 0.728041 0.526277 0.00356575
791 0.739331 0.533667 0.00373654
792 0.739331 0.526764 0.00403532
793 0.739331 0.527578 0.00360592
794 0.739331 0.531474 0.00382002
795 0.739331 0.531633 0.00415424
796 0.739331 0.528075 0.0037166
797 0.739331 0.523614 0.00391616
798 0.739331 0.530409 0.00321476
799 0.739331 0.526342 0.00340054
800 0.739331 0.524292 0.00391576
801 0.739331 0.521933 0.00435122
802 0.739331 0.524155 0.00357653
803 0.739331 0.525447 0.00319553
804 0.739331 0.525249 0.00361588
805 0.739331 0.525735 0.00328576
806 0.739331 0.522943 0.00361268
807 0.739331 0.519958 0.00374088
808 0.739331 0.526897 0.00361698
809 0.739331 0.51981 0.0037492
810 0.739331 0.531763 0.00377851
811 0.739331 0.526337 0.00345619
812 0.739331 0.525568 0.00359447
813 0.739331 0.517004 0.00319966
814 0.739331 0.523535 0.00311365
815 0.739331 0.520206 0.00373132
816 0.739331 0.529208 0.00371864
817 0.739331 0.526523 0.00362125
818 0.739331 0.527181 0.00394215
819 0.739331 0.535791 0.00340056
820 0.739331 0.534138 0.00355632
821 0.739331 0.523206 0.00350432
822 0.739331 0.523582 0.00329709
823 0.739331 0.530011 0.00375219
824 0.739331 0.527433 0.00366276
825 0.739331 0.523366 0.00345958
826 0.739331 0.519204 0.00372108
827 0.739331 0.527027 0.00346449
828 0.739331 0.529955 0.00372603
829 0.739331 0.533439 0.00393472
830 0.739331 0.53634 0.00352822
831 0.739331 0.525408 0.00316153
832 0.739331 0.521629 0.0034157
833 0.739331 0.519719 0.00327689
834 0.739331 0.523331 0.00347767
835 0.739331 0.530917 0.00318898
836 0.739331 0.529159 0.00351422
837 0.739331 0.525518 0.003314
838 0.739331 0.520512 0.00391737
839 0.739331 0.527362 0.00332674
840 0.739331 0.527193 0.00336107
841 0.739331 0.528249 0.00353674
842 0.739331 0.528681 0.00361623
843 0.739331 0.531497 0.00369183
844 0.739331 0.518611 0.00397991
845 0.739331 0.520757 0.00363746
846 0.739331 0.52311 0.00342705
847 0.739331 0.524903 0.00357962
848 0.739331 0.531571 0.00398054
849 0.739331 0.527712 0.00367252
850 0.739331 0.533204 0.00385263
851 0.739331 0.522707 0.0039162
852 0.739331 0.52612 0.00348249
853 0.739331 0.528004 0.00405091
854 0.739331 0.526417 0.00386046
855 0.739331 0.527324 0.0035588
856 0.739331 0.528609 0.0033489
857 0.739331 0.525509 0.00347256
858 0.739331 0.530247 0.00372668
859 0.739331 0.517853 0.00343767
860 0.739331 0.522585 0.00385152
861 0.739331 0.524827 0.00332086
862 0.739331 0.531617 0.00401994
863 0.739331 0.527964 0.00355653
864 0.739331 0.525378 0.00383499
865 0.739331 0.52123 0.00428781
866 0.739331 0.527109 0.00366213
867 0.739331 0.527636 0.00383978
868 0.739331 0.519946 0.00375039
869 0.739331 0.52263 0.00364678
870 0.739331 0.531569 0.00373777
871 0.739331 0.527543 0.00310835
872 0.739331 0.527255 0.00354165
873 0.739331 0.52368 0.00314966
874 0.739331 0.52394 0.0031352
875 0.739331 0.520332 0.00331523
876 0.739331 0.521417 0.00384287
877 0.739331 0.51805 0.00367868
878 0.739331 0.530519 0.00389115
879 0.739331 0.526131 0.00358155
880 0.739331 0.523912 0.00380077
881 0.739331 0.524565 0.00384367
882 0.739331 0.525523 0.00387993
883 0.739331 0.52213 0.00379353
884 0.739331 0.531726 0.00356714
885 0.739331 0.524309 0.0038733
886 0.739331 0.521929 0.00396914
887 0.739331 0.51561 0.00397937
888 0.739331 0.526109 0.00374294
889 0.739331 0.526408 0.00348333
890 0.739331 0.531559 0.00363304
891 0.739331 0.525921 0.00355281
892 0.739331 0.523179 0.00379991
893 0.739331 0.520389 0.00383518
894 0.739331 0.534757 0.00422076
895 0.739331 0.527221 0.00389352
896 0.739331 0.52879 0.00388094
897 0.739331 0.516416 0.00382121
898 0.739331 0.530066 0.00388916
899 0.739331 0.526574 0.00371973
900 0.739331 0.524433 0.00471971
901 0.739331 0.520946 0.00373383
902 0.739331 0.526416 0.00382541
903 0.739331 0.517235 0.00353205
904 0.739331 0.527834 0.00370663
905 0.739331 0.524166 0.00390537
906 0.739331 0.518553 0.00407771
907 0.739331 0.520579 0.00334722
908 0.739331 0.513931 0.00400913
909 0.739331 0.523013 0.00421872
910 0.739331 0.531038 0.00383367
911 0.739331 0.524074 0.00367845
912 0.739331 0.528503 0.00342066
913 0.739331 0.530336 0.00334769
914 0.739331 0.525482 0.00332801
915 0.739331 0.527153 0.00342726
916 0.739331 0.526529 0.00389613
917 0.739331 0.52924 0.00362942
918 0.739331 0.53066 0.00354944
919 0.739331 0.523604 0.00471369
920 0.739331 0.529038 0.00369823
921 0.739331 0.525047 0.00401063
922 0.739331 0.516395 0.00452283
923 0.739331 0.529723 0.00391115
924 0.739331 0.527334 0.00369239
925 0.739331 0.518211 0.00413748
926 0.739331 0.524254 0.00423182
927 0.739331 0.532288 0.00394774
928 0.739331 0.519094 0.00354935
929 0.739331 0.526249 0.00352487
930 0.739331 0.526663 0.00391969
931 0.739331 0.523946 0.00428709
932 0.739331 0.523829 0.0038774
933 0.739331 0.528506 0.00395347
934 0.739331 0.527033 0.00378596
935 0.739331 0.52584 0.00364392
936 0.739331 0.517412 0.0037009
937 0.739331 0.52607 0.00341639
938 0.739331 0.523174 0.00344947
939 0.739331 0.527527 0.00358456
940 0.739331 0.525981 0.00359367
941 0.739331 0.520149 0.00353075
942 0.739331 0.524736 0.00369547
943 0.739331 0.519479 0.00369351
944 0.739331 0.526488 0.00342368
945 0.739331 0.526543 0.00383799
946 0.739331 0.526426 0.0034974
947 0.739331 0.522053 0.00444643
948 0.739331 0.522973 0.00327739
949 0.744839 0.530557 0.00412675
950 0.744839 0.532262 0.00366526
951 0.744839 0.523683 0.00389545
952 0.744839 0.525209 0.00381586
953 0.744839 0.529929 0.00380605
954 0.744839 0.524118 0.00363212
955 0.744839 0.524113 0.00351247
956 0.744839 0.528714 0.00423001
957 0.744839 0.522417 0.00384056
958 0.744839 0.526517 0.00361182
959 0.744839 0.529945 0.00399233
960 0.744839 0.522823 0.00432464
961 0.744839 0.528091 0.00379601
962 0.744839 0.523908 0.00384125
963 0.744839 0.528125 0.00396897
964 0.744839 0.528877 0.00426772
965 0.744839 0.523689 0.00384712
966 0.744839 0.529751 0.00349281
967 0.744839 0.53586 0.00365813
968 0.744839 0.525337 0.0038808
969 0.744839 0.52647 0.00355958
970 0.744839 0.527757 0.00348353
971 0.744839 0.524269 0.00338249
972 0.744839 0.530491 0.00432743
973 0.744839 0.521581 0.00344471
974 0.744839 0.526063 0.00356414
975 0.744839 0.526342 0.00359309
976 0.744839 0.532169 0.0039929
977 0.744839 0.527864 0.00378872
978 0.744839 0.52811 0.00454812
979 0.744839 0.528348 0.00439455
980 0.744839 0.518792 0.00362232
981 0.744839 0.531657 0.00392523
982 0.744839 0.529531 0.00411288
983 0.744839 0.523307 0.00399337
984 0.744839 0.52078 0.00381717
985 0.744839 0.524844 0.00466282
986 0.744839 0.52738 0.00396095
987 0.744839 0.526686 0.00361987
988 0.744839 0.516064 0.00455403
989 0.744839 0.518965 0.00434978
990 0.744839 0.531742 0.0044074
991 0.744839 0.531992 0.00352181
992 0.744839 0.528158 0.00396608
993 0.744839 0.534817 0.00364675
994 0.744839 0.521639 0.00440808
995 0.744839 0.527348 0.00364255
996 0.744839 0.530508 0.00409188
997 0.744839 0.530081 0.0040318
998 0.744839 0.52216 0.00417421
999 0.744839 0.532274 0.00398357
1000 0.744839 0.523628 0.00482046
1001 0.744839 0.539656 0.0036877
1002 0.744839 0.524741 0.00445381
1003 0.744839 0.534639 0.00384303
1004 0.744839 0.524736 0.003586
1005 0.744839 0.53065 0.00358135
1006 0.744839 0.52037 0.00388159
1007 0.744839 0.525163 0.00365079
1008 0.744839 0.52753 0.00396546
1009 0.744839 0.524747 0.00354763
1010 0.744839 0.524084 0.00334038
1011 0.744839 0.52406 0.00336752
1012 0.744839 0.522731 0.00357492
1013 0.744839 0.52755 0.00374181
1014 0.744839 0.51858 0.00426556
1015 0.744839 0.51885 0.00409622
1016 0.744839 0.510563 0.00361332
1017 0.744839 0.520796 0.00340355
1018 0.744839 0.523818 0.00359083
1019 0.744839 0.522499 0.00361536
1020 0.744839 0.530495 0.00389287
1021 0.744839 0.524362 0.00372266
1022 0.744839 0.525136 0.00385508
1023 0.744839 0.525149 0.00379767
1024 0.744839 0.525426 0.00377969
1025 0.744839 0.521155 0.00406492
1026 0.744839 0.526921 0.00427892
1027 0.744839 0.522097 0.00368356
1028 0.744839 0.525586 0.00354886
1029 0.744839 0.528617 0.0034867
1030 0.744839 0.523096 0.00397152
1031 0.744839 0.52934 0.00417002
1032 0.744839 0.527641 0.00387304
1033 0.744839 0.528551 0.00376663
1034 0.744839 0.521368 0.00377118
1035 0.744839 0.523229 0.00374406
1036 0.744839 0.527098 0.00334056
1037 0.744839 0.531631 0.00394272
1038 0.744839 0.527142 0.00332788
1039 0.744839 0.520743 0.00334421
1040 0.744839 0.525417 0.00351467
1041 0.744839 0.524337 0.00399204
1042 0.744839 0.518431 0.00372006
1043 0.744839 0.522057 0.00401829
1044 0.744839 0.526763 0.00382691
1045 0.744839 0.524679 0.00371499
1046 0.744839 0.519321 0.00368102
1047 0.744839 0.52562 0.00347222
1048 0.744839 0.529667 0.00356789
1049 0.744839 0.522682 0.0037988
1050 0.744839 0.528388 0.00404243
1051 0.744839 0.522883 0.00361012
1052 0.744839 0.527314 0.00332199
1053 0.744839 0.524961 0.00399445
1054 0.744839 0.523051 0.00375039
1055 0.744839 0.522801 0.00403635
1056 0.744839 0.517572 0.00438727
1057 0.744839 0.526545 0.0033864
1058 0.744839 0.512089 0.00432414
1059 0.744839 0.524791 0.00375479
1060 0.744839 0.521012 0.00378203
1061 0.744839 0.520775 0.00401016
1062 0.744839 0.522542 0.00403932
1063 0.744839 0.527266 0.00399827
1064 0.751841 0.522419 0.00438212
1065 0.751841 0.52123 0.00440168
1066 0.751841 0.523637 0.00367568
1067 0.751841 0.531421 0.00425881
1068 0.751841 0.52725 0.00416308
1069 0.751841 0.522416 0.00427579
1070 0.751841 0.519051 0.00438921
1071 0.751841 0.528245 0.00372046
1072 0.751841 0.524958 0.00366081
1073 0.751841 0.516178 0.00468283
1074 0.751841 0.527122 0.00384518
1075 0.751841 0.523684 0.00399478
1076 0.751841 0.531113 0.00359364
1077 0.751841 0.527671 0.00387085
1078 0.751841 0.527946 0.00374034
1079 0.751841 0.527087 0.00378651
1080 0.751841 0.527867 0.00391826
1081 0.751841 0.516045 0.00396492
1082 0.751841 0.51936 0.00412282
1083 0.751841 0.522392 0.00428611
1084 0.751841 0.519221 0.0041319
1085 0.751841 0.522324 0.00407432
1086 0.751841 0.519512 0.00397238
1087 0.751841 0.52573 0.00353715
1088 0.751841 0.528056 0.00397565
1089 0.751841 0.531908 0.00437188
1090 0.751841 0.520856 0.00384517
1091 0.751841 0.525248 0.00383687
1092 0.751841 0.529488 0.00443204
1093 0.751841 0.517496 0.00405156
1094 0.751841 0.527713 0.00370952
1095 0.751841 0.526112 0.00426695
1096 0.751841 0.524514 0.00364103
1097 0.751841 0.522897 0.00455967
1098 0.751841 0.521511 0.00478588
1099 0.751841 0.526124 0.00450036
1100 0.751841 0.52591 0.00416004
1101 0.751841 0.527373 0.00398502
1102 0.751841 0.526321 0.00430674
1103 0.751841 0.529322 0.00347446
1104 0.751841 0.522592 0.00394108
1105 0.751841 0.52595 0.00353072
1106 0.751841 0.526045 0.00368693
1107 0.751841 0.525875 0.0046859
1108 0.751841 0.525133 0.00409652
1109 0.751841 0.535103 0.00389918
1110 0.751841 0.528479 0.00374095
1111 0.751841 0.522127 0.00397938
1112 0.751841 0.526188 0.00389472
1113 0.751841 0.523953 0.00337659
1114 0.751841 0.523257 0.00376034
1115 0.751841 0.519434 0.00353628
1116 0.751841 0.520092 0.00383769
1117 0.751841 0.529058 0.00410749
1118 0.751841 0.51975 0.00395293
1119 0.751841 0.521899 0.00400436
1120 0.751841 0.524084 0.00399067
1121 0.751841 0.520187 0.00378934
1122 0.751841 0.521989 0.0045245
1123 0.751841 0.529228 0.00419982
1124 0.751841 0.52402 0.00403607
1125 0.751841 0.525649 0.0038403
1126 0.751841 0.524676 0.00386657
1127 0.751841 0.526145 0.00428091
1128 0.751841 0.526028 0.00414078
1129 0.751841 0.525736 0.00402897
1130 0.751841 0.524168 0.00397873
1131 0.751841 0.528802 0.00369438
1132 0.751841 0.53087 0.00427742
1133 0.751841 0.527591 0.00404546
1134 0.751841 0.520888 0.00388766
1135 0.751841 0.517309 0.00398528
1136 0.751841 0.519996 0.00399487
1137 0.751841 0.534818 0.00425596
1138 0.751841 0.521165 0.00398688
1139 0.751841 0.529576 0.00372976
1140 0.751841 0.526024 0.00356389
1141 0.751841 0.527827 0.00416632
1142 0.751841 0.523266 0.00386944
1143 0.751841 0.520505 0.00418643
1144 0.751841 0.524011 0.00409022
1145 0.751841 0.527204 0.00381596
1146 0.751841 0.520738 0.00403291
1147 0.751841 0.527197 0.0042747
1148 0.751841 0.526206 0.0040802
1149 0.751841 0.523199 0.00399921
1150 0.751841 0.5222 0.0040971
1151 0.751841 0.535412 0.00420768
1152 0.751841 0.527815 0.00436958
1153 0.751841 0.521719 0.00387665
1154 0.751841 0.518962 0.00386141
1155 0.751841 0.523489 0.00357539
1156 0.751841 0.523197 0.00383927
1157 0.751841 0.524154 0.00468614
1158 0.751841 0.521032 0.00421856
1159 0.751841 0.528472 0.00392429
1160 0.751841 0.523382 0.00458165
1161 0.751841 0.528694 0.00423014
1162 0.751841 0.527431 0.00411801
1163 0.751841 0.537323 0.00365459
1164 0.751841 0.520666 0.00381403
1165 0.751841 0.536151 0.00381912
1166 0.751841 0.533257 0.00396389
1167 0.751841 0.528403 0.00444229
1168 0.751841 0.52786 0.004581
1169 0.751841 0.527941 0.00419593
1170 0.751841 0.524267 0.00390385
1171 0.751841 0.528164 0.00403211
1172 0.751841 0.530767 0.00342586
1173 0.751841 0.52877 0.0042367
1174 0.751841 0.532343 0.00381446
1175 0.751841 0.532655 0.004201
1176 0.751841 0.52988 0.00399033
1177 0.751841 0.532109 0.00376124
1178 0.751841 0.525306 0.00357784
1179 0.751841 0.532884 0.00348195
1180 0.751841 0.521178 0.00335941
1181 0.751841 0.522321 0.00354714
1182 0.751841 0.530358 0.00361368
1183 0.751841 0.534674 0.00358482
1184 0.751841 0.523074 0.00375732
1185 0.751841 0.524065 0.00421747
1186 0.751841 0.52184 0.00360093
1187 0.751841 0.531944 0.00388829
1188 0.751841 0.527967 0.0042908
1189 0.751841 0.528456 0.00407397
1190 0.751841 0.526963 0.00400612
1191 0.751841 0.527986 0.00398829
1192 0.751841 0.525619 0.0040822
1193 0.751841 0.525206 0.00488069
1194 0.751841 0.524092 0.00418423
1195 0.751841 0.52352 0.00373474
1196 0.751841 0.527798 0.00380788
1197 0.751841 0.523649 0.004545
1198 0.751841 0.530045 0.00392036
1199 0.751841 0.523211 0.00428069
1200 0.751841 0.529875 0.00430829
1201 0.751841 0.521875 0.00382595
1202 0.751841 0.529309 0.00419594
1203 0.751841 0.522156 0.00434404
1204 0.751841 0.521887 0.00493746
1205 0.751841 0.517915 0.00421467
1206 0.751841 0.52153 0.0052695
1207 0.751841 0.516659 0.00437249
1208 0.751841 0.527426 0.00414522
1209 0.751841 0.525723 0.0036151
1210 0.751841 0.525481 0.00390335
1211 0.751841 0.52988 0.00397985
1212 0.751841 0.52304 0.00410004
1213 0.751841 0.530425 0.00440227
1214 0.751841 0.52907 0.00425833
1215 0.751841 0.527356 0.00484065
1216 0.751841 0.529242 0.00385757
1217 0.751841 0.520137 0.0038933
1218 0.751841 0.520078 0.00453781
1219 0.751841 0.522843 0.00403249
1220 0.751841 0.520081 0.00390724
1221 0.751841 0.528723 0.00479069
1222 0.751841 0.532554 0.00432441
1223 0.751841 0.531285 0.00437875
1224 0.751841 0.531486 0.00460287
1225 0.751841 0.529561 0.00476689
1226 0.751841 0.529503 0.00435886
1227 0.751841 0.518794 0.00461967
1228 0.751841 0.525978 0.00413683
1229 0.751841 0.534978 0.00472157
1230 0.751841 0.530996 0.00409662
1231 0.751841 0.518915 0.00410108
1232 0.751841 0.526159 0.0043733
1233 0.751841 0.519582 0.00460237
1234 0.751841 0.514802 0.00428126
1235 0.751841 0.51556 0.00462966
1236 0.751841 0.524073 0.00402771
1237 0.751841 0.522417 0.00406816
1238 0.751841 0.527212 0.00417296
1239 0.751841 0.52692 0.00427192
1240 0.751841 0.522275 0.00421376
1241 0.751841 0.528994 0.00377857
1242 0.751841 0.530412 0.0043474
1243 0.751841 0.533355 0.00409435
1244 0.751841 0.532724 0.00429681
1245 0.751841 0.529144 0.00487061
1246 0.751841 0.52476 0.00457678
1247 0.751841 0.519782 0.00439288
1248 0.751841 0.530107 0.00378528
1249 0.751841 0.522313 0.00384768
1250 0.751841 0.523978 0.005198
1251 0.751841 0.526756 0.00466754
1252 0.751841 0.518455 0.00415204
1253 0.751841 0.526724 0.00471989
1254 0.751841 0.526157 0.00455217
1255 0.751841 0.519968 0.00398954
1256 0.751841 0.52102 0.0041926
1257 0.751841 0.519368 0.00399643
1258 0.751841 0.520786 0.00386913
1259 0.751841 0.527433 0.00418155
1260 0.751841 0.522915 0.00409838
1261 0.751841 0.517061 0.00419418
1262 0.751841 0.526053 0.00407538
1263 0.751841 0.528704 0.00424593
1264 0.751841 0.520515 0.00477407
1265 0.751841 0.520775 0.00428113
1266 0.751841 0.521044 0.00405875
1267 0.751841 0.524848 0.00478213
1268 0.751841 0.519572 0.00399043
1269 0.751841 0.51734 0.00457233
1270 0.751841 0.518334 0.00411563
1271 0.751841 0.521788 0.00426122
1272 0.751841 0.522753 0.00397943
1273 0.751841 0.523449 0.00391771
1274 0.751841 0.528768 0.00418208
1275 0.751841 0.524462 0.00401196
1276 0.751841 0.523043 0.00363259
1277 0.751841 0.528107 0.00377516
1278 0.751841 0.521584 0.00419784
1279 0.751841 0.52754 0.00381888
1280 0.751841 0.518156 0.00431729
1281 0.751841 0.525452 0.00378554
1282 0.751841 0.524066 0.00392617
1283 0.751841 0.522915 0.00397803
1284 0.751841 0.528476 0.00386985
1285 0.751841 0.518807 0.00431228
1286 0.751841 0.516293 0.00395112
1287 0.751841 0.52974 0.00423427
1288 0.751841 0.527438 0.00414615
1289 0.751841 0.529588 0.00408049
1290 0.751841 0.52746 0.00440994
1291 0.751841 0.528184 0.00372043
1292 0.751841 0.528698 0.00418898
1293 0.751841 0.524168 0.00425779
1294 0.751841 0.521817 0.00500047
1295 0.751841 0.523726 0.00474319
1296 0.751841 0.525201 0.00426223
1297 0.751841 0.530768 0.00415025
1298 0.751841 0.530143 0.00399751
1299 0.751841 0.51296 0.00423822
1300 0.751841 0.513249 0.00402237
1301 0.751841 0.517043 0.00388266
1302 0.751841 0.520393 0.00429307
1303 0.751841 0.517752 0.00389956
1304 0.751841 0.521922 0.00438318
1305 0.751841 0.531201 0.00430715
1306 0.751841 0.521969 0.00442402
1307 0.751841 0.522033 0.00370153
1308 0.751841 0.525255 0.00387755
1309 0.751841 0.523023 0.00458847
1310 0.751841 0.51482 0.00384086
1311 0.751841 0.520914 0.00485016
1312 0.751841 0.5173 0.00426351
1313 0.751841 0.528203 0.0042624
1314 0.751841 0.52147 0.00396257
1315 0.751841 0.525179 0.00427835
1316 0.751841 0.524535 0.00385452
1317 0.751841 0.524232 0.00407447
1318 0.751841 0.519604 0.00437862
1319 0.751841 0.525639 0.00362053
1320 0.751841 0.526063 0.00401118
1321 0.751841 0.523992 0.00425176
1322 0.751841 0.516452 0.00436994
1323 0.751841 0.522906 0.00364637
1324 0.751841 0.518232 0.00387081
1325 0.751841 0.516753 0.00374201
1326 0.751841 0.52815 0.00440025
1327 0.751841 0.519323 0.00399401
1328 0.751841 0.517079 0.00400433
1329 0.751841 0.52231 0.00411549
1330 0.751841 0.519602 0.00374433
1331 0.751841 0.530816 0.00420756
1332 0.751841 0.517557 0.00434204
1333 0.751841 0.529456 0.00503221
1334 0.751841 0.525202 0.00432498
1335 0.751841 0.522819 0.00451904
1336 0.751841 0.524654 0.00406227
1337 0.751841 0.52775 0.00351226
1338 0.751841 0.517236 0.00475428
1339 0.751841 0.523728 0.00439382
1340 0.751841 0.524162 0.00450876
1341 0.751841 0.533168 0.00422942
1342 0.751841 0.53002 0.00350846
1343 0.751841 0.528552 0.00401684
1344 0.751841 0.524928 0.00381524
1345 0.751841 0.522125 0.00405708
1346 0.751841 0.522175 0.00448886
1347 0.751841 0.522466 0.00400623
1348 0.751841 0.528123 0.00400984
1349 0.751841 0.519708 0.00450763
1350 0.751841 0.517018 0.00439732
1351 0.751841 0.525851 0.00436732
1352 0.751841 0.525154 0.0044393
1353 0.751841 0.519865 0.00402224
1354 0.751841 0.51843 0.00461219
1355 0.751841 0.517933 0.0040434
1356 0.751841 0.518671 0.00429602
1357 0.751841 0.520477 0.0048905
1358 0.751841 0.519027 0.00473303
1359 0.751841 0.5235 0.00518252
1360 0.751841 0.52183 0.00451344
1361 0.751841 0.518448 0.00483949
1362 0.751841 0.521645 0.00412282
1363 0.751841 0.5178 0.00410655
1364 0.751841 0.527469 0.00426208
1365 0.751841 0.527845 0.00399834
1366 0.751841 0.518726 0.00390757
1367 0.751841 0.517035 0.00405904
1368 0.751841 0.524531 0.00424707
1369 0.751841 0.527613 0.00416197
1370 0.751841 0.530808 0.00413317
1371 0.751841 0.520852 0.00391959
1372 0.751841 0.528837 0.003871
1373 0.751841 0.523199 0.0038889
1374 0.751841 0.527041 0.0039152
1375 0.751841 0.52123 0.00383956
1376 0.751841 0.521248 0.00364654
1377 0.751841 0.521522 0.00467205
1378 0.751841 0.523269 0.00402409
1379 0.751841 0.526175 0.00401894
1380 0.751841 0.52888 0.00426321
1381 0.751841 0.528434 0.00414367
1382 0.751841 0.523314 0.00427936
1383 0.751841 0.52844 0.00418154
1384 0.751841 0.515143 0.00439007
1385 0.751841 0.521147 0.00460127
1386 0.751841 0.528005 0.00401446
1387 0.751841 0.530143 0.00403385
1388 0.751841 0.532602 0.00385097
1389 0.751841 0.533598 0.00348684
1390 0.751841 0.528897 0.00473796
1391 0.751841 0.52698 0.00391571
1392 0.751841 0.531806 0.00449203
1393 0.751841 0.529811 0.0040139
1394 0.751841 0.525531 0.00460326
1395 0.751841 0.521656 0.00403493
1396 0.751841 0.524559 0.00390648
1397 0.751841 0.524939 0.00368794
1398 0.751841 0.523725 0.00389283
1399 0.751841 0.528157 0.00401254
1400 0.751841 0.528649 0.00437904
1401 0.751841 0.523328 0.00421024
1402 0.751841 0.522284 0.00394915
1403 0.751841 0.522055 0.00462992
1404 0.751841 0.531967 0.004294
1405 0.751841 0.524553 0.00388607
1406 0.751841 0.518623 0.00452176
1407 0.751841 0.530219 0.00438956
1408 0.751841 0.527725 0.00418232
1409 0.751841 0.521321 0.00405224
1410 0.751841 0.520486 0.00435011
1411 0.751841 0.525582 0.00396595
1412 0.751841 0.524177 0.00380508
1413 0.751841 0.519856 0.00409476
1414 0.751841 0.527702 0.00431271
1415 0.751841 0.52725 0.00378576
1416 0.751841 0.530145 0.00410417
1417 0.751841 0.532813 0.00412582
1418 0.751841 0.527491 0.00377101
1419 0.751841 0.526781 0.00399957
1420 0.751841 0.523463 0.00402903
1421 0.751841 0.521833 0.00374903
1422 0.751841 0.533544 0.00416172
1423 0.751841 0.529248 0.00440426
1424 0.751841 0.52617 0.00450455
1425 0.751841 0.527091 0.0043035
1426 0.751841 0.530402 0.00367629
1427 0.751841 0.533273 0.00405122
1428 0.751841 0.533541 0.00451905
1429 0.751841 0.526297 0.00420583
1430 0.751841 0.53185 0.0039348
1431 0.751841 0.524918 0.0039333
1432 0.751841 0.529493 0.00400099
1433 0.751841 0.521101 0.00418811
1434 0.751841 0.529037 0.00403475
1435 0.751841 0.525994 0.00363595
1436 0.751841 0.526927 0.00347935
1437 0.751841 0.538059 0.00420276
1438 0.751841 0.527001 0.00421685
1439 0.751841 0.523454 0.00413783
1440 0.751841 0.523512 0.00401891
1441 0.751841 0.533125 0.00376618
1442 0.751841 0.522683 0.00385434
1443 0.751841 0.532331 0.00396145
1444 0.751841 0.524245 0.00417967
1445 0.751841 0.52818 0.0045318
1446 0.751841 0.520816 0.00421012
1447 0.751841 0.524734 0.00450793
1448 0.751841 0.519377 0.00436899
1449 0.751841 0.516607 0.00413532
1450 0.751841 0.521604 0.00415425
1451 0.751841 0.520894 0.00408127
1452 0.751841 0.52153 0.0038541
1453 0.751841 0.524274 0.00425165
1454 0.751841 0.522532 0.00364608
1455 0.751841 0.521919 0.0044137
1456 0.751841 0.528415 0.00406729
1457 0.751841 0.526878 0.00448627
1458 0.751841 0.525813 0.00437564
1459 0.751841 0.52355 0.00444547
1460 0.751841 0.524227 0.00402259
1461 0.751841 0.526783 0.0047131
1462 0.751841 0.53001 0.00403324
1463 0.751841 0.5234 0.00453635
1464 0.751841 0.524413 0.00456494
1465 0.751841 0.526865 0.00385828
1466 0.751841 0.528756 0.00355049
1467 0.751841 0.532995 0.00395851
1468 0.751841 0.531798 0.00359177
1469 0.751841 0.528 0.00362815
1470 0.751841 0.529484 0.00461327
1471 0.751841 0.526261 0.00472395
1472 0.751841 0.536164 0.00382135
1473 0.751841 0.53067 0.00426919
1474 0.751841 0.524402 0.00482976
1475 0.751841 0.522725 0.00447058
1476 0.751841 0.52175 0.00420562
1477 0.751841 0.532713 0.00388022
1478 0.751841 0.52339 0.0045101
1479 0.751841 0.523998 0.00388204
1480 0.751841 0.52958 0.00457123
1481 0.751841 0.530553 0.00466731
1482 0.751841 0.518883 0.00401023
1483 0.751841 0.525128 0.00387642
1484 0.751841 0.513483 0.00399588
1485 0.751841 0.523957 0.00452305
1486 0.751841 0.52247 0.00410251
1487 0.751841 0.516215 0.00403216
1488 0.751841 0.521801 0.00424525
1489 0.751841 0.521989 0.00396574
1490 0.751841 0.514368 0.00411478
1491 0.751841 0.521107 0.00445182
1492 0.751841 0.525704 0.00390277
1493 0.751841 0.518513 0.00406928
1494 0.751841 0.52466 0.0033908
1495 0.751841 0.520191 0.003637
1496 0.751841 0.523574 0.00392137
1497 0.751841 0.534247 0.00450147
1498 0.751841 0.533388 0.00424435
1499 0.751841 0.523084 0.00414647
1500 0.751841 0.519334 0.00358355
1501 0.751841 0.523761 0.00405342
1502 0.751841 0.531795 0.0039567
1503 0.751841 0.523814 0.00400076
1504 0.751841 0.525488 0.00475167
1505 0.751841 0.524612 0.0040973
1506 0.751841 0.52395 0.00465568
1507 0.751841 0.521855 0.00449733
1508 0.751841 0.52726 0.00387599
1509 0.751841 0.522261 0.00415725
1510 0.751841 0.521459 0.0038045
1511 0.751841 0.518157 0.00421734
1512 0.751841 0.52692 0.00429321
1513 0.751841 0.529314 0.0037849
1514 0.751841 0.526793 0.00423084
1515 0.751841 0.525672 0.00410097
1516 0.751841 0.52425 0.00440368
1517 0.751841 0.518833 0.00426703
1518 0.751841 0.521098 0.00450534
1519 0.751841 0.523404 0.00469268
1520 0.751841 0.525382 0.0040571
1521 0.751841 0.529798 0.00403419
1522 0.751841 0.524198 0.00392182
1523 0.751841 0.522236 0.00348761
1524 0.751841 0.521016 0.00425669
1525 0.751841 0.522422 0.0037755
1526 0.751841 0.522678 0.00405688
1527 0.751841 0.520841 0.00372483
1528 0.751841 0.532266 0.00381166
1529 0.751841 0.519173 0.00402853
1530 0.751841 0.521574 0.00380941
1531 0.751841 0.522396 0.00411949
1532 0.751841 0.52657 0.00369001
1533 0.751841 0.523774 0.00347544
1534 0.751841 0.530494 0.00417834
1535 0.751841 0.520673 0.00385122
1536 0.751841 0.518703 0.00340377
1537 0.751841 0.522555 0.00438106
1538 0.751841 0.52232 0.00397852
1539 0.751841 0.523457 0.00372183
1540 0.751841 0.522489 0.00382132
1541 0.751841 0.531859 0.0036983
1542 0.751841 0.522042 0.00372539
1543 0.751841 0.526918 0.0040429
1544 0.751841 0.521196 0.00371214
1545 0.751841 0.527466 0.00334269
1546 0.751841 0.527911 0.0037389
1547 0.751841 0.521411 0.00371411
1548 0.751841 0.525225 0.00361375
1549 0.751841 0.520354 0.0037296
1550 0.751841 0.52834 0.0038819
1551 0.751841 0.527498 0.00386447
1552 0.751841 0.531277 0.00353408
1553 0.751841 0.537577 0.0038797
1554 0.751841 0.53046 0.00357452
1555 0.751841 0.527511 0.00393558
1556 0.751841 0.52992 0.00397284
1557 0.751841 0.521027 0.00387274
1558 0.751841 0.531439 0.00403048
1559 0.751841 0.521823 0.00386406
1560 0.751841 0.529305 0.00364678
1561 0.751841 0.531824 0.00375158
1562 0.751841 0.532184 0.00385417
1563 0.751841 0.529895 0.00406785
1564 0.751841 0.527889 0.00406436
1565 0.751841 0.525769 0.00400803
1566 0.751841 0.532731 0.00351851
1567 0.751841 0.526695 0.00374297
1568 0.751841 0.526543 0.00460318
1569 0.751841 0.525261 0.00438052
1570 0.751841 0.524679 0.00391296
1571 0.751841 0.52531 0.00371618
1572 0.751841 0.5171 0.00384955
1573 0.751841 0.516411 0.00408776
1574 0.751841 0.524663 0.00402355
1575 0.751841 0.527431 0.00363168
1576 0.751841 0.522874 0.0038618
1577 0.751841 0.518978 0.00425938
1578 0.751841 0.521778 0.00473239
1579 0.751841 0.521193 0.00427576
1580 0.751841 0.533853 0.00406599
1581 0.751841 0.529082 0.00370238
1582 0.751841 0.525599 0.00445289
1583 0.751841 0.522788 0.00407762
1584 0.751841 0.526524 0.0043676
1585 0.751841 0.525252 0.00423046
1586 0.751841 0.516031 0.00367112
1587 0.751841 0.524626 0.00464282
1588 0.751841 0.515819 0.00473867
1589 0.751841 0.526468 0.00404242
1590 0.751841 0.526084 0.00428251
1591 0.751841 0.525408 0.00374057
1592 0.751841 0.528643 0.00431028
1593 0.751841 0.533734 0.00391098
1594 0.751841 0.526888 0.00396527
1595 0.751841 0.531419 0.00424678
1596 0.751841 0.529277 0.00400435
1597 0.751841 0.53264 0.00325218
1598 0.751841 0.519753 0.00372489
1599 0.751841 0.523887 0.00447725
1600 0.751841 0.532439 0.00361459
1601 0.751841 0.526165 0.0042131
1602 0.751841 0.528111 0.003916
1603 0.751841 0.526155 0.00372619
1604 0.751841 0.524001 0.00366458
1605 0.751841 0.53126 0.00399024
1606 0.751841 0.524099 0.00435239
1607 0.751841 0.521241 0.00391933
1608 0.751841 0.525035 0.00373071
1609 0.751841 0.523094 0.00379481
1610 0.751841 0.523101 0.00382681
1611 0.751841 0.5227 0.0037754
1612 0.751841 0.519954 0.00345649
1613 0.751841 0.520879 0.00365627
1614 0.751841 0.521998 0.00326939
1615 0.751841 0.51819 0.00378619
1616 0.751841 0.527491 0.00382494
1617 0.751841 0.517819 0.00385178
1618 0.751841 0.524033 0.00386927
1619 0.751841 0.520653 0.00363714
1620 0.751841 0.520628 0.00434171
1621 0.751841 0.521973 0.00404792
1622 0.751841 0.526386 0.00421856
1623 0.751841 0.525072 0.00416329
1624 0.751841 0.520481 0.0039629
1625 0.751841 0.521919 0.00413152
1626 0.751841 0.519798 0.00432187
1627 0.751841 0.522049 0.00400026
1628 0.751841 0.528054 0.00393345
1629 0.751841 0.529026 0.00438759
1630 0.751841 0.519668 0.00422521
1631 0.751841 0.516092 0.00406764
1632 0.751841 0.522928 0.00467385
1633 0.751841 0.526341 0.00385739
1634 0.751841 0.525608 0.00467475
1635 0.751841 0.519926 0.00373657
1636 0.751841 0.527588 0.00404839
1637 0.751841 0.522156 0.00388846
1638 0.751841 0.52485 0.00388866
1639 0.751841 0.523981 0.00341716
1640 0.751841 0.520229 0.00358506
1641 0.751841 0.52606 0.00416458
1642 0.751841 0.524664 0.00437712
1643 0.751841 0.528117 0.00389333
1644 0.751841 0.518596 0.00377008
1645 0.751841 0.526509 0.00385778
1646 0.751841 0.52819 0.00434386
1647 0.751841 0.524638 0.00368537
1648 0.751841 0.514342 0.00439814
1649 0.751841 0.528532 0.00439827
1650 0.751841 0.519195 0.00388885
1651 0.751841 0.521214 0.00438106
1652 0.751841 0.5169 0.00406694
1653 0.751841 0.5265 0.00397494
1654 0.751841 0.519767 0.00450111
1655 0.751841 0.52729 0.00374065
1656 0.751841 0.532334 0.00423258
1657 0.751841 0.529474 0.00387773
1658 0.751841 0.525191 0.00372044
1659 0.751841 0.518094 0.00431407
1660 0.751841 0.52632 0.00387273
1661 0.751841 0.522971 0.00384845
1662 0.751841 0.530557 0.00426531
1663 0.751841 0.521798 0.0038409
1664 0.751841 0.526675 0.00382191
1665 0.751841 0.520099 0.00433882
1666 0.751841 0.518356 0.00482214
1667 0.751841 0.525141 0.00438474
1668 0.751841 0.524867 0.00338616
1669 0.751841 0.522198 0.00380017
1670 0.751841 0.521896 0.00405306
1671 0.751841 0.523493 0.00354959
1672 0.751841 0.525505 0.0038381
1673 0.751841 0.522271 0.00394577
1674 0.751841 0.534669 0.0041511
1675 0.751841 0.523205 0.00405985
1676 0.751841 0.531795 0.00344857
1677 0.751841 0.520269 0.00384955
1678 0.751841 0.53005 0.00360898
1679 0.751841 0.526129 0.00385364
1680 0.751841 0.525539 0.0035973
1681 0.751841 0.521658 0.00453949
1682 0.751841 0.528698 0.00365249
1683 0.751841 0.525178 0.00346464
1684 0.751841 0.522419 0.00426996
1685 0.751841 0.523676 0.00406326
1686 0.751841 0.520928 0.00434997
1687 0.751841 0.52228 0.00325883
1688 0.751841 0.522683 0.00398313
1689 0.751841 0.51792 0.00519662
1690 0.751841 0.515782 0.00376862
1691 0.751841 0.521553 0.00408817
1692 0.751841 0.521347 0.00445903
1693 0.751841 0.520997 0.00410557
1694 0.751841 0.526036 0.00403757
1695 0.751841 0.528264 0.00464686
1696 0.751841 0.529656 0.00372083
1697 0.751841 0.528291 0.00347276
1698 0.751841 0.528998 0.00484947
1699 0.751841 0.526908 0.00390004
1700 0.751841 0.527179 0.00343861
1701 0.751841 0.52457 0.00365111
1702 0.751841 0.533682 0.00373089
1703 0.751841 0.529914 0.00401962
1704 0.751841 0.524363 0.00410512
1705 0.751841 0.528849 0.0038042
1706 0.751841 0.53201 0.00409757
1707 0.751841 0.527094 0.00423643
1708 0.751841 0.526762 0.00445067
1709 0.751841 0.527368 0.00493816
1710 0.751841 0.516165 0.00419989
1711 0.751841 0.525255 0.00404653
1712 0.751841 0.529685 0.00425673
1713 0.751841 0.526981 0.00397221
1714 0.751841 0.532349 0.00407021
1715 0.751841 0.53679 0.00385316
1716 0.751841 0.527825 0.00365624
1717 0.751841 0.534434 0.00466878
1718 0.751841 0.527628 0.00404845
1719 0.751841 0.527377 0.00362057
1720 0.751841 0.519405 0.00397694
1721 0.751841 0.53096 0.00361495
1722 0.751841 0.520831 0.00344685
1723 0.751841 0.526961 0.00372063
1724 0.751841 0.527404 0.00382915
1725 0.751841 0.524465 0.00378838
1726 0.751841 0.520579 0.00396496
1727 0.751841 0.5174 0.00382138
1728 0.751841 0.520406 0.00310401
1729 0.751841 0.518658 0.0038748
1730 0.751841 0.521774 0.00394664
1731 0.751841 0.522842 0.00362708
1732 0.751841 0.523702 0.0039566
1733 0.751841 0.52708 0.00415941
1734 0.751841 0.527255 0.00389262
1735 0.751841 0.526698 0.00404347
1736 0.751841 0.520577 0.00408022
1737 0.751841 0.523552 0.00362952
1738 0.751841 0.525719 0.00372062
1739 0.751841 0.530009 0.00366357
1740 0.751841 0.527826 0.00396406
1741 0.751841 0.531542 0.00417402
1742 0.751841 0.528821 0.00410692
1743 0.751841 0.526811 0.00437825
1744 0.751841 0.529715 0.0038716
1745 0.751841 0.527787 0.00436685
1746 0.751841 0.528329 0.00408427
1747 0.751841 0.530237 0.00435217
1748 0.751841 0.532007 0.00499514
1749 0.751841 0.520464 0.00416474
1750 0.751841 0.528397 0.00444444
1751 0.751841 0.532659 0.00429216
1752 0.751841 0.525936 0.00461813
1753 0.751841 0.527943 0.00387414
1754 0.751841 0.526201 0.00410018
1755 0.751841 0.525509 0.0049621
1756 0.751841 0.521371 0.00442446
1757 0.751841 0.524085 0.00433729
1758 0.751841 0.52494 0.00408929
1759 0.751841 0.531196 0.00458689
1760 0.751841 0.52363 0.00431255
1761 0.751841 0.522328 0.00473873
1762 0.751841 0.526775 0.00414526
1763 0.751841 0.530608 0.00404819
1764 0.751841 0.533527 0.00394659
1765 0.751841 0.532441 0.00339411
1766 0.751841 0.528153 0.00422975
1767 0.751841 0.52313 0.00393374
1768 0.751841 0.531678 0.00373679
1769 0.751841 0.529182 0.0036838
1770 0.751841 0.52432 0.00408123
1771 0.751841 0.522735 0.00374465
1772 0.751841 0.530939 0.00364252
1773 0.751841 0.52652 0.00403397
1774 0.751841 0.523244 0.00402229
1775 0.751841 0.523865 0.00384445
1776 0.751841 0.530597 0.00427009
1777 0.751841 0.525433 0.00381442
1778 0.751841 0.52738 0.00375995
1779 0.751841 0.523218 0.00405997
1780 0.751841 0.531826 0.00445551
1781 0.751841 0.525626 0.00421635
1782 0.751841 0.530169 0.00372296
1783 0.751841 0.525675 0.00415054
1784 0.751841 0.520194 0.00445181
1785 0.751841 0.524098 0.00374705
1786 0.751841 0.525396 0.00417627
1787 0.751841 0.521168 0.0038534
1788 0.751841 0.522563 0.00339466
1789 0.751841 0.527927 0.00402995
1790 0.751841 0.527784 0.00398408
1791 0.751841 0.526595 0.00393324
1792 0.751841 0.531204 0.00391255
1793 0.751841 0.529182 0.00386216
1794 0.751841 0.536234 0.00385907
1795 0.751841 0.525648 0.00428558
1796 0.751841 0.527838 0.00463689
1797 0.751841 0.527945 0.00428403
1798 0.751841 0.51938 0.00408431
1799 0.751841 0.522139 0.00390721
1800 0.751841 0.528207 0.00396412
1801 0.751841 0.5268 0.00373451
1802 0.751841 0.526751 0.00361781
1803 0.751841 0.5221 0.00435045
1804 0.751841 0.532952 0.0039054
1805 0.751841 0.523846 0.00402299
1806 0.751841 0.531544 0.00395423
1807 0.751841 0.526503 0.00433625
1808 0.751841 0.52959 0.00407909
1809 0.751841 0.531236 0.00381362
1810 0.751841 0.531819 0.00391012
1811 0.751841 0.526376 0.00374664
1812 0.751841 0.522108 0.00389323
1813 0.751841 0.513117 0.0037982
1814 0.751841 0.522909 0.00421233
1815 0.751841 0.523194 0.00388696
1816 0.751841 0.526223 0.0036797
1817 0.751841 0.52399 0.00379032
1818 0.751841 0.525822 0.00394589
1819 0.751841 0.527657 0.00439161
1820 0.751841 0.534691 0.00367727
1821 0.751841 0.534508 0.00437587
1822 0.751841 0.527068 0.00362565
1823 0.751841 0.531345 0.00365886
1824 0.751841 0.525556 0.00413962
1825 0.751841 0.519183 0.00426342
1826 0.751841 0.521445 0.00392609
1827 0.751841 0.523291 0.00373008
1828 0.751841 0.526102 0.00379512
1829 0.751841 0.540083 0.00392294
1830 0.751841 0.529917 0.0037276
1831 0.751841 0.535378 0.00442042
1832 0.751841 0.523765 0.00375049
1833 0.751841 0.529676 0.00370803
1834 0.751841 0.528311 0.0040744
1835 0.751841 0.532487 0.00408389
1836 0.751841 0.532937 0.00429533
1837 0.751841 0.526119 0.00445398
1838 0.751841 0.525154 0.00412726
1839 0.751841 0.521228 0.00430195
1840 0.751841 0.524044 0.00444806
1841 0.751841 0.52607 0.00481103
1842 0.751841 0.51897 0.00401088
1843 0.751841 0.531004 0.00410151
1844 0.751841 0.523619 0.00380387
1845 0.751841 0.52635 0.00374973
1846 0.751841 0.528182 0.00413341
1847 0.751841 0.517183 0.0039144
1848 0.751841 0.522401 0.00434886
1849 0.751841 0.52035 0.00425275
1850 0.751841 0.524189 0.00448261
1851 0.751841 0.520849 0.00398276
1852 0.751841 0.531321 0.00388714
1853 0.751841 0.529385 0.00387053
1854 0.751841 0.528878 0.00421359
1855 0.751841 0.525532 0.00393614
1856 0.751841 0.513211 0.00380463
1857 0.751841 0.5272 0.00370005
1858 0.751841 0.524471 0.0040519
1859 0.751841 0.526912 0.00373179
1860 0.751841 0.525726 0.0041282
1861 0.751841 0.521705 0.0039432
1862 0.751841 0.523632 0.0033828
1863 0.751841 0.521388 0.00400912
1864 0.751841 0.523693 0.00405828
1865 0.751841 0.518911 0.00470785
1866 0.751841 0.516714 0.00402411
1867 0.751841 0.522971 0.00403097
1868 0.751841 0.520013 0.00419743
1869 0.751841 0.522192 0.00369984
1870 0.751841 0.52419 0.00387229
1871 0.751841 0.524343 0.0039078
1872 0.751841 0.530629 0.0033812
1873 0.751841 0.526425 0.00376197
1874 0.751841 0.524624 0.00397104
1875 0.751841 0.526631 0.00405301
1876 0.751841 0.520289 0.0048293
1877 0.751841 0.517985 0.00386843
1878 0.751841 0.520999 0.00434446
1879 0.751841 0.522198 0.00392772
1880 0.751841 0.5287 0.00415731
1881 0.751841 0.520814 0.00466217
1882 0.751841 0.524943 0.00381324
1883 0.751841 0.516905 0.00384087
1884 0.751841 0.525832 0.00384594
1885 0.751841 0.524033 0.00360186
1886 0.751841 0.530191 0.00424496
1887 0.751841 0.524662 0.00401139
1888 0.751841 0.521804 0.00412294
1889 0.751841 0.530385 0.00391604
1890 0.751841 0.529553 0.00405018
1891 0.751841 0.52047 0.00506401
1892 0.751841 0.519125 0.00428791
1893 0.751841 0.524733 0.00410588
1894 0.751841 0.523578 0.00405088
1895 0.751841 0.522147 0.00386177
1896 0.751841 0.523692 0.00448363
1897 0.751841 0.525702 0.00381837
1898 0.751841 0.527006 0.00410325
1899 0.751841 0.521214 0.00417755
1900 0.751841 0.515888 0.00425125
1901 0.751841 0.518723 0.00390958
1902 0.751841 0.521633 0.00411337
1903 0.751841 0.53095 0.00420641
1904 0.751841 0.528105 0.00389639
1905 0.751841 0.524169 0.00385142
1906 0.751841 0.51774 0.00393465
1907 0.751841 0.524057 0.00384179
1908 0.751841 0.525948 0.00422067
1909 0.751841 0.524693 0.00354678
1910 0.751841 0.522752 0.00414848
1911 0.751841 0.533764 0.00426036
1912 0.751841 0.528223 0.00379314
1913 0.751841 0.519779 0.00379759
1914 0.751841 0.524591 0.00403475
1915 0.751841 0.526904 0.00395383
1916 0.751841 0.519078 0.00400187
1917 0.751841 0.525111 0.00398155
1918 0.751841 0.518841 0.00423864
1919 0.751841 0.525823 0.00490751
1920 0.751841 0.52751 0.00455553
1921 0.751841 0.522466 0.00386117
1922 0.751841 0.518764 0.00472094
1923 0.751841 0.521823 0.00428915
1924 0.751841 0.517686 0.00389893
1925 0.751841 0.524382 0.00417269
1926 0.751841 0.524206 0.00409247
1927 0.751841 0.52911 0.00369835
1928 0.751841 0.524888 0.00447832
1929 0.751841 0.518928 0.00391654
1930 0.751841 0.52505 0.00380819
1931 0.751841 0.525895 0.00415277
1932 0.751841 0.520026 0.00408993
1933 0.751841 0.523185 0.00443039
1934 0.751841 0.531111 0.00416239
1935 0.751841 0.519157 0.00431528
1936 0.751841 0.520476 0.00496763
1937 0.751841 0.528155 0.00417825
1938 0.751841 0.524742 0.00384473
1939 0.751841 0.525878 0.00415696
1940 0.751841 0.529323 0.00387487
1941 0.751841 0.527663 0.00424012
1942 0.751841 0.526683 0.00359775
1943 0.751841 0.529762 0.0040744
1944 0.751841 0.52998 0.00414198
1945 0.751841 0.531235 0.00456308
1946 0.751841 0.526954 0.00421984
1947 0.751841 0.528628 0.00441154
1948 0.751841 0.528786 0.00325885
1949 0.751841 0.521282 0.00452896
1950 0.751841 0.525087 0.00413538
1951 0.751841 0.526915 0.00411726
1952 0.751841 0.519739 0.003479
1953 0.751841 0.524359 0.0044447
1954 0.751841 0.521166 0.00378893
1955 0.751841 0.537372 0.00403144
1956 0.751841 0.525359 0.00449222
1957 0.751841 0.524269 0.00463042
1958 0.751841 0.527903 0.00364696
1959 0.751841 0.527616 0.00416408
1960 0.751841 0.525147 0.00424943
1961 0.751841 0.522243 0.00434933
1962 0.751841 0.527232 0.00394829
1963 0.751841 0.525866 0.00375228
1964 0.751841 0.521435 0.00446071
1965 0.751841 0.523027 0.00397945
1966 0.751841 0.516237 0.00428817
1967 0.751841 0.52019 0.0039482
1968 0.751841 0.52218 0.00401377
1969 0.751841 0.523293 0.00352815
1970 0.751841 0.528125 0.00376434
1971 0.751841 0.526686 0.00416325
1972 0.751841 0.53078 0.00402082
1973 0.751841 0.537627 0.00411352
1974 0.751841 0.531315 0.00392671
1975 0.751841 0.517755 0.00427768
1976 0.751841 0.520709 0.00395737
1977 0.751841 0.517036 0.00463187
1978 0.751841 0.528392 0.0045698
1979 0.751841 0.527256 0.00381203
1980 0.751841 0.529951 0.00365708
1981 0.751841 0.527307 0.00377082
1982 0.751841 0.521915 0.0045169
1983 0.751841 0.527686 0.00367096
1984 0.751841 0.525224 0.00388038
1985 0.751841 0.520959 0.00371169
1986 0.751841 0.528443 0.00338235
1987 0.751841 0.523876 0.00363171
1988 0.751841 0.5255 0.00415998
1989 0.751841 0.527111 0.00397355
1990 0.751841 0.526065 0.00374907
1991 0.751841 0.522351 0.00366335
1992 0.751841 0.525783 0.00420585
1993 0.751841 0.521221 0.00441794
1994 0.751841 0.527315 0.00392981
1995 0.751841 0.519989 0.00361192
1996 0.751841 0.51422 0.0041543
1997 0.751841 0.525789 0.00437784
1998 0.751841 0.523871 0.00470934
1999 0.751841 0.518161 0.0040485
2000 0.751841 0.522318 0.00401923
2001 0.751841 0.525901 0.00456826
2002 0.751841 0.52994 0.00454766
2003 0.751841 0.5345 0.00347134
2004 0.751841 0.527742 0.0037838
2005 0.751841 0.528724 0.0036691
2006 0.751841 0.532013 0.0040656
2007 0.751841 0.528073 0.00419928
2008 0.751841 0.523408 0.00429563
2009 0.751841 0.527348 0.00512527
2010 0.751841 0.522425 0.00412725
2011 0.751841 0.520474 0.00426885
2012 0.751841 0.530189 0.00441491
2013 0.751841 0.531919 0.00404548
2014 0.751841 0.529001 0.0045733
2015 0.751841 0.529703 0.00482847
2016 0.751841 0.534767 0.00420467
2017 0.751841 0.528384 0.00413869
2018 0.751841 0.526047 0.00438089
2019 0.751841 0.520614 0.00426141
2020 0.751841 0.523832 0.00446966
2021 0.751841 0.524651 0.00396775
2022 0.751841 0.525391 0.00376353
2023 0.751841 0.524461 0.00448014
2024 0.751841 0.527192 0.00431409
2025 0.751841 0.521893 0.00385451
2026 0.751841 0.525091 0.00452201
2027 0.751841 0.523334 0.0039885
2028 0.751841 0.517085 0.00412934
2029 0.751841 0.529112 0.0045429
2030 0.751841 0.526633 0.00403648
2031 0.751841 0.525253 0.00457999
2032 0.751841 0.526254 0.00405656
2033 0.751841 0.523028 0.00420174
2034 0.751841 0.531628 0.00399058
2035 0.751841 0.528234 0.00430177
2036 0.751841 0.532467 0.00413341
2037 0.751841 0.527108 0.00434971
2038 0.751841 0.531075 0.00425984
2039 0.751841 0.522635 0.00402595
2040 0.751841 0.526314 0.00413843
2041 0.751841 0.528297 0.00415256
2042 0.751841 0.523939 0.00432542
2043 0.751841 0.523994 0.00429505
2044 0.751841 0.529656 0.00341207
2045 0.751841 0.536289 0.0035558
2046 0.751841 0.528136 0.00392079
2047 0.751841 0.529442 0.00380858
2048 0.751841 0.527613 0.00345966
2049 0.751841 0.526062 0.00446349
2050 0.751841 0.520187 0.00402013
2051 0.751841 0.51995 0.00381726
2052 0.751841 0.523636 0.00410577
2053 0.751841 0.527287 0.00386285
2054 0.751841 0.522878 0.00376314
2055 0.751841 0.521093 0.00371831
2056 0.751841 0.523835 0.00397587
2057 0.751841 0.524039 0.00401728
2058 0.751841 0.516658 0.00386957
2059 0.751841 0.518585 0.00460802
2060 0.751841 0.52295 0.00401567
2061 0.751841 0.522816 0.00405957
2062 0.751841 0.52712 0.00412594
2063 0.751841 0.527997 0.00392051
2064 0.751841 0.525998 0.00390411
2065 0.751841 0.525519 0.0044643
2066 0.751841 0.527009 0.00374673
2067 0.751841 0.526813 0.00432436
2068 0.751841 0.525401 0.00394295
2069 0.751841 0.522564 0.0038957
2070 0.751841 0.529024 0.00385407
2071 0.751841 0.532086 0.00359991
2072 0.751841 0.526993 0.00410284
2073 0.751841 0.519059 0.00434316
2074 0.751841 0.532137 0.00401994
2075 0.751841 0.528264 0.00395757
2076 0.751841 0.522949 0.00377796
2077 0.751841 0.529699 0.00375614
2078 0.751841 0.524785 0.00406141
2079 0.751841 0.527072 0.00413938
2080 0.751841 0.513223 0.0039356
2081 0.751841 0.52797 0.00413269
2082 0.751841 0.520661 0.00408306
2083 0.751841 0.523512 0.00356691
2084 0.751841 0.523848 0.00417654
2085 0.751841 0.536244 0.00401592
2086 0.751841 0.534653 0.00420594
2087 0.751841 0.530387 0.00480596
2088 0.751841 0.523951 0.00369237
2089 0.751841 0.522683 0.00442769
2090 0.751841 0.525559 0.00389542
2091 0.751841 0.521077 0.00427356
2092 0.751841 0.52684 0.00369349
2093 0.751841 0.526004 0.00384512
2094 0.751841 0.525927 0.00390483
2095 0.751841 0.529685 0.00418231
2096 0.751841 0.521841 0.00330778
2097 0.751841 0.52229 0.00401186
2098 0.751841 0.520395 0.0043147
2099 0.751841 0.521146 0.0042667
2100 0.751841 0.531459 0.00404807
2101 0.751841 0.521584 0.0045744
2102 0.751841 0.520191 0.00411806
2103 0.751841 0.531233 0.00398027
2104 0.751841 0.530791 0.00422678
2105 0.751841 0.528885 0.00374673
2106 0.751841 0.523785 0.00387546
2107 0.751841 0.526916 0.00379003
2108 0.751841 0.525392 0.00439258
2109 0.751841 0.521096 0.00421705
2110 0.751841 0.522417 0.00378512
2111 0.751841 0.528581 0.00363199
2112 0.751841 0.519634 0.00433485
2113 0.751841 0.520245 0.00373628
2114 0.751841 0.52493 0.00395622
2115 0.751841 0.523494 0.00385785
2116 0.751841 0.524358 0.00385724
2117 0.751841 0.521524 0.00378435
2118 0.751841 0.519147 0.00360107
2119 0.751841 0.525875 0.00409947
2120 0.751841 0.524463 0.00396234
2121 0.751841 0.532997 0.00403803
2122 0.751841 0.527885 0.00403552
2123 0.751841 0.526555 0.00444609
2124 0.751841 0.528284 0.00416627
2125 0.751841 0.528236 0.00419327
2126 0.751841 0.523897 0.00439979
2127 0.751841 0.523046 0.00437924
2128 0.751841 0.520819 0.00417843
2129 0.751841 0.523584 0.00413264
2130 0.751841 0.526229 0.00376271
2131 0.751841 0.523838 0.00405187
2132 0.751841 0.531159 0.00388472
2133 0.751841 0.529846 0.00395019
2134 0.751841 0.530522 0.00409788
2135 0.751841 0.528557 0.00388821
2136 0.751841 0.524058 0.00369813
2137 0.751841 0.521856 0.00401187
2138 0.751841 0.527689 0.00486422
2139 0.751841 0.522234 0.00419977
2140 0.751841 0.509449 0.00496819
2141 0.751841 0.532551 0.00449079
2142 0.751841 0.523616 0.00458956
2143 0.751841 0.523212 0.00413846
2144 0.751841 0.523934 0.00354409
2145 0.751841 0.523614 0.00455065
2146 0.751841 0.522642 0.00400653
2147 0.751841 0.529413 0.00440523
2148 0.751841 0.527688 0.00432113
2149 0.751841 0.526933 0.00416015
2150 0.751841 0.522987 0.00395035
2151 0.751841 0.523317 0.00375507
2152 0.751841 0.52633 0.00460838
2153 0.751841 0.522831 0.00434728
2154 0.751841 0.528512 0.00403643
2155 0.751841 0.526827 0.00416886
2156 0.751841 0.523319 0.00412445
2157 0.751841 0.525401 0.00399016
2158 0.751841 0.534115 0.00369869
2159 0.751841 0.522196 0.00416174
2160 0.751841 0.522549 0.00374691
2161 0.751841 0.526603 0.00411169
2162 0.751841 0.52141 0.00400593
2163 0.751841 0.518186 0.00414024
2164 0.751841 0.517097 0.00411047
2165 0.751841 0.523855 0.00475795
2166 0.751841 0.528758 0.00362475
2167 0.751841 0.526503 0.00380554
2168 0.751841 0.525334 0.00405627
2169 0.751841 0.518814 0.00419214
2170 0.751841 0.521403 0.00370978
2171 0.751841 0.517414 0.00398908
2172 0.751841 0.516305 0.00421697
2173 0.751841 0.528765 0.0039415
2174 0.751841 0.52609 0.00357454
2175 0.751841 0.517099 0.00429825
2176 0.751841 0.522472 0.00374016
2177 0.751841 0.518864 0.00388105
2178 0.751841 0.52366 0.00376185
2179 0.751841 0.525968 0.00401811
2180 0.751841 0.528974 0.00425829
2181 0.751841 0.53036 0.00398361
2182 0.751841 0.530487 0.00399065
2183 0.751841 0.520888 0.00401538
2184 0.751841 0.521211 0.00400979
2185 0.751841 0.521917 0.00428387
2186 0.751841 0.530223 0.00374509
2187 0.751841 0.519968 0.00397928
2188 0.751841 0.521943 0.00398489
2189 0.751841 0.523205 0.00374798
2190 0.751841 0.528777 0.0039084
2191 0.751841 0.525132 0.0036103
2192 0.751841 0.527643 0.00383899
2193 0.751841 0.519042 0.00395976
2194 0.751841 0.521471 0.00448066
2195 0.751841 0.529371 0.00446209
2196 0.751841 0.527603 0.00433643
2197 0.751841 0.528364 0.0039743
2198 0.751841 0.53223 0.00413729
2199 0.751841 0.530892 0.00364092
2200 0.751841 0.528801 0.00470209
2201 0.751841 0.527214 0.00391186
2202 0.751841 0.527883 0.0044281
2203 0.751841 0.530789 0.00397918
2204 0.751841 0.532383 0.004327
2205 0.751841 0.525841 0.00454786
2206 0.751841 0.528733 0.00418184
2207 0.751841 0.53065 0.00453181
2208 0.751841 0.528692 0.00361469
2209 0.751841 0.526382 0.00373672
2210 0.751841 0.522808 0.00385135
2211 0.751841 0.52557 0.00406854
2212 0.751841 0.525639 0.00391438
2213 0.751841 0.53531 0.00368699
2214 0.751841 0.533619 0.00423564
2215 0.751841 0.528607 0.00379319
2216 0.751841 0.528524 0.00441458
2217 0.751841 0.525746 0.00434453
2218 0.751841 0.528195 0.00391228
2219 0.751841 0.533088 0.00389863
2220 0.751841 0.517471 0.00464185
2221 0.751841 0.525441 0.00419275
2222 0.751841 0.524552 0.00433286
2223 0.751841 0.530828 0.00434765
2224 0.751841 0.522112 0.00448555
2225 0.751841 0.522471 0.00430718
2226 0.751841 0.525219 0.00364838
2227 0.751841 0.532215 0.00373199
2228 0.751841 0.521493 0.00389861
2229 0.751841 0.528625 0.00478367
2230 0.751841 0.523478 0.00436727
2231 0.751841 0.528775 0.00388543
2232 0.751841 0.523299 0.0046195
2233 0.751841 0.516117 0.00431137
2234 0.751841 0.529403 0.00386576
2235 0.751841 0.52884 0.0042844
2236 0.751841 0.526144 0.00453075
2237 0.751841 0.52823 0.0047269
2238 0.751841 0.530247 0.0037424
2239 0.751841 0.525531 0.00408339
2240 0.751841 0.522826 0.00369182
2241 0.751841 0.523444 0.00400428
2242 0.751841 0.521109 0.00361633
2243 0.751841 0.524822 0.0039207
2244 0.751841 0.523525 0.00360118
2245 0.751841 0.530941 0.00365677
2246 0.751841 0.533363 0.00360151
2247 0.751841 0.529523 0.00355697
2248 0.751841 0.525743 0.00339599
2249 0.751841 0.53077 0.00449923
2250 0.751841 0.525544 0.00334035
2251 0.751841 0.519551 0.00400827
2252 0.751841 0.517134 0.00460662
2253 0.751841 0.516817 0.00403644
2254 0.751841 0.518712 0.00404144
2255 0.751841 0.519528 0.00442238
2256 0.751841 0.52109 0.00373021
2257 0.751841 0.527707 0.00462018
2258 0.751841 0.519996 0.00437078
2259 0.751841 0.519741 0.00384706
2260 0.751841 0.527769 0.00404443
2261 0.751841 0.524544 0.00417433
2262 0.751841 0.524814 0.00436918
2263 0.751841 0.523883 0.0035828
2264 0.751841 0.52321 0.00451197
2265 0.751841 0.52321 0.00418746
2266 0.751841 0.527121 0.00418928
2267 0.751841 0.525193 0.00367214
2268 0.751841 0.529305 0.00444979
2269 0.751841 0.522462 0.00443333
2270 0.751841 0.52587 0.00382
2271 0.751841 0.532812 0.00394158
2272 0.751841 0.520583 0.00389928
2273 0.751841 0.521272 0.00370667
2274 0.751841 0.523099 0.00411022
2275 0.751841 0.524815 0.0038699
2276 0.751841 0.525989 0.00444899
2277 0.751841 0.524821 0.00419156
2278 0.751841 0.524604 0.00366439
2279 0.751841 0.527442 0.00413685
2280 0.751841 0.522615 0.00392353
2281 0.751841 0.532 0.00416564
2282 0.751841 0.527252 0.00388128
2283 0.751841 0.535068 0.00475159
2284 0.751841 0.528177 0.00375776
2285 0.751841 0.531751 0.00417223
2286 0.751841 0.523577 0.00354806
2287 0.751841 0.529873 0.00382232
2288 0.751841 0.523531 0.00419834
2289 0.751841 0.53086 0.00397103
2290 0.751841 0.529437 0.00405733
2291 0.751841 0.518126 0.00413079
2292 0.751841 0.524347 0.00384748
2293 0.751841 0.528041 0.00484246
2294 0.751841 0.525369 0.00392241
2295 0.751841 0.524299 0.00365029
2296 0.751841 0.530524 0.00357167
2297 0.751841 0.521292 0.00394484
2298 0.751841 0.527477 0.00413908
2299 0.751841 0.527382 0.00382108
2300 0.751841 0.527297 0.00470969
2301 0.751841 0.517699 0.00446362
2302 0.751841 0.526187 0.00454722
2303 0.751841 0.522542 0.00386246
2304 0.751841 0.526512 0.00418605
2305 0.751841 0.526659 0.00429566
2306 0.751841 0.522415 0.00370922
2307 0.751841 0.532771 0.00337896
2308 0.751841 0.517253 0.00402275
2309 0.751841 0.524016 0.00476044
2310 0.751841 0.522307 0.00403933
2311 0.751841 0.523848 0.00411899
2312 0.751841 0.517639 0.00478489
2313 0.751841 0.518503 0.00423254
2314 0.751841 0.523563 0.00450616
2315 0.751841 0.517209 0.00395359
2316 0.751841 0.531037 0.00448965
2317 0.751841 0.524964 0.00367021
2318 0.751841 0.527011 0.00407949
2319 0.751841 0.525731 0.00368274
2320 0.751841 0.522478 0.00455938
2321 0.751841 0.524096 0.00412079
2322 0.751841 0.523593 0.00408047
2323 0.751841 0.517165 0.00400068
2324 0.751841 0.518186 0.00404561
2325 0.751841 0.520342 0.00395496
2326 0.751841 0.526495 0.0040464
2327 0.751841 0.521534 0.00421708
2328 0.751841 0.525255 0.00384298
2329 0.751841 0.521823 0.00411847
2330 0.751841 0.519133 0.00346233
2331 0.751841 0.522961 0.00362962
2332 0.751841 0.523181 0.00408678
2333 0.751841 0.522583 0.00389746
2334 0.751841 0.526956 0.00379476
2335 0.751841 0.525354 0.00438628
2336 0.751841 0.5299 0.00372884
2337 0.751841 0.528525 0.00424889
2338 0.751841 0.52949 0.00407658
2339 0.751841 0.526912 0.00414433
2340 0.751841 0.527882 0.00362479
2341 0.751841 0.522807 0.00406253
2342 0.751841 0.524156 0.00369841
2343 0.751841 0.530227 0.00372942
2344 0.751841 0.53147 0.0034739
2345 0.751841 0.534449 0.00427072
2346 0.751841 0.524941 0.00383599
2347 0.751841 0.524719 0.00371531
2348 0.751841 0.525007 0.00375344
2349 0.751841 0.52936 0.00441233
2350 0.751841 0.531645 0.00430856
2351 0.751841 0.518798 0.00392675
2352 0.751841 0.527095 0.00390986
2353 0.751841 0.525011 0.00386304
2354 0.751841 0.53225 0.00461449
2355 0.751841 0.516455 0.00440447
2356 0.751841 0.521153 0.00430065
2357 0.751841 0.521813 0.00410859
2358 0.751841 0.521644 0.00424604
2359 0.751841 0.52504 0.0038984
2360 0.751841 0.526521 0.00395012
2361 0.751841 0.525087 0.00392125
2362 0.751841 0.52579 0.00404597
2363 0.751841 0.523434 0.00468472
2364 0.751841 0.525569 0.00362195
2365 0.751841 0.524815 0.00347766
2366 0.751841 0.521688 0.00443005
2367 0.751841 0.519975 0.00481328
2368 0.751841 0.532427 0.00394112
2369 0.751841 0.528338 0.0038712
2370 0.751841 0.527103 0.00382512
2371 0.751841 0.53122 0.00380354
2372 0.751841 0.523641 0.00453349
2373 0.751841 0.52511 0.00405074
2374 0.751841 0.527152 0.00357011
2375 0.751841 0.528171 0.00338159
2376 0.751841 0.518435 0.00428891
2377 0.751841 0.525997 0.00452225
2378 0.751841 0.527347 0.00367945
2379 0.751841 0.52281 0.00400706
2380 0.751841 0.52987 0.00386223
2381 0.751841 0.526889 0.00403774
2382 0.751841 0.527011 0.00378464
2383 0.751841 0.531861 0.00384656
2384 0.751841 0.516388 0.00391298
2385 0.751841 0.522639 0.00389247
2386 0.751841 0.523124 0.0037718
2387 0.751841 0.519775 0.00377796
2388 0.751841 0.527553 0.00427827
2389 0.751841 0.526715 0.00443603
2390 0.751841 0.527434 0.00389868
2391 0.751841 0.524693 0.00366154
2392 0.751841 0.524316 0.00460844
2393 0.751841 0.525352 0.00374596
2394 0.751841 0.527311 0.00357757
2395 0.751841 0.5261 0.00403919
2396 0.751841 0.521828 0.00413467
2397 0.751841 0.519956 0.00384128
2398 0.751841 0.522586 0.00417967
2399 0.751841 0.516315 0.00386301
2400 0.751841 0.519664 0.0035624
2401 0.754151 0.52347 0.00419137
2402 0.754151 0.52297 0.00426039
2403 0.754151 0.525869 0.00451231
2404 0.754151 0.523263 0.00400589
2405 0.754151 0.519781 0.00416069
2406 0.754151 0.525378 0.00392151
2407 0.754151 0.527192 0.00450744
2408 0.754151 0.530142 0.0039907
2409 0.754151 0.522794 0.00400443
2410 0.754151 0.525557 0.00397569
2411 0.754151 0.526151 0.00362569
2412 0.754151 0.525246 0.00495846
2413 0.754151 0.526414 0.00434076
2414 0.754151 0.529819 0.00412319
2415 0.754151 0.529391 0.00389297
2416 0.754151 0.524386 0.0039759
2417 0.754151 0.526638 0.00444934
2418 0.754151 0.524494 0.00472163
2419 0.754151 0.526146 0.00381519
2420 0.754151 0.524714 0.00407457
2421 0.754151 0.528054 0.00438456
2422 0.754151 0.530756 0.00459166
2423 0.754151 0.520974 0.00447956
2424 0.754151 0.522247 0.00442757
2425 0.754151 0.523789 0.00511979
2426 0.754151 0.528839 0.00404881
2427 0.754151 0.521539 0.00389719
2428 0.754151 0.522214 0.00364703
2429 0.754151 0.524577 0.0037563
2430 0.754151 0.530124 0.0042966
2431 0.754151 0.520208 0.00377139
2432 0.754151 0.523061 0.00411796
2433 0.754151 0.521221 0.0043722
2434 0.754151 0.519162 0.00439196
2435 0.754151 0.518311 0.00429289
2436 0.754151 0.524584 0.00407225
2437 0.754151 0.525742 0.00424775
2438 0.754151 0.519581 0.00443614
2439 0.754151 0.525189 0.00409245
2440 0.754151 0.522981 0.00412752
2441 0.754151 0.519922 0.00381679
2442 0.754151 0.52602 0.00460321
2443 0.754151 0.522349 0.00426628
2444 0.754151 0.521146 0.00432303
2445 0.754151 0.519418 0.0048104
2446 0.754151 0.531536 0.00426055
2447 0.754151 0.526535 0.00441565
2448 0.754151 0.520689 0.00365268
2449 0.754151 0.518114 0.00397903
2450 0.754151 0.526986 0.00430406
2451 0.754151 0.52379 0.00394296
2452 0.754151 0.521555 0.00530434
2453 0.754151 0.52443 0.00448711
2454 0.754151 0.516576 0.004437
2455 0.754151 0.512669 0.00412972
2456 0.754151 0.515959 0.00460644
2457 0.754151 0.517327 0.00445745
2458 0.754151 0.523241 0.00466672
2459 0.754151 0.51404 0.00442727
2460 0.754151 0.522102 0.00400799
2461 0.754151 0.525968 0.00435224
2462 0.754151 0.523906 0.00399366
2463 0.754151 0.526633 0.00412562
2464 0.754151 0.522668 0.00356508
2465 0.754151 0.526996 0.00455744
2466 0.754151 0.526321 0.00338973
2467 0.754151 0.519093 0.00505503
2468 0.754151 0.523218 0.00420703
2469 0.754151 0.530261 0.00428536
2470 0.754151 0.518583 0.00416575
2471 0.754151 0.520321 0.0041015
2472 0.754151 0.523691 0.00459302
2473 0.754151 0.519718 0.00393506
2474 0.754151 0.523076 0.00380834
2475 0.754151 0.519657 0.00476762
2476 0.754151 0.521524 0.00494415
2477 0.754151 0.529423 0.0047278
2478 0.754151 0.525636 0.00457156
2479 0.754151 0.528412 0.00395116
2480 0.754151 0.524772 0.00398444
2481 0.754151 0.528598 0.00428749
2482 0.754151 0.528274 0.00414711
2483 0.754151 0.513779 0.00459946
2484 0.754151 0.519908 0.00446878
2485 0.754151 0.523412 0.00429307
2486 0.754151 0.517336 0.00451237
2487 0.754151 0.525363 0.00426529
2488 0.754151 0.517906 0.00462655
2489 0.754151 0.518757 0.00412397
2490 0.754151 0.520175 0.00378995
2491 0.754151 0.524834 0.00364758
2492 0.754151 0.523712 0.0038527
2493 0.754151 0.523924 0.0035434
2494 0.754151 0.530826 0.0038523
2495 0.754151 0.527871 0.00373418
2496 0.754151 0.524049 0.0044493
2497 0.754151 0.521307 0.00382115
2498 0.754151 0.52794 0.00409156
2499 0.754151 0.521338 0.00481861
2500 0.754151 0.527662 0.00439981
2501 0.754151 0.528299 0.00479931
2502 0.754151 0.531747 0.00475078
2503 0.754151 0.528053 0.00436492
2504 0.754151 0.5298 0.00415277
2505 0.754151 0.52909 0.00440356
2506 0.754151 0.53031 0.00447514
2507 0.754151 0.524028 0.00497134
2508 0.754151 0.530335 0.00439056
2509 0.754151 0.520692 0.00385489
2510 0.754151 0.525961 0.0041647
2511 0.754151 0.526963 0.00425673
2512 0.754151 0.519678 0.00407433
2513 0.754151 0.521347 0.00530059
2514 0.754151 0.527605 0.00386771
2515 0.754151 0.523891 0.00390187
2516 0.754151 0.52721 0.00468081
2517 0.754151 0.530217 0.00431218
2518 0.754151 0.516311 0.00418109
2519 0.754151 0.525763 0.00387734
2520 0.754151 0.521172 0.00525381
2521 0.754151 0.524721 0.00387938
2522 0.754151 0.523554 0.00380522
2523 0.754151 0.528728 0.00416205
2524 0.754151 0.525746 0.00376501
2525 0.754151 0.520303 0.00390989
2526 0.754151 0.519905 0.00425197
2527 0.754151 0.521977 0.00390851
2528 0.754151 0.528593 0.00417032
2529 0.754151 0.51827 0.00395355
2530 0.754151 0.525386 0.00397746
2531 0.754151 0.524027 0.00388294
2532 0.754151 0.527958 0.00397903
2533 0.754151 0.531024 0.0040363
2534 0.754151 0.520429 0.00426446
2535 0.754151 0.525571 0.00461934
2536 0.754151 0.525217 0.00421601
2537 0.754151 0.527494 0.00509727
2538 0.754151 0.524463 0.00432861
2539 0.754151 0.533864 0.00381926
2540 0.754151 0.522984 0.00440116
2541 0.754151 0.526975 0.00432166
2542 0.754151 0.524479 0.00491537
2543 0.754151 0.528289 0.00386267
2544 0.754151 0.532392 0.00427836
2545 0.754151 0.518954 0.00450652
2546 0.754151 0.521319 0.00408467
2547 0.754151 0.526648 0.00351775
2548 0.754151 0.52475 0.00412333
2549 0.754151 0.528762 0.00393297
2550 0.754151 0.519696 0.00362146
2551 0.754151 0.520593 0.00398865
2552 0.754151 0.520256 0.0038275
2553 0.754151 0.523997 0.00368316
2554 0.754151 0.522593 0.00409503
2555 0.754151 0.526456 0.00361407
2556 0.754151 0.531842 0.0040133
2557 0.754151 0.524179 0.003917
2558 0.754151 0.523309 0.00352197
2559 0.754151 0.524751 0.00423706
2560 0.754151 0.520569 0.00353
2561 0.754151 0.52627 0.00443349
2562 0.754151 0.524527 0.00450622
2563 0.754151 0.525562 0.00465442
2564 0.754151 0.5246 0.00396849
2565 0.754151 0.519034 0.00408431
2566 0.754151 0.530306 0.00430094
2567 0.754151 0.531289 0.00403867
2568 0.754151 0.523958 0.0042756
2569 0.754151 0.521969 0.0041774
2570 0.754151 0.527868 0.00402073
2571 0.754151 0.525199 0.00420301
2572 0.754151 0.522968 0.00404575
2573 0.754151 0.520184 0.00394133
2574 0.754151 0.527183 0.00389653
2575 0.754151 0.518758 0.00400294
2576 0.754151 0.529091 0.00411846
2577 0.754151 0.526529 0.00457956
2578 0.754151 0.521967 0.00371864
2579 0.754151 0.516432 0.00408072
2580 0.754151 0.518594 0.00420578
2581 0.754151 0.517879 0.00432957
2582 0.754151 0.522042 0.00446117
2583 0.754151 0.53004 0.00391518
2584 0.754151 0.524183 0.00388001
2585 0.754151 0.519569 0.0044016
2586 0.754151 0.523018 0.00380731
2587 0.754151 0.520591 0.003954
2588 0.754151 0.523831 0.00381361
2589 0.754151 0.523219 0.00395532
2590 0.754151 0.5276 0.00423203
2591 0.754151 0.524931 0.00397209
2592 0.754151 0.524822 0.00385238
2593 0.754151 0.520217 0.00401564
2594 0.754151 0.530348 0.00361792
2595 0.754151 0.528679 0.00425501
2596 0.754151 0.524548 0.00456837
2597 0.754151 0.524285 0.00399398
2598 0.754151 0.529715 0.00574445
2599 0.754151 0.526438 0.004275
2600 0.754151 0.524457 0.00400895
2601 0.754151 0.527567 0.00431572
2602 0.754151 0.53465 0.00420988
2603 0.754151 0.521791 0.00391535
2604 0.754151 0.527971 0.00406694
2605 0.754151 0.529527 0.00427626
2606 0.754151 0.528704 0.00369777
2607 0.754151 0.525476 0.0043683
2608 0.754151 0.527407 0.00399376
2609 0.754151 0.529887 0.00414413
2610 0.754152 0.525871 0.00465871
2611 0.754152 0.523231 0.00382033
2612 0.754152 0.524124 0.00423632
2613 0.754152 0.518481 0.00404413
2614 0.754152 0.51607 0.00432906
2615 0.754152 0.524433 0.00391744
2616 0.754152 0.52172 0.00418109
2617 0.754152 0.528507 0.0043938
2618 0.754152 0.523301 0.00366048
2619 0.754152 0.530077 0.00426369
2620 0.754152 0.530122 0.0045898
2621 0.754152 0.527662 0.00431135
2622 0.754152 0.519479 0.0039477
2623 0.754152 0.522503 0.00400798
2624 0.754152 0.525098 0.00356835
2625 0.754152 0.517606 0.00406533
2626 0.754152 0.527699 0.0037934
2627 0.754152 0.530021 0.00525587
2628 0.754152 0.529653 0.00450857
2629 0.754152 0.521914 0.00439287
2630 0.754152 0.527838 0.00442328
2631 0.754152 0.520865 0.00474443
2632 0.754152 0.516226 0.00425972
2633 0.754152 0.519173 0.0038655
2634 0.754152 0.522248 0.00417044
2635 0.754152 0.523244 0.00386638
2636 0.754152 0.523374 0.00400373
2637 0.754152 0.523863 0.00363204
2638 0.754152 0.531661 0.00381631
2639 0.754152 0.525825 0.00387159
2640 0.754152 0.526453 0.00451751
2641 0.754152 0.516576 0.0044286
2642 0.754152 0.528289 0.00372376
2643 0.754152 0.529241 0.00437147
2644 0.754152 0.526214 0.00436429
2645 0.754152 0.520178 0.00407168
2646 0.754152 0.521085 0.00417769
2647 0.754152 0.527152 0.00419697
2648 0.754152 0.52352 0.00426384
2649 0.754152 0.522073 0.00395041
2650 0.754152 0.525376 0.00390243
2651 0.754152 0.524172 0.00376287
2652 0.754152 0.524407 0.00386348
2653 0.754152 0.530954 0.00400243
2654 0.754152 0.524934 0.00411255
2655 0.754152 0.528315 0.00417356
2656 0.754152 0.526529 0.00417304
2657 0.754152 0.518346 0.00383804
2658 0.754152 0.519853 0.00361021
2659 0.754152 0.534725 0.00394108
2660 0.754152 0.522041 0.00449379
2661 0.754152 0.520995 0.00387617
2662 0.754152 0.524705 0.00406509
2663 0.754152 0.521194 0.00424904
2664 0.754152 0.521284 0.00388479
2665 0.754152 0.520014 0.00415191
2666 0.754152 0.522198 0.00451899
2667 0.754152 0.526218 0.00402755
2668 0.754152 0.529397 0.00423409
2669 0.754152 0.521633 0.00407839
2670 0.754152 0.527158 0.00365445
2671 0.754152 0.532048 0.00429118
2672 0.754152 0.520151 0.00395641
2673 0.754152 0.520324 0.00417185
2674 0.754152 0.524721 0.00375
2675 0.754152 0.525805 0.00455505
2676 0.754152 0.521595 0.0041709
2677 0.754152 0.530319 0.00410578
2678 0.754152 0.531381 0.00436396
2679 0.754152 0.527045 0.00424157
2680 0.754152 0.525859 0.00455418
2681 0.754152 0.521642 0.00433103
2682 0.754152 0.517269 0.0048923
2683 0.754152 0.519198 0.00430773
2684 0.754152 0.518925 0.00431783
2685 0.754152 0.525475 0.00418126
2686 0.754152 0.525496 0.00417908
2687 0.754152 0.525971 0.0036976
2688 0.754152 0.52508 0.00394154
2689 0.754152 0.52207 0.00406213
2690 0.754152 0.529606 0.00351631
2691 0.754152 0.52456 0.0042372
2692 0.754152 0.517178 0.00385184
2693 0.754152 0.518834 0.00400715
2694 0.754152 0.527862 0.00379569
2695 0.754152 0.531391 0.00417664
2696 0.754152 0.529735 0.00397165
2697 0.754152 0.522916 0.00378766
2698 0.754152 0.529068 0.00423619
2699 0.754152 0.532325 0.00389786
2700 0.754152 0.521888 0.00415155
2701 0.754152 0.529445 0.00403948
2702 0.754152 0.527811 0.0044731
2703 0.754152 0.524568 0.00425476
2704 0.754152 0.522916 0.00377413
2705 0.754152 0.533854 0.00408243
2706 0.754152 0.522642 0.00416108
2707 0.754152 0.527907 0.00357089
2708 0.754152 0.524661 0.00414232
2709 0.754152 0.527027 0.00408688
2710 0.754152 0.525764 0.00421248
2711 0.754152 0.533603 0.00369182
2712 0.754152 0.517927 0.00403381
2713 0.754152 0.525026 0.00432595
2714 0.754152 0.526202 0.00368701
2715 0.754152 0.522347 0.00376492
2716 0.754152 0.523038 0.00474319
2717 0.754152 0.525647 0.00409463
2718 0.754152 0.524848 0.00372677
2719 0.754152 0.525872 0.004185
2720 0.754152 0.522241 0.00417814
2721 0.754152 0.52883 0.00458804
2722 0.754152 0.530483 0.00415667
2723 0.754152 0.526229 0.00356265
2724 0.754152 0.52459 0.00424258
2725 0.754152 0.52371 0.00408607
2726 0.754152 0.526239 0.00392439
2727 0.754152 0.519626 0.00392561
2728 0.754152 0.521397 0.00418698
2729 0.754152 0.52412 0.0042066
2730 0.754152 0.528918 0.00381598
2731 0.754152 0.528103 0.00404726
2732 0.754152 0.5227 0.00363353
2733 0.754152 0.528272 0.00454701
2734 0.754152 0.521274 0.00404592
2735 0.754152 0.534204 0.00476574
2736 0.754152 0.525102 0.00412844
2737 0.754152 0.530656 0.00373186
2738 0.754152 0.528122 0.0037842
2739 0.754152 0.522468 0.00439974
2740 0.754152 0.521361 0.00447128
2741 0.754152 0.523514 0.0044823
2742 0.754152 0.524856 0.00492707
2743 0.754152 0.522934 0.00397403
2744 0.754152 0.532749 0.00389134
2745 0.754152 0.523827 0.00408562
2746 0.754152 0.523317 0.00425386
2747 0.754152 0.522103 0.00378836
2748 0.754152 0.523809 0.00411068
2749 0.754152 0.532316 0.00487689
2750 0.754152 0.529162 0.00436407
2751 0.754152 0.52157 0.00417322
2752 0.754152 0.530346 0.00417343
2753 0.754152 0.536641 0.00390942
2754 0.754152 0.536827 0.0038907
2755 0.754152 0.526203 0.00401796
2756 0.754152 0.525791 0.00375665
2757 0.754152 0.537218 0.00394057
2758 0.754152 0.531281 0.00422612
2759 0.754152 0.53509 0.00402601
2760 0.754152 0.531685 0.0039138
2761 0.754152 0.526782 0.00354204
2762 0.754152 0.523479 0.00394776
2763 0.754152 0.525662 0.00446387
2764 0.754152 0.52391 0.00416711
2765 0.754152 0.527536 0.00384925
2766 0.754152 0.521551 0.00422498
2767 0.754152 0.520909 0.004375
2768 0.754152 0.520432 0.00407779
2769 0.754152 0.528643 0.00407281
2770 0.754152 0.524335 0.00346995
2771 0.754152 0.526557 0.00405379
2772 0.754152 0.524703 0.00395912
2773 0.754152 0.526472 0.00364829
2774 0.754152 0.522825 0.00391668
2775 0.754152 0.526306 0.0035686
2776 0.754152 0.52645 0.00432429
2777 0.754152 0.519021 0.00342972
2778 0.754152 0.528685 0.00363001
2779 0.754152 0.526259 0.00393444
2780 0.754152 0.525082 0.00379264
2781 0.754152 0.530213 0.00406736
2782 0.754152 0.525833 0.00352647
2783 0.754152 0.530379 0.00445164
2784 0.754152 0.521441 0.00392006
2785 0.754152 0.522886 0.0041905
2786 0.754152 0.520406 0.00365308
2787 0.754152 0.521502 0.0036545
2788 0.754152 0.522286 0.00358705
2789 0.754152 0.525006 0.00409055
2790 0.754152 0.521546 0.0035311
2791 0.754152 0.5282 0.0038647
2792 0.754152 0.525959 0.00395505
2793 0.754152 0.524782 0.00374119
2794 0.754152 0.524545 0.00438795
2795 0.754152 0.524175 0.00470052
2796 0.754152 0.530404 0.00386713
2797 0.754152 0.52809 0.00395547
2798 0.754152 0.534687 0.00412111
2799 0.754152 0.526836 0.00382262
2800 0.754152 0.526771 0.00387904
2801 0.754152 0.521668 0.00368467
2802 0.754152 0.520313 0.00415369
2803 0.754152 0.524148 0.00395326
2804 0.754152 0.526413 0.0043933
2805 0.754152 0.530854 0.00396558
2806 0.754152 0.525669 0.00362703
2807 0.754152 0.523534 0.0039244
2808 0.754152 0.521825 0.00432937
2809 0.754152 0.520822 0.00408763
2810 0.754152 0.525382 0.0042937
2811 0.754152 0.525091 0.00367701
2812 0.754152 0.530552 0.00390613
2813 0.754152 0.521897 0.00414708
2814 0.754152 0.522907 0.00508394
2815 0.754152 0.526641 0.00413032
2816 0.754152 0.522743 0.00433288
2817 0.754152 0.52711 0.00423768
2818 0.754152 0.521678 0.00415916
2819 0.754152 0.523081 0.00393096
2820 0.754152 0.521618 0.00425897
2821 0.754152 0.521321 0.00431343
2822 0.754152 0.522727 0.00423412
2823 0.754152 0.528168 0.00383128
2824 0.754152 0.532898 0.0039151
2825 0.754152 0.527313 0.00379942
2826 0.754152 0.529127 0.00392953
2827 0.754152 0.519567 0.00393967
2828 0.754152 0.532592 0.00420213
2829 0.754152 0.521552 0.00410662
2830 0.754152 0.526464 0.00438606
2831 0.754152 0.520405 0.00403778
2832 0.754152 0.516496 0.00449341
2833 0.754152 0.524451 0.00433537
2834 0.754152 0.51929 0.00418966
2835 0.754152 0.521866 0.00410804
2836 0.754152 0.518275 0.00429042
2837 0.754152 0.520556 0.00390002
2838 0.754152 0.528865 0.00437242
2839 0.754152 0.518177 0.00394869
2840 0.754152 0.525012 0.00401166
2841 0.754152 0.527511 0.00352839
2842 0.754152 0.521787 0.00382114
2843 0.754152 0.523871 0.00396652
2844 0.754152 0.520065 0.00400173
2845 0.754152 0.519457 0.00383927
2846 0.754152 0.525787 0.00369487
2847 0.754152 0.517299 0.00386703
2848 0.754152 0.524485 0.00467536
2849 0.754152 0.522286 0.00391427
2850 0.754152 0.526994 0.00461876
2851 0.754152 0.523873 0.00396638
2852 0.754152 0.523687 0.00426757
2853 0.754152 0.526942 0.00449734
2854 0.754152 0.519315 0.00410971
2855 0.754152 0.516071 0.00352315
2856 0.754152 0.518986 0.00411727
2857 0.754152 0.516242 0.00422315
2858 0.754152 0.5206 0.00404965
2859 0.754152 0.525986 0.0039005
2860 0.754152 0.525079 0.00334323
2861 0.754152 0.526561 0.00389815
2862 0.754152 0.52129 0.00379716
2863 0.754152 0.523262 0.00372056
2864 0.754152 0.528391 0.00347183
2865 0.754152 0.525934 0.0044089
2866 0.754152 0.520178 0.00379961
2867 0.754152 0.516795 0.00387235
2868 0.754152 0.522464 0.00405475
2869 0.754152 0.530651 0.00403916
2870 0.754152 0.525092 0.00353336
2871 0.754152 0.524454 0.0037594
2872 0.754152 0.527855 0.00372166
2873 0.754152 0.524072 0.00335502
2874 0.754152 0.522119 0.00377715
2875 0.754152 0.52158 0.00439385
2876 0.754152 0.523539 0.00315866
2877 0.754152 0.524882 0.00403309
2878 0.754152 0.524195 0.00373834
2879 0.754152 0.51932 0.00378349
2880 0.754152 0.527608 0.00382291
2881 0.754152 0.522558 0.00374212
2882 0.754152 0.528759 0.00359209
2883 0.754152 0.526114 0.00395491
2884 0.754152 0.523802 0.00426237
2885 0.754152 0.526257 0.00437875
2886 0.754152 0.531439 0.00385704
2887 0.754152 0.522505 0.00411757
2888 0.754152 0.526641 0.00358271
2889 0.754152 0.526674 0.00441308
2890 0.754152 0.536455 0.00351139
2891 0.754152 0.528633 0.00395606
2892 0.754152 0.533091 0.0038129
2893 0.754152 0.526401 0.00360257
2894 0.754152 0.528943 0.0033911
2895 0.754152 0.522498 0.00427814
2896 0.754152 0.523739 0.00357047
2897 0.754152 0.517155 0.00360427
2898 0.754152 0.524328 0.00366951
2899 0.754152 0.522318 0.00373791
2900 0.754152 0.521534 0.00410883
2901 0.754152 0.520918 0.00395265
2902 0.754152 0.522023 0.00391836
2903 0.754152 0.521299 0.00384874
2904 0.754152 0.523536 0.00421922
2905 0.754152 0.52207 0.00402465
2906 0.754152 0.530924 0.00408386
2907 0.754152 0.525432 0.00363369
2908 0.754152 0.517342 0.00408154
2909 0.754152 0.523536 0.0041178
2910 0.754152 0.525948 0.00401127
2911 0.754152 0.523626 0.00386392
2912 0.754152 0.520713 0.00403888
2913 0.754152 0.520653 0.00384249
2914 0.754152 0.533091 0.00444675
2915 0.754152 0.521688 0.00416821
2916 0.754152 0.526814 0.00392359
2917 0.754152 0.523198 0.00385178
2918 0.754152 0.535011 0.00407033
2919 0.754152 0.536591 0.00458837
2920 0.754152 0.527319 0.00428926
2921 0.754152 0.530907 0.00444002
2922 0.754152 0.528451 0.00447593
2923 0.754152 0.527953 0.00352464
2924 0.754152 0.518242 0.00472765
2925 0.754152 0.53076 0.00457384
2926 0.754152 0.52218 0.00485509
2927 0.754152 0.519313 0.00438167
2928 0.754152 0.523232 0.00381088
2929 0.754152 0.521245 0.00436276
2930 0.754152 0.517972 0.00405241
2931 0.754152 0.525476 0.00375903
2932 0.754152 0.522054 0.00423332
2933 0.754152 0.527803 0.0037406
2934 0.754152 0.52334 0.00367621
2935 0.754152 0.52541 0.00449409
2936 0.754152 0.518944 0.00453767
2937 0.754152 0.520946 0.00398158
2938 0.754152 0.516854 0.00405358
2939 0.754152 0.521736 0.00386375
2940 0.754152 0.525091 0.00409465
2941 0.754152 0.52946 0.00401062
2942 0.754152 0.534074 0.00382808
2943 0.754152 0.526537 0.00450782
2944 0.754152 0.524116 0.00423096
2945 0.754152 0.529166 0.00355934
2946 0.754152 0.517564 0.00447185
2947 0.754152 0.530044 0.00374066
2948 0.754152 0.524311 0.00460916
2949 0.754152 0.519286 0.00410207
2950 0.754152 0.526896 0.00370076
2951 0.754152 0.525079 0.00483204
2952 0.754152 0.523012 0.00466602
2953 0.754152 0.525471 0.00415808
2954 0.754152 0.521335 0.00472336
2955 0.754152 0.519695 0.00428534
2956 0.754152 0.531448 0.00389851
2957 0.754152 0.528011 0.00446178
2958 0.754152 0.528914 0.00389155
2959 0.754152 0.524573 0.00412689
2960 0.754152 0.529816 0.00377866
2961 0.754152 0.524294 0.00417154
2962 0.754152 0.52175 0.00430643
2963 0.754152 0.525318 0.0035972
2964 0.754152 0.52691 0.00375938
2965 0.754152 0.523915 0.00373867
2966 0.754152 0.525602 0.00400136
2967 0.754152 0.517585 0.00401465
2968 0.754152 0.519029 0.00434614
2969 0.754152 0.520765 0.00391274
2970 0.754152 0.531158 0.00402207
2971 0.754152 0.526314 0.00396236
2972 0.754152 0.527919 0.00358536
2973 0.754152 0.522058 0.00430881
2974 0.754152 0.526786 0.00408538
2975 0.754152 0.528144 0.00382054
2976 0.754152 0.525823 0.0040805
2977 0.754152 0.52816 0.00448552
2978 0.754152 0.51787 0.00440011
2979 0.754152 0.525368 0.00443857
2980 0.754152 0.52562 0.00464045
2981 0.754152 0.522524 0.00456948
2982 0.754152 0.525266 0.00377276
2983 0.754152 0.522519 0.00500267
2984 0.754152 0.527158 0.00505036
2985 0.754152 0.526074 0.00386159
2986 0.754152 0.524126 0.00490463
2987 0.754152 0.528602 0.00411275
2988 0.754152 0.524074 0.00453074
2989 0.754152 0.520213 0.00443299
2990 0.754152 0.520483 0.00457088
2991 0.754152 0.519621 0.00404161
2992 0.754152 0.529756 0.00428762
2993 0.754152 0.521932 0.0040947
2994 0.754152 0.519603 0.00449483
2995 0.754152 0.519771 0.0039799
2996 0.754152 0.519329 0.00440319
2997 0.754152 0.518253 0.00437309
2998 0.754152 0.527311 0.00521556
2999 0.754152 0.527175 0.00412088
3000 0.754152 0.527229 0.00381177
