0 0.516125 0.496305 6.01897e-05
1 0.516125 0.497467 6.85069e-05
2 0.53525 0.498925 0.000143631
3 0.53525 0.497692 0.000163617
4 0.53525 0.498092 0.000128093
5 0.536985 0.49845 0.000159606
6 0.554022 0.497051 0.000181376
7 0.554022 0.499352 0.000215186
8 0.554022 0.500615 0.000198651
9 0.554022 0.498145 0.000246931
10 0.554022 0.499601 0.000273975
11 0.571813 0.501318 0.000297543
12 0.571813 0.500244 0.000334832
13 0.571813 0.5018 0.000320668
14 0.571813 0.502111 0.000397947
15 0.571813 0.502421 0.00038341
16 0.571813 0.498967 0.000384661
17 0.571813 0.502263 0.000467644
18 0.571813 0.501534 0.00040982
19 0.571813 0.499619 0.000477543
20 0.571813 0.498432 0.000503298
21 0.608274 0.499235 0.000578924
22 0.608274 0.50028 0.000483552
23 0.608274 0.502336 0.000547196
24 0.608274 0.500373 0.000463496
25 0.608274 0.505746 0.000683316
26 0.608274 0.503715 0.000670899
27 0.608274 0.502032 0.000541034
28 0.608274 0.500959 0.000628214
29 0.608274 0.500319 0.000671288
30 0.608274 0.503953 0.000612051
31 0.608274 0.503714 0.00062641
32 0.608274 0.503471 0.000720353
33 0.608274 0.502803 0.000517276
34 0.616135 0.503641 0.000715914
35 0.616135 0.503909 0.000606477
36 0.616135 0.505675 0.0007209
37 0.616135 0.502768 0.000851012
38 0.616135 0.503927 0.000797899
39 0.616135 0.505675 0.000657178
40 0.616135 0.502534 0.000787001
41 0.616135 0.504767 0.000804409
42 0.616135 0.50685 0.000808689
43 0.616135 0.503086 0.00087841
44 0.630167 0.504301 0.000903232
45 0.630167 0.505049 0.00102204
46 0.630167 0.504835 0.00111024
47 0.630167 0.504701 0.00108702
48 0.630167 0.508793 0.000949217
49 0.630167 0.501963 0.000876379
50 0.630167 0.50945 0.000829027
51 0.630167 0.506221 0.000900131
52 0.630167 0.504238 0.000865129
53 0.630167 0.508231 0.00102282
54 0.630167 0.507912 0.00126742
55 0.630167 0.504961 0.000987376
56 0.630167 0.5096 0.00114769
57 0.630167 0.510249 0.00124449
58 0.630167 0.511083 0.00117327
59 0.630167 0.507935 0.00138858
60 0.630167 0.508839 0.00155856
61 0.630167 0.506246 0.00129957
62 0.630167 0.504978 0.00125473
63 0.630167 0.504528 0.0013448
64 0.630167 0.506844 0.00154951
65 0.630167 0.499911 0.00116506
66 0.630167 0.508178 0.00124216
67 0.630167 0.507066 0.00106463
68 0.630167 0.506674 0.00116423
69 0.630167 0.506372 0.00129661
70 0.630167 0.512441 0.00145354
71 0.630167 0.504731 0.00130547
72 0.630167 0.50492 0.00144165
73 0.630167 0.502481 0.001505
74 0.630167 0.501138 0.00145206
75 0.630167 0.503386 0.00156452
76 0.630167 0.503263 0.0013253
77 0.630167 0.50787 0.00119562
78 0.630167 0.509312 0.00135878
79 0.630167 0.509148 0.0011802
80 0.630167 0.511762 0.00121877
81 0.630167 0.513019 0.0012314
82 0.630167 0.518076 0.00148222
83 0.630167 0.520254 0.00134493
84 0.630167 0.51435 0.00149963
85 0.630167 0.512263 0.00139143
86 0.630167 0.514319 0.00135355
87 0.630167 0.507646 0.001421
88 0.630167 0.511714 0.00137479
89 0.630167 0.515828 0.00136733
90 0.630167 0.516577 0.00125493
91 0.630167 0.516468 0.00146916
92 0.630167 0.515377 0.00133354
93 0.630167 0.513429 0.00136889
94 0.630167 0.514104 0.00126961
95 0.630167 0.517793 0.0015214
96 0.630167 0.513222 0.00117102
97 0.630167 0.509611 0.00133249
98 0.630167 0.513586 0.00119387
99 0.630167 0.515903 0.00121126
100 0.630167 0.51435 0.00149641
101 0.630167 0.520108 0.00139837
102 0.630167 0.517752 0.00150079
103 0.630167 0.513202 0.00149014
104 0.630167 0.525321 0.00134646
105 0.630167 0.518219 0.0013885
106 0.630167 0.513884 0.00156835
107 0.630167 0.516534 0.00161081
108 0.63227 0.514635 0.00166813
109 0.63227 0.518214 0.00152649
110 0.63227 0.522677 0.00155996
111 0.63227 0.523802 0.0015367
112 0.63227 0.517407 0.00137167
113 0.63227 0.517421 0.00144341
114 0.63227 0.526039 0.00149553
115 0.63227 0.525346 0.00143561
116 0.63227 0.522527 0.00167673
117 0.63227 0.524108 0.00159415
118 0.63227 0.528454 0.00128234
119 0.635949 0.530018 0.00172857
120 0.635949 0.525523 0.00165721
121 0.635949 0.529111 0.00166126
122 0.635949 0.519817 0.00164311
123 0.635949 0.525419 0.00140147
124 0.635949 0.522467 0.00170096
125 0.635949 0.518987 0.00160517
126 0.635949 0.523781 0.00126596
127 0.635949 0.518459 0.00190563
128 0.635949 0.52159 0.00150046
129 0.635949 0.523334 0.00167496
130 0.635949 0.52103 0.00178747
131 0.635949 0.518219 0.00153142
132 0.635949 0.520914 0.00155161
133 0.635949 0.514841 0.00161115
134 0.635949 0.521731 0.00162092
135 0.635949 0.51265 0.00185617
136 0.635949 0.517058 0.00142765
137 0.635949 0.517103 0.001508
138 0.635949 0.519433 0.00157459
139 0.635949 0.522325 0.00169499
140 0.635949 0.521831 0.00145008
141 0.635949 0.520769 0.0015483
142 0.635949 0.518291 0.00206478
143 0.635949 0.52696 0.0016375
144 0.635949 0.518612 0.00198413
145 0.635949 0.523187 0.00181911
146 0.635949 0.523027 0.00169032
147 0.635949 0.520061 0.00149473
148 0.635949 0.527948 0.00155277
149 0.635949 0.518674 0.00171937
150 0.635949 0.518435 0.00144125
151 0.635949 0.52301 0.00155331
152 0.635949 0.520994 0.00177245
153 0.635949 0.521377 0.00164803
154 0.635949 0.523026 0.00170324
155 0.647555 0.524555 0.00175679
156 0.647555 0.524874 0.00140408
157 0.647555 0.522495 0.00178584
158 0.647555 0.516792 0.00150872
159 0.647555 0.522529 0.00164547
160 0.662739 0.521916 0.00212276
161 0.662739 0.525237 0.00172096
162 0.662739 0.518428 0.00199499
163 0.662739 0.515731 0.00168399
164 0.662739 0.516619 0.0018399
165 0.662739 0.517094 0.00191252
166 0.662739 0.518841 0.00169457
167 0.662739 0.518921 0.00196939
168 0.662739 0.515326 0.00178334
169 0.662739 0.515647 0.00154087
170 0.662739 0.517519 0.00209734
171 0.662739 0.520975 0.00179287
172 0.662739 0.520162 0.00172441
173 0.662739 0.524866 0.00195041
174 0.662739 0.529522 0.00166345
175 0.662739 0.526931 0.0016788
176 0.662739 0.527347 0.00170722
177 0.662739 0.531226 0.00155392
178 0.662739 0.525401 0.00141434
179 0.662739 0.527891 0.00154143
180 0.662739 0.52927 0.00175624
181 0.662739 0.526948 0.00162588
182 0.662739 0.525179 0.00174336
183 0.662739 0.524045 0.00160876
184 0.662739 0.526085 0.00212322
185 0.662739 0.525935 0.00165841
186 0.662739 0.527791 0.00176773
187 0.662739 0.524682 0.00166408
188 0.662739 0.522048 0.00180621
189 0.662739 0.520065 0.00175132
190 0.662739 0.526961 0.0017084
191 0.662739 0.529383 0.00170095
192 0.662739 0.52849 0.00199913
193 0.662739 0.525415 0.00198468
194 0.662739 0.518132 0.00190464
195 0.662739 0.520629 0.00200718
196 0.662739 0.522322 0.0022907
197 0.662739 0.526994 0.0019335
198 0.662739 0.529044 0.00162358
199 0.662739 0.526273 0.00177996
200 0.662739 0.524983 0.00201573
201 0.662739 0.524951 0.00191941
202 0.662739 0.52091 0.00192173
203 0.662739 0.528528 0.00210194
204 0.662739 0.51684 0.00195311
205 0.662739 0.526004 0.00167069
206 0.662739 0.523005 0.00174241
207 0.662739 0.51984 0.00208666
208 0.662739 0.524531 0.00193315
209 0.662739 0.526286 0.00197732
210 0.662739 0.524331 0.00175076
211 0.662739 0.524103 0.0018727
212 0.662739 0.521367 0.00223478
213 0.662739 0.522286 0.00213747
214 0.662739 0.515532 0.00176404
215 0.662739 0.522056 0.00192024
216 0.662739 0.519226 0.00175045
217 0.662739 0.522109 0.00176461
218 0.662739 0.528312 0.00191671
219 0.662739 0.520888 0.00191378
220 0.662739 0.520913 0.00188156
221 0.662739 0.523544 0.00173036
222 0.662739 0.518529 0.00199801
223 0.662739 0.524578 0.00193372
224 0.662739 0.522285 0.00161101
225 0.662739 0.519718 0.00206335
226 0.662739 0.523552 0.00191563
227 0.662739 0.529071 0.00220503
228 0.662739 0.523599 0.0018297
229 0.662739 0.521658 0.00186164
230 0.662739 0.519668 0.00200096
231 0.662739 0.526702 0.00212657
232 0.662739 0.521622 0.00214857
233 0.662739 0.522799 0.00197979
234 0.662739 0.526403 0.00201144
235 0.662739 0.518129 0.00217367
236 0.662739 0.525595 0.0020826
237 0.662739 0.52623 0.00210951
238 0.662739 0.527039 0.00209763
239 0.662739 0.524848 0.00225259
240 0.662739 0.528355 0.00199276
241 0.662739 0.527649 0.00213636
242 0.662739 0.53266 0.00221343
243 0.662739 0.527026 0.00145639
244 0.662739 0.525099 0.00210057
245 0.662739 0.533643 0.00198718
246 0.662739 0.525364 0.00195402
247 0.662739 0.527172 0.00208425
248 0.662739 0.53016 0.0021701
249 0.662739 0.523197 0.002046
250 0.662739 0.52803 0.00185201
251 0.662739 0.529941 0.00206414
252 0.662739 0.531513 0.00196431
253 0.662739 0.528159 0.0018877
254 0.662739 0.530411 0.00221249
255 0.662739 0.534337 0.00178494
256 0.662739 0.53251 0.00187966
257 0.662739 0.526012 0.00239758
258 0.662739 0.523353 0.00236762
259 0.662739 0.526904 0.00170866
260 0.662739 0.535436 0.00192315
261 0.662739 0.532541 0.00153461
262 0.662739 0.535936 0.00180613
263 0.662739 0.535746 0.00159097
264 0.662739 0.532235 0.00223009
265 0.662739 0.525046 0.00208239
266 0.662739 0.534501 0.00191836
267 0.662739 0.539749 0.00166228
268 0.662739 0.536578 0.0019705
269 0.662739 0.530534 0.00185478
270 0.662739 0.527791 0.00179835
271 0.662739 0.534254 0.00176382
272 0.662739 0.530781 0.00210392
273 0.662739 0.532249 0.00157134
274 0.662739 0.526049 0.00181182
275 0.662739 0.528001 0.00203728
276 0.662739 0.530779 0.00204466
277 0.662739 0.528497 0.00170652
278 0.662739 0.52894 0.00189795
279 0.662739 0.528528 0.00196164
280 0.662739 0.532827 0.0021724
281 0.662739 0.527343 0.00189991
282 0.662739 0.528398 0.00189382
283 0.662739 0.531203 0.00209517
284 0.662739 0.526527 0.00242554
285 0.662739 0.535422 0.00174833
286 0.662739 0.529732 0.00182588
287 0.662739 0.538893 0.00186128
288 0.662739 0.533599 0.00242792
289 0.662739 0.532674 0.00186458
290 0.662739 0.531194 0.0019509
291 0.662739 0.528983 0.00201995
292 0.662739 0.535278 0.0017002
293 0.662739 0.530792 0.00191638
294 0.662739 0.528516 0.00195072
295 0.662739 0.535191 0.00155324
296 0.662739 0.527453 0.00212435
297 0.662739 0.527152 0.00226545
298 0.662739 0.528619 0.00181212
299 0.662739 0.525499 0.00205264
300 0.662739 0.527375 0.00199421
301 0.662739 0.531794 0.00180308
302 0.662739 0.523538 0.00226535
303 0.665382 0.534875 0.00207361
304 0.665382 0.538657 0.00210726
305 0.675187 0.53547 0.00205624
306 0.675187 0.535172 0.00197517
307 0.675187 0.534791 0.00157154
308 0.675187 0.532432 0.00193535
309 0.675187 0.522226 0.00227981
310 0.675187 0.529704 0.0020884
311 0.675187 0.527763 0.00207978
312 0.675187 0.53226 0.00241219
313 0.675187 0.52939 0.00190697
314 0.675187 0.530373 0.00221607
315 0.675187 0.529466 0.0021797
316 0.675187 0.531285 0.00211726
317 0.675187 0.531194 0.00207514
318 0.675187 0.526737 0.00201185
319 0.675187 0.530639 0.00202658
320 0.675187 0.528107 0.00209808
321 0.675187 0.532434 0.00204016
322 0.675187 0.534335 0.0022013
323 0.675187 0.535587 0.00230748
324 0.675187 0.535071 0.00200338
325 0.675187 0.527825 0.00190529
326 0.675187 0.532218 0.00184341
327 0.675187 0.533261 0.00248329
328 0.675187 0.529909 0.00198328
329 0.675187 0.535038 0.00228661
330 0.675187 0.538375 0.00223945
331 0.675187 0.531294 0.00225966
332 0.675187 0.533758 0.00219745
333 0.675187 0.532821 0.00234155
334 0.675187 0.52836 0.00234045
335 0.675187 0.534086 0.00212316
336 0.675187 0.530578 0.00201351
337 0.675187 0.532801 0.00250504
338 0.675187 0.531974 0.00196834
339 0.675187 0.528744 0.00191275
340 0.675187 0.533236 0.00215077
341 0.675187 0.54006 0.00219424
342 0.675187 0.53823 0.0020377
343 0.675187 0.530939 0.00188276
344 0.675187 0.534053 0.00214397
345 0.675187 0.541295 0.00206722
346 0.675187 0.535474 0.00218861
347 0.675187 0.540929 0.00197187
348 0.675187 0.539855 0.00190953
349 0.675187 0.533111 0.00208583
350 0.675187 0.533572 0.0020066
351 0.675187 0.533335 0.00201027
352 0.675187 0.539094 0.00211937
353 0.675187 0.532289 0.00214308
354 0.675187 0.528246 0.00222127
355 0.675187 0.53001 0.0026831
356 0.675187 0.534987 0.00216162
357 0.675187 0.532242 0.00230951
358 0.675187 0.533603 0.00193339
359 0.675187 0.529709 0.00221152
360 0.675187 0.536425 0.00225747
361 0.675187 0.533388 0.00217435
362 0.675187 0.534366 0.00226423
363 0.675187 0.534385 0.0023647
364 0.675187 0.535585 0.00235113
365 0.675187 0.541774 0.00191223
366 0.675187 0.540026 0.00210611
367 0.675187 0.534395 0.00171119
368 0.675187 0.534803 0.00168446
369 0.675187 0.540212 0.00184062
370 0.675187 0.535064 0.00193667
371 0.675187 0.530734 0.00215075
372 0.675187 0.533602 0.00187123
373 0.675187 0.528924 0.0019491
374 0.675187 0.538294 0.0018828
375 0.675187 0.532793 0.00205502
376 0.675187 0.531093 0.00226837
377 0.675187 0.535964 0.00200287
378 0.675187 0.527847 0.00196285
379 0.675187 0.53037 0.00222287
380 0.675187 0.530538 0.00230031
381 0.675187 0.535623 0.00191821
382 0.675187 0.533819 0.00211078
383 0.675187 0.535977 0.00228546
384 0.675187 0.533314 0.00217232
385 0.675187 0.536434 0.00204578
386 0.675187 0.534894 0.00221305
387 0.675187 0.541299 0.00252008
388 0.675187 0.536257 0.00233485
389 0.675187 0.531627 0.00221347
390 0.675187 0.539099 0.00198191
391 0.675187 0.536783 0.00212018
392 0.675187 0.532064 0.0020989
393 0.675187 0.532237 0.00249897
394 0.675187 0.533695 0.00209254
395 0.675187 0.543805 0.00175797
396 0.675187 0.536865 0.00194311
397 0.675187 0.531903 0.00217669
398 0.675187 0.533045 0.00216263
399 0.675187 0.534548 0.00210733
400 0.675187 0.536314 0.00190047
401 0.675187 0.534018 0.00186503
402 0.675187 0.53123 0.00212216
403 0.675187 0.533755 0.00212969
404 0.675187 0.534689 0.00189802
405 0.675187 0.537206 0.00215511
406 0.675187 0.529684 0.00200922
407 0.675187 0.533746 0.00220264
408 0.675187 0.530177 0.00203033
409 0.675187 0.541454 0.00189231
410 0.675187 0.532571 0.00222985
411 0.675187 0.534439 0.00220506
412 0.675187 0.535501 0.00245617
413 0.675187 0.530301 0.00189926
414 0.675187 0.533218 0.00202157
415 0.675187 0.535559 0.00225562
416 0.675187 0.534129 0.00212673
417 0.675187 0.534822 0.00172929
418 0.675187 0.53567 0.00179355
419 0.675187 0.536267 0.00236847
420 0.675187 0.533256 0.00157556
421 0.675187 0.534573 0.00196327
422 0.675187 0.533358 0.00175211
423 0.675187 0.533925 0.00197675
424 0.675187 0.53562 0.00185059
425 0.675187 0.535439 0.00191914
426 0.675187 0.524019 0.00198584
427 0.675187 0.53142 0.00173752
428 0.675187 0.531597 0.00233089
429 0.675187 0.53521 0.00201808
430 0.675187 0.535701 0.00225807
431 0.675187 0.53741 0.00161834
432 0.675187 0.533514 0.00192624
433 0.675187 0.532589 0.00228093
434 0.675187 0.530764 0.00185058
435 0.675187 0.540423 0.00153752
436 0.675187 0.535275 0.00221412
437 0.675187 0.531962 0.00188975
438 0.675187 0.539247 0.00176341
439 0.675187 0.535984 0.00209842
440 0.675187 0.544226 0.00259868
441 0.675187 0.533414 0.00221281
442 0.675187 0.53677 0.00189864
443 0.675187 0.533426 0.00219805
444 0.675187 0.53584 0.00185018
445 0.675187 0.535474 0.0019426
446 0.675187 0.534683 0.00232317
447 0.675187 0.528719 0.00246446
448 0.675187 0.534579 0.00181589
449 0.675187 0.54008 0.00188886
450 0.675187 0.537135 0.00202137
451 0.675187 0.53642 0.00196259
452 0.675187 0.534313 0.00206614
453 0.675187 0.54111 0.00180592
454 0.675187 0.533309 0.00186819
455 0.675187 0.531741 0.00194575
456 0.675187 0.534728 0.00248573
457 0.675187 0.535037 0.00207321
458 0.675187 0.536212 0.00197698
459 0.675187 0.53041 0.00237404
460 0.675187 0.540968 0.0017936
461 0.675187 0.534173 0.00171579
462 0.675187 0.534502 0.00177497
463 0.675187 0.535131 0.00183405
464 0.675187 0.531109 0.00225827
465 0.675187 0.538078 0.00224358
466 0.675187 0.534617 0.0021601
467 0.675187 0.533075 0.00229838
468 0.675187 0.532083 0.00204776
469 0.675187 0.538146 0.0019301
470 0.675187 0.534418 0.00207746
471 0.675187 0.529703 0.00199948
472 0.675187 0.537083 0.00191693
473 0.675187 0.532879 0.0018553
474 0.675187 0.534577 0.00224668
475 0.675187 0.537097 0.00186064
476 0.675187 0.540097 0.00224426
477 0.675187 0.539264 0.00195442
478 0.675187 0.535527 0.00211065
479 0.675187 0.536978 0.00182579
480 0.675187 0.535558 0.00203405
481 0.675187 0.540904 0.0019491
482 0.675187 0.54078 0.00206206
483 0.675187 0.539629 0.00201635
484 0.675187 0.537852 0.00235212
485 0.675187 0.541823 0.00213702
486 0.675187 0.543996 0.00206852
487 0.675187 0.541167 0.00206051
488 0.675187 0.542298 0.0019361
489 0.675187 0.53917 0.00199446
490 0.675187 0.537753 0.0024049
491 0.675187 0.534233 0.00220871
492 0.675187 0.536884 0.0018367
493 0.675187 0.531904 0.00212132
494 0.675187 0.539417 0.00197799
495 0.675187 0.538632 0.00197335
496 0.675187 0.538005 0.00187686
497 0.675187 0.542103 0.00189375
498 0.675187 0.543236 0.00192182
499 0.675187 0.542627 0.00222989
500 0.675187 0.534364 0.00190377
501 0.675187 0.53659 0.00192739
502 0.675187 0.542006 0.0016829
503 0.675187 0.539255 0.00185814
504 0.675187 0.533743 0.0021623
505 0.675187 0.527712 0.00260381
506 0.675187 0.539624 0.0021589
507 0.675187 0.533942 0.00224897
508 0.675187 0.539365 0.0019955
509 0.675187 0.54012 0.00200414
510 0.675187 0.533961 0.00188802
511 0.675187 0.542996 0.00221431
512 0.675187 0.533076 0.00221757
513 0.675187 0.529992 0.00206991
514 0.675187 0.533954 0.00187159
515 0.675187 0.535712 0.0022424
516 0.675187 0.536306 0.00213126
517 0.675187 0.536366 0.00203031
518 0.675187 0.529502 0.00218515
519 0.675187 0.538228 0.00228769
520 0.675187 0.534957 0.0022932
521 0.675187 0.535113 0.00189223
522 0.675187 0.533448 0.00216201
523 0.675187 0.534592 0.00203065
524 0.675187 0.541538 0.0020805
525 0.675187 0.535563 0.00191007
526 0.675187 0.538098 0.00211277
527 0.675187 0.540802 0.00226821
528 0.675187 0.542776 0.0018375
529 0.675187 0.531435 0.00192474
530 0.675187 0.531604 0.00212037
531 0.675187 0.533337 0.00209855
532 0.675187 0.533766 0.00230071
533 0.675187 0.536958 0.00186331
534 0.675187 0.534677 0.00241357
535 0.675187 0.531403 0.00196942
536 0.675187 0.534851 0.00212335
537 0.675187 0.536116 0.00191387
538 0.675187 0.534586 0.00218597
539 0.675187 0.536025 0.00221146
540 0.675187 0.537977 0.0019826
541 0.675187 0.540363 0.0019431
542 0.675187 0.534501 0.00214767
543 0.675187 0.540137 0.00196188
544 0.675187 0.529564 0.00246906
545 0.675187 0.533712 0.00181242
546 0.675187 0.534699 0.0022855
547 0.675187 0.534148 0.00226778
548 0.675187 0.539497 0.00186055
549 0.675187 0.533937 0.00175488
550 0.675187 0.532947 0.00215333
551 0.675187 0.539465 0.00201265
552 0.675187 0.535826 0.00219328
553 0.675187 0.534102 0.00186165
554 0.675187 0.533148 0.00202134
555 0.675187 0.532437 0.00219171
556 0.675187 0.534298 0.0023318
557 0.675187 0.532188 0.00227211
558 0.675187 0.539839 0.00198716
559 0.675187 0.540227 0.00192135
560 0.675187 0.532927 0.00195495
561 0.675187 0.535224 0.00217219
562 0.675187 0.537248 0.00198906
563 0.675187 0.529325 0.00230297
564 0.675187 0.537461 0.00164239
565 0.675187 0.535281 0.00192153
566 0.675187 0.537323 0.00180006
567 0.675187 0.529911 0.00183451
568 0.675187 0.531635 0.00218471
569 0.675187 0.532877 0.00223083
570 0.675187 0.53107 0.00197809
571 0.675187 0.544276 0.00212707
572 0.675187 0.530408 0.00247446
573 0.675187 0.532117 0.00232239
574 0.675187 0.535182 0.00221016
575 0.675187 0.540852 0.0021414
576 0.675187 0.539048 0.00230485
577 0.675187 0.534503 0.00176954
578 0.675187 0.528772 0.00228014
579 0.675187 0.538968 0.00243304
580 0.675187 0.534008 0.00184601
581 0.675187 0.538392 0.00232181
582 0.675187 0.538985 0.00188101
583 0.675187 0.541063 0.00207043
584 0.675187 0.536439 0.00179605
585 0.676647 0.53543 0.00263944
586 0.676647 0.539659 0.00207724
587 0.676647 0.538296 0.0021077
588 0.676647 0.536951 0.00183789
589 0.676647 0.534416 0.00216478
590 0.676647 0.53836 0.00229456
591 0.676647 0.538852 0.00194451
592 0.676647 0.537236 0.00190089
593 0.676647 0.534277 0.00216431
594 0.676647 0.54053 0.00190114
595 0.676647 0.544531 0.00207212
596 0.676647 0.533289 0.00232431
597 0.676647 0.538996 0.00218155
598 0.676647 0.540693 0.00203685
599 0.676647 0.539587 0.00175227
600 0.676647 0.538772 0.00215833
601 0.676647 0.542839 0.00187858
602 0.676647 0.534053 0.00192831
603 0.676647 0.537742 0.00230815
604 0.676647 0.536779 0.00206918
605 0.676647 0.539054 0.00200639
606 0.676647 0.538391 0.00212593
607 0.676647 0.536997 0.00219371
608 0.676647 0.544766 0.00186423
609 0.676647 0.539617 0.00199093
610 0.676647 0.535893 0.00226421
611 0.676647 0.541208 0.00202084
612 0.676647 0.534536 0.00230383
613 0.676647 0.533574 0.0019526
614 0.676647 0.535538 0.00239825
615 0.676647 0.534409 0.00215126
616 0.676647 0.537848 0.00246
617 0.676647 0.537815 0.00199703
618 0.676647 0.535445 0.00221217
619 0.676647 0.539906 0.00204339
620 0.676647 0.537545 0.00201757
621 0.676647 0.538946 0.00213737
622 0.676647 0.534127 0.0021077
623 0.676647 0.535623 0.00250303
624 0.676647 0.540147 0.00212867
625 0.676647 0.538333 0.00207296
626 0.676647 0.538427 0.00226938
627 0.676647 0.533313 0.00252403
628 0.676647 0.528993 0.00218388
629 0.676647 0.528521 0.00226218
630 0.676647 0.537205 0.00210648
631 0.676647 0.541671 0.00239631
632 0.676647 0.535993 0.00200393
633 0.676647 0.536526 0.00209154
634 0.676647 0.535225 0.00226991
635 0.676647 0.535488 0.00173474
636 0.676647 0.534004 0.0020193
637 0.676647 0.543304 0.00216166
638 0.676647 0.531832 0.0020199
639 0.676647 0.538578 0.0023896
640 0.676647 0.528549 0.00271441
641 0.676647 0.532901 0.00217128
642 0.676647 0.533281 0.00208512
643 0.676647 0.527069 0.00237585
644 0.676647 0.536415 0.00183938
645 0.676647 0.534998 0.00202045
646 0.676647 0.531223 0.00238171
647 0.676647 0.537597 0.00201651
648 0.676647 0.535135 0.00196697
649 0.676647 0.533279 0.00215459
650 0.676647 0.534586 0.00191771
651 0.676647 0.536951 0.00206031
652 0.676647 0.535842 0.00191261
653 0.676647 0.533979 0.00184763
654 0.679055 0.536377 0.00245204
655 0.679055 0.530415 0.00236614
656 0.679055 0.530513 0.00207054
657 0.679055 0.53236 0.00231773
658 0.679055 0.53212 0.00232495
659 0.679055 0.53781 0.00188395
660 0.679055 0.536127 0.00255078
661 0.679055 0.530949 0.00268166
662 0.679055 0.5328 0.00200215
663 0.679055 0.537938 0.00190698
664 0.679055 0.529485 0.00228455
665 0.679055 0.5308 0.00221176
666 0.679055 0.538929 0.0021278
667 0.679055 0.533657 0.0023714
668 0.679055 0.534633 0.00237266
669 0.679055 0.533784 0.0020354
670 0.679055 0.536744 0.0023743
671 0.679055 0.534239 0.0020715
672 0.679055 0.53781 0.00189727
673 0.679055 0.52761 0.00246898
674 0.679055 0.540674 0.00221294
675 0.679055 0.538544 0.00192717
676 0.679055 0.537558 0.00206656
677 0.679055 0.540879 0.00208
678 0.679055 0.544742 0.00204084
679 0.679055 0.534767 0.00215275
680 0.679055 0.532938 0.00233444
681 0.679055 0.539944 0.00204293
682 0.679055 0.53932 0.00229982
683 0.679055 0.538586 0.00210536
684 0.679055 0.534104 0.00205196
685 0.679055 0.541458 0.00242636
686 0.679055 0.537086 0.00200967
687 0.679055 0.534146 0.00225898
688 0.679055 0.539923 0.00220607
689 0.679055 0.540554 0.00203066
690 0.679055 0.536315 0.00252755
691 0.679055 0.537001 0.00179951
692 0.679055 0.537332 0.00209909
693 0.679055 0.534165 0.00174668
694 0.679055 0.537309 0.00223667
695 0.679055 0.53343 0.00187464
696 0.679055 0.540115 0.00204051
697 0.679055 0.535659 0.00223366
698 0.679055 0.537992 0.00238211
699 0.679055 0.537197 0.00217668
700 0.679055 0.541811 0.00203234
701 0.679055 0.532015 0.00201452
702 0.679055 0.535226 0.00246692
703 0.679055 0.537252 0.00217681
704 0.679055 0.538458 0.00224152
705 0.679055 0.543757 0.00251066
706 0.679055 0.534485 0.00207498
707 0.679055 0.540648 0.00214112
708 0.679055 0.537696 0.00215957
709 0.679055 0.538775 0.00170931
710 0.679055 0.541124 0.00192805
711 0.679055 0.541223 0.00197362
712 0.679055 0.535802 0.00216655
713 0.679055 0.534872 0.00205757
714 0.679055 0.537456 0.00189249
715 0.679055 0.545216 0.00227551
716 0.679055 0.53568 0.00229818
717 0.679055 0.535626 0.00227123
718 0.679055 0.538227 0.00207872
719 0.679055 0.538 0.00203031
720 0.679055 0.535343 0.00233439
721 0.679055 0.53497 0.00234896
722 0.679055 0.5428 0.00247229
723 0.679055 0.539288 0.00229309
724 0.679055 0.542489 0.00224024
725 0.679055 0.537083 0.00257525
726 0.679055 0.539061 0.00207358
727 0.679055 0.538918 0.00188107
728 0.679055 0.542187 0.00259307
729 0.679055 0.538292 0.00205969
730 0.679055 0.539065 0.00200303
731 0.679055 0.539445 0.00248325
732 0.679055 0.534856 0.00222017
733 0.679055 0.529987 0.00202499
734 0.679055 0.536057 0.00166573
735 0.679055 0.536631 0.00214181
736 0.679055 0.540405 0.00233828
737 0.679055 0.534534 0.00253146
738 0.679055 0.537516 0.00240873
739 0.679055 0.538766 0.00205993
740 0.679055 0.537594 0.00216288
741 0.679055 0.542168 0.00222149
742 0.679055 0.538155 0.00198768
743 0.679055 0.539945 0.00245231
744 0.679055 0.535257 0.00243522
745 0.679055 0.541929 0.00230533
746 0.679055 0.537056 0.00213961
747 0.679055 0.535515 0.00240553
748 0.679055 0.53217 0.00222342
749 0.679055 0.535378 0.00205418
750 0.679055 0.53485 0.00199962
751 0.681053 0.541945 0.00208938
752 0.691927 0.537067 0.00241824
753 0.691927 0.534123 0.00238961
754 0.691927 0.536025 0.00223265
755 0.691927 0.534015 0.00233594
756 0.691927 0.536621 0.00214831
757 0.691927 0.54028 0.00240545
758 0.691927 0.540196 0.00242087
759 0.691927 0.537276 0.00225314
760 0.691927 0.544043 0.00229196
761 0.691927 0.548879 0.0022856
762 0.691927 0.537058 0.00232329
763 0.691927 0.53906 0.00217335
764 0.691927 0.540074 0.00217253
765 0.691927 0.541863 0.00233694
766 0.691927 0.538516 0.00244657
767 0.691927 0.539008 0.00227456
768 0.691927 0.546337 0.00252019
769 0.691927 0.54189 0.00247421
770 0.691927 0.537262 0.00251881
771 0.691927 0.534086 0.002533
772 0.691927 0.546582 0.00217465
773 0.691927 0.544636 0.00250675
774 0.691927 0.542637 0.0021082
775 0.691927 0.538406 0.00256908
776 0.691927 0.543274 0.00237068
777 0.691927 0.544129 0.00273124
778 0.691927 0.545035 0.00242856
779 0.691927 0.547418 0.00234612
780 0.696245 0.544698 0.00248648
781 0.696245 0.54361 0.00208889
782 0.696245 0.541113 0.001974
783 0.696245 0.535827 0.0024496
784 0.696245 0.538077 0.00243629
785 0.696245 0.547801 0.00200529
786 0.696245 0.541064 0.00183214
787 0.696245 0.541159 0.00245678
788 0.696245 0.537356 0.00312439
789 0.696245 0.54927 0.00299802
790 0.696245 0.546506 0.0023025
791 0.696245 0.538235 0.00260415
792 0.696245 0.53709 0.00230508
793 0.696245 0.548735 0.00225476
794 0.696245 0.551879 0.00260366
795 0.696245 0.542922 0.00237046
796 0.696245 0.551071 0.00242554
797 0.696245 0.546984 0.002693
798 0.698614 0.545804 0.00297533
799 0.698614 0.552067 0.00260059
800 0.698614 0.548397 0.00255278
801 0.698614 0.549394 0.00250746
802 0.698614 0.545717 0.00258567
803 0.698614 0.547835 0.00227243
804 0.698614 0.546607 0.00261987
805 0.698614 0.544419 0.00249744
806 0.698614 0.550601 0.00268711
807 0.698614 0.541528 0.00242467
808 0.698614 0.54735 0.00223606
809 0.698614 0.55262 0.00222274
810 0.698614 0.547258 0.00237351
811 0.698614 0.557701 0.00230472
812 0.698614 0.551259 0.00260549
813 0.698614 0.549617 0.00246542
814 0.698614 0.548083 0.00281341
815 0.698614 0.546321 0.00256329
816 0.698614 0.546684 0.00262087
817 0.698614 0.551463 0.00250255
818 0.709099 0.555588 0.00263385
819 0.709099 0.553745 0.00235105
820 0.709099 0.546174 0.00225062
821 0.709099 0.555567 0.00213745
822 0.709099 0.553276 0.00221921
823 0.709099 0.555765 0.00258977
824 0.709099 0.550766 0.00282114
825 0.709099 0.555457 0.00239871
826 0.709099 0.55213 0.00227657
827 0.709099 0.55617 0.00273706
828 0.709099 0.559101 0.0024217
829 0.709099 0.552727 0.00293363
830 0.709099 0.553396 0.00255884
831 0.709099 0.546205 0.00218447
832 0.709099 0.552662 0.00228672
833 0.709099 0.552371 0.00217689
834 0.709099 0.554613 0.00256361
835 0.709099 0.550638 0.00224289
836 0.709099 0.552566 0.00235561
837 0.709099 0.553483 0.00218629
838 0.709099 0.552207 0.00253006
839 0.709099 0.552427 0.0027036
840 0.709099 0.550018 0.00278919
841 0.709099 0.545265 0.00299418
842 0.709099 0.544011 0.00248538
843 0.709099 0.550235 0.00234091
844 0.709099 0.549804 0.00247753
845 0.709099 0.549198 0.0028409
846 0.709099 0.552844 0.00223209
847 0.709099 0.547688 0.00255726
848 0.709099 0.554678 0.00239558
849 0.709099 0.549649 0.00222092
850 0.709099 0.545779 0.00212238
851 0.709099 0.550912 0.00290613
852 0.709099 0.552417 0.0022667
853 0.709099 0.552985 0.00264513
854 0.709099 0.552435 0.00243622
855 0.709099 0.559687 0.00241004
856 0.709099 0.554888 0.00268131
857 0.709099 0.552838 0.00236233
858 0.709099 0.550239 0.00249068
859 0.709099 0.551807 0.00264942
860 0.709099 0.554504 0.00247939
861 0.709099 0.549488 0.00249926
862 0.709099 0.546605 0.00270434
863 0.709099 0.546568 0.00250141
864 0.709099 0.562226 0.00214119
865 0.709099 0.555891 0.00226356
866 0.709099 0.55381 0.0022093
867 0.709099 0.5519 0.00235133
868 0.709099 0.546666 0.00267133
869 0.709099 0.544609 0.00231634
870 0.709099 0.543253 0.0027402
871 0.709099 0.550106 0.00254874
872 0.709099 0.555262 0.00266955
873 0.709099 0.550675 0.00253206
874 0.709099 0.55296 0.00267074
875 0.709099 0.550337 0.00237207
876 0.709099 0.552571 0.00282342
877 0.709099 0.549347 0.00302741
878 0.709099 0.547569 0.00287235
879 0.709099 0.548351 0.0028022
880 0.709099 0.546489 0.00258057
881 0.709099 0.547756 0.00242835
882 0.709099 0.54033 0.00312562
883 0.713986 0.546822 0.00296773
884 0.713986 0.540789 0.00249216
885 0.713986 0.55163 0.00329843
886 0.713986 0.550638 0.00319956
887 0.713986 0.551244 0.0024487
888 0.713986 0.550559 0.00239267
889 0.713986 0.545545 0.0026676
890 0.713986 0.545769 0.00244153
891 0.713986 0.549976 0.00262253
892 0.713986 0.554458 0.00231118
893 0.713986 0.553372 0.0028592
894 0.713986 0.556728 0.00247115
895 0.713986 0.551665 0.0024838
896 0.713986 0.548684 0.00234565
897 0.713986 0.553481 0.00248828
898 0.713986 0.549579 0.00280045
899 0.713986 0.549465 0.0025289
900 0.713986 0.549833 0.00255438
901 0.713986 0.555828 0.00265964
902 0.713986 0.549076 0.00244597
903 0.713986 0.549785 0.00272615
904 0.713986 0.544591 0.00316324
905 0.713986 0.553537 0.00242173
906 0.713986 0.551966 0.00240914
907 0.713986 0.555275 0.00219877
908 0.713986 0.547533 0.00239689
909 0.713986 0.54795 0.00302541
910 0.713986 0.548447 0.00253162
911 0.713986 0.549326 0.00260005
912 0.713986 0.549755 0.00245291
913 0.713986 0.548913 0.00257319
914 0.713986 0.556277 0.00241318
915 0.713986 0.548213 0.00217997
916 0.713986 0.545776 0.00293386
917 0.713986 0.543011 0.00285456
918 0.713986 0.553002 0.00307931
919 0.713986 0.544031 0.00300603
920 0.713986 0.549027 0.00300605
921 0.713986 0.552553 0.00275766
922 0.713986 0.547945 0.00272286
923 0.713986 0.546208 0.00251006
924 0.713986 0.545603 0.00311304
925 0.713986 0.548306 0.00246454
926 0.713986 0.550674 0.00287054
927 0.713986 0.550222 0.00246107
928 0.713986 0.54974 0.00263906
929 0.713986 0.542115 0.00277047
930 0.713986 0.544394 0.00291067
931 0.713986 0.547409 0.00250958
932 0.713986 0.546277 0.00284761
933 0.713986 0.551654 0.00263435
934 0.713986 0.546019 0.00239911
935 0.713986 0.54692 0.0027361
936 0.713986 0.549366 0.00318244
937 0.713986 0.549286 0.00250966
938 0.713986 0.549422 0.00258542
939 0.713986 0.552691 0.00241284
940 0.713986 0.557115 0.0026328
941 0.713986 0.557109 0.0024023
942 0.713986 0.547548 0.00254826
943 0.713986 0.548635 0.00236174
944 0.713986 0.550719 0.00291997
945 0.713986 0.547156 0.0026759
946 0.713986 0.547867 0.00267944
947 0.713986 0.552572 0.00286655
948 0.713986 0.549272 0.00218011
949 0.713986 0.549497 0.00294724
950 0.713986 0.55327 0.00294135
951 0.713986 0.547552 0.00318072
952 0.713986 0.540365 0.00278129
953 0.713986 0.54279 0.00289963
954 0.713986 0.547709 0.00285919
955 0.713986 0.544945 0.00308637
956 0.713986 0.542532 0.00267801
957 0.713986 0.547155 0.00246786
958 0.713986 0.547749 0.00291719
959 0.713986 0.547727 0.00278448
960 0.713986 0.55029 0.00263631
961 0.713986 0.551363 0.00261457
962 0.713986 0.557137 0.0025353
963 0.713986 0.552643 0.00248794
964 0.713986 0.550669 0.00286376
965 0.713986 0.553528 0.00330067
966 0.713986 0.540994 0.0028322
967 0.713986 0.550866 0.00252384
968 0.713986 0.545927 0.00281097
969 0.713986 0.554925 0.00289997
970 0.713986 0.543926 0.00302515
971 0.713986 0.548334 0.00224878
972 0.713986 0.548891 0.00296159
973 0.713986 0.54818 0.00253223
974 0.713986 0.540035 0.0027597
975 0.713986 0.541656 0.00240007
976 0.713986 0.546711 0.00259744
977 0.713986 0.549931 0.00230005
978 0.713986 0.548681 0.00271938
979 0.713986 0.545932 0.0023687
980 0.713986 0.555162 0.00254817
981 0.713986 0.551673 0.00239679
982 0.713986 0.554111 0.00267894
983 0.713986 0.550084 0.0023245
984 0.713986 0.550166 0.00224863
985 0.713986 0.53976 0.00288504
986 0.713986 0.544531 0.00247066
987 0.713986 0.554748 0.00233256
988 0.713986 0.553672 0.00233036
989 0.713986 0.546631 0.00217177
990 0.713986 0.545865 0.00305045
991 0.713986 0.543099 0.00281933
992 0.713986 0.545331 0.00300892
993 0.713986 0.542156 0.00272675
994 0.713986 0.543959 0.00256007
995 0.713986 0.545352 0.00241886
996 0.713986 0.545598 0.0023629
997 0.713986 0.545203 0.00260294
998 0.713986 0.54036 0.00290313
999 0.713986 0.547153 0.00235133
1000 0.713986 0.549283 0.00279912
1001 0.713986 0.549099 0.00247872
1002 0.713986 0.546391 0.0026261
1003 0.713986 0.55684 0.00278954
1004 0.713986 0.558786 0.00255321
1005 0.713986 0.549603 0.00281767
1006 0.713986 0.549177 0.00269452
1007 0.713986 0.547666 0.00290999
1008 0.713986 0.548912 0.00297379
1009 0.713986 0.544269 0.00320681
1010 0.713986 0.5442 0.00287431
1011 0.713986 0.544738 0.00274536
1012 0.713986 0.551374 0.00209962
1013 0.713986 0.547607 0.00226807
1014 0.713986 0.546202 0.00260468
1015 0.713986 0.54356 0.00261049
1016 0.713986 0.54937 0.00260935
1017 0.713986 0.538937 0.00273908
1018 0.713986 0.547741 0.00266494
1019 0.713986 0.5454 0.00287129
1020 0.713986 0.551449 0.0026206
1021 0.713986 0.545998 0.00275019
1022 0.713986 0.544106 0.00244041
1023 0.713986 0.543273 0.00269008
1024 0.713986 0.538236 0.00266555
1025 0.713986 0.540555 0.00267254
1026 0.713986 0.540028 0.00251272
1027 0.713986 0.540174 0.00245355
1028 0.713986 0.538498 0.00249516
1029 0.713986 0.548549 0.0026164
1030 0.713986 0.555079 0.00240533
1031 0.713986 0.552129 0.0022756
1032 0.713986 0.549077 0.00250291
1033 0.713986 0.546312 0.00240204
1034 0.713986 0.549795 0.00242874
1035 0.713986 0.549051 0.00258262
1036 0.713986 0.546788 0.00291318
1037 0.713986 0.546011 0.00257969
1038 0.713986 0.546172 0.002538
1039 0.713986 0.545477 0.00283931
1040 0.713986 0.549351 0.00287439
1041 0.713986 0.547247 0.00250197
1042 0.713986 0.550272 0.00238259
1043 0.713986 0.550551 0.00244973
1044 0.713986 0.550054 0.00259478
1045 0.713986 0.552048 0.00233247
1046 0.713986 0.550389 0.00278453
1047 0.713986 0.552771 0.00246158
1048 0.713986 0.540231 0.00279623
1049 0.713986 0.547807 0.00241609
1050 0.713986 0.543755 0.002499
1051 0.713986 0.547666 0.00253479
1052 0.713986 0.545892 0.00246949
1053 0.713986 0.542917 0.00236875
1054 0.713986 0.546245 0.00260609
1055 0.713986 0.547734 0.00267495
1056 0.713986 0.543272 0.00281798
1057 0.713986 0.544042 0.00337891
1058 0.713986 0.552058 0.00284916
1059 0.713986 0.548659 0.00259653
1060 0.713986 0.54735 0.00296951
1061 0.713986 0.548388 0.00259797
1062 0.713986 0.547441 0.00284335
1063 0.713986 0.552154 0.00288738
1064 0.713986 0.543885 0.00254427
1065 0.713986 0.547228 0.00243718
1066 0.713986 0.551917 0.00246932
1067 0.713986 0.553431 0.00247938
1068 0.713986 0.552346 0.00242518
1069 0.713986 0.552946 0.00279358
1070 0.713986 0.539924 0.00327812
1071 0.713986 0.541656 0.00261135
1072 0.713986 0.54672 0.00219062
1073 0.713986 0.547807 0.00265214
1074 0.713986 0.541895 0.00281908
1075 0.713986 0.543215 0.0030358
1076 0.713986 0.542497 0.0023984
1077 0.713986 0.549993 0.00283601
1078 0.713986 0.553792 0.00249945
1079 0.713986 0.545464 0.0024105
1080 0.713986 0.555658 0.00207813
1081 0.713986 0.551996 0.00252945
1082 0.713986 0.548189 0.00233902
1083 0.713986 0.548391 0.00235046
1084 0.713986 0.550864 0.00257291
1085 0.713986 0.5453 0.00236873
1086 0.713986 0.551328 0.00232271
1087 0.713986 0.546637 0.00243382
1088 0.713986 0.545388 0.00281701
1089 0.713986 0.548221 0.00262979
1090 0.713986 0.549994 0.00299216
1091 0.713986 0.550804 0.00293686
1092 0.713986 0.545757 0.00287777
1093 0.713986 0.558194 0.00289628
1094 0.713986 0.54741 0.00244052
1095 0.713986 0.544465 0.0025955
1096 0.713986 0.538419 0.00269862
1097 0.713986 0.547394 0.00295239
1098 0.713986 0.550639 0.00249448
1099 0.713986 0.546086 0.00303031
1100 0.713986 0.547278 0.00311265
1101 0.713986 0.54626 0.00247319
1102 0.713986 0.548343 0.00274791
1103 0.713986 0.545228 0.00255606
1104 0.713986 0.543014 0.00291939
1105 0.713986 0.539867 0.00275759
1106 0.713986 0.541545 0.00268331
1107 0.713986 0.549672 0.00226754
1108 0.713986 0.548029 0.00250001
1109 0.713986 0.54205 0.00257672
1110 0.713986 0.55064 0.00230975
1111 0.713986 0.541196 0.00227251
1112 0.713986 0.551882 0.00234184
1113 0.713986 0.550014 0.00292367
1114 0.713986 0.546287 0.00283269
1115 0.713986 0.54826 0.00272585
1116 0.713986 0.550195 0.0026636
1117 0.713986 0.548748 0.00244581
1118 0.713986 0.546328 0.002737
1119 0.713986 0.550641 0.00240773
1120 0.713986 0.554466 0.00268625
1121 0.713986 0.555264 0.00257078
1122 0.713986 0.545227 0.00270765
1123 0.713986 0.548145 0.00279465
1124 0.713986 0.546689 0.00282728
1125 0.718857 0.549373 0.0029224
1126 0.718857 0.543998 0.00262534
1127 0.718857 0.550598 0.00223102
1128 0.718857 0.553473 0.00221372
1129 0.718857 0.554163 0.00239175
1130 0.718857 0.553055 0.00289645
1131 0.718857 0.551887 0.00248047
1132 0.718857 0.550481 0.00308143
1133 0.718857 0.554715 0.00278763
1134 0.718857 0.552096 0.00258634
1135 0.718857 0.556269 0.00226688
1136 0.718857 0.550231 0.00251972
1137 0.718857 0.547051 0.00274765
1138 0.718857 0.542986 0.00256317
1139 0.718857 0.545897 0.00267644
1140 0.718857 0.552521 0.00243876
1141 0.718857 0.549933 0.00294707
1142 0.718857 0.542993 0.00303113
1143 0.718857 0.543332 0.00296133
1144 0.718857 0.544481 0.00310065
1145 0.718857 0.545096 0.00261643
1146 0.718857 0.546761 0.00276536
1147 0.718857 0.549803 0.00266586
1148 0.718857 0.542297 0.00251089
1149 0.718857 0.547202 0.00271614
1150 0.718857 0.549647 0.00252538
1151 0.718857 0.549201 0.00262643
1152 0.718857 0.553946 0.00230655
1153 0.718857 0.548366 0.00241409
1154 0.718857 0.549948 0.00265777
1155 0.718857 0.5498 0.00256261
1156 0.718857 0.548796 0.00282164
1157 0.718857 0.55388 0.0024786
1158 0.718857 0.551677 0.00229575
1159 0.718857 0.553125 0.00304052
1160 0.718857 0.543595 0.00277604
1161 0.718857 0.543097 0.00330797
1162 0.718857 0.552641 0.00299423
1163 0.718857 0.548095 0.00245339
1164 0.718857 0.545661 0.00237717
1165 0.718857 0.543657 0.00261622
1166 0.718857 0.54559 0.00306129
1167 0.718857 0.550828 0.00268307
1168 0.718857 0.548459 0.00252046
1169 0.718857 0.557094 0.0026048
1170 0.718857 0.548486 0.00267572
1171 0.718857 0.540381 0.0026048
1172 0.718857 0.545433 0.00267166
1173 0.718857 0.546213 0.00255542
1174 0.718857 0.550329 0.00271117
1175 0.718857 0.553436 0.00277541
1176 0.718857 0.550747 0.00237572
1177 0.718857 0.547531 0.00285936
1178 0.718857 0.546098 0.00285684
1179 0.718857 0.546246 0.00277622
1180 0.718857 0.549638 0.00256587
1181 0.718857 0.549589 0.00255512
1182 0.718857 0.548115 0.00259823
1183 0.718857 0.547527 0.00272468
1184 0.718857 0.550905 0.00297427
1185 0.718857 0.545787 0.00280397
1186 0.718857 0.549967 0.0030019
1187 0.718857 0.543198 0.00263269
1188 0.718857 0.546688 0.00255121
1189 0.718857 0.544423 0.00230756
1190 0.718857 0.551135 0.00274237
1191 0.718857 0.547631 0.00283072
1192 0.718857 0.54973 0.00273328
1193 0.718857 0.547806 0.00259582
1194 0.718857 0.550892 0.00307206
1195 0.718857 0.543968 0.00279778
1196 0.718857 0.549329 0.00232829
1197 0.718857 0.542792 0.00271983
1198 0.718857 0.550913 0.00268629
1199 0.718857 0.553844 0.00277617
1200 0.718857 0.549518 0.00268776
1201 0.718857 0.544726 0.00284474
1202 0.718857 0.55079 0.00232892
1203 0.718857 0.545085 0.00245253
1204 0.718857 0.545664 0.00277535
1205 0.718857 0.548237 0.00280064
1206 0.718857 0.553172 0.00253179
1207 0.718857 0.546924 0.00281133
1208 0.718857 0.550724 0.00319562
1209 0.718857 0.546698 0.0026395
1210 0.718857 0.552728 0.00286824
1211 0.718857 0.552143 0.00268545
1212 0.718857 0.550446 0.00270757
1213 0.718857 0.54612 0.00254288
1214 0.718857 0.54785 0.00281917
1215 0.718857 0.548065 0.00247922
1216 0.718857 0.54879 0.00277558
1217 0.718857 0.554575 0.00254858
1218 0.718857 0.547772 0.00243976
1219 0.718857 0.550178 0.0028569
1220 0.718857 0.547129 0.00264793
1221 0.718857 0.552475 0.00271966
1222 0.718857 0.553219 0.00240295
1223 0.718857 0.552743 0.0029664
1224 0.718857 0.546283 0.00264455
1225 0.718857 0.546727 0.00272594
1226 0.718857 0.549926 0.00277032
1227 0.718857 0.551933 0.0026865
1228 0.718857 0.546075 0.00259491
1229 0.718857 0.547048 0.00299835
1230 0.718857 0.545516 0.00260114
1231 0.718857 0.542965 0.00294699
1232 0.718857 0.553967 0.0024396
1233 0.718857 0.547786 0.00274478
1234 0.718857 0.548856 0.00260465
1235 0.718857 0.556327 0.00271775
1236 0.718857 0.552077 0.0025669
1237 0.718857 0.545146 0.00284859
1238 0.718857 0.549251 0.00247507
1239 0.718857 0.545223 0.00248788
1240 0.718857 0.541404 0.00254134
1241 0.718857 0.542515 0.00253664
1242 0.718857 0.546864 0.00297628
1243 0.718857 0.542951 0.00238868
1244 0.718857 0.545057 0.00262903
1245 0.718857 0.545012 0.00279178
1246 0.718857 0.546343 0.00267506
1247 0.718857 0.544311 0.0028359
1248 0.718857 0.545645 0.00235583
1249 0.718857 0.546984 0.00254298
1250 0.718857 0.547829 0.00262535
1251 0.718857 0.542935 0.00273588
1252 0.718857 0.548608 0.00265315
1253 0.718857 0.551617 0.00257483
1254 0.718857 0.557415 0.00251696
1255 0.718857 0.547548 0.00226363
1256 0.718857 0.547791 0.00290428
1257 0.718857 0.549003 0.00256966
1258 0.718857 0.551993 0.00254215
1259 0.718857 0.540094 0.00251377
1260 0.718857 0.546551 0.00238446
1261 0.718857 0.542987 0.00273737
1262 0.718857 0.54765 0.00282068
1263 0.718857 0.542602 0.00275833
1264 0.718857 0.537261 0.00253938
1265 0.718857 0.542564 0.0026316
1266 0.718857 0.547932 0.0025147
1267 0.718857 0.546623 0.00281097
1268 0.718857 0.546167 0.00265295
1269 0.718857 0.543374 0.00305365
1270 0.718857 0.542031 0.00269215
1271 0.718857 0.54553 0.00226133
1272 0.718857 0.547729 0.00260129
1273 0.718857 0.546257 0.00284656
1274 0.718857 0.55044 0.00261932
1275 0.718857 0.547773 0.00254725
1276 0.718857 0.547745 0.0026837
1277 0.718857 0.547532 0.00272404
1278 0.718857 0.540505 0.00261514
1279 0.718857 0.552721 0.00265338
1280 0.718857 0.560258 0.00255815
1281 0.718857 0.548967 0.00254087
1282 0.718857 0.549816 0.00266636
1283 0.718857 0.547093 0.0026563
1284 0.718857 0.545765 0.00245628
1285 0.718857 0.541423 0.00254097
1286 0.718857 0.542385 0.00233161
1287 0.718857 0.547524 0.00261625
1288 0.718857 0.538834 0.00298409
1289 0.718857 0.54999 0.00253085
1290 0.718857 0.540528 0.00245561
1291 0.718857 0.547102 0.00266523
1292 0.718857 0.54419 0.00251737
1293 0.718857 0.552915 0.00245136
1294 0.718857 0.544697 0.00276123
1295 0.718857 0.552375 0.002582
1296 0.718857 0.547262 0.00226226
1297 0.718857 0.549536 0.00274442
1298 0.718857 0.543906 0.00258451
1299 0.718857 0.548313 0.00269488
1300 0.718857 0.544787 0.002802
1301 0.718857 0.54672 0.00253558
1302 0.718857 0.54169 0.00312533
1303 0.718857 0.547941 0.00290994
1304 0.718857 0.550644 0.00251316
1305 0.718857 0.550865 0.00246112
1306 0.718857 0.550869 0.00310644
1307 0.718857 0.547889 0.00283666
1308 0.718857 0.55489 0.00291252
1309 0.718857 0.543219 0.00295927
1310 0.718857 0.557883 0.00269028
1311 0.718857 0.550981 0.00242092
1312 0.718857 0.550958 0.00265238
1313 0.718857 0.547136 0.00251533
1314 0.718857 0.551858 0.00279119
1315 0.718857 0.546382 0.00256032
1316 0.718857 0.549246 0.00290636
1317 0.718857 0.548794 0.00236654
1318 0.718857 0.553693 0.00296271
1319 0.718857 0.553515 0.00280522
1320 0.718857 0.544858 0.00298598
1321 0.720473 0.548073 0.00306684
1322 0.720473 0.548908 0.0026314
1323 0.720473 0.550113 0.00278711
1324 0.720473 0.556834 0.002964
1325 0.720473 0.549777 0.00273383
1326 0.720473 0.550853 0.00271414
1327 0.720473 0.549897 0.00297034
1328 0.720473 0.558328 0.0026373
1329 0.720473 0.553077 0.00307666
1330 0.720473 0.551954 0.00218172
1331 0.720473 0.554668 0.00274491
1332 0.720473 0.548697 0.00318955
1333 0.720473 0.557009 0.00244831
1334 0.720473 0.546272 0.00267661
1335 0.720473 0.541556 0.00255776
1336 0.720473 0.550603 0.00304062
1337 0.720473 0.544617 0.00298868
1338 0.720473 0.541764 0.00289397
1339 0.720473 0.551177 0.00283612
1340 0.720473 0.553419 0.00255651
1341 0.720473 0.548153 0.00280816
1342 0.720473 0.549015 0.00237365
1343 0.720473 0.545103 0.0024853
1344 0.720473 0.555682 0.00247441
1345 0.720473 0.549605 0.00291313
1346 0.720473 0.555966 0.00251849
1347 0.720473 0.544157 0.00281911
1348 0.720473 0.557517 0.00268654
1349 0.720473 0.549467 0.00252651
1350 0.720473 0.55038 0.00280421
1351 0.720473 0.551421 0.00258149
1352 0.720473 0.547053 0.00284454
1353 0.720473 0.54195 0.00325768
1354 0.720473 0.547609 0.00285776
1355 0.720473 0.554828 0.00274745
1356 0.720473 0.54636 0.0025467
1357 0.720473 0.548633 0.00258192
1358 0.720473 0.544955 0.00285057
1359 0.720473 0.548155 0.00304675
1360 0.720473 0.542068 0.00294843
1361 0.720473 0.547926 0.00249051
1362 0.720473 0.540952 0.00280948
1363 0.720473 0.542338 0.00302377
1364 0.720473 0.541578 0.00268024
1365 0.720473 0.551899 0.00266369
1366 0.720473 0.545963 0.00312255
1367 0.720473 0.544571 0.00298339
1368 0.720473 0.555633 0.00270396
1369 0.720473 0.549143 0.00279801
1370 0.720473 0.544724 0.00292692
1371 0.720473 0.545602 0.00272914
1372 0.720473 0.54893 0.00250058
1373 0.720473 0.554202 0.00257542
1374 0.720473 0.542622 0.00248872
1375 0.720473 0.541035 0.00259756
1376 0.720473 0.54672 0.00300952
1377 0.720473 0.544869 0.00296565
1378 0.720473 0.547264 0.00261901
1379 0.720473 0.551279 0.0028288
1380 0.720473 0.55352 0.00250974
1381 0.720473 0.551175 0.00273804
1382 0.720473 0.546891 0.00286854
1383 0.720473 0.549442 0.00244983
1384 0.720473 0.550987 0.00269561
1385 0.720473 0.549621 0.0026816
1386 0.720473 0.547107 0.0025425
1387 0.720473 0.548508 0.00292123
1388 0.720473 0.545404 0.00229046
1389 0.720473 0.540953 0.00312849
1390 0.720473 0.538642 0.00275327
1391 0.720473 0.541869 0.00259732
1392 0.720473 0.541969 0.0028621
1393 0.720473 0.543579 0.00261206
1394 0.720473 0.548632 0.00304142
1395 0.720473 0.552211 0.00287169
1396 0.720473 0.548127 0.00256734
1397 0.720473 0.548453 0.0026452
1398 0.720473 0.54913 0.00273464
1399 0.720473 0.542992 0.00320915
1400 0.720473 0.551751 0.00325405
1401 0.720473 0.542278 0.00314929
1402 0.720473 0.537856 0.00252001
1403 0.720473 0.542145 0.00274129
1404 0.720473 0.537048 0.00304842
1405 0.720473 0.546901 0.0027199
1406 0.720473 0.538545 0.00272729
1407 0.720473 0.548307 0.00248249
1408 0.720473 0.542033 0.00267567
1409 0.720473 0.537176 0.00292618
1410 0.720473 0.539468 0.00293287
1411 0.720473 0.540641 0.00294665
1412 0.720473 0.547224 0.00285864
1413 0.720473 0.542317 0.00286523
1414 0.720473 0.54588 0.00245882
1415 0.720473 0.548784 0.00281522
1416 0.720473 0.549481 0.00258219
1417 0.720473 0.54028 0.00258942
1418 0.720473 0.54905 0.00343952
1419 0.720473 0.549823 0.00282576
1420 0.720473 0.556267 0.00248642
1421 0.720473 0.55429 0.00281949
1422 0.720473 0.550068 0.00249764
1423 0.720473 0.549833 0.00328668
1424 0.720473 0.548704 0.00282778
1425 0.720473 0.549161 0.00282015
1426 0.720473 0.550784 0.00255551
1427 0.720473 0.550594 0.00272453
1428 0.720473 0.548929 0.00260674
1429 0.720473 0.543455 0.00299805
1430 0.720473 0.549801 0.00237626
1431 0.720473 0.543384 0.00240424
1432 0.720473 0.548576 0.00280239
1433 0.720473 0.548572 0.00247358
1434 0.720473 0.544377 0.00268166
1435 0.720473 0.543538 0.00262468
1436 0.720473 0.543449 0.00325499
1437 0.720473 0.545994 0.00321761
1438 0.720473 0.546887 0.00284339
1439 0.720473 0.546666 0.00293771
1440 0.720473 0.539202 0.00301122
1441 0.720473 0.5475 0.0025969
1442 0.720473 0.544764 0.00313613
1443 0.720473 0.548978 0.00274591
1444 0.720473 0.554025 0.00266313
1445 0.720473 0.544008 0.00267789
1446 0.720473 0.546439 0.00262259
1447 0.720473 0.545206 0.00280214
1448 0.720473 0.549738 0.00257055
1449 0.720473 0.555452 0.00286629
1450 0.720473 0.545026 0.00308184
1451 0.720473 0.540747 0.00279403
1452 0.720473 0.554424 0.00323984
1453 0.720473 0.547568 0.00283464
1454 0.720473 0.552759 0.00271041
1455 0.720473 0.552802 0.00282924
1456 0.720473 0.54514 0.00305675
1457 0.720473 0.551986 0.00279761
1458 0.720473 0.543525 0.00287842
1459 0.720473 0.545127 0.00274609
1460 0.720473 0.547833 0.00259751
1461 0.720473 0.547454 0.00293582
1462 0.720473 0.544804 0.00272715
1463 0.720473 0.546352 0.00234463
1464 0.720473 0.552017 0.00260204
1465 0.720473 0.551288 0.00292977
1466 0.720473 0.545327 0.00260258
1467 0.720473 0.546805 0.00289995
1468 0.720473 0.549103 0.00268038
1469 0.720473 0.53933 0.00262367
1470 0.720473 0.550391 0.00258959
1471 0.720473 0.547247 0.00305225
1472 0.720473 0.545046 0.00297345
1473 0.720473 0.548298 0.00286776
1474 0.720473 0.544922 0.002832
1475 0.720473 0.545136 0.00274963
1476 0.720473 0.542717 0.00290863
1477 0.720473 0.550923 0.00261118
1478 0.720473 0.551407 0.00266399
1479 0.720473 0.553008 0.00253684
1480 0.720473 0.551353 0.00310165
1481 0.720473 0.549603 0.00250883
1482 0.720473 0.550215 0.0025517
1483 0.720473 0.548738 0.00258503
1484 0.720473 0.545483 0.00251659
1485 0.720473 0.556931 0.00220725
1486 0.720473 0.549228 0.00274136
1487 0.720473 0.5424 0.00244909
1488 0.720473 0.547245 0.00310506
1489 0.720473 0.548559 0.00251873
1490 0.720473 0.544363 0.00287586
1491 0.720473 0.548629 0.00267966
1492 0.720473 0.544401 0.002621
1493 0.720473 0.542223 0.00282002
1494 0.720473 0.541039 0.00274374
1495 0.720473 0.553028 0.00250926
1496 0.720473 0.541419 0.0025312
1497 0.720473 0.543472 0.00246752
1498 0.720473 0.54868 0.00240822
1499 0.720473 0.546426 0.00309318
1500 0.720473 0.54836 0.00281853
1501 0.720473 0.548478 0.0030051
1502 0.720473 0.550755 0.00265036
1503 0.720473 0.552792 0.00271902
1504 0.720473 0.541692 0.00331701
1505 0.720473 0.542117 0.0026812
1506 0.720473 0.547615 0.00317056
1507 0.720473 0.54628 0.00276487
1508 0.720473 0.543623 0.00304859
1509 0.720473 0.554 0.00271832
1510 0.720473 0.547352 0.0027025
1511 0.720473 0.546047 0.00228628
1512 0.720473 0.545381 0.00288623
1513 0.720473 0.54116 0.00300236
1514 0.720473 0.540289 0.00261111
1515 0.720473 0.543537 0.00283491
1516 0.720473 0.553505 0.00297492
1517 0.720473 0.551292 0.00282382
1518 0.720473 0.551673 0.00304582
1519 0.720473 0.552234 0.00299131
1520 0.720473 0.548501 0.00266258
1521 0.720473 0.544795 0.00265507
1522 0.720473 0.541684 0.00278514
1523 0.720473 0.547609 0.00281137
1524 0.720473 0.548438 0.00285343
1525 0.720473 0.540141 0.00301597
1526 0.720473 0.549792 0.00283679
1527 0.720473 0.542828 0.00270208
1528 0.720473 0.546351 0.00278963
1529 0.720473 0.543133 0.00266954
1530 0.720473 0.546326 0.00300816
1531 0.720473 0.545412 0.00280339
1532 0.720473 0.537905 0.00317698
1533 0.720473 0.546227 0.00258052
1534 0.720473 0.541876 0.00241883
1535 0.720473 0.547775 0.00264617
1536 0.720473 0.544581 0.00255901
1537 0.720473 0.547325 0.00241832
1538 0.720473 0.548495 0.00286582
1539 0.720473 0.543308 0.00257039
1540 0.720473 0.543138 0.00293732
1541 0.720473 0.548913 0.0027445
1542 0.720473 0.540176 0.00271815
1543 0.720473 0.54379 0.00285883
1544 0.720473 0.552693 0.00310618
1545 0.720473 0.547969 0.00306356
1546 0.720473 0.550878 0.00281945
1547 0.720473 0.547074 0.00269852
1548 0.720473 0.545008 0.00304098
1549 0.720473 0.543685 0.00296561
1550 0.720473 0.535525 0.00309917
1551 0.720473 0.54218 0.00281859
1552 0.720473 0.540866 0.00264935
1553 0.720473 0.550692 0.00250248
1554 0.720473 0.54217 0.00252079
1555 0.720473 0.544975 0.00286807
1556 0.720473 0.543428 0.00267667
1557 0.720473 0.542816 0.00272185
1558 0.720473 0.544259 0.0023455
1559 0.720473 0.550268 0.00292723
1560 0.720473 0.550384 0.0028305
1561 0.720473 0.543326 0.00286946
1562 0.720473 0.539004 0.00289759
1563 0.720473 0.546318 0.00242152
1564 0.720473 0.54744 0.00290011
1565 0.720473 0.544883 0.00288927
1566 0.720473 0.545513 0.00279995
1567 0.720473 0.544437 0.00304934
1568 0.720473 0.549735 0.0023972
1569 0.720473 0.541382 0.0025503
1570 0.720473 0.540783 0.00305299
1571 0.720473 0.5444 0.00270838
1572 0.720473 0.546108 0.00275698
1573 0.720473 0.543127 0.00252918
1574 0.720473 0.538907 0.00296169
1575 0.720473 0.539614 0.00276971
1576 0.720473 0.540637 0.00267498
1577 0.720473 0.54433 0.00285814
1578 0.720473 0.536035 0.00321109
1579 0.720473 0.548838 0.00268708
1580 0.720473 0.547486 0.00237475
1581 0.720473 0.54637 0.00289946
1582 0.720473 0.550483 0.00236897
1583 0.720473 0.5462 0.00264727
1584 0.720473 0.546438 0.00269707
1585 0.720473 0.542144 0.00324118
1586 0.720473 0.545938 0.00301267
1587 0.720473 0.539569 0.00300482
1588 0.720473 0.545161 0.00277681
1589 0.720473 0.542599 0.00309692
1590 0.720473 0.547825 0.00292366
1591 0.720473 0.549793 0.00308115
1592 0.720473 0.547584 0.00277828
1593 0.720473 0.549125 0.00269221
1594 0.720473 0.544164 0.00324368
1595 0.720473 0.545305 0.00317642
1596 0.720473 0.546286 0.00307272
1597 0.720473 0.551328 0.00256351
1598 0.720473 0.54955 0.00293228
1599 0.720473 0.547419 0.00265921
1600 0.720473 0.543061 0.00282889
1601 0.720473 0.543498 0.00291528
1602 0.720473 0.545159 0.00330888
1603 0.720473 0.53943 0.00275859
1604 0.720473 0.540477 0.00314994
1605 0.720473 0.545778 0.00234085
1606 0.720473 0.546581 0.00331965
1607 0.720473 0.546878 0.00286003
1608 0.720473 0.546801 0.00259026
1609 0.720473 0.546004 0.00327742
1610 0.720473 0.537603 0.00301084
1611 0.720473 0.547591 0.00272809
1612 0.720473 0.546708 0.00301098
1613 0.720473 0.549747 0.00286865
1614 0.720473 0.541208 0.00278742
1615 0.720473 0.542828 0.00282172
1616 0.720473 0.543689 0.00283469
1617 0.720473 0.546567 0.00268648
1618 0.720473 0.55104 0.00296333
1619 0.720473 0.542919 0.00285099
1620 0.720473 0.552512 0.00306532
1621 0.720473 0.549897 0.00316131
1622 0.720473 0.548482 0.00280481
1623 0.720473 0.549274 0.00287545
1624 0.720473 0.553897 0.0024197
1625 0.720473 0.548064 0.00274446
1626 0.720473 0.545047 0.00304
1627 0.720473 0.53876 0.00267198
1628 0.720473 0.542716 0.00292792
1629 0.720473 0.547736 0.00280454
1630 0.720473 0.544292 0.00244833
1631 0.720473 0.543846 0.00257766
1632 0.720473 0.550189 0.00254421
1633 0.720473 0.546731 0.00275822
1634 0.720473 0.539633 0.00268827
1635 0.720473 0.535457 0.00296632
1636 0.720473 0.538903 0.00283757
1637 0.720473 0.538122 0.00301365
1638 0.720473 0.535287 0.00294959
1639 0.720473 0.541653 0.00255622
1640 0.720473 0.547389 0.00267008
1641 0.720473 0.545697 0.00293428
1642 0.720473 0.542752 0.00259092
1643 0.720473 0.544002 0.00279725
1644 0.720473 0.550308 0.00265674
1645 0.720473 0.546567 0.00289085
1646 0.720473 0.544988 0.00278731
1647 0.720473 0.535238 0.00302393
1648 0.720473 0.548632 0.0031359
1649 0.720473 0.546915 0.00251004
1650 0.720473 0.546977 0.00241896
1651 0.720473 0.542508 0.00267968
1652 0.720473 0.545788 0.00325877
1653 0.720473 0.547113 0.00300929
1654 0.720473 0.555585 0.00299057
1655 0.720473 0.555017 0.00235559
1656 0.720473 0.550578 0.0029385
1657 0.720473 0.546359 0.00256526
1658 0.720473 0.555253 0.0028312
1659 0.720473 0.547406 0.0025272
1660 0.720473 0.54961 0.00305199
1661 0.720473 0.550955 0.00261549
1662 0.720473 0.546906 0.00277357
1663 0.720473 0.550531 0.00278624
1664 0.720473 0.545313 0.00233403
1665 0.720473 0.547957 0.00281623
1666 0.720473 0.55278 0.00287642
1667 0.720473 0.554488 0.00257984
1668 0.720473 0.542579 0.00270812
1669 0.720473 0.547325 0.00239838
1670 0.720473 0.547835 0.00274795
1671 0.720473 0.550259 0.0025185
1672 0.720473 0.550154 0.00271901
1673 0.720473 0.544061 0.00245598
1674 0.720473 0.543688 0.00270104
1675 0.720473 0.544397 0.00281078
1676 0.720473 0.550066 0.00260394
1677 0.720473 0.546655 0.00303646
1678 0.720473 0.541204 0.00259536
1679 0.720473 0.541834 0.00273997
1680 0.720473 0.547905 0.00298888
1681 0.720473 0.544004 0.00276101
1682 0.720473 0.547275 0.00279165
1683 0.720473 0.544261 0.00239754
1684 0.720473 0.544809 0.00286767
1685 0.720473 0.54206 0.00295323
1686 0.720473 0.541199 0.00282938
1687 0.720473 0.546893 0.00254463
1688 0.720473 0.549649 0.00249346
1689 0.720473 0.539791 0.00281567
1690 0.720473 0.541587 0.00314122
1691 0.720473 0.544271 0.0027906
1692 0.720473 0.543893 0.00286032
1693 0.720473 0.540829 0.00307175
1694 0.720473 0.549524 0.00268268
1695 0.720473 0.550705 0.00281326
1696 0.720473 0.544166 0.00257029
1697 0.720473 0.54982 0.0028264
1698 0.720473 0.543617 0.00286512
1699 0.720473 0.542233 0.00270826
1700 0.720473 0.545628 0.00244105
1701 0.720473 0.552469 0.00245607
1702 0.720473 0.544871 0.00293951
1703 0.720473 0.550517 0.00279607
1704 0.720473 0.543942 0.00300376
1705 0.720473 0.551014 0.00254454
1706 0.720473 0.548864 0.00275034
1707 0.720473 0.545331 0.00285326
1708 0.720473 0.55405 0.0024496
1709 0.720473 0.55484 0.00232136
1710 0.720473 0.548761 0.00275614
1711 0.720473 0.550652 0.00281023
1712 0.720473 0.548995 0.00277711
1713 0.720473 0.543518 0.00321893
1714 0.720473 0.548267 0.00231621
1715 0.720473 0.544313 0.00293425
1716 0.720473 0.547029 0.00292135
1717 0.720473 0.542125 0.00291669
1718 0.720473 0.550615 0.00276662
1719 0.720473 0.559895 0.00254091
1720 0.720473 0.554096 0.00244267
1721 0.720473 0.552796 0.00290235
1722 0.720473 0.547395 0.00319477
1723 0.720473 0.54982 0.00280039
1724 0.720473 0.548166 0.00274135
1725 0.720473 0.551316 0.00261794
1726 0.720473 0.549305 0.00255884
1727 0.720473 0.551304 0.00215076
1728 0.720473 0.552181 0.00271028
1729 0.720473 0.545159 0.00257948
1730 0.720473 0.543195 0.00323781
1731 0.720473 0.535826 0.00359159
1732 0.720473 0.538494 0.00340597
1733 0.720473 0.543021 0.0033078
1734 0.720473 0.546371 0.0027535
1735 0.720473 0.550018 0.0027823
1736 0.720473 0.551817 0.00274518
1737 0.720473 0.549634 0.00264865
1738 0.720473 0.547447 0.00259815
1739 0.720473 0.542906 0.00271504
1740 0.720473 0.549925 0.00250164
1741 0.720473 0.550882 0.00266452
1742 0.720473 0.549551 0.0023868
1743 0.720473 0.555448 0.0028743
1744 0.720473 0.548803 0.00253327
1745 0.720473 0.547784 0.00273975
1746 0.720473 0.551339 0.00293674
1747 0.720473 0.546315 0.00255895
1748 0.720473 0.550553 0.00296953
1749 0.720473 0.549013 0.00270087
1750 0.720473 0.543341 0.0029966
1751 0.720473 0.546052 0.00237471
1752 0.720473 0.54816 0.00291754
1753 0.720473 0.55579 0.00254609
1754 0.720473 0.54637 0.00289117
1755 0.720473 0.54229 0.00275267
1756 0.720473 0.548225 0.00280728
1757 0.720473 0.546972 0.00305697
1758 0.720473 0.551954 0.00263246
1759 0.720473 0.55115 0.00298203
1760 0.720473 0.554694 0.00302067
1761 0.720473 0.548956 0.00268065
1762 0.720473 0.547374 0.00263591
1763 0.720473 0.550353 0.00299649
1764 0.720473 0.550355 0.00265548
1765 0.720473 0.546696 0.00274143
1766 0.720473 0.539787 0.00224643
1767 0.720473 0.539929 0.00272934
1768 0.720473 0.546306 0.00254809
1769 0.720473 0.546676 0.00319686
1770 0.720473 0.546455 0.00290143
1771 0.720473 0.542208 0.00264168
1772 0.720473 0.546913 0.00303364
1773 0.720473 0.546391 0.00293567
1774 0.720473 0.551105 0.00297199
1775 0.720473 0.549218 0.00295894
1776 0.720473 0.552283 0.00278095
1777 0.720473 0.553123 0.00242824
1778 0.720473 0.552233 0.0027575
1779 0.720473 0.550141 0.00277943
1780 0.720473 0.546425 0.00272839
1781 0.720473 0.540639 0.00289403
1782 0.720473 0.547503 0.00278455
1783 0.720473 0.553735 0.00268173
1784 0.720473 0.541738 0.00295926
1785 0.720473 0.540946 0.00302995
1786 0.720473 0.543 0.00298215
1787 0.720473 0.542978 0.00306785
1788 0.720473 0.542753 0.00293659
1789 0.720473 0.543772 0.00301265
1790 0.720473 0.545542 0.00301539
1791 0.720473 0.554623 0.00268803
1792 0.720473 0.546185 0.00253522
1793 0.720473 0.545623 0.0025043
1794 0.720473 0.546819 0.00299473
1795 0.720473 0.546936 0.00287939
1796 0.720473 0.538398 0.00289895
1797 0.720473 0.549239 0.00292735
1798 0.720473 0.541 0.00314397
1799 0.720473 0.547807 0.00269644
1800 0.720473 0.545191 0.00282532
1801 0.720473 0.541712 0.00299163
1802 0.720473 0.544801 0.00263956
1803 0.720473 0.546173 0.00279532
1804 0.720473 0.547175 0.00327711
1805 0.720473 0.549483 0.00261232
1806 0.720473 0.55414 0.00314951
1807 0.720473 0.55585 0.00275211
1808 0.720473 0.552409 0.00286931
1809 0.720473 0.548966 0.00257321
1810 0.720473 0.545582 0.0026762
1811 0.720473 0.546556 0.00281976
1812 0.720473 0.549769 0.00251122
1813 0.720473 0.555724 0.00301514
1814 0.720473 0.546883 0.00253285
1815 0.720473 0.559664 0.00258875
1816 0.720473 0.549358 0.00280909
1817 0.720473 0.552578 0.00307561
1818 0.720473 0.551948 0.00266607
1819 0.720473 0.552299 0.00258251
1820 0.720473 0.550045 0.00263941
1821 0.720473 0.552641 0.00239639
1822 0.720473 0.552481 0.00267732
1823 0.720473 0.546771 0.00265096
1824 0.720473 0.542568 0.00327312
1825 0.720473 0.54683 0.00294382
1826 0.720473 0.542992 0.0022674
1827 0.720473 0.544156 0.00233515
1828 0.720473 0.546641 0.00267609
1829 0.720473 0.549152 0.00288571
1830 0.720473 0.54518 0.0026643
1831 0.720473 0.54561 0.00279034
1832 0.720473 0.549285 0.0028285
1833 0.720473 0.54755 0.00246959
1834 0.720473 0.547117 0.00279497
1835 0.720473 0.545675 0.00267303
1836 0.720473 0.536794 0.00257195
1837 0.720473 0.548997 0.00251699
1838 0.720473 0.547138 0.00263914
1839 0.720473 0.550421 0.0026736
1840 0.720473 0.551067 0.00235142
1841 0.720473 0.545097 0.00232126
1842 0.720473 0.542664 0.00263032
1843 0.720473 0.545055 0.00274425
1844 0.720473 0.553545 0.00238324
1845 0.720473 0.548536 0.0024674
1846 0.720473 0.543861 0.00282012
1847 0.720473 0.545957 0.00236944
1848 0.720473 0.550807 0.00237073
1849 0.720473 0.551339 0.00247288
1850 0.720473 0.545376 0.00274429
1851 0.720473 0.554116 0.0026266
1852 0.720473 0.549651 0.00274363
1853 0.720473 0.552832 0.00286319
1854 0.720473 0.545149 0.00291721
1855 0.720473 0.553647 0.00317361
1856 0.720473 0.539645 0.00287734
1857 0.720473 0.551728 0.00284724
1858 0.720473 0.544317 0.0027834
1859 0.720473 0.550927 0.00232125
1860 0.720473 0.550493 0.00261543
1861 0.720473 0.550209 0.00297428
1862 0.720473 0.537698 0.00265617
1863 0.720473 0.539927 0.00261351
1864 0.720473 0.544456 0.00244593
1865 0.720473 0.54356 0.00277132
1866 0.720473 0.538471 0.0027392
1867 0.720473 0.545643 0.00268537
1868 0.720473 0.549829 0.0027935
1869 0.720473 0.549273 0.00259127
1870 0.720473 0.550895 0.00268457
1871 0.720473 0.548873 0.00342355
1872 0.720473 0.546558 0.0027533
1873 0.720473 0.542114 0.00312439
1874 0.720473 0.544674 0.00304015
1875 0.720473 0.543958 0.00287142
1876 0.720473 0.539543 0.00253634
1877 0.720473 0.54425 0.00291747
1878 0.720473 0.543766 0.00299447
1879 0.720473 0.546156 0.0025096
1880 0.720473 0.548003 0.00257175
1881 0.720473 0.542702 0.00277276
1882 0.720473 0.546404 0.00274318
1883 0.720473 0.542668 0.00268502
1884 0.720473 0.544472 0.00282356
1885 0.720473 0.546847 0.00321287
1886 0.720473 0.550346 0.00266997
1887 0.720473 0.546628 0.00295392
1888 0.720473 0.5446 0.00292191
1889 0.720473 0.548971 0.00250445
1890 0.720473 0.548133 0.00273388
1891 0.720473 0.540371 0.00288679
1892 0.720473 0.543347 0.00283317
1893 0.720473 0.543266 0.00270421
1894 0.720473 0.54863 0.00278658
1895 0.720473 0.537486 0.00324866
1896 0.720473 0.546074 0.00261995
1897 0.720473 0.547278 0.00251495
1898 0.720473 0.547409 0.0027528
1899 0.720473 0.546893 0.00245123
1900 0.720473 0.552492 0.00273523
1901 0.720473 0.542636 0.00268524
1902 0.720473 0.545245 0.00251793
1903 0.720473 0.543603 0.00271286
1904 0.720473 0.538773 0.00322347
1905 0.720473 0.547507 0.00276578
1906 0.720473 0.552327 0.00279479
1907 0.720473 0.540186 0.00251291
1908 0.720473 0.53838 0.00248828
1909 0.720473 0.545196 0.00266162
1910 0.720473 0.544648 0.00242402
1911 0.720473 0.543351 0.00270628
1912 0.720473 0.547941 0.00252811
1913 0.720473 0.546851 0.00287036
1914 0.720473 0.54334 0.00273282
1915 0.720473 0.54369 0.0027195
1916 0.720473 0.544599 0.00254121
1917 0.720473 0.544491 0.00277441
1918 0.720473 0.548478 0.00307155
1919 0.720473 0.552493 0.00280381
1920 0.720473 0.549979 0.00249992
1921 0.720473 0.548342 0.00279979
1922 0.720473 0.546687 0.00258287
1923 0.720473 0.54516 0.00247555
1924 0.720473 0.54021 0.00270761
1925 0.720473 0.545647 0.00283639
1926 0.720473 0.540519 0.00283685
1927 0.720473 0.540941 0.0027854
1928 0.720473 0.548181 0.00300298
1929 0.720473 0.547147 0.00290409
1930 0.720473 0.543048 0.00279094
1931 0.720473 0.541176 0.00264092
1932 0.720473 0.548009 0.00307211
1933 0.720473 0.550177 0.00256976
1934 0.720473 0.543754 0.00308843
1935 0.720473 0.536754 0.00313564
1936 0.720473 0.547243 0.00258852
1937 0.720473 0.54849 0.00245414
1938 0.720473 0.550763 0.00285093
1939 0.720473 0.555169 0.00261191
1940 0.720473 0.539689 0.00250145
1941 0.720473 0.549503 0.00265367
1942 0.720473 0.543866 0.00323666
1943 0.720473 0.540914 0.00253366
1944 0.720473 0.546688 0.0026602
1945 0.720473 0.548728 0.00290628
1946 0.720473 0.550353 0.00241985
1947 0.720473 0.550755 0.00253258
1948 0.720473 0.545877 0.00282128
1949 0.720473 0.548947 0.00252143
1950 0.720473 0.552005 0.00266219
1951 0.720473 0.553732 0.00240874
1952 0.720473 0.550667 0.00278018
1953 0.720473 0.554425 0.00231232
1954 0.720473 0.558704 0.0027045
1955 0.720473 0.555126 0.00246192
1956 0.720473 0.542359 0.00240982
1957 0.720473 0.549246 0.00292277
1958 0.720473 0.548617 0.00277321
1959 0.720473 0.54992 0.00298989
1960 0.720473 0.551139 0.00250933
1961 0.720473 0.551022 0.00251395
1962 0.720473 0.546231 0.00282386
1963 0.720473 0.553751 0.00236513
1964 0.720473 0.551378 0.00280786
1965 0.720473 0.551586 0.0028158
1966 0.720473 0.546725 0.00287343
1967 0.720473 0.553808 0.00261116
1968 0.720473 0.554902 0.0028776
1969 0.720473 0.555206 0.00285415
1970 0.720473 0.560667 0.00263112
1971 0.720473 0.551464 0.00240922
1972 0.720473 0.550376 0.00225447
1973 0.720473 0.5443 0.00258675
1974 0.720473 0.54964 0.00239214
1975 0.720473 0.551638 0.00270372
1976 0.720473 0.551585 0.00238836
1977 0.720473 0.548863 0.00244237
1978 0.720473 0.546695 0.00242171
1979 0.720473 0.546101 0.00278
1980 0.720473 0.544931 0.00294878
1981 0.720473 0.550224 0.00244407
1982 0.720473 0.54229 0.00259568
1983 0.720473 0.544524 0.00267105
1984 0.720473 0.546618 0.00278753
1985 0.720473 0.550917 0.00264567
1986 0.720473 0.550533 0.00271897
1987 0.720473 0.54492 0.00280218
1988 0.720473 0.545851 0.0026732
1989 0.720473 0.549873 0.00251094
1990 0.720473 0.545939 0.00233467
1991 0.720473 0.540768 0.00273654
1992 0.720473 0.551243 0.00275967
1993 0.720473 0.546969 0.00265659
1994 0.720473 0.550108 0.00245013
1995 0.720473 0.543253 0.00320344
1996 0.720473 0.545171 0.00285265
1997 0.720473 0.546237 0.00233505
1998 0.720473 0.544972 0.00300065
1999 0.720473 0.541923 0.00270534
2000 0.720473 0.549333 0.00271691
