5
0
-55.2853
2.35903
0
-56.1247
3.98174
0
-63.2732
5.21571
0
-63.9387
7.99578
0
-55.2807
2
0
0.742346
0.86785
1.26101
1.50054
0.29354
1.45233
1.33858
0.300163
0.252686
1.02969
0.26718
0.132049
1.76275
0.302587
1.70426
1.22826
0.874636
0.942273
1.43349
1.39009
0.533266
0.573247
1.93574
0.75937
0.0544513
0.660521
0.847113
0.517423
0.215018
0.358858
0.174004
0.245239
1.2081
0.381411
0.594775
0.954757
1.95219
1.48165
1.7329
0.0202271
0.60996
1.12183
1.7857
0.717422
0.774528
1.03386
1.44882
1.95146
1.22894
0.572767
0.951329
1.04741
0.364726
1.17397
1.35333
0.0630124
1.26565
1.69082
1.1498
1.31163
0.000910139
0.876959
1.12089
0.858082
0.931029
0.893851
1.68788
1.98768
1.6291
0.791081
1.95291
1.49112
0.963927
0.56839
1.5248
