0 0.544124 0.497862 0.000129387
1 0.544124 0.497486 0.000136397
2 0.544124 0.499258 0.000167887
3 0.544124 0.499421 0.000122957
4 0.544124 0.501006 0.000112872
5 0.544627 0.498879 0.000179857
6 0.5651 0.499055 0.000255494
7 0.5651 0.498568 0.000237388
8 0.5651 0.501795 0.000145456
9 0.5651 0.499589 0.000221422
10 0.578883 0.50147 0.000251233
11 0.578883 0.502128 0.000302002
12 0.602593 0.501676 0.000371528
13 0.602593 0.501823 0.00035137
14 0.602593 0.503031 0.000415483
15 0.602593 0.501548 0.000499106
16 0.602593 0.501377 0.000447223
17 0.602593 0.502522 0.000372888
18 0.602593 0.500735 0.000445037
19 0.602593 0.502584 0.000443392
20 0.602593 0.502851 0.000464503
21 0.602593 0.501891 0.000445803
22 0.602593 0.502913 0.000400371
23 0.602593 0.503772 0.000679234
24 0.602593 0.502606 0.000578476
25 0.602593 0.500443 0.00043576
26 0.602593 0.50248 0.000633964
27 0.602593 0.500643 0.000504201
28 0.602593 0.50328 0.000534104
29 0.602593 0.502039 0.000512259
30 0.602593 0.503854 0.000548919
31 0.602593 0.504634 0.000495507
32 0.602593 0.499929 0.000631582
33 0.602593 0.502605 0.000512491
34 0.602593 0.502197 0.000524289
35 0.602593 0.503079 0.000467923
36 0.602593 0.499547 0.0004755
37 0.602593 0.500629 0.000637527
38 0.602593 0.503044 0.000566563
39 0.602593 0.502875 0.000446565
40 0.602593 0.504435 0.000456219
41 0.602593 0.503147 0.000504341
42 0.60868 0.502496 0.000670909
43 0.60868 0.505596 0.000596937
44 0.60868 0.504825 0.000554751
45 0.60868 0.50347 0.00057284
46 0.60868 0.502957 0.000568838
47 0.60868 0.501703 0.000699065
48 0.60868 0.502522 0.000571809
49 0.60868 0.503399 0.000566608
50 0.60868 0.502368 0.000482627
51 0.60868 0.503624 0.000533738
52 0.60868 0.503383 0.000509084
53 0.60868 0.50342 0.000532396
54 0.60868 0.503994 0.000589236
55 0.60868 0.501146 0.000587622
56 0.60868 0.502288 0.000556934
57 0.60868 0.501353 0.000588526
58 0.60868 0.499776 0.000599141
59 0.60868 0.502677 0.000657904
60 0.60868 0.501863 0.000724078
61 0.60868 0.505587 0.000617841
62 0.60868 0.504453 0.000507488
63 0.611416 0.503507 0.000696061
64 0.611416 0.506129 0.000634732
65 0.611416 0.503651 0.000547002
66 0.611416 0.50543 0.000561155
67 0.611416 0.501317 0.000683631
68 0.611416 0.503691 0.000636806
69 0.611416 0.502472 0.00077445
70 0.611416 0.502134 0.000595376
71 0.611416 0.504803 0.000623836
72 0.611416 0.504228 0.000752335
73 0.611416 0.501399 0.000734389
74 0.611416 0.506338 0.00069309
75 0.626586 0.507037 0.000902981
76 0.626586 0.505263 0.000840529
77 0.626586 0.503916 0.00071187
78 0.626586 0.50562 0.00080829
79 0.626586 0.50679 0.0008158
80 0.626586 0.504175 0.000767959
81 0.626586 0.502094 0.000649058
82 0.626586 0.504305 0.000630474
83 0.626586 0.505293 0.000849037
84 0.626586 0.504836 0.000905083
85 0.626586 0.50584 0.000815144
86 0.626586 0.503983 0.000901767
87 0.626586 0.502103 0.000863114
88 0.626586 0.501897 0.000853442
89 0.626586 0.502711 0.000637886
90 0.626586 0.500988 0.000992416
91 0.626586 0.501668 0.000710925
92 0.626586 0.504419 0.000857519
93 0.626586 0.500869 0.000763602
94 0.626586 0.503967 0.000673672
95 0.626586 0.502395 0.000812297
96 0.626586 0.503109 0.000758716
97 0.626586 0.502167 0.000959423
98 0.626586 0.50543 0.000926161
99 0.626586 0.505049 0.000896179
100 0.626586 0.499915 0.000920711
101 0.626586 0.507111 0.00104256
102 0.626586 0.499814 0.00103581
103 0.626586 0.504548 0.000770219
104 0.626586 0.50463 0.000869768
105 0.626586 0.506576 0.000947788
106 0.679849 0.506002 0.00131335
107 0.679849 0.505885 0.00115067
108 0.679849 0.503886 0.000957184
109 0.679849 0.504293 0.00112714
110 0.679849 0.505077 0.00114416
111 0.679849 0.507141 0.00103761
112 0.679849 0.504846 0.00127145
113 0.679849 0.506277 0.00108744
114 0.679849 0.504944 0.0013678
115 0.679849 0.504842 0.00102773
116 0.679849 0.506921 0.00130026
117 0.679849 0.504121 0.00115736
118 0.679849 0.500001 0.00132158
119 0.679849 0.503705 0.00133256
120 0.679849 0.505883 0.00137532
121 0.679849 0.506052 0.00148856
122 0.679849 0.505889 0.00138628
123 0.679849 0.503083 0.00141195
124 0.679849 0.501483 0.00141396
125 0.679849 0.503763 0.00113214
126 0.679849 0.507052 0.00128723
127 0.679849 0.505808 0.0015591
128 0.679849 0.508927 0.00141778
129 0.679849 0.506639 0.00135973
130 0.679849 0.506244 0.00152289
131 0.679849 0.509128 0.00138011
132 0.679849 0.505099 0.00152234
133 0.679849 0.508233 0.00134663
134 0.679849 0.505678 0.00149348
135 0.679849 0.508557 0.00130714
136 0.679849 0.502374 0.00143195
137 0.679849 0.506692 0.00117303
138 0.679849 0.510449 0.00150337
139 0.679849 0.507844 0.00141454
140 0.679849 0.508898 0.00137506
141 0.679849 0.508432 0.00163221
142 0.679849 0.505966 0.00190726
143 0.679849 0.504889 0.00180264
144 0.679849 0.513283 0.00182254
145 0.679849 0.512372 0.00141128
146 0.679849 0.507217 0.00141692
147 0.679849 0.505354 0.00162776
148 0.679849 0.507591 0.00149239
149 0.679849 0.509226 0.00165412
150 0.679849 0.50876 0.00165637
151 0.679849 0.506241 0.00144441
152 0.679849 0.510327 0.001503
153 0.679849 0.511721 0.00142718
154 0.679849 0.508833 0.00139964
155 0.679849 0.507588 0.00159923
156 0.679849 0.509966 0.00148555
157 0.679849 0.509032 0.00180212
158 0.679849 0.512496 0.00157252
159 0.679849 0.512018 0.00151894
160 0.679849 0.509361 0.00170813
161 0.679849 0.513854 0.00147359
162 0.679849 0.50806 0.00175121
163 0.679849 0.507286 0.00186578
164 0.679849 0.512222 0.00168347
165 0.679849 0.511336 0.00207113
166 0.679849 0.512807 0.00178106
167 0.679849 0.509378 0.00158391
168 0.679849 0.512787 0.00162525
169 0.679849 0.511678 0.00166522
170 0.679849 0.512709 0.00164053
171 0.679849 0.509161 0.00156861
172 0.679849 0.508304 0.00164095
173 0.679849 0.510014 0.00176539
174 0.679849 0.511912 0.00160393
175 0.679849 0.511171 0.00153611
176 0.679849 0.508281 0.00146485
177 0.679849 0.511819 0.0015806
178 0.679849 0.511496 0.00152743
179 0.679849 0.507881 0.00162787
180 0.679849 0.514959 0.00176915
181 0.679849 0.505437 0.00146025
182 0.679849 0.507017 0.00149438
183 0.679849 0.508646 0.00154481
184 0.679849 0.505785 0.00144414
185 0.679849 0.50648 0.00160863
186 0.679849 0.510285 0.00157074
187 0.679849 0.504721 0.00144955
188 0.679849 0.511881 0.00157111
189 0.679849 0.5129 0.00147176
190 0.679849 0.516133 0.00151867
191 0.679849 0.513664 0.00156991
192 0.679849 0.507401 0.00171445
193 0.679849 0.506489 0.00159111
194 0.679849 0.507999 0.00193479
195 0.679849 0.509012 0.00158797
196 0.679849 0.511914 0.00145406
197 0.679849 0.511452 0.00191049
198 0.679849 0.505814 0.00200068
199 0.679849 0.505427 0.00157904
200 0.679849 0.506807 0.00166605
201 0.679849 0.510343 0.00152562
202 0.679849 0.505553 0.00184352
203 0.679849 0.505383 0.00166036
204 0.679849 0.506507 0.00177194
205 0.679849 0.50896 0.00164238
206 0.679849 0.50691 0.00177807
207 0.679849 0.506238 0.00163948
208 0.679849 0.50892 0.00182057
209 0.679849 0.51101 0.00152873
210 0.679849 0.506356 0.00148286
211 0.679849 0.512906 0.00170035
212 0.679849 0.510679 0.00174429
213 0.679849 0.50934 0.00161983
214 0.679849 0.508355 0.00155935
215 0.679849 0.507671 0.00163361
216 0.679849 0.506157 0.00156197
217 0.679849 0.512345 0.00158459
218 0.679849 0.507143 0.00189126
219 0.679849 0.51007 0.00163563
220 0.679849 0.504179 0.00185681
221 0.679849 0.507261 0.00198057
222 0.679849 0.506678 0.00147828
223 0.679849 0.508357 0.00157209
224 0.679849 0.508159 0.00153037
225 0.679849 0.510803 0.001521
226 0.679849 0.509187 0.00186452
227 0.679849 0.511819 0.00153274
228 0.679849 0.50843 0.00171676
229 0.679849 0.507723 0.00146008
230 0.679849 0.511263 0.00159445
231 0.679849 0.509693 0.00151778
232 0.679849 0.507167 0.00134752
233 0.679849 0.512666 0.00150839
234 0.679849 0.510089 0.00150129
235 0.679849 0.506966 0.00143389
236 0.679849 0.510241 0.00189643
237 0.679849 0.509316 0.00150825
238 0.679849 0.507556 0.00146731
239 0.679849 0.508598 0.00157412
240 0.679849 0.509536 0.001482
241 0.679849 0.507337 0.00156333
242 0.679849 0.5088 0.00155211
243 0.679849 0.507656 0.00167347
244 0.679849 0.50652 0.0014055
245 0.679849 0.50817 0.00169495
246 0.679849 0.50904 0.00151817
247 0.679849 0.507951 0.00131587
248 0.679849 0.509455 0.00156552
249 0.721131 0.511302 0.00179464
250 0.721131 0.507974 0.00174458
251 0.721131 0.508521 0.00155757
252 0.721131 0.508799 0.00185489
253 0.721131 0.510479 0.00173699
254 0.721131 0.50708 0.00184359
255 0.721131 0.507906 0.00168464
256 0.721131 0.508578 0.00183019
257 0.721131 0.507235 0.00169921
258 0.721131 0.509558 0.00153424
259 0.721131 0.509524 0.00163714
260 0.721131 0.506391 0.00154357
261 0.721131 0.505587 0.00169566
262 0.721131 0.507127 0.00168497
263 0.721131 0.508663 0.00171373
264 0.721131 0.507169 0.00152813
265 0.721131 0.508962 0.00174172
266 0.721131 0.504938 0.00180989
267 0.721131 0.505888 0.00165032
268 0.721131 0.507168 0.00173291
269 0.721131 0.509567 0.00177671
270 0.721131 0.508437 0.00159601
271 0.721131 0.51068 0.00158874
272 0.721131 0.509844 0.00191908
273 0.721131 0.510984 0.00179967
274 0.721131 0.513593 0.0017051
275 0.721131 0.511375 0.00151515
276 0.721131 0.510553 0.00152952
277 0.721131 0.509763 0.00187506
278 0.721131 0.508992 0.00173065
279 0.721131 0.509017 0.00179994
280 0.721131 0.507321 0.00190883
281 0.721131 0.509152 0.00161649
282 0.721131 0.509927 0.0017271
283 0.721131 0.508931 0.00169801
284 0.743353 0.509912 0.00222009
285 0.743353 0.509761 0.0019055
286 0.743353 0.50956 0.00204539
287 0.743353 0.511275 0.0020667
288 0.743353 0.511868 0.00247788
289 0.743353 0.510085 0.00193873
290 0.743353 0.51053 0.00211534
291 0.743353 0.509851 0.00210599
292 0.743353 0.508933 0.00188243
293 0.743353 0.512218 0.00226165
294 0.743353 0.510703 0.00183135
295 0.743353 0.510926 0.00220266
296 0.743353 0.509268 0.0020076
297 0.743353 0.509012 0.00200949
298 0.743353 0.508603 0.00187246
299 0.743353 0.51104 0.00204514
300 0.743353 0.513631 0.00215623
301 0.743353 0.510789 0.00211903
302 0.743353 0.513827 0.00214255
303 0.743353 0.508271 0.00185188
304 0.743353 0.510007 0.00183479
305 0.743353 0.509196 0.0018376
306 0.743353 0.50645 0.00196928
307 0.743353 0.507987 0.00212593
308 0.743353 0.509925 0.0022859
309 0.743353 0.509091 0.00199583
310 0.743353 0.511883 0.00215954
311 0.743353 0.511166 0.00204404
312 0.743353 0.510383 0.00211096
313 0.743353 0.508382 0.00235374
314 0.743353 0.512484 0.00203112
315 0.743353 0.508714 0.00192439
316 0.743353 0.512917 0.00205142
317 0.743353 0.509948 0.0023914
318 0.743353 0.509331 0.00212688
319 0.743353 0.513931 0.00283186
320 0.743353 0.50959 0.00230301
321 0.743353 0.512869 0.00242231
322 0.743353 0.512669 0.00263651
323 0.743353 0.512863 0.0022454
324 0.743353 0.511663 0.00242614
325 0.743353 0.515915 0.00257488
326 0.743353 0.512334 0.00245582
327 0.743353 0.511099 0.00235558
328 0.743353 0.510516 0.002752
329 0.743353 0.511675 0.00261429
330 0.743353 0.512907 0.00271707
331 0.743353 0.51069 0.00244702
332 0.743353 0.509189 0.00249905
333 0.743353 0.514511 0.00279502
334 0.743353 0.512741 0.0022746
335 0.743353 0.51111 0.00234281
336 0.743353 0.511625 0.00228438
337 0.743353 0.508222 0.00243047
338 0.743353 0.51443 0.00247143
339 0.743353 0.510908 0.0024139
340 0.743353 0.510039 0.00222844
341 0.743353 0.517742 0.00261604
342 0.743353 0.51398 0.00255728
343 0.743353 0.511661 0.00249803
344 0.743353 0.515396 0.00258981
345 0.743353 0.511687 0.00249117
346 0.743353 0.512581 0.00284132
347 0.743353 0.509387 0.00231918
348 0.743353 0.511498 0.00224521
349 0.743353 0.512538 0.00261847
350 0.743353 0.51013 0.00241326
351 0.743353 0.513217 0.00249074
352 0.743353 0.511379 0.00294392
353 0.743353 0.512814 0.00267484
354 0.743353 0.508567 0.00258621
355 0.743353 0.511594 0.00253391
356 0.743353 0.51095 0.00253711
357 0.743353 0.511091 0.00238172
358 0.743353 0.5075 0.00269914
359 0.743353 0.510239 0.00230267
360 0.743353 0.512062 0.00246865
361 0.743353 0.510805 0.00234911
362 0.743353 0.509489 0.00227215
363 0.743353 0.51503 0.00243603
364 0.743353 0.5133 0.00313847
365 0.743353 0.51272 0.00257801
366 0.743353 0.513651 0.00231384
367 0.743353 0.51322 0.00258589
368 0.743353 0.508568 0.00239998
369 0.743353 0.511643 0.00227622
370 0.743353 0.509689 0.00237483
371 0.743353 0.509248 0.00266339
372 0.747592 0.515494 0.00318022
373 0.747592 0.512844 0.00266984
374 0.747592 0.510134 0.00261453
375 0.747592 0.516433 0.00328033
376 0.747592 0.513354 0.002704
377 0.747592 0.511591 0.0025622
378 0.747592 0.513115 0.0024788
379 0.747592 0.513158 0.00285858
380 0.747592 0.509677 0.00247211
381 0.747592 0.5149 0.00298253
382 0.747592 0.512982 0.00242403
383 0.747592 0.513933 0.00284752
384 0.747592 0.510324 0.00244687
385 0.747592 0.511335 0.00270216
386 0.747592 0.511155 0.00260462
387 0.747592 0.507455 0.0024447
388 0.747592 0.507511 0.00242619
389 0.747592 0.507683 0.00245566
390 0.747592 0.509294 0.00238526
391 0.747592 0.51269 0.00263511
392 0.747592 0.513125 0.00254463
393 0.747592 0.513486 0.00272719
394 0.747592 0.516902 0.00311768
395 0.747592 0.511845 0.00250619
396 0.747592 0.510941 0.00257518
397 0.747592 0.515246 0.00264481
398 0.747592 0.515123 0.00277273
399 0.747592 0.51265 0.00240194
400 0.747592 0.507811 0.00247611
401 0.747592 0.511628 0.00246436
402 0.747592 0.514894 0.00279706
403 0.747592 0.512803 0.00247359
404 0.747592 0.51274 0.00255526
405 0.747592 0.512066 0.00286972
406 0.747592 0.51405 0.00257935
407 0.747592 0.517247 0.00275221
408 0.747592 0.514237 0.00247193
409 0.747592 0.512285 0.00258716
410 0.747592 0.514534 0.0026513
411 0.747592 0.510766 0.00261301
412 0.747592 0.515635 0.00302976
413 0.747592 0.51307 0.0024219
414 0.747592 0.514283 0.00304194
415 0.747592 0.51108 0.0027582
416 0.747592 0.510471 0.00243295
417 0.747592 0.51258 0.00260906
418 0.747592 0.512901 0.0024502
419 0.747592 0.507933 0.00264106
420 0.747592 0.515502 0.00311621
421 0.747592 0.516233 0.00292449
422 0.747592 0.510081 0.00253071
423 0.747592 0.513287 0.00289974
424 0.747592 0.512222 0.00245495
425 0.747592 0.511832 0.00268882
426 0.747592 0.511836 0.00266825
427 0.747592 0.509503 0.00265312
428 0.747592 0.511166 0.00271647
429 0.747592 0.512758 0.00268373
430 0.747592 0.511074 0.00247628
431 0.747592 0.509089 0.00247888
432 0.747592 0.511632 0.00245738
433 0.747592 0.509745 0.00254279
434 0.747592 0.507439 0.00242491
435 0.747592 0.51372 0.00286839
436 0.747592 0.508544 0.00248973
437 0.747592 0.512964 0.00283631
438 0.747592 0.515871 0.0028426
439 0.747592 0.515879 0.00256494
440 0.747592 0.51556 0.0028304
441 0.747592 0.508705 0.00257553
442 0.747592 0.509014 0.00267435
443 0.747592 0.512073 0.00251257
444 0.747592 0.512555 0.00294463
445 0.747592 0.51287 0.00248293
446 0.747592 0.513841 0.00288379
447 0.747592 0.512386 0.00264977
448 0.747592 0.512949 0.0026928
449 0.747592 0.510238 0.00257554
450 0.747592 0.512787 0.00254303
451 0.747592 0.513584 0.00261808
452 0.747592 0.516322 0.00324441
453 0.747592 0.508345 0.00247169
454 0.747592 0.512623 0.00253384
455 0.747592 0.512564 0.00271759
456 0.747592 0.516732 0.00311239
457 0.747592 0.512674 0.00252377
458 0.747592 0.513962 0.00314636
459 0.747592 0.515166 0.00291754
460 0.747592 0.512783 0.00273938
461 0.747592 0.514722 0.00293819
462 0.747592 0.513354 0.00259456
463 0.747592 0.51461 0.00257921
464 0.747592 0.51105 0.00243843
465 0.747592 0.511803 0.00314309
466 0.747592 0.515239 0.0026985
467 0.747592 0.513618 0.0027203
468 0.747592 0.508783 0.0026153
469 0.747592 0.509334 0.00248161
470 0.747592 0.510361 0.00256916
471 0.747592 0.509212 0.00283048
472 0.747592 0.512388 0.00262084
473 0.747592 0.512577 0.0028204
474 0.747592 0.509735 0.00327118
475 0.747592 0.513617 0.003041
476 0.747592 0.515035 0.00302087
477 0.747592 0.513478 0.00282656
478 0.747592 0.513538 0.00265482
479 0.747592 0.514788 0.00274848
480 0.747592 0.513739 0.00308697
481 0.747592 0.512783 0.00277166
482 0.747592 0.515001 0.00296029
483 0.747592 0.516722 0.00263451
484 0.747592 0.515708 0.00303402
485 0.747592 0.512184 0.00281373
486 0.747592 0.512266 0.00273472
487 0.747592 0.512888 0.00235954
488 0.747592 0.513337 0.00289061
489 0.747592 0.515606 0.00276414
490 0.747592 0.513602 0.00282569
491 0.747592 0.512112 0.00258433
492 0.747592 0.514125 0.0026115
493 0.747592 0.511222 0.0024422
494 0.747592 0.512146 0.00244698
495 0.747592 0.514694 0.00287116
496 0.747592 0.515151 0.00286938
497 0.747592 0.511526 0.00265413
498 0.747592 0.511386 0.00254552
499 0.747592 0.5101 0.00280954
500 0.747592 0.512164 0.00277858
501 0.747592 0.510777 0.00272498
502 0.747592 0.51609 0.00312483
503 0.747592 0.516853 0.00350049
504 0.753877 0.511304 0.00344576
505 0.753877 0.511956 0.00290748
506 0.753877 0.51252 0.0025656
507 0.753877 0.511576 0.0028774
508 0.753877 0.511734 0.0032121
509 0.753877 0.510256 0.00262829
510 0.753877 0.51483 0.00299939
511 0.753877 0.513474 0.00273399
512 0.753877 0.51138 0.0025637
513 0.753877 0.510969 0.00299494
514 0.753877 0.511587 0.00289481
515 0.753877 0.513574 0.00322562
516 0.753877 0.514139 0.00284736
517 0.753877 0.515143 0.00280015
518 0.753877 0.511504 0.0025971
519 0.753877 0.509071 0.00271393
520 0.753877 0.510931 0.00264373
521 0.753877 0.512248 0.0027526
522 0.753877 0.517479 0.00316184
523 0.753877 0.510009 0.00280389
524 0.753877 0.509544 0.00248659
525 0.753877 0.512373 0.00291667
526 0.753877 0.513018 0.00286925
527 0.753877 0.513139 0.00261877
528 0.753877 0.515138 0.00275293
529 0.753877 0.50893 0.00299035
530 0.753877 0.514094 0.00267557
531 0.753877 0.511468 0.00284518
532 0.753877 0.512179 0.00267486
533 0.753877 0.511097 0.00260953
534 0.753877 0.510576 0.0025691
535 0.753877 0.510579 0.00257039
536 0.753877 0.514338 0.00295786
537 0.753877 0.510572 0.00259586
538 0.753877 0.511793 0.00275162
539 0.753877 0.509106 0.00265863
540 0.753877 0.508239 0.00268969
541 0.753877 0.510606 0.00256443
542 0.753877 0.511642 0.0025229
543 0.753877 0.514449 0.00299922
544 0.753877 0.511244 0.00255863
545 0.753877 0.512773 0.00262159
546 0.753877 0.512583 0.00262513
547 0.753877 0.510336 0.00301667
548 0.753877 0.510696 0.00256144
549 0.753877 0.511517 0.00257913
550 0.753877 0.509274 0.00264455
551 0.753877 0.516095 0.00335822
552 0.753877 0.51232 0.00271088
553 0.753877 0.512771 0.00275542
554 0.753877 0.50973 0.00292641
555 0.753877 0.51 0.00286018
556 0.753877 0.510155 0.0027353
557 0.753877 0.512667 0.0026858
558 0.753877 0.511582 0.00305571
559 0.753877 0.512037 0.00296562
560 0.753877 0.511669 0.00269736
561 0.753877 0.508634 0.00290041
562 0.753877 0.515056 0.0028048
563 0.753877 0.51791 0.00274848
564 0.753877 0.510252 0.00282288
565 0.753877 0.512749 0.00259196
566 0.753877 0.51214 0.0027776
567 0.753877 0.510381 0.0027539
568 0.753877 0.51195 0.00261484
569 0.753877 0.509877 0.0025537
570 0.753877 0.516042 0.00274808
571 0.753877 0.514166 0.00286791
572 0.753877 0.509256 0.00261976
573 0.753877 0.516242 0.00337529
574 0.753877 0.510305 0.00264574
575 0.753877 0.511035 0.00257207
576 0.753877 0.512785 0.00275267
577 0.753877 0.511249 0.00254994
578 0.753877 0.511079 0.00250397
579 0.753877 0.5127 0.00293451
580 0.753877 0.511377 0.00255694
581 0.753877 0.509796 0.00248544
582 0.753877 0.509922 0.00295918
583 0.753877 0.512575 0.00271171
584 0.753877 0.510065 0.00267796
585 0.753877 0.516859 0.00289884
586 0.753877 0.514289 0.00285045
587 0.753877 0.514667 0.00294179
588 0.753877 0.511294 0.00274663
589 0.753877 0.514306 0.00270122
590 0.753877 0.513283 0.00282542
591 0.753877 0.509832 0.00261332
592 0.753877 0.511596 0.00288759
593 0.753877 0.511138 0.0025492
594 0.753877 0.510675 0.00266027
595 0.753877 0.51004 0.00257512
596 0.753877 0.51344 0.00321487
597 0.753877 0.508529 0.00261579
598 0.753877 0.510988 0.00268257
599 0.753877 0.508893 0.00251955
600 0.753877 0.510696 0.00256265
601 0.753877 0.51006 0.0025728
602 0.753877 0.510568 0.00257131
603 0.753877 0.510982 0.00247331
604 0.753877 0.510997 0.00255855
605 0.753877 0.511425 0.00269032
606 0.753877 0.512464 0.00261553
607 0.753877 0.514624 0.00260335
608 0.753877 0.511609 0.00257538
609 0.753877 0.518115 0.00309467
610 0.753877 0.513819 0.00291578
611 0.753877 0.509771 0.00262865
612 0.753877 0.510449 0.00283278
613 0.753877 0.507788 0.00263084
614 0.753877 0.51473 0.00284292
615 0.753877 0.514337 0.00302276
616 0.753877 0.512187 0.0028398
617 0.753877 0.510385 0.00255764
618 0.753877 0.512491 0.00311766
619 0.753877 0.511101 0.00261986
620 0.753877 0.511008 0.00275398
621 0.753877 0.512011 0.00283608
622 0.753877 0.510748 0.00259674
623 0.753877 0.514017 0.00287493
624 0.753877 0.510209 0.00280239
625 0.753877 0.511869 0.00267452
626 0.753877 0.512067 0.00267952
627 0.753877 0.513096 0.00326908
628 0.753877 0.513014 0.00291863
629 0.753877 0.514912 0.00293508
630 0.753877 0.514061 0.00297106
631 0.753877 0.512773 0.00269884
632 0.753877 0.514032 0.00275805
633 0.753877 0.509229 0.00256647
634 0.753877 0.514481 0.00274069
635 0.753877 0.51202 0.00281706
636 0.753877 0.516548 0.00340941
637 0.753877 0.512787 0.00334357
638 0.753877 0.514927 0.00268262
639 0.753877 0.513138 0.0027905
640 0.753877 0.514975 0.00265391
641 0.753877 0.510459 0.0028149
642 0.753877 0.514976 0.00257018
643 0.753877 0.511378 0.00253338
644 0.753877 0.514977 0.00282548
645 0.753877 0.51403 0.00277817
646 0.753877 0.512206 0.00299729
647 0.753877 0.514694 0.00267515
648 0.753877 0.514051 0.00282693
649 0.753877 0.51468 0.00279806
650 0.753877 0.514583 0.00320403
651 0.753877 0.511632 0.00306577
652 0.753877 0.510911 0.00265936
653 0.753877 0.511436 0.00284245
654 0.753877 0.511778 0.00259811
655 0.753877 0.510697 0.00256616
656 0.753877 0.514726 0.00276838
657 0.753877 0.512228 0.0024976
658 0.753877 0.511841 0.0025053
659 0.753877 0.513859 0.00298678
660 0.753877 0.511707 0.00292887
661 0.753877 0.515311 0.00287862
662 0.753877 0.51087 0.00298076
663 0.753877 0.511698 0.00269289
664 0.753877 0.512731 0.00259603
665 0.753877 0.512905 0.00268429
666 0.753877 0.506955 0.00266748
667 0.753877 0.51173 0.00279845
668 0.753877 0.511202 0.0027137
669 0.753877 0.513005 0.00275876
670 0.753877 0.510762 0.00262104
671 0.753877 0.513229 0.00272778
672 0.753877 0.510719 0.00276907
673 0.753877 0.515167 0.0033034
674 0.753877 0.510412 0.00277622
675 0.753877 0.512474 0.00264393
676 0.753877 0.513225 0.00282262
677 0.753877 0.511988 0.00276442
678 0.753877 0.512727 0.00297171
679 0.753877 0.511399 0.00307417
680 0.753877 0.515829 0.00293197
681 0.753877 0.514994 0.00296479
682 0.753877 0.520753 0.00341222
683 0.753877 0.51482 0.00278085
684 0.753877 0.509657 0.00263961
685 0.753877 0.510712 0.00285243
686 0.753877 0.513092 0.00273244
687 0.753877 0.511882 0.00340514
688 0.753877 0.511393 0.00274458
689 0.753877 0.515596 0.0028612
690 0.753877 0.512723 0.00258921
691 0.753877 0.512381 0.00271808
692 0.753877 0.513141 0.00277039
693 0.753877 0.517138 0.00274943
694 0.753877 0.515203 0.00313644
695 0.753877 0.515151 0.0032771
696 0.753877 0.510431 0.00284822
697 0.753877 0.5129 0.00319235
698 0.753877 0.513673 0.00298377
699 0.753877 0.510847 0.00275427
700 0.753877 0.51504 0.00285293
701 0.753877 0.511231 0.0028813
702 0.753877 0.507108 0.00273588
703 0.753877 0.513074 0.00291247
704 0.753877 0.518452 0.00278054
705 0.753877 0.512302 0.00300664
706 0.753877 0.515942 0.0028437
707 0.753877 0.511484 0.00280625
708 0.753877 0.513499 0.00259608
709 0.753877 0.511204 0.00269875
710 0.753877 0.51062 0.00253678
711 0.753877 0.513638 0.00283008
712 0.753877 0.516567 0.00362186
713 0.753877 0.513555 0.00323891
714 0.753877 0.514026 0.00287513
715 0.753877 0.512797 0.00293809
716 0.753877 0.518336 0.00298652
717 0.753877 0.51378 0.00273624
718 0.753877 0.50979 0.00255727
719 0.753877 0.509727 0.00291926
720 0.753877 0.515538 0.00274111
721 0.753877 0.512678 0.00279261
722 0.753877 0.511942 0.00280165
723 0.753877 0.510291 0.00295436
724 0.753877 0.511401 0.00288037
725 0.753877 0.508306 0.00284108
726 0.753877 0.511923 0.00324244
727 0.753877 0.516102 0.00284251
728 0.753877 0.511332 0.00259822
729 0.753877 0.51269 0.00328078
730 0.753877 0.512225 0.00309464
731 0.753877 0.512074 0.00280965
732 0.753877 0.511783 0.00291921
733 0.753877 0.512013 0.00283397
734 0.753877 0.511731 0.00281132
735 0.753877 0.510818 0.00269179
736 0.753877 0.508036 0.00286244
737 0.753877 0.512272 0.00294848
738 0.753877 0.513073 0.00281092
739 0.753877 0.51577 0.00269277
740 0.753877 0.513489 0.00293319
741 0.753877 0.510496 0.00297432
742 0.753877 0.515934 0.00313599
743 0.753877 0.513479 0.00317229
744 0.753877 0.514585 0.00334967
745 0.753877 0.510267 0.00292429
746 0.753877 0.510535 0.00290775
747 0.753877 0.515042 0.00276788
748 0.753877 0.51401 0.00334672
749 0.753877 0.511905 0.00263773
750 0.753877 0.506887 0.00266401
751 0.753877 0.511092 0.00272725
752 0.753877 0.514479 0.0029128
753 0.753877 0.51195 0.00273839
754 0.753877 0.511902 0.00290064
755 0.753877 0.511361 0.00282186
756 0.753877 0.516628 0.00305918
757 0.753877 0.513956 0.00281121
758 0.753877 0.512439 0.00311234
759 0.753877 0.51289 0.00294269
760 0.753877 0.509965 0.00282894
761 0.753877 0.509527 0.00299573
762 0.753877 0.510363 0.00260938
763 0.753877 0.512689 0.00304451
764 0.753877 0.510759 0.00252543
765 0.753877 0.511803 0.00283775
766 0.753877 0.51439 0.00307385
767 0.753877 0.512153 0.00296455
768 0.753877 0.511186 0.00297915
769 0.753877 0.507683 0.00275295
770 0.753877 0.51234 0.00280563
771 0.753877 0.515727 0.0027759
772 0.753877 0.513889 0.002699
773 0.753877 0.508291 0.00266045
774 0.753877 0.513105 0.00282683
775 0.753877 0.511424 0.00275205
776 0.753877 0.511903 0.00314292
777 0.753877 0.510973 0.0027849
778 0.753877 0.511864 0.00318502
779 0.753877 0.509859 0.00270453
780 0.753877 0.507593 0.00280366
781 0.753877 0.512449 0.00309237
782 0.753877 0.509971 0.00261159
783 0.753877 0.516167 0.00325574
784 0.753877 0.512137 0.00268887
785 0.753877 0.511547 0.00261874
786 0.753877 0.51236 0.00262679
787 0.753877 0.511609 0.00288597
788 0.753877 0.509644 0.00290869
789 0.753877 0.512309 0.00261206
790 0.753877 0.510771 0.00286342
791 0.753877 0.512476 0.00292816
792 0.753877 0.511606 0.00304966
793 0.753877 0.514265 0.00290844
794 0.753877 0.510698 0.00320164
795 0.753877 0.510999 0.00279744
796 0.753877 0.508918 0.00295903
797 0.753877 0.511479 0.0029461
798 0.753877 0.509398 0.00272212
799 0.753877 0.510095 0.0027448
800 0.753877 0.510624 0.00270104
801 0.753877 0.512914 0.00312059
802 0.753877 0.518073 0.00386283
803 0.753877 0.514633 0.00342719
804 0.753877 0.516912 0.00300072
805 0.753877 0.510992 0.00297332
806 0.753877 0.514308 0.00286105
807 0.753877 0.513612 0.00294277
808 0.753877 0.514047 0.00308841
809 0.753877 0.516364 0.0030005
810 0.753877 0.512183 0.00272779
811 0.753877 0.511344 0.00292165
812 0.753877 0.513805 0.00263241
813 0.753877 0.510764 0.00266928
814 0.753877 0.512331 0.00257994
815 0.753877 0.511799 0.00274145
816 0.753877 0.512487 0.00285847
817 0.753877 0.515512 0.00274682
818 0.753877 0.514644 0.00279409
819 0.753877 0.513284 0.00300832
820 0.753877 0.514497 0.00273352
821 0.753877 0.508528 0.00286235
822 0.753877 0.511375 0.0026372
823 0.753877 0.506823 0.00277691
824 0.753877 0.513783 0.0030498
825 0.753877 0.510958 0.00278762
826 0.753877 0.511978 0.00276511
827 0.753877 0.510241 0.0027957
828 0.753877 0.511539 0.0030052
829 0.753877 0.51144 0.00283519
830 0.753877 0.507774 0.0028417
831 0.753877 0.516463 0.00265608
832 0.753877 0.515635 0.00281685
833 0.753877 0.514558 0.00294795
834 0.753877 0.511494 0.00303912
835 0.753877 0.512909 0.00279353
836 0.753877 0.509112 0.00266048
837 0.753877 0.515772 0.00276383
838 0.753877 0.512711 0.00268901
839 0.753877 0.517164 0.00301839
840 0.753877 0.514234 0.00287298
841 0.753877 0.512813 0.00276461
842 0.753877 0.512511 0.0025908
843 0.781718 0.517776 0.00411465
844 0.781718 0.513232 0.00285312
845 0.781718 0.51527 0.00283003
846 0.781718 0.509332 0.00295994
847 0.781718 0.51516 0.0029936
848 0.781718 0.515857 0.00293868
849 0.781718 0.514517 0.00325455
850 0.781718 0.508339 0.00298817
851 0.781718 0.514677 0.00352441
852 0.781718 0.517299 0.00348099
853 0.781718 0.511297 0.00289822
854 0.781718 0.51378 0.00302131
855 0.781718 0.512594 0.00287361
856 0.781718 0.511259 0.00280097
857 0.781718 0.512895 0.00294865
858 0.781718 0.511276 0.00281518
859 0.795662 0.515181 0.00413232
860 0.795662 0.518066 0.00361989
861 0.795662 0.515961 0.00372446
862 0.795662 0.514533 0.00344468
863 0.795662 0.519953 0.00409275
864 0.795662 0.518559 0.00354141
865 0.795662 0.512346 0.00320985
866 0.795662 0.511678 0.0029875
867 0.795662 0.513501 0.00311263
868 0.795662 0.509955 0.00302474
869 0.795662 0.513556 0.00344463
870 0.795662 0.510271 0.00324219
871 0.795662 0.511308 0.00319423
872 0.795662 0.515326 0.00318612
873 0.795662 0.517104 0.00351261
874 0.795662 0.509314 0.00313442
875 0.795662 0.512366 0.00304694
876 0.795662 0.513655 0.00309197
877 0.795662 0.515464 0.00332717
878 0.795662 0.512028 0.00324379
879 0.795662 0.513183 0.0031017
880 0.795662 0.514443 0.00336612
881 0.795662 0.515426 0.00341755
882 0.795662 0.511422 0.0029928
883 0.795662 0.512939 0.00314039
884 0.795662 0.516817 0.003654
885 0.795662 0.513182 0.00310403
886 0.795662 0.512839 0.00357826
887 0.795662 0.511032 0.00308313
888 0.795662 0.512434 0.00371487
889 0.795662 0.515806 0.00311671
890 0.795662 0.512467 0.00356874
891 0.795662 0.514401 0.00330245
892 0.795662 0.515878 0.00341263
893 0.795662 0.514674 0.00329896
894 0.795662 0.51296 0.00311863
895 0.795662 0.51549 0.00331293
896 0.795662 0.510192 0.00326254
897 0.795662 0.507691 0.00335324
898 0.795662 0.513383 0.00332079
899 0.795662 0.508842 0.00320888
900 0.795662 0.513796 0.00347267
901 0.795662 0.515856 0.0032199
902 0.795662 0.514391 0.00346432
903 0.795662 0.516746 0.0032969
904 0.795662 0.517765 0.00380783
905 0.795662 0.514158 0.0032251
906 0.795662 0.517522 0.0035296
907 0.795662 0.511653 0.00321515
908 0.795662 0.515657 0.00324664
909 0.795662 0.510393 0.00319034
910 0.795662 0.510909 0.0031215
911 0.795662 0.5136 0.0034953
912 0.795662 0.512923 0.00360135
913 0.795662 0.510148 0.0032536
914 0.795662 0.511262 0.00318585
915 0.795662 0.516306 0.00349878
916 0.795662 0.510289 0.00295869
917 0.795662 0.511608 0.00301548
918 0.795662 0.515581 0.00326717
919 0.795662 0.514112 0.00322696
920 0.795662 0.515996 0.00341766
921 0.795662 0.513699 0.00329158
922 0.795662 0.509653 0.00348679
923 0.795662 0.509757 0.00325006
924 0.795662 0.514365 0.00333196
925 0.795662 0.51359 0.00361536
926 0.795662 0.516364 0.00318894
927 0.795662 0.512447 0.00318592
928 0.795662 0.516566 0.00327793
929 0.795662 0.515245 0.00361643
930 0.795662 0.516379 0.00334279
931 0.795662 0.515524 0.00351517
932 0.795662 0.515443 0.00348001
933 0.795662 0.51465 0.00324454
934 0.795662 0.515492 0.00348886
935 0.795662 0.514827 0.00336963
936 0.795662 0.514564 0.00322918
937 0.795662 0.512185 0.00347104
938 0.795662 0.514298 0.00319657
939 0.795662 0.511745 0.00309057
940 0.795662 0.513052 0.00315887
941 0.795662 0.515837 0.0031708
942 0.795662 0.518028 0.00344866
943 0.795662 0.515428 0.00366749
944 0.795662 0.512907 0.00307884
945 0.795662 0.512887 0.0034282
946 0.795662 0.513571 0.00354076
947 0.795662 0.514616 0.00318255
948 0.795662 0.512377 0.00319496
949 0.795662 0.51285 0.00316266
950 0.795662 0.511055 0.00301516
951 0.795662 0.512421 0.00319407
952 0.795662 0.51144 0.00334573
953 0.795662 0.510495 0.00308105
954 0.795662 0.512929 0.00368988
955 0.795662 0.513344 0.00325207
956 0.795662 0.509914 0.003041
957 0.795662 0.511292 0.00317687
958 0.795662 0.509758 0.00300067
959 0.795662 0.51142 0.00310847
960 0.795662 0.513393 0.00352055
961 0.795662 0.513527 0.0035688
962 0.795662 0.516249 0.0033938
963 0.795662 0.513807 0.00327577
964 0.795662 0.509466 0.00324572
965 0.795662 0.510933 0.0030995
966 0.795662 0.517622 0.00329191
967 0.795662 0.513828 0.00359989
968 0.795662 0.51538 0.00350811
969 0.795662 0.513801 0.00306021
970 0.795662 0.513913 0.0031841
971 0.795662 0.512238 0.0031384
972 0.795662 0.514835 0.00351754
973 0.795662 0.515036 0.0033159
974 0.795662 0.514448 0.00332618
975 0.795662 0.513269 0.00327186
976 0.795662 0.514916 0.00336384
977 0.795662 0.512685 0.00328348
978 0.795662 0.511307 0.0031475
979 0.795662 0.510426 0.00302685
980 0.795662 0.515234 0.00356241
981 0.795662 0.509232 0.00303976
982 0.795662 0.514462 0.00336967
983 0.795662 0.511412 0.00308045
984 0.795662 0.509454 0.00321506
985 0.795662 0.515459 0.00401858
986 0.795662 0.514683 0.00323985
987 0.795662 0.514171 0.00347708
988 0.795662 0.512634 0.00300637
989 0.795662 0.511906 0.00339071
990 0.795662 0.512291 0.00339925
991 0.795662 0.51369 0.00322599
992 0.795662 0.515589 0.00320199
993 0.795662 0.512426 0.00323572
994 0.795662 0.514025 0.00320936
995 0.795662 0.513003 0.0031131
996 0.795662 0.513631 0.00348652
997 0.795662 0.510092 0.00313728
998 0.795662 0.511376 0.00304449
999 0.795662 0.514584 0.00324775
1000 0.795662 0.512311 0.00305143
1001 0.795662 0.510803 0.00342424
1002 0.795662 0.513813 0.00322072
1003 0.795662 0.514084 0.00328783
1004 0.795662 0.515133 0.00313018
1005 0.795662 0.516567 0.00315329
1006 0.795662 0.513315 0.00333231
1007 0.795662 0.514246 0.00316755
1008 0.795662 0.51161 0.00315394
1009 0.795662 0.517205 0.0038645
1010 0.795662 0.514103 0.00346824
1011 0.795662 0.511969 0.00332332
1012 0.795662 0.512843 0.00383656
1013 0.795662 0.512631 0.0033428
1014 0.795662 0.514179 0.00319789
1015 0.795662 0.513962 0.00315685
1016 0.795662 0.511123 0.00316367
1017 0.795662 0.512938 0.00331714
1018 0.795662 0.513358 0.00347736
1019 0.795662 0.512621 0.00352667
1020 0.795662 0.515488 0.00338995
1021 0.795662 0.514635 0.00315504
1022 0.795662 0.514281 0.00350691
1023 0.795662 0.515299 0.00339992
1024 0.795662 0.513963 0.0035482
1025 0.795662 0.517399 0.00338166
1026 0.795662 0.513092 0.00347644
1027 0.795662 0.515527 0.00340087
1028 0.795662 0.516461 0.00334925
1029 0.795662 0.514747 0.0031359
1030 0.795662 0.517688 0.00370928
1031 0.795662 0.514803 0.00357642
1032 0.795662 0.516517 0.00357226
1033 0.795662 0.511202 0.00337237
1034 0.795662 0.51207 0.00377209
1035 0.795662 0.516378 0.00366591
1036 0.795662 0.514963 0.00322196
1037 0.795662 0.512794 0.00328331
1038 0.795662 0.512241 0.00307865
1039 0.795662 0.514156 0.00339246
1040 0.795662 0.516636 0.00362536
1041 0.795662 0.511804 0.00339688
1042 0.795662 0.512434 0.0030466
1043 0.795662 0.513253 0.00315342
1044 0.795662 0.512103 0.00317731
1045 0.795662 0.510459 0.00322706
1046 0.795662 0.509937 0.00317178
1047 0.795662 0.514132 0.00311303
1048 0.795662 0.514705 0.00328218
1049 0.795662 0.515014 0.00347919
1050 0.795662 0.510175 0.00314321
1051 0.795662 0.512601 0.00320817
1052 0.795662 0.511787 0.00342963
1053 0.795662 0.512742 0.0036819
1054 0.795662 0.515064 0.00353681
1055 0.795662 0.511953 0.00298828
1056 0.795662 0.511901 0.00312797
1057 0.795662 0.512877 0.00322752
1058 0.795662 0.512209 0.00322595
1059 0.795662 0.514392 0.0033147
1060 0.795662 0.51353 0.00366818
1061 0.795662 0.514933 0.00344431
1062 0.795662 0.516782 0.00416555
1063 0.795662 0.515136 0.0037299
1064 0.795662 0.510442 0.00324162
1065 0.795662 0.510843 0.00319981
1066 0.795662 0.514882 0.00354193
1067 0.795662 0.513714 0.00330016
1068 0.795662 0.51565 0.00323128
1069 0.795662 0.51172 0.0032233
1070 0.795662 0.512139 0.0030289
1071 0.795662 0.512909 0.00331032
1072 0.795662 0.51068 0.0032441
1073 0.795662 0.513144 0.00337879
1074 0.795662 0.509449 0.00336979
1075 0.795662 0.512996 0.00338349
1076 0.795662 0.516241 0.00344806
1077 0.795662 0.513984 0.00321851
1078 0.795662 0.510651 0.0032553
1079 0.795662 0.511659 0.00324539
1080 0.795662 0.51121 0.00320978
1081 0.795662 0.511133 0.00318522
1082 0.795662 0.511692 0.00323469
1083 0.795662 0.512622 0.00318491
1084 0.795662 0.512573 0.00323939
1085 0.795662 0.509949 0.0032046
1086 0.795662 0.508892 0.00340155
1087 0.795662 0.508186 0.0033325
1088 0.795662 0.514295 0.00317659
1089 0.795662 0.51184 0.00303952
1090 0.795662 0.511513 0.00323153
1091 0.795662 0.508672 0.00327597
1092 0.795662 0.513232 0.00390736
1093 0.795662 0.509006 0.00337039
1094 0.795662 0.509581 0.00328327
1095 0.795662 0.512076 0.00306602
1096 0.795662 0.514648 0.00314256
1097 0.795662 0.516735 0.00337712
1098 0.795662 0.513029 0.00355514
1099 0.795662 0.516063 0.00366175
1100 0.795662 0.513345 0.0036792
1101 0.795662 0.510675 0.00344415
1102 0.795662 0.511021 0.00321652
1103 0.795662 0.518269 0.00390608
1104 0.795662 0.511969 0.00341767
1105 0.795662 0.513466 0.00381327
1106 0.795662 0.507987 0.00319232
1107 0.795662 0.510453 0.00305801
1108 0.795662 0.512089 0.00315789
1109 0.795662 0.512387 0.00308516
1110 0.795662 0.514516 0.00335247
1111 0.795662 0.514232 0.00307615
1112 0.795662 0.511103 0.0031786
1113 0.795662 0.512885 0.00312936
1114 0.795662 0.513336 0.00328862
1115 0.795662 0.510929 0.0035286
1116 0.795662 0.513755 0.00336812
1117 0.795662 0.512899 0.00322676
1118 0.795662 0.50995 0.00305632
1119 0.795662 0.514425 0.00336701
1120 0.795662 0.51724 0.00325342
1121 0.795662 0.513618 0.00312641
1122 0.795662 0.514128 0.00312589
1123 0.795662 0.513617 0.00315483
1124 0.795662 0.51179 0.00307981
1125 0.795662 0.514552 0.00324104
1126 0.795662 0.514465 0.00321735
1127 0.795662 0.514372 0.00308056
1128 0.795662 0.513126 0.00341201
1129 0.795662 0.510186 0.00326106
1130 0.795662 0.516164 0.00357696
1131 0.795662 0.51068 0.00325881
1132 0.795662 0.511111 0.00365047
1133 0.795662 0.513473 0.00350151
1134 0.795662 0.512904 0.00323995
1135 0.795662 0.513041 0.00312039
1136 0.795662 0.513762 0.00322064
1137 0.795662 0.514414 0.00334511
1138 0.795662 0.517261 0.00334307
1139 0.795662 0.515575 0.00320671
1140 0.795662 0.512987 0.00341291
1141 0.795662 0.512315 0.0033051
1142 0.795662 0.513274 0.00332998
1143 0.795662 0.515222 0.00382126
1144 0.795662 0.513793 0.00343443
1145 0.795662 0.513518 0.00331309
1146 0.795662 0.51083 0.00304009
1147 0.795662 0.50858 0.0034253
1148 0.795662 0.514341 0.00321229
1149 0.795662 0.514832 0.00322834
1150 0.795662 0.515194 0.0034403
1151 0.795662 0.514774 0.0035161
1152 0.795662 0.512055 0.00355603
1153 0.795662 0.513336 0.00323401
1154 0.795662 0.514339 0.00344515
1155 0.795662 0.51478 0.00330174
1156 0.795662 0.515351 0.00324724
1157 0.795662 0.518479 0.00363659
1158 0.795662 0.511399 0.00331457
1159 0.795662 0.516673 0.0033153
1160 0.795662 0.514377 0.00319448
1161 0.795662 0.511473 0.00313371
1162 0.795662 0.512628 0.00327728
1163 0.795662 0.514912 0.00339045
1164 0.795662 0.513756 0.0030841
1165 0.795662 0.515747 0.00337589
1166 0.795662 0.511797 0.00316417
1167 0.795662 0.513104 0.00319666
1168 0.795662 0.511449 0.00328939
1169 0.795662 0.512673 0.00338758
1170 0.795662 0.514067 0.00397974
1171 0.795662 0.516383 0.00321895
1172 0.795662 0.51448 0.00318861
1173 0.795662 0.513204 0.00322256
1174 0.795662 0.511592 0.0031542
1175 0.795662 0.512404 0.00311546
1176 0.795662 0.515472 0.00344431
1177 0.795662 0.516021 0.00332193
1178 0.795662 0.511917 0.00335563
1179 0.795662 0.510084 0.00309712
1180 0.795662 0.512063 0.0031285
1181 0.795662 0.517018 0.00328847
1182 0.795662 0.515099 0.00351797
1183 0.795662 0.510934 0.00319896
1184 0.795662 0.511263 0.00315466
1185 0.795662 0.51107 0.0032223
1186 0.795662 0.514705 0.00327128
1187 0.795662 0.516735 0.00373838
1188 0.795662 0.515696 0.00346321
1189 0.795662 0.512183 0.00312185
1190 0.795662 0.511968 0.00346938
1191 0.795662 0.51495 0.00306058
1192 0.795662 0.514877 0.00324122
1193 0.795662 0.509203 0.00306889
1194 0.795662 0.515354 0.0034293
1195 0.795662 0.512018 0.00327423
1196 0.795662 0.517088 0.00342098
1197 0.795662 0.514431 0.00361681
1198 0.795662 0.513158 0.00348132
1199 0.795662 0.512298 0.00312204
1200 0.795662 0.512061 0.00332122
1201 0.795662 0.512746 0.00339589
1202 0.795662 0.515939 0.0038609
1203 0.795662 0.513786 0.00318187
1204 0.795662 0.514071 0.00318273
1205 0.795662 0.512676 0.00300187
1206 0.795662 0.513467 0.00312329
1207 0.795662 0.513462 0.00348283
1208 0.795662 0.51677 0.00339386
1209 0.795662 0.513194 0.00380717
1210 0.795662 0.517581 0.00384536
1211 0.795662 0.513021 0.00323292
1212 0.795662 0.509247 0.0032157
1213 0.795662 0.515944 0.00366993
1214 0.795662 0.51173 0.00337399
1215 0.795662 0.516303 0.00357519
1216 0.795662 0.514314 0.00360114
1217 0.795662 0.512164 0.00325563
1218 0.795662 0.515363 0.00322882
1219 0.795662 0.515757 0.00333537
1220 0.795662 0.51282 0.00315782
1221 0.795662 0.511952 0.00324203
1222 0.795662 0.515048 0.00335771
1223 0.795662 0.514214 0.00324755
1224 0.795662 0.514574 0.00330946
1225 0.795662 0.518778 0.00378613
1226 0.795662 0.51996 0.00448127
1227 0.795662 0.51346 0.0031634
1228 0.795662 0.511733 0.00328625
1229 0.795662 0.513855 0.00336382
1230 0.795662 0.516745 0.00315998
1231 0.795662 0.51553 0.00346952
1232 0.795662 0.510237 0.00319951
1233 0.795662 0.514463 0.00326603
1234 0.795662 0.514074 0.00347523
1235 0.795662 0.517648 0.00365689
1236 0.795662 0.515786 0.00345165
1237 0.795662 0.51199 0.00317035
1238 0.795662 0.512773 0.00341062
1239 0.795662 0.513097 0.00325697
1240 0.795662 0.518121 0.00371881
1241 0.795662 0.517289 0.00380851
1242 0.795662 0.512984 0.00338447
1243 0.795662 0.51292 0.00341549
1244 0.795662 0.514839 0.00328461
1245 0.795662 0.517605 0.00375386
1246 0.795662 0.517535 0.0035695
1247 0.795662 0.515495 0.0032958
1248 0.795662 0.515009 0.00356827
1249 0.795662 0.512986 0.00316957
1250 0.795662 0.513111 0.00317782
1251 0.795662 0.508895 0.00349556
1252 0.795662 0.513223 0.00312469
1253 0.795662 0.514241 0.00345509
1254 0.795662 0.515543 0.00317609
1255 0.795662 0.515573 0.00340514
1256 0.795662 0.519396 0.00391352
1257 0.795662 0.514706 0.00316131
1258 0.795662 0.510521 0.00324981
1259 0.795662 0.513614 0.00308783
1260 0.795662 0.515116 0.00355095
1261 0.795662 0.511949 0.00313986
1262 0.795662 0.512507 0.0031288
1263 0.795662 0.509014 0.00311977
1264 0.795662 0.512612 0.00351094
1265 0.795662 0.513465 0.00334965
1266 0.795662 0.512915 0.00331115
1267 0.795662 0.514728 0.00342463
1268 0.795662 0.514473 0.00362046
1269 0.795662 0.512946 0.00311716
1270 0.795662 0.510063 0.00319745
1271 0.795662 0.517863 0.00390718
1272 0.795662 0.512319 0.00308983
1273 0.795662 0.518324 0.00355078
1274 0.795662 0.516684 0.00334909
1275 0.795662 0.513924 0.0034489
1276 0.795662 0.510534 0.0031117
1277 0.795662 0.511357 0.0033066
1278 0.795662 0.514529 0.00328579
1279 0.795662 0.515014 0.00310167
1280 0.795662 0.513434 0.00331772
1281 0.795662 0.517011 0.00337171
1282 0.795662 0.509927 0.00307728
1283 0.795662 0.509048 0.00319907
1284 0.795662 0.515426 0.00385101
1285 0.795662 0.514517 0.00328971
1286 0.795662 0.514891 0.00328829
1287 0.795662 0.513085 0.0035924
1288 0.795662 0.51313 0.0032151
1289 0.795662 0.516295 0.00323125
1290 0.795662 0.512493 0.00307237
1291 0.795662 0.516318 0.00344195
1292 0.795662 0.514785 0.00323165
1293 0.795662 0.512036 0.00306197
1294 0.795662 0.51451 0.00303352
1295 0.795662 0.512248 0.00335424
1296 0.795662 0.517179 0.00324778
1297 0.795662 0.514834 0.00312975
1298 0.795662 0.510652 0.00334832
1299 0.795662 0.512013 0.00363282
1300 0.795662 0.508201 0.00332858
1301 0.795662 0.511755 0.00363473
1302 0.795662 0.513289 0.00343929
1303 0.795662 0.513721 0.00370821
1304 0.795662 0.517347 0.00387347
1305 0.795662 0.514898 0.0038309
1306 0.795662 0.510208 0.00340362
1307 0.795662 0.512901 0.0037024
1308 0.795662 0.514949 0.0037117
1309 0.795662 0.514809 0.0033141
1310 0.795662 0.510914 0.00325269
1311 0.795662 0.513455 0.0032226
1312 0.795662 0.515082 0.00355251
1313 0.795662 0.513822 0.00357584
1314 0.795662 0.513335 0.00349615
1315 0.795662 0.512613 0.00343361
1316 0.795662 0.515903 0.00367906
1317 0.795662 0.512015 0.00312682
1318 0.795662 0.514358 0.0032671
1319 0.795662 0.511272 0.00320524
1320 0.795662 0.513206 0.00362878
1321 0.795662 0.510164 0.00313269
1322 0.795662 0.513805 0.00355225
1323 0.795662 0.512827 0.00322631
1324 0.795662 0.512878 0.00314695
1325 0.795662 0.515545 0.00350339
1326 0.795662 0.512924 0.00323557
1327 0.795662 0.511987 0.00349306
1328 0.795662 0.512837 0.00349929
1329 0.795662 0.512031 0.00359403
1330 0.795662 0.511188 0.0033054
1331 0.795662 0.516332 0.00314928
1332 0.795662 0.514641 0.00327111
1333 0.795662 0.509931 0.00342416
1334 0.795662 0.512548 0.00306951
1335 0.795662 0.516669 0.00344101
1336 0.795662 0.515734 0.00315599
1337 0.795662 0.512941 0.00304598
1338 0.795662 0.514127 0.00362672
1339 0.795662 0.516761 0.00367438
1340 0.795662 0.517003 0.00335818
1341 0.795662 0.51718 0.00372692
1342 0.795662 0.511401 0.00323903
1343 0.795662 0.518609 0.00339233
1344 0.795662 0.514369 0.00343763
1345 0.795662 0.513549 0.00327919
1346 0.795662 0.513477 0.00308454
1347 0.795662 0.5158 0.00311971
1348 0.795662 0.512125 0.00333982
1349 0.795662 0.5127 0.00314911
1350 0.795662 0.511204 0.00349002
1351 0.795662 0.516104 0.00358386
1352 0.795662 0.513424 0.00326749
1353 0.795662 0.513619 0.00371157
1354 0.795662 0.51152 0.00322707
1355 0.795662 0.511109 0.00312233
1356 0.795662 0.513948 0.00356984
1357 0.795662 0.512344 0.00324711
1358 0.795662 0.51575 0.00310783
1359 0.795662 0.511696 0.00301247
1360 0.795662 0.513572 0.00308568
1361 0.795662 0.512082 0.00324684
1362 0.795662 0.512442 0.00331868
1363 0.795662 0.516519 0.00349035
1364 0.795662 0.516657 0.00348703
1365 0.795662 0.512117 0.00304482
1366 0.795662 0.510023 0.00334604
1367 0.795662 0.51485 0.00362209
1368 0.795662 0.516727 0.00363719
1369 0.795662 0.512737 0.00343013
1370 0.795662 0.513118 0.00327526
1371 0.795662 0.514702 0.00336486
1372 0.795662 0.516485 0.00352645
1373 0.795662 0.515245 0.00368458
1374 0.795662 0.516247 0.00334565
1375 0.795662 0.512621 0.00335104
1376 0.795662 0.512714 0.0031107
1377 0.795662 0.515543 0.00356382
1378 0.795662 0.513849 0.00333192
1379 0.795662 0.515432 0.0034155
1380 0.795662 0.512466 0.00315553
1381 0.795662 0.513076 0.00347544
1382 0.795662 0.518321 0.00360215
1383 0.795662 0.513754 0.0035501
1384 0.795662 0.514902 0.00336863
1385 0.795662 0.512791 0.00325594
1386 0.795662 0.514027 0.00323511
1387 0.795662 0.516969 0.00341664
1388 0.795662 0.5105 0.00326413
1389 0.795662 0.515147 0.00328158
1390 0.795662 0.511959 0.00317869
1391 0.795662 0.520067 0.00418478
1392 0.795662 0.516182 0.00334424
1393 0.795662 0.514477 0.00375728
1394 0.795662 0.514487 0.00324819
1395 0.795662 0.514305 0.00328295
1396 0.795662 0.510856 0.00330224
1397 0.795662 0.513789 0.00354681
1398 0.795662 0.514257 0.00320434
1399 0.795662 0.510969 0.00318457
1400 0.795662 0.515702 0.00325047
1401 0.795662 0.51255 0.00358624
1402 0.795662 0.515269 0.00319812
1403 0.795662 0.513485 0.00340542
1404 0.795662 0.515585 0.00352966
1405 0.795662 0.512345 0.00313568
1406 0.795662 0.508681 0.00314208
1407 0.795662 0.514244 0.00417365
1408 0.795662 0.512812 0.0032738
1409 0.795662 0.513005 0.00329975
1410 0.795662 0.512635 0.00330788
1411 0.795662 0.516324 0.00380204
1412 0.795662 0.511298 0.00331674
1413 0.795662 0.511923 0.00348018
1414 0.795662 0.510303 0.00317738
1415 0.795662 0.515995 0.00392244
1416 0.795662 0.510279 0.00323979
1417 0.795662 0.520101 0.00394504
1418 0.795662 0.514109 0.00348321
1419 0.795662 0.513519 0.00350155
1420 0.795662 0.513005 0.00329624
1421 0.795662 0.514839 0.00379611
1422 0.795662 0.5118 0.00328933
1423 0.795662 0.516584 0.00333549
1424 0.795662 0.50972 0.00332578
1425 0.795662 0.511245 0.00339592
1426 0.795662 0.51573 0.00322741
1427 0.795662 0.51831 0.00382511
1428 0.795662 0.51747 0.00359293
1429 0.795662 0.513093 0.00332642
1430 0.795662 0.51285 0.00349563
1431 0.795662 0.513764 0.00319738
1432 0.795662 0.514513 0.00369789
1433 0.795662 0.513581 0.00312192
1434 0.795662 0.512097 0.00322541
1435 0.795662 0.514185 0.00354614
1436 0.795662 0.511335 0.00311544
1437 0.795662 0.514537 0.00338685
1438 0.795662 0.512014 0.00311804
1439 0.795662 0.51291 0.00321566
1440 0.795662 0.515382 0.00359046
1441 0.795662 0.512867 0.00323096
1442 0.795662 0.512447 0.00333203
1443 0.795662 0.513129 0.00318253
1444 0.795662 0.517859 0.00332215
1445 0.795662 0.514345 0.00331806
1446 0.795662 0.511521 0.00317366
1447 0.795662 0.512363 0.00306033
1448 0.795662 0.512756 0.00386663
1449 0.795662 0.511125 0.00325223
1450 0.795662 0.516356 0.00353995
1451 0.795662 0.513449 0.00348927
1452 0.795662 0.513583 0.00319268
1453 0.795662 0.51128 0.00319519
1454 0.795662 0.514396 0.00324526
1455 0.795662 0.515758 0.00351511
1456 0.795662 0.510735 0.00327056
1457 0.795662 0.512651 0.0032296
1458 0.795662 0.512949 0.003301
1459 0.795662 0.509346 0.00356098
1460 0.795662 0.511698 0.00341295
1461 0.795662 0.513792 0.00323104
1462 0.795662 0.513105 0.00324183
1463 0.795662 0.510331 0.00340807
1464 0.795662 0.513497 0.003236
1465 0.795662 0.512451 0.00318539
1466 0.795662 0.513107 0.00330121
1467 0.795662 0.514218 0.00339207
1468 0.795662 0.513559 0.00326565
1469 0.795662 0.513804 0.0032484
1470 0.795662 0.513084 0.00320874
1471 0.795662 0.514747 0.00343841
1472 0.795662 0.513192 0.00327275
1473 0.795662 0.513205 0.00314106
1474 0.795662 0.512019 0.00361662
1475 0.795662 0.516879 0.00396524
1476 0.795662 0.514972 0.00322513
1477 0.795662 0.511968 0.00369208
1478 0.795662 0.516493 0.00346024
1479 0.795662 0.515821 0.00385435
1480 0.795662 0.514445 0.00366683
1481 0.795662 0.51197 0.0035471
1482 0.795662 0.514682 0.00326672
1483 0.795662 0.517233 0.00370031
1484 0.795662 0.518514 0.00345863
1485 0.795662 0.514921 0.00331998
1486 0.795662 0.512335 0.00330727
1487 0.795662 0.512821 0.00312866
1488 0.795662 0.515769 0.00320733
1489 0.795662 0.517707 0.00361838
1490 0.795662 0.519287 0.00370742
1491 0.795662 0.516672 0.00361815
1492 0.795662 0.512777 0.0032544
1493 0.795662 0.516332 0.00348813
1494 0.795662 0.514634 0.00337768
1495 0.795662 0.512672 0.0030978
1496 0.795662 0.514291 0.00311693
1497 0.795662 0.513751 0.00356653
1498 0.795662 0.512016 0.00331586
1499 0.795662 0.508126 0.00332577
1500 0.795662 0.513337 0.00352595
1501 0.795662 0.514062 0.00300625
1502 0.795662 0.51344 0.00323633
1503 0.795662 0.511157 0.00332224
1504 0.795662 0.511417 0.00324971
1505 0.795662 0.515244 0.00374643
1506 0.795662 0.512521 0.00325947
1507 0.795662 0.517692 0.00382303
1508 0.795662 0.512911 0.00345529
1509 0.795662 0.513617 0.00326414
1510 0.795662 0.51706 0.00352598
1511 0.795662 0.512651 0.00410703
1512 0.795662 0.51279 0.00309696
1513 0.795662 0.514172 0.00344916
1514 0.795662 0.512546 0.00370614
1515 0.795662 0.515076 0.0032389
1516 0.795662 0.513887 0.00349996
1517 0.795662 0.512934 0.0033089
1518 0.795662 0.515884 0.00326227
1519 0.795662 0.516169 0.0031382
1520 0.795662 0.518007 0.00334616
1521 0.795662 0.51459 0.00327039
1522 0.795662 0.511364 0.00351693
1523 0.795662 0.520167 0.00388605
1524 0.795662 0.514881 0.00304057
1525 0.795662 0.509361 0.00322418
1526 0.795662 0.513364 0.00355674
1527 0.795662 0.516594 0.00341583
1528 0.795662 0.511496 0.00319241
1529 0.795662 0.510929 0.00334555
1530 0.795662 0.509624 0.00313458
1531 0.795662 0.513703 0.003198
1532 0.795662 0.50993 0.00354509
1533 0.795662 0.513389 0.00323657
1534 0.795662 0.51394 0.00313652
1535 0.795662 0.513804 0.00303356
1536 0.795662 0.513187 0.00312013
1537 0.795662 0.513142 0.00328139
1538 0.795662 0.511297 0.0034631
1539 0.795662 0.516283 0.00335538
1540 0.795662 0.51089 0.0032619
1541 0.795662 0.512857 0.00318636
1542 0.795662 0.51267 0.0034966
1543 0.795662 0.517488 0.00377047
1544 0.795662 0.516438 0.00341985
1545 0.795662 0.513302 0.00320356
1546 0.795662 0.515584 0.00337041
1547 0.795662 0.510263 0.00322434
1548 0.795662 0.512031 0.00326031
1549 0.795662 0.512569 0.00329552
1550 0.795662 0.511258 0.00360592
1551 0.795662 0.518465 0.00351824
1552 0.795662 0.522535 0.00376946
1553 0.795662 0.513722 0.00315244
1554 0.795662 0.509024 0.00321762
1555 0.795662 0.514393 0.00331858
1556 0.795662 0.51471 0.00316529
1557 0.795662 0.514316 0.00332506
1558 0.795662 0.50996 0.0033992
1559 0.795662 0.517975 0.00386987
1560 0.795662 0.520695 0.00353693
1561 0.795662 0.513164 0.00339232
1562 0.795662 0.513691 0.00335532
1563 0.795662 0.515963 0.00334592
1564 0.795662 0.512923 0.00333704
1565 0.795662 0.515059 0.00354893
1566 0.795662 0.507938 0.00373973
1567 0.795662 0.514373 0.00341133
1568 0.795662 0.507966 0.00331758
1569 0.795662 0.512413 0.0034927
1570 0.795662 0.511928 0.00362124
1571 0.795662 0.514163 0.00318883
1572 0.795662 0.51274 0.0034229
1573 0.795662 0.516186 0.00338148
1574 0.795662 0.51386 0.00350704
1575 0.795662 0.514123 0.00313183
1576 0.795662 0.512855 0.0031635
1577 0.795662 0.511487 0.00313387
1578 0.795662 0.521887 0.0036926
1579 0.795662 0.514076 0.00372875
1580 0.795662 0.51512 0.00363962
1581 0.795662 0.511351 0.00311267
1582 0.795662 0.516117 0.0033694
1583 0.795662 0.511748 0.00314167
1584 0.795662 0.512837 0.00328856
1585 0.795662 0.515785 0.00356068
1586 0.795662 0.515255 0.0033062
1587 0.795662 0.516841 0.00320371
1588 0.795662 0.514682 0.00394998
1589 0.795662 0.515345 0.00340083
1590 0.795662 0.516091 0.00346549
1591 0.795662 0.516172 0.00349861
1592 0.795662 0.516117 0.00358253
1593 0.795662 0.51048 0.00320294
1594 0.795662 0.511238 0.00322916
1595 0.795662 0.512597 0.00333926
1596 0.795662 0.514025 0.00330768
1597 0.795662 0.517194 0.00377944
1598 0.795662 0.515606 0.00339577
1599 0.795662 0.515808 0.0036614
1600 0.795662 0.513681 0.00352768
1601 0.795662 0.513748 0.00321157
1602 0.795662 0.513174 0.00307451
1603 0.795662 0.512633 0.00326102
1604 0.795662 0.514787 0.00321754
1605 0.795662 0.517545 0.00344696
1606 0.795662 0.511079 0.00319465
1607 0.795662 0.515134 0.00314688
1608 0.795662 0.512684 0.00332703
1609 0.795662 0.514708 0.00320109
1610 0.795662 0.510066 0.00324201
1611 0.795662 0.515639 0.00376656
1612 0.795662 0.511993 0.0035151
1613 0.795662 0.51683 0.00344108
1614 0.795662 0.515863 0.00335647
1615 0.795662 0.515865 0.00364579
1616 0.795662 0.510397 0.00339051
1617 0.795662 0.513458 0.00341967
1618 0.795662 0.513051 0.00321607
1619 0.795662 0.510348 0.00351239
1620 0.795662 0.514516 0.00306855
1621 0.795662 0.512739 0.00311476
1622 0.795662 0.51791 0.00417402
1623 0.795662 0.51473 0.00346112
1624 0.795662 0.515422 0.00362969
1625 0.795662 0.515119 0.00333726
1626 0.795662 0.512581 0.00360569
1627 0.795662 0.517315 0.00374915
1628 0.795662 0.514576 0.0036523
1629 0.795662 0.512231 0.00339722
1630 0.795662 0.51171 0.00336524
1631 0.795662 0.51311 0.00373192
1632 0.795662 0.513929 0.00347703
1633 0.795662 0.512447 0.0035111
1634 0.795662 0.514235 0.00370534
1635 0.795662 0.514376 0.00333985
1636 0.795662 0.514722 0.00334822
1637 0.795662 0.51118 0.00334903
1638 0.795662 0.514507 0.00369522
1639 0.795662 0.512589 0.00342573
1640 0.795662 0.50965 0.00361787
1641 0.795662 0.511638 0.00365062
1642 0.795662 0.516143 0.00347729
1643 0.795662 0.512765 0.00369691
1644 0.795662 0.517368 0.00349804
1645 0.795662 0.510248 0.00344665
1646 0.795662 0.516124 0.00385351
1647 0.795662 0.518242 0.0039064
1648 0.795662 0.51479 0.00420559
1649 0.795662 0.515344 0.0035461
1650 0.795662 0.51337 0.00365687
1651 0.795662 0.512288 0.00345238
1652 0.795662 0.517316 0.00412284
1653 0.795662 0.51483 0.00373263
1654 0.795662 0.512598 0.00359208
1655 0.795662 0.517578 0.00375324
1656 0.795662 0.512686 0.00358397
1657 0.795662 0.513818 0.0034658
1658 0.795662 0.514097 0.00358775
1659 0.795662 0.515264 0.00355035
1660 0.795662 0.516276 0.0038425
1661 0.795662 0.511117 0.00341793
1662 0.795662 0.5107 0.00367409
1663 0.795662 0.516357 0.0035312
1664 0.795662 0.516026 0.00330916
1665 0.795662 0.51222 0.00340617
1666 0.795662 0.51266 0.00366659
1667 0.795662 0.515378 0.00330309
1668 0.795662 0.51238 0.00325586
1669 0.795662 0.51531 0.00321113
1670 0.795662 0.512591 0.0033263
1671 0.795662 0.513528 0.00358922
1672 0.795662 0.512622 0.00327388
1673 0.795662 0.514782 0.0038694
1674 0.795662 0.516532 0.00361793
1675 0.795662 0.512723 0.00325811
1676 0.795662 0.511203 0.00359342
1677 0.795662 0.512911 0.00376006
1678 0.795662 0.514215 0.00348774
1679 0.795662 0.516954 0.00380557
1680 0.795662 0.511285 0.0034873
1681 0.795662 0.511321 0.00332256
1682 0.795662 0.514585 0.00350817
1683 0.795662 0.510426 0.00330855
1684 0.795662 0.517023 0.00368184
1685 0.795662 0.514395 0.00361885
1686 0.795662 0.514949 0.003522
1687 0.795662 0.512011 0.00390633
1688 0.795662 0.513018 0.00396932
1689 0.795662 0.516485 0.0035986
1690 0.795662 0.510505 0.00345825
1691 0.795662 0.512115 0.00368658
1692 0.795662 0.514576 0.00383526
1693 0.795662 0.510083 0.00338712
1694 0.795662 0.512717 0.00335311
1695 0.795662 0.51259 0.00328178
1696 0.795662 0.517336 0.00379802
1697 0.795662 0.511599 0.00347507
1698 0.795662 0.512197 0.00333681
1699 0.795662 0.514751 0.00325639
1700 0.795662 0.515297 0.0035414
1701 0.795662 0.514223 0.00396877
1702 0.795662 0.512879 0.00340424
1703 0.795662 0.515212 0.00384919
1704 0.795662 0.51447 0.00374244
1705 0.795662 0.515299 0.00364392
1706 0.795662 0.514261 0.00379003
1707 0.795662 0.513181 0.00366345
1708 0.795662 0.513979 0.0033668
1709 0.795662 0.512831 0.00341398
1710 0.795662 0.515083 0.00377367
1711 0.795662 0.516288 0.00354179
1712 0.795662 0.514287 0.00346352
1713 0.795662 0.514564 0.003474
1714 0.795662 0.512069 0.003686
1715 0.795662 0.513715 0.0036475
1716 0.795662 0.514345 0.00344393
1717 0.795662 0.514624 0.00387581
1718 0.795662 0.514282 0.00349864
1719 0.795662 0.514759 0.00339064
1720 0.795662 0.51282 0.00334845
1721 0.795662 0.512401 0.00369667
1722 0.795662 0.513098 0.00350312
1723 0.795662 0.516669 0.003972
1724 0.795662 0.511738 0.00337396
1725 0.795662 0.513316 0.00396048
1726 0.795662 0.514699 0.00364405
1727 0.795662 0.511916 0.00334229
1728 0.795662 0.51605 0.00379675
1729 0.795662 0.516803 0.00375575
1730 0.795662 0.517008 0.0036814
1731 0.795662 0.513248 0.00343975
1732 0.795662 0.515302 0.00349928
1733 0.795662 0.518343 0.00343142
1734 0.795662 0.514258 0.00363278
1735 0.795662 0.514493 0.00361651
1736 0.795662 0.517139 0.00343326
1737 0.795662 0.513809 0.00340462
1738 0.795662 0.512993 0.00332249
1739 0.795662 0.51393 0.00347519
1740 0.795662 0.517049 0.00396582
1741 0.795662 0.516083 0.00416576
1742 0.795662 0.516752 0.00348659
1743 0.795662 0.517057 0.00399657
1744 0.795662 0.516429 0.00362293
1745 0.795662 0.515714 0.00359737
1746 0.795662 0.51058 0.00347591
1747 0.795662 0.517302 0.00394454
1748 0.795662 0.513933 0.00393113
1749 0.795662 0.513332 0.00370839
1750 0.795662 0.514042 0.00367411
1751 0.795662 0.512009 0.00343386
1752 0.795662 0.51373 0.00387707
1753 0.795662 0.514436 0.00342034
1754 0.795662 0.516172 0.00362865
1755 0.795662 0.513171 0.00403581
1756 0.795662 0.511594 0.00344954
1757 0.795662 0.513914 0.00363323
1758 0.795662 0.514839 0.00343044
1759 0.795662 0.51353 0.00352626
1760 0.795662 0.515572 0.00367108
1761 0.795662 0.515397 0.00388692
1762 0.795662 0.512089 0.00321785
1763 0.795662 0.509265 0.00371987
1764 0.795662 0.514154 0.00365898
1765 0.795662 0.514745 0.00335971
1766 0.795662 0.518058 0.00417917
1767 0.795662 0.512899 0.00347986
1768 0.795662 0.515639 0.00346477
1769 0.795662 0.514438 0.00322396
1770 0.795662 0.514291 0.00323756
1771 0.795662 0.516138 0.00384297
1772 0.795662 0.510801 0.00350359
1773 0.795662 0.511356 0.00340505
1774 0.795662 0.512169 0.00331255
1775 0.795662 0.513116 0.0033877
1776 0.795662 0.511799 0.00325175
1777 0.795662 0.511424 0.00331997
1778 0.795662 0.512939 0.00343545
1779 0.795662 0.518702 0.00378064
1780 0.795662 0.51293 0.00359853
1781 0.795662 0.514696 0.003765
1782 0.795662 0.511264 0.00343343
1783 0.795662 0.514702 0.00370475
1784 0.795662 0.518243 0.00421885
1785 0.795662 0.517323 0.00382379
1786 0.795662 0.514337 0.00374061
1787 0.795662 0.514631 0.00339624
1788 0.795662 0.514967 0.00339735
1789 0.795662 0.511394 0.00327643
1790 0.795662 0.515144 0.00330724
1791 0.795662 0.5132 0.00358596
1792 0.795662 0.517205 0.00345638
1793 0.795662 0.510957 0.00337283
1794 0.795662 0.51248 0.00340466
1795 0.795662 0.515063 0.00375181
1796 0.795662 0.513669 0.0036154
1797 0.795662 0.514772 0.00350447
1798 0.795662 0.51319 0.00353341
1799 0.795662 0.51293 0.00335074
1800 0.795662 0.512416 0.00336207
1801 0.795662 0.509197 0.00352915
1802 0.795662 0.514088 0.00356626
1803 0.795662 0.517135 0.00350037
1804 0.795662 0.516954 0.00341934
1805 0.795662 0.514323 0.00390387
1806 0.795662 0.51361 0.00359905
1807 0.795662 0.511774 0.0036495
1808 0.795662 0.515115 0.00354298
1809 0.795662 0.514261 0.00336035
1810 0.795662 0.516766 0.00365297
1811 0.795662 0.513569 0.00348716
1812 0.795662 0.511091 0.00330307
1813 0.795662 0.514285 0.003502
1814 0.795662 0.515668 0.00345471
1815 0.795662 0.509217 0.00375009
1816 0.795662 0.515213 0.00376942
1817 0.795662 0.515164 0.00396493
1818 0.795662 0.51528 0.00342202
1819 0.795662 0.511048 0.00356356
1820 0.795662 0.514774 0.00343384
1821 0.795662 0.511227 0.00340383
1822 0.795662 0.515823 0.00342028
1823 0.795662 0.515059 0.00341757
1824 0.795662 0.515971 0.00342437
1825 0.795662 0.512659 0.00357383
1826 0.795662 0.51241 0.0035232
1827 0.795662 0.510126 0.00340307
1828 0.795662 0.512594 0.00374181
1829 0.795662 0.515666 0.0036972
1830 0.795662 0.511742 0.00383543
1831 0.795662 0.514279 0.00348523
1832 0.795662 0.518525 0.00435883
1833 0.795662 0.51547 0.00347637
1834 0.795662 0.514242 0.00343773
1835 0.795662 0.515384 0.00358637
1836 0.795662 0.510668 0.0036176
1837 0.795662 0.510884 0.00348325
1838 0.795662 0.514301 0.0033829
1839 0.795662 0.513782 0.00368017
1840 0.795662 0.512943 0.00338641
1841 0.795662 0.51282 0.0035131
1842 0.795662 0.514309 0.00367256
1843 0.795662 0.51513 0.00370753
1844 0.795662 0.514737 0.00360223
1845 0.795662 0.516261 0.00375562
1846 0.795662 0.513069 0.00341467
1847 0.795662 0.51197 0.00350999
1848 0.795662 0.51327 0.00332485
1849 0.795662 0.515424 0.00352829
1850 0.795662 0.509826 0.00371501
1851 0.795662 0.51258 0.00341698
1852 0.795662 0.510273 0.00330845
1853 0.795662 0.510173 0.00345103
1854 0.795662 0.514913 0.003991
1855 0.795662 0.512915 0.00372814
1856 0.795662 0.512513 0.00335256
1857 0.795662 0.514818 0.003635
1858 0.795662 0.510107 0.00356138
1859 0.795662 0.511827 0.00332389
1860 0.795662 0.514509 0.00362774
1861 0.795662 0.513944 0.00378221
1862 0.795662 0.511026 0.00440588
1863 0.795662 0.51455 0.00366235
1864 0.795662 0.515675 0.00379045
1865 0.795662 0.51393 0.00394723
1866 0.795662 0.510429 0.00381413
1867 0.795662 0.513056 0.00367528
1868 0.795662 0.514271 0.00359423
1869 0.795662 0.516142 0.00372437
1870 0.795662 0.516877 0.00374048
1871 0.795662 0.514717 0.00366766
1872 0.795662 0.515133 0.0035595
1873 0.795662 0.512566 0.00349777
1874 0.795662 0.515763 0.00368977
1875 0.795662 0.514213 0.00373104
1876 0.795662 0.513475 0.00381045
1877 0.795662 0.516355 0.0035473
1878 0.795662 0.51089 0.00370965
1879 0.795662 0.511658 0.00358196
1880 0.795662 0.51551 0.00374189
1881 0.795662 0.516562 0.00382648
1882 0.795662 0.517633 0.0036893
1883 0.795662 0.517751 0.00403568
1884 0.795662 0.51931 0.00421447
1885 0.795662 0.51671 0.00351269
1886 0.795662 0.509928 0.00355259
1887 0.795662 0.512905 0.00336992
1888 0.795662 0.514187 0.0040186
1889 0.795662 0.514654 0.00359857
1890 0.795662 0.513237 0.00334606
1891 0.795662 0.514644 0.00341551
1892 0.795662 0.512569 0.00350541
1893 0.795662 0.511777 0.00340283
1894 0.795662 0.511766 0.00347443
1895 0.795662 0.515861 0.00343072
1896 0.795662 0.518355 0.0034349
1897 0.795662 0.512221 0.00356521
1898 0.795662 0.510842 0.00354375
1899 0.795662 0.513336 0.00354654
1900 0.795662 0.511515 0.00332868
1901 0.795662 0.509269 0.00358073
1902 0.795662 0.511651 0.00345543
1903 0.795662 0.513886 0.00368612
1904 0.795662 0.512229 0.00373272
1905 0.795662 0.515032 0.00397412
1906 0.795662 0.514167 0.00372448
1907 0.795662 0.510502 0.0033862
1908 0.795662 0.51923 0.00352348
1909 0.795662 0.513131 0.00388865
1910 0.795662 0.518778 0.0039136
1911 0.795662 0.51299 0.00364426
1912 0.795662 0.514819 0.00350327
1913 0.795662 0.511485 0.00328095
1914 0.795662 0.514803 0.00356783
1915 0.795662 0.515919 0.00411195
1916 0.795662 0.511546 0.00352172
1917 0.795662 0.515577 0.00345056
1918 0.795662 0.515531 0.00350776
1919 0.795662 0.512873 0.00419167
1920 0.795662 0.513518 0.00354753
1921 0.795662 0.514962 0.00383395
1922 0.795662 0.511825 0.00341528
1923 0.795662 0.512685 0.00363361
1924 0.795662 0.513473 0.00374837
1925 0.795662 0.520548 0.0042798
1926 0.795662 0.514437 0.00378538
1927 0.795662 0.51717 0.0039634
1928 0.795662 0.514109 0.003606
1929 0.795662 0.518371 0.00421573
1930 0.795662 0.512699 0.00346696
1931 0.795662 0.510858 0.00354067
1932 0.795662 0.512274 0.00352541
1933 0.795662 0.512546 0.00345308
1934 0.795662 0.517717 0.00424379
1935 0.795662 0.514377 0.00340553
1936 0.795662 0.51442 0.00356782
1937 0.795662 0.514072 0.00388552
1938 0.795662 0.512877 0.00405055
1939 0.795662 0.515059 0.00362245
1940 0.795662 0.516914 0.00407626
1941 0.795662 0.517525 0.00366607
1942 0.795662 0.512811 0.00377786
1943 0.795662 0.513165 0.00347226
1944 0.795662 0.513685 0.00341297
1945 0.795662 0.518526 0.00401295
1946 0.795662 0.519148 0.0035768
1947 0.795662 0.516189 0.00406917
1948 0.795662 0.513214 0.0035956
1949 0.795662 0.514331 0.00366679
1950 0.795662 0.514187 0.0034528
1951 0.795662 0.515034 0.00384658
1952 0.795662 0.515918 0.00375378
1953 0.795662 0.512509 0.00347837
1954 0.795662 0.514985 0.00348061
1955 0.795662 0.512007 0.00356697
1956 0.795662 0.511963 0.00344208
1957 0.795662 0.514696 0.00332384
1958 0.795662 0.512238 0.00348827
1959 0.795662 0.518494 0.00374698
1960 0.795662 0.512588 0.0036735
1961 0.795662 0.515992 0.00358343
1962 0.795662 0.515427 0.00379472
1963 0.795662 0.51271 0.00350406
1964 0.795662 0.516218 0.00396744
1965 0.795662 0.515514 0.00352948
1966 0.795662 0.511823 0.00349667
1967 0.795662 0.512137 0.00350892
1968 0.795662 0.515896 0.00393009
1969 0.795662 0.513894 0.00355922
1970 0.795662 0.513112 0.00339059
1971 0.795662 0.512932 0.00340262
1972 0.795662 0.514073 0.00364638
1973 0.795662 0.512948 0.00355028
1974 0.795662 0.511786 0.00373585
1975 0.795662 0.510021 0.00344231
1976 0.795662 0.5149 0.00359436
1977 0.795662 0.510962 0.0033721
1978 0.795662 0.514579 0.0035767
1979 0.795662 0.513795 0.0038225
1980 0.795662 0.516058 0.00396938
1981 0.795662 0.514059 0.00353735
1982 0.795662 0.513748 0.00341472
1983 0.795662 0.515103 0.00354825
1984 0.795662 0.516095 0.00393437
1985 0.795662 0.518507 0.00390856
1986 0.795662 0.514222 0.00372432
1987 0.795662 0.513066 0.0035727
1988 0.795662 0.515614 0.00394375
1989 0.795662 0.517478 0.00348402
1990 0.795662 0.515329 0.00381999
1991 0.795662 0.514404 0.00347967
1992 0.795662 0.518858 0.00381646
1993 0.795662 0.515729 0.00348214
1994 0.795662 0.516067 0.00362738
1995 0.795662 0.514959 0.00393734
1996 0.795662 0.51193 0.00392015
1997 0.795662 0.513113 0.00383731
1998 0.795662 0.514629 0.00343263
1999 0.795662 0.513578 0.00336318
2000 0.795662 0.509954 0.00343383
