4
1
-52.3111
7.83624
0
0.170184
0.255461
1
-59.3516
7.18804
0
-64.8473
4.89898
0
-61.5889
5.18715
0
0.796108
1.04247
1.17224
0.0243068
1.47881
0
1.07428
0.541304
1.2116
1.46036
0.94633
0.739521
0.0201485
1.16331
0.0770092
0.751104
0.532075
1.0369
0.59616
1.94934
0.659946
1.87005
0.89501
1.5776
1.99532
1.09422
1.15694
0.963179
0.562229
0.877875
0.370634
0.508914
1.35218
0.128579
0.49299
0.0301871
1.58728
1.60142
0.187316
0.966644
0.837356
0.85591
0.134296
1.48112
1.99041
0.171342
1.36146
1.36405
0
0.627054
0.321488
0.0228742
1.08746
1.21395
1.56544
0
0.548483
1.65228
1.56289
0.00191648
0.816269
0.687789
0.186093
0.714987
0.169055
1.87555
1.70243
0.663416
1.68413
1.10163
0.228068
1.05953
1.49203
1.55639
0.186048
0.78469
