0 0.538483 0.497899 0.000139978
1 0.577593 0.500625 0.000171925
2 0.577593 0.50069 0.000212518
3 0.577593 0.500885 0.000173211
4 0.577593 0.50002 0.000232335
5 0.577593 0.50328 0.00033203
6 0.577593 0.500866 0.000363642
7 0.577593 0.500992 0.00029877
8 0.577593 0.50062 0.000467477
9 0.577593 0.50209 0.000317187
10 0.603226 0.500889 0.000487363
11 0.603226 0.505445 0.000501289
12 0.603226 0.504306 0.000478057
13 0.603226 0.501523 0.000417468
14 0.603226 0.502171 0.000589053
15 0.603226 0.503367 0.000437886
16 0.603226 0.503702 0.000467002
17 0.603226 0.504306 0.000515936
18 0.603226 0.502613 0.000494788
19 0.603226 0.503981 0.000502954
20 0.603226 0.502052 0.000384784
21 0.603226 0.504085 0.000607735
22 0.603226 0.501406 0.000516698
23 0.603226 0.501866 0.000584896
24 0.603226 0.503949 0.000431735
25 0.603226 0.499253 0.000503378
26 0.603226 0.501981 0.000468461
27 0.613342 0.503158 0.000626768
28 0.613342 0.501808 0.000574665
29 0.613342 0.50165 0.000597638
30 0.613342 0.506432 0.000688206
31 0.613342 0.504951 0.000746825
32 0.616519 0.506112 0.000783499
33 0.616519 0.503714 0.000639066
34 0.616519 0.502561 0.000646268
35 0.616519 0.504159 0.000855195
36 0.616519 0.507067 0.000769179
37 0.616519 0.505802 0.000634964
38 0.616519 0.502301 0.000712449
39 0.616519 0.502914 0.000711496
40 0.63482 0.50664 0.000864671
41 0.63482 0.506593 0.00096293
42 0.63482 0.506566 0.00100763
43 0.63482 0.506135 0.000857181
44 0.63482 0.500967 0.000931757
45 0.63482 0.503198 0.00117597
46 0.63482 0.506907 0.00105649
47 0.63482 0.503302 0.000916169
48 0.63482 0.504117 0.0010785
49 0.63482 0.505238 0.000876648
50 0.63482 0.508801 0.00110965
51 0.63482 0.50754 0.00116949
52 0.63482 0.506879 0.00122111
53 0.63482 0.503198 0.00074491
54 0.63482 0.505596 0.000896018
55 0.63482 0.506004 0.000786773
56 0.63482 0.502057 0.000832904
57 0.63482 0.505446 0.000926406
58 0.63482 0.508123 0.000914215
59 0.63482 0.506668 0.00099389
60 0.63482 0.504035 0.000892645
61 0.63482 0.501881 0.000926705
62 0.63482 0.506947 0.00100749
63 0.63482 0.504067 0.00095466
64 0.63482 0.507908 0.00111648
65 0.63482 0.507655 0.00105362
66 0.63482 0.503769 0.00106174
67 0.63482 0.504565 0.00105998
68 0.63482 0.502157 0.00103283
69 0.63482 0.504624 0.00117744
70 0.63482 0.508052 0.00121911
71 0.63482 0.505617 0.00116252
72 0.63482 0.504472 0.00105869
73 0.63482 0.505924 0.00103723
74 0.63482 0.509901 0.00142117
75 0.63482 0.509896 0.00126074
76 0.63482 0.508238 0.00112111
77 0.63482 0.505769 0.00100185
78 0.63482 0.504716 0.00110551
79 0.63482 0.509668 0.00112643
80 0.63482 0.508252 0.00108533
81 0.63482 0.502157 0.00117848
82 0.63482 0.50825 0.00115094
83 0.63482 0.50979 0.00128455
84 0.63482 0.507781 0.00148394
85 0.63482 0.511675 0.00122336
86 0.63482 0.50894 0.001259
87 0.658241 0.509123 0.00156019
88 0.658241 0.508556 0.00175371
89 0.658241 0.51182 0.00169799
90 0.658241 0.51116 0.00155741
91 0.658241 0.505995 0.00163352
92 0.658241 0.507061 0.00167257
93 0.658241 0.508971 0.0014856
94 0.658241 0.510478 0.00132855
95 0.658241 0.505385 0.00139823
96 0.658241 0.505639 0.0014085
97 0.658241 0.507725 0.00145892
98 0.658241 0.509027 0.00170474
99 0.658241 0.510045 0.00168902
100 0.658241 0.51226 0.00209315
101 0.658241 0.507674 0.00151779
102 0.658241 0.509624 0.00220446
103 0.658241 0.51023 0.00158027
104 0.658241 0.504862 0.00173134
105 0.658241 0.5081 0.00156214
106 0.672287 0.512261 0.00219033
107 0.672287 0.507778 0.00159785
108 0.672287 0.512271 0.00187813
109 0.672287 0.511377 0.00228479
110 0.672287 0.512587 0.00207453
111 0.672287 0.508693 0.00177121
112 0.672287 0.508159 0.00216817
113 0.672287 0.512681 0.00186625
114 0.672287 0.507953 0.00198381
115 0.672287 0.507048 0.00199497
116 0.672287 0.506542 0.0018378
117 0.672287 0.508758 0.00158349
118 0.672287 0.510608 0.00174578
119 0.697381 0.511167 0.00250121
120 0.697381 0.50958 0.00221749
121 0.697381 0.507176 0.00193614
122 0.697381 0.512037 0.00240422
123 0.697381 0.517434 0.00238048
124 0.697381 0.513787 0.00200118
125 0.697381 0.518011 0.00189291
126 0.697381 0.514285 0.00222085
127 0.697381 0.512313 0.00172688
128 0.697381 0.510339 0.002678
129 0.697381 0.513428 0.00208036
130 0.697381 0.510065 0.00214085
131 0.697381 0.508161 0.00197184
132 0.697381 0.510174 0.0019599
133 0.697381 0.509732 0.00177975
134 0.697381 0.509911 0.00201941
135 0.697381 0.508386 0.00182112
136 0.697381 0.515638 0.00168353
137 0.697381 0.514312 0.00205195
138 0.697381 0.511711 0.00215177
139 0.697381 0.509585 0.00203532
140 0.697381 0.50641 0.00213385
141 0.697381 0.514474 0.00226706
142 0.697381 0.506546 0.00226013
143 0.697381 0.505006 0.00200077
144 0.697381 0.505974 0.002098
145 0.697381 0.507929 0.00217138
146 0.697381 0.511456 0.0021028
147 0.697381 0.509613 0.00214676
148 0.697381 0.512313 0.00207724
149 0.697381 0.510141 0.00203275
150 0.697381 0.509829 0.00235932
151 0.697381 0.511067 0.00188179
152 0.697381 0.511185 0.00194946
153 0.697381 0.51164 0.00192044
154 0.697381 0.507963 0.00201464
155 0.697381 0.509431 0.00206672
156 0.697381 0.507452 0.00183129
157 0.697381 0.513173 0.00212371
158 0.697381 0.514066 0.00209656
159 0.697381 0.506496 0.00184776
160 0.697381 0.511861 0.0021577
161 0.697381 0.5134 0.00198832
162 0.697381 0.512134 0.00207764
163 0.697381 0.511448 0.00194787
164 0.697381 0.5047 0.00181951
165 0.697381 0.509112 0.00182948
166 0.697381 0.517268 0.00246997
167 0.697381 0.508519 0.00208553
168 0.697381 0.509058 0.00211579
169 0.697381 0.511666 0.00236006
170 0.697381 0.513697 0.00185468
171 0.697381 0.507682 0.00165839
172 0.697381 0.511905 0.00190391
173 0.697381 0.510724 0.00219451
174 0.697381 0.508969 0.00203071
175 0.704078 0.516039 0.00248724
176 0.704078 0.508565 0.00228232
177 0.704078 0.507075 0.00226326
178 0.704078 0.510726 0.00210247
179 0.704078 0.512934 0.00197916
180 0.704078 0.513699 0.00213727
181 0.704078 0.512893 0.00201387
182 0.704078 0.507304 0.00193366
183 0.704078 0.514767 0.00179375
184 0.704078 0.509501 0.00239641
185 0.704078 0.511888 0.00195837
186 0.704078 0.511838 0.00211144
187 0.704078 0.513968 0.00214419
188 0.704078 0.507965 0.00182025
189 0.704078 0.511718 0.00233743
190 0.704078 0.508746 0.00212472
191 0.704078 0.512247 0.00206365
192 0.704078 0.517412 0.0022058
193 0.704078 0.517406 0.00240038
194 0.704078 0.509385 0.00189234
195 0.704078 0.511957 0.00219625
196 0.704078 0.512509 0.00211774
197 0.704078 0.513925 0.00216511
198 0.704078 0.513842 0.00222937
199 0.704078 0.508376 0.0021537
200 0.704078 0.510588 0.00202755
201 0.704078 0.507966 0.00209504
202 0.704078 0.512085 0.00189907
203 0.704078 0.512019 0.00184041
204 0.704078 0.508909 0.00195782
205 0.704078 0.512964 0.00244091
206 0.704078 0.509528 0.00199193
207 0.704078 0.511234 0.00211978
208 0.704078 0.508835 0.00172084
209 0.704078 0.509313 0.0019189
210 0.704078 0.512688 0.00193054
211 0.704078 0.504989 0.00183274
212 0.704078 0.509739 0.00188201
213 0.704078 0.510171 0.00216904
214 0.704078 0.505568 0.00196278
215 0.704078 0.514165 0.00184355
216 0.704078 0.510745 0.00190009
217 0.704078 0.513894 0.00186329
218 0.704078 0.508931 0.00228154
219 0.704078 0.506879 0.00229585
220 0.704078 0.508368 0.00216443
221 0.704078 0.511638 0.00200611
222 0.704078 0.512728 0.00203655
223 0.704078 0.51258 0.00206124
224 0.704078 0.508348 0.00192276
225 0.704078 0.508226 0.0020318
226 0.704078 0.50882 0.00175923
227 0.704078 0.508954 0.00180075
228 0.704078 0.511484 0.00185079
229 0.704078 0.507532 0.00183552
230 0.704078 0.507254 0.00211454
231 0.704078 0.511635 0.00216549
232 0.704078 0.511534 0.00225997
233 0.704078 0.516388 0.00243289
234 0.704078 0.510696 0.00240822
235 0.704078 0.506598 0.00219177
236 0.704078 0.508395 0.00207184
237 0.704078 0.509142 0.00196639
238 0.704078 0.510694 0.00223748
239 0.704078 0.513325 0.00198281
240 0.704078 0.512637 0.00230191
241 0.704078 0.510166 0.00203709
242 0.704078 0.507732 0.00207181
243 0.704078 0.509774 0.00195949
244 0.704078 0.507212 0.00193395
245 0.704078 0.511554 0.00203415
246 0.704078 0.513226 0.00174698
247 0.704078 0.509517 0.00223931
248 0.704078 0.511987 0.00194337
249 0.704078 0.512366 0.00204235
250 0.704078 0.508244 0.00221619
251 0.704078 0.508961 0.00192253
252 0.704078 0.509042 0.00187653
253 0.704078 0.510595 0.00186949
254 0.704078 0.509196 0.00187629
255 0.704078 0.505936 0.00189545
256 0.704078 0.510258 0.00209323
257 0.704078 0.512224 0.0023122
258 0.704078 0.511365 0.00211978
259 0.704078 0.509788 0.00198784
260 0.704078 0.50725 0.00217351
261 0.704078 0.510786 0.00186648
262 0.704078 0.510729 0.00208435
263 0.704078 0.510204 0.00192974
264 0.704078 0.512132 0.00184214
265 0.704078 0.508403 0.00223658
266 0.704078 0.504498 0.00207085
267 0.704078 0.505648 0.0020865
268 0.704078 0.508184 0.00225877
269 0.704078 0.51228 0.00209281
270 0.704078 0.508649 0.00223524
271 0.704078 0.504358 0.00190141
272 0.704078 0.507973 0.0020843
273 0.704078 0.508034 0.00198208
274 0.704078 0.50871 0.0021437
275 0.704078 0.504398 0.00197123
276 0.704078 0.508658 0.00203643
277 0.704078 0.512155 0.0025983
278 0.704078 0.507973 0.00218718
279 0.704078 0.506899 0.00213421
280 0.704078 0.507473 0.0018774
281 0.704078 0.510136 0.00214803
282 0.704078 0.510076 0.00202502
283 0.704078 0.513648 0.00228699
284 0.704078 0.50683 0.0019425
285 0.704078 0.511765 0.00199933
286 0.704078 0.508549 0.00208038
287 0.704078 0.509604 0.00218951
288 0.704078 0.503907 0.00214289
289 0.704078 0.511096 0.00207885
290 0.704078 0.510615 0.00220745
291 0.704078 0.506575 0.00200591
292 0.704078 0.508671 0.00191821
293 0.704078 0.505445 0.00199786
294 0.704078 0.50757 0.00205566
295 0.704078 0.510877 0.00194069
296 0.704078 0.515577 0.0020725
297 0.704078 0.512346 0.00192974
298 0.704078 0.507201 0.00197808
299 0.704078 0.509508 0.00187404
300 0.704078 0.509863 0.00186049
301 0.704078 0.508763 0.00170839
302 0.704078 0.511177 0.00205422
303 0.704078 0.508348 0.00228716
304 0.704078 0.506956 0.00225091
305 0.704078 0.51397 0.00242907
306 0.704078 0.513176 0.00182077
307 0.704078 0.509595 0.00194531
308 0.704078 0.515682 0.00218392
309 0.704078 0.513477 0.00182599
310 0.704078 0.507512 0.00206297
311 0.704078 0.507678 0.0020971
312 0.704078 0.509065 0.00236601
313 0.704078 0.508789 0.00223505
314 0.704078 0.513247 0.00193808
315 0.704078 0.506485 0.00206603
316 0.704078 0.504921 0.00233266
317 0.704078 0.514691 0.00216496
318 0.704078 0.508472 0.00233208
319 0.704078 0.504834 0.00206137
320 0.704078 0.503651 0.00204117
321 0.704078 0.509714 0.0020844
322 0.704078 0.513077 0.00196464
323 0.704078 0.512331 0.0020515
324 0.704078 0.51387 0.00234907
325 0.704078 0.514814 0.00219983
326 0.704078 0.513609 0.00251668
327 0.704078 0.509798 0.00189753
328 0.704078 0.512283 0.00203619
329 0.704078 0.510278 0.00209708
330 0.704078 0.508607 0.00230086
331 0.704078 0.507524 0.00194701
332 0.704078 0.510147 0.00202952
333 0.704078 0.507198 0.00200027
334 0.704078 0.507915 0.00227421
335 0.704078 0.513433 0.00227578
336 0.704078 0.5067 0.00207713
337 0.704078 0.508792 0.00191052
338 0.704078 0.50529 0.00224262
339 0.704078 0.508723 0.00226422
340 0.704078 0.514304 0.00253436
341 0.704078 0.508686 0.00202784
342 0.704078 0.510067 0.0019866
343 0.704078 0.506864 0.00211766
344 0.704078 0.506525 0.00194634
345 0.704078 0.506841 0.00211441
346 0.704078 0.507869 0.00199887
347 0.704078 0.509326 0.00231816
348 0.704078 0.510202 0.00209089
349 0.704078 0.512187 0.00199556
350 0.704078 0.50718 0.00210823
351 0.704078 0.509362 0.00220634
352 0.704078 0.51227 0.00224347
353 0.704078 0.51188 0.00219932
354 0.704078 0.511288 0.002267
355 0.704078 0.509291 0.0019138
356 0.704078 0.514048 0.00212076
357 0.704078 0.514726 0.00232459
358 0.704078 0.513808 0.00228107
359 0.704078 0.512531 0.00215729
360 0.704078 0.511419 0.00231665
361 0.704078 0.50999 0.00231379
362 0.704078 0.50925 0.00233332
363 0.704078 0.507687 0.00208546
364 0.704078 0.510563 0.00215833
365 0.704078 0.515242 0.00240968
366 0.704078 0.512986 0.00216339
367 0.704078 0.508253 0.00212961
368 0.704078 0.512524 0.00202352
369 0.704078 0.511121 0.00196679
370 0.704078 0.510501 0.00223404
371 0.704078 0.513553 0.00235486
372 0.704078 0.504281 0.0022707
373 0.704078 0.509835 0.00211394
374 0.704078 0.509733 0.00208319
375 0.704078 0.513652 0.00205097
376 0.704078 0.509003 0.00229169
377 0.704078 0.508895 0.00208227
378 0.704078 0.511583 0.0021348
379 0.704078 0.511632 0.00226907
380 0.704078 0.509226 0.00253919
381 0.704078 0.508202 0.00197454
382 0.704078 0.507386 0.00236582
383 0.704078 0.507203 0.00213364
384 0.704078 0.510594 0.00195133
385 0.704078 0.51074 0.00203178
386 0.704078 0.504309 0.00221649
387 0.704078 0.510015 0.00216841
388 0.704078 0.513588 0.0022961
389 0.704078 0.511093 0.00207832
390 0.704078 0.508935 0.0022664
391 0.704078 0.511094 0.00219047
392 0.704078 0.508677 0.00228624
393 0.704078 0.511106 0.00202455
394 0.704078 0.509183 0.00232661
395 0.704078 0.508463 0.00206031
396 0.704078 0.509797 0.00239293
397 0.704078 0.513171 0.00212076
398 0.704078 0.510822 0.00219027
399 0.704078 0.510776 0.00252651
400 0.704078 0.505115 0.00223671
401 0.704078 0.50539 0.00253469
402 0.704078 0.510189 0.00273356
403 0.704078 0.512086 0.00229524
404 0.704078 0.507389 0.00220232
405 0.704078 0.511354 0.00250192
406 0.704078 0.511538 0.00232307
407 0.704078 0.506449 0.00258426
408 0.704078 0.510574 0.00218398
409 0.704078 0.507708 0.00223186
410 0.704078 0.508495 0.00185077
411 0.704078 0.505003 0.00226464
412 0.704078 0.507878 0.00206528
413 0.704078 0.508643 0.00226071
414 0.704078 0.509945 0.00201592
415 0.704078 0.508908 0.00215229
416 0.704078 0.507191 0.00221988
417 0.704078 0.51031 0.002471
418 0.704078 0.511147 0.00240622
419 0.704078 0.514228 0.00248556
420 0.704078 0.510034 0.0022317
421 0.704078 0.511846 0.00209445
422 0.704078 0.50606 0.00210094
423 0.704078 0.510225 0.00225161
424 0.715342 0.50945 0.0027001
425 0.715342 0.510561 0.00247167
426 0.715342 0.509072 0.00238517
427 0.715342 0.512039 0.00193089
428 0.715342 0.508941 0.00214869
429 0.715342 0.509837 0.00221333
430 0.715342 0.512339 0.00210704
431 0.715342 0.511755 0.00202986
432 0.715342 0.508266 0.00200904
433 0.715342 0.507849 0.00194596
434 0.715342 0.514305 0.00200872
435 0.715342 0.517464 0.0022602
436 0.715342 0.516632 0.0022555
437 0.715342 0.511767 0.0023179
438 0.715342 0.507316 0.00209212
439 0.715342 0.514376 0.00216411
440 0.715342 0.514143 0.00225326
441 0.715342 0.5094 0.00227384
442 0.715342 0.508955 0.00235089
443 0.715342 0.506751 0.00209058
444 0.715342 0.508972 0.00237215
445 0.715342 0.507206 0.00201969
446 0.715342 0.507926 0.0023705
447 0.715342 0.512985 0.00215273
448 0.715342 0.510116 0.00249509
449 0.715342 0.510252 0.00208105
450 0.715342 0.512137 0.00225238
451 0.715342 0.512635 0.00199219
452 0.715342 0.509132 0.00237142
453 0.715342 0.509501 0.00204356
454 0.715342 0.510131 0.00208375
455 0.715342 0.507159 0.0021663
456 0.715342 0.510857 0.00225419
457 0.715342 0.510164 0.00241461
458 0.715342 0.511914 0.00228482
459 0.715342 0.513828 0.002272
460 0.715342 0.514373 0.00229995
461 0.715342 0.511106 0.00225946
462 0.715342 0.505307 0.00253891
463 0.715342 0.513292 0.00234756
464 0.715342 0.515825 0.00227057
465 0.715342 0.509825 0.00204759
466 0.715342 0.509974 0.00246193
467 0.715342 0.509699 0.00225791
468 0.715342 0.509188 0.00245866
469 0.715342 0.506516 0.00224756
470 0.715342 0.50942 0.00264751
471 0.715342 0.513466 0.0022907
472 0.715342 0.515582 0.00208267
473 0.715342 0.507841 0.00219603
474 0.715342 0.513108 0.00233031
475 0.715342 0.511104 0.00218426
476 0.715342 0.512235 0.00222436
477 0.718742 0.510386 0.00270305
478 0.718742 0.508733 0.00227998
479 0.718742 0.513358 0.00206299
480 0.718742 0.510716 0.00237568
481 0.718742 0.50305 0.00283004
482 0.718742 0.510728 0.00259569
483 0.718742 0.512285 0.0025335
484 0.718742 0.509201 0.00220612
485 0.718742 0.509676 0.00233545
486 0.718742 0.509984 0.00269947
487 0.718742 0.507862 0.00247263
488 0.718742 0.509434 0.00236535
489 0.718742 0.512766 0.00224561
490 0.718742 0.511554 0.00225495
491 0.718742 0.508873 0.00227519
492 0.718742 0.513236 0.00213425
493 0.718742 0.512228 0.00247792
494 0.718742 0.512536 0.00222741
495 0.718742 0.504103 0.00225661
496 0.718742 0.511241 0.00266263
497 0.718742 0.512907 0.00238717
498 0.718742 0.509513 0.00243887
499 0.734446 0.511914 0.00312683
500 0.734446 0.514016 0.00247986
501 0.734446 0.507837 0.00250461
502 0.734446 0.505057 0.00244789
503 0.734446 0.5082 0.00240001
504 0.734446 0.511834 0.00230384
505 0.734446 0.512575 0.00272239
506 0.734446 0.509409 0.00243924
507 0.734446 0.508557 0.00253019
508 0.734446 0.511263 0.00246409
509 0.734446 0.511818 0.00233791
510 0.734446 0.512259 0.00267736
511 0.734446 0.51156 0.00279231
512 0.734446 0.513575 0.00309389
513 0.734446 0.512543 0.00246223
514 0.734446 0.515842 0.00313648
515 0.734446 0.513057 0.00260679
516 0.734446 0.510202 0.00230501
517 0.734446 0.517502 0.00337382
518 0.734446 0.514267 0.0027331
519 0.734446 0.517187 0.00271716
520 0.734446 0.511241 0.00241512
521 0.734446 0.511333 0.00270348
522 0.734446 0.506598 0.0025281
523 0.734446 0.504804 0.00271447
524 0.734446 0.509832 0.00276217
525 0.734446 0.51003 0.00253576
526 0.734446 0.511666 0.0024111
527 0.734446 0.510089 0.00240695
528 0.734446 0.504544 0.00239796
529 0.734446 0.509175 0.00259199
530 0.734446 0.510862 0.00290332
531 0.734446 0.51 0.00243856
532 0.734446 0.511579 0.00243703
533 0.734446 0.514519 0.00276698
534 0.734446 0.510652 0.00241271
535 0.734446 0.511261 0.00275721
536 0.734446 0.50671 0.00260655
537 0.734446 0.509912 0.00267591
538 0.734446 0.510009 0.00279689
539 0.734446 0.50925 0.00254658
540 0.734446 0.510215 0.00241037
541 0.734446 0.510301 0.00269942
542 0.734446 0.512089 0.00245087
543 0.734446 0.511159 0.00294658
544 0.734446 0.513263 0.00266595
545 0.734446 0.51648 0.00283438
546 0.734446 0.510587 0.00263466
547 0.734446 0.507592 0.0027088
548 0.734446 0.514237 0.00272173
549 0.734446 0.513984 0.00253245
550 0.734446 0.508552 0.00260952
551 0.734446 0.510196 0.00275274
552 0.734446 0.511508 0.00268444
553 0.734446 0.509563 0.00254922
554 0.734446 0.512266 0.00250336
555 0.734446 0.511487 0.00307549
556 0.734446 0.511145 0.00257621
557 0.734446 0.510836 0.00250619
558 0.734446 0.510926 0.00292044
559 0.734446 0.511268 0.00333134
560 0.734446 0.513379 0.00289032
561 0.734446 0.51336 0.0026078
562 0.734446 0.506765 0.00271274
563 0.734446 0.511475 0.00258523
564 0.734446 0.509443 0.0026554
565 0.734446 0.511679 0.002669
566 0.734446 0.513311 0.00323143
567 0.734446 0.511651 0.00263269
568 0.734446 0.508731 0.00268458
569 0.734446 0.514295 0.00293065
570 0.734446 0.511989 0.00298235
571 0.734446 0.513031 0.00269027
572 0.734446 0.508547 0.00275439
573 0.734446 0.509896 0.00248639
574 0.734446 0.512614 0.00239903
575 0.734446 0.506966 0.00255838
576 0.734446 0.511446 0.00266895
577 0.734446 0.51143 0.00310932
578 0.734446 0.510415 0.00256621
579 0.734446 0.5132 0.0026298
580 0.734446 0.511885 0.00284209
581 0.734446 0.5076 0.00270417
582 0.734446 0.508162 0.00276941
583 0.734446 0.507152 0.0025848
584 0.734446 0.512808 0.00283315
585 0.734446 0.511138 0.00256736
586 0.734446 0.508062 0.00257993
587 0.734446 0.512421 0.00254238
588 0.734446 0.50959 0.0026159
589 0.734446 0.51043 0.00270436
590 0.734446 0.509482 0.00248728
591 0.734446 0.510586 0.00249487
592 0.734446 0.511034 0.0024805
593 0.734446 0.507055 0.00251269
594 0.734446 0.50734 0.0024359
595 0.734446 0.510743 0.00232446
596 0.734446 0.507395 0.00232072
597 0.734446 0.509335 0.00217096
598 0.734446 0.51252 0.00231118
599 0.734446 0.51008 0.00228685
600 0.734446 0.512692 0.00241643
601 0.734446 0.512193 0.00267621
602 0.734446 0.514111 0.00273348
603 0.734446 0.506987 0.0023728
604 0.734446 0.511975 0.00229739
605 0.734446 0.51393 0.00263578
606 0.734446 0.511688 0.00285252
607 0.734446 0.507904 0.00230739
608 0.734446 0.508769 0.00250054
609 0.734446 0.508613 0.00224511
610 0.734446 0.511966 0.00257942
611 0.734446 0.504934 0.00234113
612 0.734446 0.508022 0.00253492
613 0.734446 0.510122 0.00285789
614 0.734446 0.510075 0.00214058
615 0.734446 0.508338 0.00229833
616 0.734446 0.510278 0.00251783
617 0.734446 0.509507 0.00246336
618 0.734446 0.511181 0.00240999
619 0.734446 0.51121 0.00265889
620 0.734446 0.512948 0.0026802
621 0.734446 0.516083 0.00290609
622 0.734446 0.512268 0.00271602
623 0.734446 0.5103 0.00247691
624 0.734446 0.512439 0.00250004
625 0.734446 0.509767 0.00262526
626 0.734446 0.508323 0.00268528
627 0.734446 0.506907 0.00273204
628 0.734446 0.511256 0.0028788
629 0.734446 0.512663 0.00273349
630 0.734446 0.509592 0.00253624
631 0.734446 0.510313 0.00241247
632 0.734446 0.514835 0.00295827
633 0.734446 0.510376 0.00253424
634 0.734446 0.511999 0.00309162
635 0.734446 0.511354 0.00298886
636 0.734446 0.509162 0.00262627
637 0.734446 0.515314 0.00279304
638 0.734446 0.509336 0.00267043
639 0.734446 0.506837 0.00252273
640 0.734446 0.51003 0.00243588
641 0.734446 0.510102 0.00265831
642 0.734446 0.508874 0.00244055
643 0.734446 0.510022 0.00257487
644 0.734446 0.511375 0.00256535
645 0.734446 0.512316 0.00326334
646 0.734446 0.51178 0.00300408
647 0.734446 0.505989 0.00293414
648 0.734446 0.509955 0.00278186
649 0.734446 0.509418 0.00272844
650 0.734446 0.510094 0.00274567
651 0.734446 0.508027 0.00245688
652 0.734446 0.510032 0.00230399
653 0.734446 0.511078 0.00247072
654 0.734446 0.51019 0.00254535
655 0.734446 0.50999 0.00274951
656 0.734446 0.513115 0.00272526
657 0.734446 0.507041 0.00283458
658 0.734446 0.512645 0.00266128
659 0.734446 0.507656 0.00253584
660 0.734446 0.504311 0.00285887
661 0.734446 0.507318 0.00260803
662 0.734446 0.505991 0.00273206
663 0.734446 0.504453 0.00275894
664 0.734446 0.511457 0.00272156
665 0.734446 0.509413 0.0027283
666 0.734446 0.510477 0.00273918
667 0.734446 0.510946 0.00271301
668 0.734446 0.51093 0.00274817
669 0.734446 0.510019 0.00308831
670 0.734446 0.510746 0.00284259
671 0.734446 0.508137 0.00254369
672 0.734446 0.514164 0.00303775
673 0.734446 0.509415 0.00244925
674 0.734446 0.508139 0.00285587
675 0.734446 0.506536 0.00296507
676 0.734446 0.508488 0.00309815
677 0.734446 0.514862 0.00239403
678 0.734446 0.507427 0.00270332
679 0.734446 0.509081 0.00278269
680 0.734446 0.508415 0.00267369
681 0.734446 0.508965 0.00291239
682 0.734446 0.516135 0.00283205
683 0.734446 0.513617 0.00295385
684 0.734446 0.510715 0.00314366
685 0.734446 0.510925 0.00304698
686 0.734446 0.510647 0.00285384
687 0.734446 0.511019 0.00251037
688 0.734446 0.5105 0.00271209
689 0.734446 0.512912 0.00291239
690 0.734446 0.509224 0.00312535
691 0.734446 0.514289 0.00262948
692 0.734446 0.516884 0.00281627
693 0.734446 0.5103 0.00256663
694 0.734446 0.509596 0.00257327
695 0.734446 0.509429 0.00287168
696 0.734446 0.512038 0.0026303
697 0.734446 0.514179 0.00310268
698 0.734446 0.514393 0.00279161
699 0.734446 0.511479 0.00267419
700 0.734446 0.509909 0.00256674
701 0.734446 0.513392 0.00245946
702 0.734446 0.513538 0.00268471
703 0.734446 0.509083 0.00234256
704 0.734446 0.514449 0.00256507
705 0.734446 0.508727 0.00256023
706 0.734446 0.509755 0.00278159
707 0.734446 0.504798 0.0027144
708 0.734446 0.513429 0.00297213
709 0.734446 0.509989 0.00272196
710 0.734446 0.508927 0.00293034
711 0.734446 0.509226 0.00246226
712 0.734446 0.510166 0.00245449
713 0.734446 0.514947 0.00267904
714 0.734446 0.509516 0.00238008
715 0.734446 0.512957 0.00287043
716 0.734446 0.511339 0.00278509
717 0.734446 0.510946 0.00229429
718 0.734446 0.508443 0.00260444
719 0.734446 0.513067 0.00299461
720 0.734446 0.512206 0.00237801
721 0.734446 0.510324 0.00238301
722 0.734446 0.508929 0.00247454
723 0.734446 0.509446 0.00257919
724 0.734446 0.515658 0.0025375
725 0.734446 0.510966 0.00247313
726 0.734446 0.516183 0.00294449
727 0.734446 0.5124 0.00264267
728 0.734446 0.508551 0.00254207
729 0.734446 0.510296 0.00266031
730 0.734446 0.513883 0.00262203
731 0.734446 0.51401 0.00252571
732 0.734446 0.507908 0.0029038
733 0.734446 0.511598 0.00283768
734 0.734446 0.513571 0.0029527
735 0.734446 0.511988 0.00301377
736 0.734446 0.509854 0.00287953
737 0.734446 0.514739 0.00277927
738 0.734446 0.514452 0.00267819
739 0.734446 0.512325 0.00276521
740 0.734446 0.509398 0.00265643
741 0.734446 0.511598 0.00285776
742 0.734446 0.513713 0.00291923
743 0.734446 0.515085 0.00261732
744 0.734446 0.510856 0.00252985
745 0.734446 0.508349 0.0028241
746 0.734446 0.509447 0.00312838
747 0.734446 0.508755 0.00277004
748 0.734446 0.512444 0.00267347
749 0.734446 0.515456 0.002573
750 0.734446 0.511715 0.00257923
751 0.734446 0.511499 0.00262597
752 0.734446 0.515206 0.00310803
753 0.734446 0.5081 0.00260569
754 0.734446 0.51089 0.00269812
755 0.734446 0.512906 0.00294032
756 0.734446 0.507522 0.00278699
757 0.734446 0.513557 0.00252199
758 0.734446 0.513558 0.00293713
759 0.734446 0.511232 0.00296899
760 0.734446 0.513566 0.00253174
761 0.734446 0.509478 0.00251712
762 0.734446 0.515852 0.00269017
763 0.734446 0.509058 0.00248611
764 0.734446 0.513458 0.00233004
765 0.734446 0.515755 0.00293051
766 0.734446 0.512669 0.00288416
767 0.734446 0.509427 0.00267143
768 0.734446 0.508112 0.00238084
769 0.734446 0.508825 0.00255593
770 0.734446 0.509434 0.00262217
771 0.734446 0.508502 0.0025541
772 0.734446 0.508255 0.00257547
773 0.734446 0.509626 0.00251817
774 0.734446 0.5111 0.00247777
775 0.734446 0.507661 0.00268966
776 0.734446 0.512312 0.00266948
777 0.734446 0.505861 0.00270835
778 0.734446 0.504346 0.00300589
779 0.734446 0.509122 0.00283328
780 0.734446 0.512927 0.00283616
781 0.734446 0.510592 0.00279735
782 0.734446 0.50571 0.00278327
783 0.734446 0.513442 0.00260462
784 0.734446 0.507125 0.00278353
785 0.734446 0.51043 0.00286378
786 0.734446 0.512687 0.00277906
787 0.734446 0.50697 0.00273368
788 0.734446 0.50636 0.00263741
789 0.734446 0.510454 0.00271807
790 0.734446 0.509651 0.00276723
791 0.734446 0.512262 0.00247227
792 0.734446 0.514482 0.00293809
793 0.734446 0.517415 0.00276368
794 0.734446 0.517 0.00310392
795 0.734446 0.509865 0.00257722
796 0.734446 0.508008 0.00265682
797 0.734446 0.508306 0.00285282
798 0.734446 0.506854 0.00302109
799 0.734446 0.510249 0.00279333
800 0.734446 0.507842 0.00264214
801 0.734446 0.519178 0.00332639
802 0.734446 0.512135 0.00292563
803 0.734446 0.511553 0.00308291
804 0.734446 0.512302 0.00366924
805 0.734446 0.511572 0.00270516
806 0.734446 0.511947 0.0027095
807 0.734446 0.515095 0.00296351
808 0.734446 0.517355 0.00299647
809 0.734446 0.516447 0.0034409
810 0.734446 0.512143 0.00244863
811 0.734446 0.505782 0.00295435
812 0.734446 0.508841 0.00270382
813 0.734446 0.50968 0.00284008
814 0.734446 0.510713 0.00267531
815 0.734446 0.507283 0.00246451
816 0.734446 0.505208 0.00265246
817 0.734446 0.514641 0.00254365
818 0.734446 0.509799 0.00259695
819 0.734446 0.509148 0.00260862
820 0.734446 0.509488 0.00271324
821 0.734446 0.511798 0.00318632
822 0.734446 0.508803 0.00293292
823 0.734446 0.513773 0.00299738
824 0.734446 0.51012 0.00298612
825 0.734446 0.507135 0.00270727
826 0.734446 0.50851 0.00292641
827 0.734446 0.509777 0.00287877
828 0.734446 0.506523 0.00289594
829 0.734446 0.507025 0.00273923
830 0.734446 0.508727 0.00291443
831 0.734446 0.508194 0.00275546
832 0.734446 0.509767 0.0024812
833 0.734446 0.506393 0.00279078
834 0.734446 0.512627 0.00236941
835 0.734446 0.509949 0.00239477
836 0.734446 0.506222 0.00259133
837 0.734446 0.507747 0.00287645
838 0.734446 0.511256 0.00299617
839 0.734446 0.511779 0.00279584
840 0.734446 0.508435 0.00255658
841 0.734446 0.506513 0.00252209
842 0.740727 0.508574 0.00344432
843 0.740727 0.512044 0.00277427
844 0.740727 0.507328 0.00264149
845 0.740727 0.509402 0.00252362
846 0.740727 0.511713 0.0027951
847 0.740727 0.51093 0.00275689
848 0.740727 0.51738 0.00270206
849 0.740727 0.510371 0.00268691
850 0.77422 0.514099 0.00324141
851 0.77422 0.513334 0.00262984
852 0.77422 0.511144 0.00278153
853 0.77422 0.509017 0.00275569
854 0.77422 0.516962 0.0028113
855 0.77422 0.509454 0.00283439
856 0.77422 0.508844 0.00297299
857 0.77422 0.512196 0.00264504
858 0.77422 0.509711 0.0029708
859 0.77422 0.511146 0.00268942
860 0.77422 0.512982 0.00279315
861 0.77422 0.514195 0.00274969
862 0.77422 0.511541 0.00282378
863 0.77422 0.512471 0.00289847
864 0.77422 0.510477 0.00303472
865 0.77422 0.509031 0.00282479
866 0.77422 0.51575 0.00282612
867 0.77422 0.513605 0.0026938
868 0.77422 0.512488 0.00328786
869 0.77422 0.511597 0.00291026
870 0.77422 0.51682 0.00328812
871 0.77422 0.512498 0.00278912
872 0.77422 0.511015 0.00312748
873 0.77422 0.510825 0.00316342
874 0.77422 0.512725 0.00321776
875 0.77422 0.511395 0.0029826
876 0.77422 0.510818 0.00328447
877 0.77422 0.508981 0.00324591
878 0.77422 0.513239 0.00329257
879 0.77422 0.510354 0.00284923
880 0.77422 0.509414 0.00301695
881 0.77422 0.513725 0.00316893
882 0.77422 0.508175 0.00279412
883 0.77422 0.511127 0.00355535
884 0.77422 0.512238 0.00298771
885 0.77422 0.513415 0.0032808
886 0.77422 0.511286 0.00360102
887 0.77422 0.513846 0.00285421
888 0.77422 0.513861 0.00320585
889 0.77422 0.503848 0.00326683
890 0.77422 0.516646 0.00334801
891 0.77422 0.515034 0.00335866
892 0.77422 0.512666 0.00322575
893 0.77422 0.512825 0.00319019
894 0.77422 0.512453 0.00309615
895 0.77422 0.510336 0.00315845
896 0.77422 0.511747 0.00297773
897 0.77422 0.512063 0.00281902
898 0.77422 0.514267 0.00299964
899 0.77422 0.512141 0.00343467
900 0.77422 0.508857 0.00301515
901 0.77422 0.515825 0.00368561
902 0.77422 0.508514 0.00314223
903 0.77422 0.50983 0.00315047
904 0.77422 0.513105 0.00278574
905 0.77422 0.510808 0.00306828
906 0.77422 0.510698 0.00322724
907 0.77422 0.507236 0.00314073
908 0.77422 0.508125 0.00294601
909 0.77422 0.513283 0.00337583
910 0.77422 0.508924 0.00303833
911 0.77422 0.51071 0.00312521
912 0.77422 0.509297 0.00336577
913 0.77422 0.516429 0.00319292
914 0.77422 0.514884 0.00326561
915 0.77422 0.509355 0.00327945
916 0.77422 0.509176 0.00316343
917 0.77422 0.511748 0.00336001
918 0.77422 0.515685 0.00344565
919 0.77422 0.512516 0.00313804
920 0.77422 0.509034 0.00326074
921 0.77422 0.513304 0.00320086
922 0.77422 0.509857 0.00309475
923 0.77422 0.514269 0.00307237
924 0.77422 0.511828 0.00371198
925 0.77422 0.510458 0.00337769
926 0.77422 0.514171 0.00360948
927 0.77422 0.508012 0.00356941
928 0.77422 0.512566 0.00316329
929 0.77422 0.509178 0.00303009
930 0.77422 0.513824 0.00325295
931 0.77422 0.513774 0.00368111
932 0.77422 0.515203 0.00285775
933 0.77422 0.513547 0.00305926
934 0.77422 0.510047 0.00314504
935 0.77422 0.51811 0.00301152
936 0.77422 0.51486 0.00311769
937 0.77422 0.512234 0.00331745
938 0.77422 0.509745 0.003248
939 0.77422 0.51134 0.0032365
940 0.77422 0.517622 0.00352232
941 0.77422 0.511386 0.00309308
942 0.77422 0.515692 0.00413214
943 0.77422 0.510892 0.00330303
944 0.77422 0.511428 0.00326488
945 0.77422 0.513089 0.00354907
946 0.77422 0.514131 0.00312654
947 0.77422 0.512287 0.00326892
948 0.77422 0.511641 0.00321209
949 0.77422 0.511966 0.00359907
950 0.77422 0.513756 0.00330037
951 0.77422 0.513371 0.00317561
952 0.77422 0.509613 0.00302561
953 0.77422 0.512313 0.00297794
954 0.77422 0.515427 0.00298372
955 0.77422 0.511068 0.0032251
956 0.77422 0.513119 0.00288493
957 0.77422 0.512606 0.00284334
958 0.77422 0.509354 0.00300848
959 0.77422 0.513513 0.00311496
960 0.77422 0.512667 0.00276556
961 0.77422 0.510054 0.00292675
962 0.77422 0.513199 0.00335818
963 0.77422 0.513572 0.00306614
964 0.77422 0.511182 0.00269773
965 0.77422 0.51306 0.00269032
966 0.77422 0.512424 0.00276239
967 0.77422 0.509969 0.00299031
968 0.77422 0.509777 0.00281806
969 0.77422 0.508274 0.00289174
970 0.77422 0.50986 0.00326708
971 0.77422 0.511035 0.00305506
972 0.77422 0.507259 0.00321807
973 0.77422 0.508339 0.00312552
974 0.77422 0.50843 0.00306254
975 0.77422 0.508504 0.00312496
976 0.77422 0.510595 0.00303552
977 0.77422 0.509762 0.0030451
978 0.77422 0.514759 0.00345011
979 0.77422 0.51151 0.00363923
980 0.77422 0.515259 0.00382511
981 0.77422 0.513498 0.00321216
982 0.77422 0.509597 0.0029367
983 0.77422 0.509114 0.0028455
984 0.77422 0.512695 0.002801
985 0.77422 0.511854 0.00308623
986 0.77422 0.514772 0.00291512
987 0.77422 0.512759 0.00314939
988 0.77422 0.511005 0.00286185
989 0.77422 0.514483 0.00281855
990 0.77422 0.511969 0.00291817
991 0.77422 0.512763 0.00333338
992 0.77422 0.513284 0.00323763
993 0.77422 0.512666 0.00319804
994 0.77422 0.511761 0.00302391
995 0.77422 0.516423 0.00337953
996 0.77422 0.51069 0.00280919
997 0.77422 0.509102 0.00280972
998 0.77422 0.510897 0.0029768
999 0.77422 0.511353 0.00322114
1000 0.77422 0.511929 0.00323372
1001 0.77422 0.5172 0.00312245
1002 0.77422 0.513187 0.00319185
1003 0.77422 0.51537 0.00323595
1004 0.77422 0.510095 0.0030456
1005 0.77422 0.512698 0.00305452
1006 0.77422 0.511042 0.00305665
1007 0.77422 0.510333 0.00309124
1008 0.77422 0.514149 0.00328614
1009 0.77422 0.513107 0.00291935
1010 0.77422 0.512836 0.00302205
1011 0.77422 0.508456 0.00296183
1012 0.77422 0.509574 0.0032205
1013 0.77422 0.51456 0.00297316
1014 0.77422 0.509071 0.00290351
1015 0.77422 0.513853 0.00310896
1016 0.77422 0.51489 0.00278343
1017 0.77422 0.509197 0.00321724
1018 0.77422 0.509154 0.00327931
1019 0.77422 0.509494 0.00325463
1020 0.77422 0.513071 0.00384719
1021 0.77422 0.514845 0.00323439
1022 0.77422 0.515864 0.00365
1023 0.77422 0.51335 0.00357083
1024 0.77422 0.511348 0.00286197
1025 0.77422 0.513272 0.00318603
1026 0.77422 0.51492 0.00339652
1027 0.77422 0.512768 0.00315968
1028 0.77422 0.509607 0.0030058
1029 0.77422 0.514664 0.00339859
1030 0.77422 0.51226 0.00325231
1031 0.77422 0.518242 0.0032599
1032 0.77422 0.518678 0.00318636
1033 0.77422 0.506041 0.00333109
1034 0.77422 0.511817 0.00343448
1035 0.77422 0.506425 0.00320632
1036 0.77422 0.51352 0.00329266
1037 0.77422 0.51527 0.0033228
1038 0.77422 0.509616 0.00345612
1039 0.77422 0.510999 0.00341219
1040 0.77422 0.509406 0.00325874
1041 0.77422 0.513901 0.00304218
1042 0.77422 0.512842 0.00342463
1043 0.77422 0.515732 0.00320571
1044 0.77422 0.509941 0.00341131
1045 0.77422 0.511442 0.0028887
1046 0.77422 0.510517 0.00357504
1047 0.77422 0.516778 0.00318256
1048 0.77422 0.506094 0.00334081
1049 0.77422 0.513725 0.00319997
1050 0.77422 0.518048 0.00330708
1051 0.77422 0.511109 0.00325234
1052 0.77422 0.513523 0.00350917
1053 0.77422 0.507959 0.00321237
1054 0.77422 0.512889 0.00308149
1055 0.77422 0.509636 0.00323685
1056 0.77422 0.510111 0.00313997
1057 0.77422 0.512061 0.00290558
1058 0.77422 0.511154 0.00315992
1059 0.77422 0.5112 0.00337755
1060 0.77422 0.513351 0.00326067
1061 0.77422 0.513033 0.00310114
1062 0.77422 0.510635 0.00306567
1063 0.77422 0.511705 0.00307261
1064 0.77422 0.517766 0.00313267
1065 0.77422 0.510507 0.00347906
1066 0.77422 0.510239 0.00360592
1067 0.77422 0.515114 0.00355837
1068 0.77422 0.515166 0.00355692
1069 0.77422 0.512125 0.0031119
1070 0.77422 0.510461 0.00349134
1071 0.77422 0.506746 0.00328205
1072 0.77422 0.510325 0.00306136
1073 0.77422 0.509107 0.00347716
1074 0.77422 0.520145 0.00348958
1075 0.77422 0.517053 0.00292372
1076 0.77422 0.512519 0.00312677
1077 0.77422 0.509572 0.00335811
1078 0.77422 0.511925 0.00291506
1079 0.77422 0.509955 0.00317003
1080 0.77422 0.511558 0.00313324
1081 0.77422 0.511704 0.00269602
1082 0.77422 0.51104 0.00299549
1083 0.77422 0.515112 0.00303943
1084 0.77422 0.513673 0.00307794
1085 0.77422 0.512005 0.00313906
1086 0.77422 0.510449 0.0029158
1087 0.77422 0.515368 0.00281884
1088 0.77422 0.511758 0.00304776
1089 0.77422 0.511625 0.00357038
1090 0.77422 0.51061 0.00331764
1091 0.77422 0.509844 0.00314519
1092 0.77422 0.508808 0.00290523
1093 0.77422 0.511531 0.00300415
1094 0.77422 0.512417 0.00308497
1095 0.77422 0.511889 0.0030819
1096 0.77422 0.515048 0.00319165
1097 0.77422 0.512969 0.00315983
1098 0.77422 0.510185 0.00314297
1099 0.77422 0.511782 0.00313366
1100 0.77422 0.508964 0.0029407
1101 0.77422 0.509509 0.0034323
1102 0.77422 0.509199 0.00315351
1103 0.77422 0.508523 0.00309308
1104 0.77422 0.515728 0.00313327
1105 0.77422 0.51218 0.0030605
1106 0.77422 0.511893 0.00292117
1107 0.77422 0.508352 0.00356321
1108 0.77422 0.509758 0.00307623
1109 0.77422 0.507782 0.00357555
1110 0.77422 0.509685 0.00347488
1111 0.77422 0.510239 0.00363436
1112 0.77422 0.515239 0.00395519
1113 0.77422 0.511727 0.0032559
1114 0.77422 0.510333 0.0034285
1115 0.77422 0.51672 0.00304198
1116 0.77422 0.514497 0.00288455
1117 0.77422 0.513028 0.00325868
1118 0.77422 0.511106 0.0033034
1119 0.77422 0.510329 0.00308955
1120 0.77422 0.51018 0.00304028
1121 0.77422 0.506688 0.00319044
1122 0.77422 0.514218 0.00398633
1123 0.77422 0.510739 0.00361057
1124 0.77422 0.510192 0.00344797
1125 0.77422 0.513702 0.00319481
1126 0.77422 0.510868 0.00305587
1127 0.77422 0.508754 0.00354833
1128 0.77422 0.514614 0.00330822
1129 0.77422 0.514288 0.00317509
1130 0.77422 0.514081 0.00330282
1131 0.77422 0.512697 0.00323206
1132 0.77422 0.514994 0.00297765
1133 0.77422 0.514066 0.00325856
1134 0.77422 0.518763 0.00329685
1135 0.77422 0.514898 0.00291226
1136 0.77422 0.514921 0.00345607
1137 0.77422 0.511428 0.00295655
1138 0.77422 0.511395 0.00299908
1139 0.77422 0.511813 0.00326727
1140 0.77422 0.514351 0.00371741
1141 0.77422 0.514186 0.00306604
1142 0.77422 0.517508 0.00297055
1143 0.77422 0.515972 0.00319215
1144 0.77422 0.513139 0.00319674
1145 0.77422 0.508316 0.00316783
1146 0.77422 0.513111 0.00340903
1147 0.77422 0.511372 0.00343089
1148 0.77422 0.509672 0.00305407
1149 0.77422 0.508197 0.00292738
1150 0.77422 0.516669 0.00336152
1151 0.77422 0.515419 0.00327091
1152 0.77422 0.513335 0.0033835
1153 0.77422 0.512852 0.00328815
1154 0.77422 0.511354 0.00320267
1155 0.77422 0.515973 0.00297917
1156 0.77422 0.510985 0.00287283
1157 0.77422 0.514813 0.00344268
1158 0.77422 0.511043 0.00307413
1159 0.77422 0.512271 0.00304287
1160 0.77422 0.513922 0.0031758
1161 0.77422 0.508774 0.00284763
1162 0.77422 0.509236 0.00313244
1163 0.77422 0.511401 0.00294878
1164 0.77422 0.512372 0.00312272
1165 0.77422 0.513185 0.00280924
1166 0.77422 0.506106 0.00298849
1167 0.77422 0.513328 0.00285077
1168 0.77422 0.509146 0.00291938
1169 0.77422 0.511036 0.00282095
1170 0.77422 0.5111 0.0027843
1171 0.77422 0.510129 0.00323803
1172 0.77422 0.512641 0.00304609
1173 0.77422 0.510771 0.0035216
1174 0.77422 0.509804 0.00320638
1175 0.77422 0.516412 0.00323349
1176 0.77422 0.512775 0.00317117
1177 0.77422 0.518548 0.00342702
1178 0.77422 0.51759 0.0033685
1179 0.77422 0.514779 0.00373615
1180 0.77422 0.515222 0.0030426
1181 0.77422 0.515775 0.00326021
1182 0.77422 0.509576 0.00337987
1183 0.77422 0.513495 0.0031157
1184 0.77422 0.515529 0.00340595
1185 0.77422 0.514247 0.00301913
1186 0.77422 0.511124 0.00351647
1187 0.77422 0.513563 0.00325245
1188 0.77422 0.506325 0.0033267
1189 0.77422 0.506987 0.0032075
1190 0.77422 0.510626 0.00330207
1191 0.77422 0.516514 0.00329938
1192 0.77422 0.513408 0.0028823
1193 0.77422 0.510918 0.00304305
1194 0.77422 0.512087 0.00301761
1195 0.77422 0.511951 0.00352167
1196 0.77422 0.509078 0.00306898
1197 0.77422 0.510062 0.00288443
1198 0.77422 0.51344 0.00320127
1199 0.77422 0.510827 0.0032556
1200 0.77422 0.51674 0.0032688
1201 0.77422 0.515341 0.00333776
1202 0.77422 0.507081 0.00330002
1203 0.77422 0.509622 0.00323407
1204 0.77422 0.508143 0.00311464
1205 0.77422 0.50997 0.0030842
1206 0.77422 0.511466 0.00283766
1207 0.77422 0.51073 0.00290289
1208 0.77422 0.513365 0.00306112
1209 0.77422 0.510047 0.00341179
1210 0.77422 0.509573 0.00301409
1211 0.77422 0.511223 0.00291192
1212 0.77422 0.510319 0.0028655
1213 0.77422 0.513584 0.00330314
1214 0.77422 0.512996 0.00332819
1215 0.77422 0.511874 0.00319226
1216 0.77422 0.508116 0.00337056
1217 0.77422 0.505657 0.00317257
1218 0.77422 0.51084 0.00305678
1219 0.77422 0.512678 0.00296345
1220 0.77422 0.510024 0.00301115
1221 0.77422 0.51226 0.00337063
1222 0.77422 0.512828 0.0029296
1223 0.77422 0.510312 0.00326841
1224 0.77422 0.509181 0.00327872
1225 0.77422 0.510872 0.00325309
1226 0.77422 0.508201 0.00298515
1227 0.77422 0.506761 0.00295677
1228 0.77422 0.505493 0.0031935
1229 0.77422 0.512543 0.00313837
1230 0.77422 0.509084 0.00319678
1231 0.77422 0.514142 0.00351453
1232 0.77422 0.512865 0.00319616
1233 0.77422 0.512985 0.00337342
1234 0.77422 0.510176 0.00303072
1235 0.77422 0.515668 0.00358116
1236 0.77422 0.510766 0.0034772
1237 0.77422 0.513294 0.00361318
1238 0.77422 0.511647 0.00326324
1239 0.77422 0.513034 0.00335798
1240 0.77422 0.515749 0.00297458
1241 0.77422 0.519199 0.00336008
1242 0.77422 0.512422 0.00339126
1243 0.77422 0.516226 0.00332622
1244 0.77422 0.512134 0.00312509
1245 0.77422 0.508872 0.00291368
1246 0.77422 0.510372 0.00330606
1247 0.77422 0.513226 0.00343121
1248 0.77422 0.509496 0.00321012
1249 0.77422 0.512738 0.0030416
1250 0.77422 0.510219 0.00326813
1251 0.77422 0.510277 0.00357745
1252 0.77422 0.510526 0.00300235
1253 0.77422 0.519241 0.00313469
1254 0.77422 0.515332 0.00303524
1255 0.77422 0.511566 0.00308647
1256 0.77422 0.513581 0.0033737
1257 0.77422 0.512778 0.00318517
1258 0.77422 0.515817 0.00355828
1259 0.77422 0.51012 0.00352281
1260 0.77422 0.510851 0.00333571
1261 0.77422 0.515217 0.0033063
1262 0.77422 0.512011 0.00322783
1263 0.77422 0.509004 0.00306403
1264 0.77422 0.515884 0.0031075
1265 0.77422 0.514085 0.00324704
1266 0.77422 0.507359 0.00331643
1267 0.77422 0.517947 0.00312347
1268 0.77422 0.515053 0.00325728
1269 0.77422 0.512068 0.00289304
1270 0.77422 0.513231 0.00310967
1271 0.77422 0.505809 0.00321833
1272 0.77422 0.508617 0.00311827
1273 0.77422 0.510952 0.00290967
1274 0.77422 0.5104 0.00277694
1275 0.77422 0.511939 0.00267964
1276 0.77422 0.508877 0.00283901
1277 0.77422 0.512453 0.0027891
1278 0.77422 0.512484 0.00283037
1279 0.77422 0.512173 0.00288855
1280 0.77422 0.514313 0.00384665
1281 0.77422 0.512698 0.00301325
1282 0.77422 0.513827 0.00298217
1283 0.77422 0.513104 0.00304733
1284 0.77422 0.513898 0.00292555
1285 0.77422 0.515095 0.00308704
1286 0.77422 0.515605 0.00291361
1287 0.77422 0.513967 0.00304645
1288 0.77422 0.513427 0.00303169
1289 0.77422 0.513738 0.00324188
1290 0.77422 0.511123 0.00305027
1291 0.77422 0.514699 0.00292344
1292 0.77422 0.513923 0.00281919
1293 0.77422 0.513005 0.00299242
1294 0.77422 0.510629 0.00284186
1295 0.77422 0.511707 0.00294007
1296 0.77422 0.511993 0.00292663
1297 0.77422 0.512852 0.0031749
1298 0.77422 0.512859 0.00292704
1299 0.77422 0.511682 0.00327766
1300 0.77422 0.505186 0.00337643
1301 0.77422 0.511839 0.00268341
1302 0.77422 0.508887 0.00295623
1303 0.77422 0.508178 0.00315553
1304 0.77422 0.511789 0.00310486
1305 0.77422 0.511591 0.00301526
1306 0.77422 0.51032 0.00292661
1307 0.77422 0.511018 0.00296838
1308 0.77422 0.510816 0.0031126
1309 0.77422 0.513884 0.00300825
1310 0.77422 0.512598 0.00291973
1311 0.77422 0.509757 0.00313322
1312 0.77422 0.508218 0.0029073
1313 0.77422 0.511619 0.00308014
1314 0.77422 0.510607 0.00332777
1315 0.77422 0.512392 0.00306391
1316 0.77422 0.511452 0.0031921
1317 0.77422 0.508413 0.00328166
1318 0.77422 0.510026 0.00301584
1319 0.77422 0.515387 0.00309671
1320 0.77422 0.517589 0.003084
1321 0.77422 0.51636 0.00310299
1322 0.77422 0.514771 0.00310583
1323 0.77422 0.512724 0.0029547
1324 0.77422 0.513469 0.00316617
1325 0.77422 0.513632 0.0034269
1326 0.77422 0.517583 0.00324106
1327 0.77422 0.509202 0.00310843
1328 0.77422 0.511172 0.00330167
1329 0.77422 0.515695 0.00328678
1330 0.77422 0.516497 0.00331265
1331 0.77422 0.514899 0.00329177
1332 0.77422 0.512639 0.00297705
1333 0.77422 0.510719 0.00308692
1334 0.77422 0.512763 0.00329385
1335 0.77422 0.509835 0.00312831
1336 0.77422 0.509522 0.00301913
1337 0.77422 0.511741 0.00309374
1338 0.77422 0.512049 0.00301869
1339 0.77422 0.512916 0.00319833
1340 0.77422 0.514021 0.00323628
1341 0.77422 0.509729 0.00329198
1342 0.77422 0.508562 0.00319527
1343 0.77422 0.511892 0.00319661
1344 0.77422 0.515875 0.00307223
1345 0.77422 0.51227 0.00297376
1346 0.77422 0.515835 0.00317348
1347 0.77422 0.510828 0.00308164
1348 0.77422 0.511957 0.00300969
1349 0.77422 0.514766 0.00312363
1350 0.77422 0.512634 0.00317778
1351 0.77422 0.516386 0.00314122
1352 0.77422 0.509744 0.00297485
1353 0.77422 0.513948 0.0033474
1354 0.77422 0.507841 0.0031466
1355 0.77422 0.51293 0.00360471
1356 0.77422 0.514735 0.00328239
1357 0.77422 0.513338 0.00325236
1358 0.77422 0.512968 0.00294064
1359 0.77422 0.509743 0.00319998
1360 0.77422 0.5132 0.0030847
1361 0.77422 0.508005 0.00344594
1362 0.77422 0.520638 0.00327516
1363 0.77422 0.509859 0.00355538
1364 0.77422 0.512642 0.00311493
1365 0.77422 0.514156 0.00332694
1366 0.77422 0.511596 0.0037543
1367 0.77422 0.512118 0.00355128
1368 0.77422 0.518457 0.00322833
1369 0.77422 0.512737 0.0032396
1370 0.77422 0.51323 0.003297
1371 0.77422 0.509563 0.00318943
1372 0.77422 0.506378 0.0033488
1373 0.77422 0.516123 0.0032342
1374 0.77422 0.514305 0.00309176
1375 0.77422 0.510633 0.00319422
1376 0.77422 0.510129 0.00342312
1377 0.77422 0.511873 0.00313733
1378 0.77422 0.515895 0.00291241
1379 0.77422 0.510849 0.00310707
1380 0.77422 0.513471 0.00357932
1381 0.77422 0.519097 0.00325916
1382 0.77422 0.51269 0.0032685
1383 0.77422 0.514444 0.00313821
1384 0.77422 0.508984 0.00323643
1385 0.77422 0.512548 0.00305181
1386 0.77422 0.510359 0.00337107
1387 0.77422 0.513935 0.00373633
1388 0.77422 0.509734 0.00354024
1389 0.77422 0.509376 0.00324424
1390 0.77422 0.515526 0.0029999
1391 0.77422 0.516798 0.0036967
1392 0.77422 0.511692 0.0033675
1393 0.77422 0.510319 0.00330784
1394 0.77422 0.506439 0.0037389
1395 0.77422 0.507373 0.00352515
1396 0.77422 0.508677 0.00304932
1397 0.77422 0.512474 0.00395539
1398 0.77422 0.511377 0.00308338
1399 0.77422 0.509335 0.00313581
1400 0.77422 0.507179 0.00313543
1401 0.77422 0.509949 0.00317209
1402 0.77422 0.511375 0.00316706
1403 0.77422 0.511818 0.00318144
1404 0.77422 0.514281 0.00307628
1405 0.77422 0.512161 0.00329115
1406 0.77422 0.512525 0.00362813
1407 0.77422 0.515534 0.003095
1408 0.77422 0.509854 0.00318718
1409 0.77422 0.511553 0.00328044
1410 0.77422 0.507926 0.00315655
1411 0.77422 0.510734 0.00323529
1412 0.77422 0.513142 0.00331753
1413 0.77422 0.513008 0.00326468
1414 0.77422 0.506663 0.00332325
1415 0.77422 0.50886 0.00322647
1416 0.77422 0.512723 0.00329913
1417 0.77422 0.512608 0.00313063
1418 0.77422 0.515276 0.0031879
1419 0.77422 0.515256 0.00351983
1420 0.77422 0.510705 0.00349576
1421 0.77422 0.516089 0.00310437
1422 0.77422 0.51248 0.00308603
1423 0.77422 0.509207 0.00331419
1424 0.77422 0.512364 0.00325367
1425 0.77422 0.513056 0.00324076
1426 0.77422 0.513647 0.0033288
1427 0.77422 0.511914 0.00315587
1428 0.77422 0.515496 0.00380677
1429 0.77422 0.515201 0.00333873
1430 0.77422 0.516552 0.00345085
1431 0.77422 0.508858 0.00327006
1432 0.77422 0.51108 0.0032324
1433 0.77422 0.510775 0.0035898
1434 0.77422 0.510996 0.00338173
1435 0.77422 0.51528 0.00395502
1436 0.77422 0.509455 0.00329636
1437 0.77422 0.51653 0.00316888
1438 0.77422 0.506203 0.00319018
1439 0.77422 0.509941 0.00349247
1440 0.77422 0.512203 0.00324712
1441 0.77422 0.513956 0.0032325
1442 0.77422 0.515928 0.00331219
1443 0.77422 0.514277 0.00347072
1444 0.77422 0.51639 0.00351123
1445 0.77422 0.514336 0.00320186
1446 0.77422 0.509141 0.00367038
1447 0.77422 0.509047 0.00321677
1448 0.77422 0.517461 0.00352543
1449 0.77422 0.514653 0.00370557
1450 0.77422 0.513065 0.00344289
1451 0.77422 0.515429 0.00329516
1452 0.77422 0.516558 0.00350568
1453 0.77422 0.514197 0.0035894
1454 0.77422 0.511943 0.00361084
1455 0.77422 0.5136 0.00359689
1456 0.77422 0.512647 0.00337583
1457 0.77422 0.512195 0.00381819
1458 0.77422 0.514111 0.00352255
1459 0.77422 0.516277 0.00300163
1460 0.77422 0.511356 0.00341145
1461 0.77422 0.514576 0.00362737
1462 0.77422 0.508398 0.0032515
1463 0.77422 0.510038 0.0029913
1464 0.77422 0.514904 0.00316437
1465 0.77422 0.514477 0.00305584
1466 0.77422 0.512266 0.00312586
1467 0.77422 0.512845 0.00308945
1468 0.77422 0.512971 0.00309938
1469 0.77422 0.510501 0.00306561
1470 0.77422 0.511294 0.00322747
1471 0.77422 0.508937 0.00310223
1472 0.77422 0.510347 0.00308473
1473 0.77422 0.509224 0.00321645
1474 0.77422 0.510223 0.00328048
1475 0.77422 0.510395 0.00352939
1476 0.77422 0.510395 0.00344039
1477 0.77422 0.517779 0.00308308
1478 0.77422 0.51174 0.00386529
1479 0.77422 0.510221 0.00324825
1480 0.77422 0.51009 0.00307211
1481 0.77422 0.513946 0.00305467
1482 0.77422 0.514583 0.00319739
1483 0.77422 0.513746 0.00302681
1484 0.77422 0.511232 0.00339412
1485 0.77422 0.513065 0.00343525
1486 0.77422 0.510537 0.00304601
1487 0.77422 0.513242 0.0029827
1488 0.77422 0.513563 0.00335296
1489 0.77422 0.506551 0.00305451
1490 0.77422 0.509806 0.00309474
1491 0.77422 0.50907 0.00336414
1492 0.77422 0.512198 0.00307622
1493 0.77422 0.510539 0.0030616
1494 0.77422 0.507096 0.00314652
1495 0.77422 0.50724 0.00329632
1496 0.77422 0.509206 0.00341327
1497 0.77422 0.515973 0.00355857
1498 0.77422 0.514581 0.00323139
1499 0.77422 0.513941 0.00346685
1500 0.77422 0.513333 0.00308789
1501 0.77422 0.513881 0.00383816
1502 0.77422 0.508759 0.00335116
1503 0.77422 0.511119 0.00322114
1504 0.77422 0.510909 0.00338201
1505 0.77422 0.512575 0.00322221
1506 0.77422 0.512483 0.00340258
1507 0.77422 0.510677 0.003225
1508 0.77422 0.513857 0.00332831
1509 0.77422 0.510773 0.00339826
1510 0.77422 0.511779 0.0039012
1511 0.77422 0.512623 0.00324971
1512 0.77422 0.509708 0.00336681
1513 0.77422 0.511332 0.00334649
1514 0.77422 0.512563 0.00294125
1515 0.77422 0.514171 0.00334894
1516 0.77422 0.510487 0.0034521
1517 0.77422 0.513266 0.00337034
1518 0.77422 0.511402 0.0035651
1519 0.77422 0.510115 0.00363859
1520 0.77422 0.509221 0.00351565
1521 0.77422 0.50897 0.00345098
1522 0.77422 0.513135 0.00332847
1523 0.77422 0.509744 0.00344746
1524 0.77422 0.51476 0.00337317
1525 0.77422 0.508369 0.0032963
1526 0.77422 0.514101 0.00347407
1527 0.77422 0.506695 0.00365124
1528 0.77422 0.508702 0.00339602
1529 0.77422 0.511348 0.00313853
1530 0.77422 0.50512 0.00343715
1531 0.77422 0.511574 0.00325142
1532 0.77422 0.511133 0.00327646
1533 0.77422 0.508837 0.0033753
1534 0.77422 0.508732 0.00383126
1535 0.77422 0.513169 0.00342594
1536 0.77422 0.51039 0.00342893
1537 0.77422 0.507885 0.00317262
1538 0.77422 0.514427 0.00316904
1539 0.77422 0.51202 0.0031017
1540 0.77422 0.510583 0.00292889
1541 0.77422 0.510973 0.00310454
1542 0.77422 0.512257 0.00304494
1543 0.77422 0.509903 0.00311911
1544 0.77422 0.513581 0.0032626
1545 0.77422 0.512883 0.00308546
1546 0.77422 0.515631 0.00320193
1547 0.77422 0.511506 0.00331932
1548 0.77422 0.509791 0.00310735
1549 0.77422 0.511272 0.00308463
1550 0.77422 0.513485 0.00305433
1551 0.77422 0.509431 0.00322374
1552 0.77422 0.510673 0.00353561
1553 0.77422 0.513144 0.00366437
1554 0.77422 0.516188 0.00393533
1555 0.77422 0.518318 0.00329662
1556 0.77422 0.510255 0.0033898
1557 0.77422 0.51258 0.00328665
1558 0.77422 0.513837 0.00326058
1559 0.77422 0.51176 0.00316358
1560 0.77422 0.516787 0.00302799
1561 0.77422 0.511068 0.00306138
1562 0.77422 0.510694 0.00306731
1563 0.77422 0.509736 0.00301259
1564 0.77422 0.512421 0.00307184
1565 0.77422 0.515418 0.00343866
1566 0.77422 0.513263 0.00330868
1567 0.77422 0.508187 0.0031728
1568 0.77422 0.510735 0.00338363
1569 0.77422 0.511677 0.00303392
1570 0.77422 0.510158 0.00334764
1571 0.77422 0.511366 0.00330781
1572 0.77422 0.509388 0.00310117
1573 0.77422 0.509712 0.00326595
1574 0.77422 0.514325 0.003537
1575 0.77422 0.512699 0.00354441
1576 0.77422 0.512649 0.00378771
1577 0.77422 0.512836 0.0033362
1578 0.77422 0.50723 0.00338054
1579 0.77422 0.513951 0.00344602
1580 0.77422 0.512864 0.00315676
1581 0.77422 0.512961 0.00304549
1582 0.77422 0.515875 0.00336901
1583 0.77422 0.512353 0.00316321
1584 0.77422 0.517697 0.0034753
1585 0.77422 0.512887 0.00358669
1586 0.77422 0.513101 0.00307986
1587 0.77422 0.513326 0.00315874
1588 0.77422 0.516341 0.00308384
1589 0.77422 0.513003 0.00332648
1590 0.77422 0.515984 0.0033587
1591 0.77422 0.515406 0.00322812
1592 0.77422 0.51386 0.00327004
1593 0.77422 0.517157 0.00374275
1594 0.77422 0.510458 0.00308529
1595 0.77422 0.508503 0.00314298
1596 0.77422 0.510896 0.00343679
1597 0.77422 0.507433 0.003267
1598 0.77422 0.509527 0.00322692
1599 0.77422 0.50741 0.00322046
1600 0.77422 0.513412 0.00311922
1601 0.77422 0.509725 0.00337021
1602 0.77422 0.512001 0.00304609
1603 0.77422 0.51071 0.00350246
1604 0.77422 0.510571 0.00333558
1605 0.77422 0.51292 0.00339629
1606 0.77422 0.509045 0.00328869
1607 0.77422 0.517178 0.00350634
1608 0.77422 0.517355 0.00321675
1609 0.77422 0.511415 0.00314239
1610 0.77422 0.507239 0.0034561
1611 0.77422 0.509384 0.00326552
1612 0.77422 0.510136 0.00338204
1613 0.77422 0.514163 0.00341906
1614 0.77422 0.510756 0.00331237
1615 0.77422 0.508738 0.00335979
1616 0.77422 0.515028 0.00324647
1617 0.77422 0.51354 0.0035605
1618 0.77422 0.507903 0.00354243
1619 0.77422 0.510032 0.00368909
1620 0.77422 0.508007 0.00336086
1621 0.77422 0.51184 0.00326661
1622 0.77422 0.508185 0.00322714
1623 0.77422 0.510959 0.00327585
1624 0.77422 0.513601 0.00324722
1625 0.77422 0.510963 0.00359709
1626 0.77422 0.514216 0.00320666
1627 0.77422 0.513716 0.00331167
1628 0.77422 0.508562 0.00325138
1629 0.77422 0.50802 0.00347042
1630 0.77422 0.510203 0.00387681
1631 0.77422 0.511204 0.00347432
1632 0.77422 0.50975 0.00334898
1633 0.77422 0.512047 0.00321025
1634 0.77422 0.519175 0.00342955
1635 0.77422 0.51492 0.0033822
1636 0.77422 0.515295 0.0033749
1637 0.77422 0.512567 0.00324967
1638 0.77422 0.51348 0.00339227
1639 0.77422 0.514964 0.00413152
1640 0.77422 0.510237 0.00369782
1641 0.77422 0.510582 0.00330363
1642 0.77422 0.510937 0.00367584
1643 0.77422 0.512397 0.00335752
1644 0.77422 0.509387 0.00331494
1645 0.77422 0.508889 0.00382047
1646 0.77422 0.51286 0.00343589
1647 0.77422 0.516563 0.00340849
1648 0.77422 0.511676 0.00312608
1649 0.77422 0.512833 0.00328432
1650 0.77422 0.512383 0.00319859
1651 0.77422 0.514599 0.00304255
1652 0.77422 0.510698 0.00301744
1653 0.77422 0.512831 0.00318045
1654 0.77422 0.514726 0.00342201
1655 0.77422 0.512356 0.00335551
1656 0.77422 0.513902 0.00327331
1657 0.77422 0.510745 0.00352908
1658 0.77422 0.516356 0.00377438
1659 0.77422 0.518009 0.00373923
1660 0.77422 0.517458 0.00376234
1661 0.77422 0.516959 0.00366906
1662 0.77422 0.512354 0.00325701
1663 0.77422 0.506961 0.00358518
1664 0.77422 0.511173 0.00348514
1665 0.77422 0.512602 0.00390827
1666 0.77422 0.510948 0.00357442
1667 0.77422 0.508755 0.00339492
1668 0.77422 0.512085 0.00307799
1669 0.77422 0.515627 0.00338307
1670 0.77422 0.510391 0.00349217
1671 0.77422 0.514755 0.00338722
1672 0.77422 0.518164 0.00416969
1673 0.77422 0.518455 0.00353115
1674 0.77422 0.515695 0.00362273
1675 0.77422 0.516316 0.00341199
1676 0.77422 0.51679 0.00384871
1677 0.77422 0.514012 0.00310493
1678 0.77422 0.511346 0.00323062
1679 0.77422 0.514976 0.00356928
1680 0.77422 0.512789 0.00355397
1681 0.77422 0.51229 0.00370977
1682 0.77422 0.515767 0.00335392
1683 0.77422 0.516006 0.00348524
1684 0.77422 0.509937 0.00356742
1685 0.77422 0.509069 0.00322415
1686 0.77422 0.513195 0.00322835
1687 0.77422 0.511583 0.00333229
1688 0.77422 0.512548 0.00313907
1689 0.77422 0.510857 0.00355003
1690 0.77422 0.509207 0.00337874
1691 0.77422 0.510805 0.00326265
1692 0.77422 0.511901 0.00356098
1693 0.77422 0.514001 0.00317261
1694 0.77422 0.515809 0.00347321
1695 0.77422 0.515552 0.0029981
1696 0.77422 0.514916 0.00329571
1697 0.77422 0.510091 0.00313151
1698 0.77422 0.514394 0.00322032
1699 0.77422 0.5131 0.00368871
1700 0.77422 0.516571 0.00331088
1701 0.77422 0.509093 0.0033316
1702 0.77422 0.512987 0.00310125
1703 0.77422 0.511561 0.00317988
1704 0.77422 0.521405 0.00346865
1705 0.77422 0.510907 0.00309489
1706 0.77422 0.51218 0.00313546
1707 0.77422 0.509796 0.00329985
1708 0.77422 0.514292 0.00320231
1709 0.77422 0.518826 0.00318896
1710 0.77422 0.514083 0.00389993
1711 0.77422 0.513596 0.00325497
1712 0.77422 0.512084 0.0031967
1713 0.77422 0.512087 0.00342522
1714 0.77422 0.51332 0.00323855
1715 0.77422 0.517493 0.00354085
1716 0.77422 0.511494 0.00328029
1717 0.77422 0.511477 0.00380652
1718 0.77422 0.504405 0.00347673
1719 0.77422 0.509987 0.00351606
1720 0.77422 0.51164 0.00317374
1721 0.77422 0.514963 0.00312701
1722 0.77422 0.512113 0.00371457
1723 0.77422 0.509569 0.00340719
1724 0.77422 0.50877 0.00327896
1725 0.77422 0.513824 0.00319064
1726 0.77422 0.51393 0.00380307
1727 0.77422 0.512612 0.00312357
1728 0.77422 0.511198 0.00326322
1729 0.77422 0.506367 0.00344206
1730 0.77422 0.513315 0.00330807
1731 0.77422 0.51057 0.00325024
1732 0.77422 0.510958 0.00324165
1733 0.77422 0.511801 0.003295
1734 0.77422 0.511243 0.00320147
1735 0.77422 0.508141 0.00310287
1736 0.77422 0.512398 0.00318261
1737 0.77422 0.512656 0.00301288
1738 0.77422 0.509707 0.00303869
1739 0.77422 0.514154 0.00320074
1740 0.77422 0.511098 0.00321343
1741 0.77422 0.513089 0.00318311
1742 0.77422 0.505487 0.00347632
1743 0.77422 0.512932 0.00378211
1744 0.77422 0.510361 0.00322933
1745 0.77422 0.511296 0.00320702
1746 0.77422 0.509103 0.00325888
1747 0.77422 0.512997 0.00311921
1748 0.77422 0.511335 0.00339565
1749 0.77422 0.517321 0.00372024
1750 0.77422 0.514314 0.00332331
1751 0.77422 0.51196 0.00317069
1752 0.77422 0.509385 0.00330425
1753 0.77422 0.511748 0.00306633
1754 0.77422 0.509861 0.00319618
1755 0.77422 0.507909 0.00317252
1756 0.77422 0.512757 0.00362671
1757 0.77422 0.512695 0.00341283
1758 0.77422 0.50935 0.00328211
1759 0.77422 0.50739 0.00325016
1760 0.77422 0.510134 0.00329083
1761 0.77422 0.51089 0.00347695
1762 0.77422 0.50631 0.00326167
1763 0.77422 0.512334 0.00304693
1764 0.77422 0.510801 0.00328316
1765 0.77422 0.508193 0.00317027
1766 0.77422 0.506422 0.00328222
1767 0.77422 0.512195 0.00427956
1768 0.77422 0.511943 0.00338393
1769 0.77422 0.510121 0.00311204
1770 0.77422 0.511592 0.00377064
1771 0.77422 0.512555 0.00321442
1772 0.77422 0.509596 0.00327843
1773 0.77422 0.517181 0.00328913
1774 0.77422 0.512829 0.00316729
1775 0.77422 0.511978 0.00329932
1776 0.77422 0.5108 0.00327239
1777 0.77422 0.512965 0.00321687
1778 0.77422 0.507286 0.00346854
1779 0.77422 0.506956 0.00329436
1780 0.77422 0.511756 0.00315547
1781 0.77422 0.512859 0.00335158
1782 0.77422 0.512287 0.00331603
1783 0.77422 0.515554 0.00387047
1784 0.77422 0.511709 0.0030518
1785 0.77422 0.516653 0.00371152
1786 0.77422 0.517139 0.00367186
1787 0.77422 0.510452 0.00335886
1788 0.77422 0.51226 0.00311368
1789 0.77422 0.513573 0.00305459
1790 0.77422 0.512343 0.00312587
1791 0.77422 0.508017 0.00310549
1792 0.77422 0.512793 0.00319621
1793 0.77422 0.509291 0.00328837
1794 0.77422 0.513461 0.00358209
1795 0.77422 0.513661 0.003327
1796 0.77422 0.518218 0.00324802
1797 0.77422 0.517273 0.00396198
1798 0.77422 0.5098 0.0034062
1799 0.77422 0.512628 0.00339579
1800 0.77422 0.505068 0.0033072
1801 0.77422 0.510726 0.00310718
1802 0.77422 0.513342 0.0033587
1803 0.77422 0.512134 0.00379403
1804 0.77422 0.509409 0.00331853
1805 0.77422 0.509853 0.00317535
1806 0.77422 0.511124 0.00321489
1807 0.77422 0.513327 0.00333239
1808 0.77422 0.507395 0.00311749
1809 0.77422 0.510899 0.00318347
1810 0.77422 0.513033 0.00321873
1811 0.77422 0.507415 0.0032096
1812 0.77422 0.511759 0.00329738
1813 0.77422 0.514226 0.00424095
1814 0.77422 0.509183 0.00334424
1815 0.77422 0.513067 0.00322215
1816 0.77422 0.511963 0.00345256
1817 0.77422 0.513668 0.0034359
1818 0.77422 0.508673 0.00344307
1819 0.77422 0.512124 0.00330917
1820 0.77422 0.511504 0.00341074
1821 0.77422 0.51339 0.00394616
1822 0.77422 0.511402 0.00322358
1823 0.77422 0.51428 0.00328964
1824 0.77422 0.511214 0.00311185
1825 0.77422 0.515132 0.00395007
1826 0.77422 0.508696 0.00317451
1827 0.77422 0.513099 0.00331049
1828 0.77422 0.510185 0.00308074
1829 0.77422 0.510997 0.00302779
1830 0.77422 0.508965 0.00330796
1831 0.77422 0.507483 0.0034835
1832 0.77422 0.510537 0.00347696
1833 0.77422 0.510331 0.00363063
1834 0.77422 0.510284 0.00333318
1835 0.77422 0.512966 0.00319565
1836 0.77422 0.511645 0.00369028
1837 0.77422 0.514624 0.00306352
1838 0.77422 0.511381 0.00338997
1839 0.77422 0.510848 0.0029819
1840 0.77422 0.509883 0.00310567
1841 0.77422 0.511371 0.0030514
1842 0.77422 0.513974 0.00301376
1843 0.77422 0.509334 0.00332215
1844 0.77422 0.507113 0.00310698
1845 0.77422 0.508912 0.0032488
1846 0.77422 0.510239 0.00342388
1847 0.77422 0.512828 0.00318786
1848 0.77422 0.517776 0.00398858
1849 0.77422 0.514582 0.00303022
1850 0.77422 0.509147 0.00343159
1851 0.77422 0.512817 0.00299845
1852 0.77422 0.508877 0.00321043
1853 0.77422 0.512377 0.00346154
1854 0.77422 0.511094 0.00324384
1855 0.77422 0.511576 0.00337174
1856 0.77422 0.514662 0.00372756
1857 0.77422 0.512067 0.00343795
1858 0.77422 0.513702 0.00337168
1859 0.77422 0.514111 0.00298985
1860 0.77422 0.513925 0.00326883
1861 0.77422 0.514271 0.00333602
1862 0.77422 0.510468 0.003453
1863 0.77422 0.514532 0.00351156
1864 0.77422 0.509071 0.00309947
1865 0.77422 0.508571 0.00315982
1866 0.77422 0.510928 0.00357859
1867 0.77422 0.513266 0.00344369
1868 0.77422 0.51215 0.00369627
1869 0.77422 0.51432 0.0032567
1870 0.77422 0.512797 0.00311206
1871 0.77422 0.51096 0.00332645
1872 0.77422 0.506361 0.00324726
1873 0.77422 0.509902 0.00394994
1874 0.77422 0.509888 0.00316977
1875 0.77422 0.513378 0.00313116
1876 0.77422 0.513808 0.00328205
1877 0.77422 0.51222 0.00306059
1878 0.77422 0.51494 0.00343341
1879 0.77422 0.514955 0.00382239
1880 0.77422 0.514397 0.00318673
1881 0.77422 0.509789 0.00306251
1882 0.77422 0.510094 0.00329218
1883 0.77422 0.510452 0.00302555
1884 0.77422 0.508218 0.00319365
1885 0.77422 0.511915 0.00307375
1886 0.77422 0.51308 0.00326755
1887 0.77422 0.51655 0.00302638
1888 0.77422 0.511544 0.00313732
1889 0.77422 0.509308 0.0030412
1890 0.77422 0.513927 0.00320472
1891 0.77422 0.511997 0.00344492
1892 0.77422 0.513589 0.00337572
1893 0.77422 0.510933 0.00317619
1894 0.77422 0.508543 0.00308195
1895 0.77422 0.510876 0.00292936
1896 0.77422 0.51059 0.00286358
1897 0.77422 0.51001 0.002883
1898 0.77422 0.509677 0.00300284
1899 0.77422 0.516615 0.00374142
1900 0.77422 0.516121 0.00436455
1901 0.77422 0.513775 0.00318628
1902 0.77422 0.509828 0.00315942
1903 0.77422 0.512167 0.00316388
1904 0.77422 0.517011 0.0031822
1905 0.77422 0.511673 0.00309103
1906 0.77422 0.508662 0.00314177
1907 0.77422 0.510642 0.00323414
1908 0.77422 0.511051 0.00318752
1909 0.77422 0.515754 0.00314563
1910 0.77422 0.511107 0.00334818
1911 0.77422 0.508499 0.00316681
1912 0.77422 0.512136 0.00347979
1913 0.77422 0.511794 0.00329108
1914 0.77422 0.505168 0.00331297
1915 0.77422 0.510288 0.00335252
1916 0.77422 0.510481 0.00330816
1917 0.77422 0.51262 0.00317387
1918 0.77422 0.513581 0.00323137
1919 0.77422 0.516668 0.00321783
1920 0.77422 0.511923 0.00319828
1921 0.77422 0.51359 0.00290393
1922 0.77422 0.510445 0.00350908
1923 0.77422 0.514277 0.00310113
1924 0.77422 0.515281 0.00398311
1925 0.77422 0.51506 0.00349269
1926 0.77422 0.514258 0.00297141
1927 0.77422 0.511677 0.00289663
1928 0.77422 0.514283 0.00294795
1929 0.77422 0.510335 0.00307966
1930 0.77422 0.512662 0.00297896
1931 0.77422 0.51164 0.00305339
1932 0.77422 0.51018 0.00340018
1933 0.77422 0.513027 0.00304028
1934 0.77422 0.513993 0.00353036
1935 0.77422 0.512729 0.00334071
1936 0.77422 0.515065 0.00295647
1937 0.77422 0.511949 0.00335432
1938 0.77422 0.511441 0.00306627
1939 0.77422 0.512673 0.00328134
1940 0.77422 0.512669 0.00314923
1941 0.77422 0.51167 0.00317957
1942 0.77422 0.511253 0.00294957
1943 0.77422 0.510837 0.00332777
1944 0.77422 0.509279 0.0030834
1945 0.77422 0.51624 0.00331898
1946 0.77422 0.516294 0.00372971
1947 0.77422 0.515682 0.0034115
1948 0.77422 0.515831 0.00323833
1949 0.77422 0.51833 0.00385431
1950 0.77422 0.513236 0.00343457
1951 0.77422 0.512531 0.00362776
1952 0.77422 0.509599 0.00334557
1953 0.77422 0.511909 0.00313914
1954 0.77422 0.509671 0.00381771
1955 0.77422 0.511565 0.00326749
1956 0.77422 0.51128 0.00288203
1957 0.77422 0.508138 0.00330457
1958 0.77422 0.510816 0.00301522
1959 0.77422 0.513791 0.00308299
1960 0.77422 0.512607 0.00339274
1961 0.77422 0.513547 0.00332273
1962 0.77422 0.512418 0.00331701
1963 0.77422 0.512752 0.00402119
1964 0.77422 0.512739 0.0031204
1965 0.77422 0.513092 0.00329104
1966 0.77422 0.513103 0.00298455
1967 0.77422 0.506455 0.00354341
1968 0.77422 0.511701 0.00312441
1969 0.77422 0.513235 0.00334618
1970 0.77422 0.514596 0.00331974
1971 0.77422 0.515652 0.00336991
1972 0.77422 0.511234 0.00315404
1973 0.77422 0.512855 0.00306125
1974 0.77422 0.511037 0.0034528
1975 0.77422 0.512207 0.00337477
1976 0.77422 0.508495 0.00299856
1977 0.77422 0.514915 0.00333759
1978 0.77422 0.512964 0.00381189
1979 0.77422 0.513917 0.00326494
1980 0.77422 0.511898 0.0034128
1981 0.77422 0.512058 0.00315526
1982 0.77422 0.50568 0.00347632
1983 0.77422 0.511876 0.00315196
1984 0.77422 0.506446 0.00317264
1985 0.77422 0.511434 0.0032553
1986 0.77422 0.513906 0.0029483
1987 0.77422 0.510225 0.00337993
1988 0.77422 0.508262 0.00335888
1989 0.77422 0.513543 0.00312482
1990 0.77422 0.513862 0.00309513
1991 0.77422 0.511156 0.00323447
1992 0.77422 0.510386 0.00319713
1993 0.77422 0.507067 0.00308632
1994 0.77422 0.511358 0.00327427
1995 0.77422 0.512055 0.00317251
1996 0.77422 0.512208 0.00316646
1997 0.77422 0.51044 0.00310599
1998 0.77422 0.511278 0.0030947
1999 0.77422 0.512291 0.00385985
2000 0.77422 0.51045 0.00314014
2001 0.77422 0.512698 0.00330265
2002 0.77422 0.513297 0.00305302
2003 0.77422 0.507209 0.00318204
2004 0.77422 0.511841 0.00343579
2005 0.77422 0.511689 0.00314538
2006 0.77422 0.512274 0.00326216
2007 0.77422 0.521315 0.00410128
2008 0.77422 0.50833 0.00359487
2009 0.77422 0.508557 0.00313066
2010 0.77422 0.513147 0.00306388
2011 0.77422 0.512083 0.00313315
2012 0.77422 0.509921 0.00361109
2013 0.77422 0.511984 0.00344472
2014 0.77422 0.510869 0.00317512
2015 0.77422 0.51191 0.00387133
2016 0.77422 0.511983 0.00394662
2017 0.77422 0.513322 0.00330612
2018 0.77422 0.509699 0.00352135
2019 0.77422 0.511112 0.00358166
2020 0.77422 0.508222 0.00384772
2021 0.77422 0.51761 0.00401535
2022 0.77422 0.508908 0.00347842
2023 0.77422 0.51203 0.0036792
2024 0.77422 0.50998 0.00356118
2025 0.77422 0.513063 0.00308369
2026 0.77422 0.516576 0.00349467
2027 0.77422 0.513745 0.00337913
2028 0.77422 0.509422 0.00383755
2029 0.77422 0.512659 0.00347198
2030 0.77422 0.512972 0.0035993
2031 0.77422 0.511104 0.00334245
2032 0.77422 0.511057 0.0032565
2033 0.77422 0.51277 0.00314359
2034 0.77422 0.513352 0.0034247
2035 0.77422 0.508827 0.00306555
2036 0.77422 0.512717 0.00364474
2037 0.77422 0.513103 0.00335925
2038 0.77422 0.505726 0.00336185
2039 0.77422 0.516634 0.00387932
2040 0.77422 0.511463 0.00348828
2041 0.77422 0.513539 0.00342884
2042 0.77422 0.50929 0.00360429
2043 0.77422 0.512245 0.00332887
2044 0.77422 0.51069 0.00330655
2045 0.77422 0.511886 0.00364547
2046 0.77422 0.514857 0.00348975
2047 0.77422 0.5111 0.00343585
2048 0.77422 0.513112 0.003267
2049 0.77422 0.512768 0.00369492
2050 0.77422 0.51376 0.00401684
2051 0.77422 0.511511 0.00324756
2052 0.77422 0.513694 0.00368598
2053 0.77422 0.514532 0.00329268
2054 0.77422 0.514332 0.00348803
2055 0.77422 0.514582 0.00330395
2056 0.77422 0.515192 0.00331487
2057 0.77422 0.51333 0.00341138
2058 0.77422 0.509584 0.00339321
2059 0.77422 0.511411 0.00376831
2060 0.77422 0.514835 0.00320393
2061 0.77422 0.510017 0.00325221
2062 0.77422 0.516743 0.00411538
2063 0.77422 0.516444 0.00337059
2064 0.77422 0.51583 0.00360413
2065 0.77422 0.510579 0.00345154
2066 0.77422 0.512677 0.00368149
2067 0.77422 0.509319 0.00345366
2068 0.77422 0.511941 0.0037709
2069 0.77422 0.512772 0.00337798
2070 0.77422 0.509846 0.00330799
2071 0.77422 0.513513 0.0033824
2072 0.77422 0.512543 0.00329295
2073 0.77422 0.517269 0.00362998
2074 0.77422 0.514232 0.00335866
2075 0.77422 0.517683 0.00369143
2076 0.77422 0.51326 0.00388459
2077 0.77422 0.508827 0.00347901
2078 0.77422 0.512702 0.00344741
2079 0.77422 0.508847 0.00344046
2080 0.77422 0.514025 0.0035567
2081 0.77422 0.510933 0.00343399
2082 0.77422 0.514497 0.00364303
2083 0.77422 0.516099 0.00347582
2084 0.77422 0.511756 0.00344748
2085 0.77422 0.51341 0.00320229
2086 0.77422 0.51256 0.00318063
2087 0.77422 0.512485 0.00303498
2088 0.77422 0.515466 0.00391805
2089 0.77422 0.511822 0.00307425
2090 0.77422 0.51099 0.0030478
2091 0.77422 0.512512 0.00332355
2092 0.77422 0.512283 0.00394993
2093 0.77422 0.519137 0.00345089
2094 0.77422 0.514494 0.00313971
2095 0.77422 0.517317 0.00345179
2096 0.77422 0.510893 0.00303907
2097 0.77422 0.515861 0.00375865
2098 0.77422 0.517817 0.00336186
2099 0.77422 0.516132 0.00385267
2100 0.77422 0.512021 0.00400179
2101 0.77422 0.514703 0.0037812
2102 0.77422 0.514092 0.00314947
2103 0.77422 0.518006 0.00382861
2104 0.77422 0.511111 0.00357102
2105 0.77422 0.516168 0.00342348
2106 0.77422 0.517203 0.0037442
2107 0.77422 0.510154 0.00347763
2108 0.77422 0.506819 0.00342913
2109 0.77422 0.515551 0.00319054
2110 0.77422 0.507691 0.00321794
2111 0.77422 0.508851 0.00311611
2112 0.77422 0.513342 0.00306322
2113 0.77422 0.516873 0.00341118
2114 0.77422 0.511891 0.00347779
2115 0.77422 0.512749 0.00295541
2116 0.77422 0.513417 0.00313765
2117 0.77422 0.511718 0.00319309
2118 0.77422 0.510249 0.0037136
2119 0.77422 0.512756 0.00312053
2120 0.77422 0.517195 0.00297276
2121 0.77422 0.51236 0.00339213
2122 0.77422 0.512435 0.00341447
2123 0.77422 0.515268 0.00326899
2124 0.77422 0.516699 0.00330282
2125 0.77422 0.515799 0.00326111
2126 0.77422 0.512316 0.00333825
2127 0.77422 0.510074 0.00362038
2128 0.77422 0.511871 0.0034088
2129 0.77422 0.511843 0.00323073
2130 0.77422 0.513433 0.00309212
2131 0.77422 0.519158 0.00296203
2132 0.77422 0.513961 0.00308557
2133 0.77422 0.513052 0.00346646
2134 0.77422 0.513911 0.00311205
2135 0.77422 0.508986 0.00322234
2136 0.77422 0.509465 0.00326507
2137 0.77422 0.510909 0.00329919
2138 0.77422 0.514953 0.00390936
2139 0.77422 0.513605 0.00365337
2140 0.77422 0.512524 0.00349232
2141 0.77422 0.511824 0.00323498
2142 0.77422 0.511989 0.00306181
2143 0.77422 0.510615 0.00303963
2144 0.77422 0.517506 0.00369799
2145 0.77422 0.518071 0.00454743
2146 0.77422 0.516734 0.00378078
2147 0.77422 0.515009 0.00329833
2148 0.77422 0.514784 0.00340398
2149 0.77422 0.517776 0.0039964
2150 0.77422 0.512727 0.00317674
2151 0.77422 0.513749 0.0030726
2152 0.77422 0.512499 0.00321946
2153 0.77422 0.515256 0.00319713
2154 0.77422 0.511445 0.00317474
2155 0.77422 0.512765 0.00321863
2156 0.77422 0.509139 0.00321088
2157 0.77422 0.50773 0.0032932
2158 0.77422 0.512377 0.00330941
2159 0.77422 0.511184 0.00307472
2160 0.77422 0.512244 0.00334326
2161 0.77422 0.508555 0.00316158
2162 0.77422 0.512696 0.00313788
2163 0.77422 0.510784 0.0034493
2164 0.77422 0.511918 0.00330301
2165 0.77422 0.512323 0.00320039
2166 0.77422 0.510831 0.00319379
2167 0.77422 0.512977 0.00320863
2168 0.77422 0.509614 0.00338464
2169 0.77422 0.513022 0.00366784
2170 0.77422 0.5124 0.0036496
2171 0.77422 0.515889 0.00356451
2172 0.77422 0.514218 0.0032397
2173 0.77422 0.507732 0.00367191
2174 0.77422 0.511092 0.00330974
2175 0.77422 0.506606 0.00317863
2176 0.77422 0.512895 0.00334705
2177 0.77422 0.513077 0.00308013
2178 0.77422 0.510655 0.00334522
2179 0.77422 0.514499 0.00349765
2180 0.77422 0.511905 0.00332491
2181 0.77422 0.510899 0.0034339
2182 0.77422 0.506877 0.00338331
2183 0.77422 0.508392 0.00336671
2184 0.77422 0.514434 0.00314157
2185 0.77422 0.511715 0.00304745
2186 0.77422 0.510335 0.00342123
2187 0.77422 0.51189 0.00350698
2188 0.77422 0.509174 0.00341143
2189 0.77422 0.511742 0.00348662
2190 0.77422 0.506807 0.0032323
2191 0.77422 0.510563 0.00332393
2192 0.77422 0.511464 0.00314458
2193 0.77422 0.511517 0.0033948
2194 0.77422 0.511229 0.003309
2195 0.77422 0.515164 0.0032481
2196 0.77422 0.510263 0.0035832
2197 0.77422 0.518933 0.00402841
2198 0.77422 0.506223 0.00368278
2199 0.77422 0.509622 0.00338542
2200 0.77422 0.51119 0.00316053
2201 0.77422 0.511631 0.00331544
2202 0.77422 0.508849 0.00337864
2203 0.77422 0.511341 0.00350871
2204 0.77422 0.511894 0.00398106
2205 0.77422 0.51593 0.00337418
2206 0.77422 0.509295 0.00335718
2207 0.77422 0.510863 0.00338706
2208 0.77422 0.508961 0.00328544
2209 0.77422 0.513995 0.0032703
2210 0.77422 0.509313 0.00341518
2211 0.77422 0.514024 0.00329329
2212 0.77422 0.510679 0.00354941
2213 0.77422 0.5136 0.00369844
2214 0.77422 0.511216 0.00340722
2215 0.77422 0.512295 0.00396893
2216 0.77422 0.507943 0.00330639
2217 0.77422 0.511994 0.00332591
2218 0.77422 0.513469 0.0034834
2219 0.77422 0.5134 0.00334631
2220 0.77422 0.509106 0.00351366
2221 0.77422 0.511288 0.00339425
2222 0.77422 0.511463 0.0034856
2223 0.77422 0.510869 0.00318373
2224 0.77422 0.512426 0.00345281
2225 0.77422 0.515948 0.00328952
2226 0.77422 0.514765 0.00331898
2227 0.77422 0.512363 0.00357246
2228 0.77422 0.51018 0.00350536
2229 0.77422 0.513926 0.00381058
2230 0.77422 0.512019 0.00355849
2231 0.77422 0.511161 0.00371084
2232 0.77422 0.507908 0.00358456
2233 0.77422 0.512878 0.00323569
2234 0.77422 0.513057 0.0033888
2235 0.77422 0.50958 0.00397399
2236 0.77422 0.514663 0.00343925
2237 0.77422 0.514475 0.00351283
2238 0.77422 0.513593 0.00347479
2239 0.77422 0.507224 0.0034184
2240 0.77422 0.511183 0.00351903
2241 0.77422 0.508523 0.00368781
2242 0.77422 0.508686 0.00345367
2243 0.77422 0.512451 0.00398202
2244 0.77422 0.512179 0.00376871
2245 0.77422 0.513162 0.00336783
2246 0.77422 0.509684 0.00353225
2247 0.77422 0.515585 0.0035708
2248 0.77422 0.516719 0.00342
2249 0.77422 0.513452 0.00341001
2250 0.77422 0.516138 0.00345192
2251 0.77422 0.514517 0.00329423
2252 0.77422 0.511666 0.0034663
2253 0.77422 0.514391 0.00345961
2254 0.77422 0.511842 0.00338236
2255 0.77422 0.511372 0.00354756
2256 0.77422 0.511049 0.00334805
2257 0.77422 0.51009 0.00350047
2258 0.77422 0.513833 0.0035539
2259 0.77422 0.514584 0.00337016
2260 0.77422 0.511449 0.00363023
2261 0.77422 0.509792 0.00358076
2262 0.77422 0.511856 0.00351471
2263 0.77422 0.510224 0.00372867
2264 0.77422 0.511446 0.00359298
2265 0.77422 0.511706 0.00340055
2266 0.77422 0.507762 0.00368427
2267 0.77422 0.513848 0.0032299
2268 0.77422 0.509093 0.00383055
2269 0.77422 0.509924 0.00343477
2270 0.77422 0.511835 0.00337006
2271 0.77422 0.51018 0.00341744
2272 0.77422 0.514406 0.00407896
2273 0.77422 0.511612 0.00339794
2274 0.77422 0.515604 0.00398941
2275 0.77422 0.514725 0.00409473
2276 0.77422 0.509343 0.00352185
2277 0.77422 0.512941 0.00340328
2278 0.77422 0.515393 0.00357991
2279 0.77422 0.512199 0.00469891
2280 0.77422 0.514962 0.00370255
2281 0.77422 0.511393 0.003589
2282 0.77422 0.509946 0.003477
2283 0.77422 0.509088 0.00372123
2284 0.77422 0.512506 0.00352851
2285 0.77422 0.512829 0.00348285
2286 0.77422 0.51271 0.00405501
2287 0.77422 0.506984 0.00343221
2288 0.77422 0.513382 0.00341084
2289 0.77422 0.509872 0.00334079
2290 0.77422 0.51239 0.00347741
2291 0.77422 0.510988 0.003295
2292 0.77422 0.514825 0.00363837
2293 0.77422 0.514862 0.00330085
2294 0.77422 0.510093 0.00334574
2295 0.77422 0.511096 0.00341412
2296 0.77422 0.510914 0.00347793
2297 0.77422 0.517858 0.00342682
2298 0.77422 0.519076 0.00367763
2299 0.77422 0.514528 0.00357024
2300 0.77422 0.51881 0.00365185
2301 0.77422 0.517218 0.00378573
2302 0.77422 0.511944 0.00357756
2303 0.77422 0.511961 0.00365034
2304 0.77422 0.512973 0.00359461
2305 0.77422 0.511142 0.00353305
2306 0.77422 0.512956 0.00346123
2307 0.77422 0.510078 0.0034164
2308 0.77422 0.512263 0.00324626
2309 0.77422 0.509709 0.00343678
2310 0.77422 0.516068 0.00329053
2311 0.77422 0.51615 0.0034993
2312 0.77422 0.516735 0.00323162
2313 0.77422 0.512474 0.00359087
2314 0.77422 0.513074 0.00371332
2315 0.77422 0.50853 0.00346171
2316 0.77422 0.508619 0.00326603
2317 0.77422 0.505578 0.00327206
2318 0.77422 0.510539 0.00339155
2319 0.77422 0.510349 0.00331107
2320 0.77422 0.512909 0.00371137
2321 0.77422 0.51566 0.0033623
2322 0.77422 0.506884 0.00346901
2323 0.77422 0.509287 0.00329305
2324 0.77422 0.5101 0.00357543
2325 0.77422 0.510864 0.00330337
2326 0.77422 0.510339 0.00342136
2327 0.77422 0.511152 0.0034991
2328 0.77422 0.514204 0.00353702
2329 0.77422 0.513991 0.00354862
2330 0.77422 0.51504 0.00341062
2331 0.77422 0.515196 0.00332235
2332 0.77422 0.512229 0.00340982
2333 0.77422 0.50911 0.00343119
2334 0.77422 0.514219 0.00356683
2335 0.77422 0.517412 0.00402716
2336 0.77422 0.512877 0.00336395
2337 0.77422 0.512678 0.00323947
2338 0.77422 0.513875 0.00373481
2339 0.77422 0.517481 0.0033602
2340 0.77422 0.514445 0.00337034
2341 0.77422 0.514457 0.00376539
2342 0.77422 0.515784 0.00325052
2343 0.77422 0.511442 0.00323276
2344 0.77422 0.511672 0.00312195
2345 0.77422 0.509575 0.00343514
2346 0.77422 0.511536 0.00338699
2347 0.77422 0.514325 0.0034077
2348 0.77422 0.513658 0.00351914
2349 0.77422 0.513831 0.00333291
2350 0.77422 0.514822 0.00387551
2351 0.77422 0.511939 0.00322196
2352 0.77422 0.517856 0.00369036
2353 0.77422 0.512649 0.0033027
2354 0.77422 0.511582 0.0033969
2355 0.77422 0.510164 0.00363203
2356 0.77422 0.507271 0.0032785
2357 0.77422 0.513445 0.00335367
2358 0.77422 0.515827 0.00361362
2359 0.77422 0.512951 0.00337297
2360 0.77422 0.515663 0.00327641
2361 0.77422 0.511844 0.00322208
2362 0.77422 0.517376 0.00330747
2363 0.77422 0.510228 0.00321049
2364 0.77422 0.5076 0.00323381
2365 0.77422 0.514103 0.00343075
2366 0.77422 0.512862 0.00329627
2367 0.77422 0.509174 0.00362772
2368 0.77422 0.510907 0.0034981
2369 0.77422 0.513208 0.00312618
2370 0.77422 0.516663 0.00342595
2371 0.77422 0.506657 0.00316183
2372 0.77422 0.51118 0.00318993
2373 0.77422 0.510309 0.00303822
2374 0.77422 0.510515 0.00312776
2375 0.77422 0.51004 0.00311217
2376 0.77422 0.513987 0.0031132
2377 0.77422 0.514206 0.00314876
2378 0.77422 0.511031 0.00327742
2379 0.77422 0.508507 0.00325033
2380 0.77422 0.508035 0.00322399
2381 0.77422 0.512474 0.00332579
2382 0.77422 0.51841 0.00395425
2383 0.77422 0.507702 0.00342976
2384 0.77422 0.513513 0.00321613
2385 0.77422 0.510351 0.00332038
2386 0.77422 0.512678 0.00346308
2387 0.77422 0.514434 0.00338047
2388 0.77422 0.508723 0.0032746
2389 0.77422 0.509398 0.00343957
2390 0.77422 0.509222 0.00331279
2391 0.77422 0.511483 0.00332765
2392 0.77422 0.512487 0.00344882
2393 0.77422 0.514809 0.00324991
2394 0.77422 0.514409 0.00337995
2395 0.77422 0.510196 0.00331333
2396 0.77422 0.511698 0.00324314
2397 0.77422 0.51846 0.00362272
2398 0.77422 0.513255 0.00328693
2399 0.77422 0.512251 0.00347695
2400 0.77422 0.514552 0.00374994
2401 0.77422 0.512751 0.0038261
2402 0.77422 0.511045 0.00367676
2403 0.77422 0.507364 0.00361339
2404 0.77422 0.5115 0.0035018
2405 0.77422 0.511914 0.003438
2406 0.77422 0.51422 0.0034189
2407 0.77422 0.510712 0.00334733
2408 0.77422 0.511443 0.00336476
2409 0.77422 0.515259 0.00400228
2410 0.77422 0.516259 0.00357133
2411 0.77422 0.511613 0.00346697
2412 0.77422 0.51267 0.00358806
2413 0.77422 0.514029 0.00351197
2414 0.77422 0.515296 0.00400958
2415 0.77422 0.51273 0.00337356
2416 0.77422 0.518048 0.0033098
2417 0.77422 0.5152 0.00318206
2418 0.77422 0.509756 0.00347158
2419 0.77422 0.511053 0.00348768
2420 0.77422 0.511106 0.00369288
2421 0.77422 0.510223 0.00348806
2422 0.77422 0.517281 0.00386072
2423 0.77422 0.511611 0.00353327
2424 0.77422 0.514326 0.00373806
2425 0.77422 0.513413 0.00366436
2426 0.77422 0.509077 0.00358695
2427 0.77422 0.511098 0.00385928
2428 0.77422 0.511049 0.00385142
2429 0.77422 0.512695 0.00435282
2430 0.77422 0.510587 0.00356332
2431 0.77422 0.510052 0.00342997
2432 0.77422 0.511411 0.00324984
2433 0.77422 0.512949 0.0034015
2434 0.77422 0.510845 0.00362188
2435 0.77422 0.515964 0.00357121
2436 0.77422 0.515432 0.00350367
2437 0.77422 0.510297 0.00353266
2438 0.77422 0.51233 0.00351468
2439 0.77422 0.510625 0.00347703
2440 0.77422 0.513691 0.00363508
2441 0.77422 0.512994 0.00351403
2442 0.77422 0.514157 0.00331857
2443 0.77422 0.514564 0.00301901
2444 0.77422 0.51235 0.00315348
2445 0.77422 0.509819 0.00329067
2446 0.77422 0.509774 0.00333602
2447 0.77422 0.513536 0.00322138
2448 0.77422 0.519014 0.00344669
2449 0.77422 0.515086 0.00336197
2450 0.77422 0.515569 0.003505
2451 0.77422 0.508066 0.00333647
2452 0.77422 0.51246 0.00330976
2453 0.77422 0.513415 0.003212
2454 0.77422 0.511025 0.00322404
2455 0.77422 0.51322 0.00389554
2456 0.77422 0.510197 0.00346289
2457 0.77422 0.517005 0.0033274
2458 0.77422 0.515493 0.00319426
2459 0.77422 0.515276 0.0034367
2460 0.77422 0.516044 0.00344329
2461 0.77422 0.507003 0.00375228
2462 0.77422 0.511751 0.00331411
2463 0.77422 0.509594 0.00334717
2464 0.77422 0.511811 0.00329888
2465 0.77422 0.509353 0.00372648
2466 0.77422 0.516652 0.00345175
2467 0.77422 0.513406 0.00333368
2468 0.77422 0.513695 0.0036119
2469 0.77422 0.511636 0.00353731
2470 0.77422 0.515081 0.00366789
2471 0.77422 0.51568 0.00332474
2472 0.77422 0.511283 0.00334289
2473 0.77422 0.513238 0.00345794
2474 0.77422 0.509032 0.00329587
2475 0.77422 0.515085 0.00327349
2476 0.77422 0.513921 0.0030893
2477 0.77422 0.511753 0.00336239
2478 0.77422 0.51052 0.00316184
2479 0.77422 0.515337 0.00314564
2480 0.77422 0.512834 0.00386339
2481 0.77422 0.513369 0.0036758
2482 0.77422 0.511958 0.00320726
2483 0.77422 0.513412 0.00342824
2484 0.77422 0.514654 0.00347668
2485 0.77422 0.510773 0.00334341
2486 0.77422 0.508726 0.00352939
2487 0.77422 0.511809 0.00353234
2488 0.77422 0.515553 0.00315547
2489 0.77422 0.514461 0.00348743
2490 0.77422 0.512586 0.00348701
2491 0.77422 0.509913 0.00327065
2492 0.77422 0.51378 0.00317224
2493 0.77422 0.514086 0.0034204
2494 0.77422 0.51154 0.00337688
2495 0.77422 0.510645 0.00323993
2496 0.77422 0.512157 0.00362057
2497 0.77422 0.512331 0.00310004
2498 0.77422 0.511587 0.00332471
2499 0.77422 0.510615 0.00326002
2500 0.77422 0.513277 0.00317599
2501 0.77422 0.512694 0.00340906
2502 0.77422 0.514465 0.00380286
2503 0.77422 0.516684 0.00382669
2504 0.77422 0.515354 0.00325301
2505 0.77422 0.512976 0.00340873
2506 0.77422 0.516034 0.00357322
2507 0.77422 0.514907 0.00369016
2508 0.77422 0.516291 0.00359148
2509 0.77422 0.515425 0.00351506
2510 0.77422 0.511083 0.00328785
2511 0.77422 0.513617 0.00324739
2512 0.77422 0.512451 0.00340242
2513 0.77422 0.51369 0.00321631
2514 0.77422 0.51351 0.00329239
2515 0.77422 0.51211 0.00365036
2516 0.77422 0.508727 0.003612
2517 0.77422 0.511965 0.00348301
2518 0.77422 0.509757 0.00385876
2519 0.77422 0.514107 0.00359472
2520 0.77422 0.513842 0.00332846
2521 0.77422 0.509965 0.00329453
2522 0.77422 0.517044 0.00388951
2523 0.77422 0.514168 0.00325388
2524 0.77422 0.509378 0.00343994
2525 0.77422 0.510575 0.00365304
2526 0.77422 0.512696 0.00350113
2527 0.77422 0.510534 0.00342969
2528 0.77422 0.511517 0.0036039
2529 0.77422 0.515134 0.00398273
2530 0.77422 0.509515 0.00319033
2531 0.77422 0.512685 0.00316845
2532 0.77422 0.513127 0.00312437
2533 0.77422 0.50975 0.00322283
2534 0.77422 0.511492 0.00316423
2535 0.77422 0.510884 0.00357938
2536 0.77422 0.510398 0.00315163
2537 0.77422 0.51078 0.00351791
2538 0.77422 0.511421 0.00326017
2539 0.77422 0.516232 0.00354422
2540 0.77422 0.511105 0.00339996
2541 0.77422 0.513581 0.00336837
2542 0.77422 0.51433 0.00351162
2543 0.77422 0.511836 0.00359299
2544 0.77422 0.51233 0.00353014
2545 0.77422 0.52331 0.00397361
2546 0.77422 0.516297 0.00354278
2547 0.77422 0.516635 0.00336255
2548 0.77422 0.511769 0.00315849
2549 0.77422 0.515501 0.00349551
2550 0.77422 0.508452 0.00336335
2551 0.77422 0.511902 0.00348545
2552 0.77422 0.511932 0.00360686
2553 0.77422 0.51175 0.00357962
2554 0.77422 0.514083 0.00369123
2555 0.77422 0.513017 0.00400181
2556 0.77422 0.515729 0.00374644
2557 0.77422 0.509557 0.00363824
2558 0.77422 0.513416 0.00349235
2559 0.77422 0.515536 0.00333777
2560 0.77422 0.511551 0.00365556
2561 0.77422 0.5141 0.00347101
2562 0.77422 0.510216 0.00320632
2563 0.77422 0.511338 0.00346587
2564 0.77422 0.513946 0.00319988
2565 0.77422 0.515682 0.0039294
2566 0.77422 0.510047 0.00337411
2567 0.77422 0.511889 0.00338179
2568 0.77422 0.512354 0.00318469
2569 0.77422 0.513613 0.00328129
2570 0.77422 0.515823 0.00339928
2571 0.77422 0.512249 0.00325023
2572 0.77422 0.512837 0.00338552
2573 0.77422 0.5096 0.00341831
2574 0.77422 0.511826 0.00353939
2575 0.77422 0.512351 0.00351136
2576 0.77422 0.513362 0.00334385
2577 0.77422 0.512747 0.0032498
2578 0.77422 0.509683 0.00354362
2579 0.77422 0.512428 0.00375085
2580 0.77422 0.509994 0.00329442
2581 0.77422 0.510103 0.00380707
2582 0.77422 0.512882 0.00345731
2583 0.77422 0.513388 0.00353854
2584 0.77422 0.510039 0.00353439
2585 0.77422 0.517175 0.00410534
2586 0.77422 0.51164 0.00404423
2587 0.77422 0.514206 0.0032866
2588 0.77422 0.512478 0.00354098
2589 0.77422 0.509361 0.00347418
2590 0.77422 0.512336 0.00323381
2591 0.77422 0.510385 0.00360015
2592 0.77422 0.512132 0.00362927
2593 0.77422 0.517459 0.00330947
2594 0.77422 0.515558 0.00310675
2595 0.77422 0.510673 0.00378764
2596 0.77422 0.514061 0.00343534
2597 0.77422 0.512948 0.00347873
2598 0.77422 0.512054 0.0034174
2599 0.77422 0.50751 0.00338413
2600 0.77422 0.507084 0.00328756
2601 0.77422 0.510228 0.00328795
2602 0.77422 0.509896 0.0034148
2603 0.77422 0.512175 0.00330521
2604 0.77422 0.513888 0.00362955
2605 0.77422 0.515773 0.00339819
2606 0.77422 0.513904 0.00328318
2607 0.77422 0.514544 0.00316999
2608 0.77422 0.513078 0.00339708
2609 0.77422 0.513065 0.00363584
2610 0.77422 0.511156 0.0031426
2611 0.77422 0.511545 0.00348963
2612 0.77422 0.512098 0.00352165
2613 0.77422 0.51764 0.00369808
2614 0.77422 0.512255 0.00332066
2615 0.77422 0.515842 0.0038263
2616 0.77422 0.511778 0.00337177
2617 0.77422 0.514455 0.00337292
2618 0.77422 0.508752 0.00379294
2619 0.77422 0.512028 0.00350369
2620 0.77422 0.513728 0.00332557
2621 0.77422 0.510637 0.0031893
2622 0.77422 0.511739 0.00384705
2623 0.77422 0.509506 0.00359901
2624 0.77422 0.516387 0.00410497
2625 0.77422 0.514353 0.00356032
2626 0.77422 0.51609 0.00333768
2627 0.77422 0.513398 0.00336302
2628 0.77422 0.507761 0.00349397
2629 0.77422 0.510148 0.00329256
2630 0.77422 0.512808 0.00337089
2631 0.77422 0.508353 0.00336011
2632 0.77422 0.515826 0.00385349
2633 0.77422 0.513503 0.00343686
2634 0.77422 0.514128 0.00338459
2635 0.77422 0.512007 0.00363346
2636 0.77422 0.511318 0.00341035
2637 0.77422 0.513278 0.0034132
2638 0.77422 0.514937 0.0033643
2639 0.77422 0.510186 0.0036277
2640 0.77422 0.509369 0.00341876
2641 0.77422 0.508304 0.00336532
2642 0.77422 0.510502 0.00341299
2643 0.77422 0.513092 0.00341843
2644 0.77422 0.512426 0.0032648
2645 0.77422 0.509559 0.0032791
2646 0.77422 0.510364 0.00367871
2647 0.77422 0.512543 0.00331518
2648 0.77422 0.516956 0.0036053
2649 0.77422 0.515835 0.00330974
2650 0.77422 0.515908 0.00361904
2651 0.77422 0.513809 0.00338372
2652 0.77422 0.515453 0.00331233
2653 0.77422 0.511338 0.00337928
2654 0.77422 0.514094 0.0033438
2655 0.77422 0.509672 0.00345302
2656 0.77422 0.510455 0.00318838
2657 0.77422 0.515204 0.00332616
2658 0.77422 0.514862 0.00321032
2659 0.77422 0.513745 0.00398697
2660 0.77422 0.512726 0.00333652
2661 0.77422 0.515128 0.00331868
2662 0.77422 0.511002 0.00356355
2663 0.77422 0.513384 0.00376767
2664 0.77422 0.515467 0.0038442
2665 0.77422 0.521164 0.00396447
2666 0.77422 0.513121 0.00355314
2667 0.77422 0.511085 0.00336855
2668 0.77422 0.511139 0.00358396
2669 0.77422 0.513414 0.00320593
2670 0.77422 0.512002 0.0033955
2671 0.77422 0.518311 0.00363042
2672 0.77422 0.513704 0.00406109
2673 0.77422 0.513673 0.00368757
2674 0.77422 0.512635 0.00342322
2675 0.77422 0.509661 0.00342968
2676 0.77422 0.508353 0.00367081
2677 0.77422 0.515691 0.00384569
2678 0.77422 0.51007 0.0033102
2679 0.77422 0.512487 0.00341783
2680 0.77422 0.513911 0.0033338
2681 0.77422 0.511557 0.0033714
2682 0.77422 0.51185 0.00335345
2683 0.77422 0.51168 0.00326934
2684 0.77422 0.513731 0.00337414
2685 0.77422 0.508832 0.00334649
2686 0.77422 0.507374 0.00349421
2687 0.77422 0.515097 0.00323929
2688 0.77422 0.511319 0.0031194
2689 0.77422 0.512873 0.00333527
2690 0.77422 0.511383 0.00328909
2691 0.77422 0.511552 0.00322365
2692 0.77422 0.511473 0.0033942
2693 0.77422 0.507323 0.00362997
2694 0.77422 0.509477 0.00348066
2695 0.77422 0.511922 0.00321446
2696 0.77422 0.51133 0.00330779
2697 0.77422 0.512037 0.00321563
2698 0.77422 0.510561 0.00320257
2699 0.77422 0.509999 0.00370245
2700 0.77422 0.513702 0.00340972
2701 0.77422 0.51288 0.00344504
2702 0.77422 0.508589 0.00333416
2703 0.77422 0.513223 0.00387163
2704 0.77422 0.520329 0.00410954
2705 0.77422 0.51503 0.00347622
2706 0.77422 0.51881 0.00344817
2707 0.77422 0.51026 0.00331429
2708 0.77422 0.512075 0.00353777
2709 0.77422 0.512254 0.00331628
2710 0.77422 0.513426 0.00325865
2711 0.77422 0.511407 0.00323643
2712 0.77422 0.508853 0.00346393
2713 0.77422 0.513459 0.0033879
2714 0.77422 0.512485 0.0033642
2715 0.77422 0.517922 0.00411923
2716 0.77422 0.512677 0.00357593
2717 0.77422 0.516224 0.00343224
2718 0.77422 0.513192 0.00332238
2719 0.77422 0.509942 0.00317876
2720 0.77422 0.508959 0.00326767
2721 0.77422 0.511927 0.00324966
2722 0.77422 0.5158 0.00361227
2723 0.77422 0.513764 0.00325887
2724 0.77422 0.514139 0.00342151
2725 0.77422 0.512453 0.00416139
2726 0.77422 0.51166 0.00341711
2727 0.77422 0.514041 0.00327049
2728 0.77422 0.511709 0.00357253
2729 0.77422 0.514812 0.00349838
2730 0.77422 0.513765 0.00428501
2731 0.77422 0.509048 0.00366246
2732 0.77422 0.513769 0.0034744
2733 0.77422 0.515353 0.00337235
2734 0.77422 0.51202 0.00328222
2735 0.77422 0.51564 0.00336177
2736 0.77422 0.514139 0.00356804
2737 0.77422 0.510753 0.00328093
2738 0.77422 0.512612 0.00392445
2739 0.77422 0.510564 0.00399516
2740 0.77422 0.508141 0.00360453
2741 0.77422 0.511243 0.0035439
2742 0.77422 0.515456 0.0038537
2743 0.77422 0.511405 0.0037549
2744 0.77422 0.513108 0.00327443
2745 0.77422 0.508821 0.00383395
2746 0.77422 0.508865 0.0040248
2747 0.77422 0.514007 0.00354618
2748 0.77422 0.509068 0.00356316
2749 0.77422 0.505228 0.00389681
2750 0.77422 0.513232 0.00363808
2751 0.77422 0.507848 0.00342698
2752 0.77422 0.509121 0.00357405
2753 0.77422 0.509676 0.00316939
2754 0.77422 0.509603 0.00364988
2755 0.77422 0.510922 0.00344766
2756 0.77422 0.512586 0.00344609
2757 0.77422 0.51169 0.00392989
2758 0.77422 0.511745 0.00324978
2759 0.77422 0.511331 0.0032909
2760 0.77422 0.510674 0.00335941
2761 0.77422 0.516167 0.00350824
2762 0.77422 0.511852 0.00352973
2763 0.77422 0.508481 0.00364429
2764 0.77422 0.514173 0.00320896
2765 0.77422 0.512909 0.00356762
2766 0.77422 0.511109 0.0038097
2767 0.77422 0.513989 0.00354903
2768 0.77422 0.513269 0.00361483
2769 0.77422 0.509338 0.00363774
2770 0.77422 0.511452 0.00415853
2771 0.77422 0.516085 0.0037334
2772 0.77422 0.514855 0.00410284
2773 0.77422 0.510173 0.00381142
2774 0.77422 0.513458 0.00358351
2775 0.77422 0.509813 0.00370799
2776 0.77422 0.512271 0.00361044
2777 0.77422 0.511767 0.003801
2778 0.77422 0.514431 0.0040455
2779 0.77422 0.514796 0.00439464
2780 0.77422 0.518258 0.00343017
2781 0.77422 0.514484 0.00318907
2782 0.77422 0.512229 0.00361007
2783 0.77422 0.510931 0.00381601
2784 0.77422 0.510555 0.00349808
2785 0.77422 0.506363 0.00372582
2786 0.77422 0.509166 0.00339907
2787 0.77422 0.510835 0.00380707
2788 0.77422 0.512125 0.00352957
2789 0.77422 0.518221 0.00339362
2790 0.77422 0.51515 0.00352925
2791 0.77422 0.51606 0.00427491
2792 0.77422 0.511379 0.00357389
2793 0.77422 0.514617 0.00349068
2794 0.77422 0.515712 0.0035145
2795 0.77422 0.513118 0.00349022
2796 0.77422 0.51407 0.00354412
2797 0.77422 0.512102 0.00359798
2798 0.77422 0.512645 0.00337623
2799 0.77422 0.511895 0.00363507
2800 0.77422 0.508763 0.00344124
2801 0.77422 0.508791 0.00353406
2802 0.77422 0.510743 0.00338364
2803 0.77422 0.51488 0.00331774
2804 0.77422 0.514614 0.00381046
2805 0.77422 0.518107 0.00399208
2806 0.77422 0.510317 0.00344805
2807 0.77422 0.513214 0.00354533
2808 0.77422 0.513266 0.00341594
2809 0.77422 0.517487 0.00333441
2810 0.77422 0.515735 0.00336295
2811 0.77422 0.511135 0.00349235
2812 0.77422 0.516928 0.00363959
2813 0.77422 0.516635 0.00405079
2814 0.77422 0.517172 0.00367969
2815 0.77422 0.515257 0.00347395
2816 0.77422 0.514349 0.00401647
2817 0.77422 0.514027 0.00410871
2818 0.77422 0.515278 0.00348422
2819 0.77422 0.514747 0.0032994
2820 0.77422 0.512801 0.00384178
2821 0.77422 0.51565 0.00365981
2822 0.77422 0.509657 0.0035588
2823 0.77422 0.512283 0.00344163
2824 0.77422 0.511156 0.0035561
2825 0.77422 0.512748 0.00352907
2826 0.77422 0.513268 0.00357011
2827 0.77422 0.515383 0.00362229
2828 0.77422 0.515323 0.00359716
2829 0.77422 0.513663 0.00365463
2830 0.77422 0.513864 0.0037144
2831 0.77422 0.511975 0.00391621
2832 0.77422 0.514489 0.00429946
2833 0.77422 0.510338 0.0037665
2834 0.77422 0.511319 0.00330143
2835 0.77422 0.507662 0.00373268
2836 0.77422 0.519966 0.00408559
2837 0.77422 0.515231 0.00329266
2838 0.77422 0.516188 0.00344199
2839 0.77422 0.516273 0.00363545
2840 0.77422 0.511298 0.00438717
2841 0.77422 0.502885 0.00394537
2842 0.77422 0.506941 0.00388954
2843 0.77422 0.505645 0.00367056
2844 0.77422 0.510404 0.00359077
2845 0.77422 0.507355 0.0040193
2846 0.77422 0.510872 0.00387618
2847 0.77422 0.510021 0.00380774
2848 0.77422 0.508938 0.00349811
2849 0.77422 0.515901 0.0037719
2850 0.77422 0.513964 0.00374681
2851 0.77422 0.513255 0.00375513
2852 0.77422 0.515497 0.0037527
2853 0.77422 0.510053 0.00382974
2854 0.77422 0.513419 0.00385749
2855 0.77422 0.509452 0.003705
2856 0.77422 0.515512 0.00342025
2857 0.77422 0.516957 0.00351775
2858 0.77422 0.511721 0.00375758
2859 0.77422 0.509745 0.00358741
2860 0.77422 0.514896 0.00411137
2861 0.77422 0.510496 0.00361555
2862 0.77422 0.511341 0.00376147
2863 0.77422 0.509658 0.00378942
2864 0.77422 0.511736 0.00348502
2865 0.77422 0.506678 0.00366418
2866 0.77422 0.515218 0.00368492
2867 0.77422 0.517907 0.00362269
2868 0.77422 0.512711 0.0035617
2869 0.77422 0.513535 0.00339988
2870 0.77422 0.510723 0.00341535
2871 0.77422 0.515419 0.00329466
2872 0.77422 0.511551 0.0033085
2873 0.77422 0.510368 0.00329017
2874 0.77422 0.511033 0.00330891
2875 0.77422 0.506776 0.00335943
2876 0.77422 0.513441 0.00383359
2877 0.77422 0.511896 0.00366615
2878 0.77422 0.509948 0.0033824
2879 0.77422 0.509955 0.00361504
2880 0.77422 0.512716 0.00339395
2881 0.77422 0.511689 0.003328
2882 0.77422 0.515523 0.0036036
2883 0.77422 0.515037 0.00374731
2884 0.77422 0.514729 0.00369239
2885 0.77422 0.510665 0.00347316
2886 0.77422 0.514597 0.0034573
2887 0.77422 0.512608 0.00331073
2888 0.77422 0.515061 0.00362445
2889 0.77422 0.509626 0.00341513
2890 0.77422 0.515653 0.00330985
2891 0.77422 0.513667 0.00393578
2892 0.77422 0.50888 0.00362868
2893 0.77422 0.512255 0.00342642
2894 0.77422 0.510968 0.00341255
2895 0.77422 0.514027 0.00349632
2896 0.77422 0.513789 0.00365132
2897 0.77422 0.512919 0.0033508
2898 0.77422 0.514209 0.00351865
2899 0.77422 0.51411 0.00348336
2900 0.77422 0.516868 0.00320149
2901 0.77422 0.51542 0.00344449
2902 0.77422 0.50837 0.00363627
2903 0.77422 0.513547 0.00342744
2904 0.77422 0.51148 0.00322028
2905 0.77422 0.512484 0.00334502
2906 0.77422 0.512904 0.0038665
2907 0.77422 0.520062 0.00411682
2908 0.77422 0.513767 0.00377969
2909 0.77422 0.51091 0.0036047
2910 0.77422 0.516671 0.00357051
2911 0.77422 0.512828 0.00370082
2912 0.77422 0.513242 0.00359644
2913 0.77422 0.512085 0.00368355
2914 0.77422 0.513031 0.00326183
2915 0.77422 0.510811 0.00338432
2916 0.77422 0.515813 0.00415523
2917 0.77422 0.512725 0.00340871
2918 0.77422 0.50825 0.00361708
2919 0.77422 0.515448 0.00351715
2920 0.77422 0.510397 0.00329946
2921 0.77422 0.515634 0.00386277
2922 0.77422 0.514702 0.00339648
2923 0.77422 0.511608 0.00330054
2924 0.77422 0.509007 0.00351167
2925 0.77422 0.504669 0.00363052
2926 0.77422 0.509418 0.00328038
2927 0.77422 0.510343 0.00351462
2928 0.77422 0.517688 0.00343196
2929 0.77422 0.517229 0.00389238
2930 0.77422 0.510728 0.00367936
2931 0.77422 0.511204 0.00349734
2932 0.77422 0.509852 0.00343326
2933 0.77422 0.510017 0.00336307
2934 0.77422 0.510066 0.00336643
2935 0.77422 0.512815 0.00339349
2936 0.77422 0.517881 0.00400923
2937 0.77422 0.509827 0.00333628
2938 0.77422 0.51135 0.00331137
2939 0.77422 0.512298 0.00346172
2940 0.77422 0.51353 0.00343279
2941 0.77422 0.512985 0.00371043
2942 0.77422 0.512446 0.00368399
2943 0.77422 0.514845 0.00406783
2944 0.77422 0.517457 0.00370944
2945 0.77422 0.51714 0.00374558
2946 0.77422 0.513785 0.00334596
2947 0.77422 0.513476 0.00346986
2948 0.77422 0.511962 0.00365569
2949 0.77422 0.509101 0.00333369
2950 0.77422 0.507802 0.00387298
2951 0.77422 0.508308 0.0033404
2952 0.77422 0.514531 0.00407604
2953 0.77422 0.515881 0.0038519
2954 0.77422 0.509079 0.00353231
2955 0.77422 0.523656 0.00429004
2956 0.77422 0.514207 0.00318774
2957 0.77422 0.512383 0.00330832
2958 0.77422 0.509179 0.00376381
2959 0.77422 0.513531 0.0033057
2960 0.77422 0.514665 0.00371031
2961 0.77422 0.513067 0.00386593
2962 0.77422 0.510059 0.00317381
2963 0.77422 0.513203 0.00344389
2964 0.77422 0.511554 0.00354551
2965 0.77422 0.512459 0.00363193
2966 0.77422 0.511386 0.00340597
2967 0.77422 0.513037 0.00351736
2968 0.77422 0.514153 0.0034392
2969 0.77422 0.508915 0.00374852
2970 0.77422 0.510248 0.00333212
2971 0.77422 0.511675 0.00347426
2972 0.77422 0.511764 0.00348465
2973 0.77422 0.512102 0.00365207
2974 0.77422 0.514884 0.00387936
2975 0.77422 0.511645 0.00355524
2976 0.77422 0.510696 0.0035217
2977 0.77422 0.50972 0.00351585
2978 0.77422 0.509037 0.00340117
2979 0.77422 0.511033 0.00402525
2980 0.77422 0.513441 0.00349402
2981 0.77422 0.509549 0.00335351
2982 0.77422 0.512257 0.00380465
2983 0.77422 0.509818 0.00360691
2984 0.77422 0.513148 0.0036169
2985 0.77422 0.511755 0.00364325
2986 0.77422 0.509959 0.00382273
2987 0.77422 0.511545 0.00420244
2988 0.77422 0.509978 0.00332614
2989 0.77422 0.50942 0.00343233
2990 0.77422 0.510692 0.00346541
2991 0.77422 0.510467 0.00355224
2992 0.77422 0.51545 0.00351434
2993 0.77422 0.51346 0.0034699
2994 0.77422 0.514732 0.0035112
2995 0.77422 0.513527 0.00443695
2996 0.77422 0.514405 0.00350521
2997 0.77422 0.516915 0.00330966
2998 0.77422 0.515288 0.00375556
2999 0.77422 0.511838 0.00352466
3000 0.77422 0.515322 0.00336569
