0 0.540555 0.496732 0.000224725
1 0.540555 0.49932 0.000113513
2 0.550375 0.500072 0.000171797
3 0.550375 0.500278 0.000192318
4 0.550375 0.500776 0.000180763
5 0.550375 0.499975 0.000209108
6 0.570913 0.499607 0.000297248
7 0.570913 0.498627 0.000399354
8 0.570913 0.50059 0.000244695
9 0.57262 0.502734 0.000338539
10 0.57262 0.501059 0.000354991
11 0.57262 0.50013 0.000414732
12 0.57262 0.500387 0.000392072
13 0.57262 0.499046 0.000479629
14 0.57262 0.50258 0.000434087
15 0.57262 0.501393 0.000433101
16 0.57262 0.501461 0.000413391
17 0.57262 0.50172 0.000346233
18 0.57262 0.501755 0.000251272
19 0.582938 0.501084 0.000515364
20 0.582938 0.501276 0.000353946
21 0.582938 0.50305 0.000404781
22 0.582938 0.501082 0.000367103
23 0.582938 0.500729 0.000325673
24 0.582938 0.501254 0.000389635
25 0.582938 0.500625 0.000394751
26 0.582938 0.501888 0.000411305
27 0.582938 0.500894 0.000408429
28 0.582938 0.501837 0.000423385
29 0.582938 0.500941 0.000332405
30 0.582938 0.501613 0.000434262
31 0.582938 0.50204 0.000369625
32 0.582938 0.501199 0.000513725
33 0.582938 0.500417 0.000488959
34 0.582938 0.499727 0.000476675
35 0.582938 0.503032 0.000404636
36 0.582938 0.502233 0.000302783
37 0.582938 0.504961 0.000434391
38 0.582938 0.502871 0.00036495
39 0.582938 0.504146 0.000376434
40 0.582938 0.504849 0.000450685
41 0.596404 0.503241 0.000437082
42 0.596404 0.502856 0.000520135
43 0.596404 0.501247 0.00045545
44 0.596404 0.502548 0.00047473
45 0.596404 0.503769 0.000398454
46 0.596404 0.504666 0.000442375
47 0.596404 0.502545 0.000423687
48 0.596404 0.501678 0.000614249
49 0.596404 0.50358 0.000411561
50 0.596404 0.503347 0.000439607
51 0.596404 0.502703 0.000443178
52 0.596404 0.500701 0.000798983
53 0.597999 0.504208 0.000642715
54 0.597999 0.502092 0.000547557
55 0.597999 0.506003 0.000582466
56 0.613364 0.503949 0.000729678
57 0.613364 0.502576 0.000562959
58 0.613364 0.502101 0.000635245
59 0.613364 0.501335 0.000638492
60 0.613364 0.505472 0.000683167
61 0.613364 0.503779 0.000697119
62 0.613364 0.503182 0.000736012
63 0.613364 0.502808 0.000664369
64 0.613364 0.504799 0.00069009
65 0.613364 0.506427 0.00068079
66 0.613364 0.502247 0.000572201
67 0.613364 0.503539 0.000614386
68 0.613364 0.502786 0.000667046
69 0.613364 0.502382 0.00072295
70 0.613364 0.501056 0.000747082
71 0.613364 0.503751 0.000737546
72 0.613364 0.504304 0.000763338
73 0.613364 0.505378 0.000880801
74 0.613364 0.50469 0.000727152
75 0.613364 0.504754 0.000999311
76 0.613364 0.505929 0.000800701
77 0.613364 0.503102 0.000846614
78 0.613364 0.503951 0.000824534
79 0.613364 0.501618 0.000792907
80 0.613364 0.508382 0.00074622
81 0.613364 0.50554 0.000752037
82 0.613364 0.500609 0.000864266
83 0.613364 0.508017 0.000700823
84 0.613364 0.502926 0.000828075
85 0.613364 0.507048 0.00079088
86 0.613364 0.505541 0.000588082
87 0.613364 0.502955 0.000559598
88 0.613364 0.50502 0.00073037
89 0.613364 0.503587 0.000801386
90 0.613364 0.503738 0.0008096
91 0.613364 0.506271 0.000771352
92 0.613364 0.504366 0.000833149
93 0.613364 0.504722 0.000915406
94 0.614278 0.506363 0.000756335
95 0.614278 0.502621 0.000752672
96 0.614278 0.502926 0.000698137
97 0.614278 0.505698 0.000821915
98 0.614278 0.501985 0.000612075
99 0.614278 0.503432 0.000766867
100 0.614278 0.50372 0.000722652
101 0.614278 0.506512 0.000737716
102 0.614278 0.503102 0.000717194
103 0.614278 0.502402 0.000729165
104 0.614278 0.503953 0.000739057
105 0.614278 0.502526 0.00076039
106 0.614278 0.503666 0.000771652
107 0.614278 0.503715 0.000772391
108 0.614278 0.502307 0.000863019
109 0.614278 0.503061 0.000920449
110 0.614278 0.503791 0.000755554
111 0.614278 0.50167 0.000698626
112 0.61986 0.504587 0.000949599
113 0.61986 0.505919 0.000833886
114 0.61986 0.503608 0.000804445
115 0.61986 0.502385 0.000890052
116 0.61986 0.506063 0.000759901
117 0.61986 0.50533 0.000886975
118 0.640338 0.504001 0.00100982
119 0.640338 0.506827 0.00101844
120 0.640338 0.50754 0.00113715
121 0.640338 0.50722 0.00102544
122 0.640338 0.503111 0.000885875
123 0.640338 0.502015 0.0010031
124 0.640338 0.503106 0.00119789
125 0.640338 0.501534 0.00110481
126 0.640338 0.503658 0.000862233
127 0.640338 0.505211 0.000992249
128 0.640338 0.505101 0.000805437
129 0.640338 0.503885 0.00096308
130 0.640338 0.503864 0.00104333
131 0.640338 0.504223 0.00113442
132 0.640338 0.50244 0.000891028
133 0.640338 0.508104 0.00117376
134 0.640338 0.50441 0.00106887
135 0.649202 0.505713 0.00116218
136 0.649202 0.507189 0.00127874
137 0.664921 0.5052 0.00173461
138 0.664921 0.507715 0.00134051
139 0.664921 0.506629 0.00127435
140 0.664921 0.50536 0.0011361
141 0.664921 0.507755 0.00147525
142 0.664921 0.506423 0.00109612
143 0.664921 0.505989 0.00142016
144 0.664921 0.510243 0.00116541
145 0.664921 0.507247 0.00123663
146 0.664921 0.509638 0.00140653
147 0.664921 0.508678 0.00158104
148 0.664921 0.505835 0.00122959
149 0.664921 0.508873 0.00138372
150 0.664921 0.508254 0.00157107
151 0.664921 0.510743 0.00144496
152 0.664921 0.511282 0.00163217
153 0.664921 0.507908 0.00112995
154 0.664921 0.506346 0.00151195
155 0.664921 0.508442 0.00142215
156 0.664921 0.506441 0.00126319
157 0.664921 0.508857 0.00167782
158 0.664921 0.503433 0.00200006
159 0.664921 0.506403 0.00182619
160 0.664921 0.507068 0.00140224
161 0.664921 0.505418 0.00160903
162 0.664921 0.504975 0.00156686
163 0.664921 0.506864 0.00152253
164 0.664921 0.504877 0.00126672
165 0.664921 0.506597 0.0015966
166 0.664921 0.507334 0.0013031
167 0.664921 0.507146 0.00160913
168 0.664921 0.501424 0.00146365
169 0.664921 0.50232 0.00162281
170 0.664921 0.505745 0.0016462
171 0.664921 0.508264 0.00148086
172 0.664921 0.507416 0.00166508
173 0.664921 0.51213 0.00186247
174 0.670743 0.507311 0.00153015
175 0.670743 0.508701 0.00143281
176 0.670743 0.507899 0.00180631
177 0.670743 0.504874 0.00183801
178 0.670743 0.504817 0.00193792
179 0.670743 0.510106 0.00193351
180 0.670743 0.506906 0.00164346
181 0.670743 0.50506 0.00174828
182 0.670743 0.505625 0.00194075
183 0.670743 0.505264 0.00154318
184 0.670743 0.504853 0.00169916
185 0.670743 0.508969 0.0019009
186 0.670743 0.511202 0.00173254
187 0.670743 0.511406 0.00183994
188 0.670743 0.51264 0.00177149
189 0.670743 0.507076 0.00156742
190 0.670743 0.510199 0.00165069
191 0.670743 0.506869 0.00182991
192 0.670743 0.507375 0.00242123
193 0.670743 0.509196 0.00161988
194 0.670743 0.507271 0.0014262
195 0.670743 0.506875 0.00130543
196 0.670743 0.509628 0.00164018
197 0.670743 0.506281 0.00177986
198 0.670743 0.507895 0.00194557
199 0.671057 0.509526 0.00171816
200 0.671057 0.505706 0.00195812
201 0.671057 0.51219 0.00199649
202 0.671057 0.510805 0.00171348
203 0.671057 0.512879 0.00173224
204 0.671057 0.507072 0.00152181
205 0.671057 0.506562 0.00162266
206 0.671057 0.505807 0.00180992
207 0.671057 0.504596 0.0015386
208 0.671057 0.506708 0.00154992
209 0.671057 0.50906 0.00179766
210 0.671057 0.51251 0.00186606
211 0.671057 0.507959 0.00214516
212 0.671057 0.517938 0.00169164
213 0.671057 0.511244 0.0016339
214 0.671057 0.511372 0.0017116
215 0.671057 0.511036 0.00208413
216 0.671057 0.510456 0.00176964
217 0.671057 0.514472 0.0019091
218 0.671057 0.510443 0.00225832
219 0.671057 0.50609 0.00297273
220 0.671057 0.50866 0.00195089
221 0.671057 0.509264 0.00193292
222 0.671057 0.513901 0.00201416
223 0.671057 0.508175 0.00177295
224 0.671057 0.511553 0.00182739
225 0.671057 0.508661 0.00167372
226 0.671057 0.510666 0.00145024
227 0.671057 0.511624 0.00187796
228 0.671057 0.503359 0.00212421
229 0.671057 0.507424 0.00197002
230 0.671057 0.510323 0.001636
231 0.671057 0.507193 0.00189653
232 0.671057 0.506882 0.00176475
233 0.671057 0.507095 0.00191985
234 0.671057 0.511619 0.00203174
235 0.671057 0.506337 0.00163687
236 0.671057 0.506561 0.00238593
237 0.671057 0.508235 0.00183267
238 0.671057 0.504214 0.00156332
239 0.671057 0.514605 0.00172719
240 0.671057 0.506735 0.00205076
241 0.671057 0.509907 0.00147575
242 0.671057 0.504921 0.00165407
243 0.671057 0.505678 0.00167327
244 0.671057 0.508319 0.00179763
245 0.671057 0.509093 0.0017338
246 0.671057 0.507129 0.0023764
247 0.671057 0.508424 0.00198191
248 0.671057 0.506177 0.00156257
249 0.671057 0.503014 0.00182307
250 0.671057 0.505697 0.00175668
251 0.671057 0.50672 0.00166164
252 0.671057 0.505918 0.00243657
253 0.671057 0.512182 0.0018323
254 0.671057 0.505579 0.001901
255 0.671057 0.514828 0.00186137
256 0.671057 0.511138 0.00178518
257 0.671057 0.513549 0.00195031
258 0.671057 0.507943 0.00203647
259 0.671057 0.510975 0.00202269
260 0.671057 0.508533 0.00191164
261 0.671057 0.512422 0.00177424
262 0.671057 0.510642 0.00166592
263 0.671057 0.510387 0.00194581
264 0.671057 0.505637 0.00181786
265 0.671057 0.508176 0.00168557
266 0.671057 0.506185 0.0014112
267 0.671057 0.510071 0.00156217
268 0.671057 0.51027 0.00163752
269 0.671057 0.507589 0.00161579
270 0.671057 0.512869 0.0017563
271 0.671057 0.50844 0.00178674
272 0.671057 0.509317 0.00165728
273 0.671057 0.507547 0.00191192
274 0.671057 0.510305 0.00153118
275 0.671057 0.508397 0.0015666
276 0.671057 0.513132 0.00178171
277 0.671057 0.508305 0.00172921
278 0.671057 0.504023 0.00200442
279 0.671057 0.511246 0.00169603
280 0.671057 0.510435 0.00177515
281 0.690664 0.507214 0.00194652
282 0.690664 0.506681 0.00185096
283 0.690664 0.506372 0.00200097
284 0.690664 0.506942 0.00180873
285 0.690664 0.50796 0.00183753
286 0.690664 0.509996 0.00198903
287 0.690664 0.509777 0.00211398
288 0.690664 0.517742 0.00200421
289 0.690664 0.507614 0.00184319
290 0.690664 0.513346 0.00178117
291 0.690664 0.507811 0.00188198
292 0.690664 0.51197 0.00209221
293 0.690664 0.511145 0.00184018
294 0.690664 0.507985 0.00208445
295 0.690664 0.511459 0.00251156
296 0.690664 0.506287 0.00182428
297 0.690664 0.509285 0.00208145
298 0.690664 0.506066 0.00247287
299 0.690664 0.510453 0.00180247
300 0.690664 0.511117 0.00223924
301 0.690664 0.508911 0.00197318
302 0.690664 0.509664 0.00228125
303 0.690664 0.512992 0.00186022
304 0.690664 0.513546 0.00152117
305 0.690664 0.509652 0.00213153
306 0.690664 0.513981 0.00226566
307 0.690664 0.508073 0.00173525
308 0.690664 0.504874 0.00199963
309 0.690664 0.505033 0.00214276
310 0.690664 0.506644 0.0017463
311 0.690664 0.516423 0.00214592
312 0.690664 0.507658 0.00197177
313 0.690664 0.512228 0.00204953
314 0.690664 0.51388 0.0020969
315 0.690664 0.50996 0.00186839
316 0.690664 0.51099 0.00171047
317 0.690664 0.508804 0.00179183
318 0.690664 0.510141 0.00192542
319 0.690664 0.511728 0.00150426
320 0.690664 0.509033 0.00204522
321 0.690664 0.515 0.00212187
322 0.690664 0.503707 0.00181666
323 0.690664 0.510779 0.00205034
324 0.690664 0.507067 0.00192787
325 0.690664 0.509724 0.00168625
326 0.690664 0.506283 0.00179665
327 0.690664 0.511266 0.00188363
328 0.690664 0.515414 0.0020285
329 0.690664 0.50673 0.00188809
330 0.690664 0.507265 0.00175893
331 0.690664 0.507749 0.00186572
332 0.690664 0.514785 0.00187044
333 0.690664 0.507779 0.00178327
334 0.690664 0.508355 0.00198683
335 0.690664 0.511063 0.00169299
336 0.690664 0.504795 0.00190227
337 0.690664 0.502678 0.00217396
338 0.690664 0.509427 0.00155833
339 0.690664 0.505565 0.00171629
340 0.690664 0.506355 0.00189143
341 0.690664 0.506602 0.00204138
342 0.690664 0.513356 0.00210971
343 0.690664 0.511015 0.00178252
344 0.690664 0.50546 0.0017801
345 0.690664 0.510253 0.0015653
346 0.690664 0.511746 0.00193856
347 0.690664 0.509293 0.00199747
348 0.690664 0.511481 0.00219873
349 0.690664 0.50683 0.00209008
350 0.690664 0.50704 0.00198446
351 0.690664 0.510682 0.00205965
352 0.690664 0.509156 0.00205856
353 0.690664 0.508414 0.00179982
354 0.690664 0.511334 0.00219217
355 0.690664 0.50951 0.00205261
356 0.690664 0.503486 0.00174615
357 0.690664 0.504618 0.00192221
358 0.690664 0.51151 0.00200869
359 0.690664 0.510177 0.00179262
360 0.690664 0.510909 0.00225269
361 0.690664 0.509352 0.00194765
362 0.690664 0.509342 0.00176343
363 0.690664 0.508226 0.00188871
364 0.690664 0.512738 0.00201912
365 0.690664 0.510077 0.0019435
366 0.690664 0.510572 0.00192346
367 0.690664 0.507927 0.00205882
368 0.690664 0.511177 0.0016618
369 0.690664 0.507468 0.00178102
370 0.690664 0.50966 0.00192373
371 0.690664 0.512235 0.00197747
372 0.690664 0.50924 0.00185151
373 0.690664 0.50559 0.00180768
374 0.690664 0.50817 0.00184478
375 0.690664 0.506593 0.00161983
376 0.690664 0.506803 0.00190298
377 0.690664 0.511793 0.00190147
378 0.690664 0.507987 0.00189693
379 0.690664 0.507026 0.00167663
380 0.690664 0.51209 0.00194183
381 0.690664 0.511575 0.00171295
382 0.690664 0.507279 0.00200922
383 0.690664 0.504662 0.00182624
384 0.690664 0.508011 0.0017609
385 0.690664 0.506948 0.00181699
386 0.690664 0.506004 0.00193316
387 0.690664 0.510093 0.00228982
388 0.690664 0.507115 0.00195578
389 0.690664 0.509853 0.00198877
390 0.690664 0.509053 0.00241136
391 0.690664 0.506877 0.00180903
392 0.690664 0.508586 0.0018943
393 0.690664 0.509027 0.00195304
394 0.690664 0.506257 0.0022296
395 0.690664 0.512039 0.0019737
396 0.690664 0.507584 0.00231295
397 0.690664 0.51507 0.00212197
398 0.690664 0.507841 0.00219658
399 0.690664 0.511837 0.00232435
400 0.690664 0.510799 0.00197265
401 0.690664 0.505691 0.00201986
402 0.690664 0.506049 0.00207602
403 0.690664 0.508578 0.00171342
404 0.690664 0.506914 0.00179624
405 0.690664 0.508634 0.00161481
406 0.690664 0.50789 0.00172023
407 0.690664 0.508965 0.00179398
408 0.690664 0.507848 0.00168311
409 0.690664 0.508537 0.00206727
410 0.690664 0.508486 0.00176535
411 0.690664 0.504536 0.00182328
412 0.690664 0.508073 0.00181683
413 0.690664 0.509949 0.0017363
414 0.690664 0.514459 0.00186522
415 0.690664 0.50892 0.00178937
416 0.690664 0.505676 0.00180767
417 0.690664 0.511127 0.00183528
418 0.690664 0.508744 0.00168642
419 0.690664 0.510089 0.00179333
420 0.690664 0.51336 0.00197921
421 0.690664 0.508865 0.00176379
422 0.690664 0.510759 0.00180492
423 0.690664 0.513596 0.00203712
424 0.690664 0.507444 0.00196551
425 0.690664 0.506049 0.0017347
426 0.690664 0.507018 0.00207188
427 0.690664 0.508125 0.00231242
428 0.690664 0.510936 0.00174941
429 0.690664 0.511692 0.00221602
430 0.690664 0.508228 0.00189808
431 0.690664 0.506501 0.00228216
432 0.690664 0.510739 0.00186327
433 0.690664 0.51318 0.00183597
434 0.690664 0.509632 0.00196774
435 0.690664 0.511866 0.00208444
436 0.690664 0.50948 0.00198766
437 0.690664 0.511272 0.00183353
438 0.690664 0.507083 0.00165696
439 0.690664 0.512406 0.00225621
440 0.690664 0.5116 0.00207194
441 0.690664 0.508253 0.00206061
442 0.690664 0.507708 0.00174832
443 0.690664 0.506204 0.00208136
444 0.690664 0.51208 0.00213985
445 0.690664 0.510588 0.00214959
446 0.690664 0.506307 0.00188008
447 0.690664 0.510832 0.00181661
448 0.690664 0.50856 0.00192804
449 0.690664 0.508819 0.00166605
450 0.690664 0.511235 0.00184299
451 0.690664 0.509442 0.00206112
452 0.690664 0.508511 0.00180942
453 0.690664 0.504473 0.00228243
454 0.690664 0.506486 0.00189226
455 0.690664 0.507467 0.00169599
456 0.690664 0.50983 0.00188565
457 0.690664 0.505863 0.00210819
458 0.690664 0.506672 0.00189288
459 0.690664 0.509078 0.00208664
460 0.690664 0.501484 0.00204928
461 0.690664 0.510224 0.00191975
462 0.695771 0.513873 0.00226693
463 0.695771 0.508638 0.00213504
464 0.695771 0.505127 0.00175143
465 0.695771 0.513645 0.00177061
466 0.695771 0.511279 0.00207189
467 0.695771 0.508612 0.00203058
468 0.695771 0.512114 0.00210337
469 0.695771 0.511555 0.0023052
470 0.695771 0.511176 0.00214705
471 0.695771 0.513052 0.00184239
472 0.703122 0.509242 0.00223378
473 0.703122 0.508203 0.0021879
474 0.703122 0.503788 0.00200105
475 0.703122 0.512868 0.00212019
476 0.703122 0.50961 0.00236193
477 0.703122 0.510966 0.00197894
478 0.703122 0.509909 0.00197177
479 0.703122 0.512164 0.0019723
480 0.703122 0.508857 0.00195398
481 0.703122 0.510868 0.00201408
482 0.703122 0.5142 0.0019654
483 0.703122 0.508416 0.00225534
484 0.703122 0.512469 0.00203694
485 0.703122 0.510922 0.00192405
486 0.703122 0.513449 0.00216303
487 0.703122 0.510189 0.00212923
488 0.703122 0.514853 0.00205376
489 0.703122 0.510458 0.00188551
490 0.703122 0.507941 0.00203979
491 0.703122 0.507903 0.00216727
492 0.703122 0.513906 0.00262816
493 0.703122 0.510081 0.00200719
494 0.703122 0.513809 0.00230121
495 0.703122 0.512149 0.00213691
496 0.703122 0.513423 0.00206496
497 0.703122 0.510203 0.00190285
498 0.703122 0.507589 0.00193756
499 0.703122 0.510158 0.00203518
500 0.703122 0.509482 0.00226499
501 0.703122 0.509685 0.00210211
502 0.703122 0.515052 0.00206818
503 0.703122 0.509965 0.00181471
504 0.703122 0.510687 0.00187689
505 0.703122 0.513748 0.0020095
506 0.703122 0.509508 0.00226106
507 0.703122 0.514631 0.00223746
508 0.703122 0.511081 0.00204924
509 0.703122 0.513157 0.00208487
510 0.703122 0.508888 0.00187311
511 0.703122 0.510193 0.00174714
512 0.703122 0.510283 0.00235289
513 0.703122 0.515475 0.00204837
514 0.703122 0.510353 0.00195192
515 0.703122 0.507148 0.00199255
516 0.703122 0.514292 0.00234562
517 0.703122 0.511536 0.00203946
518 0.703122 0.513217 0.00225247
519 0.703122 0.511967 0.00215454
520 0.703122 0.512098 0.00270553
521 0.703122 0.512537 0.00221279
522 0.703122 0.512618 0.00213478
523 0.703122 0.513352 0.0024187
524 0.703122 0.512366 0.00208576
525 0.703122 0.514474 0.00208195
526 0.703122 0.511592 0.00190471
527 0.703122 0.510167 0.0025861
528 0.703122 0.513536 0.0024396
529 0.703122 0.510877 0.00215412
530 0.703122 0.511419 0.00233771
531 0.703122 0.510723 0.00243107
532 0.703122 0.513496 0.00220081
533 0.703122 0.507193 0.00223939
534 0.703122 0.511475 0.00204568
535 0.703122 0.510869 0.00211841
536 0.703122 0.505526 0.00212607
537 0.703122 0.513765 0.00208221
538 0.703122 0.513143 0.00199832
539 0.703122 0.510828 0.00213075
540 0.703122 0.507538 0.00218086
541 0.703122 0.50634 0.0019694
542 0.703122 0.509242 0.00196554
543 0.703122 0.511777 0.00202969
544 0.703122 0.511549 0.00208806
545 0.703122 0.517596 0.00262037
546 0.703122 0.509516 0.00196205
547 0.703122 0.51278 0.00207973
548 0.703122 0.507422 0.00219477
549 0.703122 0.509952 0.00185326
550 0.703122 0.511312 0.00244374
551 0.703122 0.511233 0.00200549
552 0.703122 0.509218 0.0021299
553 0.703122 0.508552 0.00194627
554 0.703122 0.507592 0.0017675
555 0.703122 0.507974 0.00198772
556 0.703122 0.505966 0.00186385
557 0.703122 0.508211 0.00241407
558 0.703122 0.514538 0.00197272
559 0.703122 0.507392 0.00201202
560 0.703122 0.510884 0.00223569
561 0.703122 0.50649 0.00194814
562 0.703122 0.508879 0.00180055
563 0.703122 0.508943 0.00193919
564 0.703122 0.513534 0.00201654
565 0.703122 0.510691 0.00185567
566 0.703122 0.511595 0.00209321
567 0.703122 0.512726 0.00209659
568 0.703122 0.511855 0.0021065
569 0.703122 0.508481 0.00194456
570 0.703122 0.51251 0.00211924
571 0.703122 0.511357 0.00215502
572 0.703122 0.50915 0.00201619
573 0.703122 0.513094 0.00223818
574 0.703122 0.509765 0.00206796
575 0.703122 0.510871 0.00224393
576 0.703122 0.512573 0.00231604
577 0.703122 0.506681 0.00180548
578 0.703122 0.508749 0.00197777
579 0.703122 0.509629 0.00209949
580 0.703122 0.507599 0.00173877
581 0.703122 0.513265 0.00195203
582 0.703122 0.507931 0.00186101
583 0.703122 0.510058 0.00198485
584 0.703122 0.509031 0.00205684
585 0.703122 0.515223 0.00214456
586 0.703122 0.510856 0.00189491
587 0.703122 0.508158 0.00217458
588 0.703122 0.514851 0.00204101
589 0.703122 0.511133 0.00206738
590 0.703122 0.511791 0.001951
591 0.703122 0.510265 0.0019453
592 0.703122 0.512074 0.00214433
593 0.703122 0.515109 0.00194964
594 0.703122 0.509539 0.00212779
595 0.703122 0.512752 0.00207951
596 0.703122 0.507785 0.00202701
597 0.703122 0.509003 0.00198112
598 0.703122 0.506945 0.00229037
599 0.703122 0.513559 0.00214245
600 0.703122 0.510693 0.00191311
601 0.703122 0.510268 0.00187621
602 0.703122 0.511033 0.00201327
603 0.703122 0.514272 0.00217845
604 0.703122 0.508259 0.00207276
605 0.703122 0.506512 0.00184278
606 0.703122 0.509228 0.0021726
607 0.703122 0.511359 0.00223347
608 0.703122 0.51311 0.00222957
609 0.703122 0.509976 0.00188757
610 0.703122 0.510755 0.00238511
611 0.703122 0.509581 0.00204426
612 0.703122 0.509336 0.00236435
613 0.703122 0.509677 0.00208513
614 0.703122 0.513558 0.00191675
615 0.703122 0.505736 0.00202736
616 0.703122 0.509811 0.00193538
617 0.703122 0.511314 0.00209764
618 0.703122 0.510356 0.00185441
619 0.703122 0.513219 0.00216571
620 0.703122 0.513598 0.00209146
621 0.703122 0.511269 0.00235185
622 0.703122 0.514568 0.00206578
623 0.703122 0.510201 0.00222326
624 0.703122 0.51277 0.00212413
625 0.703122 0.514375 0.00199564
626 0.703122 0.50864 0.00205872
627 0.703122 0.513293 0.00204009
628 0.703122 0.514192 0.00219324
629 0.703122 0.508175 0.00225273
630 0.703122 0.50971 0.00223776
631 0.703122 0.50812 0.00200326
632 0.703122 0.510357 0.00206566
633 0.703122 0.511769 0.00229948
634 0.703122 0.509909 0.00210685
635 0.703122 0.507999 0.00215809
636 0.703122 0.508308 0.00214245
637 0.703122 0.50747 0.00203584
638 0.703122 0.506962 0.00203072
639 0.703122 0.506547 0.00241331
640 0.703122 0.511943 0.00235516
641 0.703122 0.510265 0.0023107
642 0.703122 0.512444 0.00230568
643 0.703122 0.514049 0.00239547
644 0.703122 0.514699 0.00206111
645 0.703122 0.504752 0.00208654
646 0.703122 0.512961 0.00219996
647 0.703122 0.511012 0.00264995
648 0.703122 0.509697 0.00191023
649 0.703122 0.507417 0.00212587
650 0.703122 0.511027 0.00239286
651 0.703122 0.514415 0.00234907
652 0.703122 0.511699 0.00237253
653 0.703122 0.513717 0.00217916
654 0.703122 0.50909 0.00233371
655 0.703122 0.512053 0.00179279
656 0.703122 0.514095 0.00198707
657 0.703122 0.511667 0.0020803
658 0.703122 0.510652 0.00239494
659 0.703122 0.508594 0.00207202
660 0.703122 0.511706 0.00204686
661 0.703122 0.507171 0.00206139
662 0.703122 0.510168 0.00206408
663 0.703122 0.509287 0.00211736
664 0.703122 0.510066 0.00204472
665 0.703122 0.511327 0.00225716
666 0.703122 0.515081 0.00217175
667 0.703122 0.512494 0.00217542
668 0.703122 0.509106 0.00203504
669 0.703122 0.511949 0.00224323
670 0.703122 0.510667 0.00221543
671 0.703122 0.516473 0.00229595
672 0.703122 0.513575 0.00197746
673 0.703122 0.51102 0.00220625
674 0.703122 0.507364 0.00206668
675 0.703122 0.508769 0.00210979
676 0.703122 0.516985 0.00217084
677 0.703122 0.505656 0.00215643
678 0.703122 0.510398 0.00203488
679 0.703122 0.508105 0.00187751
680 0.703122 0.510108 0.00207235
681 0.703122 0.510727 0.00206407
682 0.703122 0.511939 0.00215983
683 0.703122 0.511243 0.00209937
684 0.703122 0.514443 0.00213946
685 0.703122 0.51555 0.00222725
686 0.703122 0.51355 0.00226373
687 0.703122 0.512434 0.00214012
688 0.703122 0.511654 0.00218064
689 0.703122 0.513235 0.00216388
690 0.703122 0.512481 0.00234724
691 0.703122 0.515124 0.00239625
692 0.703122 0.510851 0.00225802
693 0.703122 0.514638 0.00209885
694 0.703122 0.51547 0.00236962
695 0.703122 0.511164 0.00235368
696 0.703122 0.509892 0.00237009
697 0.703122 0.508729 0.00189727
698 0.703122 0.513811 0.00238602
699 0.703122 0.507067 0.00239755
700 0.703122 0.5123 0.00275972
701 0.703122 0.509494 0.00213278
702 0.703122 0.509432 0.00211733
703 0.703122 0.50994 0.00223697
704 0.703122 0.50988 0.00246555
705 0.703122 0.506517 0.00213149
706 0.703122 0.511127 0.00197087
707 0.703122 0.510671 0.00229371
708 0.703122 0.510466 0.00200891
709 0.703122 0.508593 0.00212152
710 0.703122 0.510239 0.00202417
711 0.703122 0.509875 0.00197827
712 0.703122 0.510459 0.00238864
713 0.703122 0.511268 0.00206386
714 0.703122 0.50835 0.00213841
715 0.703122 0.504734 0.00215842
716 0.703122 0.510849 0.00200652
717 0.703122 0.508434 0.00226682
718 0.703122 0.504996 0.00208455
719 0.703122 0.510983 0.00214685
720 0.703122 0.507609 0.00193405
721 0.703122 0.508225 0.00211516
722 0.703122 0.512271 0.00207378
723 0.703122 0.506437 0.0020682
724 0.703122 0.508409 0.00187431
725 0.703122 0.512445 0.00203205
726 0.703122 0.512946 0.00202145
727 0.703122 0.507596 0.00214777
728 0.703122 0.512283 0.00224111
729 0.703122 0.514362 0.00222895
730 0.703122 0.511593 0.00209806
731 0.703122 0.50925 0.00196489
732 0.703122 0.509516 0.00191146
733 0.703122 0.510274 0.00214112
734 0.703122 0.512864 0.00230969
735 0.703122 0.512475 0.00241149
736 0.703122 0.5152 0.00217468
737 0.703122 0.510604 0.00212985
738 0.703122 0.513418 0.00213496
739 0.703122 0.507917 0.00190649
740 0.703122 0.510686 0.00202077
741 0.703122 0.516692 0.00242263
742 0.703122 0.512578 0.00201898
743 0.703122 0.511041 0.00221713
744 0.703122 0.506955 0.00183245
745 0.703122 0.510705 0.00197855
746 0.703122 0.507194 0.00193825
747 0.703122 0.510425 0.00187676
748 0.703122 0.510009 0.00200631
749 0.703122 0.506295 0.00217173
750 0.703122 0.510718 0.00202109
751 0.703122 0.50728 0.00208405
752 0.703122 0.509342 0.00183627
753 0.703122 0.509195 0.00189056
754 0.703122 0.511132 0.00200729
755 0.703122 0.514106 0.00204018
756 0.703122 0.512045 0.00203813
757 0.703122 0.508011 0.0017829
758 0.703122 0.508693 0.00197154
759 0.703122 0.511344 0.00215517
760 0.703122 0.505635 0.00225341
761 0.703122 0.510274 0.00187769
762 0.703122 0.512 0.00204135
763 0.703122 0.510926 0.00192825
764 0.703122 0.512869 0.00212693
765 0.703122 0.506185 0.00193123
766 0.703122 0.50665 0.00203067
767 0.703122 0.514931 0.00219023
768 0.703122 0.509834 0.00193232
769 0.703122 0.510741 0.00199072
770 0.703122 0.512491 0.00196696
771 0.703122 0.508936 0.0019396
772 0.703122 0.509693 0.00199514
773 0.703122 0.509281 0.00182476
774 0.703122 0.509542 0.00198371
775 0.703122 0.505956 0.00187317
776 0.703122 0.507582 0.0020633
777 0.703122 0.504997 0.00206332
778 0.703122 0.510424 0.00198945
779 0.703122 0.506211 0.00185813
780 0.703122 0.506531 0.00186571
781 0.703122 0.512587 0.00218425
782 0.703122 0.511941 0.00226218
783 0.703122 0.509552 0.00212779
784 0.703122 0.512582 0.00223233
785 0.703122 0.513175 0.00185119
786 0.703122 0.514281 0.00212041
787 0.703122 0.510907 0.00238096
788 0.703122 0.508641 0.0019937
789 0.703122 0.510969 0.00207673
790 0.703122 0.512037 0.00202764
791 0.703122 0.515897 0.00234576
792 0.703122 0.508833 0.00214783
793 0.703122 0.513506 0.00239205
794 0.703122 0.513462 0.00238099
795 0.703122 0.51561 0.0021444
796 0.703122 0.509407 0.00204183
797 0.703122 0.505225 0.00207335
798 0.703122 0.508748 0.00220474
799 0.703122 0.51515 0.00219022
800 0.703122 0.510951 0.00206169
801 0.703122 0.507633 0.00199854
802 0.703122 0.513477 0.00249098
803 0.703122 0.514535 0.00202442
804 0.703122 0.513339 0.00198912
805 0.703122 0.509597 0.00228923
806 0.703122 0.510976 0.00228029
807 0.703122 0.513385 0.00203047
808 0.703122 0.511565 0.00209963
809 0.703122 0.509642 0.00204026
810 0.703122 0.508198 0.00206134
811 0.703122 0.51705 0.00250788
812 0.703122 0.514518 0.0020509
813 0.703122 0.51006 0.00212374
814 0.703122 0.50701 0.00225447
815 0.703122 0.510809 0.00225276
816 0.703122 0.513548 0.00215699
817 0.703122 0.509915 0.00212937
818 0.703122 0.51533 0.00239847
819 0.703122 0.515191 0.00208166
820 0.703122 0.51043 0.00211844
821 0.703122 0.511735 0.00193161
822 0.703122 0.513762 0.00268046
823 0.703122 0.514899 0.00218538
824 0.703122 0.512684 0.00219025
825 0.703122 0.513975 0.00208111
826 0.703122 0.51247 0.00210989
827 0.703122 0.508501 0.0023116
828 0.703122 0.515193 0.00218364
829 0.703122 0.511627 0.00212632
830 0.703122 0.512722 0.00212392
831 0.703122 0.513371 0.00212793
832 0.703122 0.510069 0.00210678
833 0.703122 0.506725 0.00193405
834 0.703122 0.508932 0.00196697
835 0.703122 0.510631 0.00226399
836 0.703122 0.511924 0.0020814
837 0.703122 0.512336 0.0019041
838 0.703122 0.511742 0.00196314
839 0.703122 0.51333 0.00213944
840 0.703122 0.514073 0.00196702
841 0.703122 0.516079 0.00204078
842 0.703122 0.50932 0.00195289
843 0.703122 0.508795 0.00182643
844 0.703122 0.50736 0.00200773
845 0.703122 0.507678 0.0020875
846 0.703122 0.511571 0.00188647
847 0.703122 0.514719 0.00219184
848 0.703122 0.513412 0.00184852
849 0.703122 0.509343 0.00175504
850 0.703122 0.511597 0.00195523
851 0.703122 0.51405 0.00197643
852 0.703122 0.508445 0.00219525
853 0.703122 0.511519 0.00200464
854 0.703122 0.514069 0.00246058
855 0.703122 0.509354 0.00215919
856 0.703122 0.510538 0.00208875
857 0.703122 0.508176 0.0021219
858 0.703122 0.514006 0.00208585
859 0.703122 0.511164 0.00210489
860 0.703122 0.512277 0.00204274
861 0.703122 0.511874 0.00201308
862 0.703122 0.51151 0.00197115
863 0.703122 0.510858 0.002156
864 0.703122 0.511992 0.00201303
865 0.703122 0.514832 0.00260006
866 0.703122 0.515529 0.00224381
867 0.703122 0.516898 0.00214462
868 0.703122 0.516411 0.00236094
869 0.703122 0.514686 0.00211722
870 0.703122 0.508711 0.00204957
871 0.703122 0.511812 0.00233011
872 0.703122 0.510711 0.00237771
873 0.703122 0.512048 0.00188273
874 0.703122 0.509611 0.00219386
875 0.703122 0.513412 0.00194196
876 0.703122 0.513021 0.00224422
877 0.703122 0.511682 0.00209651
878 0.703122 0.514271 0.00217271
879 0.703122 0.508576 0.00204688
880 0.703122 0.511479 0.00208312
881 0.703122 0.510881 0.00215313
882 0.703122 0.515108 0.00215942
883 0.703122 0.511835 0.00237352
884 0.703122 0.508932 0.00186709
885 0.703122 0.510053 0.00195288
886 0.703122 0.51372 0.00210761
887 0.703122 0.514171 0.00201065
888 0.703122 0.514229 0.00211494
889 0.703122 0.514527 0.00216933
890 0.703122 0.513021 0.00202808
891 0.703122 0.512524 0.00190985
892 0.703122 0.512847 0.00225885
893 0.703122 0.51277 0.00201008
894 0.703122 0.512902 0.00241814
895 0.703122 0.505161 0.00225149
896 0.703122 0.511487 0.00221945
897 0.703122 0.514398 0.00204876
898 0.703122 0.512843 0.00214974
899 0.703122 0.512547 0.00221637
900 0.703122 0.513916 0.00222563
901 0.703122 0.509615 0.00209384
902 0.703122 0.506954 0.00213816
903 0.703122 0.508423 0.00209596
904 0.703122 0.513262 0.00270871
905 0.703122 0.510308 0.00249334
906 0.703122 0.512308 0.00246175
907 0.703122 0.511528 0.00232231
908 0.703122 0.514256 0.00233163
909 0.703122 0.5143 0.00212938
910 0.703122 0.504396 0.00202012
911 0.703122 0.509026 0.00208827
912 0.703122 0.510416 0.00211204
913 0.703122 0.51222 0.00220229
914 0.703122 0.511678 0.00211567
915 0.703122 0.507273 0.00186364
916 0.703122 0.513311 0.00223733
917 0.703122 0.512372 0.00210795
918 0.703122 0.514646 0.00233803
919 0.703122 0.517568 0.00227487
920 0.703122 0.513791 0.00226135
921 0.703122 0.511206 0.00223675
922 0.703122 0.506864 0.00195417
923 0.703122 0.512525 0.00235098
924 0.703122 0.510913 0.00216972
925 0.703122 0.514056 0.00239668
926 0.703122 0.510736 0.00232212
927 0.703122 0.514842 0.002609
928 0.703122 0.516007 0.00224811
929 0.703122 0.51434 0.00210924
930 0.703122 0.509734 0.00235672
931 0.703122 0.516634 0.00251579
932 0.703122 0.513305 0.00211825
933 0.703122 0.511379 0.00212939
934 0.703122 0.505571 0.00197299
935 0.703122 0.508423 0.00198947
936 0.703122 0.511807 0.00199399
937 0.703122 0.509964 0.00193664
938 0.703122 0.511506 0.00196513
939 0.703122 0.508978 0.00200543
940 0.703122 0.508989 0.00208398
941 0.703122 0.509716 0.0028569
942 0.703122 0.508376 0.00202061
943 0.703122 0.508717 0.00199775
944 0.703122 0.509366 0.00227435
945 0.703122 0.513348 0.0021751
946 0.719988 0.511069 0.00230481
947 0.719988 0.511914 0.00210643
948 0.719988 0.509231 0.00195295
949 0.719988 0.516567 0.00223735
950 0.719988 0.511572 0.00214913
951 0.719988 0.513761 0.00216002
952 0.719988 0.511871 0.00200601
953 0.719988 0.51203 0.00236182
954 0.719988 0.511788 0.00210038
955 0.719988 0.513123 0.00241783
956 0.719988 0.509321 0.00216285
957 0.719988 0.508506 0.00227265
958 0.719988 0.515613 0.00232422
959 0.719988 0.509937 0.00201045
960 0.719988 0.511651 0.0022516
961 0.719988 0.513977 0.00239639
962 0.719988 0.512444 0.00241296
963 0.719988 0.512318 0.00233321
964 0.719988 0.511119 0.00229853
965 0.719988 0.513781 0.00230854
966 0.719988 0.511813 0.00224994
967 0.719988 0.516198 0.00225933
968 0.719988 0.505889 0.00205933
969 0.719988 0.509171 0.00225337
970 0.719988 0.51208 0.00232297
971 0.719988 0.516595 0.0025589
972 0.719988 0.515419 0.00219984
973 0.719988 0.513542 0.00218099
974 0.719988 0.514383 0.00229633
975 0.719988 0.515686 0.00253501
976 0.719988 0.512821 0.00216006
977 0.719988 0.512968 0.00234204
978 0.719988 0.511439 0.00246133
979 0.719988 0.516518 0.00244955
980 0.719988 0.510771 0.00240628
981 0.719988 0.510909 0.00207785
982 0.719988 0.512705 0.00215123
983 0.719988 0.511488 0.00243614
984 0.719988 0.519076 0.00248556
985 0.719988 0.5138 0.00267197
986 0.719988 0.510016 0.00233719
987 0.719988 0.513867 0.00254721
988 0.719988 0.511991 0.00232023
989 0.719988 0.509379 0.00231551
990 0.719988 0.511834 0.00240282
991 0.719988 0.514114 0.00226482
992 0.719988 0.506989 0.00218724
993 0.719988 0.511032 0.00250397
994 0.719988 0.514656 0.00262132
995 0.719988 0.514895 0.0024508
996 0.719988 0.51148 0.00285415
997 0.719988 0.516662 0.00216936
998 0.719988 0.510764 0.00221116
999 0.719988 0.513607 0.00252248
1000 0.719988 0.519185 0.00245596
1001 0.719988 0.511039 0.00233008
1002 0.719988 0.516666 0.00258742
1003 0.719988 0.511392 0.00211226
1004 0.719988 0.513451 0.00232659
1005 0.719988 0.511371 0.00225234
1006 0.719988 0.511914 0.00237757
1007 0.719988 0.513981 0.00283327
1008 0.719988 0.511577 0.00254704
1009 0.719988 0.513056 0.00280828
1010 0.719988 0.51151 0.00264642
1011 0.719988 0.510866 0.00244324
1012 0.719988 0.514528 0.00241218
1013 0.719988 0.515451 0.0025304
1014 0.719988 0.518402 0.00233117
1015 0.719988 0.513144 0.00227801
1016 0.719988 0.512401 0.00208317
1017 0.719988 0.509935 0.00229114
1018 0.719988 0.512507 0.00228416
1019 0.719988 0.514596 0.00236645
1020 0.719988 0.515572 0.00217298
1021 0.719988 0.51142 0.00214196
1022 0.719988 0.50793 0.00225134
1023 0.719988 0.512735 0.00208491
1024 0.719988 0.513847 0.00232487
1025 0.719988 0.512136 0.00242453
1026 0.719988 0.510266 0.00224735
1027 0.719988 0.514178 0.00230988
1028 0.719988 0.507113 0.00237833
1029 0.719988 0.507855 0.00253865
1030 0.719988 0.509478 0.00225313
1031 0.719988 0.514155 0.00247082
1032 0.719988 0.5091 0.00243922
1033 0.719988 0.509493 0.0023211
1034 0.719988 0.511544 0.00234874
1035 0.719988 0.506861 0.00234927
1036 0.719988 0.513997 0.00239631
1037 0.719988 0.510924 0.00235053
1038 0.719988 0.507302 0.00224085
1039 0.719988 0.507561 0.00237884
1040 0.719988 0.512006 0.00222927
1041 0.719988 0.507919 0.00217973
1042 0.719988 0.504921 0.00228537
1043 0.719988 0.510346 0.00194218
1044 0.719988 0.508562 0.0020349
1045 0.719988 0.513291 0.00252852
1046 0.719988 0.507268 0.00247153
1047 0.719988 0.513588 0.00226852
1048 0.719988 0.510853 0.00244641
1049 0.719988 0.509007 0.0021609
1050 0.719988 0.508612 0.00215477
1051 0.719988 0.515952 0.00228814
1052 0.719988 0.510365 0.00221328
1053 0.719988 0.51282 0.00249888
1054 0.719988 0.508292 0.00240164
1055 0.719988 0.514914 0.00228977
1056 0.719988 0.512767 0.00236598
1057 0.719988 0.509436 0.00224169
1058 0.719988 0.508845 0.00231661
1059 0.719988 0.51381 0.00244772
1060 0.719988 0.511096 0.00235581
1061 0.719988 0.510028 0.00244671
1062 0.719988 0.508894 0.00218667
1063 0.719988 0.514204 0.00243383
1064 0.719988 0.5165 0.00251304
1065 0.719988 0.512913 0.00253912
1066 0.719988 0.512218 0.00237007
1067 0.719988 0.514774 0.00293845
1068 0.719988 0.50649 0.0023182
1069 0.719988 0.510989 0.0021902
1070 0.719988 0.508211 0.00248782
1071 0.719988 0.511945 0.0023335
1072 0.719988 0.508057 0.00227953
1073 0.719988 0.513366 0.00281261
1074 0.719988 0.509823 0.00223608
1075 0.719988 0.515765 0.00220883
1076 0.719988 0.513998 0.00248726
1077 0.719988 0.509961 0.00261155
1078 0.719988 0.510625 0.00235989
1079 0.719988 0.515039 0.00244638
1080 0.719988 0.511806 0.00237949
1081 0.719988 0.51377 0.00204837
1082 0.719988 0.509629 0.00225101
1083 0.719988 0.511982 0.00247372
1084 0.719988 0.517169 0.00274255
1085 0.719988 0.514109 0.00224356
1086 0.719988 0.509558 0.00214211
1087 0.719988 0.514687 0.00230921
1088 0.719988 0.510176 0.00251335
1089 0.719988 0.512935 0.00224834
1090 0.719988 0.512793 0.00267764
1091 0.719988 0.513126 0.00237057
1092 0.719988 0.512269 0.00234712
1093 0.719988 0.511505 0.00222438
1094 0.719988 0.513726 0.00244743
1095 0.719988 0.512316 0.00278889
1096 0.719988 0.515816 0.00255823
1097 0.719988 0.519095 0.00229602
1098 0.719988 0.512619 0.00243485
1099 0.719988 0.511917 0.00254584
1100 0.719988 0.515377 0.00206359
1101 0.719988 0.515526 0.00236757
1102 0.719988 0.511189 0.00234888
1103 0.719988 0.509385 0.00238814
1104 0.719988 0.516615 0.0026369
1105 0.719988 0.512109 0.0024214
1106 0.719988 0.517602 0.00225118
1107 0.719988 0.516566 0.0026491
1108 0.719988 0.507736 0.00244107
1109 0.719988 0.512605 0.00240426
1110 0.719988 0.514534 0.00244505
1111 0.719988 0.516151 0.00212683
1112 0.719988 0.51333 0.00222257
1113 0.719988 0.512788 0.00231944
1114 0.719988 0.510002 0.00235139
1115 0.719988 0.514121 0.0022214
1116 0.719988 0.509794 0.00208214
1117 0.719988 0.508524 0.00246319
1118 0.719988 0.512194 0.00240868
1119 0.719988 0.517518 0.00247775
1120 0.719988 0.513511 0.0021659
1121 0.719988 0.506369 0.00212668
1122 0.719988 0.514081 0.00223792
1123 0.719988 0.520417 0.00283216
1124 0.719988 0.511807 0.0024257
1125 0.719988 0.512501 0.00238919
1126 0.719988 0.513038 0.00244302
1127 0.719988 0.512931 0.00263865
1128 0.719988 0.514639 0.00233052
1129 0.719988 0.507827 0.00230424
1130 0.719988 0.511401 0.00227293
1131 0.719988 0.513852 0.00257253
1132 0.719988 0.511508 0.00232814
1133 0.719988 0.514163 0.00277112
1134 0.719988 0.512688 0.00254802
1135 0.719988 0.512839 0.00215227
1136 0.719988 0.516054 0.00257233
1137 0.719988 0.516196 0.00253981
1138 0.719988 0.509904 0.00276664
1139 0.719988 0.510224 0.00236194
1140 0.719988 0.511985 0.00281097
1141 0.719988 0.510627 0.00243535
1142 0.719988 0.510371 0.00218337
1143 0.719988 0.509795 0.00232587
1144 0.719988 0.508765 0.00239518
1145 0.719988 0.507189 0.00228907
1146 0.719988 0.511399 0.0023459
1147 0.719988 0.505034 0.00229153
1148 0.719988 0.510347 0.00241409
1149 0.719988 0.513877 0.00225192
1150 0.719988 0.514818 0.00213401
1151 0.719988 0.514447 0.00252044
1152 0.719988 0.511806 0.00267177
1153 0.719988 0.511528 0.00223341
1154 0.719988 0.515038 0.00216836
1155 0.719988 0.511654 0.0022548
1156 0.719988 0.509638 0.00232087
1157 0.719988 0.514637 0.00245941
1158 0.719988 0.511941 0.00226408
1159 0.719988 0.510771 0.00212525
1160 0.719988 0.510216 0.00226617
1161 0.719988 0.511644 0.00247025
1162 0.719988 0.510832 0.00236073
1163 0.719988 0.510533 0.0022322
1164 0.719988 0.516007 0.00254261
1165 0.719988 0.510373 0.00231732
1166 0.719988 0.512941 0.00239623
1167 0.719988 0.514369 0.00244497
1168 0.719988 0.514412 0.00214311
1169 0.719988 0.512842 0.00215123
1170 0.719988 0.508759 0.00243993
1171 0.719988 0.513057 0.00238916
1172 0.719988 0.511981 0.00279136
1173 0.719988 0.520458 0.00238982
1174 0.719988 0.512985 0.0027048
1175 0.719988 0.516369 0.00258837
1176 0.719988 0.512267 0.00241979
1177 0.719988 0.507489 0.0023427
1178 0.719988 0.51171 0.00232125
1179 0.719988 0.514493 0.0023554
1180 0.719988 0.518028 0.00272433
1181 0.719988 0.512589 0.00312132
1182 0.719988 0.513146 0.00266238
1183 0.719988 0.511286 0.00238743
1184 0.719988 0.509849 0.00237932
1185 0.719988 0.509916 0.00245594
1186 0.719988 0.512116 0.0024422
1187 0.719988 0.516747 0.00257582
1188 0.719988 0.513985 0.00243263
1189 0.719988 0.512325 0.00253789
1190 0.719988 0.516107 0.00250682
1191 0.719988 0.511972 0.00223702
1192 0.719988 0.511289 0.00238645
1193 0.719988 0.505489 0.00248961
1194 0.719988 0.51172 0.00242429
1195 0.719988 0.509524 0.00218766
1196 0.719988 0.509739 0.00214851
1197 0.719988 0.518831 0.00271667
1198 0.719988 0.513739 0.00231448
1199 0.719988 0.511866 0.00230127
1200 0.719988 0.51056 0.00230467
1201 0.719988 0.513299 0.00242637
1202 0.719988 0.509456 0.0022845
1203 0.719988 0.511945 0.00235591
1204 0.719988 0.509256 0.00220359
1205 0.719988 0.511435 0.00223621
1206 0.719988 0.512483 0.00234151
1207 0.719988 0.511262 0.0022068
1208 0.719988 0.514302 0.0026149
1209 0.719988 0.508093 0.00231354
1210 0.719988 0.511434 0.00266382
1211 0.719988 0.509126 0.00228522
1212 0.719988 0.510414 0.00245623
1213 0.719988 0.513683 0.00236346
1214 0.719988 0.517198 0.00219349
1215 0.719988 0.516515 0.00251073
1216 0.719988 0.516408 0.00223461
1217 0.719988 0.511565 0.00234707
1218 0.719988 0.514695 0.00240529
1219 0.719988 0.514368 0.00248293
1220 0.719988 0.508559 0.00237719
1221 0.719988 0.511793 0.00248733
1222 0.719988 0.51339 0.00290228
1223 0.719988 0.512762 0.00224202
1224 0.719988 0.513915 0.00288329
1225 0.719988 0.515772 0.00222324
1226 0.719988 0.514799 0.00231684
1227 0.719988 0.512714 0.00255063
1228 0.719988 0.513497 0.00255995
1229 0.719988 0.507458 0.00231274
1230 0.719988 0.513148 0.0024501
1231 0.719988 0.510353 0.00231002
1232 0.719988 0.516314 0.00230795
1233 0.719988 0.512533 0.00258899
1234 0.719988 0.51513 0.00235506
1235 0.719988 0.513203 0.00211964
1236 0.719988 0.509839 0.00245921
1237 0.719988 0.514543 0.00244146
1238 0.719988 0.509163 0.00239312
1239 0.719988 0.513879 0.00217393
1240 0.719988 0.511939 0.00250279
1241 0.719988 0.509073 0.00232998
1242 0.719988 0.512128 0.00235453
1243 0.719988 0.511686 0.00229602
1244 0.719988 0.509445 0.00208808
1245 0.719988 0.508255 0.00208123
1246 0.719988 0.515015 0.00263702
1247 0.719988 0.513199 0.00217004
1248 0.719988 0.51602 0.00234188
1249 0.719988 0.520348 0.00305192
1250 0.719988 0.511678 0.00260574
1251 0.719988 0.511902 0.00230195
1252 0.719988 0.514402 0.00236389
1253 0.719988 0.509671 0.00236774
1254 0.719988 0.51129 0.00229457
1255 0.719988 0.513746 0.00295523
1256 0.719988 0.513098 0.0025868
1257 0.719988 0.508317 0.00209649
1258 0.719988 0.512536 0.00235687
1259 0.719988 0.509268 0.0023354
1260 0.719988 0.51741 0.00246126
1261 0.719988 0.50915 0.00235909
1262 0.719988 0.513763 0.00220718
1263 0.719988 0.512361 0.0024886
1264 0.719988 0.516646 0.00301991
1265 0.719988 0.506235 0.00246855
1266 0.719988 0.511537 0.002373
1267 0.719988 0.511352 0.00213646
1268 0.719988 0.508656 0.00225918
1269 0.719988 0.510978 0.002076
1270 0.719988 0.507951 0.00264451
1271 0.719988 0.512602 0.0026602
1272 0.719988 0.511395 0.0023981
1273 0.719988 0.511794 0.00226855
1274 0.719988 0.513514 0.00257292
1275 0.719988 0.514721 0.00255971
1276 0.719988 0.511228 0.00241339
1277 0.719988 0.513708 0.00258672
1278 0.719988 0.509994 0.00226628
1279 0.719988 0.510595 0.00251418
1280 0.719988 0.51226 0.00235543
1281 0.719988 0.510501 0.00236103
1282 0.719988 0.512571 0.002243
1283 0.719988 0.517464 0.00234847
1284 0.719988 0.51719 0.00226798
1285 0.719988 0.513014 0.00237023
1286 0.719988 0.513823 0.00260998
1287 0.719988 0.512135 0.002329
1288 0.719988 0.512415 0.00261072
1289 0.719988 0.509626 0.00216669
1290 0.719988 0.520923 0.00244054
1291 0.719988 0.5093 0.00242384
1292 0.719988 0.513431 0.00247534
1293 0.719988 0.514973 0.00246635
1294 0.719988 0.514966 0.00266693
1295 0.719988 0.519322 0.00262803
1296 0.719988 0.512924 0.00256136
1297 0.719988 0.512983 0.00254941
1298 0.719988 0.511766 0.00245244
1299 0.719988 0.515179 0.00239848
1300 0.719988 0.509043 0.00236959
1301 0.719988 0.516588 0.00251645
1302 0.719988 0.515258 0.00223972
1303 0.719988 0.5143 0.00256306
1304 0.719988 0.51023 0.00244441
1305 0.719988 0.512676 0.00279733
1306 0.719988 0.510082 0.00255516
1307 0.719988 0.514073 0.00224835
1308 0.719988 0.518649 0.00237744
1309 0.719988 0.509962 0.00251995
1310 0.719988 0.510969 0.00255499
1311 0.719988 0.513169 0.00237419
1312 0.719988 0.514309 0.00250487
1313 0.719988 0.511887 0.00250308
1314 0.719988 0.517563 0.00240626
1315 0.719988 0.517395 0.00246127
1316 0.719988 0.514816 0.00242138
1317 0.719988 0.516487 0.00266719
1318 0.719988 0.516602 0.00264796
1319 0.719988 0.518405 0.00249278
1320 0.719988 0.513316 0.00212338
1321 0.719988 0.511968 0.00258216
1322 0.719988 0.508647 0.00234425
1323 0.719988 0.512383 0.00239454
1324 0.719988 0.511539 0.00233936
1325 0.719988 0.511185 0.00244165
1326 0.719988 0.513191 0.00224862
1327 0.719988 0.508396 0.00221409
1328 0.719988 0.51094 0.00262044
1329 0.719988 0.508181 0.00262449
1330 0.719988 0.513596 0.00240101
1331 0.719988 0.513587 0.00246962
1332 0.719988 0.512133 0.00243141
1333 0.719988 0.515871 0.00261701
1334 0.719988 0.515158 0.00253771
1335 0.719988 0.514921 0.00269623
1336 0.719988 0.509055 0.00231294
1337 0.719988 0.511478 0.0022414
1338 0.719988 0.512782 0.00235604
1339 0.719988 0.509916 0.00229989
1340 0.719988 0.507671 0.00233418
1341 0.719988 0.51146 0.00223743
1342 0.719988 0.5113 0.00247588
1343 0.719988 0.514495 0.00223123
1344 0.719988 0.509663 0.00219751
1345 0.719988 0.510141 0.00249363
1346 0.719988 0.513572 0.002507
1347 0.719988 0.510086 0.00251152
1348 0.719988 0.512332 0.00250608
1349 0.719988 0.512479 0.0025563
1350 0.719988 0.513559 0.00237804
1351 0.719988 0.511188 0.00227438
1352 0.719988 0.507312 0.00254006
1353 0.719988 0.514644 0.00246271
1354 0.719988 0.512627 0.00228429
1355 0.719988 0.51106 0.00261887
1356 0.719988 0.513965 0.00241428
1357 0.719988 0.510294 0.00237202
1358 0.719988 0.51372 0.00253572
1359 0.719988 0.514967 0.00277015
1360 0.719988 0.512661 0.00242947
1361 0.719988 0.508142 0.00236446
1362 0.719988 0.516106 0.00233858
1363 0.719988 0.512925 0.00217028
1364 0.719988 0.510795 0.00215738
1365 0.719988 0.509209 0.00235941
1366 0.719988 0.513412 0.00238481
1367 0.719988 0.508843 0.0023451
1368 0.719988 0.511152 0.00204502
1369 0.719988 0.514833 0.00227714
1370 0.719988 0.512303 0.00237556
1371 0.719988 0.513138 0.00229069
1372 0.719988 0.510635 0.00231994
1373 0.719988 0.506245 0.00227666
1374 0.719988 0.507993 0.00241191
1375 0.719988 0.513396 0.00238084
1376 0.719988 0.513821 0.00221953
1377 0.719988 0.509674 0.00241876
1378 0.719988 0.510865 0.00218427
1379 0.719988 0.511681 0.00215316
1380 0.719988 0.50936 0.0022428
1381 0.719988 0.510438 0.00215461
1382 0.719988 0.51237 0.00252944
1383 0.719988 0.506002 0.00219727
1384 0.719988 0.511925 0.00228413
1385 0.719988 0.510605 0.00251725
1386 0.719988 0.506728 0.00231811
1387 0.719988 0.511747 0.00254199
1388 0.719988 0.511423 0.00256147
1389 0.719988 0.513814 0.00235081
1390 0.719988 0.506736 0.00251665
1391 0.719988 0.51221 0.00238222
1392 0.719988 0.517057 0.00274269
1393 0.719988 0.510639 0.00254098
1394 0.719988 0.51156 0.00226724
1395 0.719988 0.506316 0.00206711
1396 0.719988 0.50737 0.00243709
1397 0.719988 0.51404 0.00237324
1398 0.719988 0.514063 0.00276868
1399 0.719988 0.511433 0.00251609
1400 0.719988 0.514361 0.0023457
1401 0.719988 0.514014 0.00234409
1402 0.719988 0.512914 0.00234386
1403 0.719988 0.515376 0.00264938
1404 0.719988 0.51483 0.00267536
1405 0.719988 0.513634 0.00247233
1406 0.719988 0.511383 0.00253399
1407 0.719988 0.517138 0.00252932
1408 0.719988 0.516484 0.00251128
1409 0.719988 0.513088 0.00230069
1410 0.719988 0.515066 0.00256357
1411 0.719988 0.517401 0.0024618
1412 0.719988 0.511506 0.0024289
1413 0.719988 0.513949 0.0024313
1414 0.719988 0.509308 0.00224285
1415 0.719988 0.514657 0.00259005
1416 0.719988 0.513067 0.00235336
1417 0.719988 0.510647 0.00237664
1418 0.719988 0.513105 0.00250772
1419 0.719988 0.513072 0.00234625
1420 0.719988 0.51119 0.00235383
1421 0.719988 0.510753 0.00255968
1422 0.719988 0.513449 0.00227986
1423 0.719988 0.510509 0.00247974
1424 0.719988 0.514021 0.00268161
1425 0.719988 0.517678 0.00301723
1426 0.719988 0.518778 0.0027103
1427 0.719988 0.509486 0.00249825
1428 0.719988 0.517342 0.00290173
1429 0.719988 0.512343 0.00271706
1430 0.719988 0.508032 0.00235215
1431 0.719988 0.51451 0.00251185
1432 0.719988 0.515203 0.00273109
1433 0.719988 0.519651 0.00280647
1434 0.719988 0.517126 0.00247594
1435 0.719988 0.510481 0.00233447
1436 0.719988 0.514984 0.00253826
1437 0.719988 0.51265 0.00237897
1438 0.719988 0.511 0.00241185
1439 0.719988 0.511769 0.00258031
1440 0.719988 0.512892 0.00230728
1441 0.719988 0.515043 0.00260473
1442 0.719988 0.509539 0.00250634
1443 0.719988 0.511318 0.00237639
1444 0.719988 0.510528 0.00248985
1445 0.719988 0.512306 0.00277016
1446 0.719988 0.516984 0.00283337
1447 0.719988 0.51257 0.0024481
1448 0.719988 0.512568 0.00254053
1449 0.719988 0.507836 0.00244453
1450 0.719988 0.505867 0.00222554
1451 0.719988 0.51012 0.00224207
1452 0.719988 0.509861 0.00232041
1453 0.719988 0.511168 0.00231817
1454 0.719988 0.509538 0.00212393
1455 0.719988 0.509329 0.00225742
1456 0.719988 0.516714 0.00239089
1457 0.719988 0.510674 0.00238905
1458 0.719988 0.514998 0.00237909
1459 0.719988 0.516028 0.00230978
1460 0.719988 0.513003 0.00225024
1461 0.719988 0.51368 0.00227404
1462 0.719988 0.515829 0.00249094
1463 0.719988 0.514215 0.00328924
1464 0.719988 0.513757 0.00239636
1465 0.719988 0.513873 0.00229712
1466 0.719988 0.510751 0.00228297
1467 0.719988 0.511236 0.00229936
1468 0.719988 0.512995 0.00240396
1469 0.719988 0.509298 0.00242907
1470 0.719988 0.511405 0.00260451
1471 0.719988 0.51333 0.00247282
1472 0.719988 0.517442 0.00241304
1473 0.719988 0.516971 0.00255427
1474 0.719988 0.510958 0.0027118
1475 0.719988 0.516561 0.00284664
1476 0.719988 0.515277 0.00271757
1477 0.719988 0.519635 0.00286077
1478 0.719988 0.513624 0.00221167
1479 0.719988 0.511855 0.00239096
1480 0.719988 0.515072 0.00253228
1481 0.719988 0.510961 0.00232028
1482 0.719988 0.515503 0.00235985
1483 0.719988 0.510728 0.00228682
1484 0.719988 0.509689 0.00217088
1485 0.719988 0.508418 0.00242695
1486 0.719988 0.508203 0.00241889
1487 0.719988 0.509938 0.00265768
1488 0.719988 0.516415 0.00251455
1489 0.719988 0.507917 0.00258008
1490 0.719988 0.515313 0.00285951
1491 0.719988 0.516654 0.00251667
1492 0.719988 0.510501 0.00238394
1493 0.719988 0.50904 0.00277219
1494 0.719988 0.51249 0.00220748
1495 0.719988 0.512184 0.00260755
1496 0.719988 0.512681 0.00233899
1497 0.719988 0.510001 0.0023299
1498 0.719988 0.513869 0.00220857
1499 0.719988 0.512304 0.00213129
1500 0.719988 0.51089 0.00241368
1501 0.719988 0.510249 0.00229448
1502 0.719988 0.515478 0.00223033
1503 0.719988 0.514041 0.00242537
1504 0.719988 0.515155 0.00245998
1505 0.719988 0.512186 0.00255953
1506 0.719988 0.522367 0.00288848
1507 0.719988 0.518127 0.00270045
1508 0.719988 0.513462 0.00271485
1509 0.719988 0.513855 0.00252876
1510 0.719988 0.512924 0.00242841
1511 0.719988 0.514559 0.00246792
1512 0.719988 0.514141 0.00261969
1513 0.719988 0.50993 0.0022578
1514 0.719988 0.515855 0.0024297
1515 0.719988 0.512791 0.0021763
1516 0.719988 0.514994 0.00233046
1517 0.719988 0.514586 0.00244998
1518 0.719988 0.51346 0.00238669
1519 0.719988 0.509843 0.00268365
1520 0.719988 0.509404 0.00258667
1521 0.719988 0.514481 0.00228526
1522 0.719988 0.509022 0.00243927
1523 0.719988 0.511404 0.00221373
1524 0.719988 0.511956 0.00209343
1525 0.719988 0.512901 0.00219581
1526 0.719988 0.508763 0.00248656
1527 0.719988 0.511014 0.00245658
1528 0.719988 0.515072 0.00234049
1529 0.719988 0.516826 0.00260887
1530 0.719988 0.510181 0.00228276
1531 0.719988 0.51474 0.00265261
1532 0.719988 0.513497 0.0023599
1533 0.719988 0.517469 0.00226688
1534 0.719988 0.514297 0.00284709
1535 0.719988 0.511079 0.00275982
1536 0.719988 0.515654 0.0025485
1537 0.719988 0.509369 0.00241628
1538 0.719988 0.511022 0.00216832
1539 0.719988 0.514143 0.00221387
1540 0.719988 0.512863 0.00217537
1541 0.719988 0.514075 0.00241106
1542 0.719988 0.516749 0.00241257
1543 0.719988 0.510931 0.00209299
1544 0.719988 0.518451 0.00248725
1545 0.719988 0.510881 0.00233255
1546 0.719988 0.51155 0.0023979
1547 0.719988 0.510217 0.00282349
1548 0.719988 0.512341 0.00256621
1549 0.719988 0.513656 0.00221453
1550 0.719988 0.510935 0.00226154
1551 0.719988 0.511985 0.00218227
1552 0.719988 0.513529 0.00248244
1553 0.719988 0.511918 0.00237676
1554 0.719988 0.512913 0.00223814
1555 0.719988 0.512433 0.00246742
1556 0.719988 0.510395 0.00219113
1557 0.719988 0.511919 0.00281412
1558 0.719988 0.513839 0.00234626
1559 0.719988 0.507688 0.00241447
1560 0.719988 0.50713 0.00222832
1561 0.719988 0.511328 0.00211186
1562 0.719988 0.515715 0.00246042
1563 0.719988 0.514235 0.00260828
1564 0.719988 0.514529 0.0022205
1565 0.719988 0.509759 0.00206472
1566 0.719988 0.508755 0.00230527
1567 0.719988 0.509662 0.00205851
1568 0.719988 0.511708 0.00209923
1569 0.719988 0.51556 0.00247009
1570 0.719988 0.515263 0.0025531
1571 0.719988 0.511605 0.00212368
1572 0.719988 0.511724 0.0024043
1573 0.719988 0.511408 0.00221878
1574 0.719988 0.510801 0.0027485
1575 0.719988 0.510974 0.00235944
1576 0.719988 0.509734 0.00249241
1577 0.719988 0.512898 0.00233218
1578 0.719988 0.512167 0.00252192
1579 0.719988 0.512074 0.00231542
1580 0.719988 0.511414 0.0021149
1581 0.719988 0.509664 0.0026177
1582 0.719988 0.510776 0.00224317
1583 0.719988 0.510076 0.00237107
1584 0.719988 0.510892 0.00242979
1585 0.719988 0.510261 0.00233434
1586 0.719988 0.511289 0.00239116
1587 0.719988 0.518295 0.00227503
1588 0.719988 0.511396 0.00246334
1589 0.719988 0.511954 0.00235233
1590 0.719988 0.50881 0.00248451
1591 0.719988 0.509429 0.00247255
1592 0.719988 0.508653 0.00245679
1593 0.719988 0.50843 0.00264046
1594 0.719988 0.513424 0.00261616
1595 0.719988 0.510747 0.00241978
1596 0.719988 0.512891 0.00261659
1597 0.719988 0.508748 0.00261039
1598 0.719988 0.515771 0.00242391
1599 0.719988 0.518175 0.00264524
1600 0.719988 0.511766 0.00224057
1601 0.719988 0.514115 0.00229397
1602 0.719988 0.51366 0.00222912
1603 0.719988 0.513192 0.00246152
1604 0.719988 0.512731 0.0023364
1605 0.719988 0.516144 0.00243061
1606 0.719988 0.513186 0.00275145
1607 0.719988 0.51245 0.00246934
1608 0.719988 0.511254 0.0023149
1609 0.719988 0.515568 0.00264849
1610 0.719988 0.516123 0.00256899
1611 0.719988 0.520527 0.00286047
1612 0.719988 0.515519 0.00252545
1613 0.719988 0.507299 0.00230274
1614 0.719988 0.516291 0.00236656
1615 0.719988 0.513159 0.00254901
1616 0.719988 0.515979 0.00280344
1617 0.719988 0.515475 0.00276233
1618 0.719988 0.510289 0.00261806
1619 0.719988 0.512844 0.00253523
1620 0.719988 0.513782 0.00237226
1621 0.719988 0.513775 0.00230187
1622 0.719988 0.510658 0.00221362
1623 0.719988 0.513317 0.00223583
1624 0.719988 0.513006 0.00260183
1625 0.719988 0.514731 0.00281035
1626 0.719988 0.517453 0.00245762
1627 0.719988 0.513739 0.00248693
1628 0.719988 0.516756 0.00260713
1629 0.719988 0.509824 0.00225106
1630 0.719988 0.508782 0.00217138
1631 0.719988 0.513064 0.00256242
1632 0.719988 0.508397 0.00208583
1633 0.719988 0.509958 0.00227245
1634 0.719988 0.509731 0.00230944
1635 0.719988 0.511802 0.00237898
1636 0.719988 0.516038 0.00293726
1637 0.719988 0.514839 0.00222285
1638 0.722482 0.512201 0.00287582
1639 0.722482 0.516716 0.00264943
1640 0.722482 0.512896 0.00263781
1641 0.722482 0.517942 0.002682
1642 0.722482 0.516446 0.00270456
1643 0.722482 0.511248 0.00239852
1644 0.722482 0.52101 0.00264909
1645 0.722482 0.515391 0.0024641
1646 0.722482 0.513779 0.00259619
1647 0.722482 0.51528 0.00249027
1648 0.722482 0.51937 0.00286969
1649 0.722482 0.514826 0.00256009
1650 0.722482 0.51394 0.00236632
1651 0.722482 0.51266 0.00241603
1652 0.722482 0.513625 0.00283503
1653 0.722482 0.513833 0.0025786
1654 0.722482 0.510738 0.00242584
1655 0.722482 0.51293 0.0023081
1656 0.722482 0.512402 0.00251627
1657 0.722482 0.512494 0.00287557
1658 0.722482 0.514131 0.00238743
1659 0.722482 0.513173 0.00244876
1660 0.722482 0.516416 0.00270727
1661 0.722482 0.50842 0.00240902
1662 0.722482 0.517371 0.00260487
1663 0.722482 0.509594 0.00212583
1664 0.722482 0.510573 0.00219526
1665 0.722482 0.511968 0.00230514
1666 0.722482 0.512246 0.00254122
1667 0.722482 0.514306 0.00273803
1668 0.722482 0.513757 0.00232395
1669 0.722482 0.515236 0.00267014
1670 0.722482 0.510589 0.00242402
1671 0.722482 0.513905 0.00263452
1672 0.722482 0.510775 0.0025277
1673 0.722482 0.514199 0.00260332
1674 0.722482 0.508554 0.00258152
1675 0.722482 0.51224 0.00243348
1676 0.722482 0.51185 0.00240262
1677 0.722482 0.510876 0.00283499
1678 0.722482 0.510508 0.00252723
1679 0.722482 0.511812 0.00291933
1680 0.722482 0.510457 0.00255605
1681 0.722482 0.517328 0.00260833
1682 0.722482 0.51004 0.00299682
1683 0.722482 0.51136 0.0028785
1684 0.722482 0.518942 0.00271168
1685 0.722482 0.517185 0.00247618
1686 0.722482 0.515924 0.00250573
1687 0.722482 0.516968 0.00256775
1688 0.722482 0.509999 0.00297204
1689 0.722482 0.514144 0.00246255
1690 0.722482 0.511246 0.00267138
1691 0.722482 0.516686 0.00280111
1692 0.722482 0.51338 0.00246081
1693 0.722482 0.519632 0.00311513
1694 0.722482 0.517537 0.00267813
1695 0.722482 0.518377 0.00259066
1696 0.722482 0.510447 0.0025232
1697 0.722482 0.509556 0.00256948
1698 0.722482 0.511171 0.00257229
1699 0.722482 0.510716 0.00242887
1700 0.722482 0.512566 0.00257102
1701 0.722482 0.515001 0.00250864
1702 0.722482 0.510125 0.00235913
1703 0.722482 0.51431 0.00273033
1704 0.722482 0.510162 0.00244519
1705 0.722482 0.51097 0.00289535
1706 0.722482 0.513907 0.00264867
1707 0.722482 0.512687 0.00259514
1708 0.722482 0.519662 0.0028421
1709 0.722482 0.513882 0.00257208
1710 0.722482 0.513253 0.00245616
1711 0.722482 0.512188 0.00266758
1712 0.722482 0.517872 0.00295827
1713 0.722482 0.513887 0.00254347
1714 0.722482 0.519135 0.00256757
1715 0.722482 0.51253 0.00224828
1716 0.722482 0.516961 0.00247845
1717 0.722482 0.509992 0.00244772
1718 0.722482 0.512557 0.00230228
1719 0.722482 0.524143 0.00254619
1720 0.722482 0.513316 0.00252514
1721 0.722482 0.513773 0.00261835
1722 0.722482 0.514461 0.0027448
1723 0.722482 0.516366 0.0030417
1724 0.722482 0.512922 0.00217014
1725 0.722482 0.514181 0.00245496
1726 0.722482 0.508601 0.00245948
1727 0.722482 0.510391 0.00236445
1728 0.722482 0.512112 0.00239085
1729 0.722482 0.513288 0.0029512
1730 0.722482 0.51558 0.00258301
1731 0.722482 0.511837 0.0027667
1732 0.722482 0.513723 0.00270503
1733 0.722482 0.51139 0.00269942
1734 0.722482 0.510744 0.0027793
1735 0.722482 0.505672 0.00279496
1736 0.722482 0.513766 0.00243215
1737 0.722482 0.512077 0.00229666
1738 0.722482 0.50713 0.00254992
1739 0.722482 0.518813 0.00285391
1740 0.722482 0.510826 0.00224818
1741 0.722482 0.514442 0.00256691
1742 0.722482 0.510587 0.00205463
1743 0.722482 0.514191 0.00257579
1744 0.722482 0.510029 0.00243857
1745 0.722482 0.508107 0.00242425
1746 0.722482 0.515049 0.00266305
1747 0.722482 0.510176 0.00251147
1748 0.722482 0.512485 0.00267219
1749 0.722482 0.510601 0.0027363
1750 0.722482 0.514945 0.00222252
1751 0.722482 0.513624 0.0026107
1752 0.722482 0.515512 0.00262461
1753 0.722482 0.510711 0.00241813
1754 0.722482 0.506323 0.00227091
1755 0.722482 0.511096 0.00241644
1756 0.722482 0.513193 0.00242089
1757 0.722482 0.517197 0.00245216
1758 0.722482 0.515603 0.00255944
1759 0.722482 0.515055 0.00281422
1760 0.722482 0.513515 0.00247632
1761 0.722482 0.511421 0.00243425
1762 0.722482 0.512948 0.00222181
1763 0.722482 0.513559 0.00249236
1764 0.722482 0.510019 0.0027451
1765 0.722482 0.510899 0.00237681
1766 0.722482 0.515919 0.002519
1767 0.722482 0.516823 0.00260603
1768 0.722482 0.517526 0.00250802
1769 0.722482 0.514014 0.00274995
1770 0.722482 0.512085 0.0023768
1771 0.722482 0.511407 0.00283664
1772 0.722482 0.505424 0.0023482
1773 0.722482 0.51077 0.00231413
1774 0.722482 0.514217 0.00274914
1775 0.722482 0.513971 0.00273954
1776 0.722482 0.512055 0.00261028
1777 0.722482 0.513834 0.00256012
1778 0.722482 0.511835 0.00240477
1779 0.722482 0.511179 0.00276227
1780 0.722482 0.510901 0.00257561
1781 0.722482 0.511012 0.00238148
1782 0.722482 0.513626 0.00249283
1783 0.722482 0.514219 0.00242871
1784 0.722482 0.514086 0.00265835
1785 0.722482 0.515461 0.00273634
1786 0.722482 0.516845 0.00264969
1787 0.722482 0.519583 0.00254993
1788 0.722482 0.517254 0.00242131
1789 0.722482 0.513588 0.00296789
1790 0.722482 0.51289 0.00247754
1791 0.722482 0.51422 0.00247479
1792 0.722482 0.517501 0.00261677
1793 0.722482 0.515588 0.00282773
1794 0.722482 0.508878 0.00250643
1795 0.722482 0.516561 0.00277545
1796 0.722482 0.512599 0.0027176
1797 0.722482 0.512863 0.00267478
1798 0.722482 0.514643 0.00259058
1799 0.722482 0.5143 0.00251742
1800 0.722482 0.509814 0.00214151
1801 0.722482 0.510467 0.00250641
1802 0.722482 0.50877 0.0026627
1803 0.722482 0.513989 0.00251527
1804 0.722482 0.514472 0.00233172
1805 0.722482 0.511298 0.00268134
1806 0.722482 0.51152 0.00243941
1807 0.722482 0.511897 0.00245522
1808 0.722482 0.511417 0.0029197
1809 0.722482 0.515924 0.00238327
1810 0.722482 0.510961 0.00249666
1811 0.722482 0.511565 0.00276525
1812 0.722482 0.510731 0.00246334
1813 0.722482 0.51187 0.00282274
1814 0.722482 0.511469 0.00236766
1815 0.722482 0.50971 0.00254577
1816 0.722482 0.511047 0.002663
1817 0.722482 0.50934 0.00250805
1818 0.722482 0.5065 0.00258881
1819 0.722482 0.510533 0.00250161
1820 0.722482 0.51069 0.00236123
1821 0.722482 0.504335 0.00231913
1822 0.722482 0.50888 0.00273425
1823 0.722482 0.512502 0.00253823
1824 0.722482 0.508905 0.00261538
1825 0.722482 0.507205 0.00247892
1826 0.722482 0.511139 0.00246508
1827 0.722482 0.51356 0.00263718
1828 0.722482 0.514285 0.00243697
1829 0.722482 0.507955 0.00223277
1830 0.722482 0.510446 0.00228723
1831 0.722482 0.512104 0.00242459
1832 0.722482 0.51043 0.00253802
1833 0.722482 0.511726 0.00229596
1834 0.722482 0.513867 0.00256076
1835 0.722482 0.512125 0.00228926
1836 0.722482 0.512783 0.00245782
1837 0.722482 0.51297 0.00257663
1838 0.722482 0.512605 0.00276995
1839 0.722482 0.508189 0.00250283
1840 0.722482 0.514122 0.00254276
1841 0.722482 0.513478 0.00224958
1842 0.722482 0.510374 0.00238917
1843 0.722482 0.50756 0.0025089
1844 0.722482 0.510953 0.00237353
1845 0.722482 0.511412 0.0023567
1846 0.722482 0.516271 0.00242152
1847 0.722482 0.511834 0.00267433
1848 0.722482 0.514252 0.00262317
1849 0.722482 0.508913 0.00258281
1850 0.722482 0.512941 0.00276906
1851 0.722482 0.511311 0.00276825
1852 0.722482 0.517996 0.00272537
1853 0.722482 0.512596 0.00266466
1854 0.722482 0.513473 0.00300489
1855 0.722482 0.508476 0.0023283
1856 0.722482 0.509924 0.00233673
1857 0.722482 0.513487 0.00228017
1858 0.722482 0.511757 0.00284839
1859 0.722482 0.51525 0.00257829
1860 0.722482 0.512092 0.00270287
1861 0.722482 0.511776 0.00264536
1862 0.722482 0.511163 0.0023272
1863 0.722482 0.510565 0.00277183
1864 0.722482 0.512583 0.00243184
1865 0.722482 0.507243 0.00239118
1866 0.722482 0.508158 0.00247807
1867 0.722482 0.512054 0.00246123
1868 0.722482 0.51282 0.00238855
1869 0.722482 0.510942 0.0029
1870 0.722482 0.510381 0.00255021
1871 0.722482 0.509096 0.0023031
1872 0.722482 0.509094 0.00260108
1873 0.722482 0.50833 0.00265559
1874 0.722482 0.514086 0.00228797
1875 0.722482 0.51548 0.00293535
1876 0.722482 0.515578 0.00232282
1877 0.722482 0.512257 0.00287729
1878 0.722482 0.512073 0.00241387
1879 0.722482 0.511178 0.00231411
1880 0.722482 0.511891 0.00265066
1881 0.722482 0.513751 0.0023918
1882 0.722482 0.512032 0.00245999
1883 0.722482 0.514975 0.00262848
1884 0.722482 0.514156 0.00261981
1885 0.722482 0.5093 0.00243506
1886 0.722482 0.511668 0.00239964
1887 0.722482 0.512109 0.00252371
1888 0.722482 0.514963 0.00244672
1889 0.722482 0.51195 0.0024827
1890 0.722482 0.511793 0.00277305
1891 0.722482 0.514277 0.00262908
1892 0.722482 0.510106 0.00266515
1893 0.722482 0.509239 0.00253002
1894 0.722482 0.511257 0.00279842
1895 0.722482 0.507385 0.00302856
1896 0.722482 0.509389 0.00255431
1897 0.722482 0.511981 0.00259452
1898 0.722482 0.511922 0.0025267
1899 0.722482 0.512007 0.00302436
1900 0.722482 0.510467 0.002622
1901 0.722482 0.51165 0.00294631
1902 0.722482 0.507442 0.00254453
1903 0.722482 0.513437 0.00230387
1904 0.722482 0.516625 0.00281762
1905 0.722482 0.51052 0.00266784
1906 0.722482 0.515835 0.00273175
1907 0.722482 0.511768 0.00272448
1908 0.722482 0.510163 0.00276972
1909 0.722482 0.512773 0.00274512
1910 0.722482 0.50937 0.00241006
1911 0.722482 0.513466 0.00237115
1912 0.722482 0.512862 0.00230852
1913 0.722482 0.514611 0.00263018
1914 0.722482 0.512122 0.0029074
1915 0.722482 0.511174 0.00265643
1916 0.722482 0.509656 0.00237108
1917 0.722482 0.514098 0.00235199
1918 0.722482 0.515142 0.00256814
1919 0.722482 0.512862 0.00266385
1920 0.722482 0.510357 0.00237723
1921 0.722482 0.510058 0.00268931
1922 0.722482 0.511504 0.00245912
1923 0.722482 0.51645 0.0026154
1924 0.722482 0.513682 0.00268698
1925 0.722482 0.513748 0.00265316
1926 0.722482 0.513243 0.00259204
1927 0.722482 0.512418 0.00261459
1928 0.722482 0.515319 0.00269845
1929 0.722482 0.515854 0.00269122
1930 0.722482 0.513851 0.00253435
1931 0.722482 0.51369 0.00315192
1932 0.722482 0.510798 0.00272333
1933 0.722482 0.514617 0.00261036
1934 0.722482 0.514698 0.00308819
1935 0.722482 0.510543 0.00263975
1936 0.722482 0.511816 0.00236086
1937 0.722482 0.509868 0.00232176
1938 0.722482 0.514125 0.00240822
1939 0.722482 0.510011 0.00247672
1940 0.722482 0.510001 0.00266484
1941 0.722482 0.50859 0.00256773
1942 0.722482 0.508801 0.00247967
1943 0.722482 0.508681 0.00223492
1944 0.722482 0.507572 0.00257696
1945 0.722482 0.510821 0.00261786
1946 0.722482 0.510654 0.00236791
1947 0.722482 0.508352 0.00227424
1948 0.722482 0.510208 0.0024291
1949 0.722482 0.508858 0.002646
1950 0.722482 0.512883 0.00250095
1951 0.722482 0.511518 0.00257881
1952 0.722482 0.506056 0.0023688
1953 0.722482 0.509504 0.00251124
1954 0.722482 0.510644 0.00232556
1955 0.722482 0.513556 0.00240573
1956 0.722482 0.510884 0.00244093
1957 0.722482 0.513378 0.00283997
1958 0.722482 0.512234 0.00279124
1959 0.722482 0.51453 0.00247308
1960 0.722482 0.516306 0.00256251
1961 0.722482 0.513265 0.00253925
1962 0.722482 0.513159 0.00255627
1963 0.722482 0.508881 0.00248837
1964 0.722482 0.510425 0.00262169
1965 0.722482 0.508901 0.00262079
1966 0.722482 0.507418 0.00218709
1967 0.722482 0.50571 0.0023796
1968 0.722482 0.506226 0.00245597
1969 0.722482 0.511867 0.002448
1970 0.722482 0.51116 0.00273101
1971 0.722482 0.511594 0.00252144
1972 0.722482 0.509632 0.00255982
1973 0.722482 0.509583 0.00262959
1974 0.722482 0.514841 0.00235062
1975 0.722482 0.510492 0.00235019
1976 0.722482 0.515338 0.00270201
1977 0.722482 0.518417 0.00274064
1978 0.722482 0.509516 0.00246814
1979 0.722482 0.516156 0.00255379
1980 0.722482 0.512105 0.00249746
1981 0.722482 0.512828 0.00262325
1982 0.722482 0.515575 0.00317926
1983 0.722482 0.512496 0.00224256
1984 0.722482 0.51203 0.00250017
1985 0.722482 0.509891 0.00298576
1986 0.722482 0.510274 0.00241869
1987 0.722482 0.514215 0.00259573
1988 0.722482 0.511164 0.00236273
1989 0.722482 0.509597 0.0026871
1990 0.722482 0.51249 0.00264162
1991 0.722482 0.513442 0.00250823
1992 0.722482 0.511178 0.00257965
1993 0.722482 0.513886 0.00293916
1994 0.722482 0.513016 0.00253284
1995 0.722482 0.509305 0.00246391
1996 0.725461 0.513834 0.00292384
1997 0.725461 0.515279 0.00276519
1998 0.725461 0.510837 0.00262439
1999 0.725461 0.51066 0.00259315
2000 0.725461 0.511481 0.00246047
