3
2
0.131482
0.22483
1
-64.6809
6.83454
0
0.199994
0.263278
1
-53.7633
4.70565
0
-64.6701
3.45917
0
1.71449
1.12424
1.04375
0.267724
1.44387
0.79303
1.77361
1.02502
0.130818
1.99927
0.0122161
0.531465
1.89228
1.22438
0.673751
1.08984
1.03721
1.5587
0.671535
0.881969
1.35878
1.09665
1.82155
1.27738
0.95194
0.230539
0.738942
1.40609
0.0115083
1.91799
1.16672
0.00124809
1.12454
1.58601
0.0196229
1.33164
0.48899
0.00457171
0.0416267
1.14918
1.5633
1.7588
0.00791971
1.19582
0.731343
0.00934643
1.58104
0.656806
0.170194
1.48712
1.82817
1.91205
0.507662
0.209532
0.37214
0.315941
1.74265
0.234421
0
0.875569
1.372
0.228641
1.08815
0.257664
1.84189
1.99802
1.67948
0.379816
1.86917
1.83795
1.21842
0.45207
0.455408
1.81947
1.44078
0.362073
881.036
