3
2
-55.1564
3.24601
0
-51.837
2.27338
0
-52.1276
5.94339
0
0.034184
0.230812
1
0.135464
0.254152
1
0.521144
0.588309
1.99321
1.29757
0.757245
1.55135
0.231047
0.904275
1.69348
1.8507
1.61642
0.537615
1.36557
0.170734
0.896544
0.495177
1.42195
0.858113
1.99478
1.67088
1.50499
1.18988
0.661032
1.60336
0.855055
1.93498
1.28061
0.614397
0.486868
1.50773
1.42175
1.43444
0.187092
0.736197
1.18364
0.125335
2
1.34907
1.82766
0.668689
0.546163
1.42212
0.174479
0.669254
0.617828
1.12559
0.495772
0.292927
1.90704
0.527552
1.2058
0.533577
1.3459
0.485595
1.09879
1.5686
1.88782
1.78121
2
1.73008
0.47613
1.64817
0.625842
0.802541
1.28135
0.0521458
0.776981
0.997226
1.02604
1.41211
0.731141
1.8515
1.60498
0.0172582
0.879505
