0 0.535261 0.498258 8.26654e-05
1 0.537495 0.498919 0.000135761
2 0.547752 0.5004 0.000148903
3 0.547752 0.500434 0.000161159
4 0.547752 0.500026 0.000126057
5 0.56766 0.502209 0.000225619
6 0.56766 0.500964 0.000225454
7 0.568751 0.503725 0.000314662
8 0.568751 0.501354 0.00028068
9 0.568751 0.502069 0.000246075
10 0.571114 0.502306 0.000360757
11 0.571114 0.50099 0.000293056
12 0.571114 0.501246 0.000304989
13 0.573306 0.501541 0.000434746
14 0.573306 0.502775 0.000467201
15 0.603305 0.504141 0.0004247
16 0.603305 0.504073 0.000442965
17 0.603305 0.503845 0.000515691
18 0.603305 0.503464 0.000467726
19 0.603305 0.503498 0.000466744
20 0.603305 0.505145 0.000598265
21 0.603305 0.503634 0.000497331
22 0.603305 0.50515 0.000572982
23 0.603305 0.504465 0.000591893
24 0.603305 0.502045 0.000445364
25 0.603305 0.504224 0.000545788
26 0.603305 0.505024 0.000650148
27 0.603305 0.505114 0.00056687
28 0.603305 0.505711 0.000646204
29 0.603305 0.501682 0.00047008
30 0.603305 0.503039 0.000661252
31 0.603305 0.506563 0.000537573
32 0.603305 0.504317 0.000516608
33 0.603305 0.503976 0.00059229
34 0.603305 0.503565 0.000617909
35 0.603305 0.504977 0.000534575
36 0.603305 0.503921 0.000597314
37 0.603305 0.504212 0.000532123
38 0.603305 0.503605 0.000669734
39 0.603305 0.506227 0.000687181
40 0.603305 0.506878 0.000737346
41 0.603305 0.50618 0.000752397
42 0.603305 0.505589 0.000630706
43 0.603305 0.504713 0.000504586
44 0.603305 0.507039 0.000589616
45 0.603305 0.504839 0.000644795
46 0.603305 0.507485 0.000735447
47 0.603305 0.507874 0.000694598
48 0.603305 0.506273 0.000671764
49 0.603305 0.50886 0.000764906
50 0.603305 0.506546 0.000763181
51 0.603305 0.509308 0.000806496
52 0.603305 0.508492 0.000841604
53 0.603305 0.509121 0.000807775
54 0.603305 0.50984 0.000780264
55 0.603305 0.510039 0.000767347
56 0.603305 0.508838 0.000761275
57 0.603305 0.508408 0.000715804
58 0.603305 0.509708 0.000719887
59 0.603305 0.51425 0.000768201
60 0.603305 0.514397 0.000930356
61 0.603305 0.515358 0.000997373
62 0.603305 0.515623 0.00085461
63 0.603305 0.515065 0.000918531
64 0.603305 0.513411 0.000790333
65 0.603305 0.515162 0.000896516
66 0.609502 0.513209 0.000889468
67 0.609502 0.51443 0.000921589
68 0.609502 0.513049 0.000984892
69 0.609502 0.517715 0.00112935
70 0.614652 0.516444 0.00100436
71 0.614652 0.51636 0.00098971
72 0.614652 0.512865 0.000881669
73 0.614652 0.516272 0.000983339
74 0.614652 0.519429 0.000857138
75 0.614652 0.518911 0.00101095
76 0.614652 0.52194 0.00126494
77 0.614652 0.518147 0.00101837
78 0.614652 0.516122 0.00107235
79 0.614652 0.514753 0.00114818
80 0.614652 0.520898 0.00114329
81 0.614652 0.521382 0.00119966
82 0.614652 0.520896 0.00115499
83 0.614652 0.519532 0.000998007
84 0.614652 0.523347 0.00101024
85 0.614652 0.519365 0.00114459
86 0.614652 0.522106 0.0011714
87 0.614652 0.52448 0.00103531
88 0.614652 0.521521 0.0010751
89 0.614652 0.523015 0.00110745
90 0.614652 0.523958 0.00111381
91 0.614652 0.524823 0.00131543
92 0.614652 0.524711 0.00103168
93 0.614652 0.525149 0.00109685
94 0.614652 0.525288 0.00118383
95 0.614652 0.523843 0.00116752
96 0.614652 0.527084 0.00134516
97 0.614652 0.529167 0.00114242
98 0.614652 0.529357 0.00117845
99 0.614652 0.535276 0.00111401
100 0.614652 0.53302 0.00113685
101 0.614652 0.533313 0.00101354
102 0.614652 0.536049 0.00110559
103 0.614652 0.533785 0.00136184
104 0.614652 0.531717 0.00127079
105 0.614652 0.532753 0.0010418
106 0.614652 0.533018 0.00121866
107 0.614652 0.532425 0.00103478
108 0.614652 0.53143 0.00106917
109 0.614652 0.531157 0.00126146
110 0.614652 0.525802 0.0010836
111 0.614652 0.529383 0.000985549
112 0.614652 0.528974 0.00117302
113 0.614652 0.530308 0.00131676
114 0.614652 0.528856 0.00106874
115 0.614652 0.528844 0.00101249
116 0.614652 0.525116 0.00110027
117 0.614652 0.526356 0.000987999
118 0.614652 0.528131 0.00103421
119 0.614652 0.525821 0.00113331
120 0.614652 0.52534 0.00121011
121 0.614652 0.528442 0.00103318
122 0.619502 0.52987 0.00111054
123 0.619502 0.534067 0.00125471
124 0.619502 0.532461 0.00107445
125 0.619502 0.531124 0.0012305
126 0.619502 0.527472 0.00105715
127 0.619502 0.527569 0.00114478
128 0.619502 0.528045 0.00126259
129 0.619502 0.529014 0.00125672
130 0.619502 0.532493 0.00136282
131 0.619502 0.531096 0.00131251
132 0.619502 0.533615 0.00114017
133 0.619502 0.524979 0.00118477
134 0.619502 0.52763 0.00124485
135 0.619502 0.531226 0.00102505
136 0.619502 0.526353 0.00118572
137 0.619502 0.535619 0.00126848
138 0.619502 0.538012 0.00113531
139 0.619502 0.537427 0.000966771
140 0.619502 0.533955 0.0011465
141 0.619502 0.532524 0.00117703
142 0.619502 0.538418 0.00110162
143 0.619502 0.534344 0.00115321
144 0.619502 0.534126 0.00110086
145 0.619502 0.534678 0.00111067
146 0.619502 0.534343 0.00118277
147 0.619502 0.532872 0.00107063
148 0.619502 0.539443 0.0013606
149 0.619502 0.53766 0.000893288
150 0.619502 0.536335 0.00119214
151 0.629706 0.533638 0.00152934
152 0.629706 0.53326 0.00132563
153 0.629706 0.532107 0.00143419
154 0.629706 0.532705 0.00115178
155 0.629706 0.533561 0.00146868
156 0.630724 0.531614 0.00162386
157 0.630724 0.533349 0.00148274
158 0.630724 0.533039 0.00140869
159 0.630724 0.533445 0.0012381
160 0.630724 0.534872 0.0012945
161 0.630724 0.528822 0.00136014
162 0.630724 0.53429 0.00109543
163 0.630724 0.527802 0.00148129
164 0.630724 0.532962 0.00139388
165 0.630724 0.531469 0.00130278
166 0.630724 0.530826 0.00131461
167 0.630724 0.528843 0.00120257
168 0.630724 0.531014 0.00126573
169 0.630724 0.52871 0.0012734
170 0.630724 0.527192 0.00122499
171 0.630724 0.528793 0.00143113
172 0.630724 0.533037 0.00139285
173 0.630724 0.528794 0.00128042
174 0.630724 0.533565 0.0013325
175 0.630724 0.532937 0.00138109
176 0.630724 0.53619 0.00135913
177 0.630724 0.533459 0.00126038
178 0.630724 0.536701 0.00137632
179 0.630724 0.533945 0.0014098
180 0.630724 0.534337 0.00132164
181 0.630724 0.529694 0.00131035
182 0.630724 0.530827 0.00119468
183 0.630724 0.524726 0.00115507
184 0.630724 0.528539 0.00120057
185 0.630724 0.527413 0.00121007
186 0.630724 0.52625 0.00119489
187 0.630724 0.523686 0.00119881
188 0.630724 0.524013 0.0011346
189 0.630724 0.528503 0.00121813
190 0.630724 0.530052 0.00131475
191 0.630724 0.528303 0.0013135
192 0.630724 0.52721 0.00148668
193 0.630724 0.528655 0.00137564
194 0.630724 0.524704 0.00125086
195 0.630724 0.525458 0.00139275
196 0.630724 0.529256 0.00135323
197 0.630724 0.525095 0.00116465
198 0.630724 0.524254 0.00118221
199 0.630724 0.52341 0.00126591
200 0.630724 0.526877 0.00127818
201 0.630724 0.526099 0.00131807
202 0.630724 0.526435 0.00119478
203 0.630724 0.528723 0.00141207
204 0.630724 0.532363 0.00127418
205 0.630724 0.523859 0.00140611
206 0.630724 0.524203 0.00138261
207 0.630724 0.526636 0.00141852
208 0.630724 0.525448 0.00138168
209 0.630724 0.524522 0.00117486
210 0.630724 0.53058 0.00131016
211 0.630724 0.525144 0.00118686
212 0.630724 0.524286 0.00121832
213 0.630724 0.527343 0.00131542
214 0.630724 0.527368 0.00129408
215 0.630724 0.527317 0.00122478
216 0.630724 0.527002 0.00134647
217 0.630724 0.5279 0.00133391
218 0.630724 0.52932 0.00129116
219 0.630724 0.533339 0.00137149
220 0.630724 0.534815 0.00130955
221 0.630724 0.531004 0.00151323
222 0.630724 0.532104 0.00143151
223 0.630724 0.529626 0.00150917
224 0.630724 0.537767 0.00129067
225 0.630724 0.531618 0.00122304
226 0.630724 0.532343 0.00146432
227 0.630724 0.52849 0.00149619
228 0.630724 0.526498 0.00161036
229 0.630724 0.528977 0.00153531
230 0.630724 0.529428 0.00151405
231 0.630724 0.529904 0.00139509
232 0.630724 0.530671 0.00153397
233 0.630724 0.534364 0.00135425
234 0.630724 0.531804 0.00141756
235 0.630724 0.529685 0.00150538
236 0.630724 0.532413 0.00155076
237 0.630724 0.53416 0.00161964
238 0.630724 0.532992 0.0016079
239 0.630724 0.533496 0.00137131
240 0.630724 0.527634 0.0014951
241 0.630724 0.51962 0.00144442
242 0.630724 0.526037 0.00150554
243 0.630724 0.523289 0.00141946
244 0.630724 0.531602 0.00144831
245 0.630724 0.535455 0.00135094
246 0.630724 0.531851 0.00127853
247 0.630724 0.53078 0.00125791
248 0.630724 0.533764 0.00153613
249 0.630724 0.529757 0.00147493
250 0.630724 0.52847 0.00164026
251 0.630724 0.528071 0.00132336
252 0.630724 0.530136 0.00156607
253 0.630724 0.528256 0.00156521
254 0.630724 0.530972 0.00150984
255 0.630724 0.52781 0.00154616
256 0.630724 0.522877 0.00138467
257 0.630724 0.529701 0.00141211
258 0.630724 0.528149 0.00158323
259 0.630724 0.531275 0.00144653
260 0.630724 0.532745 0.00150644
261 0.630724 0.530928 0.00138321
262 0.630724 0.53109 0.00143625
263 0.630724 0.528428 0.00124742
264 0.630724 0.530302 0.00116844
265 0.630724 0.528554 0.00121751
266 0.630724 0.530151 0.00113064
267 0.630724 0.532826 0.00127543
268 0.630724 0.529568 0.0013055
269 0.630724 0.534383 0.00139527
270 0.630724 0.531081 0.00132304
271 0.630724 0.533138 0.00132969
272 0.630724 0.532708 0.00125498
273 0.630724 0.532613 0.0012232
274 0.630724 0.532735 0.0016067
275 0.630724 0.534481 0.00129612
276 0.630724 0.52863 0.00130996
277 0.645129 0.527498 0.0013757
278 0.645129 0.534688 0.0014621
279 0.645129 0.535326 0.00129725
280 0.645129 0.533695 0.00145527
281 0.645129 0.53131 0.00141888
282 0.645129 0.532973 0.00157335
283 0.645129 0.537369 0.00155689
284 0.645129 0.532217 0.0014001
285 0.645129 0.530572 0.00152111
286 0.645129 0.534511 0.0015571
287 0.645129 0.528414 0.00164544
288 0.645129 0.533499 0.00152882
289 0.645129 0.532302 0.00131246
290 0.645129 0.534752 0.00128974
291 0.645129 0.533171 0.00139654
292 0.645129 0.524425 0.00137434
293 0.645129 0.531106 0.00143052
294 0.645129 0.527776 0.00143273
295 0.645129 0.532183 0.00139345
296 0.645129 0.532277 0.00152665
297 0.645129 0.526197 0.00163813
298 0.645129 0.526757 0.0015148
299 0.645129 0.526307 0.00142404
300 0.645129 0.526001 0.00157015
301 0.645129 0.524426 0.00163083
302 0.645129 0.524766 0.00146727
303 0.645129 0.524203 0.00141304
304 0.645129 0.522762 0.00147216
305 0.645129 0.525716 0.00150751
306 0.645129 0.521128 0.00126635
307 0.645129 0.519037 0.00138419
308 0.645129 0.525708 0.00143003
309 0.645129 0.527307 0.0014868
310 0.645129 0.528638 0.0014732
311 0.645129 0.528486 0.00153697
312 0.645129 0.527237 0.00121019
313 0.645129 0.531187 0.00141423
314 0.645129 0.530985 0.00137187
315 0.645129 0.531803 0.00128415
316 0.645129 0.53066 0.00137243
317 0.645129 0.53018 0.0013855
318 0.645129 0.526636 0.00141497
319 0.645129 0.523337 0.00128974
320 0.645129 0.527113 0.0014325
321 0.645129 0.530007 0.00134631
322 0.645129 0.531715 0.00145552
323 0.645129 0.52714 0.0015082
324 0.645129 0.527413 0.00134066
325 0.645129 0.525974 0.00128532
326 0.645129 0.532704 0.00155707
327 0.645129 0.526206 0.00145245
328 0.645129 0.528472 0.00142074
329 0.645129 0.527282 0.00135511
330 0.645129 0.52601 0.00137748
331 0.645129 0.52877 0.00149961
332 0.645129 0.526756 0.00158387
333 0.645129 0.527763 0.001358
334 0.645129 0.523739 0.0013079
335 0.645129 0.523639 0.00144128
336 0.645129 0.5262 0.0015339
337 0.645129 0.522739 0.00132709
338 0.645129 0.526634 0.00162606
339 0.645129 0.527185 0.00151265
340 0.645129 0.527746 0.00156373
341 0.645129 0.530952 0.00162252
342 0.645129 0.529152 0.00154454
343 0.645129 0.530067 0.0014708
344 0.645129 0.525929 0.00145622
345 0.645129 0.52754 0.00146709
346 0.645129 0.527886 0.00140709
347 0.645129 0.532455 0.00144738
348 0.645129 0.529516 0.00135139
349 0.645129 0.523835 0.00132226
350 0.645129 0.525467 0.00161522
351 0.645129 0.528248 0.00148555
352 0.645129 0.527314 0.00139452
353 0.645129 0.526085 0.00168396
354 0.645129 0.52243 0.00143554
355 0.645129 0.521809 0.0016506
356 0.645129 0.526957 0.00137663
357 0.645129 0.523845 0.00149573
358 0.645129 0.528383 0.00132383
359 0.645129 0.525732 0.00160567
360 0.645129 0.530302 0.00149276
361 0.645129 0.528767 0.00145488
362 0.645129 0.527599 0.00148667
363 0.645129 0.527312 0.00141637
364 0.645129 0.527593 0.00127638
365 0.645129 0.525262 0.00142266
366 0.645129 0.522047 0.00133694
367 0.645129 0.524052 0.0014115
368 0.645129 0.522336 0.00149791
369 0.645129 0.52424 0.00143975
370 0.645129 0.524005 0.0013094
371 0.645129 0.525948 0.00154603
372 0.645129 0.523518 0.00128366
373 0.645129 0.520261 0.00150429
374 0.645129 0.517763 0.00145698
375 0.645129 0.51748 0.00146172
376 0.645129 0.523399 0.00128736
377 0.645129 0.522748 0.00137273
378 0.645129 0.526288 0.00139978
379 0.645129 0.529207 0.00169217
380 0.645129 0.529235 0.0014105
381 0.645129 0.52351 0.00133101
382 0.645129 0.525345 0.00172395
383 0.645129 0.526729 0.00142201
384 0.645129 0.52746 0.00153171
385 0.645129 0.529881 0.00142577
386 0.645129 0.531313 0.00137307
387 0.645129 0.52982 0.00149318
388 0.645129 0.528986 0.00148019
389 0.645129 0.530099 0.00140149
390 0.645129 0.527576 0.00139291
391 0.645129 0.527778 0.00177347
392 0.645129 0.5304 0.00140583
393 0.645129 0.531529 0.00164759
394 0.645129 0.530728 0.00174836
395 0.645129 0.530244 0.00135852
396 0.645129 0.52925 0.00149824
397 0.645129 0.525256 0.00163298
398 0.645129 0.525712 0.00160964
399 0.645129 0.529014 0.00181555
400 0.645129 0.523433 0.00149123
401 0.645129 0.52609 0.00138888
402 0.645129 0.521615 0.00150414
403 0.645129 0.526876 0.00128154
404 0.645129 0.527185 0.00144692
405 0.645129 0.530006 0.00142623
406 0.645129 0.528896 0.00151918
407 0.645129 0.526733 0.00163034
408 0.645129 0.523191 0.00142872
409 0.645129 0.521271 0.00122077
410 0.645129 0.520398 0.00165244
411 0.645129 0.521382 0.00128362
412 0.645129 0.517787 0.00147657
413 0.645129 0.523492 0.00142028
414 0.645129 0.52479 0.00155541
415 0.645129 0.525882 0.00151069
416 0.645129 0.528766 0.00149285
417 0.645129 0.528902 0.00145276
418 0.645129 0.529885 0.00147864
419 0.645129 0.527488 0.00153603
420 0.645129 0.52609 0.0014335
421 0.645129 0.526918 0.00154146
422 0.645129 0.526081 0.00145749
423 0.645129 0.529388 0.0017005
424 0.645129 0.524169 0.00134931
425 0.645129 0.528551 0.0014551
426 0.645129 0.523885 0.00133677
427 0.645129 0.530123 0.00147411
428 0.645129 0.527476 0.0017932
429 0.645129 0.52639 0.00132879
430 0.645129 0.525451 0.00173823
431 0.645129 0.523363 0.00138884
432 0.645129 0.524766 0.00149616
433 0.645129 0.521218 0.00159216
434 0.645129 0.525652 0.00126234
435 0.645129 0.522441 0.00148378
436 0.645129 0.518959 0.00136177
437 0.645129 0.518074 0.0015463
438 0.645129 0.519051 0.00145068
439 0.645129 0.522541 0.00142166
440 0.645129 0.522364 0.00159588
441 0.645129 0.524773 0.00138317
442 0.645129 0.528826 0.00147177
443 0.645129 0.529761 0.00158368
444 0.645129 0.526057 0.00169236
445 0.645129 0.528952 0.00169202
446 0.645129 0.532219 0.00164138
447 0.645129 0.528427 0.00131541
448 0.648386 0.531435 0.00152589
449 0.648386 0.526905 0.00139888
450 0.648386 0.530533 0.00148174
451 0.648386 0.527481 0.00149914
452 0.648386 0.528925 0.00139095
453 0.648386 0.530047 0.00155384
454 0.648386 0.5276 0.00157982
455 0.648386 0.525294 0.0013688
456 0.648386 0.525273 0.00128463
457 0.648386 0.526699 0.00132991
458 0.648386 0.525114 0.00138544
459 0.648386 0.528942 0.00138684
460 0.648386 0.521246 0.00123089
461 0.648386 0.524688 0.00166561
462 0.648386 0.525631 0.00157489
463 0.648386 0.527113 0.00179908
464 0.648386 0.531221 0.00164857
465 0.648386 0.528151 0.00165659
466 0.648386 0.529105 0.00137527
467 0.648386 0.522639 0.00141289
468 0.648386 0.525051 0.00179163
469 0.648386 0.523297 0.00140295
470 0.648386 0.524399 0.00158494
471 0.648386 0.516588 0.00159201
472 0.648386 0.519173 0.00140669
473 0.648386 0.522587 0.00175122
474 0.648386 0.524882 0.00159006
475 0.648386 0.52721 0.00166101
476 0.648386 0.523821 0.00152324
477 0.648386 0.525675 0.00182158
478 0.648386 0.519575 0.00133203
479 0.648386 0.519526 0.00141714
480 0.648386 0.521792 0.00159252
481 0.648386 0.524828 0.00142242
482 0.648386 0.522522 0.00137407
483 0.648386 0.524455 0.00171102
484 0.648386 0.529563 0.00135575
485 0.648386 0.524583 0.00128693
486 0.648386 0.528779 0.00162315
487 0.648386 0.5284 0.00144196
488 0.648386 0.530973 0.00150028
489 0.648386 0.526365 0.00155691
490 0.648386 0.525202 0.00153708
491 0.648386 0.52143 0.00158923
492 0.648386 0.523627 0.00149367
493 0.648386 0.521699 0.00159433
494 0.648386 0.522557 0.00147537
495 0.648386 0.524161 0.0016977
496 0.648386 0.529674 0.0016667
497 0.648386 0.526331 0.00139916
498 0.648386 0.529126 0.00159142
499 0.648386 0.530564 0.00165304
500 0.648386 0.527806 0.001565
501 0.648386 0.529057 0.00152635
502 0.648386 0.526079 0.00160308
503 0.648386 0.530441 0.00156964
504 0.648386 0.526777 0.00146931
505 0.648386 0.529481 0.00155047
506 0.648386 0.523594 0.00166067
507 0.648386 0.524612 0.00167035
508 0.648386 0.520848 0.00136576
509 0.648386 0.526545 0.0015446
510 0.648386 0.526315 0.00163472
511 0.648386 0.523567 0.00143138
512 0.648386 0.521606 0.00155702
513 0.648386 0.519716 0.00163113
514 0.648386 0.519416 0.0013531
515 0.648386 0.522309 0.00139557
516 0.648386 0.522613 0.00148172
517 0.648386 0.523487 0.00151139
518 0.648386 0.525978 0.00142094
519 0.648386 0.524877 0.00166806
520 0.648386 0.527549 0.00177091
521 0.648386 0.524415 0.0015473
522 0.648386 0.525294 0.00146699
523 0.648386 0.518743 0.00146532
524 0.648386 0.521031 0.00141056
525 0.648386 0.523032 0.00141333
526 0.648386 0.528175 0.00173176
527 0.648386 0.530062 0.00152934
528 0.648386 0.528576 0.00174627
529 0.648386 0.525456 0.00159864
530 0.648386 0.530721 0.00131964
531 0.648386 0.521397 0.00159243
532 0.648386 0.524493 0.00163391
533 0.648386 0.524114 0.00164399
534 0.648386 0.527213 0.00161277
535 0.648386 0.523267 0.00134558
536 0.648386 0.522977 0.00149979
537 0.648386 0.526839 0.00162808
538 0.648386 0.528307 0.0016635
539 0.648386 0.528501 0.00165308
540 0.648386 0.536312 0.00149529
541 0.648386 0.532327 0.00146556
542 0.648386 0.527697 0.00141802
543 0.648386 0.530696 0.00139688
544 0.648386 0.52401 0.00143329
545 0.648386 0.52451 0.001514
546 0.648386 0.523441 0.00134014
547 0.648386 0.522311 0.00140692
548 0.648386 0.52582 0.00142844
549 0.648386 0.529877 0.00136007
550 0.648386 0.526156 0.00158682
551 0.648386 0.523797 0.00154304
552 0.648386 0.521849 0.00133025
553 0.648386 0.525622 0.00131424
554 0.648386 0.526737 0.00146893
555 0.648386 0.52961 0.00139663
556 0.648386 0.5309 0.00134086
557 0.648386 0.527766 0.00163393
558 0.648386 0.53084 0.00146119
559 0.648386 0.529126 0.0015184
560 0.648386 0.529218 0.00143409
561 0.648386 0.528137 0.00160907
562 0.648386 0.528812 0.00171667
563 0.648386 0.525442 0.00186369
564 0.648386 0.52674 0.00146372
565 0.648386 0.525401 0.00134345
566 0.648386 0.528575 0.00144539
567 0.648386 0.528243 0.00158075
568 0.648386 0.525331 0.00157472
569 0.648386 0.527491 0.00168944
570 0.648386 0.523141 0.00136007
571 0.648386 0.527492 0.00132275
572 0.648386 0.524269 0.00141999
573 0.648386 0.529177 0.00157789
574 0.648386 0.531293 0.00178788
575 0.648386 0.528076 0.00160632
576 0.648386 0.523635 0.00148422
577 0.648386 0.521785 0.0014303
578 0.648386 0.520044 0.00137867
579 0.648386 0.524807 0.00144631
580 0.648386 0.527827 0.00169996
581 0.648386 0.530022 0.0015785
582 0.648386 0.528627 0.00151298
583 0.648386 0.530979 0.00155575
584 0.648386 0.530055 0.00151523
585 0.648386 0.533954 0.00163621
586 0.648386 0.529023 0.00158467
587 0.648386 0.532786 0.00139902
588 0.648386 0.527344 0.00154823
589 0.648386 0.530815 0.00170079
590 0.648386 0.525392 0.00171132
591 0.648386 0.529589 0.00153972
592 0.648386 0.526652 0.00140777
593 0.648386 0.532886 0.00158597
594 0.648386 0.527281 0.00153998
595 0.648386 0.529875 0.00143541
596 0.648386 0.524688 0.00167602
597 0.648386 0.528251 0.00140649
598 0.648386 0.52498 0.00129861
599 0.648386 0.525485 0.00148653
600 0.648386 0.527383 0.00147587
601 0.648386 0.521933 0.00117598
602 0.648386 0.525635 0.00139187
603 0.648386 0.52634 0.00145771
604 0.648386 0.531556 0.00160644
605 0.648386 0.525895 0.00130046
606 0.648386 0.528059 0.00170276
607 0.648386 0.528614 0.00136666
608 0.648386 0.531052 0.00151726
609 0.648386 0.530771 0.00156964
610 0.648386 0.527358 0.00149594
611 0.648386 0.526435 0.00144601
612 0.648386 0.529421 0.00153134
613 0.648386 0.529275 0.00141784
614 0.648386 0.522396 0.00143615
615 0.648386 0.524997 0.00140578
616 0.648386 0.528729 0.00171481
617 0.648386 0.52312 0.00166894
618 0.648386 0.525287 0.00141757
619 0.648386 0.526612 0.00155621
620 0.648386 0.521854 0.00157678
621 0.648386 0.52907 0.00155815
622 0.648386 0.527596 0.0013723
623 0.648386 0.526734 0.00154956
624 0.648386 0.531642 0.00132325
625 0.648386 0.52505 0.00139859
626 0.648386 0.529018 0.00157059
627 0.648386 0.529928 0.00166858
628 0.648386 0.532761 0.00172538
629 0.648386 0.533417 0.00162302
630 0.648386 0.525216 0.00154714
631 0.648386 0.526186 0.00138442
632 0.648386 0.530744 0.0015699
633 0.648386 0.528414 0.00174942
634 0.648386 0.530791 0.00153551
635 0.648386 0.526844 0.00144338
636 0.648386 0.525329 0.00156846
637 0.648386 0.526135 0.00149583
638 0.648386 0.524292 0.00163668
639 0.648386 0.525884 0.00152505
640 0.648386 0.525709 0.00147127
641 0.648386 0.518929 0.00146111
642 0.648386 0.524519 0.00136806
643 0.648386 0.525249 0.00158013
644 0.648386 0.529025 0.00156016
645 0.648386 0.527262 0.0015355
646 0.648386 0.522413 0.00148702
647 0.648386 0.526351 0.00150626
648 0.648386 0.530426 0.00157845
649 0.648386 0.529958 0.00153306
650 0.648386 0.528623 0.0013814
651 0.648386 0.529729 0.00143873
652 0.648386 0.532196 0.00157641
653 0.648386 0.528362 0.00147744
654 0.648386 0.528727 0.00153788
655 0.648386 0.528422 0.00173588
656 0.648386 0.525144 0.00154095
657 0.648386 0.528119 0.00157337
658 0.648386 0.52566 0.00146195
659 0.648386 0.524177 0.00162225
660 0.648386 0.526179 0.00154423
661 0.648386 0.525909 0.00133223
662 0.648386 0.523995 0.00165667
663 0.648386 0.52497 0.00177169
664 0.648386 0.524406 0.00139394
665 0.648386 0.519656 0.00143896
666 0.648386 0.533241 0.00164524
667 0.648386 0.531793 0.00177157
668 0.648386 0.525398 0.00160174
669 0.648386 0.527759 0.0017667
670 0.648386 0.532328 0.00168788
671 0.648386 0.528872 0.00148636
672 0.648386 0.522505 0.00158377
673 0.648386 0.532293 0.00167793
674 0.648386 0.523715 0.00161072
675 0.648386 0.524845 0.00128163
676 0.648386 0.524798 0.00149405
677 0.648386 0.524387 0.00159122
678 0.648386 0.526014 0.00151031
679 0.648386 0.527441 0.00136836
680 0.648386 0.522742 0.00143314
681 0.648386 0.521158 0.00138798
682 0.648386 0.524829 0.00140923
683 0.648386 0.528959 0.0015397
684 0.648386 0.520387 0.00155843
685 0.668542 0.526719 0.00170121
686 0.668542 0.522264 0.00163929
687 0.668542 0.528221 0.00171946
688 0.668542 0.527423 0.0015042
689 0.668542 0.525921 0.00166511
690 0.668542 0.529608 0.00190396
691 0.668542 0.521506 0.00147252
692 0.668542 0.524219 0.00146522
693 0.668542 0.525112 0.00168002
694 0.668542 0.530254 0.00157816
695 0.668542 0.529889 0.00156116
696 0.668542 0.525555 0.00145873
697 0.668542 0.530658 0.00163067
698 0.668542 0.532992 0.00158581
699 0.668542 0.525174 0.00156908
700 0.668542 0.521988 0.00172169
701 0.668542 0.525452 0.00152996
702 0.668542 0.525386 0.00161545
703 0.668542 0.522595 0.00176283
704 0.668542 0.530442 0.0016376
705 0.668542 0.52986 0.00169351
706 0.668542 0.531367 0.00171459
707 0.668542 0.529765 0.00171406
708 0.668542 0.524431 0.00165532
709 0.668542 0.531674 0.00155454
710 0.668542 0.528916 0.00182241
711 0.668542 0.532139 0.00161192
712 0.668542 0.532574 0.00172409
713 0.668542 0.534078 0.00155299
714 0.668542 0.533936 0.0016694
715 0.668542 0.531898 0.00182651
716 0.668542 0.526976 0.00173915
717 0.668542 0.533285 0.00184305
718 0.668542 0.531 0.00185742
719 0.668542 0.52724 0.00161521
720 0.668542 0.526674 0.00195405
721 0.668542 0.527239 0.00157301
722 0.668542 0.524873 0.00204801
723 0.668542 0.524364 0.00145526
724 0.668542 0.531598 0.00143679
725 0.668542 0.53072 0.00154554
726 0.668542 0.526618 0.00177473
727 0.668542 0.526699 0.00164022
728 0.668542 0.532527 0.00178751
729 0.668542 0.530643 0.00160876
730 0.668542 0.526597 0.00167692
731 0.668542 0.528284 0.0017996
732 0.668542 0.524444 0.0018239
733 0.668542 0.53091 0.00177136
734 0.668542 0.52552 0.00166958
735 0.668542 0.524675 0.00159448
736 0.668542 0.52909 0.00169376
737 0.668542 0.526868 0.00150388
738 0.668542 0.528697 0.00177583
739 0.668542 0.528122 0.0019443
740 0.668542 0.530841 0.00151414
741 0.668542 0.525571 0.0015318
742 0.668542 0.528708 0.00177671
743 0.668542 0.529929 0.00177505
744 0.668542 0.527264 0.00176829
745 0.668542 0.527367 0.00172822
746 0.668542 0.528267 0.00186588
747 0.668542 0.522377 0.00146287
748 0.668542 0.521973 0.00178957
749 0.668542 0.529629 0.00157095
750 0.668542 0.525345 0.00161615
751 0.668542 0.52996 0.00156348
752 0.668542 0.524333 0.00160166
753 0.668542 0.523276 0.00153124
754 0.668542 0.528962 0.00190173
755 0.668542 0.528994 0.00178032
756 0.668542 0.531323 0.00176619
757 0.668542 0.526664 0.00174206
758 0.668542 0.529481 0.00195117
759 0.668542 0.529628 0.00178698
760 0.668542 0.532622 0.00175239
761 0.668542 0.533167 0.00149285
762 0.668542 0.526567 0.00165349
763 0.668542 0.531475 0.00168097
764 0.668542 0.52999 0.00169501
765 0.668542 0.529035 0.00176307
766 0.668542 0.531172 0.0016382
767 0.668542 0.527644 0.00168984
768 0.668542 0.526107 0.00176439
769 0.668542 0.529058 0.0018254
770 0.668542 0.523467 0.00186828
771 0.668542 0.525137 0.00156952
772 0.668542 0.529772 0.00172878
773 0.668542 0.529917 0.00156855
774 0.668542 0.52821 0.00167239
775 0.668542 0.53091 0.00196515
776 0.668542 0.535002 0.00199568
777 0.668542 0.532102 0.00177321
778 0.668542 0.529615 0.00151423
779 0.668542 0.53 0.00183371
780 0.668542 0.530379 0.00209223
781 0.668542 0.524582 0.00175763
782 0.668542 0.526287 0.00177906
783 0.668542 0.527439 0.00197967
784 0.668542 0.526119 0.00199299
785 0.668542 0.527658 0.00182379
786 0.668542 0.52339 0.00150713
787 0.668542 0.52284 0.00165363
788 0.668542 0.526358 0.00178315
789 0.668542 0.527186 0.00171814
790 0.668542 0.531436 0.00170401
791 0.668542 0.525883 0.00163919
792 0.668542 0.529581 0.00157038
793 0.668542 0.532118 0.00172169
794 0.668542 0.527506 0.00178009
795 0.668542 0.520064 0.00189892
796 0.668542 0.522957 0.00180583
797 0.668542 0.523483 0.00160267
798 0.668542 0.530072 0.00156232
799 0.668542 0.520885 0.00164313
800 0.668542 0.521787 0.00157508
801 0.668542 0.530299 0.00196434
802 0.668542 0.528856 0.00186723
803 0.668542 0.522313 0.00141686
804 0.668542 0.527546 0.00169796
805 0.668542 0.522528 0.00168104
806 0.668542 0.523314 0.00181821
807 0.668542 0.527511 0.00171161
808 0.668542 0.523025 0.00160139
809 0.668542 0.522406 0.00175505
810 0.668542 0.52978 0.00160809
811 0.668542 0.525649 0.00154619
812 0.668542 0.526009 0.00170984
813 0.668542 0.530942 0.00178152
814 0.668542 0.523156 0.00152307
815 0.668542 0.524604 0.00161606
816 0.668542 0.526264 0.00175744
817 0.668542 0.525925 0.00156134
818 0.668542 0.529613 0.00194777
819 0.668542 0.529527 0.00171385
820 0.668542 0.524412 0.00158668
821 0.668542 0.525406 0.00162866
822 0.668542 0.524249 0.00155271
823 0.668542 0.532262 0.00186181
824 0.668542 0.524199 0.00169842
825 0.668542 0.524166 0.00176316
826 0.668542 0.527583 0.00165631
827 0.668542 0.526274 0.00162764
828 0.668542 0.528106 0.00176221
829 0.668542 0.524631 0.00167367
830 0.668542 0.52256 0.00164161
831 0.668542 0.52869 0.0017116
832 0.668542 0.527906 0.0015722
833 0.668542 0.522677 0.00158211
834 0.668542 0.527049 0.00169459
835 0.668542 0.532614 0.00182568
836 0.668542 0.531354 0.00166271
837 0.668542 0.524462 0.00163515
838 0.668542 0.527095 0.00172446
839 0.668542 0.531476 0.00184616
840 0.668542 0.526584 0.00158564
841 0.668542 0.532022 0.00175162
842 0.668542 0.534493 0.00172642
843 0.668542 0.523835 0.00153588
844 0.668542 0.524826 0.00193595
845 0.668542 0.526184 0.00173586
846 0.668542 0.530719 0.00183561
847 0.668542 0.526969 0.00178758
848 0.668542 0.525839 0.00178351
849 0.668542 0.528822 0.00177546
850 0.668542 0.523139 0.00159697
851 0.668542 0.52447 0.00151031
852 0.668542 0.530587 0.00155256
853 0.668542 0.520146 0.0015024
854 0.668542 0.529292 0.00177282
855 0.668542 0.526476 0.00165257
856 0.668542 0.525799 0.00156605
857 0.668542 0.527321 0.00172334
858 0.668542 0.524537 0.0016484
859 0.668542 0.525364 0.00179246
860 0.668542 0.523601 0.00160164
861 0.668542 0.529797 0.00183058
862 0.668542 0.528715 0.00175128
863 0.668542 0.525051 0.00214093
864 0.668542 0.518327 0.00167315
865 0.668542 0.52566 0.0017573
866 0.668542 0.525933 0.00161309
867 0.668542 0.526052 0.00189564
868 0.668542 0.532877 0.00179458
869 0.668542 0.526638 0.00151336
870 0.668542 0.528424 0.00157487
871 0.668542 0.532828 0.00183423
872 0.668542 0.525503 0.0015925
873 0.668542 0.523145 0.00164459
874 0.668542 0.524386 0.00160074
875 0.668542 0.524478 0.00167962
876 0.668542 0.518392 0.00152835
877 0.668542 0.523027 0.00141172
878 0.668542 0.525128 0.00157401
879 0.668542 0.528296 0.00174586
880 0.668542 0.529335 0.0017131
881 0.668542 0.526488 0.00158229
882 0.668542 0.524227 0.00193755
883 0.668542 0.528154 0.00171453
884 0.668542 0.531929 0.00175161
885 0.668542 0.524297 0.00169127
886 0.668542 0.522668 0.00173881
887 0.668542 0.525945 0.00180081
888 0.668542 0.522516 0.00172253
889 0.668542 0.527384 0.00181691
890 0.668542 0.525981 0.00172905
891 0.668542 0.529444 0.00179817
892 0.668542 0.528976 0.00168755
893 0.668542 0.526666 0.00158918
894 0.668542 0.525084 0.00176378
895 0.668542 0.525952 0.00160528
896 0.668542 0.52742 0.00178491
897 0.668542 0.52609 0.00182189
898 0.668542 0.532471 0.00160844
899 0.668542 0.534753 0.00170615
900 0.668542 0.531091 0.00157792
901 0.668542 0.534533 0.00149286
902 0.668542 0.529647 0.00194991
903 0.668542 0.53405 0.00163858
904 0.668542 0.52697 0.00186751
905 0.668542 0.530195 0.00164298
906 0.668542 0.528765 0.00157414
907 0.668542 0.527671 0.00172327
908 0.668542 0.525155 0.00179501
909 0.668542 0.52347 0.00177251
910 0.668542 0.520404 0.00163281
911 0.668542 0.52032 0.00136573
912 0.668542 0.52594 0.00172785
913 0.668542 0.525683 0.00190128
914 0.668542 0.528292 0.0020963
915 0.668542 0.522014 0.00171029
916 0.668542 0.526996 0.0019
917 0.668542 0.523769 0.00191587
918 0.668542 0.524683 0.00205275
919 0.668542 0.525175 0.00182095
920 0.668542 0.524199 0.00174173
921 0.668542 0.529799 0.00180785
922 0.668542 0.531534 0.00152169
923 0.668542 0.534144 0.00153479
924 0.668542 0.535953 0.00180092
925 0.668542 0.52906 0.00196732
926 0.668542 0.531162 0.00189238
927 0.668542 0.536255 0.00173394
928 0.668542 0.533256 0.00156242
929 0.668542 0.536181 0.00182816
930 0.668542 0.529236 0.00170079
931 0.668542 0.53256 0.00173614
932 0.668542 0.534107 0.00178892
933 0.668542 0.532992 0.00162204
934 0.668542 0.52548 0.00194116
935 0.668542 0.525091 0.00158885
936 0.668542 0.529658 0.00170663
937 0.668542 0.530329 0.0017316
938 0.668542 0.53408 0.00175561
939 0.668542 0.532435 0.00180552
940 0.668542 0.530077 0.00185822
941 0.668542 0.526623 0.00163858
942 0.668542 0.527417 0.00173392
943 0.668542 0.526502 0.00180231
944 0.668542 0.53401 0.00174284
945 0.668542 0.527122 0.00190106
946 0.668542 0.522856 0.00177416
947 0.668542 0.525621 0.00173264
948 0.668542 0.5247 0.00170985
949 0.668542 0.524682 0.00173482
950 0.668542 0.523688 0.00154501
951 0.668542 0.530226 0.00192544
952 0.668542 0.530077 0.00165104
953 0.668542 0.52975 0.00173279
954 0.668542 0.525036 0.0016599
955 0.668542 0.526453 0.00157624
956 0.668542 0.52918 0.00180281
957 0.668542 0.526583 0.00167368
958 0.668542 0.52719 0.00165464
959 0.668542 0.529206 0.00173895
960 0.668542 0.533235 0.00169335
961 0.668542 0.52944 0.00145027
962 0.668542 0.530256 0.00202927
963 0.668542 0.52646 0.00194171
964 0.668542 0.519914 0.00162558
965 0.668542 0.522256 0.00165807
966 0.668542 0.527716 0.00183949
967 0.668542 0.523971 0.00159005
968 0.668542 0.528045 0.00186165
969 0.668542 0.522266 0.00190404
970 0.668542 0.526403 0.00173066
971 0.668542 0.527447 0.00153105
972 0.668542 0.534755 0.00152136
973 0.668542 0.53157 0.00163794
974 0.668542 0.531051 0.00193284
975 0.668542 0.525768 0.00162206
976 0.668542 0.521654 0.00184711
977 0.668542 0.523851 0.00177481
978 0.668542 0.521212 0.0016034
979 0.668542 0.52619 0.00170932
980 0.668542 0.524233 0.00195926
981 0.668542 0.527093 0.00205762
982 0.668542 0.523336 0.00174185
983 0.668542 0.52534 0.00190318
984 0.668542 0.530459 0.00190581
985 0.668542 0.525615 0.00177067
986 0.668542 0.526375 0.00195968
987 0.668542 0.528275 0.00174973
988 0.668542 0.528582 0.00219418
989 0.668542 0.521295 0.00184728
990 0.668542 0.5284 0.00187095
991 0.668542 0.523108 0.00168669
992 0.668542 0.524427 0.00186761
993 0.668542 0.527181 0.00193664
994 0.668542 0.525171 0.00176526
995 0.668542 0.529406 0.0016712
996 0.668542 0.529122 0.00190665
997 0.668542 0.526008 0.00163814
998 0.668542 0.524283 0.00173184
999 0.668542 0.527999 0.00161347
1000 0.668542 0.526499 0.00189939
1001 0.668542 0.525607 0.00179308
1002 0.668542 0.527233 0.0016353
1003 0.668542 0.526417 0.00169267
1004 0.668542 0.524287 0.00150695
1005 0.668542 0.52929 0.00149755
1006 0.668542 0.529657 0.00144745
1007 0.668542 0.520176 0.00127529
1008 0.668542 0.528623 0.00174169
1009 0.668542 0.526994 0.00169056
1010 0.668542 0.522915 0.0016113
1011 0.668542 0.525477 0.00153184
1012 0.668542 0.525446 0.00178254
1013 0.668542 0.526237 0.00160343
1014 0.668542 0.526904 0.00166879
1015 0.668542 0.525222 0.00149205
1016 0.668542 0.527442 0.00156963
1017 0.668542 0.52608 0.00161281
1018 0.668542 0.526607 0.00143972
1019 0.668542 0.530303 0.00152278
1020 0.668542 0.531264 0.00138153
1021 0.668542 0.528136 0.00191865
1022 0.668542 0.527187 0.00162071
1023 0.668542 0.530486 0.00170604
1024 0.668542 0.527561 0.00143017
1025 0.668542 0.529558 0.00189851
1026 0.668542 0.529653 0.00172798
1027 0.668542 0.530572 0.00180145
1028 0.668542 0.535631 0.00164754
1029 0.668542 0.531865 0.00176093
1030 0.668542 0.527083 0.00195758
1031 0.668542 0.526865 0.00163591
1032 0.668542 0.530242 0.00171597
1033 0.668542 0.526532 0.00176699
1034 0.668542 0.522981 0.00172
1035 0.668542 0.522326 0.00158218
1036 0.668542 0.525569 0.0015026
1037 0.668542 0.528027 0.00165653
1038 0.668542 0.524524 0.00178646
1039 0.668542 0.52452 0.00153719
1040 0.668542 0.526276 0.00183271
1041 0.668542 0.528152 0.00175112
1042 0.668542 0.53583 0.00167071
1043 0.668542 0.532024 0.00163363
1044 0.668542 0.524816 0.00163924
1045 0.668542 0.523163 0.00174533
1046 0.668542 0.523071 0.0020159
1047 0.668542 0.52209 0.00167588
1048 0.668542 0.526455 0.00159335
1049 0.668542 0.51944 0.00180143
1050 0.668542 0.525551 0.00163852
1051 0.668542 0.525913 0.00153647
1052 0.668542 0.529978 0.00175526
1053 0.668542 0.527877 0.00157039
1054 0.668542 0.528996 0.00134049
1055 0.668542 0.530698 0.00175337
1056 0.668542 0.527381 0.00146475
1057 0.668542 0.52867 0.00166218
1058 0.668542 0.529442 0.00164204
1059 0.668542 0.530695 0.00158227
1060 0.668542 0.536154 0.00174054
1061 0.668542 0.530763 0.00158434
1062 0.668542 0.531126 0.00188491
1063 0.668542 0.530777 0.00168949
1064 0.668542 0.525254 0.00166069
1065 0.668542 0.5291 0.00161746
1066 0.668542 0.529142 0.00151593
1067 0.668542 0.523921 0.00151984
1068 0.668542 0.523805 0.00161635
1069 0.668542 0.524913 0.00171186
1070 0.668542 0.523516 0.00176725
1071 0.668542 0.524397 0.00181825
1072 0.668542 0.518823 0.00175612
1073 0.668542 0.521247 0.00202548
1074 0.668542 0.527511 0.00158738
1075 0.668542 0.527856 0.00160304
1076 0.668542 0.532196 0.00176052
1077 0.668542 0.524477 0.00190259
1078 0.668542 0.526783 0.00162709
1079 0.668542 0.527632 0.00162259
1080 0.668542 0.523393 0.00132691
1081 0.668542 0.525127 0.00164723
1082 0.668542 0.525308 0.00159388
1083 0.668542 0.52453 0.00152979
1084 0.668542 0.526238 0.00157329
1085 0.668542 0.529684 0.00178933
1086 0.668542 0.532859 0.00164316
1087 0.668542 0.529903 0.00171395
1088 0.668542 0.529632 0.0016726
1089 0.668542 0.529129 0.00165786
1090 0.668542 0.523565 0.00160696
1091 0.668542 0.523194 0.00155161
1092 0.668542 0.526388 0.00173818
1093 0.668542 0.530143 0.00189986
1094 0.668542 0.52434 0.00175453
1095 0.668542 0.528134 0.0018867
1096 0.668542 0.52693 0.00165115
1097 0.668542 0.528938 0.00179425
1098 0.668542 0.527052 0.00174408
1099 0.668542 0.521047 0.00148086
1100 0.668542 0.522675 0.00180891
1101 0.668542 0.52554 0.00166337
1102 0.668542 0.527638 0.00155519
1103 0.668542 0.529665 0.00188535
1104 0.668542 0.524846 0.00154549
1105 0.668542 0.522378 0.00173669
1106 0.668542 0.523493 0.00165482
1107 0.668542 0.524566 0.00174468
1108 0.668542 0.526886 0.00158481
1109 0.668542 0.533134 0.00189503
1110 0.668542 0.523352 0.00200515
1111 0.668542 0.522119 0.0016903
1112 0.668542 0.526852 0.00171943
1113 0.668542 0.5192 0.00158645
1114 0.668542 0.520799 0.0017664
1115 0.668542 0.523302 0.00171718
1116 0.668542 0.526442 0.00196994
1117 0.668542 0.522082 0.00177073
1118 0.668542 0.528214 0.00178996
1119 0.668542 0.527427 0.0017713
1120 0.668542 0.526654 0.00203267
1121 0.668542 0.521232 0.00197963
1122 0.668542 0.526989 0.00172205
1123 0.668542 0.525006 0.00161623
1124 0.668542 0.52517 0.00197654
1125 0.668542 0.520658 0.00188529
1126 0.668542 0.518745 0.00155081
1127 0.668542 0.520688 0.00164587
1128 0.668542 0.520609 0.00174551
1129 0.668542 0.519776 0.00188031
1130 0.668542 0.520346 0.00164543
1131 0.668542 0.523934 0.0018614
1132 0.668542 0.524524 0.00187378
1133 0.668542 0.524554 0.0018979
1134 0.668542 0.515196 0.00167091
1135 0.668542 0.522859 0.00181339
1136 0.668542 0.524423 0.00193577
1137 0.668542 0.523316 0.00181483
1138 0.668542 0.523136 0.00186361
1139 0.668542 0.520751 0.00166151
1140 0.668542 0.521281 0.00168987
1141 0.668542 0.519729 0.00152295
1142 0.668542 0.520649 0.00179506
1143 0.668542 0.517802 0.00166238
1144 0.668542 0.521854 0.00186735
1145 0.668542 0.522493 0.00163719
1146 0.668542 0.522764 0.00166644
1147 0.668542 0.519278 0.00188311
1148 0.668542 0.518399 0.00166798
1149 0.668542 0.51885 0.00189148
1150 0.668542 0.519339 0.00186837
1151 0.668542 0.517963 0.00166122
1152 0.668542 0.522751 0.00161891
1153 0.668542 0.523518 0.00201258
1154 0.668542 0.52604 0.00183475
1155 0.668542 0.518995 0.00161209
1156 0.668542 0.523949 0.00169664
1157 0.668542 0.523438 0.00161022
1158 0.668542 0.525411 0.00172921
1159 0.668542 0.527166 0.00180236
1160 0.668542 0.523178 0.00196313
1161 0.668542 0.524764 0.00168088
1162 0.668542 0.524752 0.00155524
1163 0.668542 0.520143 0.0017423
1164 0.668542 0.517309 0.00173668
1165 0.668542 0.52495 0.00206572
1166 0.668542 0.518292 0.00188509
1167 0.668542 0.524325 0.00182411
1168 0.668542 0.529057 0.00196728
1169 0.668542 0.523844 0.00166494
1170 0.668542 0.52725 0.00198636
1171 0.668542 0.520809 0.00162249
1172 0.668542 0.523653 0.0017905
1173 0.668542 0.52663 0.00178319
1174 0.668542 0.522634 0.00190162
1175 0.668542 0.520352 0.00177596
1176 0.668542 0.517505 0.00165763
1177 0.668542 0.522524 0.00193292
1178 0.668542 0.523367 0.00197207
1179 0.668542 0.521851 0.00174258
1180 0.668542 0.516818 0.00156815
1181 0.668542 0.518831 0.00155955
1182 0.668542 0.521684 0.00167247
1183 0.668542 0.522822 0.00173578
1184 0.668542 0.521886 0.00196962
1185 0.668542 0.519949 0.00167254
1186 0.668542 0.51902 0.00198503
1187 0.668542 0.521933 0.00173792
1188 0.668542 0.52074 0.0016769
1189 0.668542 0.525094 0.00189067
1190 0.668542 0.522443 0.00210045
1191 0.668542 0.526456 0.00193217
1192 0.668542 0.523703 0.00153219
1193 0.668542 0.524451 0.00164369
1194 0.668542 0.524023 0.00173125
1195 0.668542 0.518492 0.00138277
1196 0.668542 0.525338 0.00162322
1197 0.668542 0.528644 0.00164408
1198 0.668542 0.524036 0.00146709
1199 0.668542 0.523256 0.00180278
1200 0.668542 0.523887 0.00165526
1201 0.668542 0.523154 0.00163107
1202 0.668542 0.522747 0.00174349
1203 0.668542 0.519709 0.00154422
1204 0.668542 0.522213 0.00205842
1205 0.668542 0.521542 0.00191555
1206 0.668542 0.519743 0.00169676
1207 0.668542 0.521921 0.00161435
1208 0.668542 0.520752 0.00185504
1209 0.668542 0.525192 0.00181378
1210 0.668542 0.526211 0.00187027
1211 0.668542 0.529253 0.0018415
1212 0.668542 0.524739 0.00193811
1213 0.668542 0.527443 0.00168409
1214 0.668542 0.529953 0.00162483
1215 0.668542 0.530127 0.00188972
1216 0.668542 0.52368 0.00158446
1217 0.668542 0.524579 0.00176126
1218 0.668542 0.525868 0.00172969
1219 0.668542 0.530014 0.0017434
1220 0.668542 0.529611 0.00166393
1221 0.668542 0.529309 0.00153574
1222 0.668542 0.528987 0.00184197
1223 0.668542 0.528837 0.00175249
1224 0.668542 0.523146 0.00152801
1225 0.668542 0.525845 0.00169591
1226 0.668542 0.524991 0.0015963
1227 0.668542 0.521403 0.00180079
1228 0.668542 0.523386 0.00190533
1229 0.668542 0.523723 0.00165091
1230 0.668542 0.52769 0.00156316
1231 0.668542 0.520851 0.00164809
1232 0.668542 0.52105 0.00183709
1233 0.668542 0.525171 0.00162155
1234 0.668542 0.524599 0.00176444
1235 0.668542 0.519468 0.00152191
1236 0.668542 0.518269 0.00164653
1237 0.668542 0.526365 0.00190329
1238 0.668542 0.521569 0.00176071
1239 0.668542 0.522982 0.00200331
1240 0.668542 0.524639 0.0017397
1241 0.668542 0.527696 0.00152973
1242 0.668542 0.526154 0.00175091
1243 0.668542 0.522415 0.00165221
1244 0.668542 0.522184 0.00168781
1245 0.668542 0.521305 0.00170983
1246 0.668542 0.519744 0.00159957
1247 0.668542 0.515876 0.00163247
1248 0.668542 0.519497 0.00168888
1249 0.668542 0.519359 0.0016605
1250 0.668542 0.523365 0.00183764
1251 0.668542 0.525493 0.00150154
1252 0.668542 0.521686 0.00172049
1253 0.668542 0.522987 0.0015749
1254 0.668542 0.525937 0.00160599
1255 0.668542 0.521658 0.00163541
1256 0.668542 0.523477 0.00173059
1257 0.668542 0.520312 0.0018476
1258 0.668542 0.525588 0.00180762
1259 0.668542 0.52491 0.00160956
1260 0.668542 0.521528 0.00178609
1261 0.668542 0.518241 0.00162828
1262 0.668542 0.519883 0.00168575
1263 0.668542 0.524699 0.00169241
1264 0.668542 0.523985 0.00166716
1265 0.668542 0.52566 0.00159835
1266 0.668542 0.522085 0.0017013
1267 0.668542 0.519723 0.00156345
1268 0.668542 0.520073 0.00185627
1269 0.668542 0.523853 0.00182488
1270 0.668542 0.520103 0.00161492
1271 0.668542 0.525658 0.00160959
1272 0.668542 0.517934 0.00138023
1273 0.668542 0.522501 0.00186723
1274 0.668542 0.517222 0.00170087
1275 0.668542 0.518202 0.00166049
1276 0.668542 0.522154 0.00183336
1277 0.668542 0.522965 0.00174982
1278 0.668542 0.525295 0.0016589
1279 0.668542 0.520738 0.00170085
1280 0.668542 0.522862 0.00175693
1281 0.668542 0.522859 0.001545
1282 0.668542 0.52617 0.00175124
1283 0.668542 0.522232 0.00160125
1284 0.668542 0.527031 0.00185398
1285 0.668542 0.524615 0.00174719
1286 0.668542 0.524458 0.00177279
1287 0.668542 0.521497 0.00167586
1288 0.668542 0.523938 0.00171285
1289 0.668542 0.522176 0.00169244
1290 0.668542 0.518536 0.0016083
1291 0.668542 0.520853 0.00175272
1292 0.668542 0.520757 0.00142734
1293 0.668542 0.518 0.00170412
1294 0.668542 0.519111 0.00156335
1295 0.668542 0.525118 0.00191121
1296 0.668542 0.526598 0.00176056
1297 0.668542 0.520079 0.00166782
1298 0.668542 0.522892 0.00162098
1299 0.668542 0.523845 0.0017698
1300 0.668542 0.531571 0.00207401
1301 0.668542 0.529835 0.00216912
1302 0.668542 0.520431 0.00160396
1303 0.668542 0.521786 0.00164776
1304 0.668542 0.526295 0.0015524
1305 0.668542 0.523722 0.00169999
1306 0.668542 0.515644 0.00152998
1307 0.668542 0.52101 0.00150204
1308 0.668542 0.523272 0.00169631
1309 0.668542 0.52297 0.00178874
1310 0.668542 0.521957 0.00168898
1311 0.668542 0.521177 0.00169568
1312 0.668542 0.528133 0.00179809
1313 0.668542 0.525502 0.00180557
1314 0.668542 0.526028 0.00176005
1315 0.668542 0.53122 0.00178555
1316 0.668542 0.530271 0.00161636
1317 0.668542 0.522885 0.00161713
1318 0.668542 0.522634 0.00172156
1319 0.668542 0.521492 0.00156091
1320 0.668542 0.519416 0.00184019
1321 0.668542 0.525456 0.00196384
1322 0.668542 0.521112 0.00168913
1323 0.668542 0.518573 0.00190837
1324 0.668542 0.524276 0.00176984
1325 0.668542 0.517673 0.00153219
1326 0.668542 0.517093 0.00144464
1327 0.668542 0.519855 0.00171035
1328 0.668542 0.518916 0.00178821
1329 0.668542 0.52273 0.00172158
1330 0.668542 0.522779 0.00186147
1331 0.668542 0.520708 0.0019383
1332 0.668542 0.51953 0.00131128
1333 0.668542 0.518265 0.00191176
1334 0.668542 0.515006 0.00151282
1335 0.668542 0.516081 0.00148838
1336 0.668542 0.515089 0.00172521
1337 0.668542 0.518155 0.00183359
1338 0.668542 0.514931 0.00144968
1339 0.668542 0.516016 0.00192992
1340 0.668542 0.516656 0.00168006
1341 0.668542 0.516953 0.00149349
1342 0.668542 0.518884 0.00143719
1343 0.668542 0.518355 0.00166323
1344 0.668542 0.512522 0.00166563
1345 0.668542 0.521843 0.00178158
1346 0.668542 0.518665 0.00166045
1347 0.668542 0.51896 0.00169742
1348 0.668542 0.516664 0.00182567
1349 0.668542 0.518459 0.00180669
1350 0.668542 0.521496 0.00180428
1351 0.668542 0.523384 0.00182885
1352 0.668542 0.519948 0.00166816
1353 0.668542 0.526072 0.00188549
1354 0.668542 0.525667 0.00202346
1355 0.668542 0.525846 0.00176339
1356 0.668542 0.525371 0.00184151
1357 0.668542 0.527151 0.00168004
1358 0.668542 0.522918 0.00186195
1359 0.668542 0.522482 0.00179153
1360 0.668542 0.524024 0.00218659
1361 0.668542 0.526158 0.00175606
1362 0.668542 0.524682 0.00174667
1363 0.668542 0.526453 0.0017451
1364 0.668542 0.524907 0.00158865
1365 0.668542 0.527102 0.00173229
1366 0.668542 0.525299 0.00161922
1367 0.668542 0.521641 0.0016809
1368 0.668542 0.522928 0.00176721
1369 0.668542 0.520528 0.00188035
1370 0.668542 0.51918 0.00171029
1371 0.668542 0.518579 0.00170876
1372 0.668542 0.526292 0.00187498
1373 0.668542 0.52731 0.00203143
1374 0.668542 0.521778 0.0019645
1375 0.668542 0.521028 0.00157723
1376 0.668542 0.523127 0.00151602
1377 0.668542 0.529109 0.00171807
1378 0.668542 0.528227 0.00190844
1379 0.668542 0.523978 0.00160534
1380 0.668542 0.521064 0.0016072
1381 0.668542 0.517433 0.00186183
1382 0.668542 0.526808 0.00181215
1383 0.668542 0.521663 0.0017062
1384 0.668542 0.521838 0.00193581
1385 0.668542 0.523074 0.00181277
1386 0.668542 0.521261 0.00185377
1387 0.668542 0.520269 0.00172303
1388 0.668542 0.5261 0.0015729
1389 0.668542 0.524064 0.00159733
1390 0.668542 0.524742 0.00167987
1391 0.668542 0.527593 0.00204618
1392 0.668542 0.5243 0.00166941
1393 0.668542 0.527868 0.0017419
1394 0.668542 0.520905 0.00152777
1395 0.668542 0.525061 0.00188949
1396 0.668542 0.517262 0.00182751
1397 0.668542 0.520338 0.0016928
1398 0.668542 0.515211 0.00155055
1399 0.668542 0.516876 0.00147654
1400 0.668542 0.518413 0.00158347
1401 0.668542 0.518989 0.00161315
1402 0.668542 0.517142 0.00146081
1403 0.668542 0.519838 0.00163634
1404 0.668542 0.522409 0.00179671
1405 0.668542 0.522069 0.00176784
1406 0.668542 0.523577 0.00180117
1407 0.668542 0.521283 0.0017591
1408 0.668542 0.524589 0.00174967
1409 0.668542 0.524041 0.00204727
1410 0.668542 0.522674 0.00193069
1411 0.668542 0.519497 0.00177394
1412 0.668542 0.515084 0.00164987
1413 0.668542 0.521582 0.00219454
1414 0.668542 0.522843 0.00183767
1415 0.668542 0.52677 0.00190029
1416 0.668542 0.522256 0.00199665
1417 0.668542 0.526324 0.00178833
1418 0.668542 0.526355 0.00182883
1419 0.668542 0.530215 0.00170901
1420 0.668542 0.52458 0.00172892
1421 0.668542 0.517747 0.00170689
1422 0.668542 0.525186 0.00180727
1423 0.668542 0.525497 0.00189954
1424 0.668542 0.523087 0.00179119
1425 0.668542 0.52497 0.00178592
1426 0.668542 0.52432 0.00190361
1427 0.668542 0.522628 0.00179751
1428 0.668542 0.522918 0.00160789
1429 0.668542 0.527826 0.00181651
1430 0.668542 0.521527 0.00184795
1431 0.668542 0.521779 0.00172959
1432 0.668542 0.522389 0.00160025
1433 0.668542 0.520659 0.00160928
1434 0.668542 0.519277 0.00180158
1435 0.668542 0.519443 0.00154688
1436 0.668542 0.5246 0.00151806
1437 0.668542 0.529286 0.00192589
1438 0.668542 0.526087 0.00179418
1439 0.668542 0.528445 0.00177784
1440 0.668542 0.527557 0.00156792
1441 0.668542 0.52483 0.00189009
1442 0.668542 0.528075 0.0020078
1443 0.668542 0.527012 0.00193814
1444 0.668542 0.526273 0.00183502
1445 0.668542 0.526321 0.0016626
1446 0.668542 0.52388 0.00171806
1447 0.668542 0.523727 0.00177716
1448 0.668542 0.525235 0.00182785
1449 0.668542 0.524277 0.00165167
1450 0.668542 0.520346 0.00174055
1451 0.668542 0.52388 0.00152247
1452 0.668542 0.524123 0.00182702
1453 0.668542 0.522936 0.00160365
1454 0.668542 0.527321 0.0017716
1455 0.668542 0.524278 0.00186637
1456 0.668542 0.520943 0.00165561
1457 0.668542 0.525382 0.00178927
1458 0.668542 0.519271 0.00150796
1459 0.668542 0.521504 0.00168252
1460 0.668542 0.518327 0.00152579
1461 0.668542 0.521434 0.001714
1462 0.668542 0.520499 0.00177559
1463 0.668542 0.521585 0.00174321
1464 0.668542 0.527199 0.00174812
1465 0.668542 0.523161 0.00175025
1466 0.668542 0.523758 0.00172123
1467 0.668542 0.525046 0.00171603
1468 0.668542 0.522714 0.00148254
1469 0.668542 0.520473 0.00172278
1470 0.668542 0.519588 0.00159162
1471 0.668542 0.521322 0.00184275
1472 0.668542 0.521323 0.00144806
1473 0.668542 0.525711 0.00193217
1474 0.668542 0.52271 0.00159813
1475 0.668542 0.526238 0.00183631
1476 0.668542 0.52816 0.00195739
1477 0.668542 0.528141 0.0018989
1478 0.668542 0.529226 0.0019305
1479 0.668542 0.527808 0.00206418
1480 0.668542 0.525676 0.00175421
1481 0.668542 0.530797 0.00203097
1482 0.668542 0.523204 0.00196313
1483 0.668542 0.523169 0.00153846
1484 0.668542 0.528714 0.0017838
1485 0.668542 0.526228 0.0016911
1486 0.668542 0.52711 0.00161175
1487 0.668542 0.524774 0.0017657
1488 0.668542 0.527826 0.00168775
1489 0.668542 0.526256 0.0018489
1490 0.668542 0.528867 0.00163564
1491 0.668542 0.524583 0.00177631
1492 0.668542 0.524194 0.0017977
1493 0.668542 0.527109 0.00178338
1494 0.668542 0.521419 0.00171311
1495 0.668542 0.526636 0.00174853
1496 0.668542 0.525606 0.00175532
1497 0.668542 0.527102 0.0020048
1498 0.668542 0.529074 0.00169862
1499 0.668542 0.523827 0.00162055
1500 0.668542 0.526691 0.00194343
1501 0.668542 0.529356 0.00175313
1502 0.668542 0.527635 0.0017014
1503 0.668542 0.525965 0.00181993
1504 0.668542 0.527751 0.0020696
1505 0.668542 0.52318 0.00150576
1506 0.668542 0.51934 0.00174324
1507 0.668542 0.524939 0.00200925
1508 0.668542 0.521698 0.00189514
1509 0.668542 0.524236 0.00176676
1510 0.668542 0.526515 0.00180755
1511 0.668542 0.526106 0.0016992
1512 0.668542 0.522523 0.00151884
1513 0.668542 0.522839 0.00149632
1514 0.668542 0.522872 0.00176472
1515 0.668542 0.524208 0.00207417
1516 0.668542 0.521842 0.00172917
1517 0.668542 0.519494 0.00171008
1518 0.668542 0.519047 0.00182805
1519 0.668542 0.520031 0.00171548
1520 0.668542 0.525677 0.00183744
1521 0.668542 0.520348 0.00174186
1522 0.668542 0.519983 0.00176976
1523 0.668542 0.521912 0.00175388
1524 0.668542 0.518807 0.00178097
1525 0.668542 0.52183 0.0018316
1526 0.668542 0.521674 0.00177538
1527 0.668542 0.519179 0.00160626
1528 0.668542 0.523074 0.0018803
1529 0.668542 0.521455 0.00200547
1530 0.668542 0.523982 0.0017968
1531 0.668542 0.524606 0.00199153
1532 0.668542 0.519401 0.00183999
1533 0.668542 0.523228 0.00193905
1534 0.668542 0.52408 0.00172789
1535 0.668542 0.527066 0.001934
1536 0.668542 0.527812 0.0020227
1537 0.668542 0.523037 0.00193228
1538 0.668542 0.526944 0.00202749
1539 0.668542 0.522482 0.00188907
1540 0.668542 0.521716 0.00182307
1541 0.668542 0.523008 0.00186753
1542 0.668542 0.52541 0.00214923
1543 0.668542 0.515711 0.00188528
1544 0.668542 0.526824 0.00164874
1545 0.668542 0.525994 0.00190157
1546 0.668542 0.519766 0.00187632
1547 0.668542 0.524691 0.00182604
1548 0.668542 0.524913 0.00179081
1549 0.668542 0.52668 0.00190606
1550 0.668542 0.523397 0.00182131
1551 0.668542 0.516614 0.00177092
1552 0.668542 0.517142 0.00194731
1553 0.668542 0.51972 0.00191021
1554 0.668542 0.521689 0.00168495
1555 0.668542 0.523299 0.0016309
1556 0.668542 0.518499 0.00163982
1557 0.668542 0.522174 0.00194355
1558 0.668542 0.522962 0.00188698
1559 0.668542 0.524736 0.00197484
1560 0.668542 0.523915 0.00187848
1561 0.668542 0.527889 0.00156946
1562 0.668542 0.528201 0.00168574
1563 0.668542 0.528916 0.00201232
1564 0.668542 0.518941 0.0018621
1565 0.668542 0.530836 0.00226303
1566 0.668542 0.532782 0.00210157
1567 0.668542 0.525868 0.00182771
1568 0.668542 0.521772 0.00182231
1569 0.668542 0.520568 0.00204939
1570 0.668542 0.523828 0.00193087
1571 0.668542 0.523819 0.00190521
1572 0.668542 0.523291 0.00197168
1573 0.668542 0.522951 0.0016397
1574 0.668542 0.523806 0.00184808
1575 0.668542 0.519006 0.00167928
1576 0.668542 0.522543 0.00198741
1577 0.668542 0.532005 0.00202226
1578 0.668542 0.52632 0.00187094
1579 0.668542 0.52743 0.00207888
1580 0.668542 0.528279 0.00186183
1581 0.668542 0.523842 0.00218204
1582 0.668542 0.525796 0.00167738
1583 0.668542 0.524112 0.0019523
1584 0.668542 0.530124 0.0016994
1585 0.668542 0.529756 0.00208445
1586 0.668542 0.526569 0.0019011
1587 0.668542 0.529631 0.00181385
1588 0.668542 0.527036 0.00217256
1589 0.668542 0.522693 0.00203041
1590 0.668542 0.522604 0.00187239
1591 0.668542 0.520696 0.00191355
1592 0.668542 0.51611 0.00205898
1593 0.668542 0.522297 0.00176217
1594 0.668542 0.526936 0.00174754
1595 0.668542 0.519602 0.00187817
1596 0.668542 0.526553 0.00167247
1597 0.668542 0.525578 0.00168418
1598 0.668542 0.529031 0.00188604
1599 0.668542 0.525985 0.0019504
1600 0.668542 0.531544 0.00195114
1601 0.668542 0.524384 0.00177149
1602 0.668542 0.524322 0.00182081
1603 0.668542 0.520209 0.00182262
1604 0.668542 0.528407 0.00202224
1605 0.668542 0.532751 0.00212424
1606 0.668542 0.529971 0.00187549
1607 0.668542 0.526626 0.00172666
1608 0.668542 0.523395 0.00185082
1609 0.668542 0.523556 0.00162092
1610 0.668542 0.527385 0.00201467
1611 0.668542 0.525377 0.00201797
1612 0.668542 0.52342 0.00168664
1613 0.668542 0.52305 0.00177527
1614 0.668542 0.525379 0.00172532
1615 0.668542 0.522781 0.00181639
1616 0.668542 0.519151 0.0017544
1617 0.668542 0.521169 0.00163437
1618 0.668542 0.519904 0.00181882
1619 0.668542 0.512902 0.00189978
1620 0.668542 0.515644 0.00167781
1621 0.668542 0.515346 0.00163751
1622 0.668542 0.520597 0.00190228
1623 0.668542 0.520735 0.00178233
1624 0.668542 0.520759 0.00183602
1625 0.668542 0.524164 0.00163867
1626 0.668542 0.522709 0.00165574
1627 0.668542 0.520783 0.00201361
1628 0.668542 0.524803 0.00173047
1629 0.668542 0.523234 0.0016171
1630 0.668542 0.527919 0.00188109
1631 0.668542 0.525939 0.00198778
1632 0.668542 0.521518 0.00139362
1633 0.668542 0.521587 0.00175372
1634 0.668542 0.52021 0.00180412
1635 0.668542 0.520287 0.00194103
1636 0.668542 0.521778 0.00202612
1637 0.668542 0.518089 0.00184468
1638 0.668542 0.519854 0.00174233
1639 0.668542 0.523488 0.00174624
1640 0.668542 0.52526 0.00204669
1641 0.668542 0.524893 0.00202324
1642 0.668542 0.520649 0.00199392
1643 0.668542 0.520209 0.00209278
1644 0.668542 0.523684 0.00192644
1645 0.668542 0.521539 0.00203031
1646 0.668542 0.519908 0.00185826
1647 0.668542 0.517912 0.00190636
1648 0.668542 0.520376 0.00183515
1649 0.668542 0.523014 0.00194231
1650 0.668542 0.519279 0.00183882
1651 0.668542 0.524944 0.00223805
1652 0.668542 0.51964 0.00191621
1653 0.668542 0.519791 0.00179745
1654 0.668542 0.521831 0.00182989
1655 0.668542 0.519999 0.00191497
1656 0.668542 0.516813 0.00203516
1657 0.668542 0.520252 0.00162674
1658 0.668542 0.521899 0.00188631
1659 0.668542 0.519647 0.00207777
1660 0.668542 0.523318 0.00182184
1661 0.668542 0.522386 0.00197401
1662 0.668542 0.523633 0.00187696
1663 0.668542 0.518411 0.00191513
1664 0.668542 0.519229 0.00169817
1665 0.668542 0.514642 0.00177953
1666 0.668542 0.519467 0.00187815
1667 0.668542 0.514673 0.00164503
1668 0.668542 0.517616 0.00166171
1669 0.668542 0.524785 0.0016579
1670 0.668542 0.520988 0.00188494
1671 0.668542 0.522564 0.00185949
1672 0.668542 0.519764 0.00184109
1673 0.668542 0.520044 0.00170654
1674 0.668542 0.521318 0.00164501
1675 0.668542 0.525776 0.00167525
1676 0.668542 0.525873 0.00153204
1677 0.668542 0.522873 0.00187374
1678 0.668542 0.524188 0.00169536
1679 0.668542 0.517942 0.00173894
1680 0.668542 0.522482 0.00180544
1681 0.668542 0.519822 0.00196127
1682 0.668542 0.521813 0.00189606
1683 0.668542 0.523344 0.00179276
1684 0.668542 0.526311 0.00220062
1685 0.668542 0.523244 0.00178703
1686 0.668542 0.522609 0.00168944
1687 0.668542 0.520856 0.00178081
1688 0.668542 0.520972 0.0016712
1689 0.668542 0.521892 0.00182812
1690 0.668542 0.524695 0.00197443
1691 0.668542 0.52395 0.00185329
1692 0.668542 0.524867 0.00207936
1693 0.668542 0.529632 0.00203534
1694 0.668542 0.522862 0.00207735
1695 0.668542 0.521007 0.0019583
1696 0.668542 0.523579 0.00194021
1697 0.668542 0.522466 0.00167114
1698 0.668542 0.524589 0.0017863
1699 0.668542 0.522322 0.0019124
1700 0.668542 0.52576 0.00189819
1701 0.668542 0.521273 0.00188481
1702 0.668542 0.523433 0.00191422
1703 0.668542 0.524667 0.00174211
1704 0.668542 0.522038 0.00177134
1705 0.668542 0.521021 0.00145103
1706 0.668542 0.528552 0.00178075
1707 0.668542 0.522615 0.00167096
1708 0.668542 0.51901 0.0017941
1709 0.668542 0.521052 0.00181955
1710 0.668542 0.523596 0.00183818
1711 0.668542 0.523089 0.00178505
1712 0.668542 0.522165 0.00171685
1713 0.668542 0.51621 0.00167917
1714 0.668542 0.513614 0.00170488
1715 0.668542 0.521691 0.00163891
1716 0.668542 0.523746 0.00172082
1717 0.668542 0.526804 0.00188751
1718 0.668542 0.518525 0.00177635
1719 0.668542 0.520962 0.00204131
1720 0.668542 0.519473 0.00168171
1721 0.668542 0.516605 0.00164961
1722 0.668542 0.518099 0.00177593
1723 0.668542 0.521417 0.00179879
1724 0.668542 0.523633 0.00196926
1725 0.668542 0.519265 0.00169579
1726 0.668542 0.520238 0.00196174
1727 0.668542 0.51449 0.00164472
1728 0.668542 0.519508 0.0021678
1729 0.668542 0.520707 0.00188677
1730 0.668542 0.523791 0.00192973
1731 0.668542 0.51674 0.00181544
1732 0.668542 0.521195 0.00190389
1733 0.668542 0.520695 0.00200511
1734 0.685012 0.519885 0.00192049
1735 0.685012 0.52265 0.00191189
1736 0.685012 0.522528 0.00187232
1737 0.685012 0.519496 0.00224657
1738 0.685012 0.51654 0.00179243
1739 0.685012 0.518992 0.00209671
1740 0.685012 0.52031 0.00192401
1741 0.685012 0.52004 0.00180472
1742 0.685012 0.525289 0.00212745
1743 0.685012 0.527128 0.00198442
1744 0.685012 0.525206 0.00200814
1745 0.685012 0.522284 0.00187518
1746 0.685012 0.518556 0.00202281
1747 0.685012 0.520732 0.00186289
1748 0.685012 0.521426 0.00183131
1749 0.685012 0.523255 0.00200836
1750 0.685012 0.521784 0.00174607
1751 0.685012 0.523838 0.00188276
1752 0.685012 0.524104 0.00198737
1753 0.685012 0.52626 0.00185485
1754 0.685012 0.51989 0.00162863
1755 0.685012 0.522502 0.00201039
1756 0.685012 0.526224 0.00159037
1757 0.685012 0.522441 0.00183858
1758 0.685012 0.520979 0.00185036
1759 0.685012 0.5245 0.00185829
1760 0.685012 0.523326 0.00186975
1761 0.685012 0.519487 0.00176966
1762 0.685012 0.51782 0.00192374
1763 0.685012 0.522662 0.00199337
1764 0.685012 0.524964 0.00200956
1765 0.685012 0.530804 0.00190128
1766 0.685012 0.527816 0.00191263
1767 0.685012 0.522969 0.00191452
1768 0.685012 0.52478 0.00201943
1769 0.685012 0.522762 0.00212897
1770 0.685012 0.522632 0.00212583
1771 0.685012 0.525353 0.00242858
1772 0.685012 0.524641 0.00211778
1773 0.685012 0.522254 0.00205064
1774 0.685012 0.521202 0.00188942
1775 0.685012 0.525554 0.00181757
1776 0.685012 0.529597 0.00217575
1777 0.685012 0.529539 0.00198666
1778 0.685012 0.524748 0.00216408
1779 0.685012 0.525503 0.00197168
1780 0.685012 0.524188 0.00194355
1781 0.685012 0.522399 0.00228662
1782 0.685012 0.527809 0.00186137
1783 0.685012 0.522803 0.0018969
1784 0.685012 0.523312 0.00183802
1785 0.685012 0.525285 0.0018655
1786 0.685012 0.522064 0.0022116
1787 0.685012 0.519977 0.00171026
1788 0.685012 0.523095 0.00181857
1789 0.685012 0.518367 0.0019275
1790 0.685012 0.523356 0.00197602
1791 0.685012 0.522926 0.00196066
1792 0.685012 0.520086 0.00214911
1793 0.685012 0.520838 0.00192074
1794 0.685012 0.525315 0.00186482
1795 0.685012 0.522829 0.00184019
1796 0.685012 0.523731 0.00179113
1797 0.685012 0.522645 0.00189449
1798 0.685012 0.526314 0.00173204
1799 0.685012 0.519574 0.00197525
1800 0.685012 0.523158 0.00182784
1801 0.685012 0.526391 0.00202492
1802 0.685012 0.524992 0.00202453
1803 0.685012 0.52343 0.00192588
1804 0.685012 0.522914 0.00170132
1805 0.685012 0.524961 0.00195602
1806 0.685012 0.521929 0.00185072
1807 0.685012 0.525284 0.00204203
1808 0.685012 0.52564 0.00202707
1809 0.685012 0.522595 0.00177915
1810 0.685012 0.526417 0.00176789
1811 0.685012 0.525784 0.00201721
1812 0.685012 0.523469 0.00193727
1813 0.685012 0.518203 0.00186397
1814 0.685012 0.520507 0.00210866
1815 0.685012 0.521961 0.00184041
1816 0.685012 0.524785 0.00199324
1817 0.685012 0.520334 0.00160774
1818 0.685012 0.522849 0.0019229
1819 0.685012 0.524808 0.00184592
1820 0.685012 0.521512 0.00204967
1821 0.685012 0.524802 0.00218148
1822 0.685012 0.524389 0.00186585
1823 0.685012 0.524177 0.00194845
1824 0.685012 0.528041 0.00191362
1825 0.685012 0.525669 0.00202386
1826 0.685012 0.520007 0.00190342
1827 0.685012 0.522923 0.00203722
1828 0.685012 0.51391 0.00215113
1829 0.685012 0.517648 0.00182921
1830 0.685012 0.520386 0.00186638
1831 0.685012 0.516498 0.00175081
1832 0.685012 0.522047 0.0019299
1833 0.685012 0.531308 0.00213873
1834 0.685012 0.527002 0.00214584
1835 0.685012 0.527823 0.00181318
1836 0.685012 0.52263 0.00173026
1837 0.685012 0.526829 0.00189996
1838 0.685012 0.525277 0.00179011
1839 0.685012 0.524855 0.00172475
1840 0.685012 0.523074 0.00220616
1841 0.685012 0.524857 0.00169226
1842 0.685012 0.524653 0.00183283
1843 0.685012 0.527436 0.00197755
1844 0.685012 0.522165 0.00209602
1845 0.685012 0.525284 0.00211558
1846 0.685012 0.521204 0.00197011
1847 0.685012 0.521175 0.00183979
1848 0.685012 0.526856 0.00181644
1849 0.685012 0.526328 0.00183544
1850 0.685012 0.528199 0.00190976
1851 0.685012 0.526859 0.00191762
1852 0.685012 0.519617 0.00175755
1853 0.685012 0.524962 0.00219807
1854 0.685012 0.530771 0.00199524
1855 0.685012 0.525629 0.00170849
1856 0.685012 0.53075 0.0019732
1857 0.685012 0.523681 0.00186241
1858 0.685012 0.527525 0.00195338
1859 0.685012 0.529945 0.00190373
1860 0.685012 0.528604 0.00188392
1861 0.685012 0.527382 0.00189784
1862 0.685012 0.526929 0.00194109
1863 0.685012 0.522818 0.00183478
1864 0.685012 0.528932 0.00164697
1865 0.685012 0.528496 0.00180604
1866 0.685012 0.519788 0.001891
1867 0.685012 0.522872 0.00188001
1868 0.685012 0.524464 0.00195432
1869 0.685012 0.524591 0.00184713
1870 0.685012 0.522088 0.00169895
1871 0.685012 0.521918 0.00172581
1872 0.685012 0.52265 0.00196076
1873 0.685012 0.518765 0.00199161
1874 0.685012 0.516209 0.00180736
1875 0.685012 0.515778 0.0018222
1876 0.685012 0.518123 0.00190953
1877 0.685012 0.518339 0.00186104
1878 0.685012 0.517675 0.00191104
1879 0.685012 0.522658 0.00210202
1880 0.685012 0.522609 0.00203153
1881 0.685012 0.521229 0.00198453
1882 0.685012 0.523367 0.00183372
1883 0.685012 0.52233 0.00187885
1884 0.685012 0.523078 0.00206392
1885 0.685012 0.518985 0.00177576
1886 0.685012 0.524271 0.00189036
1887 0.685012 0.525953 0.00184676
1888 0.685012 0.525651 0.00204807
1889 0.685012 0.525775 0.00195863
1890 0.685012 0.520755 0.00186976
1891 0.685012 0.519786 0.00199108
1892 0.685012 0.519254 0.00187896
1893 0.685012 0.522033 0.00188601
1894 0.685012 0.519924 0.00187498
1895 0.685012 0.522924 0.00200232
1896 0.685012 0.522705 0.00208195
1897 0.685012 0.518894 0.0017353
1898 0.685012 0.520912 0.00153158
1899 0.685012 0.517987 0.00198794
1900 0.685012 0.521572 0.00221059
1901 0.685012 0.52288 0.00196134
1902 0.685012 0.517329 0.00184611
1903 0.685012 0.516544 0.00187248
1904 0.685012 0.518552 0.00219307
1905 0.685012 0.522577 0.00186459
1906 0.685012 0.522969 0.00194081
1907 0.685012 0.52277 0.00165293
1908 0.685012 0.523798 0.00197737
1909 0.685012 0.519335 0.00198304
1910 0.685012 0.519406 0.00194408
1911 0.685012 0.516355 0.00183087
1912 0.685012 0.518626 0.00188615
1913 0.685012 0.522098 0.00209153
1914 0.685012 0.513203 0.0017194
1915 0.685012 0.521706 0.00166555
1916 0.685012 0.517168 0.00177478
1917 0.685012 0.522894 0.00190466
1918 0.685012 0.519243 0.00187325
1919 0.685012 0.522869 0.00201041
1920 0.685012 0.522431 0.0020431
1921 0.685012 0.526023 0.00189695
1922 0.685012 0.519114 0.00191049
1923 0.685012 0.527645 0.00198121
1924 0.685012 0.526977 0.00168367
1925 0.685012 0.520984 0.00228365
1926 0.685012 0.523299 0.00204731
1927 0.685012 0.520747 0.00195248
1928 0.685012 0.522481 0.00185046
1929 0.685012 0.518089 0.00253269
1930 0.685012 0.517776 0.00166661
1931 0.685012 0.523604 0.0018592
1932 0.685012 0.522224 0.00157641
1933 0.685012 0.527241 0.00182779
1934 0.685012 0.527513 0.00209232
1935 0.685012 0.526952 0.00215672
1936 0.685012 0.527886 0.00209089
1937 0.685012 0.526301 0.00207782
1938 0.685012 0.521987 0.00200114
1939 0.685012 0.52507 0.0019521
1940 0.685012 0.525921 0.00189822
1941 0.685012 0.525989 0.00192406
1942 0.685012 0.523432 0.00201102
1943 0.685012 0.530234 0.00174028
1944 0.685012 0.5236 0.0020125
1945 0.685012 0.524759 0.00177853
1946 0.685012 0.524602 0.00203336
1947 0.685012 0.529451 0.00208993
1948 0.685012 0.522178 0.00192662
1949 0.685012 0.521024 0.00207062
1950 0.685012 0.525779 0.00183484
1951 0.685012 0.525667 0.00193832
1952 0.685012 0.526048 0.00179839
1953 0.685012 0.524519 0.00185168
1954 0.685012 0.521281 0.00204271
1955 0.685012 0.520765 0.00193374
1956 0.685012 0.523717 0.00192437
1957 0.685012 0.525529 0.00186556
1958 0.685012 0.526871 0.0019186
1959 0.685012 0.523569 0.00201041
1960 0.685012 0.52237 0.0019966
1961 0.685012 0.519849 0.00172973
1962 0.685012 0.522443 0.00191584
1963 0.685012 0.526355 0.00188287
1964 0.685012 0.521094 0.00188305
1965 0.685012 0.523064 0.00213285
1966 0.685012 0.527819 0.00265048
1967 0.685012 0.523198 0.00192937
1968 0.685012 0.523889 0.00195722
1969 0.685012 0.521379 0.00173653
1970 0.685012 0.52689 0.00207192
1971 0.685012 0.521955 0.00234491
1972 0.685012 0.517924 0.00185038
1973 0.685012 0.52569 0.0020181
1974 0.685012 0.521008 0.00194517
1975 0.685012 0.522099 0.00193821
1976 0.685012 0.526328 0.00153635
1977 0.685012 0.525491 0.00198239
1978 0.685012 0.528724 0.00197411
1979 0.685012 0.525152 0.00224528
1980 0.685012 0.52601 0.00205043
1981 0.685012 0.528557 0.00161636
1982 0.685012 0.52895 0.00188763
1983 0.685012 0.524161 0.00177265
1984 0.685012 0.523534 0.0019184
1985 0.685012 0.520255 0.00182535
1986 0.685012 0.524411 0.00198747
1987 0.685012 0.526419 0.00193458
1988 0.685012 0.525248 0.00204791
1989 0.685012 0.531622 0.00189307
1990 0.685012 0.524694 0.00193593
1991 0.685012 0.525219 0.00183256
1992 0.685012 0.525025 0.00207921
1993 0.685012 0.52765 0.00214729
1994 0.685012 0.525603 0.00198101
1995 0.685012 0.523907 0.00200332
1996 0.685012 0.527069 0.0017361
1997 0.685012 0.522099 0.00185705
1998 0.685012 0.522919 0.00183801
1999 0.685012 0.523208 0.00210798
2000 0.685012 0.526547 0.00198375
