2
3
-62.8079
5.88335
0
0.0694355
0.288201
1
0.088191
0.254292
1
0.161171
0.271751
1
-51.3335
2.08525
0
1.5466
0.00559495
1.71414
0.872422
0.646237
1.60756
1.81318
0.951862
1.20549
0.571976
1.47246
0.459929
1.37983
0.326437
1.37377
0.707599
1.54662
1.96637
1.71237
0.866564
1.88848
0.404503
1.98476
2
1.58357
1.72227
0.69557
1.10255
1.10223
0.610933
0.3203
1.35352
2
1.84856
0.628877
0.509137
0.268465
1.74107
0.0802298
1.14351
1.65076
0.398325
0.124452
1.3084
1.87947
1.20502
1.17857
1.75076
1.93243
2
1.35379
0.131773
1.91986
1.75628
1.43633
0.66113
1.34742
1.37324
1.74653
1.03249
1.0545
1.23588
0.611407
1.36927
1.39972
0.373395
0.473767
1.8099
0.00457491
1.33249
1.63034
0.610669
0.0176205
1.61988
0.0714388
