0 0.559629 0.498938 0.000250411
1 0.559629 0.501202 0.000327916
2 0.610887 0.502778 0.000632589
3 0.610887 0.501202 0.00073974
4 0.610887 0.50593 0.000890378
5 0.610887 0.508322 0.000676937
6 0.610887 0.507258 0.000810717
7 0.610887 0.503895 0.000863112
8 0.610887 0.50401 0.00112241
9 0.610887 0.502153 0.000843809
10 0.610887 0.506122 0.000982988
11 0.610887 0.505024 0.000925753
12 0.610887 0.50607 0.00133863
13 0.610887 0.507382 0.00101095
14 0.610887 0.505045 0.0010386
15 0.610887 0.507963 0.0008985
16 0.617603 0.501515 0.00142897
17 0.628384 0.505638 0.00124148
18 0.628384 0.505678 0.000935787
19 0.628384 0.50754 0.000968674
20 0.628384 0.505639 0.000781489
21 0.628384 0.50556 0.000880283
22 0.628384 0.504937 0.00108452
23 0.628384 0.507528 0.0012475
24 0.628384 0.513458 0.00139294
25 0.628384 0.510158 0.00106948
26 0.628384 0.509447 0.00129452
27 0.628384 0.503459 0.00112452
28 0.628384 0.504733 0.00127068
29 0.628384 0.506836 0.00109383
30 0.628384 0.502124 0.00132894
31 0.628384 0.504146 0.001391
32 0.628384 0.504878 0.00152835
33 0.628384 0.506742 0.00141856
34 0.628384 0.503396 0.00138076
35 0.628384 0.503667 0.00156822
36 0.628384 0.509049 0.00130622
37 0.628384 0.503918 0.00131363
38 0.628384 0.509348 0.00148357
39 0.628384 0.505157 0.0019657
40 0.628384 0.504494 0.00163072
41 0.628384 0.506102 0.00175996
42 0.628384 0.506328 0.00133113
43 0.628384 0.506508 0.00182429
44 0.628384 0.508914 0.00168793
45 0.628384 0.50449 0.00157969
46 0.628384 0.50352 0.00181706
47 0.628384 0.500716 0.00187887
48 0.628384 0.505712 0.00151087
49 0.628384 0.503812 0.0013368
50 0.628384 0.500135 0.00165945
51 0.628384 0.504432 0.00155675
52 0.628384 0.504701 0.00161279
53 0.628384 0.501964 0.00183192
54 0.628384 0.507129 0.00128476
55 0.628384 0.503351 0.00164621
56 0.628384 0.502012 0.00127082
57 0.628384 0.507509 0.00158957
58 0.628384 0.508238 0.00158919
59 0.628384 0.504718 0.00163142
60 0.628384 0.507836 0.00139287
61 0.628384 0.505716 0.00127857
62 0.628384 0.505616 0.00149647
63 0.628384 0.507919 0.00140198
64 0.628384 0.507462 0.00151854
65 0.628384 0.509994 0.00136548
66 0.628384 0.513936 0.00139809
67 0.628384 0.510048 0.00152075
68 0.628384 0.508575 0.00162109
69 0.628384 0.509318 0.00143867
70 0.628384 0.5043 0.00126719
71 0.628384 0.507768 0.00145105
72 0.628384 0.503099 0.00205177
73 0.628384 0.505848 0.00143658
74 0.628384 0.508123 0.001527
75 0.628384 0.509465 0.00113254
76 0.628384 0.508528 0.0012704
77 0.643789 0.506672 0.00180853
78 0.643789 0.510224 0.00153858
79 0.643789 0.51066 0.00128303
80 0.643789 0.510006 0.0013809
81 0.643789 0.505976 0.00185754
82 0.643789 0.506121 0.00131196
83 0.643789 0.509978 0.00122839
84 0.643789 0.513483 0.00158846
85 0.643789 0.50889 0.00198942
86 0.643789 0.509462 0.00147022
87 0.643789 0.511747 0.00149989
88 0.643789 0.508319 0.00170876
89 0.643789 0.511246 0.00177773
90 0.643789 0.508361 0.00174679
91 0.643789 0.506029 0.00155237
92 0.643789 0.503895 0.00165083
93 0.643789 0.505652 0.00184907
94 0.643789 0.509728 0.0015727
95 0.643789 0.504155 0.00153331
96 0.643789 0.507526 0.00139985
97 0.643789 0.511956 0.00133821
98 0.643789 0.504038 0.00165635
99 0.643789 0.505168 0.00159612
100 0.643789 0.509326 0.00197891
101 0.647873 0.504556 0.00189202
102 0.647873 0.505125 0.00194488
103 0.647873 0.512471 0.00157299
104 0.647873 0.504992 0.00173724
105 0.647873 0.506837 0.00170035
106 0.647873 0.506926 0.00156197
107 0.647873 0.502436 0.00167446
108 0.647873 0.507144 0.00168043
109 0.647873 0.510476 0.00165314
110 0.647873 0.513733 0.00129307
111 0.647873 0.508333 0.00146425
112 0.647873 0.509055 0.00167584
113 0.647873 0.507344 0.00156488
114 0.647873 0.502354 0.00178436
115 0.647873 0.505011 0.00179488
116 0.647873 0.507779 0.00142686
117 0.647873 0.503324 0.0016509
118 0.647873 0.510883 0.00181193
119 0.647873 0.511458 0.00190187
120 0.647873 0.510482 0.00170986
121 0.647873 0.503038 0.00181364
122 0.647873 0.507221 0.00201959
123 0.647873 0.510249 0.00214515
124 0.647873 0.514916 0.00203479
125 0.647873 0.511698 0.00164158
126 0.647873 0.515934 0.00190009
127 0.647873 0.514321 0.00204373
128 0.647873 0.511578 0.00188122
129 0.647873 0.501944 0.0018324
130 0.647873 0.509007 0.00177738
131 0.647873 0.511115 0.00198574
132 0.647873 0.514219 0.00236434
133 0.647873 0.508314 0.00210868
134 0.647873 0.507279 0.00195318
135 0.647873 0.51485 0.00216416
136 0.647873 0.50982 0.00205817
137 0.647873 0.507862 0.0016438
138 0.647873 0.510536 0.00199718
139 0.647873 0.504111 0.0020972
140 0.647873 0.511322 0.00222787
141 0.647873 0.505324 0.00282865
142 0.647873 0.507469 0.00229155
143 0.647873 0.504487 0.00262923
144 0.647873 0.508799 0.00270447
145 0.647873 0.505575 0.00240932
146 0.647873 0.512599 0.00235535
147 0.647873 0.515573 0.00201859
148 0.647873 0.503443 0.00233457
149 0.647873 0.506103 0.00231898
150 0.647873 0.506485 0.00258332
151 0.658127 0.508442 0.00217957
152 0.658127 0.505239 0.00212082
153 0.658127 0.506532 0.00197209
154 0.658127 0.504201 0.00226938
155 0.658127 0.508188 0.00202821
156 0.658127 0.507751 0.00249198
157 0.658127 0.50843 0.00268858
158 0.658127 0.50884 0.00225757
159 0.658507 0.513692 0.00198719
160 0.661049 0.514365 0.00234665
161 0.661049 0.514041 0.00249694
162 0.661049 0.509301 0.00267998
163 0.661049 0.516093 0.0020876
164 0.661049 0.516033 0.00197397
165 0.661049 0.517987 0.00207954
166 0.661049 0.514011 0.00225588
167 0.661049 0.510777 0.00260281
168 0.661049 0.514978 0.00258448
169 0.661049 0.520293 0.00233473
170 0.661049 0.516353 0.00208994
171 0.661049 0.518726 0.00246105
172 0.661049 0.522932 0.00208524
173 0.667415 0.522144 0.00259187
174 0.667415 0.522317 0.00330221
175 0.667415 0.524543 0.00235157
176 0.667415 0.525334 0.00272418
177 0.667415 0.514493 0.0024698
178 0.667415 0.516294 0.00250154
179 0.667415 0.519556 0.00197956
180 0.667415 0.52744 0.00216627
181 0.667415 0.523673 0.00236482
182 0.667415 0.521591 0.00288293
183 0.667415 0.523687 0.00278538
184 0.667415 0.52101 0.00222247
185 0.667415 0.520598 0.00229046
186 0.674274 0.528889 0.00210852
187 0.674274 0.518017 0.00212903
188 0.674274 0.52419 0.00243575
189 0.674274 0.526076 0.00275794
190 0.674274 0.514312 0.00233522
191 0.674274 0.522643 0.00272545
192 0.674274 0.52184 0.00262781
193 0.674274 0.523466 0.00321925
194 0.674274 0.514683 0.00302872
195 0.674274 0.521199 0.00289612
196 0.674274 0.518194 0.00275796
197 0.684147 0.523349 0.00281139
198 0.684147 0.524614 0.00215284
199 0.684147 0.521351 0.00266939
200 0.684147 0.518173 0.00292794
201 0.684147 0.525644 0.00279493
202 0.684147 0.519354 0.00316187
203 0.684147 0.523723 0.00298022
204 0.684147 0.522616 0.0025078
205 0.684147 0.52034 0.00256194
206 0.684147 0.525062 0.00239508
207 0.684147 0.518319 0.00254438
208 0.684147 0.523762 0.00344143
209 0.684147 0.518979 0.00286166
210 0.684147 0.523132 0.00281487
211 0.684147 0.523014 0.00275233
212 0.684147 0.526154 0.00278371
213 0.684147 0.51598 0.00265744
214 0.684147 0.521616 0.00260561
215 0.684147 0.529377 0.00263144
216 0.684147 0.521951 0.00288837
217 0.684147 0.524632 0.00282831
218 0.684147 0.528254 0.0023918
219 0.684147 0.520341 0.00247929
220 0.684147 0.522198 0.00286999
221 0.684147 0.522909 0.0025714
222 0.684147 0.522858 0.00267623
223 0.684147 0.523411 0.00219263
224 0.684147 0.531159 0.00284643
225 0.684147 0.529234 0.00274645
226 0.684147 0.52428 0.00306847
227 0.684147 0.525775 0.00285317
228 0.684147 0.52575 0.00279758
229 0.684147 0.525453 0.00241338
230 0.684147 0.528275 0.00219242
231 0.684147 0.524617 0.00277203
232 0.684147 0.522403 0.00285231
233 0.684147 0.524114 0.00303323
234 0.684147 0.520817 0.00289823
235 0.684147 0.523747 0.00260476
236 0.684147 0.519228 0.00271171
237 0.684147 0.517875 0.00246049
238 0.684147 0.52073 0.00282594
239 0.684147 0.522763 0.00304825
240 0.684147 0.525148 0.00252826
241 0.684147 0.516124 0.00264326
242 0.684147 0.525352 0.00261559
243 0.684147 0.524334 0.00325499
244 0.684147 0.529301 0.00285885
245 0.686059 0.530051 0.00327683
246 0.686059 0.527705 0.00289286
247 0.686059 0.519917 0.00339219
248 0.686059 0.5225 0.00315729
249 0.686059 0.521364 0.00314289
250 0.686059 0.527446 0.00266832
251 0.686059 0.530034 0.00248854
252 0.686059 0.527082 0.00296332
253 0.686059 0.524315 0.00254731
254 0.686059 0.521917 0.00292723
255 0.686059 0.527823 0.00286977
256 0.720008 0.525729 0.00339253
257 0.720008 0.522524 0.00298444
258 0.720008 0.523667 0.00358539
259 0.720008 0.521231 0.0036171
260 0.720008 0.525625 0.00355139
261 0.720008 0.520366 0.0032824
262 0.720008 0.523293 0.00369221
263 0.720008 0.527187 0.00294712
264 0.720008 0.521399 0.00305894
265 0.720008 0.519127 0.00326514
266 0.720008 0.511631 0.0037072
267 0.720008 0.517293 0.00274475
268 0.720008 0.515199 0.00362178
269 0.720008 0.523103 0.00353681
270 0.720008 0.519657 0.0036509
271 0.720008 0.51152 0.00361874
272 0.720008 0.522161 0.00358014
273 0.720008 0.521974 0.0034324
274 0.720008 0.515156 0.00324517
275 0.720008 0.513642 0.00287145
276 0.720008 0.527913 0.00380642
277 0.720008 0.51331 0.00437324
278 0.720008 0.520583 0.00496208
279 0.720008 0.525847 0.00341266
280 0.720008 0.524765 0.00290562
281 0.720008 0.524956 0.00366172
282 0.720008 0.521884 0.00334664
283 0.720008 0.523209 0.00354687
284 0.720008 0.532313 0.00399459
285 0.720008 0.53492 0.0038359
286 0.720008 0.528926 0.0041738
287 0.720008 0.521629 0.0040138
288 0.720008 0.533087 0.00352786
289 0.720008 0.528147 0.00351916
290 0.720008 0.518165 0.00392938
291 0.722358 0.524729 0.00432218
292 0.722358 0.535137 0.00379189
293 0.722358 0.526027 0.00366409
294 0.722358 0.522566 0.00392429
295 0.722358 0.529465 0.00325053
296 0.722358 0.529069 0.00373312
297 0.722358 0.530037 0.00373421
298 0.722358 0.531308 0.0038335
299 0.722358 0.524186 0.00438182
300 0.722358 0.532928 0.00413547
301 0.722358 0.535178 0.00406336
302 0.722358 0.522698 0.00517058
303 0.722358 0.524878 0.00454951
304 0.722358 0.524244 0.00423766
305 0.729379 0.52793 0.00472976
306 0.729379 0.527879 0.00413878
307 0.729379 0.535128 0.00403823
308 0.729379 0.530565 0.00383435
309 0.729379 0.530067 0.0046908
310 0.729379 0.54378 0.00473233
311 0.729379 0.538489 0.00422748
312 0.729379 0.532038 0.00401277
313 0.729379 0.540229 0.00437934
314 0.729427 0.528079 0.004645
315 0.730535 0.538626 0.00524993
316 0.730535 0.533289 0.00417224
317 0.730535 0.534563 0.00450717
318 0.730535 0.529357 0.00411553
319 0.730535 0.540088 0.00431406
320 0.730535 0.529364 0.00449472
321 0.730535 0.526991 0.00427809
322 0.75442 0.528881 0.00508837
323 0.75442 0.523472 0.00545854
324 0.75442 0.522211 0.00440981
325 0.75442 0.528519 0.00480803
326 0.75442 0.526751 0.00525136
327 0.75442 0.526845 0.00450871
328 0.75442 0.531068 0.00461459
329 0.75442 0.525551 0.00455825
330 0.75442 0.522683 0.00450016
331 0.75442 0.524526 0.00462551
332 0.75442 0.524342 0.00443209
333 0.75442 0.51834 0.00543275
334 0.781527 0.536611 0.00522977
335 0.781527 0.529106 0.00495791
336 0.781527 0.526799 0.00476115
337 0.781527 0.533164 0.00499737
338 0.781527 0.535475 0.00529234
339 0.781527 0.531006 0.00516631
340 0.781527 0.532249 0.00445288
341 0.781527 0.529066 0.00533726
342 0.781527 0.528241 0.00539085
343 0.781527 0.52597 0.00506777
344 0.781527 0.528478 0.0060738
345 0.781527 0.533106 0.00542724
346 0.781527 0.533999 0.00533205
347 0.781527 0.535982 0.00508866
348 0.781527 0.534313 0.00570044
349 0.781527 0.53609 0.00475471
350 0.781527 0.528573 0.00552038
351 0.781527 0.526451 0.00563529
352 0.781527 0.5281 0.00500782
353 0.781527 0.541114 0.00533655
354 0.781527 0.524696 0.00565568
355 0.781527 0.5259 0.00519905
356 0.781527 0.525429 0.00637356
357 0.781527 0.530486 0.00717777
358 0.781527 0.534333 0.00587573
359 0.781527 0.526426 0.00593083
360 0.781527 0.526884 0.00515502
361 0.781527 0.532274 0.00519296
362 0.781527 0.533416 0.00562145
363 0.781527 0.517675 0.00542863
364 0.781527 0.531601 0.00649323
365 0.781527 0.523973 0.00584679
366 0.797171 0.535016 0.00702262
367 0.797171 0.527126 0.00590723
368 0.797171 0.528491 0.00566987
369 0.797171 0.541797 0.0067637
370 0.797171 0.541682 0.00532169
371 0.797171 0.53887 0.00533289
372 0.797171 0.535584 0.00679796
373 0.797171 0.547933 0.00547746
374 0.797171 0.540202 0.00568229
375 0.797171 0.548837 0.00639007
376 0.797171 0.541233 0.00565249
377 0.797171 0.545167 0.00591118
378 0.797171 0.547543 0.00595789
379 0.797171 0.534748 0.00478683
380 0.797171 0.543499 0.00555195
381 0.797171 0.538484 0.00643184
382 0.797171 0.540314 0.0056983
383 0.797171 0.540414 0.00611722
384 0.797171 0.536567 0.00649506
385 0.797171 0.532735 0.00569515
386 0.797171 0.538091 0.00629333
387 0.797171 0.530185 0.00707938
388 0.797171 0.532152 0.00671
389 0.797171 0.532289 0.00561962
390 0.797171 0.529893 0.00563521
391 0.797171 0.534211 0.00678902
392 0.797171 0.543654 0.00561807
393 0.797171 0.532881 0.00580803
394 0.797171 0.523757 0.00560494
395 0.797171 0.521804 0.00759144
396 0.797171 0.523447 0.00655866
397 0.797171 0.528992 0.00585594
398 0.797171 0.534398 0.00544527
399 0.797171 0.528406 0.0067276
400 0.797171 0.533311 0.00566303
401 0.797171 0.537076 0.00625276
402 0.797171 0.529866 0.00626946
403 0.797171 0.528072 0.00638829
404 0.797171 0.531125 0.00529315
405 0.797171 0.530057 0.00491218
406 0.799492 0.536475 0.00653162
407 0.799492 0.528203 0.00596295
408 0.799492 0.532234 0.00702005
409 0.799492 0.534924 0.00726803
410 0.799492 0.538782 0.00612556
411 0.799492 0.53525 0.00602344
412 0.799492 0.53034 0.00518555
413 0.799492 0.533466 0.00572824
414 0.799492 0.533747 0.00665954
415 0.799492 0.536171 0.00546512
416 0.799492 0.532495 0.00576031
417 0.799492 0.524527 0.00628088
418 0.799492 0.532062 0.00584574
419 0.799492 0.525989 0.00700282
420 0.799492 0.526455 0.00657435
421 0.799492 0.528344 0.00648874
422 0.799492 0.522612 0.00601168
423 0.799492 0.533514 0.00517308
424 0.799492 0.530872 0.00579466
425 0.799492 0.523246 0.00647265
426 0.799492 0.524648 0.00583629
427 0.799492 0.529157 0.00502011
428 0.799492 0.526416 0.00545204
429 0.799492 0.530324 0.00515676
430 0.799492 0.531223 0.00513662
431 0.799492 0.532325 0.00554616
432 0.799492 0.519343 0.00577168
433 0.799492 0.526639 0.00581099
434 0.799492 0.539307 0.00703433
435 0.799492 0.535934 0.00706301
436 0.799492 0.529391 0.0060393
437 0.799492 0.52763 0.00592378
438 0.799492 0.532112 0.00653393
439 0.799492 0.530956 0.00650307
440 0.799492 0.538359 0.00647996
441 0.799492 0.528747 0.00625157
442 0.799492 0.528686 0.00533838
443 0.799492 0.529554 0.00588874
444 0.799492 0.529374 0.00623749
445 0.799492 0.536939 0.00739585
446 0.799492 0.53744 0.00642804
447 0.799492 0.540492 0.00682937
448 0.799492 0.537492 0.00672151
449 0.799492 0.545484 0.00650499
450 0.799492 0.53788 0.0064884
451 0.799492 0.536684 0.00800295
452 0.799492 0.532304 0.00671008
453 0.799492 0.517912 0.00695018
454 0.799492 0.531675 0.0058531
455 0.799492 0.534746 0.00632098
456 0.799492 0.533379 0.00682471
457 0.799492 0.533484 0.00657475
458 0.799492 0.521335 0.00672213
459 0.799492 0.535459 0.00716328
460 0.799492 0.531732 0.00596189
461 0.799492 0.53984 0.00706231
462 0.799492 0.541101 0.00599528
463 0.799492 0.535943 0.00681464
464 0.799492 0.535564 0.0050884
465 0.799492 0.53356 0.00551388
466 0.799492 0.536281 0.00632789
467 0.799492 0.537923 0.00595829
468 0.799492 0.535396 0.00560555
469 0.799492 0.526377 0.00641255
470 0.799492 0.53675 0.00769029
471 0.799492 0.535944 0.00615537
472 0.799492 0.544661 0.00538277
473 0.799492 0.530258 0.00580871
474 0.810306 0.541139 0.00724951
475 0.810306 0.536666 0.00676922
476 0.810306 0.53319 0.0070039
477 0.810306 0.537502 0.00650963
478 0.810306 0.533233 0.00539801
479 0.810306 0.538609 0.00602887
480 0.810306 0.533307 0.00630673
481 0.810306 0.543319 0.00568536
482 0.810306 0.536701 0.00650479
483 0.810306 0.52784 0.00699783
484 0.810306 0.533816 0.00680206
485 0.810306 0.533472 0.00630118
486 0.810306 0.539508 0.0067485
487 0.810306 0.535675 0.00765373
488 0.810306 0.52322 0.00727166
489 0.810306 0.521576 0.00643783
490 0.810306 0.532422 0.00555158
491 0.810306 0.523071 0.00589769
492 0.810306 0.521816 0.00611142
493 0.810306 0.525264 0.00664655
494 0.810306 0.530328 0.0066134
495 0.810306 0.518895 0.00706857
496 0.810306 0.529397 0.00588388
497 0.810306 0.522359 0.00642091
498 0.810306 0.53432 0.00630969
499 0.810306 0.534083 0.00763469
500 0.810306 0.535134 0.00687973
501 0.810306 0.541106 0.00673668
502 0.810306 0.521632 0.00601704
503 0.810306 0.527135 0.00672696
504 0.810306 0.540412 0.00679045
505 0.810306 0.532422 0.00673145
506 0.810306 0.539472 0.00670541
507 0.810306 0.535804 0.00791349
508 0.810306 0.534821 0.00680815
509 0.810306 0.532408 0.00660915
510 0.810306 0.531035 0.00689501
511 0.810306 0.533544 0.00691617
512 0.810306 0.532455 0.00705589
513 0.810306 0.5321 0.00636364
514 0.810306 0.528788 0.00551931
515 0.810306 0.534305 0.00639703
516 0.810306 0.529804 0.00616679
517 0.810306 0.539034 0.00819324
518 0.810306 0.542232 0.00680004
519 0.810306 0.537009 0.00668665
520 0.810306 0.525024 0.00779539
521 0.810306 0.529503 0.00629959
522 0.810306 0.525454 0.00689269
523 0.810306 0.528113 0.00586454
524 0.810306 0.528977 0.00615037
525 0.810306 0.533179 0.00731841
526 0.810306 0.546229 0.00596785
527 0.810306 0.529792 0.00591765
528 0.810306 0.525801 0.00633234
529 0.810306 0.539657 0.0060352
530 0.810306 0.524803 0.00545898
531 0.810306 0.544134 0.00703613
532 0.810306 0.524004 0.0066594
533 0.810306 0.533123 0.00733579
534 0.810306 0.528834 0.00600876
535 0.810306 0.529407 0.00564351
536 0.810306 0.524592 0.00650404
537 0.810306 0.533373 0.00571997
538 0.810306 0.535737 0.00593757
539 0.810306 0.526025 0.00726053
540 0.810306 0.541482 0.00606367
541 0.810306 0.533278 0.00683521
542 0.810306 0.534821 0.00659485
543 0.810306 0.531202 0.00633929
544 0.810306 0.525801 0.00561237
545 0.810306 0.528566 0.00609826
546 0.810306 0.528106 0.00604464
547 0.810306 0.538772 0.00590876
548 0.810306 0.535088 0.00658859
549 0.810306 0.528972 0.00658785
550 0.810306 0.533405 0.00637193
551 0.810306 0.531157 0.00592372
552 0.810306 0.532304 0.00581337
553 0.810306 0.536013 0.00703605
554 0.810306 0.523545 0.00624406
555 0.810306 0.527445 0.00692272
556 0.810306 0.526093 0.00698794
557 0.810306 0.530892 0.00637311
558 0.810306 0.535985 0.00639841
559 0.810306 0.524658 0.00642894
560 0.810306 0.534117 0.00611879
561 0.810306 0.531449 0.00551495
562 0.810306 0.532203 0.0070859
563 0.818281 0.545367 0.00687874
564 0.818281 0.535349 0.00713375
565 0.818281 0.527593 0.00583625
566 0.818281 0.533616 0.00729424
567 0.818281 0.521761 0.00692555
568 0.818281 0.520283 0.00732665
569 0.818281 0.52318 0.00670042
570 0.818281 0.532003 0.00613175
571 0.818281 0.542206 0.0054926
572 0.818281 0.534067 0.00618151
573 0.818281 0.533224 0.0062103
574 0.818281 0.52596 0.00698557
575 0.818281 0.530944 0.00827726
576 0.818281 0.531668 0.00789881
577 0.818281 0.529154 0.00703886
578 0.818281 0.519809 0.00692808
579 0.818281 0.520932 0.00652082
580 0.818281 0.530972 0.00627418
581 0.818281 0.531 0.00653177
582 0.818281 0.533265 0.00721265
583 0.818281 0.525694 0.00652016
584 0.818281 0.524549 0.00612028
585 0.818281 0.525665 0.00687173
586 0.818281 0.527233 0.00634364
587 0.818281 0.524148 0.00602016
588 0.818281 0.535518 0.00701012
589 0.818281 0.527044 0.0069433
590 0.818281 0.535954 0.00530458
591 0.818281 0.526837 0.00696643
592 0.818281 0.536986 0.00786479
593 0.818281 0.536882 0.00640761
594 0.818281 0.536606 0.00626607
595 0.818281 0.530308 0.0063083
596 0.818281 0.527396 0.00570609
597 0.818281 0.538332 0.00650743
598 0.818281 0.530848 0.00666515
599 0.818281 0.528173 0.00719408
600 0.818281 0.533438 0.00647762
601 0.818281 0.536286 0.00638646
602 0.818281 0.532596 0.0071466
603 0.818281 0.535826 0.00648859
604 0.818281 0.530896 0.00620515
605 0.818281 0.533851 0.00591128
606 0.818281 0.532088 0.00610972
607 0.818281 0.535648 0.00587355
608 0.818281 0.538791 0.00653689
609 0.818281 0.525355 0.00683498
610 0.818281 0.536907 0.00573455
611 0.818281 0.529049 0.00640002
612 0.818281 0.526372 0.00601244
613 0.818281 0.535129 0.00620945
614 0.818281 0.540461 0.00642838
615 0.818281 0.538928 0.00647489
616 0.818281 0.537987 0.00637454
617 0.818281 0.536621 0.00630911
618 0.818281 0.537147 0.00709122
619 0.818281 0.528979 0.00642072
620 0.818281 0.52755 0.0071136
621 0.818281 0.528049 0.00655963
622 0.818281 0.531244 0.00676583
623 0.818281 0.541844 0.00712201
624 0.818281 0.532224 0.00788426
625 0.818281 0.532113 0.00845255
626 0.818281 0.534774 0.00757188
627 0.818281 0.539875 0.00749893
628 0.818281 0.533613 0.00595825
629 0.818281 0.538091 0.00722144
630 0.818281 0.542144 0.00777155
631 0.818281 0.536998 0.0066445
632 0.818281 0.53158 0.00632963
633 0.818281 0.528829 0.00634594
634 0.818281 0.529899 0.00810636
635 0.818281 0.531151 0.00651495
636 0.818281 0.537945 0.00681243
637 0.818281 0.532678 0.0060893
638 0.818281 0.536013 0.00643357
639 0.818281 0.534894 0.00672077
640 0.818281 0.535635 0.00650776
641 0.818281 0.525981 0.00654941
642 0.818281 0.535565 0.00674536
643 0.818281 0.530146 0.00648421
644 0.818281 0.53957 0.00706369
645 0.818281 0.539431 0.00710602
646 0.818281 0.531318 0.00752081
647 0.818281 0.531558 0.00633249
648 0.818281 0.526539 0.00730053
649 0.818281 0.538554 0.006776
650 0.818281 0.535207 0.00729061
651 0.818281 0.525755 0.00706082
652 0.818281 0.532375 0.00691479
653 0.818281 0.539297 0.00784595
654 0.818281 0.536986 0.00662727
655 0.818281 0.539394 0.00613778
656 0.818281 0.543666 0.00686291
657 0.818281 0.536557 0.00625938
658 0.818281 0.533484 0.00618784
659 0.818281 0.534345 0.0068348
660 0.818281 0.538785 0.00617313
661 0.818281 0.535382 0.00764332
662 0.818281 0.537955 0.0064359
663 0.818281 0.53224 0.00618484
664 0.818281 0.532862 0.00752604
665 0.818281 0.526115 0.00648926
666 0.818281 0.541998 0.00770234
667 0.818281 0.529771 0.00644809
668 0.818281 0.539959 0.00562215
669 0.818281 0.533889 0.00688573
670 0.818281 0.536603 0.00732779
671 0.818281 0.535519 0.00634288
672 0.818281 0.519891 0.00708184
673 0.818281 0.529623 0.00659807
674 0.818281 0.521723 0.00633758
675 0.818281 0.525399 0.00656691
676 0.818281 0.526194 0.00614695
677 0.818281 0.527843 0.00623549
678 0.818281 0.540672 0.0069216
679 0.818281 0.530006 0.00727765
680 0.818281 0.530877 0.00786439
681 0.818281 0.539422 0.00633161
682 0.818281 0.528429 0.00688097
683 0.818281 0.52535 0.00675966
684 0.818281 0.536036 0.00740099
685 0.818281 0.53605 0.00671536
686 0.818281 0.538456 0.00714485
687 0.818281 0.539822 0.00757417
688 0.818281 0.538164 0.006229
689 0.818281 0.522555 0.00718801
690 0.818281 0.521434 0.00764691
691 0.818281 0.527639 0.00698176
692 0.818281 0.537116 0.00603679
693 0.818281 0.543422 0.00765464
694 0.818281 0.525768 0.00609748
695 0.818281 0.530251 0.00633871
696 0.818281 0.525108 0.00588008
697 0.818281 0.544203 0.00643512
698 0.818281 0.530668 0.00606684
699 0.818281 0.528096 0.00639669
700 0.818281 0.534484 0.00556868
701 0.818281 0.518902 0.00702283
702 0.818281 0.535718 0.00707931
703 0.818281 0.538355 0.00651048
704 0.818281 0.533523 0.00705071
705 0.818281 0.53158 0.00594949
706 0.818281 0.527676 0.00545224
707 0.818281 0.532776 0.00565484
708 0.818281 0.531868 0.00590188
709 0.818281 0.528073 0.0062585
710 0.819888 0.533503 0.00828299
711 0.819888 0.542597 0.00506753
712 0.819888 0.534939 0.00617768
713 0.819888 0.524677 0.00640201
714 0.819888 0.530968 0.00793306
715 0.819888 0.523615 0.00717428
716 0.819888 0.537573 0.00681926
717 0.819888 0.536228 0.00592251
718 0.819888 0.523612 0.00715142
719 0.819888 0.531447 0.00594892
720 0.819888 0.530414 0.00537481
721 0.819888 0.534448 0.00704811
722 0.819888 0.540438 0.00602641
723 0.819888 0.52786 0.00665591
724 0.819888 0.531241 0.00608412
725 0.819888 0.5282 0.00698022
726 0.82022 0.532807 0.007221
727 0.82022 0.533585 0.0068383
728 0.82022 0.539308 0.00625359
729 0.82022 0.531152 0.00608769
730 0.82022 0.535422 0.00684537
731 0.82022 0.525609 0.00712646
732 0.82022 0.535747 0.00723086
733 0.82022 0.537133 0.00663814
734 0.82022 0.541561 0.00579053
735 0.82022 0.542276 0.00604695
736 0.82022 0.528482 0.00615793
737 0.82022 0.539473 0.00659118
738 0.82022 0.530909 0.00680282
739 0.82022 0.537524 0.00757264
740 0.82022 0.544592 0.00662918
741 0.82022 0.530844 0.00687358
742 0.82022 0.528257 0.0064197
743 0.82022 0.526589 0.00793204
744 0.82022 0.539548 0.0066542
745 0.82022 0.530396 0.00689406
746 0.82022 0.527793 0.00703329
747 0.82022 0.533182 0.00644071
748 0.82022 0.533698 0.00620978
749 0.82022 0.526793 0.00587442
750 0.82022 0.535026 0.00688302
751 0.82022 0.534723 0.00699553
752 0.82022 0.53305 0.0068764
753 0.82022 0.543537 0.00734924
754 0.82022 0.538856 0.0058441
755 0.82022 0.534778 0.00624748
756 0.82022 0.549884 0.00697574
757 0.82022 0.534196 0.00709725
758 0.82022 0.533132 0.00775384
759 0.82022 0.538397 0.0058588
760 0.82022 0.528553 0.00602727
761 0.82022 0.532214 0.00663583
762 0.82022 0.531912 0.00762662
763 0.82022 0.533087 0.00629517
764 0.82022 0.534722 0.0075412
765 0.82022 0.542057 0.00803876
766 0.82022 0.531872 0.00649705
767 0.82022 0.535464 0.00694185
768 0.82022 0.53011 0.00644723
769 0.82022 0.536377 0.00659097
770 0.82022 0.537724 0.0067428
771 0.82022 0.533691 0.00641176
772 0.82022 0.533394 0.00671267
773 0.82022 0.527568 0.00666247
774 0.82022 0.536444 0.00658865
775 0.82022 0.53818 0.00683922
776 0.82022 0.537617 0.00723852
777 0.82022 0.537354 0.00805592
778 0.82022 0.536181 0.00616389
779 0.82022 0.53481 0.00652992
780 0.82022 0.528404 0.00732764
781 0.82022 0.53664 0.00643086
782 0.82022 0.539548 0.00618929
783 0.82022 0.545626 0.00804019
784 0.82022 0.545883 0.00721406
785 0.82022 0.541831 0.00761963
786 0.82022 0.544307 0.00813183
787 0.82022 0.545074 0.0077064
788 0.82022 0.531067 0.00750116
789 0.82022 0.527893 0.00654821
790 0.82022 0.53828 0.00668238
791 0.82022 0.539464 0.00579972
792 0.82022 0.527826 0.0068352
793 0.82022 0.533454 0.00637557
794 0.82022 0.544556 0.00594486
795 0.82022 0.532122 0.00635985
796 0.82022 0.534528 0.005524
797 0.82022 0.536056 0.00658789
798 0.82022 0.536832 0.00596246
799 0.82022 0.549644 0.00731187
800 0.82022 0.53429 0.00683184
801 0.82022 0.535861 0.00522418
802 0.82022 0.536283 0.00644737
803 0.82022 0.527929 0.00602279
804 0.82022 0.542198 0.00713794
805 0.82022 0.541478 0.00687584
806 0.82022 0.538601 0.00723545
807 0.82022 0.536184 0.00576624
808 0.82022 0.538946 0.00605255
809 0.82022 0.537166 0.00702919
810 0.82022 0.52559 0.00604475
811 0.82022 0.544732 0.00639973
812 0.82022 0.55243 0.00642094
813 0.82022 0.547037 0.00592867
814 0.82022 0.546537 0.00605635
815 0.821661 0.54045 0.00700045
816 0.821661 0.541301 0.00652811
817 0.821661 0.541287 0.00668773
818 0.821661 0.541141 0.00678143
819 0.821661 0.544701 0.00789364
820 0.821661 0.538145 0.00650681
821 0.821661 0.547923 0.00892511
822 0.821661 0.542866 0.00734589
823 0.821661 0.536532 0.00653479
824 0.821661 0.531995 0.00705539
825 0.821661 0.533111 0.00743245
826 0.821661 0.535611 0.00660934
827 0.821661 0.532486 0.00721939
828 0.821661 0.543676 0.00701339
829 0.821661 0.534449 0.00694805
830 0.821661 0.532489 0.0078112
831 0.821661 0.536593 0.00754559
832 0.821661 0.533088 0.00631896
833 0.821661 0.535155 0.00677096
834 0.821661 0.532799 0.0057739
835 0.821661 0.539079 0.00702778
836 0.821661 0.533433 0.0073114
837 0.821661 0.533814 0.00698894
838 0.821661 0.527443 0.00699848
839 0.821661 0.519199 0.00645483
840 0.821661 0.52268 0.00662567
841 0.821661 0.523559 0.00620695
842 0.821661 0.527298 0.00636989
843 0.821661 0.530009 0.00680616
844 0.821661 0.534262 0.00692361
845 0.821661 0.534433 0.00689889
846 0.821661 0.529961 0.00600363
847 0.821661 0.54201 0.00714548
848 0.821661 0.534709 0.00726694
849 0.821661 0.54064 0.00827401
850 0.821661 0.542656 0.0059601
851 0.821661 0.549645 0.00647135
852 0.821661 0.54711 0.00711615
853 0.821661 0.545531 0.00760712
854 0.821661 0.552708 0.00714411
855 0.821661 0.534627 0.00675358
856 0.821661 0.536901 0.00657881
857 0.821661 0.541842 0.00632681
858 0.821661 0.540437 0.00654191
859 0.821661 0.538974 0.00732705
860 0.821661 0.546709 0.00600394
861 0.821661 0.537107 0.00685617
862 0.821661 0.532966 0.00690171
863 0.821661 0.528668 0.00640687
864 0.821661 0.532377 0.00581051
865 0.821661 0.537709 0.00688243
866 0.821661 0.54318 0.00667552
867 0.821661 0.543129 0.00733227
868 0.821661 0.53534 0.00658447
869 0.821661 0.529865 0.00848736
870 0.821661 0.535222 0.00841654
871 0.821661 0.540762 0.00688957
872 0.821661 0.538181 0.00619923
873 0.821661 0.528133 0.00676188
874 0.821661 0.533014 0.00759295
875 0.821661 0.5358 0.00674131
876 0.821661 0.543535 0.00707747
877 0.821661 0.541759 0.00610302
878 0.821661 0.538797 0.00795833
879 0.821661 0.53499 0.0071209
880 0.821661 0.536031 0.00557159
881 0.821661 0.528458 0.00654474
882 0.821661 0.534567 0.00667131
883 0.821661 0.530255 0.00708188
884 0.821661 0.536181 0.0059094
885 0.821661 0.531743 0.00615384
886 0.821661 0.530902 0.00576884
887 0.821661 0.534686 0.00697582
888 0.821661 0.532004 0.0066831
889 0.821661 0.519395 0.00712256
890 0.821661 0.535788 0.00637101
891 0.821661 0.536091 0.0058826
892 0.821661 0.539367 0.00605155
893 0.821661 0.530047 0.00771899
894 0.821661 0.531267 0.00784988
895 0.821661 0.542335 0.00697219
896 0.821661 0.545935 0.00798436
897 0.821661 0.528911 0.00672544
898 0.821661 0.540783 0.00618765
899 0.821661 0.54573 0.00775379
900 0.821661 0.536996 0.00612303
901 0.821661 0.528648 0.00720214
902 0.821661 0.532658 0.00630647
903 0.821661 0.540666 0.00713101
904 0.821661 0.5388 0.00629771
905 0.83211 0.5332 0.00780337
906 0.83211 0.529516 0.0063945
907 0.83211 0.532099 0.00644075
908 0.83211 0.531473 0.00649416
909 0.83211 0.527263 0.00671872
910 0.83211 0.532263 0.00615571
911 0.83211 0.542332 0.00736752
912 0.83211 0.53597 0.00714386
913 0.83211 0.542521 0.00695856
914 0.83211 0.534993 0.00647273
915 0.83211 0.536443 0.00765466
916 0.83211 0.535661 0.00731002
917 0.83211 0.534258 0.00731861
918 0.83211 0.53612 0.00647234
919 0.83211 0.537844 0.00667681
920 0.83211 0.544258 0.00742393
921 0.83211 0.534066 0.0072464
922 0.83211 0.541778 0.00735374
923 0.83211 0.535158 0.00717718
924 0.83211 0.542442 0.00671155
925 0.83211 0.537005 0.00659005
926 0.83211 0.533342 0.00677224
927 0.83211 0.537953 0.00670861
928 0.83211 0.546006 0.00597427
929 0.83211 0.536903 0.00810801
930 0.83211 0.538663 0.00681367
931 0.83211 0.538818 0.00786363
932 0.83211 0.544867 0.00936146
933 0.83211 0.549885 0.00659437
934 0.83211 0.534651 0.00761519
935 0.83211 0.542247 0.00739547
936 0.83211 0.537407 0.00680797
937 0.83211 0.536281 0.00683129
938 0.83211 0.544269 0.00615828
939 0.83211 0.530882 0.00653299
940 0.83211 0.539743 0.00654575
941 0.83211 0.539271 0.00656272
942 0.83211 0.537922 0.00637967
943 0.83211 0.545756 0.00630514
944 0.83211 0.539668 0.00595174
945 0.83211 0.541369 0.00593207
946 0.83211 0.540112 0.00653524
947 0.83211 0.530253 0.00638804
948 0.83211 0.534582 0.00614737
949 0.83211 0.530916 0.00704998
950 0.83211 0.534466 0.00641118
951 0.83211 0.521764 0.00741241
952 0.83211 0.53135 0.0075016
953 0.83211 0.539835 0.0074854
954 0.83211 0.537643 0.00790896
955 0.83211 0.538357 0.00691917
956 0.83211 0.538708 0.00807198
957 0.83211 0.543277 0.00714691
958 0.83211 0.538817 0.00755924
959 0.83211 0.54133 0.00697959
960 0.83211 0.549628 0.00677588
961 0.83211 0.548247 0.00746316
962 0.83211 0.534191 0.00660759
963 0.83211 0.528958 0.00840176
964 0.83211 0.536835 0.00666975
965 0.83211 0.538645 0.00676693
966 0.83211 0.539647 0.00647302
967 0.83211 0.537299 0.00721509
968 0.83211 0.528829 0.00769947
969 0.83211 0.536473 0.00606513
970 0.83211 0.534331 0.00627655
971 0.83211 0.536359 0.00660306
972 0.83211 0.52794 0.00727258
973 0.83211 0.525616 0.00619514
974 0.83211 0.53293 0.00714141
975 0.83211 0.533749 0.00792283
976 0.83211 0.531927 0.00820336
977 0.83211 0.535015 0.00719862
978 0.83211 0.546101 0.00765337
979 0.83211 0.541952 0.00734493
980 0.83211 0.532283 0.00659233
981 0.83211 0.531164 0.00630465
982 0.83211 0.538919 0.00581694
983 0.83211 0.533412 0.00627078
984 0.83211 0.530622 0.00739798
985 0.83211 0.535775 0.00716748
986 0.83211 0.537699 0.00638368
987 0.83211 0.543335 0.00766095
988 0.83211 0.539146 0.00670207
989 0.83211 0.529668 0.0070944
990 0.83211 0.526339 0.00724612
991 0.83211 0.531915 0.00669215
992 0.83211 0.538856 0.00612483
993 0.83211 0.536683 0.00672394
994 0.83211 0.536141 0.00681576
995 0.83211 0.544042 0.00655229
996 0.83211 0.532918 0.00656789
997 0.83211 0.526169 0.00666248
998 0.83211 0.525623 0.00610487
999 0.83211 0.532212 0.00638452
1000 0.83211 0.51861 0.00690709
1001 0.83211 0.533322 0.0067565
1002 0.83211 0.534838 0.00719296
1003 0.83211 0.526144 0.00828111
1004 0.83211 0.530183 0.00723822
1005 0.83211 0.547611 0.00706259
1006 0.83211 0.534847 0.00760644
1007 0.83211 0.530535 0.00782525
1008 0.83211 0.536323 0.00705765
1009 0.83211 0.541692 0.00832321
1010 0.83211 0.537676 0.00711251
1011 0.83211 0.525529 0.00812032
1012 0.83211 0.524737 0.00800792
1013 0.83211 0.521137 0.0064963
1014 0.83211 0.5302 0.00746312
1015 0.83211 0.533677 0.00841337
1016 0.83211 0.533819 0.00719787
1017 0.83211 0.524129 0.00654977
1018 0.83211 0.531317 0.00706859
1019 0.83211 0.534801 0.00661234
1020 0.83211 0.535337 0.00729337
1021 0.83211 0.532601 0.00733988
1022 0.83211 0.538228 0.00688018
1023 0.83211 0.532085 0.00803289
1024 0.83211 0.530489 0.00695525
1025 0.83211 0.535105 0.00677697
1026 0.83211 0.53176 0.00608685
1027 0.83211 0.536231 0.00607558
1028 0.83211 0.53615 0.00651848
1029 0.83211 0.531897 0.00631001
1030 0.83211 0.521315 0.00774594
1031 0.83211 0.531822 0.00654153
1032 0.83211 0.527976 0.00767226
1033 0.83211 0.526348 0.00736561
1034 0.83211 0.535158 0.00640241
1035 0.83211 0.532981 0.00659673
1036 0.83211 0.526631 0.00774349
1037 0.83211 0.537182 0.00729376
1038 0.83211 0.5322 0.0080155
1039 0.83211 0.528896 0.00746982
1040 0.83211 0.534156 0.00680972
1041 0.83211 0.53281 0.00783933
1042 0.83211 0.527822 0.00726829
1043 0.83211 0.525441 0.00645773
1044 0.83211 0.534131 0.00639436
1045 0.83211 0.542141 0.00694946
1046 0.83211 0.530694 0.00637107
1047 0.83211 0.529551 0.00739829
1048 0.83211 0.533767 0.00782331
1049 0.83211 0.530813 0.00772246
1050 0.83211 0.535144 0.00840451
1051 0.83211 0.53204 0.00720304
1052 0.83211 0.530956 0.00645385
1053 0.83211 0.529407 0.00775507
1054 0.83211 0.534828 0.0068474
1055 0.83211 0.531314 0.0075751
1056 0.83211 0.52794 0.00723126
1057 0.83211 0.525662 0.00602598
1058 0.83211 0.539093 0.00658318
1059 0.83211 0.538165 0.00693888
1060 0.83211 0.5288 0.00895636
1061 0.83211 0.535099 0.00683121
1062 0.83211 0.534554 0.00654464
1063 0.83211 0.534927 0.00625932
1064 0.83211 0.534301 0.00731364
1065 0.83211 0.526996 0.00816073
1066 0.83211 0.535173 0.00661534
1067 0.83211 0.539658 0.00668336
1068 0.83211 0.536585 0.00715252
1069 0.83211 0.525275 0.0081052
1070 0.83211 0.528857 0.00687157
1071 0.83211 0.533203 0.00769714
1072 0.83211 0.531994 0.00650624
1073 0.83211 0.536147 0.0071466
1074 0.83211 0.524147 0.00733167
1075 0.83211 0.534616 0.00718458
1076 0.832969 0.538755 0.00770318
1077 0.832969 0.547223 0.00767352
1078 0.832969 0.533115 0.00731507
1079 0.832969 0.527255 0.00672886
1080 0.832969 0.527299 0.00714857
1081 0.832969 0.519838 0.00820876
1082 0.832969 0.518194 0.00743704
1083 0.832969 0.535392 0.00689214
1084 0.836958 0.53544 0.00695464
1085 0.836958 0.540457 0.0068412
1086 0.836958 0.529319 0.00743247
1087 0.836958 0.538165 0.00790691
1088 0.836958 0.532734 0.00806738
1089 0.836958 0.54145 0.00788231
1090 0.836958 0.539972 0.0076734
1091 0.836958 0.53607 0.00895054
1092 0.836958 0.532467 0.00666219
1093 0.836958 0.538753 0.00653328
1094 0.836958 0.529307 0.00732915
1095 0.836958 0.540193 0.00727426
1096 0.836958 0.547415 0.0073407
1097 0.836958 0.533373 0.00893506
1098 0.836958 0.540901 0.00838942
1099 0.836958 0.546843 0.00703706
1100 0.836958 0.54657 0.00695238
1101 0.836958 0.544325 0.00736213
1102 0.836958 0.540246 0.00689395
1103 0.836958 0.543251 0.00675202
1104 0.836958 0.548485 0.00689654
1105 0.836958 0.548708 0.00795729
1106 0.836958 0.545436 0.00781724
1107 0.836958 0.548105 0.00851973
1108 0.836958 0.546868 0.00667467
1109 0.836958 0.549149 0.00658254
1110 0.836958 0.547274 0.00828117
1111 0.836958 0.546439 0.00733151
1112 0.836958 0.53568 0.0071234
1113 0.836958 0.538237 0.00770908
1114 0.836958 0.539243 0.00694508
1115 0.836958 0.545427 0.00729981
1116 0.836958 0.538104 0.00677083
1117 0.836958 0.538588 0.00622699
1118 0.836958 0.53681 0.00658102
1119 0.836958 0.530359 0.00639559
1120 0.836958 0.521771 0.00705241
1121 0.836958 0.530569 0.00792744
1122 0.836958 0.52457 0.00777411
1123 0.836958 0.531314 0.00736789
1124 0.836958 0.526106 0.00656491
1125 0.836958 0.530577 0.00742894
1126 0.836958 0.534718 0.00682926
1127 0.836958 0.534083 0.00698956
1128 0.836958 0.527345 0.00758014
1129 0.836958 0.529926 0.00739253
1130 0.836958 0.538675 0.0075106
1131 0.836958 0.528598 0.00709158
1132 0.836958 0.525213 0.00661803
1133 0.836958 0.538414 0.00679118
1134 0.836958 0.532385 0.00619497
1135 0.836958 0.53281 0.00660933
1136 0.836958 0.535926 0.00718709
1137 0.836958 0.53582 0.00754505
1138 0.836958 0.538663 0.00680034
1139 0.836958 0.540495 0.00768732
1140 0.836958 0.536136 0.00781236
1141 0.836958 0.547574 0.00649116
1142 0.836958 0.54791 0.00724237
1143 0.836958 0.535579 0.00660111
1144 0.836958 0.542883 0.00629571
1145 0.836958 0.534308 0.00637726
1146 0.836958 0.538861 0.00699625
1147 0.836958 0.53519 0.00670401
1148 0.836958 0.529624 0.0080154
1149 0.836958 0.537734 0.00616183
1150 0.836958 0.530384 0.00690371
1151 0.836958 0.529796 0.006564
1152 0.836958 0.537894 0.00718845
1153 0.836958 0.541444 0.00744043
1154 0.836958 0.537976 0.00738957
1155 0.836958 0.538754 0.00638627
1156 0.836958 0.533084 0.00785554
1157 0.836958 0.531691 0.00772149
1158 0.836958 0.530912 0.00768075
1159 0.836958 0.537012 0.0062849
1160 0.836958 0.544726 0.00635813
1161 0.836958 0.544489 0.00718121
1162 0.836958 0.531021 0.00659304
1163 0.836958 0.538527 0.00704298
1164 0.836958 0.535017 0.00709824
1165 0.836958 0.525376 0.00675531
1166 0.836958 0.530199 0.00680943
1167 0.836958 0.528614 0.0081736
1168 0.836958 0.520573 0.00687892
1169 0.836958 0.52903 0.00745557
1170 0.836958 0.534425 0.00677778
1171 0.836958 0.526427 0.00758484
1172 0.836958 0.531186 0.00659269
1173 0.836958 0.520612 0.0071567
1174 0.836958 0.523479 0.00743952
1175 0.836958 0.526356 0.00719919
1176 0.836958 0.522919 0.00816517
1177 0.836958 0.53799 0.00636636
1178 0.836958 0.536165 0.00734561
1179 0.836958 0.532801 0.00746328
1180 0.836958 0.537236 0.00723236
1181 0.836958 0.536269 0.00783775
1182 0.836958 0.533382 0.00760344
1183 0.836958 0.534276 0.00676492
1184 0.836958 0.53419 0.00687084
1185 0.836958 0.531464 0.00663043
1186 0.836958 0.536368 0.00636245
1187 0.836958 0.534721 0.00697774
1188 0.836958 0.535962 0.00759579
1189 0.836958 0.531787 0.00784486
1190 0.842885 0.533252 0.00790342
1191 0.842885 0.539814 0.00675221
1192 0.842885 0.537486 0.0075387
1193 0.842885 0.535269 0.00714923
1194 0.842885 0.534305 0.00697499
1195 0.842885 0.540848 0.00803348
1196 0.842885 0.52493 0.00789524
1197 0.842885 0.524204 0.00745908
1198 0.842885 0.53728 0.00719639
1199 0.842885 0.536151 0.00778475
1200 0.842885 0.532084 0.00679269
1201 0.842885 0.523067 0.00738519
1202 0.842885 0.535032 0.00751756
1203 0.842885 0.528858 0.00781025
1204 0.842885 0.527515 0.00658944
1205 0.842885 0.537483 0.00709166
1206 0.842885 0.535227 0.00666505
1207 0.842885 0.53942 0.00695761
1208 0.842885 0.535682 0.00729741
1209 0.842885 0.528225 0.00715335
1210 0.842885 0.533495 0.00665338
1211 0.842885 0.525411 0.00766206
1212 0.842885 0.535878 0.0066103
1213 0.842885 0.539176 0.00659117
1214 0.842885 0.53089 0.00707874
1215 0.842885 0.532196 0.00804825
1216 0.842885 0.533613 0.00795075
1217 0.842885 0.523456 0.00736045
1218 0.842885 0.529041 0.00769226
1219 0.842885 0.525818 0.00714183
1220 0.842885 0.535925 0.00666499
1221 0.842885 0.529455 0.00690657
1222 0.842885 0.538086 0.00692337
1223 0.842885 0.52938 0.00728035
1224 0.842885 0.535278 0.00683372
1225 0.842885 0.538487 0.00665869
1226 0.842885 0.532921 0.00700596
1227 0.842885 0.529319 0.0076725
1228 0.842885 0.533408 0.00668857
1229 0.842885 0.536362 0.00646252
1230 0.842885 0.535387 0.00665428
1231 0.842885 0.536408 0.00671881
1232 0.842885 0.540086 0.00693989
1233 0.842885 0.5514 0.00797227
1234 0.842885 0.535409 0.00716911
1235 0.842885 0.531601 0.00621273
1236 0.842885 0.543757 0.00707307
1237 0.842885 0.532456 0.00703014
1238 0.842885 0.541871 0.00714692
1239 0.842885 0.539558 0.00669053
1240 0.842885 0.533355 0.00816639
1241 0.842885 0.537764 0.00729611
1242 0.842885 0.534821 0.00749564
1243 0.842885 0.544357 0.00742095
1244 0.842885 0.5337 0.00695771
1245 0.842885 0.538843 0.00680767
1246 0.842885 0.53292 0.00873053
1247 0.842885 0.533063 0.00691321
1248 0.842885 0.535639 0.00863671
1249 0.842885 0.529012 0.00863854
1250 0.842885 0.550728 0.00793501
1251 0.842885 0.536557 0.0075578
1252 0.842885 0.543782 0.00763886
1253 0.842885 0.537577 0.00706606
1254 0.842885 0.542416 0.00672049
1255 0.842885 0.532349 0.00890342
1256 0.842885 0.534792 0.00777429
1257 0.842885 0.533297 0.0070495
1258 0.842885 0.540635 0.00768711
1259 0.842885 0.533909 0.00807539
1260 0.842885 0.534769 0.00758966
1261 0.842885 0.537578 0.00660126
1262 0.842885 0.550513 0.00908028
1263 0.842885 0.536766 0.00759345
1264 0.842885 0.531109 0.00759448
1265 0.842885 0.534297 0.00694872
1266 0.842885 0.528575 0.00762518
1267 0.842885 0.539462 0.00749125
1268 0.842885 0.537342 0.00740757
1269 0.842885 0.539338 0.00674711
1270 0.842885 0.541739 0.00708501
1271 0.842885 0.539573 0.00737832
1272 0.842885 0.541553 0.00694951
1273 0.842885 0.532874 0.00661051
1274 0.842885 0.541259 0.00719813
1275 0.842885 0.537674 0.00738179
1276 0.842885 0.541812 0.00690532
1277 0.842885 0.536407 0.00736411
1278 0.842885 0.541438 0.00659208
1279 0.842885 0.536591 0.00654785
1280 0.842885 0.533182 0.00648539
1281 0.842885 0.537247 0.00679939
1282 0.842885 0.538476 0.0069253
1283 0.842885 0.538399 0.00721573
1284 0.842885 0.538268 0.00722199
1285 0.842885 0.541816 0.00687364
1286 0.842885 0.534068 0.00738355
1287 0.842885 0.537049 0.0067209
1288 0.842885 0.537238 0.0065346
1289 0.842885 0.54058 0.00619815
1290 0.842885 0.52767 0.00766508
1291 0.842885 0.536993 0.00707346
1292 0.842885 0.525804 0.00796782
1293 0.842885 0.539889 0.00699349
1294 0.842885 0.532118 0.00689058
1295 0.842885 0.526558 0.00846335
1296 0.842885 0.545336 0.00738804
1297 0.842885 0.532167 0.00720423
1298 0.842885 0.539335 0.00768566
1299 0.842885 0.525392 0.00760622
1300 0.842885 0.527688 0.00770924
1301 0.842885 0.538882 0.00662711
1302 0.842885 0.541788 0.00785701
1303 0.842885 0.542497 0.00660147
1304 0.842885 0.535888 0.00656955
1305 0.842885 0.535266 0.00739201
1306 0.842885 0.538809 0.00764464
1307 0.842885 0.533359 0.00762447
1308 0.842885 0.529843 0.00717959
1309 0.842885 0.543336 0.00776421
1310 0.842885 0.537353 0.00673474
1311 0.842885 0.534554 0.00762956
1312 0.842885 0.534025 0.00760306
1313 0.842885 0.532531 0.00626696
1314 0.842885 0.540516 0.00746364
1315 0.842885 0.54124 0.00778654
1316 0.842885 0.528119 0.0070087
1317 0.842885 0.532356 0.00678411
1318 0.842885 0.533931 0.00727577
1319 0.842885 0.53864 0.00877225
1320 0.842885 0.536644 0.00680034
1321 0.842885 0.541877 0.00850479
1322 0.842885 0.540833 0.00802134
1323 0.842885 0.535796 0.00767485
1324 0.842885 0.53768 0.00854279
1325 0.842885 0.536707 0.00924421
1326 0.842885 0.541139 0.00812264
1327 0.842885 0.533843 0.00828468
1328 0.842885 0.539213 0.00631727
1329 0.842885 0.541511 0.00716351
1330 0.842885 0.544069 0.00756069
1331 0.842885 0.54736 0.00656044
1332 0.842885 0.535346 0.00658734
1333 0.842885 0.543987 0.00811703
1334 0.842885 0.529399 0.00814848
1335 0.842885 0.533661 0.00669777
1336 0.842885 0.535491 0.00736193
1337 0.842885 0.540925 0.00698623
1338 0.842885 0.538192 0.00714528
1339 0.842885 0.532988 0.00753642
1340 0.842885 0.534472 0.00787422
1341 0.842885 0.545792 0.00806808
1342 0.842885 0.535788 0.00780933
1343 0.842885 0.537446 0.00785017
1344 0.842885 0.534617 0.00790546
1345 0.842885 0.537548 0.00699375
1346 0.843659 0.525814 0.00762328
1347 0.843659 0.528963 0.00789853
1348 0.843659 0.528161 0.00840815
1349 0.843659 0.535091 0.00807128
1350 0.843659 0.538298 0.00667198
1351 0.843659 0.530159 0.00720215
1352 0.843659 0.536116 0.00796069
1353 0.843659 0.532909 0.00733848
1354 0.843659 0.524779 0.00770063
1355 0.843659 0.535593 0.00638472
1356 0.843659 0.54222 0.00759224
1357 0.843659 0.531825 0.00790562
1358 0.843659 0.535506 0.00759178
1359 0.843659 0.535757 0.0069624
1360 0.843659 0.531645 0.00825394
1361 0.843659 0.530866 0.00757122
1362 0.843659 0.536041 0.00767688
1363 0.843659 0.533029 0.00723058
1364 0.843659 0.536673 0.00691407
1365 0.843659 0.540037 0.00698707
1366 0.843659 0.53573 0.00808555
1367 0.843659 0.541578 0.00852844
1368 0.843659 0.551684 0.00885349
1369 0.843659 0.544064 0.00795682
1370 0.843659 0.539635 0.00817044
1371 0.843659 0.536579 0.00801963
1372 0.843659 0.542009 0.00764732
1373 0.843659 0.538992 0.00716303
1374 0.843659 0.542405 0.0076452
1375 0.843659 0.541752 0.00710159
1376 0.843659 0.528289 0.00689033
1377 0.843659 0.547566 0.00758547
1378 0.843659 0.545689 0.00740212
1379 0.843659 0.545428 0.00819027
1380 0.843659 0.53109 0.00781705
1381 0.843659 0.532117 0.00717523
1382 0.843659 0.531124 0.00734292
1383 0.843659 0.529559 0.0073983
1384 0.843659 0.535171 0.00734952
1385 0.843659 0.528964 0.00732437
1386 0.843659 0.541258 0.00697883
1387 0.843659 0.539643 0.00821863
1388 0.843659 0.519566 0.00713385
1389 0.843659 0.531643 0.00729263
1390 0.843659 0.525823 0.00684237
1391 0.843659 0.525843 0.00771996
1392 0.843659 0.537829 0.00833615
1393 0.843659 0.531543 0.0070263
1394 0.843659 0.530625 0.00762881
1395 0.843659 0.531154 0.00826467
1396 0.843659 0.540409 0.00959551
1397 0.843659 0.537538 0.00752036
1398 0.843659 0.531403 0.00748551
1399 0.843659 0.529624 0.00834976
1400 0.843659 0.54315 0.0071195
1401 0.843659 0.545664 0.0081562
1402 0.843659 0.542269 0.00759096
1403 0.843659 0.545662 0.00725686
1404 0.843659 0.531433 0.00788242
1405 0.843659 0.535319 0.00723705
1406 0.843659 0.53247 0.00744614
1407 0.843659 0.527266 0.00716238
1408 0.843659 0.537436 0.00652687
1409 0.843659 0.535641 0.00672291
1410 0.843659 0.537976 0.00690889
1411 0.843659 0.528022 0.00672022
1412 0.843659 0.53496 0.00781316
1413 0.843659 0.542212 0.00739789
1414 0.843659 0.533906 0.00664903
1415 0.843659 0.524647 0.0077389
1416 0.843659 0.544354 0.00714099
1417 0.843659 0.522888 0.0073407
1418 0.843659 0.535805 0.00866858
1419 0.843659 0.545675 0.00640175
1420 0.843659 0.536262 0.00685798
1421 0.843659 0.527918 0.00687493
1422 0.843659 0.537983 0.00742982
1423 0.843659 0.537292 0.00749881
1424 0.843659 0.544417 0.00663674
1425 0.843659 0.545128 0.0074886
1426 0.843659 0.556399 0.00800601
1427 0.843659 0.537089 0.00714004
1428 0.843659 0.541212 0.00679311
1429 0.843659 0.538545 0.00831345
1430 0.843659 0.533337 0.00811356
1431 0.843659 0.527222 0.00776607
1432 0.843659 0.538527 0.00815279
1433 0.843659 0.541496 0.00754198
1434 0.843659 0.529297 0.00786262
1435 0.843659 0.534092 0.00723811
1436 0.843659 0.536204 0.0072875
1437 0.843659 0.538475 0.00690136
1438 0.843659 0.535951 0.00770966
1439 0.843659 0.539944 0.00679163
1440 0.843659 0.531693 0.00695203
1441 0.843659 0.542064 0.00689518
1442 0.843659 0.534992 0.00768191
1443 0.843659 0.525171 0.00773922
1444 0.843659 0.534974 0.00718772
1445 0.843659 0.540714 0.00859664
1446 0.843659 0.538615 0.00778914
1447 0.843659 0.538722 0.00710191
1448 0.843659 0.536781 0.00822821
1449 0.843659 0.530838 0.00794142
1450 0.843659 0.527716 0.00797277
1451 0.843659 0.529436 0.006567
1452 0.843659 0.527059 0.00674447
1453 0.843659 0.535021 0.00691361
1454 0.843659 0.537201 0.00638569
1455 0.843659 0.535509 0.00658665
1456 0.843659 0.528587 0.00688712
1457 0.843659 0.527541 0.00691069
1458 0.843659 0.530027 0.00704312
1459 0.843659 0.526709 0.00697025
1460 0.843659 0.529376 0.00668471
1461 0.843659 0.535434 0.00667927
1462 0.843659 0.538192 0.00822913
1463 0.843659 0.530504 0.00842894
1464 0.843659 0.535723 0.00746943
1465 0.843659 0.533902 0.0082541
1466 0.843659 0.532162 0.00740757
1467 0.843659 0.536116 0.00643575
1468 0.843659 0.525183 0.00670592
1469 0.843659 0.541609 0.00735269
1470 0.843659 0.543823 0.00664956
1471 0.843659 0.542577 0.00765601
1472 0.843659 0.541275 0.0071086
1473 0.843659 0.544915 0.0073842
1474 0.843659 0.544613 0.00861987
1475 0.843659 0.536354 0.00774428
1476 0.843659 0.543995 0.00623716
1477 0.843659 0.534904 0.00739128
1478 0.843659 0.526124 0.00744718
1479 0.843659 0.540668 0.00736762
1480 0.843659 0.540282 0.00705026
1481 0.843659 0.53158 0.00811967
1482 0.843659 0.543373 0.00813571
1483 0.843659 0.534388 0.00695005
1484 0.843659 0.540679 0.0075444
1485 0.843659 0.543709 0.00701343
1486 0.843659 0.53486 0.00732394
1487 0.843659 0.535051 0.00834488
1488 0.843659 0.531798 0.0072184
1489 0.843659 0.538891 0.00726628
1490 0.843659 0.538607 0.00641432
1491 0.843659 0.53677 0.00816494
1492 0.843659 0.544167 0.00664571
1493 0.843659 0.538352 0.00818265
1494 0.843659 0.535041 0.00720148
1495 0.843659 0.544189 0.00683192
1496 0.843659 0.537082 0.0076446
1497 0.843659 0.525999 0.00674182
1498 0.843659 0.529986 0.00730251
1499 0.843659 0.534051 0.00788617
1500 0.843659 0.520193 0.00817916
1501 0.843659 0.543187 0.00644286
1502 0.843659 0.53123 0.00740291
1503 0.843659 0.539078 0.00875067
1504 0.843659 0.534821 0.00708712
1505 0.843659 0.536127 0.00808888
1506 0.843659 0.542436 0.00710679
1507 0.843659 0.554228 0.00800065
1508 0.843659 0.539574 0.00678589
1509 0.843659 0.53525 0.00679897
1510 0.843659 0.536684 0.00713492
1511 0.843659 0.530072 0.00739266
1512 0.843659 0.539289 0.0070041
1513 0.843659 0.541379 0.00664224
1514 0.843659 0.528739 0.00698698
1515 0.843659 0.539636 0.00741993
1516 0.843659 0.543527 0.00844267
1517 0.843659 0.548032 0.00661524
1518 0.843659 0.538362 0.00625081
1519 0.843659 0.536401 0.0078395
1520 0.843659 0.536249 0.00758344
1521 0.843659 0.535427 0.00731963
1522 0.843659 0.533601 0.00793438
1523 0.843659 0.536925 0.00693466
1524 0.843659 0.532878 0.00707233
1525 0.843659 0.544605 0.00725416
1526 0.843659 0.534925 0.00733337
1527 0.843659 0.539042 0.00822077
1528 0.843659 0.528888 0.00733151
1529 0.843659 0.540798 0.0068622
1530 0.843659 0.539833 0.00721642
1531 0.843659 0.539973 0.00736786
1532 0.843659 0.533018 0.00705472
1533 0.843659 0.538838 0.00707103
1534 0.843659 0.526486 0.00709156
1535 0.843659 0.535505 0.00791596
1536 0.843659 0.542773 0.00734623
1537 0.843659 0.531393 0.00649864
1538 0.843659 0.523582 0.0072314
1539 0.843659 0.524003 0.00743759
1540 0.843659 0.524576 0.00832461
1541 0.843659 0.53911 0.00716561
1542 0.843659 0.528354 0.00757825
1543 0.843659 0.537345 0.00764961
1544 0.843659 0.529655 0.00739815
1545 0.843659 0.538253 0.00777892
1546 0.843659 0.531514 0.00780303
1547 0.843659 0.544944 0.00854282
1548 0.843659 0.534065 0.00822674
1549 0.843659 0.534698 0.00793412
1550 0.843659 0.541048 0.00759846
1551 0.843659 0.526488 0.00849922
1552 0.843659 0.536527 0.00657195
1553 0.843659 0.537285 0.00683136
1554 0.843659 0.540595 0.00712946
1555 0.843659 0.540337 0.00729346
1556 0.843659 0.535556 0.00679856
1557 0.843659 0.544841 0.00830498
1558 0.843659 0.528058 0.00771899
1559 0.843659 0.533005 0.00692493
1560 0.843659 0.538624 0.00843278
1561 0.843659 0.539105 0.00728402
1562 0.843659 0.531342 0.00650545
1563 0.843659 0.529624 0.00732162
1564 0.843659 0.534153 0.00657464
1565 0.843659 0.536462 0.00662087
1566 0.843659 0.537155 0.00845156
1567 0.843659 0.5309 0.00729443
1568 0.843659 0.531127 0.00684327
1569 0.843659 0.541153 0.00762346
1570 0.843659 0.539045 0.00755413
1571 0.843659 0.53553 0.00761714
1572 0.843659 0.537085 0.00699471
1573 0.843659 0.536844 0.0068717
1574 0.843659 0.538488 0.00641535
1575 0.843659 0.549202 0.00766948
1576 0.843659 0.538612 0.0078747
1577 0.843659 0.537907 0.00727272
1578 0.843659 0.539407 0.00646865
1579 0.843659 0.534749 0.00696789
1580 0.843659 0.536121 0.0067025
1581 0.843659 0.531314 0.0071846
1582 0.843659 0.53862 0.00702282
1583 0.843659 0.537895 0.00748515
1584 0.843659 0.539533 0.00664115
1585 0.843659 0.54007 0.00683795
1586 0.843659 0.536351 0.00644295
1587 0.843659 0.538752 0.00657723
1588 0.843659 0.533137 0.00775328
1589 0.843659 0.537914 0.00640578
1590 0.843659 0.530192 0.00711627
1591 0.843659 0.532472 0.00666621
1592 0.843659 0.534073 0.00723126
1593 0.843659 0.537972 0.00651206
1594 0.843659 0.529854 0.00703254
1595 0.843659 0.529199 0.0064252
1596 0.843659 0.523726 0.00774745
1597 0.843659 0.532854 0.00770537
1598 0.843659 0.532485 0.00739772
1599 0.843659 0.539267 0.00790222
1600 0.843659 0.530641 0.0079567
1601 0.843659 0.53648 0.00731168
1602 0.843659 0.53017 0.00639336
1603 0.843659 0.537445 0.00654421
1604 0.843659 0.535756 0.00772746
1605 0.843659 0.559081 0.0069
1606 0.843659 0.540983 0.00777285
1607 0.843659 0.537622 0.00646779
1608 0.843659 0.532222 0.00678658
1609 0.843659 0.534559 0.00775014
1610 0.843659 0.528854 0.00614325
1611 0.843659 0.52796 0.00700621
1612 0.843659 0.535365 0.00674757
1613 0.843659 0.527551 0.00728863
1614 0.843659 0.529624 0.00652589
1615 0.843659 0.537016 0.0087415
1616 0.843659 0.52647 0.00688103
1617 0.843659 0.530981 0.00708674
1618 0.843659 0.536254 0.00702782
1619 0.843659 0.537078 0.00671971
1620 0.843659 0.536245 0.00721762
1621 0.843659 0.5287 0.00686513
1622 0.843659 0.528963 0.00751491
1623 0.843659 0.525835 0.00680758
1624 0.843659 0.529165 0.00637887
1625 0.843659 0.52654 0.00757593
1626 0.843659 0.532976 0.00673437
1627 0.843659 0.531821 0.00748476
1628 0.843659 0.527972 0.00719224
1629 0.843659 0.525116 0.00615244
1630 0.843659 0.545957 0.00723723
1631 0.843659 0.524539 0.00796195
1632 0.843659 0.526922 0.00695514
1633 0.843659 0.548856 0.00691903
1634 0.843659 0.544126 0.00735078
1635 0.843659 0.542175 0.00765903
1636 0.843659 0.539344 0.00807758
1637 0.843659 0.540652 0.00761715
1638 0.843659 0.539741 0.00729348
1639 0.843659 0.535193 0.00834295
1640 0.843659 0.535511 0.00714651
1641 0.843659 0.545988 0.00793371
1642 0.843659 0.5372 0.00691296
1643 0.843659 0.535615 0.00715805
1644 0.843659 0.538253 0.00772696
1645 0.843659 0.537113 0.00796543
1646 0.843659 0.531642 0.00768695
1647 0.843659 0.527837 0.00709812
1648 0.843659 0.519755 0.00768103
1649 0.843659 0.524871 0.0073725
1650 0.843659 0.537726 0.00780099
1651 0.843659 0.53559 0.00821501
1652 0.843659 0.537971 0.00799834
1653 0.843659 0.526029 0.00738296
1654 0.843659 0.520859 0.00717598
1655 0.843659 0.530286 0.00769231
1656 0.843659 0.530357 0.0074645
1657 0.843659 0.52368 0.00783255
1658 0.843659 0.5321 0.00795464
1659 0.843659 0.527489 0.00775522
1660 0.843659 0.527852 0.00726868
1661 0.843659 0.534409 0.00645613
1662 0.843659 0.533796 0.00713527
1663 0.843659 0.524186 0.00718467
1664 0.843659 0.533061 0.00769386
1665 0.843659 0.535556 0.00762387
1666 0.843659 0.53684 0.00676879
1667 0.843659 0.534758 0.00718624
1668 0.843659 0.538336 0.00721332
1669 0.843659 0.537572 0.00696788
1670 0.843659 0.538869 0.00694735
1671 0.843659 0.537032 0.00769884
1672 0.843659 0.546713 0.00685033
1673 0.843659 0.550799 0.0060876
1674 0.843659 0.542863 0.00818424
1675 0.843659 0.548324 0.00614115
1676 0.843659 0.529067 0.00654542
1677 0.843659 0.534035 0.0075588
1678 0.843659 0.540299 0.00745488
1679 0.843659 0.536562 0.00813063
1680 0.843659 0.535084 0.00826873
1681 0.843659 0.538504 0.00791017
1682 0.843659 0.542838 0.00936619
1683 0.843659 0.533127 0.00821025
1684 0.843659 0.534236 0.00792615
1685 0.843659 0.539278 0.00806727
1686 0.843659 0.541047 0.00703823
1687 0.843659 0.541536 0.00823399
1688 0.843659 0.544264 0.00781374
1689 0.843659 0.54136 0.00712622
1690 0.843659 0.538739 0.00740342
1691 0.843659 0.541621 0.0070579
1692 0.843659 0.545736 0.00725124
1693 0.843659 0.535306 0.00872922
1694 0.843659 0.552282 0.00779206
1695 0.843659 0.543909 0.00737054
1696 0.843659 0.53711 0.00743982
1697 0.843659 0.540366 0.00714706
1698 0.843659 0.539078 0.00706401
1699 0.843659 0.526237 0.00734193
1700 0.843659 0.541864 0.00709488
1701 0.843659 0.545681 0.00713414
1702 0.843659 0.536465 0.00848274
1703 0.843659 0.534615 0.00776946
1704 0.843659 0.54955 0.0087093
1705 0.843659 0.543008 0.00763409
1706 0.843659 0.534671 0.007262
1707 0.843659 0.54097 0.00813123
1708 0.843659 0.531907 0.00740752
1709 0.843659 0.537298 0.00667515
1710 0.843659 0.529367 0.00851411
1711 0.843659 0.53525 0.00788906
1712 0.843659 0.547723 0.00860333
1713 0.843659 0.528349 0.00830281
1714 0.843659 0.542031 0.0068576
1715 0.843659 0.539031 0.00699273
1716 0.843659 0.539619 0.00668747
1717 0.843659 0.541114 0.00678689
1718 0.843659 0.53129 0.00750637
1719 0.843659 0.529971 0.00722107
1720 0.843659 0.531763 0.00627782
1721 0.843659 0.5363 0.00705896
1722 0.843659 0.536665 0.00709559
1723 0.843659 0.53847 0.00699809
1724 0.843659 0.529154 0.00781687
1725 0.843659 0.524459 0.0072563
1726 0.843659 0.542736 0.00720952
1727 0.843659 0.539613 0.00697602
1728 0.843659 0.531988 0.00727187
1729 0.843659 0.540831 0.00787377
1730 0.843659 0.546467 0.00830738
1731 0.843659 0.544789 0.0073709
1732 0.843659 0.54179 0.0080698
1733 0.843659 0.538828 0.00641545
1734 0.843659 0.544751 0.00676787
1735 0.843659 0.535458 0.00758378
1736 0.843659 0.52055 0.00741316
1737 0.843659 0.518838 0.00694927
1738 0.843659 0.525794 0.008152
1739 0.843659 0.531437 0.00727523
1740 0.843659 0.531938 0.00710621
1741 0.843659 0.5404 0.0065698
1742 0.843659 0.533663 0.0075409
1743 0.843659 0.534198 0.00659306
1744 0.843659 0.525585 0.007259
1745 0.843659 0.528874 0.00671282
1746 0.843659 0.534461 0.00628358
1747 0.843659 0.534397 0.00721639
1748 0.843659 0.524318 0.00770239
1749 0.843659 0.539515 0.0070151
1750 0.843659 0.526067 0.0072004
1751 0.843659 0.535988 0.00615649
1752 0.843659 0.534257 0.00633731
1753 0.843659 0.534658 0.00724679
1754 0.843659 0.525852 0.00747327
1755 0.843659 0.528583 0.00657181
1756 0.843659 0.533652 0.00771754
1757 0.843659 0.537636 0.00822896
1758 0.843659 0.528696 0.0074927
1759 0.843659 0.535045 0.00756775
1760 0.843659 0.542395 0.00791583
1761 0.843659 0.537536 0.00648009
1762 0.843659 0.531132 0.00730327
1763 0.843659 0.535384 0.00678927
1764 0.843659 0.534253 0.00642914
1765 0.843659 0.540024 0.00713628
1766 0.843659 0.540441 0.00738256
1767 0.843659 0.535889 0.00792941
1768 0.843659 0.536324 0.00718797
1769 0.843659 0.530139 0.0075035
1770 0.843659 0.538851 0.0066517
1771 0.843659 0.536198 0.00664851
1772 0.843659 0.538984 0.00771994
1773 0.843659 0.536153 0.00625983
1774 0.843659 0.532023 0.00780679
1775 0.843659 0.523193 0.00789707
1776 0.843659 0.533114 0.00673617
1777 0.843659 0.537271 0.00698357
1778 0.843659 0.539983 0.0071456
1779 0.843659 0.534097 0.00871929
1780 0.843659 0.538311 0.00782788
1781 0.843659 0.528447 0.00720407
1782 0.843659 0.540094 0.00626671
1783 0.843659 0.537111 0.0069999
1784 0.843659 0.524957 0.00740161
1785 0.843659 0.538456 0.00667491
1786 0.843659 0.536261 0.00707426
1787 0.843659 0.533684 0.00762098
1788 0.843659 0.532846 0.00725753
1789 0.843659 0.536567 0.00835716
1790 0.843659 0.542218 0.00666808
1791 0.843659 0.53144 0.00712814
1792 0.843659 0.531813 0.00735525
1793 0.843659 0.535044 0.00823868
1794 0.843659 0.53487 0.0074388
1795 0.843659 0.533077 0.00723806
1796 0.843659 0.537753 0.00729977
1797 0.843659 0.539142 0.00846623
1798 0.843659 0.546409 0.00791798
1799 0.843659 0.542958 0.0071199
1800 0.843659 0.544635 0.00630277
1801 0.843659 0.527444 0.00678248
1802 0.843659 0.541658 0.00741044
1803 0.843659 0.544772 0.00765153
1804 0.843659 0.535463 0.00688656
1805 0.843659 0.533472 0.00768961
1806 0.843659 0.538865 0.00698669
1807 0.843659 0.543141 0.00716023
1808 0.843659 0.535154 0.00686295
1809 0.843659 0.540517 0.00672516
1810 0.843659 0.527433 0.00733906
1811 0.843659 0.531821 0.00754585
1812 0.843659 0.529035 0.00711135
1813 0.843659 0.53619 0.00755717
1814 0.843659 0.525925 0.00720558
1815 0.843659 0.543495 0.00824082
1816 0.843659 0.543201 0.00766522
1817 0.843659 0.538636 0.00658062
1818 0.843659 0.545853 0.00709132
1819 0.843659 0.533518 0.00730363
1820 0.843659 0.543177 0.0067043
1821 0.843659 0.539252 0.00754554
1822 0.843659 0.542115 0.00619366
1823 0.843659 0.540457 0.00739278
1824 0.843659 0.53793 0.0073008
1825 0.843659 0.5456 0.00757284
1826 0.843659 0.538893 0.0080953
1827 0.843659 0.535822 0.00682101
1828 0.843659 0.533219 0.0076916
1829 0.843659 0.539657 0.00763018
1830 0.843659 0.534528 0.0079758
1831 0.843659 0.534963 0.0082924
1832 0.843659 0.531933 0.00797119
1833 0.843659 0.536181 0.0076152
1834 0.843659 0.539612 0.00670233
1835 0.843659 0.528151 0.00794779
1836 0.843659 0.537482 0.00807655
1837 0.843659 0.534122 0.00703765
1838 0.843659 0.54165 0.00752788
1839 0.843659 0.546349 0.00773781
1840 0.843659 0.536572 0.00764685
1841 0.843659 0.54052 0.00656587
1842 0.843659 0.540178 0.00662526
1843 0.843659 0.537311 0.00738442
1844 0.843659 0.542479 0.00735048
1845 0.843659 0.537812 0.00622715
1846 0.843659 0.539231 0.00694018
1847 0.843659 0.536874 0.00737643
1848 0.843659 0.539606 0.00669978
1849 0.843659 0.542684 0.0074174
1850 0.843659 0.539682 0.00730372
1851 0.843659 0.532568 0.008322
1852 0.846714 0.535231 0.00857888
1853 0.846714 0.53593 0.00704851
1854 0.846714 0.533681 0.00760153
1855 0.846714 0.535269 0.00803519
1856 0.846714 0.54574 0.00695808
1857 0.846714 0.547341 0.00800811
1858 0.846714 0.545809 0.00742877
1859 0.846714 0.54368 0.00755017
1860 0.846714 0.535902 0.0079843
1861 0.846714 0.540511 0.00794215
1862 0.846714 0.536843 0.00695726
1863 0.846714 0.529426 0.00755025
1864 0.846714 0.531278 0.0069242
1865 0.846714 0.529624 0.00717464
1866 0.846714 0.53688 0.0075528
1867 0.846714 0.529574 0.00749373
1868 0.846714 0.540142 0.00763595
1869 0.846714 0.5372 0.0079731
1870 0.846714 0.536285 0.00692589
1871 0.846714 0.541738 0.00739145
1872 0.846714 0.534266 0.00698577
1873 0.846714 0.534376 0.00712469
1874 0.846714 0.538141 0.00758987
1875 0.846714 0.5347 0.0067495
1876 0.846714 0.533666 0.00658734
1877 0.846714 0.530498 0.00720322
1878 0.846714 0.5261 0.00732946
1879 0.846714 0.533705 0.00834341
1880 0.846714 0.532861 0.00762055
1881 0.846714 0.531692 0.00652527
1882 0.846714 0.526224 0.00746809
1883 0.846714 0.537264 0.00865701
1884 0.846714 0.538322 0.00780573
1885 0.846714 0.533508 0.00716934
1886 0.846714 0.547214 0.00679625
1887 0.846714 0.53606 0.00662712
1888 0.846714 0.529169 0.00670437
1889 0.846714 0.535184 0.00665026
1890 0.846714 0.528207 0.0070188
1891 0.846714 0.540744 0.00774407
1892 0.846714 0.534445 0.00837494
1893 0.846714 0.531106 0.00699725
1894 0.846714 0.5411 0.00710531
1895 0.846714 0.530513 0.00736234
1896 0.846714 0.540164 0.00763014
1897 0.846714 0.5411 0.00851434
1898 0.846714 0.532373 0.0081264
1899 0.846714 0.523189 0.00746125
1900 0.846714 0.53611 0.00677225
1901 0.846714 0.524519 0.0076217
1902 0.846714 0.534682 0.00784322
1903 0.846714 0.542187 0.00682032
1904 0.846714 0.538749 0.00723618
1905 0.846714 0.539236 0.00707864
1906 0.846714 0.529188 0.00756313
1907 0.846714 0.537915 0.00740827
1908 0.846714 0.526769 0.00725765
1909 0.846714 0.541315 0.0069755
1910 0.846714 0.525519 0.00771863
1911 0.846714 0.536481 0.00748901
1912 0.846714 0.53229 0.00682545
1913 0.846714 0.536959 0.00715447
1914 0.846714 0.533986 0.00686369
1915 0.846714 0.535601 0.00762599
1916 0.846714 0.533885 0.00672164
1917 0.846714 0.535128 0.00742567
1918 0.846714 0.538212 0.00776486
1919 0.846714 0.538426 0.00754467
1920 0.846714 0.545692 0.00682104
1921 0.846714 0.532232 0.00752195
1922 0.846714 0.531671 0.00736314
1923 0.846714 0.538377 0.0074081
1924 0.846714 0.532444 0.00748749
1925 0.846714 0.53279 0.00812992
1926 0.846714 0.520366 0.00830475
1927 0.846714 0.528564 0.00745687
1928 0.846714 0.529097 0.00749564
1929 0.846714 0.53733 0.00880237
1930 0.846714 0.545699 0.00742177
1931 0.846714 0.532257 0.00800995
1932 0.846714 0.527619 0.00815185
1933 0.846714 0.531956 0.00708415
1934 0.846714 0.530585 0.00637515
1935 0.846714 0.5311 0.00732273
1936 0.846714 0.540844 0.00897621
1937 0.846714 0.543773 0.00712687
1938 0.846714 0.527954 0.00790264
1939 0.846714 0.527957 0.00760244
1940 0.846714 0.529512 0.00732817
1941 0.846714 0.538582 0.00695775
1942 0.846714 0.535696 0.00637813
1943 0.846714 0.535379 0.00708196
1944 0.846714 0.541723 0.00740547
1945 0.846714 0.527062 0.00740688
1946 0.846714 0.538886 0.00740081
1947 0.846714 0.537344 0.00781719
1948 0.846714 0.524662 0.00697927
1949 0.846714 0.525514 0.00769527
1950 0.846714 0.527737 0.00754612
1951 0.846714 0.527506 0.00679922
1952 0.846714 0.533106 0.0065744
1953 0.846714 0.53013 0.00715916
1954 0.846714 0.529285 0.00699343
1955 0.846714 0.527292 0.0075726
1956 0.846714 0.541431 0.00720252
1957 0.846714 0.534787 0.00714299
1958 0.846714 0.529661 0.00784244
1959 0.846714 0.527392 0.0073989
1960 0.846714 0.529487 0.00790011
1961 0.846714 0.53029 0.0070844
1962 0.846714 0.541064 0.00750226
1963 0.846714 0.52293 0.00818271
1964 0.846714 0.532179 0.00717406
1965 0.846714 0.535534 0.0077254
1966 0.846714 0.524455 0.00702191
1967 0.846714 0.530021 0.00746803
1968 0.846714 0.533535 0.00932206
1969 0.846714 0.534218 0.00757274
1970 0.846714 0.540894 0.00733729
1971 0.846714 0.545306 0.00724375
1972 0.846714 0.538416 0.00727747
1973 0.846714 0.537165 0.00757267
1974 0.846714 0.537832 0.0068992
1975 0.846714 0.532551 0.00724013
1976 0.846714 0.524791 0.00792067
1977 0.846714 0.531588 0.00619111
1978 0.846714 0.532955 0.00778944
1979 0.846714 0.531804 0.00771355
1980 0.846714 0.531151 0.00745712
1981 0.846714 0.529576 0.00701457
1982 0.846714 0.554536 0.00722751
1983 0.846714 0.54156 0.00679019
1984 0.846714 0.530163 0.00738902
1985 0.846714 0.536144 0.00781039
1986 0.846714 0.535877 0.00652375
1987 0.846714 0.529718 0.00813681
1988 0.846714 0.533062 0.00648773
1989 0.846714 0.538708 0.00712267
1990 0.846714 0.534275 0.00666062
1991 0.846714 0.534364 0.00718917
1992 0.846714 0.529082 0.00676473
1993 0.846714 0.528148 0.00650704
1994 0.846714 0.536243 0.00746025
1995 0.846714 0.536079 0.00673269
1996 0.855138 0.533388 0.00762015
1997 0.855138 0.525396 0.00698468
1998 0.855138 0.527716 0.00824884
1999 0.855138 0.527767 0.00754782
2000 0.855138 0.539147 0.00766015
