5
0
-55.4936
4.28843
0
-50.4568
5.32718
0
-51.6605
7.02277
0
-63.8559
5.63151
0
-61.4473
7.77407
0
1.32676
1.27087
0.710383
0.865751
0.997015
1.36716
1.57552
1.8812
1.47892
0.642985
0.948079
0.895774
1.78806
0.454277
0.263104
0.503301
0.0609355
1.39692
1.99622
0.00285486
1.19367
0.35033
0.129734
1.15064
1.49015
1.74106
1.21638
1.99797
1.83323
1.07864
0.875554
1.79095
1.29166
1.66185
0.0104303
1.6241
1.31409
0.358249
0.884149
0.758382
1.65218
1.11512
1.99939
0.30524
1.59635
1.95713
1.02436
1.97883
0.351204
0.0114825
0.219291
0.439529
1.2475
1.61175
1.34756
1.998
1.26321
1.72196
1.06146
0.745709
1.69396
1.65416
0.109484
1.51378
1.93363
0.053578
1.82395
0.930457
1.28004
1.91161
0.59915
