2
3
0.0572649
0.267852
1
0.17282
0.224309
1
0.152214
0.231011
1
-61.0095
3.17884
0
-50.482
2.81571
0
1.66387
0.169943
0.0882447
1.69111
1.35052
1.36127
1.12111
0.363046
1.78001
1.36618
0.168123
0
0.620085
0.975778
0.791854
1.5275
1.61336
1.30082
0.276414
0.456015
1.95811
0.103443
1.8262
0.286759
1.86665
1.04269
1.54671
0.257833
0.170538
0.81954
0.0237609
0.863118
0.396762
0.857154
0.228122
0
0.802426
1.99688
1.95836
0.726739
0.619806
1.15283
1.16931
0.518186
1.8963
1.72436
0.49617
0.373591
0.33896
0.218625
1.13488
0.150301
0.298138
1.31898
0.0781942
0.479381
2
0.884486
1.82399
2
0.976976
0.0161026
0.0979936
0.235039
1.12758
0.989729
0.821656
0.964763
0.740217
1.94787
0.210736
1.98318
1.85038
1.46531
0.229726
