3
2
0.179261
0.276626
1
-53.5671
5.67767
0
-58.1589
5.18463
0
-61.6753
4.54637
0
0.142563
0.23586
1
0.00522799
1.50506
1.85728
0.496174
1.34267
0.741637
0
1.3399
1.19201
1.66769
0.469587
0.360245
0.3858
1.10308
0.496
0.208788
0.831453
0.908128
1.44761
1.95812
1.67519
0.803048
0.607413
1.43716
0.447705
1.47024
0.0110298
0.694765
0.564396
1.68921
1.14347
1.59364
1.39885
0.0445957
0.684375
1.1865
0.242711
1.76054
0.290845
1.89814
0.659445
0.116671
1.30827
0.904062
1.19063
1.03852
0.315109
0.960041
1.84651
1.46214
1.22015
0.31531
1.66545
0.071669
0.238636
1.68647
0.00730292
0.946908
0.400024
0.034484
0.555177
0.121769
0.306904
1.0937
0.429273
1.56096
0.404603
0.612799
1.65162
0.449794
1.23046
1.55256
1.06569
1.6121
1.77596
0.149331
