0 0.524219 0.497427 0.000106499
1 0.557728 0.499582 0.000133027
2 0.557728 0.499902 0.000201271
3 0.557728 0.500511 0.00017476
4 0.557728 0.501611 0.000154474
5 0.557728 0.49966 0.000183415
6 0.557728 0.501674 0.000189226
7 0.557728 0.501452 0.000246102
8 0.557728 0.499672 0.000211028
9 0.557842 0.501921 0.000304234
10 0.557842 0.501562 0.000246622
11 0.557842 0.500668 0.000297608
12 0.557842 0.501218 0.000248701
13 0.563911 0.500724 0.000363033
14 0.57613 0.501913 0.000309504
15 0.57613 0.501648 0.000260444
16 0.580768 0.500817 0.00038752
17 0.580768 0.500844 0.000352297
18 0.580768 0.50108 0.000334619
19 0.580768 0.501108 0.000374917
20 0.580768 0.503171 0.000408355
21 0.58619 0.502343 0.000456698
22 0.58619 0.504206 0.000336887
23 0.58619 0.502663 0.000439161
24 0.58619 0.503963 0.00035646
25 0.608047 0.503721 0.000473122
26 0.608047 0.506452 0.000582765
27 0.608047 0.502143 0.000562709
28 0.608047 0.503022 0.000519165
29 0.608047 0.504006 0.000506842
30 0.608047 0.503795 0.000509076
31 0.608047 0.50315 0.000575434
32 0.608047 0.503383 0.000533632
33 0.608047 0.501618 0.000489148
34 0.608047 0.503464 0.000494684
35 0.608047 0.502361 0.000456718
36 0.608047 0.504325 0.000452293
37 0.608047 0.502529 0.000522436
38 0.608047 0.503145 0.000470759
39 0.608047 0.503022 0.000534242
40 0.608047 0.503976 0.000462247
41 0.608047 0.505903 0.000483569
42 0.608047 0.502833 0.000480603
43 0.608047 0.504171 0.000548912
44 0.608047 0.504671 0.000440981
45 0.608047 0.503906 0.000426192
46 0.608047 0.503132 0.000503725
47 0.608047 0.503442 0.000494321
48 0.608047 0.504695 0.000485097
49 0.608047 0.504839 0.000692307
50 0.608047 0.503817 0.000496983
51 0.608047 0.506798 0.000615878
52 0.608047 0.501018 0.000677989
53 0.608047 0.506038 0.000613372
54 0.608047 0.50637 0.000700106
55 0.608047 0.504661 0.000534283
56 0.608047 0.503858 0.000595423
57 0.608047 0.503724 0.00060718
58 0.608047 0.50336 0.000645669
59 0.608047 0.506646 0.000729336
60 0.608047 0.504684 0.000649967
61 0.608047 0.503155 0.000664181
62 0.608047 0.500276 0.000784399
63 0.608047 0.503817 0.000645404
64 0.608047 0.504362 0.000606258
65 0.608047 0.501975 0.000521285
66 0.608047 0.501278 0.000622976
67 0.608047 0.504376 0.000515885
68 0.608047 0.504316 0.000568999
69 0.608047 0.504147 0.000834896
70 0.608047 0.505557 0.000697759
71 0.608047 0.506421 0.000637943
72 0.609694 0.504916 0.000720664
73 0.609694 0.502725 0.000649311
74 0.609694 0.504912 0.00071064
75 0.617056 0.505666 0.000846873
76 0.617056 0.507223 0.000897291
77 0.617056 0.501287 0.000887148
78 0.617056 0.502217 0.000861148
79 0.617056 0.502735 0.000793285
80 0.617056 0.502925 0.000752692
81 0.622258 0.508268 0.000856263
82 0.622258 0.505801 0.000896422
83 0.622258 0.50436 0.000762248
84 0.622258 0.505771 0.000850362
85 0.622258 0.50688 0.000820408
86 0.622258 0.503143 0.000882152
87 0.645543 0.506561 0.000842234
88 0.651145 0.506366 0.00104329
89 0.651145 0.507532 0.00107496
90 0.651145 0.50926 0.0011348
91 0.6543 0.509189 0.00131449
92 0.6543 0.507351 0.00145156
93 0.6543 0.510429 0.00133049
94 0.6543 0.505211 0.00130716
95 0.6543 0.505614 0.00154183
96 0.657607 0.507655 0.00148875
97 0.657607 0.50499 0.00120427
98 0.657607 0.508999 0.0012977
99 0.657607 0.506521 0.00128476
100 0.657607 0.510111 0.00132068
101 0.657607 0.513839 0.00152673
102 0.657607 0.510027 0.00138461
103 0.657607 0.508127 0.00143422
104 0.657607 0.509559 0.00160274
105 0.657607 0.509004 0.00124732
106 0.657607 0.508988 0.00120138
107 0.657607 0.510283 0.00144594
108 0.668468 0.513656 0.00183755
109 0.668468 0.509255 0.00161594
110 0.668468 0.50727 0.00182365
111 0.668468 0.509502 0.00137898
112 0.668468 0.506288 0.00150262
113 0.668468 0.509644 0.00144494
114 0.668468 0.511682 0.00135265
115 0.668468 0.504711 0.00119974
116 0.668468 0.509489 0.00163412
117 0.668468 0.511662 0.00146659
118 0.668468 0.5141 0.00178326
119 0.668468 0.509816 0.00150996
120 0.668468 0.51014 0.00145331
121 0.668468 0.510881 0.00160382
122 0.668468 0.509266 0.001465
123 0.668468 0.507985 0.00156205
124 0.668468 0.509771 0.00174378
125 0.668468 0.510784 0.00158527
126 0.668468 0.512055 0.00138851
127 0.668468 0.502676 0.00153127
128 0.668468 0.510823 0.00145331
129 0.668468 0.50989 0.0015856
130 0.668468 0.505775 0.00155687
131 0.668468 0.504917 0.00150796
132 0.668468 0.511359 0.00138174
133 0.668468 0.506784 0.00167208
134 0.668468 0.503603 0.00128047
135 0.668468 0.505509 0.00125932
136 0.668468 0.50458 0.00141912
137 0.668468 0.508283 0.00148057
138 0.668468 0.506639 0.00168461
139 0.668468 0.509422 0.00170022
140 0.668468 0.506892 0.00155116
141 0.668468 0.507142 0.0013344
142 0.668468 0.511948 0.00171927
143 0.687814 0.510307 0.00193691
144 0.687814 0.515389 0.00197298
145 0.687814 0.507615 0.00159404
146 0.687814 0.508632 0.0016149
147 0.687814 0.512223 0.00156984
148 0.687814 0.509425 0.00177182
149 0.687814 0.509714 0.00176035
150 0.687814 0.508717 0.00169348
151 0.687814 0.510964 0.00183162
152 0.687814 0.511917 0.00162796
153 0.687814 0.505124 0.00154839
154 0.687814 0.508047 0.00165654
155 0.687814 0.504982 0.00172993
156 0.687814 0.50821 0.00178892
157 0.687814 0.512705 0.00199078
158 0.687814 0.509059 0.00161814
159 0.687814 0.509412 0.00148572
160 0.687814 0.507467 0.00155209
161 0.687814 0.505797 0.00179172
162 0.687814 0.512773 0.0017455
163 0.687814 0.505984 0.00157944
164 0.687814 0.510909 0.0017112
165 0.687814 0.505209 0.00172315
166 0.687814 0.507495 0.00168513
167 0.687814 0.508354 0.00175366
168 0.687814 0.515167 0.00203758
169 0.687814 0.510627 0.00165904
170 0.687814 0.512044 0.00189024
171 0.687814 0.514092 0.00163623
172 0.687814 0.5168 0.00210141
173 0.687814 0.509661 0.00172195
174 0.687814 0.509733 0.00178384
175 0.687814 0.511909 0.00170848
176 0.687814 0.513382 0.00163237
177 0.687814 0.516315 0.00189376
178 0.687814 0.516081 0.00195496
179 0.687814 0.515333 0.00185599
180 0.687814 0.512728 0.00185874
181 0.687814 0.508479 0.00184802
182 0.687814 0.510436 0.0017513
183 0.687814 0.511047 0.00201424
184 0.687814 0.510183 0.00208474
185 0.687814 0.517364 0.00219518
186 0.687814 0.513305 0.00194091
187 0.687814 0.510336 0.00216606
188 0.687814 0.51339 0.00176042
189 0.687814 0.512463 0.0017226
190 0.687814 0.5134 0.00199912
191 0.687814 0.512992 0.00178015
192 0.687814 0.509195 0.00177984
193 0.687814 0.512159 0.00201714
194 0.687814 0.517585 0.00212314
195 0.687814 0.512711 0.00224537
196 0.687814 0.515074 0.00228275
197 0.687814 0.515047 0.00214772
198 0.687814 0.511369 0.0018822
199 0.687814 0.5148 0.0020319
200 0.687814 0.510053 0.00225402
201 0.687814 0.511652 0.00203917
202 0.687814 0.511803 0.00212265
203 0.687814 0.512271 0.00222206
204 0.687814 0.513775 0.0020085
205 0.687814 0.510613 0.00199569
206 0.687814 0.510798 0.00156376
207 0.687814 0.510637 0.00188301
208 0.687814 0.510345 0.00183144
209 0.687814 0.513429 0.00189005
210 0.687814 0.511327 0.00186462
211 0.687814 0.510221 0.00216644
212 0.687814 0.511701 0.00211337
213 0.687814 0.511691 0.00212049
214 0.687814 0.510875 0.00166353
215 0.687814 0.5112 0.00186513
216 0.687814 0.510914 0.00245233
217 0.687814 0.516985 0.00219329
218 0.687814 0.513775 0.00188583
219 0.687814 0.514294 0.00176185
220 0.687814 0.515591 0.00238499
221 0.687814 0.516653 0.00225688
222 0.687814 0.509974 0.00236514
223 0.687814 0.511564 0.00234839
224 0.687814 0.513035 0.00241605
225 0.687814 0.51574 0.00227551
226 0.687814 0.513401 0.00201942
227 0.687814 0.510768 0.00204551
228 0.687814 0.508608 0.00190468
229 0.687814 0.508371 0.00170725
230 0.687814 0.508211 0.00156344
231 0.687814 0.506778 0.00143422
232 0.687814 0.510937 0.00164748
233 0.687814 0.504845 0.001909
234 0.687814 0.50993 0.0016963
235 0.687814 0.510034 0.00156137
236 0.687814 0.508535 0.00163729
237 0.687814 0.507451 0.0016158
238 0.687814 0.508897 0.00169397
239 0.687814 0.508139 0.00160304
240 0.687814 0.512988 0.0018743
241 0.687814 0.512113 0.00158958
242 0.687814 0.512555 0.00178635
243 0.687814 0.506933 0.00164083
244 0.687814 0.50865 0.00165292
245 0.687814 0.510283 0.00187213
246 0.687814 0.511656 0.00170099
247 0.687814 0.511425 0.00176719
248 0.687814 0.514065 0.00184955
249 0.687814 0.515796 0.00198625
250 0.687814 0.510296 0.00191117
251 0.687814 0.510675 0.00183305
252 0.687814 0.513483 0.00167111
253 0.687814 0.51304 0.00204298
254 0.687814 0.512773 0.00204527
255 0.687814 0.509194 0.00177421
256 0.687814 0.511809 0.00154414
257 0.687814 0.510053 0.00177217
258 0.687814 0.50977 0.00186468
259 0.687814 0.514002 0.00202032
260 0.687814 0.510077 0.00166088
261 0.687814 0.510804 0.00154165
262 0.687814 0.509297 0.00190099
263 0.687814 0.50856 0.00185964
264 0.687814 0.507684 0.00158655
265 0.687814 0.510608 0.00158153
266 0.687814 0.514139 0.00201621
267 0.687814 0.511112 0.00173774
268 0.687814 0.509525 0.00162067
269 0.687814 0.506431 0.00175614
270 0.687814 0.50927 0.00192888
271 0.687814 0.511017 0.00181098
272 0.687814 0.51315 0.0018367
273 0.687814 0.509716 0.00170347
274 0.687814 0.509394 0.00178846
275 0.687814 0.513021 0.00181801
276 0.687814 0.512746 0.00165732
277 0.687814 0.511989 0.00165386
278 0.687814 0.511879 0.00177403
279 0.687814 0.51319 0.00159068
280 0.687814 0.5145 0.00197301
281 0.687814 0.511063 0.00167504
282 0.687814 0.513362 0.00202028
283 0.687814 0.513671 0.00189899
284 0.719405 0.514703 0.00229427
285 0.719405 0.515346 0.00188061
286 0.719405 0.514761 0.00238393
287 0.719405 0.511364 0.00219346
288 0.719405 0.512513 0.0021888
289 0.719405 0.515124 0.0019668
290 0.719405 0.515078 0.0022643
291 0.719405 0.511014 0.00225411
292 0.719405 0.515023 0.00198226
293 0.719405 0.509537 0.00198983
294 0.719405 0.514951 0.00211126
295 0.719405 0.50941 0.00209635
296 0.719405 0.508763 0.00201071
297 0.719405 0.510619 0.0019647
298 0.719405 0.513441 0.00200238
299 0.719405 0.51604 0.00215139
300 0.719405 0.510949 0.00207533
301 0.719405 0.515288 0.00203615
302 0.719405 0.514432 0.00190481
303 0.719405 0.513778 0.00251629
304 0.719405 0.517639 0.00250511
305 0.719405 0.515007 0.00227539
306 0.719405 0.518779 0.00197391
307 0.719405 0.51286 0.00237075
308 0.719405 0.514588 0.00222467
309 0.719405 0.513339 0.00247714
310 0.719405 0.511915 0.00234954
311 0.719405 0.514069 0.00221576
312 0.719405 0.509441 0.00176231
313 0.719405 0.512686 0.00210563
314 0.719405 0.511374 0.00199523
315 0.719405 0.510467 0.00176187
316 0.719405 0.508597 0.00206843
317 0.719405 0.510123 0.00210542
318 0.719405 0.508548 0.00222452
319 0.719405 0.510468 0.00202324
320 0.719405 0.515695 0.00214302
321 0.719405 0.514065 0.00219895
322 0.719405 0.511452 0.00215009
323 0.719405 0.506279 0.00200595
324 0.719405 0.50883 0.00175165
325 0.719405 0.51237 0.00181823
326 0.719405 0.512059 0.00197795
327 0.719405 0.512433 0.002324
328 0.719405 0.513636 0.00203004
329 0.719405 0.516115 0.00219771
330 0.719405 0.511253 0.00182174
331 0.719405 0.512501 0.00213662
332 0.719405 0.507709 0.00202896
333 0.719405 0.51111 0.00205658
334 0.719405 0.515243 0.00217182
335 0.719405 0.511333 0.00210733
336 0.719405 0.515292 0.00239864
337 0.719405 0.513806 0.00217455
338 0.719405 0.51378 0.00228755
339 0.719405 0.511534 0.00181218
340 0.719405 0.511047 0.0019038
341 0.719405 0.510372 0.00203651
342 0.719405 0.510638 0.00183111
343 0.719405 0.510312 0.00180276
344 0.719405 0.512057 0.00193297
345 0.719405 0.509968 0.00187867
346 0.719405 0.50839 0.00230578
347 0.719405 0.512017 0.00217724
348 0.719405 0.51169 0.00223194
349 0.719405 0.51188 0.00191281
350 0.719405 0.510028 0.00195006
351 0.719405 0.509339 0.0018419
352 0.719405 0.51045 0.00212384
353 0.719405 0.510173 0.00182464
354 0.719405 0.515815 0.00194053
355 0.719405 0.51333 0.00226591
356 0.719405 0.510753 0.00190675
357 0.719405 0.508651 0.00179348
358 0.719405 0.51204 0.00189976
359 0.719405 0.510552 0.00186794
360 0.719405 0.510476 0.00224754
361 0.719405 0.511073 0.00211737
362 0.719405 0.511769 0.00201783
363 0.719405 0.512974 0.00187112
364 0.719405 0.511148 0.00174371
365 0.719405 0.51187 0.0019715
366 0.719405 0.515514 0.00222484
367 0.719405 0.513328 0.00195773
368 0.719405 0.509253 0.00209445
369 0.719405 0.513226 0.00191906
370 0.719405 0.515585 0.0019349
371 0.719405 0.511406 0.00178883
372 0.719405 0.510018 0.00200593
373 0.719405 0.513609 0.00188301
374 0.719405 0.512869 0.0020131
375 0.719405 0.516378 0.00199448
376 0.719405 0.51111 0.00216304
377 0.719405 0.509016 0.00216313
378 0.719405 0.510475 0.00234563
379 0.719405 0.51336 0.00182709
380 0.719405 0.515741 0.00281639
381 0.719405 0.51067 0.00225123
382 0.719405 0.515275 0.00229863
383 0.719405 0.516072 0.00223193
384 0.719405 0.51091 0.00182684
385 0.719405 0.510777 0.00190637
386 0.719405 0.511186 0.00233309
387 0.719405 0.511987 0.00210179
388 0.719405 0.508852 0.00233938
389 0.719405 0.513178 0.00228771
390 0.719405 0.513533 0.00187728
391 0.719405 0.514054 0.00228566
392 0.719405 0.51422 0.00252595
393 0.719405 0.519731 0.00279857
394 0.719405 0.512208 0.00226806
395 0.719405 0.515102 0.00205501
396 0.719405 0.511037 0.0021503
397 0.719405 0.516663 0.00255161
398 0.719405 0.511604 0.00219703
399 0.719405 0.511937 0.0022023
400 0.719405 0.518313 0.00238246
401 0.719405 0.512854 0.00232133
402 0.719405 0.515053 0.00214588
403 0.719405 0.514795 0.00212042
404 0.719405 0.51161 0.00227105
405 0.719405 0.508234 0.00212405
406 0.719405 0.506934 0.0019853
407 0.719405 0.512254 0.00240419
408 0.719405 0.510971 0.0021695
409 0.719405 0.51075 0.00216809
410 0.719405 0.516205 0.00222321
411 0.719405 0.513554 0.00203417
412 0.719405 0.510226 0.00205081
413 0.719405 0.509751 0.00236767
414 0.719405 0.510163 0.00250307
415 0.719405 0.512455 0.00240199
416 0.719405 0.512983 0.00206726
417 0.719405 0.512176 0.00194004
418 0.719405 0.515607 0.00209678
419 0.719405 0.515122 0.00209074
420 0.719405 0.510629 0.00234728
421 0.719405 0.512459 0.00246502
422 0.719405 0.50729 0.00196828
423 0.719405 0.510133 0.001972
424 0.719405 0.509416 0.0017486
425 0.719405 0.509197 0.00172588
426 0.719405 0.512338 0.00213274
427 0.719405 0.507403 0.00186501
428 0.719405 0.508405 0.00186421
429 0.719405 0.508898 0.00217749
430 0.719405 0.511411 0.0020708
431 0.719405 0.509987 0.00205315
432 0.719405 0.518459 0.00204852
433 0.719405 0.508984 0.00239607
434 0.719405 0.515937 0.00216489
435 0.719405 0.514675 0.0020561
436 0.719405 0.510997 0.00184801
437 0.719405 0.509854 0.00217007
438 0.719405 0.506466 0.00199767
439 0.719405 0.510418 0.00178847
440 0.719405 0.511649 0.00182463
441 0.719405 0.51353 0.0021658
442 0.719405 0.515862 0.00243503
443 0.719405 0.514242 0.00191551
444 0.719405 0.509298 0.00203983
445 0.719405 0.508899 0.00189129
446 0.719405 0.510824 0.00199701
447 0.719405 0.512909 0.00247509
448 0.719405 0.514457 0.00219139
449 0.719405 0.510185 0.00225614
450 0.719405 0.513813 0.0023611
451 0.719405 0.513659 0.0022266
452 0.719405 0.51465 0.002106
453 0.719405 0.51164 0.00191484
454 0.719405 0.511704 0.00179167
455 0.719405 0.515316 0.00237165
456 0.719405 0.513949 0.00197796
457 0.719405 0.511236 0.00196863
458 0.719405 0.511388 0.00194824
459 0.719405 0.507879 0.00220625
460 0.719405 0.512963 0.00187994
461 0.719405 0.508974 0.00191579
462 0.719405 0.506636 0.00240709
463 0.719405 0.51027 0.0020017
464 0.719405 0.512211 0.00200456
465 0.719405 0.509792 0.00199182
466 0.719405 0.510979 0.00182842
467 0.719405 0.509202 0.00189226
468 0.719405 0.511972 0.00196508
469 0.719405 0.510651 0.00187388
470 0.719405 0.513854 0.00235562
471 0.719405 0.513739 0.00203909
472 0.719405 0.514886 0.00194455
473 0.719405 0.510429 0.00218985
474 0.719405 0.511867 0.0022139
475 0.719405 0.515069 0.00208527
476 0.719405 0.510356 0.00197027
477 0.719405 0.511106 0.00255884
478 0.719405 0.512253 0.00225179
479 0.719405 0.507241 0.00190153
480 0.719405 0.511119 0.00184944
481 0.719405 0.513043 0.0020764
482 0.719405 0.512382 0.00230611
483 0.719405 0.517642 0.00238823
484 0.719405 0.516134 0.00219469
485 0.719405 0.509793 0.0018402
486 0.719405 0.50917 0.00199821
487 0.719405 0.508649 0.00235933
488 0.719405 0.511305 0.00218393
489 0.719405 0.508055 0.00220687
490 0.719405 0.508436 0.00241568
491 0.719405 0.510351 0.00170589
492 0.719405 0.511815 0.00209069
493 0.719405 0.509882 0.0020214
494 0.719405 0.512765 0.00217547
495 0.719405 0.512206 0.00193832
496 0.719405 0.50902 0.00200517
497 0.719405 0.50764 0.00211847
498 0.719405 0.511663 0.00230139
499 0.719405 0.50986 0.00180337
500 0.719405 0.508451 0.00201505
501 0.719405 0.512337 0.00229147
502 0.719405 0.50985 0.00212365
503 0.719405 0.514109 0.00237654
504 0.719405 0.509995 0.00175344
505 0.719405 0.507603 0.00191764
506 0.719405 0.510612 0.00214453
507 0.719405 0.510189 0.00189752
508 0.719405 0.509843 0.00182445
509 0.719405 0.511539 0.00217519
510 0.719405 0.515451 0.00199802
511 0.719405 0.511382 0.00201506
512 0.719405 0.516868 0.00224751
513 0.719405 0.515388 0.00210591
514 0.719405 0.51198 0.00239288
515 0.719405 0.508799 0.00178208
516 0.719405 0.513565 0.00226531
517 0.719405 0.512308 0.00187888
518 0.719405 0.514633 0.00220117
519 0.719405 0.511432 0.00190566
520 0.719405 0.510127 0.00193445
521 0.719405 0.50927 0.00207049
522 0.719405 0.511077 0.00256672
523 0.719405 0.512152 0.00171201
524 0.719405 0.511298 0.00192706
525 0.719405 0.512651 0.00200943
526 0.719405 0.513517 0.00209508
527 0.719405 0.512648 0.00202955
528 0.719405 0.515573 0.00228625
529 0.719405 0.510455 0.00202494
530 0.719405 0.512806 0.00230493
531 0.719405 0.509048 0.00176256
532 0.719405 0.513573 0.0024237
533 0.719405 0.509385 0.00196578
534 0.719405 0.514002 0.00210294
535 0.719405 0.514645 0.00192745
536 0.719405 0.509467 0.00202786
537 0.719405 0.511393 0.00223852
538 0.719405 0.514234 0.0021518
539 0.719405 0.514631 0.00227512
540 0.719405 0.515781 0.00228447
541 0.719405 0.508088 0.00211457
542 0.719405 0.510337 0.00216244
543 0.719405 0.508737 0.00221774
544 0.719405 0.511802 0.00212333
545 0.719405 0.513231 0.00236164
546 0.719405 0.513495 0.00222402
547 0.719405 0.516482 0.00202408
548 0.719405 0.515869 0.00193337
549 0.719405 0.510764 0.00256362
550 0.719405 0.510234 0.00231785
551 0.719405 0.516651 0.00254374
552 0.719405 0.511915 0.00240004
553 0.719405 0.511907 0.00242886
554 0.719405 0.508625 0.00218869
555 0.719405 0.516064 0.00211446
556 0.719405 0.514996 0.00198857
557 0.719405 0.517923 0.00222944
558 0.719405 0.515054 0.00201448
559 0.719405 0.512286 0.00206054
560 0.719405 0.511837 0.00249795
561 0.719405 0.512265 0.00209739
562 0.719405 0.509986 0.00189709
563 0.719405 0.512687 0.00216871
564 0.719405 0.511106 0.00187565
565 0.719405 0.51425 0.00208395
566 0.719405 0.510953 0.00237585
567 0.719405 0.512712 0.00225202
568 0.719405 0.513065 0.00216822
569 0.719405 0.508942 0.00237658
570 0.719405 0.502383 0.00263674
571 0.719405 0.509139 0.00197446
572 0.719405 0.510827 0.00267921
573 0.719405 0.505389 0.00204343
574 0.719405 0.509214 0.00218655
575 0.719405 0.513882 0.00197127
576 0.719405 0.513736 0.00213238
577 0.719405 0.512337 0.00235212
578 0.719405 0.510001 0.00204853
579 0.719405 0.506057 0.00202407
580 0.719405 0.508759 0.00201403
581 0.719405 0.513846 0.00239385
582 0.719405 0.512737 0.00222737
583 0.719405 0.509237 0.00194048
584 0.719405 0.512915 0.00231732
585 0.719405 0.512062 0.00227719
586 0.719405 0.508581 0.00206516
587 0.719405 0.510883 0.00191501
588 0.719405 0.515679 0.00220619
589 0.719405 0.515845 0.00211761
590 0.719405 0.513788 0.00228128
591 0.719405 0.513193 0.00217736
592 0.719405 0.510816 0.00187695
593 0.719405 0.508859 0.00192999
594 0.719405 0.511935 0.00199604
595 0.719405 0.512418 0.00223667
596 0.719405 0.514287 0.00232112
597 0.719405 0.51721 0.00249432
598 0.719405 0.511957 0.00235055
599 0.719405 0.512095 0.00192779
600 0.719405 0.511371 0.00218922
601 0.719405 0.50602 0.00207921
602 0.719405 0.513639 0.00246807
603 0.719405 0.517627 0.00237805
604 0.719405 0.516011 0.00269259
605 0.719405 0.513553 0.00228821
606 0.719405 0.513127 0.00224726
607 0.719405 0.512609 0.00197602
608 0.719405 0.5138 0.00227662
609 0.719405 0.513528 0.00235008
610 0.719405 0.511091 0.0024775
611 0.719405 0.513753 0.00257494
612 0.719405 0.508032 0.00204113
613 0.719405 0.507607 0.00204339
614 0.719405 0.509612 0.00215364
615 0.719405 0.512781 0.00254194
616 0.719405 0.514085 0.00233926
617 0.719405 0.515613 0.00261741
618 0.719405 0.516126 0.00207111
619 0.719405 0.512099 0.00210116
620 0.719405 0.513971 0.00238376
621 0.719405 0.515446 0.00269886
622 0.719405 0.510679 0.00217519
623 0.719405 0.510504 0.002496
624 0.719405 0.510908 0.00246325
625 0.719405 0.51076 0.00223211
626 0.719405 0.513078 0.00212843
627 0.719405 0.511677 0.00210953
628 0.719405 0.512199 0.00228085
629 0.719405 0.511709 0.00238458
630 0.719405 0.512053 0.00258748
631 0.719405 0.513765 0.0022228
632 0.719405 0.51208 0.00244419
633 0.719405 0.510161 0.00239203
634 0.719405 0.51555 0.00280725
635 0.719405 0.516807 0.00241154
636 0.719405 0.517012 0.00208201
637 0.719405 0.515323 0.00290757
638 0.719405 0.515461 0.00220719
639 0.719405 0.507527 0.00231284
640 0.719405 0.510947 0.00246361
641 0.719405 0.507825 0.00225504
642 0.719405 0.511785 0.00222152
643 0.719405 0.511021 0.00239056
644 0.719405 0.509639 0.00248962
645 0.719405 0.510628 0.00233107
646 0.719405 0.507858 0.0025314
647 0.719405 0.511969 0.00197432
648 0.719405 0.511154 0.0022071
649 0.719405 0.509197 0.00209692
650 0.719405 0.509654 0.00240929
651 0.719405 0.510897 0.00227278
652 0.719405 0.518092 0.002515
653 0.719405 0.51174 0.00227976
654 0.719405 0.513352 0.00256314
655 0.719405 0.51169 0.00261709
656 0.719405 0.510222 0.00259343
657 0.719405 0.513495 0.00245919
658 0.719405 0.507141 0.00225859
659 0.719405 0.51379 0.00241671
660 0.719405 0.514369 0.00210468
661 0.719405 0.51325 0.0022307
662 0.719405 0.511461 0.00214743
663 0.719405 0.511874 0.00232225
664 0.719405 0.510616 0.00264111
665 0.719405 0.5151 0.00251678
666 0.719405 0.514767 0.00275969
667 0.719405 0.51417 0.00250403
668 0.719405 0.51406 0.00233906
669 0.719405 0.513582 0.0025142
670 0.719405 0.507361 0.002172
671 0.719405 0.509429 0.00229263
672 0.719405 0.510208 0.00188333
673 0.719405 0.510514 0.00200613
674 0.719405 0.515054 0.00233332
675 0.719405 0.508243 0.00223909
676 0.719405 0.513579 0.00219441
677 0.719405 0.513409 0.00182818
678 0.719405 0.511132 0.00230209
679 0.719405 0.517131 0.00276747
680 0.719405 0.519925 0.00263664
681 0.719405 0.511089 0.00249083
682 0.719405 0.514801 0.00227735
683 0.719405 0.510489 0.00247331
684 0.719405 0.516773 0.00222227
685 0.719405 0.512331 0.0019569
686 0.719405 0.510735 0.00210226
687 0.719405 0.510313 0.00181196
688 0.719405 0.509969 0.00213709
689 0.719405 0.511127 0.00219623
690 0.719405 0.511351 0.00226282
691 0.719405 0.515863 0.0025621
692 0.719405 0.508843 0.00218484
693 0.719405 0.514835 0.00253277
694 0.719405 0.509134 0.00223152
695 0.719405 0.51443 0.00248877
696 0.719405 0.513238 0.00235776
697 0.719405 0.51243 0.00210386
698 0.719405 0.516687 0.00223392
699 0.719405 0.513625 0.00222123
700 0.719405 0.508896 0.00196888
701 0.719405 0.510344 0.00242015
702 0.719405 0.514725 0.00222414
703 0.719405 0.513475 0.00216376
704 0.719405 0.511232 0.00201811
705 0.719405 0.51108 0.00216331
706 0.719405 0.510385 0.0024293
707 0.719405 0.518437 0.00259089
708 0.719405 0.511048 0.00206957
709 0.719405 0.508049 0.00204592
710 0.719405 0.510777 0.00198147
711 0.719405 0.51433 0.00188589
712 0.719405 0.512447 0.00244182
713 0.719405 0.513223 0.00211477
714 0.719405 0.511816 0.00201914
715 0.719405 0.512891 0.00226188
716 0.719405 0.512872 0.00209425
717 0.719405 0.508834 0.0020599
718 0.719405 0.507848 0.00229824
719 0.719405 0.513389 0.00220357
720 0.719405 0.513157 0.00221706
721 0.719405 0.513597 0.00259869
722 0.719405 0.505392 0.0023073
723 0.719405 0.513349 0.00227042
724 0.719405 0.509838 0.00240556
725 0.719405 0.51384 0.00214145
726 0.719405 0.511586 0.00235395
727 0.719405 0.50871 0.0021479
728 0.719405 0.509315 0.00217094
729 0.719405 0.510038 0.00208563
730 0.719405 0.510242 0.00211138
731 0.719405 0.509538 0.0022068
732 0.719405 0.513472 0.00244966
733 0.719405 0.512006 0.00211791
734 0.719405 0.510913 0.0020305
735 0.719405 0.508794 0.0024477
736 0.719405 0.507232 0.00201374
737 0.719405 0.509442 0.00199815
738 0.719405 0.511236 0.00212382
739 0.719405 0.511724 0.00241257
740 0.719405 0.509486 0.00228027
741 0.719405 0.516502 0.00236316
742 0.719405 0.512075 0.00223843
743 0.719405 0.514103 0.0021567
744 0.719405 0.515695 0.00228791
745 0.719405 0.51259 0.00238565
746 0.719405 0.513962 0.00224835
747 0.719405 0.513678 0.00267432
748 0.719405 0.509156 0.0023009
749 0.719405 0.509385 0.00232737
750 0.719405 0.509877 0.00258839
751 0.719405 0.515392 0.00260853
752 0.719405 0.516344 0.00220587
753 0.719405 0.512902 0.00226947
754 0.719405 0.513466 0.00217505
755 0.719405 0.511821 0.00207752
756 0.719405 0.51156 0.00199432
757 0.719405 0.512592 0.00205523
758 0.719405 0.512802 0.00211668
759 0.719405 0.508534 0.00217523
760 0.719405 0.510443 0.00231498
761 0.719405 0.513015 0.00217266
762 0.719405 0.512116 0.0020155
763 0.719405 0.508856 0.00207984
764 0.719405 0.508835 0.00233388
765 0.719405 0.510443 0.00234827
766 0.719405 0.512356 0.00217628
767 0.719405 0.513428 0.00255655
768 0.719405 0.514929 0.00280302
769 0.719405 0.509682 0.00223037
770 0.719405 0.511713 0.00242601
771 0.719405 0.513452 0.00244194
772 0.719405 0.510116 0.0022437
773 0.719405 0.513361 0.00295086
774 0.719405 0.511806 0.00257974
775 0.719405 0.508465 0.00222319
776 0.719405 0.513307 0.00203473
777 0.719405 0.512085 0.00225151
778 0.719405 0.511992 0.00197326
779 0.719405 0.511644 0.00232602
780 0.719405 0.512584 0.00206418
781 0.719405 0.511452 0.00210862
782 0.719405 0.51119 0.00204509
783 0.719405 0.508611 0.00216293
784 0.719405 0.510653 0.00268828
785 0.719405 0.510098 0.00209111
786 0.719405 0.509173 0.00233474
787 0.719405 0.511103 0.0021861
788 0.719405 0.507375 0.00245825
789 0.719405 0.506779 0.00254891
790 0.719405 0.511026 0.00222463
791 0.719405 0.511729 0.00206173
792 0.719405 0.511531 0.00275271
793 0.719405 0.508305 0.00256932
794 0.719405 0.506146 0.00222503
795 0.719405 0.512256 0.00225298
796 0.719405 0.510023 0.00269688
797 0.719405 0.511159 0.00237226
798 0.719405 0.509585 0.00224436
799 0.719405 0.506874 0.00270386
800 0.719405 0.514263 0.00210619
801 0.719405 0.517425 0.00215866
802 0.719405 0.517519 0.00253364
803 0.719405 0.509472 0.00240792
804 0.719405 0.508281 0.00225446
805 0.719405 0.514502 0.00237312
806 0.719405 0.512812 0.00234062
807 0.719405 0.510016 0.00214546
808 0.719405 0.507938 0.00207499
809 0.719405 0.509232 0.00238532
810 0.719405 0.51226 0.00240436
811 0.719405 0.515724 0.00271642
812 0.719405 0.51613 0.00242526
813 0.719405 0.505244 0.00231724
814 0.719405 0.512237 0.00243679
815 0.719405 0.511257 0.00214153
816 0.719405 0.51252 0.00233875
817 0.719405 0.513163 0.0025773
818 0.719405 0.505583 0.00231069
819 0.719405 0.507234 0.00229048
820 0.719405 0.510688 0.00255072
821 0.719405 0.510121 0.00245846
822 0.719405 0.510199 0.0019781
823 0.719405 0.507837 0.00247498
824 0.719405 0.511273 0.00196589
825 0.719405 0.512611 0.00215132
826 0.719405 0.512218 0.0022219
827 0.719405 0.513783 0.00236819
828 0.719405 0.511594 0.00250265
829 0.719405 0.51086 0.00264993
830 0.719405 0.513443 0.00246801
831 0.719405 0.512954 0.00243279
832 0.719405 0.511627 0.00220054
833 0.719405 0.512531 0.00210195
834 0.719405 0.507612 0.0023161
835 0.719405 0.513585 0.00225772
836 0.719405 0.507006 0.00253737
837 0.719405 0.5133 0.00298761
838 0.719405 0.512701 0.00209033
839 0.719405 0.511276 0.00224587
840 0.719405 0.51228 0.00200936
841 0.719405 0.514406 0.00246259
842 0.719405 0.51034 0.00235655
843 0.719405 0.513564 0.00223839
844 0.719405 0.510018 0.00241756
845 0.719405 0.512123 0.00220496
846 0.719405 0.510919 0.00208318
847 0.719405 0.51876 0.00225162
848 0.719405 0.515097 0.00267276
849 0.719405 0.511296 0.00230181
850 0.719405 0.511544 0.00256435
851 0.719405 0.513518 0.0024831
852 0.719405 0.511543 0.00235446
853 0.719405 0.510843 0.00218492
854 0.719405 0.518513 0.00259272
855 0.719405 0.510625 0.00226992
856 0.719405 0.51244 0.0022148
857 0.719405 0.513833 0.00210513
858 0.719405 0.511536 0.0023428
859 0.719405 0.514171 0.00225807
860 0.719405 0.510646 0.00246234
861 0.719405 0.505123 0.00236699
862 0.719405 0.509388 0.00260546
863 0.719405 0.510275 0.00245541
864 0.719405 0.512856 0.00244541
865 0.719405 0.51451 0.00243353
866 0.719405 0.510966 0.00230868
867 0.719405 0.508375 0.0026394
868 0.719405 0.509432 0.00229007
869 0.719405 0.5135 0.00269307
870 0.719405 0.514793 0.00268519
871 0.719405 0.511189 0.0022835
872 0.719405 0.512414 0.00246648
873 0.719405 0.50999 0.00238771
874 0.719405 0.508391 0.00216316
875 0.719405 0.509067 0.00230461
876 0.719405 0.508885 0.00218413
877 0.719405 0.507545 0.00254564
878 0.719405 0.51283 0.00266145
879 0.719405 0.512073 0.00230011
880 0.719405 0.514822 0.00239284
881 0.719405 0.516441 0.00242006
882 0.719405 0.510327 0.0024029
883 0.719405 0.512643 0.00247522
884 0.719405 0.512614 0.00238701
885 0.719405 0.51439 0.00226857
886 0.719405 0.516815 0.002454
887 0.719405 0.514512 0.00217272
888 0.719405 0.508167 0.00229503
889 0.719405 0.509738 0.00237748
890 0.719405 0.509529 0.00220888
891 0.719405 0.512589 0.00264921
892 0.719405 0.513153 0.00222023
893 0.719405 0.513575 0.00263752
894 0.719405 0.516061 0.00303473
895 0.719405 0.516041 0.00282866
896 0.719405 0.516697 0.00279147
897 0.719405 0.51341 0.00236892
898 0.719405 0.514784 0.00235984
899 0.719405 0.510903 0.00249525
900 0.719405 0.514812 0.00259522
901 0.719405 0.511564 0.00228694
902 0.719405 0.511609 0.00245634
903 0.719405 0.513898 0.00227789
904 0.719405 0.513748 0.00282736
905 0.719405 0.517262 0.00294894
906 0.719405 0.509708 0.00221386
907 0.719405 0.517087 0.00207663
908 0.719405 0.51207 0.00229615
909 0.719405 0.513346 0.00218224
910 0.719405 0.514693 0.00300122
911 0.719405 0.514941 0.00244074
912 0.719405 0.514885 0.00248121
913 0.719405 0.515643 0.0022972
914 0.719405 0.513171 0.00216422
915 0.719405 0.511216 0.00250588
916 0.719405 0.513269 0.00300506
917 0.719405 0.511553 0.00249266
918 0.726565 0.514411 0.00308244
919 0.726565 0.515153 0.00244897
920 0.726565 0.506897 0.00245858
921 0.726565 0.509335 0.0024996
922 0.726565 0.512844 0.00305761
923 0.726565 0.5087 0.00259438
924 0.726565 0.510937 0.00246889
925 0.726565 0.512279 0.00233752
926 0.726565 0.511953 0.00242621
927 0.726565 0.508209 0.00234464
928 0.726565 0.505745 0.00236127
929 0.726565 0.512377 0.00279852
930 0.726565 0.513862 0.00243283
931 0.726565 0.512904 0.00239503
932 0.726565 0.512765 0.00231084
933 0.726565 0.510052 0.00287819
934 0.726565 0.510596 0.00234622
935 0.726565 0.513178 0.00235332
936 0.726565 0.516725 0.00275243
937 0.726565 0.511295 0.00234906
938 0.726565 0.513284 0.00255649
939 0.726565 0.50852 0.00269353
940 0.726565 0.511846 0.00259748
941 0.726565 0.512973 0.00256518
942 0.726565 0.512228 0.00295901
943 0.726565 0.514234 0.00242724
944 0.726565 0.513635 0.00249435
945 0.726565 0.515663 0.00259358
946 0.726565 0.515196 0.00330194
947 0.726565 0.514061 0.00246978
948 0.726565 0.512525 0.00261842
949 0.726565 0.512851 0.00314449
950 0.726565 0.513531 0.00254625
951 0.726565 0.513704 0.00230526
952 0.726565 0.508587 0.00275233
953 0.726565 0.513851 0.0024288
954 0.726565 0.511036 0.00234067
955 0.726565 0.510372 0.00262069
956 0.726565 0.512238 0.00249425
957 0.726565 0.513882 0.00235983
958 0.726565 0.516427 0.00313034
959 0.726565 0.514342 0.00273701
960 0.726565 0.514232 0.00246711
961 0.726565 0.509739 0.00260538
962 0.726565 0.512431 0.00265855
963 0.726565 0.512017 0.00243744
964 0.726565 0.510272 0.00240984
965 0.726565 0.513269 0.00242344
966 0.726565 0.513386 0.00290716
967 0.726565 0.511948 0.00271599
968 0.726565 0.508318 0.00255191
969 0.726565 0.508804 0.00245648
970 0.726565 0.515123 0.00281532
971 0.726565 0.513849 0.00295152
972 0.726565 0.517195 0.00277111
973 0.726565 0.509989 0.00258536
974 0.726565 0.513442 0.00267567
975 0.726565 0.510623 0.00229151
976 0.726565 0.51611 0.00276165
977 0.726565 0.515112 0.00265852
978 0.726565 0.51417 0.00275881
979 0.726565 0.513784 0.00267076
980 0.726565 0.514429 0.00284742
981 0.726565 0.510259 0.00261135
982 0.726565 0.512987 0.00305961
983 0.726565 0.513321 0.00312448
984 0.726565 0.514914 0.00281889
985 0.726565 0.513954 0.00323542
986 0.726565 0.513023 0.00237249
987 0.726565 0.514756 0.00253002
988 0.726565 0.513947 0.00241151
989 0.726565 0.514952 0.00240326
990 0.726565 0.512146 0.00272375
991 0.726565 0.517363 0.00274371
992 0.726565 0.51248 0.00270023
993 0.726565 0.516278 0.00262755
994 0.726565 0.514551 0.00243652
995 0.726565 0.511295 0.00270382
996 0.726565 0.512543 0.00246607
997 0.726565 0.511356 0.0024601
998 0.726565 0.508477 0.00235029
999 0.726565 0.511085 0.00268328
1000 0.726565 0.510398 0.00261787
1001 0.726565 0.511318 0.00258067
1002 0.726565 0.508179 0.00295393
1003 0.726565 0.511558 0.00262586
1004 0.726565 0.509505 0.00246315
1005 0.726565 0.510378 0.0025541
1006 0.726565 0.507082 0.00248012
1007 0.726565 0.511234 0.00253832
1008 0.726565 0.50795 0.0026476
1009 0.726565 0.511771 0.00255308
1010 0.726565 0.507261 0.00232181
1011 0.726565 0.515466 0.00284167
1012 0.726565 0.517848 0.00273557
1013 0.726565 0.514387 0.00249666
1014 0.726565 0.509755 0.00268478
1015 0.726565 0.514419 0.00281281
1016 0.726565 0.514212 0.00270734
1017 0.726565 0.511989 0.00258453
1018 0.726565 0.512114 0.00259629
1019 0.726565 0.510533 0.00239893
1020 0.726565 0.514793 0.00247907
1021 0.726565 0.510608 0.00246365
1022 0.726565 0.513252 0.00250141
1023 0.726565 0.508737 0.0026456
1024 0.726565 0.511004 0.00236375
1025 0.726565 0.51515 0.00268247
1026 0.726565 0.514025 0.00278202
1027 0.726565 0.513839 0.00278252
1028 0.726565 0.517725 0.0027235
1029 0.726565 0.507801 0.00232411
1030 0.726565 0.512365 0.0024537
1031 0.726565 0.515559 0.00278628
1032 0.726565 0.5135 0.00298457
1033 0.726565 0.508114 0.00276756
1034 0.726565 0.516192 0.00257272
1035 0.726565 0.51192 0.00262699
1036 0.726565 0.509517 0.00237245
1037 0.726565 0.510366 0.00245243
1038 0.726565 0.511535 0.00255805
1039 0.726565 0.515366 0.00264028
1040 0.726565 0.513803 0.00247821
1041 0.726565 0.517233 0.0025339
1042 0.726565 0.510111 0.00251955
1043 0.726565 0.5146 0.00228367
1044 0.726565 0.515759 0.00287586
1045 0.726565 0.511665 0.00283195
1046 0.726565 0.512034 0.00244793
1047 0.726565 0.509376 0.00250169
1048 0.726565 0.514166 0.00250143
1049 0.726565 0.512675 0.00306639
1050 0.726565 0.509582 0.00237404
1051 0.726565 0.511401 0.00251603
1052 0.726565 0.509881 0.00241586
1053 0.726565 0.509211 0.00266098
1054 0.726565 0.51166 0.0026082
1055 0.726565 0.509775 0.00227604
1056 0.726565 0.51627 0.00243842
1057 0.726565 0.511462 0.00229367
1058 0.726565 0.510321 0.00273541
1059 0.726565 0.511518 0.00256624
1060 0.726565 0.510373 0.00251718
1061 0.726565 0.512892 0.00248706
1062 0.726565 0.512337 0.00211624
1063 0.726565 0.513372 0.00259184
1064 0.726565 0.50878 0.00293721
1065 0.726565 0.509991 0.00262898
1066 0.726565 0.510809 0.00242438
1067 0.726565 0.513081 0.00266438
1068 0.726565 0.513402 0.00281487
1069 0.726565 0.517217 0.00280009
1070 0.726565 0.512097 0.00302259
1071 0.726565 0.513299 0.00260769
1072 0.726565 0.512925 0.0026556
1073 0.726565 0.512359 0.00242412
1074 0.726565 0.514556 0.00271641
1075 0.726565 0.513955 0.00249428
1076 0.726565 0.509015 0.00290006
1077 0.726565 0.516081 0.00276266
1078 0.726565 0.511971 0.00240652
1079 0.726565 0.510285 0.00282405
1080 0.726565 0.513491 0.0027076
1081 0.726565 0.509387 0.00241146
1082 0.726565 0.512067 0.00242494
1083 0.726565 0.510381 0.00247328
1084 0.726565 0.515335 0.00261907
1085 0.726565 0.511659 0.00264557
1086 0.726565 0.511281 0.00302878
1087 0.726565 0.510972 0.00314786
1088 0.726565 0.50994 0.00285984
1089 0.726565 0.512492 0.00276192
1090 0.726565 0.50697 0.00250502
1091 0.726565 0.509147 0.00254916
1092 0.726565 0.511276 0.00268139
1093 0.726565 0.511692 0.00283937
1094 0.726565 0.514311 0.00253214
1095 0.726565 0.514975 0.00262863
1096 0.726565 0.516292 0.00251838
1097 0.726565 0.516758 0.00260811
1098 0.726565 0.514618 0.00290723
1099 0.726565 0.510911 0.00242929
1100 0.726565 0.514501 0.00252029
1101 0.726565 0.514551 0.00288409
1102 0.726565 0.509909 0.00262435
1103 0.726565 0.511099 0.00281684
1104 0.726565 0.513912 0.00253579
1105 0.726565 0.511489 0.00263817
1106 0.726565 0.51396 0.00261183
1107 0.726565 0.512816 0.00266598
1108 0.726565 0.510716 0.00251139
1109 0.726565 0.512006 0.00316864
1110 0.726565 0.513354 0.00247898
1111 0.726565 0.514146 0.00256288
1112 0.726565 0.512745 0.00235679
1113 0.726565 0.511558 0.00246783
1114 0.726565 0.511487 0.00226021
1115 0.726565 0.509707 0.00235777
1116 0.726565 0.517633 0.00259573
1117 0.726565 0.513276 0.00264034
1118 0.726565 0.511954 0.00261052
1119 0.726565 0.507116 0.00249154
1120 0.726565 0.508364 0.00259747
1121 0.726565 0.509806 0.0023087
1122 0.726565 0.509748 0.00274645
1123 0.726565 0.513993 0.00265866
1124 0.726565 0.513009 0.00291185
1125 0.726565 0.514055 0.0027855
1126 0.726565 0.515054 0.00276647
1127 0.726565 0.51372 0.00275327
1128 0.726565 0.510556 0.00238288
1129 0.726565 0.509395 0.00235473
1130 0.726565 0.51045 0.00248986
1131 0.726565 0.512894 0.0029239
1132 0.726565 0.513744 0.0026955
1133 0.726565 0.511253 0.00265999
1134 0.726565 0.512429 0.00266012
1135 0.726565 0.514707 0.00256724
1136 0.726565 0.515715 0.00309267
1137 0.726565 0.514157 0.0028647
1138 0.726565 0.513595 0.00268893
1139 0.726565 0.513248 0.00284883
1140 0.726565 0.508998 0.00243423
1141 0.726565 0.512796 0.00276396
1142 0.726565 0.514793 0.00242656
1143 0.726565 0.514691 0.00260294
1144 0.726565 0.512579 0.00268435
1145 0.726565 0.510719 0.0027077
1146 0.726565 0.509651 0.00281507
1147 0.726565 0.514596 0.00316635
1148 0.726565 0.517545 0.00302146
1149 0.726565 0.5168 0.00297093
1150 0.726565 0.515429 0.00274935
1151 0.726565 0.514459 0.00259682
1152 0.726565 0.511333 0.0025548
1153 0.726565 0.512888 0.00243252
1154 0.726565 0.512822 0.00235014
1155 0.726565 0.511804 0.00236408
1156 0.726565 0.511855 0.0024901
1157 0.726565 0.509454 0.00232087
1158 0.726565 0.513588 0.0022897
1159 0.726565 0.509235 0.00223859
1160 0.726565 0.509199 0.00232547
1161 0.726565 0.50785 0.00220588
1162 0.726565 0.507074 0.00246913
1163 0.726565 0.512203 0.00227512
1164 0.726565 0.509128 0.00241907
1165 0.726565 0.513063 0.00250686
1166 0.726565 0.511154 0.00256885
1167 0.726565 0.512734 0.00269689
1168 0.726565 0.510684 0.00243496
1169 0.726565 0.509503 0.00245946
1170 0.726565 0.511099 0.00300711
1171 0.726565 0.513317 0.00255064
1172 0.726565 0.510962 0.00255231
1173 0.726565 0.513854 0.0023572
1174 0.726565 0.510585 0.00287974
1175 0.726565 0.51271 0.00247592
1176 0.726565 0.516386 0.00262862
1177 0.726565 0.513611 0.00274716
1178 0.726565 0.513903 0.00255738
1179 0.726565 0.514385 0.0026451
1180 0.726565 0.514683 0.00267994
1181 0.726565 0.512016 0.00278635
1182 0.726565 0.513352 0.00248655
1183 0.726565 0.514149 0.00243869
1184 0.726565 0.515653 0.00278865
1185 0.726565 0.510614 0.00256875
1186 0.726565 0.516303 0.0029144
1187 0.726565 0.516659 0.00287081
1188 0.726565 0.508552 0.00270413
1189 0.726565 0.51586 0.00269732
1190 0.726565 0.51526 0.00293871
1191 0.726565 0.51117 0.00247631
1192 0.726565 0.511085 0.00260374
1193 0.726565 0.5149 0.00283218
1194 0.726565 0.512411 0.00250851
1195 0.726565 0.508721 0.00253281
1196 0.726565 0.515176 0.00250108
1197 0.726565 0.516001 0.00243264
1198 0.726565 0.513478 0.00254568
1199 0.726565 0.51687 0.00232216
1200 0.726565 0.513896 0.00271149
1201 0.726565 0.510817 0.00276459
1202 0.726565 0.511254 0.00273999
1203 0.726565 0.516552 0.00279755
1204 0.726565 0.515629 0.00280564
1205 0.726565 0.51592 0.00331369
1206 0.726565 0.517149 0.00308531
1207 0.726565 0.51317 0.00280907
1208 0.726565 0.511237 0.00247779
1209 0.726565 0.509867 0.00268582
1210 0.726565 0.518028 0.00299898
1211 0.726565 0.511902 0.0025016
1212 0.726565 0.514473 0.00280115
1213 0.726565 0.517191 0.0032203
1214 0.726565 0.51593 0.00255257
1215 0.726565 0.513078 0.00252169
1216 0.726565 0.509468 0.00234437
1217 0.726565 0.515159 0.00238114
1218 0.726565 0.516267 0.00237115
1219 0.726565 0.514011 0.0028639
1220 0.726565 0.510138 0.00270453
1221 0.726565 0.51247 0.00237274
1222 0.726565 0.511446 0.00317598
1223 0.726565 0.51086 0.00270323
1224 0.726565 0.511916 0.00242267
1225 0.726565 0.515532 0.00256807
1226 0.726565 0.514438 0.00239388
1227 0.726565 0.512049 0.00234037
1228 0.726565 0.51284 0.00235747
1229 0.726565 0.512536 0.00270039
1230 0.726565 0.515368 0.00308085
1231 0.726565 0.514226 0.00315522
1232 0.726565 0.51257 0.00254144
1233 0.726565 0.517269 0.00255444
1234 0.726565 0.509489 0.00257455
1235 0.726565 0.515578 0.00232412
1236 0.726565 0.512165 0.00272613
1237 0.726565 0.5198 0.00315045
1238 0.726565 0.515791 0.00277843
1239 0.726565 0.515003 0.00285597
1240 0.726565 0.515775 0.00261678
1241 0.726565 0.510789 0.00228685
1242 0.726565 0.510356 0.00252848
1243 0.726565 0.51066 0.0023421
1244 0.726565 0.514785 0.00236816
1245 0.726565 0.514257 0.00249862
1246 0.726565 0.510871 0.00254737
1247 0.726565 0.512047 0.00267317
1248 0.726565 0.510882 0.00222209
1249 0.726565 0.512743 0.00308618
1250 0.726565 0.507471 0.00224065
1251 0.726565 0.514064 0.00237483
1252 0.726565 0.516715 0.00291038
1253 0.726565 0.510781 0.00233239
1254 0.726565 0.512585 0.00253651
1255 0.726565 0.515113 0.00246822
1256 0.726565 0.513704 0.00235446
1257 0.726565 0.513099 0.00254837
1258 0.726565 0.511566 0.00254475
1259 0.726565 0.515531 0.00248292
1260 0.726565 0.513474 0.00258338
1261 0.726565 0.514822 0.00265665
1262 0.726565 0.516094 0.00262199
1263 0.726565 0.513375 0.00263835
1264 0.726565 0.512314 0.00276317
1265 0.726565 0.519494 0.00232795
1266 0.726565 0.515354 0.00251695
1267 0.726565 0.517843 0.00282365
1268 0.726565 0.514253 0.00243426
1269 0.726565 0.510438 0.00293707
1270 0.726565 0.509645 0.00257849
1271 0.726565 0.508992 0.00251116
1272 0.726565 0.512129 0.00248289
1273 0.726565 0.507859 0.00257671
1274 0.726565 0.515495 0.0034398
1275 0.726565 0.511204 0.00268664
1276 0.726565 0.514922 0.00283079
1277 0.726565 0.514391 0.00298706
1278 0.726565 0.510263 0.00250779
1279 0.726565 0.511801 0.00259383
1280 0.726565 0.508123 0.002426
1281 0.726565 0.511555 0.00232172
1282 0.726565 0.510528 0.00282131
1283 0.726565 0.514499 0.00293496
1284 0.726565 0.512811 0.00268025
1285 0.726565 0.513566 0.00249886
1286 0.726565 0.510453 0.00233018
1287 0.726565 0.511422 0.00258092
1288 0.726565 0.511047 0.0024475
1289 0.726565 0.511119 0.00260556
1290 0.726565 0.509993 0.00260441
1291 0.726565 0.511815 0.00241605
1292 0.726565 0.513478 0.00289454
1293 0.726565 0.516489 0.00299429
1294 0.726565 0.510223 0.00251031
1295 0.726565 0.516771 0.00330498
1296 0.726565 0.510381 0.00288913
1297 0.726565 0.515415 0.00266399
1298 0.726565 0.510591 0.00258123
1299 0.726565 0.509988 0.00288616
1300 0.726565 0.514274 0.00245538
1301 0.726565 0.515714 0.002434
1302 0.726565 0.510249 0.00263981
1303 0.726565 0.514336 0.0025722
1304 0.726565 0.515512 0.00277339
1305 0.726565 0.513909 0.00255598
1306 0.726565 0.520219 0.00255488
1307 0.726565 0.517449 0.00260856
1308 0.726565 0.510114 0.00259804
1309 0.726565 0.515242 0.00262964
1310 0.726565 0.510833 0.00241624
1311 0.726565 0.513693 0.00229603
1312 0.726565 0.51142 0.00272957
1313 0.726565 0.512665 0.00317006
1314 0.726565 0.51084 0.00244723
1315 0.726565 0.515294 0.00286545
1316 0.726565 0.514942 0.00238722
1317 0.726565 0.511677 0.00227314
1318 0.726565 0.513746 0.00277173
1319 0.726565 0.512003 0.00276472
1320 0.726565 0.510701 0.00247517
1321 0.726565 0.509076 0.00242993
1322 0.726565 0.511305 0.00251981
1323 0.726565 0.514296 0.00271463
1324 0.726565 0.511422 0.00283736
1325 0.726565 0.513501 0.00294072
1326 0.726565 0.514911 0.0026348
1327 0.726565 0.513603 0.00270907
1328 0.726565 0.514285 0.00281393
1329 0.726565 0.515988 0.00265452
1330 0.726565 0.50916 0.00269488
1331 0.726565 0.51471 0.0022824
1332 0.726565 0.510272 0.00246623
1333 0.726565 0.514161 0.00271636
1334 0.726565 0.513409 0.00239563
1335 0.726565 0.512594 0.00240468
1336 0.726565 0.511646 0.00261235
1337 0.726565 0.514852 0.00253924
1338 0.726565 0.514507 0.00251373
1339 0.726565 0.512376 0.00266301
1340 0.726565 0.510495 0.0023738
1341 0.726565 0.514635 0.00235523
1342 0.726565 0.510112 0.00231083
1343 0.726565 0.512739 0.00239134
1344 0.726565 0.51377 0.00267565
1345 0.726565 0.514419 0.00259959
1346 0.726565 0.512719 0.00259716
1347 0.726565 0.508982 0.00244884
1348 0.726565 0.510804 0.00222503
1349 0.726565 0.514284 0.00274574
1350 0.726565 0.514996 0.00250652
1351 0.726565 0.51219 0.00247276
1352 0.726565 0.512185 0.00239857
1353 0.726565 0.509939 0.00241436
1354 0.726565 0.508425 0.00282614
1355 0.726565 0.511135 0.00233322
1356 0.726565 0.510121 0.00236974
1357 0.726565 0.510272 0.00270513
1358 0.726565 0.510125 0.00306417
1359 0.726565 0.509524 0.00255708
1360 0.726565 0.511233 0.00289669
1361 0.726565 0.513848 0.00253002
1362 0.726565 0.512324 0.00248905
1363 0.726565 0.510717 0.00251316
1364 0.726565 0.515474 0.00288059
1365 0.726565 0.513829 0.0028345
1366 0.726565 0.511627 0.00278474
1367 0.726565 0.509006 0.00235264
1368 0.726565 0.511642 0.00229281
1369 0.726565 0.508331 0.00255347
1370 0.726565 0.515062 0.00260245
1371 0.726565 0.511795 0.00269696
1372 0.726565 0.51451 0.00270182
1373 0.726565 0.514123 0.00257821
1374 0.726565 0.518231 0.00237954
1375 0.726565 0.518299 0.00276859
1376 0.726565 0.512507 0.00268814
1377 0.726565 0.51036 0.00332517
1378 0.726565 0.514064 0.00319251
1379 0.726565 0.512829 0.00244081
1380 0.726565 0.510437 0.00264321
1381 0.726565 0.512124 0.00241578
1382 0.726565 0.514993 0.00298195
1383 0.726565 0.515872 0.002468
1384 0.726565 0.513414 0.0026321
1385 0.726565 0.512377 0.00250839
1386 0.726565 0.510872 0.00261135
1387 0.726565 0.513621 0.002432
1388 0.726565 0.509682 0.00225337
1389 0.726565 0.511906 0.00244228
1390 0.726565 0.509114 0.00242183
1391 0.726565 0.511205 0.00248888
1392 0.726565 0.511455 0.00234654
1393 0.726565 0.51563 0.00280072
1394 0.726565 0.513851 0.0029193
1395 0.726565 0.51146 0.00250089
1396 0.726565 0.512421 0.00276448
1397 0.726565 0.51422 0.0024915
1398 0.726565 0.510302 0.00261443
1399 0.726565 0.514713 0.0026429
1400 0.726565 0.514794 0.00257791
1401 0.726565 0.514809 0.00239118
1402 0.726565 0.510911 0.00227558
1403 0.726565 0.514007 0.00333929
1404 0.726565 0.517815 0.00262439
1405 0.726565 0.51595 0.00266491
1406 0.726565 0.511956 0.00265496
1407 0.726565 0.505879 0.00234948
1408 0.726565 0.511829 0.00241374
1409 0.726565 0.510893 0.00237286
1410 0.726565 0.508389 0.00224786
1411 0.726565 0.512256 0.00228103
1412 0.726565 0.511503 0.00239465
1413 0.726565 0.510737 0.00233731
1414 0.726565 0.510997 0.00264131
1415 0.726565 0.514919 0.00250876
1416 0.726565 0.513206 0.00280068
1417 0.726565 0.514886 0.00283753
1418 0.726565 0.512593 0.00261292
1419 0.726565 0.511963 0.00242262
1420 0.726565 0.51292 0.00262094
1421 0.726565 0.514391 0.00246563
1422 0.726565 0.511241 0.00233784
1423 0.726565 0.512374 0.00239657
1424 0.726565 0.51647 0.00238174
1425 0.726565 0.515489 0.00236552
1426 0.726565 0.512466 0.00253613
1427 0.726565 0.513936 0.00267697
1428 0.726565 0.509577 0.00244185
1429 0.726565 0.516427 0.00252134
1430 0.726565 0.515613 0.00298841
1431 0.726565 0.515736 0.00242976
1432 0.726565 0.513426 0.0026962
1433 0.726565 0.507992 0.00243073
1434 0.726565 0.514868 0.00261278
1435 0.726565 0.517501 0.00251941
1436 0.726565 0.511352 0.00229858
1437 0.726565 0.513618 0.00245547
1438 0.726565 0.511995 0.00247355
1439 0.726565 0.515007 0.00243948
1440 0.726565 0.512686 0.00243567
1441 0.726565 0.515584 0.00244409
1442 0.726565 0.510436 0.00277144
1443 0.726565 0.513026 0.00250712
1444 0.726565 0.506824 0.00231973
1445 0.726565 0.515398 0.00276181
1446 0.726565 0.512407 0.00228359
1447 0.726565 0.514203 0.00256706
1448 0.726565 0.512032 0.00227485
1449 0.726565 0.51402 0.00272323
1450 0.726565 0.509552 0.00239519
1451 0.726565 0.514612 0.0026464
1452 0.726565 0.508218 0.00245648
1453 0.726565 0.50841 0.00241298
1454 0.726565 0.511503 0.00236166
1455 0.726565 0.509617 0.00233316
1456 0.726565 0.51125 0.00252955
1457 0.726565 0.512305 0.00243381
1458 0.726565 0.51017 0.00251819
1459 0.726565 0.509575 0.00226082
1460 0.726565 0.508116 0.00254096
1461 0.726565 0.509503 0.00257886
1462 0.726565 0.510657 0.00250598
1463 0.726565 0.510992 0.0027468
1464 0.726565 0.512335 0.00252103
1465 0.726565 0.511039 0.00228812
1466 0.726565 0.511748 0.00281926
1467 0.726565 0.511206 0.00276835
1468 0.726565 0.515959 0.00284593
1469 0.726565 0.512881 0.0024465
1470 0.726565 0.51047 0.00254526
1471 0.726565 0.513272 0.00251744
1472 0.726565 0.511859 0.00257309
1473 0.726565 0.514427 0.00264929
1474 0.726565 0.50994 0.00227881
1475 0.726565 0.520708 0.00331479
1476 0.726565 0.508608 0.0024907
1477 0.726565 0.510725 0.00262601
1478 0.726565 0.510267 0.00230415
1479 0.726565 0.511125 0.0023792
1480 0.726565 0.513352 0.00255958
1481 0.726565 0.513778 0.00275588
1482 0.726565 0.513251 0.00249112
1483 0.726565 0.513574 0.00297791
1484 0.726565 0.514209 0.00251216
1485 0.726565 0.505245 0.00239154
1486 0.726565 0.511068 0.0023845
1487 0.726565 0.514637 0.00237464
1488 0.726565 0.512057 0.00287844
1489 0.726565 0.511985 0.00252958
1490 0.726565 0.51487 0.00266108
1491 0.726565 0.511182 0.00220708
1492 0.726565 0.508805 0.00227118
1493 0.726565 0.512051 0.00246271
1494 0.726565 0.51148 0.00232868
1495 0.726565 0.511591 0.00286138
1496 0.726565 0.509638 0.002249
1497 0.726565 0.510187 0.0024271
1498 0.726565 0.509171 0.00273744
1499 0.726565 0.514371 0.00281117
1500 0.726565 0.508656 0.0024693
1501 0.726565 0.507383 0.00231656
1502 0.726565 0.512138 0.00245158
1503 0.726565 0.51278 0.0025611
1504 0.726565 0.510228 0.00245054
1505 0.726565 0.513191 0.00285486
1506 0.726565 0.509587 0.00230744
1507 0.726565 0.510774 0.00243
1508 0.726565 0.507746 0.00237768
1509 0.726565 0.513057 0.00237241
1510 0.726565 0.514945 0.00236125
1511 0.726565 0.512269 0.00246741
1512 0.726565 0.517845 0.00234821
1513 0.726565 0.510073 0.00209849
1514 0.726565 0.509977 0.00239495
1515 0.726565 0.512619 0.0022322
1516 0.726565 0.5145 0.00265034
1517 0.726565 0.512809 0.00263815
1518 0.726565 0.51662 0.00315893
1519 0.726565 0.514795 0.00273567
1520 0.726565 0.51763 0.00295421
1521 0.726565 0.510912 0.00276072
1522 0.726565 0.516637 0.00280493
1523 0.726565 0.514511 0.00268202
1524 0.726565 0.510999 0.00233889
1525 0.726565 0.511794 0.00232244
1526 0.726565 0.513569 0.00265216
1527 0.726565 0.513742 0.00281752
1528 0.726565 0.517483 0.00293648
1529 0.726565 0.516304 0.00273238
1530 0.726565 0.516279 0.00258624
1531 0.726565 0.51483 0.00274411
1532 0.726565 0.512014 0.00291102
1533 0.726565 0.507861 0.00273678
1534 0.726565 0.512028 0.00272155
1535 0.726565 0.512282 0.00253411
1536 0.726565 0.509165 0.00232498
1537 0.726565 0.510227 0.00263788
1538 0.726565 0.508356 0.00297498
1539 0.726565 0.514014 0.00265403
1540 0.726565 0.518894 0.00265037
1541 0.726565 0.517457 0.00275464
1542 0.726565 0.509874 0.0022293
1543 0.726565 0.512121 0.00236033
1544 0.726565 0.514953 0.00260487
1545 0.726565 0.512666 0.00256336
1546 0.726565 0.512395 0.00303359
1547 0.726565 0.511937 0.00293489
1548 0.726565 0.515776 0.00266095
1549 0.726565 0.51784 0.00268751
1550 0.726565 0.514581 0.00259234
1551 0.726565 0.517121 0.00251935
1552 0.726565 0.508711 0.00254737
1553 0.726565 0.514367 0.00244622
1554 0.726565 0.509396 0.00236148
1555 0.726565 0.510596 0.00285881
1556 0.726565 0.516425 0.00274587
1557 0.726565 0.512326 0.00253184
1558 0.726565 0.513893 0.00247083
1559 0.726565 0.513404 0.00241689
1560 0.726565 0.509434 0.0026565
1561 0.726565 0.511718 0.00263298
1562 0.726565 0.512891 0.00252487
1563 0.726565 0.510947 0.00285224
1564 0.726565 0.513875 0.00278168
1565 0.726565 0.514711 0.00267543
1566 0.726565 0.512017 0.00237745
1567 0.726565 0.514122 0.00253806
1568 0.726565 0.513584 0.00265267
1569 0.726565 0.515194 0.0027365
1570 0.726565 0.513574 0.00254483
1571 0.726565 0.511702 0.00253989
1572 0.726565 0.509848 0.00239102
1573 0.726565 0.512487 0.00263949
1574 0.726565 0.514995 0.00297261
1575 0.726565 0.510046 0.00281282
1576 0.726565 0.510939 0.00258973
1577 0.726565 0.510589 0.00243043
1578 0.726565 0.507002 0.00248673
1579 0.726565 0.510427 0.00262384
1580 0.726565 0.511347 0.00278499
1581 0.726565 0.510835 0.00233727
1582 0.726565 0.513956 0.00246646
1583 0.726565 0.514843 0.00286006
1584 0.726565 0.51188 0.00235052
1585 0.726565 0.510599 0.00251668
1586 0.726565 0.510902 0.00278556
1587 0.726565 0.509628 0.00228681
1588 0.726565 0.508994 0.00253414
1589 0.726565 0.511099 0.00249135
1590 0.726565 0.511047 0.002767
1591 0.726565 0.516379 0.00312526
1592 0.726565 0.51423 0.00242694
1593 0.726565 0.513828 0.00256971
1594 0.726565 0.514146 0.00230729
1595 0.726565 0.516569 0.003245
1596 0.726565 0.512891 0.00249122
1597 0.726565 0.514217 0.0025109
1598 0.726565 0.510987 0.00233144
1599 0.726565 0.513195 0.00228996
1600 0.726565 0.512561 0.0025574
1601 0.726565 0.509121 0.00273892
1602 0.726565 0.508594 0.00268779
1603 0.726565 0.513577 0.00261365
1604 0.726565 0.51387 0.00263618
1605 0.726565 0.513192 0.00272801
1606 0.726565 0.512165 0.00277707
1607 0.726565 0.508397 0.00236133
1608 0.726565 0.509279 0.00257662
1609 0.726565 0.509204 0.00244695
1610 0.726565 0.512618 0.00280242
1611 0.726565 0.513826 0.00261905
1612 0.726565 0.510974 0.00255982
1613 0.726565 0.508173 0.00276916
1614 0.726565 0.514374 0.00254815
1615 0.726565 0.511402 0.00242999
1616 0.726565 0.514259 0.00236708
1617 0.726565 0.510936 0.0027194
1618 0.726565 0.51613 0.00250617
1619 0.726565 0.515561 0.00246815
1620 0.726565 0.512919 0.00266028
1621 0.726565 0.508718 0.00293788
1622 0.726565 0.517431 0.00253545
1623 0.726565 0.512839 0.0027508
1624 0.726565 0.51547 0.002854
1625 0.726565 0.514837 0.00284605
1626 0.726565 0.513741 0.00251361
1627 0.726565 0.511954 0.00248717
1628 0.726565 0.514122 0.0029104
1629 0.726565 0.513322 0.00250446
1630 0.726565 0.513444 0.00258199
1631 0.726565 0.514092 0.00254991
1632 0.726565 0.514039 0.00278605
1633 0.726565 0.509749 0.00278841
1634 0.726565 0.513697 0.00263598
1635 0.726565 0.514378 0.00250969
1636 0.726565 0.512379 0.0024426
1637 0.726565 0.512712 0.00234007
1638 0.726565 0.510998 0.00249105
1639 0.726565 0.508941 0.00268181
1640 0.726565 0.51175 0.0025294
1641 0.726565 0.513477 0.00257328
1642 0.726565 0.511597 0.0024161
1643 0.726565 0.511201 0.00242571
1644 0.726565 0.512266 0.00243211
1645 0.726565 0.513129 0.00245078
1646 0.726565 0.506799 0.00237602
1647 0.726565 0.511567 0.00252816
1648 0.726565 0.515876 0.00329426
1649 0.726565 0.51337 0.00257278
1650 0.726565 0.512814 0.00252907
1651 0.726565 0.511764 0.0023212
1652 0.726565 0.515467 0.00258453
1653 0.726565 0.510795 0.00259206
1654 0.726565 0.51214 0.00246618
1655 0.726565 0.513984 0.00281106
1656 0.726565 0.513155 0.00237093
1657 0.726565 0.516778 0.0025856
1658 0.726565 0.514656 0.00283012
1659 0.726565 0.514341 0.00271726
1660 0.726565 0.512255 0.00239515
1661 0.726565 0.512293 0.00268667
1662 0.726565 0.51526 0.00264879
1663 0.726565 0.519031 0.00335129
1664 0.726565 0.519296 0.00246018
1665 0.726565 0.511376 0.00283028
1666 0.726565 0.514977 0.00237495
1667 0.726565 0.516622 0.00244698
1668 0.726565 0.509012 0.00279432
1669 0.726565 0.510601 0.00248935
1670 0.726565 0.511564 0.00254889
1671 0.726565 0.511933 0.00246452
1672 0.726565 0.513619 0.00250443
1673 0.726565 0.508199 0.00223246
1674 0.726565 0.514262 0.00290914
1675 0.726565 0.515527 0.00236671
1676 0.726565 0.513533 0.00265527
1677 0.726565 0.510581 0.00239707
1678 0.726565 0.509188 0.00229929
1679 0.726565 0.509211 0.00223971
1680 0.726565 0.511546 0.00227328
1681 0.726565 0.507683 0.00263561
1682 0.726565 0.512896 0.00251633
1683 0.726565 0.511692 0.00234829
1684 0.726565 0.508795 0.00235635
1685 0.726565 0.514994 0.00305553
1686 0.726565 0.507927 0.00242101
1687 0.726565 0.51289 0.00237048
1688 0.726565 0.512797 0.00253711
1689 0.726565 0.515376 0.00269693
1690 0.726565 0.513992 0.00260009
1691 0.726565 0.512541 0.00247057
1692 0.726565 0.51379 0.00243617
1693 0.726565 0.51218 0.00288125
1694 0.726565 0.512608 0.00265519
1695 0.726565 0.509776 0.00249629
1696 0.726565 0.515342 0.00267477
1697 0.726565 0.509125 0.00253552
1698 0.726565 0.512308 0.00236877
1699 0.726565 0.512485 0.00232598
1700 0.726565 0.511502 0.00283527
1701 0.726565 0.511179 0.00244754
1702 0.726565 0.513352 0.00259811
1703 0.726565 0.513842 0.00245646
1704 0.726565 0.51124 0.0029321
1705 0.726565 0.507455 0.00244783
1706 0.726565 0.510985 0.00249971
1707 0.726565 0.511588 0.00253395
1708 0.726565 0.511062 0.00260175
1709 0.726565 0.512718 0.00257513
1710 0.726565 0.514908 0.00242659
1711 0.726565 0.508867 0.0023984
1712 0.726565 0.510492 0.00239717
1713 0.726565 0.508596 0.00254944
1714 0.726565 0.510182 0.00230798
1715 0.726565 0.513458 0.00250428
1716 0.726565 0.513224 0.00249342
1717 0.726565 0.512527 0.00309478
1718 0.726565 0.512508 0.00238337
1719 0.726565 0.512755 0.00260764
1720 0.726565 0.514006 0.00248494
1721 0.726565 0.512633 0.00246304
1722 0.726565 0.510297 0.00280198
1723 0.726565 0.509584 0.00265308
1724 0.726565 0.513248 0.00283186
1725 0.726565 0.512332 0.00223179
1726 0.726565 0.512744 0.00254314
1727 0.726565 0.509422 0.00284599
1728 0.726565 0.514492 0.0030906
1729 0.726565 0.507782 0.0027775
1730 0.726565 0.512565 0.00264869
1731 0.726565 0.514497 0.00237098
1732 0.726565 0.509347 0.00256994
1733 0.726565 0.513465 0.00261857
1734 0.726565 0.51196 0.00265905
1735 0.726565 0.506763 0.0024977
1736 0.726565 0.511685 0.00235428
1737 0.726565 0.50979 0.00220579
1738 0.726565 0.507722 0.00292941
1739 0.726565 0.511124 0.00220793
1740 0.726565 0.508958 0.00226456
1741 0.726565 0.511207 0.00267868
1742 0.726565 0.512302 0.00249359
1743 0.726565 0.513246 0.00249566
1744 0.726565 0.510806 0.00250166
1745 0.726565 0.515243 0.00250613
1746 0.726565 0.511183 0.00250944
1747 0.726565 0.511458 0.00236358
1748 0.726565 0.507526 0.00227725
1749 0.726565 0.508159 0.0023015
1750 0.726565 0.508671 0.00270743
1751 0.726565 0.509185 0.00265904
1752 0.726565 0.515646 0.00295316
1753 0.726565 0.513403 0.00244877
1754 0.726565 0.512869 0.00260344
1755 0.726565 0.512854 0.0025742
1756 0.726565 0.511683 0.00259691
1757 0.726565 0.513606 0.00285378
1758 0.726565 0.515551 0.00248511
1759 0.726565 0.511061 0.00239799
1760 0.726565 0.513183 0.00295111
1761 0.726565 0.511137 0.00252884
1762 0.726565 0.513029 0.00266008
1763 0.726565 0.51011 0.00243544
1764 0.726565 0.50897 0.00239428
1765 0.726565 0.511543 0.0022726
1766 0.726565 0.511096 0.00230553
1767 0.726565 0.51055 0.0025735
1768 0.726565 0.518941 0.00338263
1769 0.726565 0.514205 0.00253045
1770 0.726565 0.514952 0.00249584
1771 0.726565 0.51311 0.00278226
1772 0.726565 0.513093 0.00241203
1773 0.726565 0.512885 0.00252843
1774 0.726565 0.511335 0.00282889
1775 0.726565 0.515441 0.00271903
1776 0.726565 0.51445 0.00265387
1777 0.726565 0.517356 0.00303345
1778 0.726565 0.516437 0.00264174
1779 0.726565 0.512897 0.00236906
1780 0.726565 0.515202 0.00256607
1781 0.726565 0.517856 0.0034834
1782 0.726565 0.510586 0.00259144
1783 0.726565 0.517018 0.00269862
1784 0.726565 0.51127 0.00242394
1785 0.726565 0.515116 0.002317
1786 0.726565 0.512593 0.0026907
1787 0.726565 0.513079 0.0031135
1788 0.726565 0.51321 0.00257851
1789 0.726565 0.515141 0.00268932
1790 0.726565 0.510233 0.00262298
1791 0.726565 0.513456 0.00242242
1792 0.726565 0.511161 0.00293156
1793 0.726565 0.512252 0.00254445
1794 0.726565 0.51238 0.00254111
1795 0.726565 0.511555 0.00260471
1796 0.726565 0.513631 0.00245675
1797 0.726565 0.509691 0.00243436
1798 0.726565 0.512847 0.0025705
1799 0.726565 0.512002 0.0026755
1800 0.726565 0.515599 0.00282483
1801 0.726565 0.51053 0.00237469
1802 0.726565 0.512651 0.0026606
1803 0.726565 0.509444 0.0025439
1804 0.726565 0.511078 0.00276554
1805 0.726565 0.513034 0.00273683
1806 0.726565 0.514634 0.00264475
1807 0.726565 0.513025 0.00250228
1808 0.726565 0.512559 0.00232861
1809 0.726565 0.514328 0.00313659
1810 0.726565 0.513072 0.00296368
1811 0.726565 0.514131 0.00272592
1812 0.726565 0.518893 0.00266555
1813 0.726565 0.51189 0.00251831
1814 0.726565 0.513579 0.00284809
1815 0.726565 0.512323 0.00286229
1816 0.726565 0.514245 0.0027189
1817 0.726565 0.513309 0.00245404
1818 0.726565 0.514341 0.00246787
1819 0.726565 0.511216 0.00256969
1820 0.726565 0.510968 0.00281296
1821 0.726565 0.509747 0.00279088
1822 0.726565 0.509646 0.00249487
1823 0.726565 0.513227 0.00242132
1824 0.726565 0.515684 0.00255015
1825 0.726565 0.516095 0.00258209
1826 0.726565 0.508735 0.00231656
1827 0.726565 0.509331 0.00229699
1828 0.726565 0.512166 0.00241963
1829 0.726565 0.511927 0.00266742
1830 0.726565 0.510207 0.00264491
1831 0.726565 0.509599 0.00280133
1832 0.726565 0.515845 0.00298892
1833 0.726565 0.515345 0.00267392
1834 0.726565 0.513734 0.00284208
1835 0.726565 0.513604 0.00268307
1836 0.726565 0.511739 0.00272094
1837 0.726565 0.509231 0.00273988
1838 0.726565 0.512096 0.00279021
1839 0.726565 0.514999 0.00274417
1840 0.726565 0.512889 0.0024654
1841 0.726565 0.514722 0.00274259
1842 0.726565 0.513397 0.00231056
1843 0.726565 0.51079 0.00241547
1844 0.726565 0.510178 0.00220581
1845 0.726565 0.515504 0.00290868
1846 0.726565 0.511217 0.00293479
1847 0.726565 0.513517 0.00237922
1848 0.726565 0.511933 0.00247574
1849 0.726565 0.514037 0.00259867
1850 0.726565 0.509918 0.00239875
1851 0.726565 0.513752 0.0023574
1852 0.726565 0.511343 0.00264208
1853 0.726565 0.513508 0.00284356
1854 0.726565 0.513106 0.00252536
1855 0.726565 0.517326 0.00286072
1856 0.726565 0.514386 0.00276621
1857 0.726565 0.510717 0.00293656
1858 0.726565 0.506301 0.00239564
1859 0.726565 0.512118 0.00237838
1860 0.726565 0.515302 0.00260378
1861 0.726565 0.511633 0.0023018
1862 0.726565 0.508383 0.00242187
1863 0.726565 0.509111 0.00248411
1864 0.726565 0.513794 0.00235102
1865 0.726565 0.511305 0.00229289
1866 0.726565 0.514242 0.00289714
1867 0.726565 0.512687 0.00287851
1868 0.726565 0.516526 0.0025938
1869 0.726565 0.518196 0.00261449
1870 0.726565 0.513793 0.00239128
1871 0.726565 0.517383 0.00256423
1872 0.726565 0.517882 0.00256928
1873 0.726565 0.510401 0.00259166
1874 0.726565 0.514726 0.00274535
1875 0.726565 0.512878 0.00248921
1876 0.726565 0.514114 0.00249716
1877 0.726565 0.512089 0.00224537
1878 0.726565 0.514308 0.00267324
1879 0.726565 0.512562 0.00262897
1880 0.726565 0.515059 0.00246673
1881 0.726565 0.514882 0.00252771
1882 0.726565 0.513437 0.00259124
1883 0.726565 0.512117 0.00255619
1884 0.726565 0.514862 0.00293732
1885 0.726565 0.510936 0.0024855
1886 0.726565 0.508349 0.00232506
1887 0.726565 0.511324 0.00263098
1888 0.726565 0.513929 0.00282178
1889 0.726565 0.515358 0.00330434
1890 0.726565 0.513505 0.00256424
1891 0.726565 0.514655 0.00253217
1892 0.726565 0.513836 0.00280513
1893 0.726565 0.512619 0.00272713
1894 0.726565 0.513549 0.00301459
1895 0.726565 0.514789 0.00274038
1896 0.726565 0.510335 0.00269947
1897 0.726565 0.511005 0.00253639
1898 0.726565 0.514938 0.00251426
1899 0.726565 0.510409 0.00226972
1900 0.726565 0.516973 0.00283675
1901 0.726565 0.518748 0.0032732
1902 0.726565 0.511895 0.00272892
1903 0.726565 0.512051 0.00260728
1904 0.726565 0.513974 0.00253473
1905 0.726565 0.514838 0.00244517
1906 0.726565 0.510667 0.00265148
1907 0.726565 0.509135 0.00273913
1908 0.726565 0.513327 0.00289468
1909 0.726565 0.511735 0.00254032
1910 0.726565 0.511588 0.00246143
1911 0.726565 0.513248 0.00240987
1912 0.726565 0.510825 0.00251479
1913 0.726565 0.515388 0.00251457
1914 0.726565 0.51401 0.00277175
1915 0.726565 0.511043 0.00233017
1916 0.726565 0.511755 0.00281342
1917 0.726565 0.509326 0.00250798
1918 0.726565 0.511463 0.00258183
1919 0.726565 0.512423 0.0026887
1920 0.726565 0.510464 0.00253173
1921 0.726565 0.513611 0.00243074
1922 0.726565 0.507719 0.00283902
1923 0.726565 0.513584 0.00256465
1924 0.726565 0.513102 0.00236433
1925 0.726565 0.510469 0.00247005
1926 0.726565 0.512919 0.0026165
1927 0.726565 0.513023 0.00280296
1928 0.726565 0.513224 0.00292515
1929 0.726565 0.517083 0.00248001
1930 0.726565 0.515404 0.00259608
1931 0.726565 0.51289 0.00268206
1932 0.726565 0.519426 0.00287062
1933 0.726565 0.511714 0.00222006
1934 0.726565 0.510288 0.00252199
1935 0.726565 0.514527 0.00256679
1936 0.726565 0.511771 0.00238444
1937 0.726565 0.513829 0.00295916
1938 0.726565 0.512762 0.00245469
1939 0.726565 0.511826 0.00242175
1940 0.726565 0.513873 0.00242759
1941 0.726565 0.513511 0.00255813
1942 0.726565 0.516466 0.00290516
1943 0.726565 0.518527 0.00284439
1944 0.726565 0.51548 0.00279327
1945 0.726565 0.513778 0.0031486
1946 0.726565 0.517294 0.00287381
1947 0.726565 0.512411 0.00255509
1948 0.726565 0.514203 0.00284864
1949 0.726565 0.514842 0.00279441
1950 0.726565 0.510994 0.00276436
1951 0.726565 0.513092 0.00270297
1952 0.726565 0.520211 0.00271001
1953 0.726565 0.509773 0.00234496
1954 0.726565 0.513472 0.00258053
1955 0.726565 0.510469 0.00282543
1956 0.726565 0.509803 0.00267859
1957 0.726565 0.516372 0.00281752
1958 0.726565 0.512286 0.00246613
1959 0.726565 0.513353 0.00244633
1960 0.726565 0.519199 0.00284113
1961 0.726565 0.514763 0.00282963
1962 0.726565 0.508363 0.00248874
1963 0.726565 0.515172 0.00286298
1964 0.726565 0.513325 0.00314734
1965 0.726565 0.510278 0.00245567
1966 0.726565 0.514257 0.00250635
1967 0.726565 0.514877 0.00251731
1968 0.726565 0.514622 0.00251481
1969 0.726565 0.514264 0.00258645
1970 0.726565 0.508069 0.00253222
1971 0.726565 0.511241 0.0025092
1972 0.726565 0.513246 0.00245609
1973 0.726565 0.510929 0.00244114
1974 0.726565 0.516073 0.00326946
1975 0.726565 0.511808 0.00249656
1976 0.726565 0.513122 0.00287759
1977 0.726565 0.512704 0.00222954
1978 0.726565 0.512297 0.00238299
1979 0.726565 0.512846 0.00241124
1980 0.726565 0.510899 0.00265639
1981 0.726565 0.51194 0.00264476
1982 0.726565 0.51114 0.00275228
1983 0.726565 0.512775 0.00247126
1984 0.726565 0.511452 0.00252386
1985 0.726565 0.511441 0.00245718
1986 0.726565 0.514068 0.00235411
1987 0.726565 0.514551 0.00280047
1988 0.726565 0.510441 0.00251423
1989 0.726565 0.512819 0.00235101
1990 0.726565 0.510786 0.00259008
1991 0.726565 0.510699 0.00289638
1992 0.726565 0.512193 0.00260124
1993 0.726565 0.513294 0.00243125
1994 0.726565 0.511032 0.00256894
1995 0.726565 0.511805 0.00281282
1996 0.726565 0.510669 0.00272829
1997 0.726565 0.513504 0.00265967
1998 0.726565 0.511337 0.0028563
1999 0.726565 0.507415 0.00277239
2000 0.726565 0.512061 0.00268543
