4
1
-50.3641
3.36246
0
-57.306
7.76534
0
0.0706529
0.23166
1
-55.05
3.90521
0
-61.1854
5.71386
0
1.9534
0.512894
1.3125
1.92686
1.28772
1.25803
0.999378
1.00987
0.844267
0.0776973
0.735762
1.89377
1.32233
1.43331
1.67495
1.29223
1.29881
1.32944
1.47915
0.403394
1.45372
0.780768
0.623785
0
0.835553
1.72849
1.83691
0.45002
0.4019
0.49944
1.63077
0.98043
0.789031
1.02064
1.08615
0.513781
0.889901
1.51752
0.348158
1.28655
1.98723
0.938486
1.58986
1.33395
0.872483
0.410106
0.33368
0.849092
1.48718
1.98373
1.20792
1.83402
1.88937
0.254397
1.49385
0.202066
0.670012
1.80794
1.43198
1.71301
1.34997
1.12144
1.08508
1.72429
0.504948
0.518973
0.209205
1.76003
0.399302
0.999842
1.36058
1.99978
1.30816e-05
0.9472
1.76025
