4
1
-54.7055
4.70355
0
-59.6289
7.78022
0
0.144308
0.295532
1
-64.2639
7.80838
0
-57.1628
6.72458
0
1.19237
1.84595
1.65208
0.557242
0.147574
0.711441
0.677544
0.994735
1.77511
1.22624
1.15841
1.6764
0.408764
1.27036
1.3604
0.682959
1.52741
0.460235
0.873921
0.116546
0.204339
1.21108
0.0390518
1.08952
0.158657
1.33211
0.546367
0.707369
1.46421
1.63602
0.433922
0.305495
0.792098
1.49728
0.490933
1.55947
0.727113
0.895062
0.553711
1.96707
1.52713
0.538104
0.992309
0.0186967
0.114246
1.51215
0.600515
0.131574
0.390068
1.96427
0.0308208
0.371247
0.0244487
0.911643
1.5154
1.6413
0.36442
1.59775
0.50523
0.698898
1.69176
1.20387
1.38952
0.971023
1.39745
1.30919
1.35739
1.9708
0.729012
0.503091
1.62102
1.94225
0.993982
1.51995
1.78852
