0 0.563899 0.497396 0.000189946
1 0.563899 0.499758 0.00029251
2 0.563899 0.498749 0.000355656
3 0.563899 0.500363 0.000288539
4 0.563899 0.501369 0.000190635
5 0.565955 0.502448 0.00030505
6 0.565955 0.500165 0.000290051
7 0.565955 0.500787 0.000238508
8 0.565955 0.501817 0.000285805
9 0.565955 0.501353 0.000249922
10 0.565955 0.502104 0.000272061
11 0.565955 0.49794 0.000452779
12 0.565955 0.499752 0.000288887
13 0.565955 0.502807 0.000320043
14 0.565955 0.504357 0.0003801
15 0.565955 0.503066 0.000350476
16 0.565955 0.501793 0.000457864
17 0.566605 0.501944 0.00045828
18 0.566605 0.501281 0.000308492
19 0.572741 0.503333 0.000369487
20 0.572741 0.496697 0.00044524
21 0.572741 0.500252 0.000330775
22 0.572741 0.504788 0.000334322
23 0.572741 0.500792 0.000359066
24 0.572741 0.500973 0.00040527
25 0.572741 0.501781 0.00039497
26 0.607941 0.50166 0.000524428
27 0.607941 0.501765 0.000415583
28 0.607941 0.501906 0.000431124
29 0.607941 0.500419 0.000416332
30 0.607941 0.500749 0.000547097
31 0.607941 0.5014 0.00048737
32 0.607941 0.501274 0.000631932
33 0.607941 0.499863 0.000770117
34 0.607941 0.504101 0.000417596
35 0.607941 0.500874 0.000555557
36 0.607941 0.501418 0.000377797
37 0.607941 0.502614 0.000440832
38 0.607941 0.50053 0.000539574
39 0.607941 0.502096 0.000470841
40 0.607941 0.502509 0.000421667
41 0.607941 0.503524 0.000448687
42 0.607941 0.502515 0.000454403
43 0.607941 0.501528 0.000584254
44 0.607941 0.501487 0.000610703
45 0.607941 0.503006 0.000505731
46 0.607941 0.504556 0.000604286
47 0.607941 0.500521 0.000571424
48 0.607941 0.502574 0.00048092
49 0.607941 0.501138 0.000667154
50 0.607941 0.503355 0.000505112
51 0.622138 0.501055 0.000753799
52 0.622138 0.503361 0.000641892
53 0.622138 0.504498 0.000480482
54 0.622138 0.504244 0.000561632
55 0.622138 0.502731 0.000596392
56 0.622138 0.50281 0.000836784
57 0.622138 0.503699 0.000687052
58 0.622138 0.5035 0.000596671
59 0.622138 0.503689 0.000668863
60 0.622138 0.501235 0.000781583
61 0.622138 0.502811 0.00109439
62 0.622138 0.504366 0.000834675
63 0.622138 0.501879 0.000975755
64 0.622138 0.503046 0.000824672
65 0.622138 0.503481 0.00108292
66 0.622138 0.505982 0.00096316
67 0.622138 0.504336 0.000739486
68 0.622138 0.504484 0.000898065
69 0.622138 0.502016 0.000701295
70 0.622138 0.5032 0.000678867
71 0.622138 0.502735 0.000907994
72 0.622138 0.502097 0.000734851
73 0.622138 0.503837 0.000969289
74 0.622138 0.504557 0.000877991
75 0.622138 0.506395 0.000895824
76 0.622138 0.508069 0.000989819
77 0.622138 0.504176 0.000812995
78 0.629528 0.507457 0.00114552
79 0.629528 0.505449 0.00081451
80 0.629528 0.504649 0.000807926
81 0.629528 0.503188 0.00124326
82 0.629528 0.502682 0.000977307
83 0.629528 0.503811 0.000758346
84 0.629528 0.505422 0.0011023
85 0.629528 0.503327 0.000814056
86 0.629528 0.505126 0.000860254
87 0.658754 0.504257 0.00134159
88 0.658754 0.507193 0.00120678
89 0.658754 0.506502 0.00106026
90 0.658754 0.50573 0.00100956
91 0.658754 0.502512 0.00146877
92 0.658754 0.505817 0.00139157
93 0.658754 0.50683 0.00140536
94 0.658754 0.503065 0.00133586
95 0.658754 0.504597 0.00159885
96 0.658754 0.507907 0.00143938
97 0.665313 0.506443 0.0019506
98 0.665313 0.504453 0.00170375
99 0.665313 0.503882 0.00177138
100 0.665313 0.502349 0.0015405
101 0.665313 0.504581 0.00167011
102 0.665313 0.501657 0.00146293
103 0.665313 0.506613 0.0014058
104 0.665313 0.510589 0.00140086
105 0.665313 0.506218 0.00157274
106 0.665313 0.502883 0.00167824
107 0.665313 0.500988 0.00158535
108 0.665313 0.50609 0.00138819
109 0.665313 0.505198 0.0015285
110 0.665313 0.504954 0.00165903
111 0.665313 0.501432 0.00175048
112 0.665313 0.507537 0.0015242
113 0.665313 0.509989 0.00145731
114 0.665313 0.503675 0.00140661
115 0.665313 0.508659 0.00133253
116 0.665313 0.506257 0.00153613
117 0.665313 0.506317 0.00164024
118 0.665313 0.506159 0.00159547
119 0.665313 0.505306 0.0015892
120 0.665313 0.508619 0.00129089
121 0.665313 0.508239 0.00167556
122 0.665313 0.514522 0.00191951
123 0.665313 0.507857 0.00199904
124 0.665313 0.502519 0.00211463
125 0.665313 0.503943 0.00206668
126 0.665313 0.506211 0.00207091
127 0.665313 0.502137 0.0021914
128 0.665313 0.503997 0.00185713
129 0.665313 0.502795 0.00179757
130 0.665313 0.503337 0.00195021
131 0.665313 0.500632 0.00192985
132 0.665313 0.510248 0.00210658
133 0.665313 0.504794 0.0019174
134 0.665313 0.507957 0.00155514
135 0.665313 0.502249 0.00184345
136 0.665313 0.50148 0.00182306
137 0.665313 0.508648 0.00216194
138 0.665313 0.506099 0.00191083
139 0.665313 0.506601 0.00225515
140 0.665313 0.507848 0.00162728
141 0.665313 0.503982 0.00191944
142 0.665313 0.500583 0.00181678
143 0.665313 0.503435 0.00154441
144 0.665313 0.506777 0.00166741
145 0.665313 0.505395 0.00199588
146 0.665313 0.503507 0.00179938
147 0.665313 0.506487 0.0020033
148 0.665313 0.509101 0.00188255
149 0.665313 0.512585 0.00189263
150 0.665313 0.508873 0.00217403
151 0.665313 0.508702 0.00194653
152 0.665313 0.504828 0.00202023
153 0.665313 0.505357 0.00175566
154 0.665313 0.507194 0.00182183
155 0.665313 0.514227 0.00211561
156 0.665313 0.509253 0.00183608
157 0.665313 0.512442 0.00208828
158 0.665313 0.507851 0.00202223
159 0.665313 0.509233 0.00204994
160 0.665313 0.508158 0.00181676
161 0.665313 0.507142 0.001723
162 0.665313 0.505571 0.00200513
163 0.665313 0.503832 0.0019572
164 0.665313 0.50337 0.00183655
165 0.665313 0.504382 0.00211468
166 0.665313 0.506762 0.00215743
167 0.665313 0.507587 0.00232558
168 0.665313 0.500346 0.00215667
169 0.665313 0.499622 0.00218639
170 0.665313 0.506998 0.00186446
171 0.665313 0.502957 0.00215986
172 0.665313 0.505231 0.00205777
173 0.665313 0.505464 0.00209425
174 0.665313 0.505532 0.00192454
175 0.665313 0.508241 0.002244
176 0.665313 0.504073 0.0023613
177 0.665313 0.507851 0.00221904
178 0.665313 0.504121 0.00207995
179 0.665313 0.503826 0.0018433
180 0.665313 0.50197 0.00228072
181 0.665313 0.510009 0.00233079
182 0.665313 0.507688 0.00181673
183 0.665313 0.505661 0.00164629
184 0.665313 0.503383 0.0018423
185 0.665313 0.506214 0.00212344
186 0.665313 0.500872 0.00182705
187 0.665313 0.507702 0.00180133
188 0.665313 0.501336 0.00227532
189 0.665313 0.504043 0.00198842
190 0.665313 0.507606 0.00202207
191 0.665313 0.507676 0.00215052
192 0.665313 0.506124 0.00171565
193 0.665313 0.508688 0.00223467
194 0.665313 0.511583 0.00213003
195 0.665313 0.504574 0.00200827
196 0.665313 0.504847 0.00187722
197 0.665313 0.50466 0.00201543
198 0.665313 0.508126 0.0020178
199 0.665313 0.508502 0.00198686
200 0.665313 0.507073 0.00193914
201 0.665313 0.508747 0.00171018
202 0.665313 0.509162 0.00201092
203 0.665313 0.505817 0.00192726
204 0.665313 0.503117 0.00245339
205 0.665313 0.503051 0.00236279
206 0.665313 0.507011 0.0018131
207 0.665313 0.502041 0.00196664
208 0.665313 0.503957 0.00234364
209 0.665313 0.506519 0.00192689
210 0.665313 0.504987 0.00187408
211 0.665313 0.50506 0.00176639
212 0.665313 0.511057 0.00189727
213 0.665313 0.507584 0.00219984
214 0.665313 0.508173 0.00202131
215 0.665313 0.50772 0.00221182
216 0.665313 0.50378 0.0021992
217 0.665313 0.506532 0.00192501
218 0.665313 0.50632 0.00178231
219 0.665313 0.508568 0.0017492
220 0.66772 0.508056 0.00230079
221 0.66772 0.513083 0.00164719
222 0.66772 0.511053 0.00209886
223 0.66772 0.505932 0.00225705
224 0.66772 0.507103 0.00188038
225 0.66772 0.508796 0.0018971
226 0.66772 0.510244 0.00163754
227 0.66772 0.505279 0.00168928
228 0.66772 0.507107 0.00178117
229 0.66772 0.505775 0.00192405
230 0.66772 0.507474 0.00151219
231 0.66772 0.505404 0.00182374
232 0.66772 0.506364 0.00180689
233 0.66772 0.509892 0.00202698
234 0.66772 0.50734 0.00185602
235 0.66772 0.503526 0.00209403
236 0.66772 0.502077 0.00182841
237 0.679982 0.50173 0.00205198
238 0.679982 0.501415 0.00213839
239 0.679982 0.505236 0.00208668
240 0.679982 0.500248 0.0021279
241 0.679982 0.507748 0.00188672
242 0.679982 0.501699 0.00211845
243 0.679982 0.506061 0.00173548
244 0.679982 0.507267 0.00208317
245 0.679982 0.503784 0.00219249
246 0.679982 0.503568 0.00214013
247 0.679982 0.508482 0.00231409
248 0.679982 0.506996 0.00218075
249 0.679982 0.503069 0.00212312
250 0.679982 0.508321 0.00189925
251 0.679982 0.508379 0.00247426
252 0.679982 0.509927 0.00205503
253 0.679982 0.503392 0.00193095
254 0.679982 0.510438 0.00255152
255 0.679982 0.506353 0.00205295
256 0.679982 0.505851 0.00187884
257 0.679982 0.509267 0.00164449
258 0.679982 0.509208 0.00195352
259 0.679982 0.513565 0.00227898
260 0.679982 0.507521 0.00219807
261 0.690032 0.511308 0.00241137
262 0.690032 0.50236 0.00248947
263 0.690032 0.511278 0.00207009
264 0.690032 0.512494 0.00222336
265 0.690032 0.511374 0.00248273
266 0.690032 0.508959 0.00236052
267 0.690032 0.50639 0.00208627
268 0.697619 0.504265 0.00287152
269 0.697619 0.509489 0.00204177
270 0.697619 0.506248 0.0025468
271 0.697619 0.510583 0.00220645
272 0.697619 0.508441 0.00342446
273 0.697619 0.511101 0.0023149
274 0.697619 0.509374 0.00260336
275 0.697619 0.510966 0.00257715
276 0.697619 0.50823 0.00264441
277 0.697619 0.508288 0.00322663
278 0.697619 0.509482 0.00257948
279 0.697619 0.511452 0.00253357
280 0.697619 0.514228 0.00238058
281 0.697619 0.50746 0.0021113
282 0.697619 0.507106 0.00201246
283 0.697619 0.509684 0.00250971
284 0.697619 0.507069 0.00296205
285 0.697619 0.515514 0.00271732
286 0.697619 0.507356 0.00271308
287 0.69959 0.518421 0.00320788
288 0.69959 0.508836 0.00349235
289 0.69959 0.511062 0.00313103
290 0.69959 0.51291 0.00271881
291 0.69959 0.505321 0.00319594
292 0.69959 0.503052 0.00251847
293 0.69959 0.503819 0.00299298
294 0.69959 0.505726 0.00310221
295 0.69959 0.511556 0.00264841
296 0.69959 0.509589 0.00270706
297 0.69959 0.509895 0.00286972
298 0.69959 0.510414 0.00333491
299 0.69959 0.507591 0.0026804
300 0.69959 0.512328 0.00270456
301 0.69959 0.509949 0.00316555
302 0.69959 0.506076 0.0024348
303 0.69959 0.511062 0.00307476
304 0.69959 0.512367 0.00318026
305 0.69959 0.513568 0.00383307
306 0.69959 0.513857 0.00312349
307 0.69959 0.509993 0.00342411
308 0.69959 0.506487 0.0029376
309 0.69959 0.51172 0.00313695
310 0.69959 0.511863 0.00313217
311 0.69959 0.512404 0.00293595
312 0.69959 0.508383 0.00320498
313 0.69959 0.505882 0.00345635
314 0.69959 0.508969 0.00284175
315 0.69959 0.511522 0.0034708
316 0.69959 0.509758 0.00323705
317 0.69959 0.506975 0.00281469
318 0.72223 0.509312 0.00336873
319 0.72223 0.511769 0.00273407
320 0.72223 0.511943 0.00354602
321 0.72223 0.50724 0.00289366
322 0.72223 0.51237 0.00298173
323 0.72223 0.513635 0.00302577
324 0.72223 0.506761 0.00258164
325 0.72223 0.513028 0.00286138
326 0.72223 0.513112 0.0025766
327 0.72223 0.515176 0.00323571
328 0.72223 0.516094 0.00325718
329 0.72223 0.513421 0.00375113
330 0.72223 0.512076 0.00309488
331 0.72223 0.517186 0.00339046
332 0.72223 0.5076 0.00280166
333 0.72223 0.512402 0.00367219
334 0.72223 0.513365 0.00379129
335 0.72223 0.51707 0.00313113
336 0.72223 0.511314 0.00300707
337 0.72223 0.512851 0.0035155
338 0.72223 0.513593 0.00330996
339 0.72223 0.515612 0.00339443
340 0.72223 0.509487 0.00325322
341 0.72223 0.514479 0.00332416
342 0.72223 0.515541 0.00293587
343 0.72223 0.513165 0.0037151
344 0.72223 0.510817 0.00288272
345 0.72223 0.513766 0.0030406
346 0.72223 0.508746 0.00302821
347 0.72223 0.516164 0.00264614
348 0.72223 0.513629 0.00310332
349 0.72223 0.517378 0.00322463
350 0.72223 0.506857 0.00292176
351 0.72223 0.508871 0.00331793
352 0.72223 0.514826 0.00319415
353 0.72223 0.51028 0.00312242
354 0.72223 0.519169 0.00362406
355 0.72223 0.504545 0.00330993
356 0.72223 0.510773 0.00270115
357 0.72223 0.514033 0.00261974
358 0.72223 0.512106 0.00315407
359 0.72223 0.508128 0.00311821
360 0.72223 0.509701 0.00317842
361 0.72223 0.511701 0.00363098
362 0.72223 0.506599 0.0027365
363 0.72223 0.510918 0.00312167
364 0.72223 0.511646 0.0033262
365 0.72223 0.511378 0.00284077
366 0.72223 0.513136 0.00280695
367 0.72223 0.508919 0.0027385
368 0.72223 0.506623 0.00314232
369 0.72223 0.510907 0.0029292
370 0.72223 0.515994 0.00330981
371 0.72223 0.514858 0.00315219
372 0.72223 0.514984 0.00321845
373 0.72223 0.510202 0.00310224
374 0.72223 0.509706 0.00290168
375 0.72223 0.510553 0.0031679
376 0.72223 0.509588 0.0031293
377 0.72223 0.510583 0.00300837
378 0.734187 0.516152 0.00394565
379 0.734187 0.511295 0.00332765
380 0.734187 0.514438 0.00355954
381 0.734187 0.517142 0.00416696
382 0.734187 0.519098 0.00340229
383 0.734187 0.514375 0.00344627
384 0.734187 0.516593 0.00336111
385 0.734187 0.512578 0.00289293
386 0.734187 0.513633 0.00301915
387 0.734187 0.513766 0.00323664
388 0.734187 0.510758 0.00326737
389 0.734187 0.512794 0.00328547
390 0.734187 0.511563 0.00317712
391 0.734187 0.513279 0.00322468
392 0.734187 0.51371 0.00297131
393 0.734187 0.513746 0.00276224
394 0.734187 0.513384 0.00362062
395 0.734187 0.511683 0.00337329
396 0.734187 0.512662 0.0029951
397 0.734187 0.513542 0.00318301
398 0.734187 0.511867 0.00292155
399 0.734187 0.509188 0.00327605
400 0.734187 0.508492 0.0037467
401 0.734187 0.510443 0.00359049
402 0.734187 0.50886 0.00374535
403 0.734187 0.509236 0.00362677
404 0.734187 0.512265 0.00289042
405 0.734187 0.512109 0.00352235
406 0.734187 0.516033 0.00359123
407 0.734187 0.514777 0.00265988
408 0.734187 0.51811 0.00381469
409 0.734187 0.511943 0.00343146
410 0.734187 0.515199 0.00330687
411 0.734187 0.511037 0.00339106
412 0.734187 0.515298 0.00335884
413 0.734187 0.513404 0.00331416
414 0.734187 0.51886 0.00374438
415 0.734187 0.512583 0.00325804
416 0.734187 0.521804 0.00375871
417 0.734187 0.516986 0.0039168
418 0.734187 0.512835 0.00303874
419 0.734187 0.517316 0.00331093
420 0.734187 0.515883 0.00306853
421 0.734187 0.512803 0.00327829
422 0.734187 0.506253 0.00328706
423 0.734187 0.513353 0.00385143
424 0.734187 0.513429 0.00327252
425 0.734187 0.512283 0.00348373
426 0.734187 0.512983 0.00435619
427 0.734187 0.509404 0.00417864
428 0.734187 0.518681 0.00349435
429 0.734187 0.517648 0.00349236
430 0.734187 0.51983 0.00413815
431 0.734187 0.52236 0.00406162
432 0.734187 0.517663 0.00358393
433 0.734187 0.508218 0.0034539
434 0.734187 0.510336 0.0033972
435 0.734187 0.515312 0.00303778
436 0.734187 0.512483 0.00338141
437 0.734187 0.504914 0.00278105
438 0.734187 0.507574 0.00288393
439 0.734187 0.516126 0.00355575
440 0.734187 0.509967 0.0029185
441 0.734187 0.505758 0.00305658
442 0.734187 0.506009 0.0033884
443 0.734187 0.509978 0.00295062
444 0.734187 0.511972 0.00289102
445 0.734187 0.515332 0.00306328
446 0.734187 0.519409 0.00332282
447 0.734187 0.509865 0.00342534
448 0.734187 0.513401 0.00291834
449 0.734187 0.510977 0.00309046
450 0.734187 0.515929 0.00309093
451 0.734187 0.509178 0.00305263
452 0.734187 0.510709 0.00326826
453 0.734187 0.511333 0.00388015
454 0.734187 0.512878 0.00349066
455 0.734187 0.50953 0.00336983
456 0.734187 0.515438 0.00349944
457 0.734187 0.499254 0.00341677
458 0.734187 0.501818 0.00335297
459 0.734187 0.509643 0.00415983
460 0.734187 0.509444 0.00334119
461 0.734187 0.513063 0.00342728
462 0.734187 0.512029 0.0034617
463 0.734187 0.512913 0.00297944
464 0.734187 0.503716 0.0035487
465 0.734187 0.506159 0.00325234
466 0.734187 0.509767 0.0036139
467 0.734187 0.510949 0.00354154
468 0.734187 0.504266 0.00356239
469 0.734187 0.516618 0.00325668
470 0.734187 0.510708 0.0033036
471 0.734187 0.509475 0.00287376
472 0.734187 0.509777 0.00361069
473 0.734187 0.505373 0.00287431
474 0.734187 0.512402 0.00333115
475 0.734187 0.511901 0.00341413
476 0.734187 0.511269 0.00338247
477 0.734187 0.515276 0.0034218
478 0.734187 0.508619 0.00364853
479 0.734187 0.508357 0.0038292
480 0.734187 0.507705 0.00305846
481 0.734187 0.510434 0.00306363
482 0.734187 0.514015 0.00331148
483 0.734187 0.507721 0.00280296
484 0.734187 0.514333 0.00335138
485 0.734187 0.507927 0.00320155
486 0.734187 0.511194 0.00333709
487 0.734187 0.508437 0.00307884
488 0.734187 0.506724 0.00329774
489 0.734187 0.50788 0.00260565
490 0.734187 0.507759 0.00330123
491 0.734187 0.505543 0.00317754
492 0.734187 0.511386 0.0038854
493 0.734187 0.512368 0.00313021
494 0.734187 0.512927 0.00290271
495 0.734187 0.513226 0.00301206
496 0.734187 0.510964 0.00312777
497 0.734187 0.506541 0.00309353
498 0.734187 0.514657 0.00274582
499 0.734187 0.511621 0.00273138
500 0.734187 0.509419 0.00298763
501 0.734187 0.513699 0.00303372
502 0.734187 0.515709 0.00286321
503 0.734187 0.509057 0.00309693
504 0.734187 0.513748 0.00335386
505 0.734187 0.5131 0.00308127
506 0.734187 0.509592 0.00300146
507 0.734187 0.513055 0.00297019
508 0.734187 0.513912 0.00331372
509 0.734187 0.513833 0.0032055
510 0.734187 0.512409 0.00282465
511 0.734187 0.511714 0.00315198
512 0.734187 0.509943 0.00291873
513 0.734187 0.515031 0.0036958
514 0.734187 0.512293 0.00441903
515 0.734187 0.511585 0.00375099
516 0.734187 0.518306 0.00381015
517 0.734187 0.511795 0.00312288
518 0.734187 0.510449 0.00335525
519 0.734187 0.515411 0.00326458
520 0.734187 0.514196 0.00316772
521 0.734187 0.512606 0.00327335
522 0.734187 0.513921 0.00356577
523 0.734187 0.513898 0.00294478
524 0.734187 0.516205 0.00273463
525 0.734187 0.50938 0.00329049
526 0.734187 0.509629 0.00352389
527 0.734187 0.516101 0.00340184
528 0.734187 0.508528 0.00426928
529 0.734187 0.510386 0.00296091
530 0.734187 0.511854 0.00313748
531 0.734187 0.511165 0.00337178
532 0.734187 0.504935 0.00327249
533 0.734187 0.507854 0.00292666
534 0.734187 0.509105 0.00378424
535 0.734187 0.512978 0.0034136
536 0.734187 0.510234 0.00303195
537 0.734187 0.514126 0.00308863
538 0.734187 0.512888 0.00307418
539 0.734187 0.520525 0.0034338
540 0.734187 0.512619 0.00369598
541 0.734187 0.516217 0.00338389
542 0.734187 0.512089 0.00320676
543 0.734187 0.511006 0.00310229
544 0.734187 0.516443 0.00321543
545 0.734187 0.516472 0.00355605
546 0.734187 0.515637 0.00324506
547 0.734187 0.516728 0.00314595
548 0.734187 0.513019 0.0029616
549 0.734187 0.514073 0.00423917
550 0.734187 0.518929 0.00300623
551 0.734187 0.5069 0.00336585
552 0.734187 0.515476 0.00345777
553 0.734187 0.518852 0.0032961
554 0.734187 0.515749 0.00283903
555 0.734187 0.51599 0.00267615
556 0.734187 0.511828 0.00293617
557 0.734187 0.509999 0.0032822
558 0.734187 0.511653 0.00331806
559 0.734187 0.514578 0.00354309
560 0.734187 0.512285 0.0028188
561 0.734187 0.521759 0.00348461
562 0.734187 0.519392 0.00368081
563 0.734187 0.515726 0.0035094
564 0.734187 0.519337 0.00294327
565 0.734187 0.515906 0.00353978
566 0.734187 0.515674 0.00313174
567 0.734187 0.510873 0.00302237
568 0.734187 0.51058 0.00310492
569 0.734187 0.514448 0.0034126
570 0.734187 0.514658 0.00323552
571 0.734187 0.515927 0.00294193
572 0.734187 0.512921 0.00285222
573 0.734187 0.508067 0.00342962
574 0.734187 0.514876 0.00332238
575 0.734187 0.513138 0.00346623
576 0.734187 0.509749 0.0026698
577 0.734187 0.51627 0.00321665
578 0.734187 0.508394 0.00301731
579 0.734187 0.507483 0.00410823
580 0.734187 0.510515 0.00298286
581 0.734187 0.508084 0.00316542
582 0.734187 0.509537 0.00345889
583 0.734187 0.520201 0.00330303
584 0.734187 0.516576 0.00344904
585 0.734187 0.514717 0.00348621
586 0.734187 0.513333 0.00327621
587 0.734187 0.514182 0.00384282
588 0.734187 0.507791 0.00330569
589 0.734187 0.512235 0.0034319
590 0.734187 0.51352 0.0028391
591 0.734187 0.513967 0.00319403
592 0.734187 0.51771 0.0036056
593 0.734187 0.513837 0.00343604
594 0.734187 0.512289 0.0035587
595 0.734187 0.514606 0.00327739
596 0.734187 0.511522 0.00292039
597 0.734187 0.510181 0.00366979
598 0.734187 0.509046 0.00303167
599 0.734187 0.514295 0.00324201
600 0.734187 0.514846 0.00299652
601 0.734187 0.511794 0.00316561
602 0.734187 0.513106 0.00357567
603 0.734187 0.512008 0.00396759
604 0.734187 0.510508 0.00309
605 0.734187 0.508274 0.00316203
606 0.734187 0.508334 0.00292636
607 0.734187 0.507793 0.0027855
608 0.734187 0.510964 0.00307958
609 0.734187 0.519577 0.00347518
610 0.734187 0.515174 0.00338907
611 0.734187 0.518243 0.00307622
612 0.734187 0.50904 0.0030633
613 0.734187 0.5088 0.00364655
614 0.734187 0.512311 0.00326924
615 0.734187 0.512766 0.00316911
616 0.734187 0.512452 0.00298983
617 0.734187 0.514715 0.00316623
618 0.734187 0.510004 0.00283556
619 0.734187 0.510755 0.00330248
620 0.734187 0.512964 0.00318115
621 0.734187 0.514965 0.00374456
622 0.734187 0.517711 0.00309376
623 0.734187 0.512826 0.0032745
624 0.734187 0.507293 0.00358564
625 0.734187 0.514501 0.00356328
626 0.734187 0.514567 0.00296811
627 0.734187 0.513104 0.0032721
628 0.734187 0.520932 0.00346199
629 0.734187 0.510675 0.00376987
630 0.734187 0.513622 0.00337646
631 0.734187 0.513842 0.00339019
632 0.734187 0.512418 0.00298201
633 0.734187 0.516192 0.00345421
634 0.734187 0.513286 0.00328458
635 0.734187 0.518632 0.00340011
636 0.734187 0.512203 0.00305028
637 0.734187 0.510884 0.00291632
638 0.734187 0.512406 0.00295505
639 0.734187 0.513621 0.00269983
640 0.734187 0.514985 0.0027695
641 0.734187 0.517007 0.00310924
642 0.734187 0.515146 0.00306954
643 0.734187 0.512906 0.00344761
644 0.734187 0.508763 0.00283018
645 0.734187 0.508905 0.00286273
646 0.734187 0.50766 0.00311801
647 0.734187 0.509136 0.00284611
648 0.734187 0.510682 0.00335528
649 0.734187 0.510941 0.0029018
650 0.734187 0.511224 0.00306732
651 0.734187 0.507238 0.00374531
652 0.734187 0.508196 0.00336976
653 0.734187 0.515467 0.00357785
654 0.734187 0.508256 0.00312397
655 0.734187 0.514662 0.00327314
656 0.734187 0.508953 0.00268843
657 0.734187 0.515713 0.00311376
658 0.734187 0.509327 0.00341732
659 0.734187 0.510675 0.00317057
660 0.734187 0.513693 0.00327309
661 0.734187 0.513769 0.00327561
662 0.734187 0.516725 0.00309553
663 0.734187 0.513861 0.00329175
664 0.734187 0.514064 0.00319813
665 0.734187 0.512037 0.0034198
666 0.734187 0.515061 0.00327017
667 0.734187 0.519547 0.00277064
668 0.734187 0.504347 0.00294625
669 0.734187 0.512028 0.00300193
670 0.734187 0.51621 0.00309
671 0.734187 0.518335 0.00314533
672 0.734187 0.518173 0.00318914
673 0.734187 0.51402 0.0027991
674 0.734187 0.517881 0.0027787
675 0.734187 0.51311 0.00273935
676 0.734187 0.513204 0.00279047
677 0.734187 0.511972 0.00315845
678 0.734187 0.515362 0.00319031
679 0.734187 0.512771 0.00308138
680 0.734187 0.517514 0.00290875
681 0.734187 0.51252 0.00306396
682 0.734187 0.514477 0.00295782
683 0.734187 0.509826 0.00304407
684 0.734187 0.512226 0.0035071
685 0.734187 0.511155 0.0032467
686 0.734187 0.513902 0.00306841
687 0.734187 0.512082 0.00305549
688 0.734187 0.513836 0.00306975
689 0.734187 0.51147 0.00341718
690 0.734187 0.515016 0.0037403
691 0.734187 0.51773 0.0030096
692 0.734187 0.507151 0.00302642
693 0.734187 0.515598 0.00344377
694 0.734187 0.51419 0.0030376
695 0.734187 0.516608 0.00352859
696 0.734187 0.507575 0.00339325
697 0.734187 0.507167 0.00382448
698 0.734187 0.505111 0.0034437
699 0.734187 0.51807 0.00372309
700 0.734187 0.510466 0.0036428
701 0.734187 0.509638 0.00322849
702 0.734187 0.518287 0.00321178
703 0.734187 0.512671 0.00334707
704 0.734187 0.517151 0.00326357
705 0.734187 0.516287 0.00342263
706 0.734187 0.514502 0.00320413
707 0.734187 0.517528 0.00365958
708 0.734187 0.508057 0.00409196
709 0.734187 0.51481 0.00382259
710 0.734187 0.514404 0.00299875
711 0.734187 0.512775 0.00309992
712 0.734187 0.511006 0.00309978
713 0.734187 0.517104 0.003451
714 0.772457 0.513483 0.00429811
715 0.772457 0.516521 0.00375787
716 0.772457 0.517371 0.00364332
717 0.772457 0.509968 0.00396839
718 0.772457 0.509554 0.00348043
719 0.772457 0.512509 0.00351669
720 0.772457 0.520804 0.00352474
721 0.772457 0.513386 0.00327618
722 0.772457 0.515104 0.00325522
723 0.772457 0.513278 0.00345314
724 0.772457 0.513425 0.00409983
725 0.772457 0.510034 0.00342045
726 0.772457 0.510761 0.00394225
727 0.772457 0.518027 0.00410293
728 0.772457 0.512714 0.00349998
729 0.772457 0.517514 0.00359037
730 0.772457 0.522924 0.00354737
731 0.772457 0.516452 0.00415975
732 0.772457 0.50909 0.00314896
733 0.772457 0.517869 0.003488
734 0.772457 0.514016 0.00366662
735 0.772457 0.513461 0.00411642
736 0.772457 0.512029 0.00395324
737 0.772457 0.51499 0.00424791
738 0.772457 0.512227 0.00364028
739 0.772457 0.515313 0.00363788
740 0.772457 0.522435 0.00383902
741 0.772457 0.518054 0.00370224
742 0.772457 0.516374 0.00377096
743 0.772457 0.513936 0.00368958
744 0.772457 0.518604 0.00415569
745 0.772457 0.513128 0.00376859
746 0.772457 0.517334 0.00408816
747 0.772457 0.50912 0.00336523
748 0.772457 0.508191 0.00308366
749 0.772457 0.509818 0.00376163
750 0.772457 0.506595 0.00378182
751 0.772457 0.513741 0.0043878
752 0.772457 0.517502 0.00394327
753 0.772457 0.512121 0.00381658
754 0.772457 0.513469 0.00396127
755 0.772457 0.520537 0.00434245
756 0.772457 0.526263 0.00477197
757 0.772457 0.521044 0.00458633
758 0.772457 0.519667 0.00398975
759 0.772457 0.511808 0.00434212
760 0.772457 0.51613 0.00349281
761 0.772457 0.51726 0.00453433
762 0.772457 0.512882 0.00430722
763 0.772457 0.515098 0.0038555
764 0.772457 0.511618 0.00382475
765 0.772457 0.5179 0.00411757
766 0.772457 0.51601 0.00417526
767 0.772457 0.512315 0.00421539
768 0.772457 0.50703 0.00361265
769 0.772457 0.511186 0.00390527
770 0.772457 0.519506 0.00351255
771 0.772457 0.511115 0.00371217
772 0.772457 0.519189 0.00389232
773 0.772457 0.514717 0.00387661
774 0.772457 0.518539 0.00377902
775 0.772457 0.518307 0.00371917
776 0.772457 0.524028 0.00369622
777 0.772457 0.520329 0.00357167
778 0.772457 0.515583 0.00411347
779 0.772457 0.518413 0.00404126
780 0.772457 0.513886 0.00423905
781 0.772457 0.515578 0.00370691
782 0.772457 0.5136 0.00394717
783 0.772457 0.514311 0.00343559
784 0.772457 0.517759 0.00409748
785 0.772457 0.517996 0.00400343
786 0.772457 0.521826 0.00372006
787 0.772457 0.521958 0.00405916
788 0.772457 0.527721 0.00445334
789 0.772457 0.525008 0.00465091
790 0.772457 0.526491 0.00391906
791 0.772457 0.513924 0.00413387
792 0.772457 0.525659 0.00395618
793 0.772457 0.526937 0.00349681
794 0.772457 0.521045 0.00395366
795 0.772457 0.51319 0.00374254
796 0.772457 0.51717 0.00360877
797 0.772457 0.515737 0.00411845
798 0.772457 0.520308 0.00406082
799 0.772457 0.51106 0.00374855
800 0.772457 0.51305 0.00351937
801 0.772457 0.513884 0.00338621
802 0.772457 0.515466 0.00377906
803 0.772457 0.512601 0.00380412
804 0.772457 0.519081 0.00380908
805 0.772457 0.519552 0.00388169
806 0.772457 0.505461 0.00383788
807 0.772457 0.51568 0.00439282
808 0.772457 0.526127 0.00450884
809 0.772457 0.523404 0.00373518
810 0.772457 0.512402 0.00369533
811 0.772457 0.507321 0.00359764
812 0.772457 0.509925 0.00396806
813 0.772457 0.511774 0.00347974
814 0.772457 0.517069 0.00359671
815 0.772457 0.511645 0.00344496
816 0.772457 0.513143 0.00345365
817 0.772457 0.513064 0.00375239
818 0.772457 0.514688 0.00344594
819 0.772457 0.515454 0.00343668
820 0.772457 0.520558 0.00364054
821 0.772457 0.518287 0.0037056
822 0.772457 0.519364 0.00395997
823 0.772457 0.516102 0.00457881
824 0.772457 0.515053 0.00340641
825 0.772457 0.509888 0.00337554
826 0.772457 0.520182 0.0035988
827 0.772457 0.508688 0.00353039
828 0.772457 0.515468 0.00312764
829 0.772457 0.516973 0.00337616
830 0.772457 0.51832 0.00364094
831 0.772457 0.518727 0.00403784
832 0.772457 0.515013 0.0033904
833 0.772457 0.50739 0.00362072
834 0.772457 0.509398 0.00346049
835 0.772457 0.512981 0.00334865
836 0.772457 0.511146 0.00319614
837 0.772457 0.506923 0.00329578
838 0.772457 0.507867 0.00316269
839 0.772457 0.516111 0.00319486
840 0.772457 0.513308 0.00332264
841 0.772457 0.511414 0.00350175
842 0.772457 0.516499 0.00341099
843 0.772457 0.512926 0.00317733
844 0.772457 0.514837 0.00331432
845 0.772457 0.510336 0.00342169
846 0.772457 0.512724 0.00305021
847 0.772457 0.515869 0.00382809
848 0.772457 0.516791 0.00425809
849 0.772457 0.518496 0.00334237
850 0.772457 0.516816 0.00415116
851 0.772457 0.513571 0.00412674
852 0.772457 0.516289 0.00370489
853 0.772457 0.522898 0.00397825
854 0.772457 0.518789 0.00339141
855 0.772457 0.515555 0.00319939
856 0.772457 0.516412 0.00316472
857 0.772457 0.516517 0.00300913
858 0.772457 0.52317 0.00376692
859 0.772457 0.51524 0.00377699
860 0.772457 0.521263 0.00354022
861 0.772457 0.515663 0.00317699
862 0.772457 0.513428 0.00423242
863 0.772457 0.512457 0.00402003
864 0.772457 0.514468 0.00394359
865 0.772457 0.520186 0.00356598
866 0.772457 0.517635 0.00405339
867 0.772457 0.516263 0.00366618
868 0.772457 0.520527 0.003645
869 0.772457 0.512354 0.00309231
870 0.772457 0.512314 0.00317093
871 0.772457 0.512761 0.00386015
872 0.772457 0.511053 0.00322004
873 0.772457 0.516708 0.00415432
874 0.772457 0.514029 0.00368906
875 0.772457 0.515693 0.00363444
876 0.772457 0.511398 0.00368977
877 0.772457 0.513093 0.00323399
878 0.772457 0.504628 0.0039862
879 0.772457 0.515034 0.00375033
880 0.772457 0.511483 0.00333499
881 0.772457 0.511558 0.00377009
882 0.772457 0.505691 0.0034772
883 0.772457 0.508171 0.00410578
884 0.772457 0.51829 0.00373018
885 0.772457 0.516128 0.00395861
886 0.772457 0.511215 0.00416091
887 0.772457 0.508752 0.00403505
888 0.772457 0.500793 0.00386244
889 0.772457 0.511905 0.00354359
890 0.772457 0.510653 0.00363539
891 0.772457 0.515993 0.00435282
892 0.772457 0.519051 0.00347372
893 0.772457 0.51436 0.0036009
894 0.772457 0.514872 0.00403207
895 0.772457 0.512916 0.00355337
896 0.772457 0.520661 0.00407279
897 0.772457 0.518929 0.00398224
898 0.772457 0.513869 0.00380168
899 0.772457 0.507034 0.00327533
900 0.772457 0.520219 0.00414659
901 0.772457 0.508816 0.00314728
902 0.772457 0.51868 0.00416931
903 0.772457 0.520637 0.0037793
904 0.772457 0.515805 0.00391451
905 0.772457 0.522699 0.00395624
906 0.772457 0.515743 0.00334946
907 0.772457 0.51594 0.00373968
908 0.772457 0.512339 0.00380243
909 0.772457 0.515857 0.00350123
910 0.772457 0.523696 0.00418639
911 0.772457 0.522626 0.00377568
912 0.772457 0.520984 0.00341408
913 0.772457 0.518424 0.00390677
914 0.772457 0.517252 0.00379162
915 0.772457 0.519782 0.00347319
916 0.772457 0.514286 0.00326695
917 0.772457 0.512995 0.00316565
918 0.772457 0.507858 0.00337942
919 0.772457 0.510551 0.00342657
920 0.772457 0.517177 0.00359867
921 0.772457 0.516383 0.00361726
922 0.772457 0.512337 0.00369491
923 0.772457 0.515946 0.00405437
924 0.772457 0.517787 0.00399362
925 0.772457 0.509442 0.00446265
926 0.772457 0.514125 0.00379999
927 0.772457 0.509963 0.00408284
928 0.772457 0.509135 0.00333375
929 0.772457 0.513194 0.00429635
930 0.772457 0.517783 0.00401825
931 0.772457 0.512158 0.00407087
932 0.772457 0.510978 0.00424151
933 0.772457 0.515994 0.00414724
934 0.772457 0.518925 0.00499853
935 0.772457 0.517568 0.00435806
936 0.772457 0.511001 0.00426672
937 0.772457 0.512327 0.00363098
938 0.772457 0.515712 0.00343347
939 0.772457 0.515842 0.00396752
940 0.772457 0.514373 0.00368369
941 0.772457 0.518496 0.00431484
942 0.772457 0.520173 0.00379786
943 0.772457 0.520666 0.00440766
944 0.772457 0.513492 0.00439647
945 0.772457 0.51649 0.00500181
946 0.772457 0.523459 0.00450644
947 0.772457 0.523905 0.00457772
948 0.772457 0.522177 0.00385495
949 0.772457 0.521952 0.00411847
950 0.772457 0.518698 0.00418784
951 0.772457 0.516935 0.00342513
952 0.772457 0.513353 0.00397767
953 0.772457 0.506112 0.00425785
954 0.772457 0.510735 0.00378725
955 0.772457 0.51021 0.00403958
956 0.772457 0.510348 0.00362014
957 0.772457 0.519926 0.00424877
958 0.772457 0.516388 0.00403904
959 0.772457 0.521476 0.00376048
960 0.772457 0.509735 0.00343746
961 0.772457 0.512263 0.00375827
962 0.772457 0.512087 0.00409971
963 0.772457 0.516626 0.00450578
964 0.772457 0.518825 0.00387763
965 0.772457 0.517073 0.00424713
966 0.772457 0.521422 0.0039992
967 0.772457 0.519572 0.00417951
968 0.772457 0.512798 0.00406459
969 0.772457 0.511888 0.0039075
970 0.772457 0.516622 0.00425028
971 0.772457 0.516457 0.00448675
972 0.772457 0.517139 0.00381456
973 0.772457 0.516587 0.00429763
974 0.772457 0.511246 0.00400503
975 0.772457 0.515096 0.00354085
976 0.772457 0.514932 0.00359212
977 0.772457 0.51668 0.00424199
978 0.772457 0.515215 0.00339786
979 0.772457 0.516672 0.00353415
980 0.772457 0.513425 0.004133
981 0.772457 0.517081 0.00379522
982 0.772457 0.516074 0.00411726
983 0.772457 0.520417 0.00348162
984 0.772457 0.515598 0.00419038
985 0.772457 0.518568 0.00426477
986 0.772457 0.524553 0.00425865
987 0.772457 0.521147 0.00380107
988 0.772457 0.51778 0.0038943
989 0.772457 0.521017 0.00415749
990 0.772457 0.51355 0.00393647
991 0.772457 0.517727 0.00407314
992 0.772457 0.510259 0.00354407
993 0.772457 0.52012 0.0038402
994 0.772457 0.517012 0.00386559
995 0.772457 0.507459 0.00349514
996 0.772457 0.514944 0.00378782
997 0.772457 0.518915 0.00442247
998 0.772457 0.515058 0.00400032
999 0.772457 0.51836 0.00395106
1000 0.772457 0.512298 0.00380101
1001 0.772457 0.507065 0.00365525
1002 0.772457 0.51563 0.00370461
1003 0.772457 0.515464 0.00354194
1004 0.772457 0.515313 0.00417347
1005 0.772457 0.512662 0.00334181
1006 0.772457 0.514935 0.00330936
1007 0.772457 0.50922 0.00350081
1008 0.772457 0.512369 0.00387597
1009 0.772457 0.517241 0.00395026
1010 0.772457 0.520855 0.00410518
1011 0.772457 0.518781 0.00389479
1012 0.772457 0.515747 0.00410656
1013 0.772457 0.514969 0.00353665
1014 0.772457 0.518973 0.00415704
1015 0.772457 0.517907 0.00451271
1016 0.772457 0.520084 0.00419789
1017 0.772457 0.512197 0.00404178
1018 0.772457 0.524216 0.00422547
1019 0.772457 0.520424 0.0041953
1020 0.772457 0.519021 0.00375834
1021 0.772457 0.520429 0.00390498
1022 0.772457 0.517135 0.00401503
1023 0.772457 0.517641 0.00381059
1024 0.772457 0.515706 0.00344717
1025 0.772457 0.520129 0.00391223
1026 0.772457 0.514726 0.00370567
1027 0.772457 0.515295 0.00313693
1028 0.772457 0.513874 0.0041005
1029 0.772457 0.514854 0.00385663
1030 0.772457 0.513184 0.00410214
1031 0.772457 0.519298 0.00395325
1032 0.772457 0.519294 0.00393092
1033 0.772457 0.517992 0.00409395
1034 0.772457 0.519676 0.0039835
1035 0.772457 0.518929 0.00389392
1036 0.772457 0.51898 0.00413224
1037 0.772457 0.514274 0.00424556
1038 0.772457 0.517317 0.00393988
1039 0.772457 0.515214 0.00452273
1040 0.772457 0.517576 0.00419598
1041 0.772457 0.516653 0.003703
1042 0.772457 0.517281 0.0042852
1043 0.772457 0.511029 0.00366413
1044 0.772457 0.515058 0.00379467
1045 0.772457 0.512997 0.00412372
1046 0.772457 0.514766 0.00393879
1047 0.772457 0.520121 0.00400192
1048 0.772457 0.511552 0.00396536
1049 0.772457 0.514349 0.00401432
1050 0.772457 0.510617 0.00354336
1051 0.772457 0.515003 0.00367701
1052 0.772457 0.514385 0.00379358
1053 0.772457 0.518769 0.00441006
1054 0.772457 0.513929 0.00369031
1055 0.772457 0.520873 0.00402873
1056 0.772457 0.519934 0.00387595
1057 0.772457 0.510875 0.00370071
1058 0.772457 0.51295 0.00371397
1059 0.772457 0.516783 0.00370579
1060 0.772457 0.515714 0.00371552
1061 0.772457 0.515361 0.0036245
1062 0.772457 0.513682 0.00442649
1063 0.772457 0.524693 0.00426678
1064 0.772457 0.520884 0.00416503
1065 0.772457 0.521193 0.0038331
1066 0.772457 0.51776 0.00381222
1067 0.772457 0.51596 0.00374842
1068 0.772457 0.51386 0.00389771
1069 0.772457 0.510565 0.00375924
1070 0.772457 0.508421 0.00383633
1071 0.772457 0.515621 0.00441808
1072 0.772457 0.517575 0.00389531
1073 0.772457 0.515503 0.0047252
1074 0.772457 0.516881 0.00408771
1075 0.772457 0.520043 0.00432079
1076 0.772457 0.519174 0.00418751
1077 0.772457 0.521266 0.00440866
1078 0.772457 0.51972 0.00434124
1079 0.772457 0.514049 0.00335814
1080 0.772457 0.515788 0.00406186
1081 0.772457 0.51499 0.00357073
1082 0.772457 0.509703 0.00359528
1083 0.772457 0.515337 0.00346036
1084 0.772457 0.520426 0.00413288
1085 0.772457 0.522075 0.00381671
1086 0.772457 0.519569 0.0047366
1087 0.772457 0.516581 0.00382843
1088 0.772457 0.512672 0.0039741
1089 0.772457 0.517321 0.00390051
1090 0.772457 0.515684 0.00409565
1091 0.772457 0.515159 0.00372228
1092 0.772457 0.51362 0.00397426
1093 0.772457 0.510884 0.00346129
1094 0.772457 0.511203 0.00351799
1095 0.772457 0.519714 0.00374251
1096 0.772457 0.517497 0.00449999
1097 0.772457 0.516681 0.00383808
1098 0.772457 0.514811 0.00343755
1099 0.772457 0.524924 0.00421255
1100 0.772457 0.521824 0.00426337
1101 0.772457 0.515421 0.00351034
1102 0.772457 0.52118 0.00433117
1103 0.772457 0.520489 0.00427746
1104 0.772457 0.525553 0.00441927
1105 0.772457 0.519755 0.00378129
1106 0.772457 0.517832 0.00392275
1107 0.772457 0.520667 0.00343565
1108 0.772457 0.517072 0.00375067
1109 0.772457 0.519685 0.00408717
1110 0.772457 0.516517 0.00396896
1111 0.772457 0.511387 0.00387356
1112 0.772457 0.510544 0.00349498
1113 0.772457 0.520489 0.00385243
1114 0.772457 0.515312 0.00410298
1115 0.772457 0.514021 0.00333559
1116 0.772457 0.511179 0.0036724
1117 0.772457 0.510579 0.00377105
1118 0.772457 0.517089 0.00441553
1119 0.772457 0.519014 0.0047144
1120 0.772457 0.520628 0.00491939
1121 0.772457 0.515135 0.00397889
1122 0.772457 0.520084 0.00410762
1123 0.772457 0.52175 0.00375721
1124 0.772457 0.517829 0.00375305
1125 0.772457 0.520289 0.00394543
1126 0.772457 0.515366 0.00431497
1127 0.772457 0.512085 0.00400154
1128 0.772457 0.512563 0.0040201
1129 0.772457 0.515904 0.00370502
1130 0.772457 0.515694 0.00405423
1131 0.772457 0.51517 0.00448135
1132 0.772457 0.520052 0.00397352
1133 0.772457 0.511128 0.00362768
1134 0.772457 0.518256 0.0044786
1135 0.772457 0.507182 0.00439379
1136 0.772457 0.517797 0.00394054
1137 0.772457 0.515886 0.0049038
1138 0.772457 0.509441 0.00434121
1139 0.772457 0.513418 0.00400964
1140 0.772457 0.519551 0.00406865
1141 0.772457 0.514763 0.00416367
1142 0.772457 0.515495 0.00536777
1143 0.772457 0.524592 0.00461431
1144 0.772457 0.514244 0.00409051
1145 0.772457 0.514291 0.00385921
1146 0.772457 0.518746 0.00430663
1147 0.772457 0.51241 0.00461799
1148 0.772457 0.51194 0.00400984
1149 0.772457 0.516769 0.00441021
1150 0.772457 0.516784 0.00391388
1151 0.772457 0.517471 0.00384985
1152 0.772457 0.517587 0.0037671
1153 0.772457 0.519166 0.00378001
1154 0.772457 0.517176 0.00388113
1155 0.772457 0.514177 0.00361143
1156 0.772457 0.518486 0.00404745
1157 0.772457 0.518342 0.00439431
1158 0.772457 0.516736 0.00412905
1159 0.772457 0.515194 0.00393653
1160 0.772457 0.517615 0.00550927
1161 0.772457 0.520845 0.00429447
1162 0.772457 0.521069 0.00352118
1163 0.772457 0.517735 0.003941
1164 0.772457 0.519827 0.00389553
1165 0.772457 0.513162 0.00423398
1166 0.772457 0.51583 0.00339045
1167 0.772457 0.508844 0.0039122
1168 0.772457 0.51396 0.00379634
1169 0.772457 0.519395 0.00366987
1170 0.772457 0.520159 0.00365392
1171 0.772457 0.520446 0.00385785
1172 0.772457 0.517302 0.00421271
1173 0.772457 0.517353 0.00361543
1174 0.772457 0.518669 0.00352799
1175 0.772457 0.51347 0.00380406
1176 0.772457 0.509631 0.00374438
1177 0.772457 0.513768 0.00387624
1178 0.772457 0.510265 0.00356151
1179 0.772457 0.512773 0.00487271
1180 0.772457 0.516445 0.00410153
1181 0.772457 0.509805 0.00352118
1182 0.772457 0.515203 0.00386181
1183 0.772457 0.517943 0.0037067
1184 0.772457 0.516038 0.00425863
1185 0.772457 0.512695 0.0043109
1186 0.772457 0.517568 0.00508286
1187 0.772457 0.516013 0.004499
1188 0.772457 0.520253 0.00444042
1189 0.772457 0.518034 0.00439684
1190 0.772457 0.514769 0.00368768
1191 0.772457 0.51662 0.00379081
1192 0.772457 0.516364 0.00421879
1193 0.772457 0.515835 0.00423065
1194 0.772457 0.515962 0.00369826
1195 0.772457 0.512639 0.00425495
1196 0.772457 0.513604 0.00356369
1197 0.772457 0.518435 0.0043988
1198 0.772457 0.516535 0.00433921
1199 0.772457 0.517866 0.00443659
1200 0.772457 0.518788 0.00389455
1201 0.772457 0.516056 0.00380001
1202 0.772457 0.513464 0.00363912
1203 0.772457 0.51616 0.0040582
1204 0.772457 0.507055 0.00369772
1205 0.772457 0.511851 0.00401692
1206 0.772457 0.511753 0.00387158
1207 0.772457 0.516258 0.00439704
1208 0.772457 0.515873 0.00441998
1209 0.772457 0.515675 0.00379595
1210 0.772457 0.520483 0.00377234
1211 0.772457 0.527534 0.00496004
1212 0.772457 0.512139 0.00425052
1213 0.772457 0.525111 0.00417323
1214 0.772457 0.521299 0.00409018
1215 0.772457 0.524134 0.0036579
1216 0.772457 0.517509 0.00411435
1217 0.772457 0.518791 0.00398422
1218 0.772457 0.516285 0.00407617
1219 0.772457 0.512289 0.00402552
1220 0.772457 0.522837 0.00387351
1221 0.772457 0.518183 0.00365916
1222 0.772457 0.513826 0.00356332
1223 0.772457 0.515128 0.00397282
1224 0.772457 0.513279 0.00380363
1225 0.772457 0.505207 0.00367662
1226 0.772457 0.509876 0.00363062
1227 0.772457 0.511865 0.00399599
1228 0.772457 0.510695 0.00348037
1229 0.772457 0.51032 0.00357237
1230 0.772457 0.517655 0.00385738
1231 0.772457 0.510677 0.00385739
1232 0.772457 0.515471 0.00374996
1233 0.772457 0.516778 0.00367842
1234 0.772457 0.514691 0.00355177
1235 0.772457 0.515752 0.003348
1236 0.772457 0.51912 0.00376542
1237 0.772457 0.516844 0.00425154
1238 0.772457 0.521372 0.00374966
1239 0.772457 0.514208 0.00403288
1240 0.772457 0.515727 0.00510624
1241 0.772457 0.518533 0.00376879
1242 0.772457 0.516473 0.0033475
1243 0.772457 0.516681 0.00368695
1244 0.772457 0.514203 0.00391247
1245 0.772457 0.515123 0.00398963
1246 0.772457 0.522447 0.00415175
1247 0.772457 0.51412 0.00353477
1248 0.772457 0.516859 0.00358361
1249 0.772457 0.517373 0.00370645
1250 0.772457 0.511387 0.00381592
1251 0.772457 0.51736 0.00375439
1252 0.772457 0.516194 0.00381486
1253 0.772457 0.52614 0.00436524
1254 0.772457 0.523178 0.00386714
1255 0.772457 0.519545 0.00406228
1256 0.772457 0.51746 0.003633
1257 0.772457 0.514068 0.0041392
1258 0.772457 0.515171 0.00454886
1259 0.772457 0.520979 0.00396752
1260 0.772457 0.517328 0.00415416
1261 0.772457 0.520251 0.00406346
1262 0.772457 0.509622 0.00352418
1263 0.772457 0.515381 0.00451324
1264 0.772457 0.524292 0.00473938
1265 0.772457 0.524701 0.00446389
1266 0.772457 0.513991 0.00545121
1267 0.772457 0.517316 0.00447612
1268 0.772457 0.513308 0.00407481
1269 0.772457 0.517831 0.00372077
1270 0.772457 0.518481 0.00393348
1271 0.772457 0.516314 0.0038572
1272 0.772457 0.524687 0.00434937
1273 0.772457 0.519303 0.00347001
1274 0.772457 0.512722 0.00392584
1275 0.772457 0.516974 0.00419871
1276 0.772457 0.522951 0.00450046
1277 0.772457 0.509251 0.00389927
1278 0.772457 0.509469 0.00409555
1279 0.772457 0.511483 0.00434325
1280 0.772457 0.51688 0.00360338
1281 0.772457 0.510958 0.00398018
1282 0.772457 0.519173 0.00375446
1283 0.772457 0.509186 0.00399565
1284 0.772457 0.509206 0.00360143
1285 0.772457 0.50894 0.00336591
1286 0.772457 0.514105 0.00327712
1287 0.772457 0.5134 0.00376953
1288 0.772457 0.508205 0.00364508
1289 0.772457 0.510092 0.00387538
1290 0.772457 0.513478 0.00371703
1291 0.772457 0.512471 0.00354643
1292 0.772457 0.513203 0.00375487
1293 0.772457 0.516292 0.00398522
1294 0.772457 0.509243 0.00375737
1295 0.772457 0.517572 0.00373582
1296 0.772457 0.518152 0.00403261
1297 0.772457 0.517968 0.00392118
1298 0.772457 0.512603 0.00420189
1299 0.772457 0.51808 0.0035409
1300 0.772457 0.515009 0.00445034
1301 0.772457 0.515847 0.0040845
1302 0.772457 0.510275 0.00360019
1303 0.772457 0.507663 0.00345556
1304 0.772457 0.509644 0.00318616
1305 0.772457 0.517272 0.00362659
1306 0.772457 0.52082 0.00390204
1307 0.772457 0.521446 0.00347651
1308 0.772457 0.515927 0.00382059
1309 0.772457 0.516661 0.00340225
1310 0.772457 0.516353 0.00363984
1311 0.772457 0.517445 0.00408711
1312 0.772457 0.514153 0.00380527
1313 0.772457 0.521625 0.00352046
1314 0.772457 0.514495 0.00343696
1315 0.772457 0.52302 0.00363879
1316 0.772457 0.516732 0.00449203
1317 0.772457 0.515067 0.00378879
1318 0.772457 0.515275 0.00392894
1319 0.772457 0.515647 0.00350918
1320 0.772457 0.514503 0.00371641
1321 0.772457 0.517384 0.00424577
1322 0.772457 0.516791 0.00455785
1323 0.772457 0.514045 0.00442553
1324 0.772457 0.515184 0.00401225
1325 0.772457 0.513817 0.00410403
1326 0.772457 0.514325 0.00435456
1327 0.772457 0.513637 0.00377136
1328 0.772457 0.516625 0.00421811
1329 0.772457 0.516904 0.00386394
1330 0.772457 0.519384 0.00457593
1331 0.772457 0.523334 0.00398357
1332 0.772457 0.525155 0.0034918
1333 0.772457 0.519261 0.00437317
1334 0.772457 0.522957 0.00404471
1335 0.772457 0.522037 0.00371644
1336 0.772457 0.514686 0.00410008
1337 0.772457 0.522432 0.00429295
1338 0.772457 0.522701 0.00420264
1339 0.772457 0.517429 0.00426787
1340 0.772457 0.516978 0.00402856
1341 0.772457 0.516264 0.00442798
1342 0.772457 0.523298 0.00376452
1343 0.772457 0.521966 0.00397798
1344 0.772457 0.520916 0.00358781
1345 0.772457 0.511918 0.00432502
1346 0.772457 0.516959 0.00355972
1347 0.772457 0.513676 0.00436681
1348 0.772457 0.520178 0.004006
1349 0.772457 0.517126 0.00387108
1350 0.772457 0.524443 0.00460765
1351 0.772457 0.521206 0.00434249
1352 0.772457 0.524609 0.00464537
1353 0.772457 0.519018 0.00452495
1354 0.772457 0.51605 0.00419062
1355 0.772457 0.514534 0.00400583
1356 0.772457 0.516301 0.00394003
1357 0.772457 0.51348 0.00368955
1358 0.772457 0.513905 0.00418762
1359 0.772457 0.512963 0.00358953
1360 0.772457 0.517911 0.00372427
1361 0.772457 0.507455 0.00341794
1362 0.772457 0.508955 0.00385726
1363 0.772457 0.51591 0.00423013
1364 0.772457 0.512429 0.00348357
1365 0.772457 0.514058 0.00339064
1366 0.772457 0.50517 0.00356373
1367 0.772457 0.505892 0.00428266
1368 0.772457 0.508657 0.00396918
1369 0.772457 0.517381 0.00409649
1370 0.772457 0.512333 0.00370099
1371 0.772457 0.506857 0.00405526
1372 0.772457 0.516862 0.00350628
1373 0.772457 0.507588 0.00408025
1374 0.772457 0.516573 0.00362193
1375 0.772457 0.508806 0.00342824
1376 0.772457 0.513999 0.00393848
1377 0.772457 0.511408 0.00339818
1378 0.772457 0.517798 0.00375193
1379 0.772457 0.518583 0.00355673
1380 0.772457 0.512556 0.00336158
1381 0.772457 0.513163 0.00387046
1382 0.772457 0.514313 0.00355598
1383 0.772457 0.518301 0.00338607
1384 0.772457 0.513723 0.00370919
1385 0.772457 0.511781 0.00358358
1386 0.772457 0.513596 0.00355712
1387 0.772457 0.514069 0.00343803
1388 0.772457 0.515046 0.0040813
1389 0.772457 0.515339 0.0034592
1390 0.772457 0.515181 0.00357243
1391 0.772457 0.518082 0.00376218
1392 0.772457 0.518522 0.00396309
1393 0.772457 0.530086 0.00476691
1394 0.772457 0.524406 0.0044743
1395 0.772457 0.517964 0.00314236
1396 0.772457 0.521879 0.00409576
1397 0.772457 0.517804 0.00433202
1398 0.772457 0.517118 0.00350293
1399 0.772457 0.518461 0.00447683
1400 0.772457 0.514821 0.00328561
1401 0.772457 0.517383 0.00347207
1402 0.772457 0.51911 0.00413141
1403 0.772457 0.520436 0.00400899
1404 0.772457 0.521522 0.00496474
1405 0.772457 0.522609 0.0035286
1406 0.772457 0.520156 0.00388592
1407 0.772457 0.516832 0.00348812
1408 0.772457 0.517685 0.00344137
1409 0.772457 0.513141 0.00331248
1410 0.772457 0.516647 0.00335505
1411 0.772457 0.522905 0.00417256
1412 0.772457 0.527646 0.00434644
1413 0.772457 0.522151 0.00423752
1414 0.772457 0.521811 0.003794
1415 0.772457 0.512639 0.00388183
1416 0.772457 0.520143 0.00349537
1417 0.772457 0.519353 0.00397211
1418 0.772457 0.51611 0.00395466
1419 0.772457 0.509516 0.00362262
1420 0.772457 0.517643 0.00335543
1421 0.772457 0.518195 0.00385314
1422 0.772457 0.514857 0.00385619
1423 0.772457 0.513316 0.00331325
1424 0.772457 0.513394 0.00365322
1425 0.772457 0.510167 0.00395102
1426 0.772457 0.519817 0.00403364
1427 0.772457 0.516416 0.0039674
1428 0.772457 0.519811 0.00476518
1429 0.772457 0.51557 0.00413091
1430 0.772457 0.517961 0.00415192
1431 0.772457 0.515214 0.0043518
1432 0.772457 0.510981 0.00418144
1433 0.772457 0.514356 0.00396089
1434 0.772457 0.513367 0.00330965
1435 0.772457 0.516624 0.00402117
1436 0.772457 0.513169 0.00395164
1437 0.772457 0.51354 0.00373636
1438 0.772457 0.514904 0.00410678
1439 0.772457 0.509148 0.00323182
1440 0.772457 0.511286 0.0035112
1441 0.772457 0.51554 0.0039682
1442 0.772457 0.520099 0.00368891
1443 0.772457 0.513198 0.00374259
1444 0.772457 0.516824 0.00432858
1445 0.772457 0.513984 0.00378936
1446 0.772457 0.513757 0.00376491
1447 0.772457 0.51419 0.00369148
1448 0.772457 0.504638 0.00354209
1449 0.772457 0.508944 0.00375818
1450 0.772457 0.512771 0.00399792
1451 0.772457 0.510806 0.00432234
1452 0.772457 0.51565 0.00358469
1453 0.772457 0.524613 0.00414615
1454 0.772457 0.521434 0.00413569
1455 0.772457 0.522162 0.00398354
1456 0.772457 0.519299 0.00437242
1457 0.772457 0.518344 0.00409474
1458 0.772457 0.518016 0.00428596
1459 0.772457 0.514993 0.00456906
1460 0.772457 0.515258 0.0037512
1461 0.772457 0.515212 0.00378807
1462 0.772457 0.514855 0.00371248
1463 0.772457 0.517452 0.00383549
1464 0.772457 0.517598 0.00442345
1465 0.772457 0.520406 0.0036828
1466 0.772457 0.506215 0.00394744
1467 0.772457 0.519684 0.00433916
1468 0.772457 0.508138 0.00426903
1469 0.772457 0.513952 0.00417872
1470 0.772457 0.523647 0.00423775
1471 0.772457 0.516898 0.00411951
1472 0.772457 0.512429 0.00436889
1473 0.772457 0.518045 0.00408431
1474 0.772457 0.512805 0.00380593
1475 0.772457 0.514264 0.00380077
1476 0.772457 0.521611 0.00426874
1477 0.772457 0.520165 0.0036833
1478 0.772457 0.511128 0.00413504
1479 0.772457 0.51411 0.00375844
1480 0.772457 0.519026 0.00410535
1481 0.772457 0.511415 0.00373166
1482 0.772457 0.511052 0.0036821
1483 0.772457 0.509272 0.00382318
1484 0.772457 0.512856 0.004177
1485 0.772457 0.521797 0.00392851
1486 0.772457 0.517835 0.00397766
1487 0.772457 0.510116 0.00401198
1488 0.772457 0.511548 0.00389568
1489 0.772457 0.514998 0.00434288
1490 0.772457 0.526835 0.00524374
1491 0.772457 0.516188 0.00428535
1492 0.772457 0.513667 0.00480087
1493 0.772457 0.510578 0.00386639
1494 0.772457 0.513515 0.00375092
1495 0.772457 0.520969 0.00370349
1496 0.772457 0.518745 0.00367771
1497 0.772457 0.521195 0.00377435
1498 0.772457 0.518915 0.00423613
1499 0.772457 0.514037 0.00422032
1500 0.772457 0.512585 0.00446579
1501 0.772457 0.52046 0.00412944
1502 0.772457 0.522075 0.0041403
1503 0.772457 0.514386 0.00424126
1504 0.772457 0.514721 0.00375985
1505 0.772457 0.512736 0.00369423
1506 0.772457 0.514153 0.00381018
1507 0.772457 0.511936 0.00404705
1508 0.772457 0.521765 0.00362565
1509 0.772457 0.516607 0.0037204
1510 0.772457 0.51198 0.00429755
1511 0.772457 0.515422 0.00386674
1512 0.772457 0.5238 0.00458873
1513 0.772457 0.511847 0.00387401
1514 0.772457 0.520959 0.00400854
1515 0.772457 0.518864 0.00397751
1516 0.772457 0.513953 0.00390989
1517 0.772457 0.521928 0.00438789
1518 0.772457 0.516568 0.00386027
1519 0.772457 0.515792 0.00390959
1520 0.772457 0.516168 0.00415252
1521 0.772457 0.520982 0.00398384
1522 0.772457 0.523268 0.00444802
1523 0.772457 0.520586 0.00456003
1524 0.772457 0.51507 0.00372446
1525 0.772457 0.51283 0.0045303
1526 0.772457 0.520298 0.00380066
1527 0.772457 0.517732 0.00378518
1528 0.772457 0.520111 0.00399412
1529 0.772457 0.515334 0.00431733
1530 0.772457 0.515303 0.00382317
1531 0.772457 0.520831 0.00405371
1532 0.772457 0.515706 0.00361087
1533 0.772457 0.511707 0.00407478
1534 0.772457 0.519413 0.00429231
1535 0.772457 0.518058 0.00400803
1536 0.772457 0.519205 0.00429389
1537 0.772457 0.517143 0.00417086
1538 0.772457 0.513749 0.00425425
1539 0.772457 0.52288 0.00443542
1540 0.772457 0.512913 0.0043405
1541 0.772457 0.515377 0.00343637
1542 0.772457 0.510277 0.00389086
1543 0.772457 0.511973 0.0039498
1544 0.772457 0.509581 0.00365302
1545 0.772457 0.510533 0.00399179
1546 0.772457 0.517372 0.00453727
1547 0.772457 0.514 0.00427458
1548 0.772457 0.514892 0.00488858
1549 0.772457 0.512383 0.00370407
1550 0.772457 0.511912 0.00383219
1551 0.772457 0.515516 0.00442278
1552 0.772457 0.517419 0.00386913
1553 0.772457 0.516242 0.00411577
1554 0.772457 0.513354 0.00420273
1555 0.772457 0.503726 0.00434898
1556 0.772457 0.515454 0.00354574
1557 0.772457 0.513678 0.00420478
1558 0.772457 0.516058 0.00432783
1559 0.772457 0.517994 0.00447897
1560 0.772457 0.515525 0.00453163
1561 0.772457 0.517497 0.00402908
1562 0.772457 0.515645 0.00395224
1563 0.772457 0.520279 0.00399363
1564 0.772457 0.515441 0.00396026
1565 0.772457 0.522104 0.00445165
1566 0.772457 0.515038 0.00391901
1567 0.772457 0.511853 0.00432694
1568 0.772457 0.512125 0.00505782
1569 0.772457 0.519956 0.00440749
1570 0.772457 0.515316 0.00419612
1571 0.772457 0.514005 0.0038616
1572 0.772457 0.516791 0.00381205
1573 0.772457 0.518852 0.00431532
1574 0.772457 0.524088 0.00377451
1575 0.772457 0.519555 0.004529
1576 0.772457 0.513281 0.00454068
1577 0.772457 0.51355 0.00423189
1578 0.772457 0.512975 0.00390813
1579 0.772457 0.517751 0.00488808
1580 0.772457 0.518864 0.0038815
1581 0.772457 0.519081 0.00413494
1582 0.772457 0.516479 0.00449152
1583 0.772457 0.51892 0.00476861
1584 0.772457 0.519063 0.00449915
1585 0.772457 0.52 0.0048172
1586 0.772457 0.516385 0.00448409
1587 0.772457 0.519621 0.00435785
1588 0.772457 0.515594 0.00484273
1589 0.772457 0.518176 0.00410081
1590 0.772457 0.513489 0.00460764
1591 0.772457 0.520434 0.00506218
1592 0.772457 0.518115 0.00400486
1593 0.772457 0.523688 0.0044315
1594 0.772457 0.5225 0.00468513
1595 0.772457 0.520189 0.00397881
1596 0.772457 0.518628 0.00378398
1597 0.772457 0.519922 0.00421774
1598 0.772457 0.52494 0.00432918
1599 0.772457 0.523609 0.00426775
1600 0.772457 0.514247 0.0049335
1601 0.772457 0.522691 0.00501581
1602 0.772457 0.52255 0.00450268
1603 0.772457 0.516431 0.00464616
1604 0.772457 0.523994 0.00401237
1605 0.772457 0.519388 0.00470235
1606 0.772457 0.528879 0.00451662
1607 0.772457 0.519328 0.00501214
1608 0.772457 0.524089 0.00455163
1609 0.772457 0.518995 0.00366701
1610 0.772457 0.518228 0.0047028
1611 0.772457 0.522063 0.0043512
1612 0.772457 0.524732 0.00417077
1613 0.772457 0.522847 0.00389791
1614 0.772457 0.524303 0.00390836
1615 0.772457 0.513181 0.00441752
1616 0.772457 0.511636 0.0043065
1617 0.772457 0.514864 0.00418446
1618 0.772457 0.522315 0.0047921
1619 0.772457 0.523686 0.00411739
1620 0.772457 0.515737 0.00414671
1621 0.772457 0.519189 0.00410691
1622 0.772457 0.515439 0.00443396
1623 0.772457 0.512591 0.00349957
1624 0.772457 0.523067 0.00461726
1625 0.772457 0.520586 0.00422684
1626 0.772457 0.515899 0.0038568
1627 0.772457 0.510597 0.00408541
1628 0.772457 0.517187 0.00392368
1629 0.772457 0.519395 0.004176
1630 0.772457 0.518046 0.0038331
1631 0.772457 0.517394 0.00352795
1632 0.772457 0.515631 0.00373375
1633 0.772457 0.510942 0.00355045
1634 0.772457 0.515317 0.00336922
1635 0.772457 0.515007 0.00424883
1636 0.772457 0.515954 0.00410501
1637 0.772457 0.52034 0.00377979
1638 0.772457 0.521507 0.00362025
1639 0.772457 0.519514 0.00419144
1640 0.772457 0.520077 0.00379888
1641 0.772457 0.511204 0.00328553
1642 0.772457 0.511789 0.00377893
1643 0.772457 0.512221 0.00388031
1644 0.772457 0.512063 0.00389372
1645 0.772457 0.512723 0.00356457
1646 0.772457 0.509399 0.00344709
1647 0.772457 0.510253 0.00337318
1648 0.772457 0.516607 0.00372589
1649 0.772457 0.510286 0.00369988
1650 0.772457 0.511092 0.00360267
1651 0.772457 0.518949 0.00443592
1652 0.772457 0.509107 0.00389738
1653 0.772457 0.508096 0.0038582
1654 0.772457 0.513499 0.0042941
1655 0.772457 0.51283 0.00393149
1656 0.772457 0.510684 0.00396566
1657 0.772457 0.517803 0.00432084
1658 0.772457 0.514947 0.0037487
1659 0.772457 0.512013 0.00398756
1660 0.772457 0.51457 0.00392232
1661 0.772457 0.516887 0.00398685
1662 0.772457 0.517162 0.00393462
1663 0.772457 0.509227 0.00464455
1664 0.772457 0.515754 0.00435721
1665 0.772457 0.512497 0.00412865
1666 0.772457 0.513256 0.00513599
1667 0.772457 0.51503 0.0039528
1668 0.772457 0.508024 0.00389637
1669 0.772457 0.509848 0.00334763
1670 0.772457 0.51741 0.0041894
1671 0.772457 0.519472 0.00409576
1672 0.772457 0.512843 0.00392375
1673 0.772457 0.51158 0.00374235
1674 0.772457 0.518427 0.00372021
1675 0.772457 0.513234 0.0042604
1676 0.772457 0.5142 0.00410712
1677 0.772457 0.513169 0.00377036
1678 0.772457 0.508435 0.00398847
1679 0.772457 0.515756 0.00381128
1680 0.772457 0.512766 0.00390907
1681 0.772457 0.511607 0.00425557
1682 0.772457 0.509538 0.00370518
1683 0.772457 0.513802 0.00437533
1684 0.772457 0.511133 0.00424683
1685 0.772457 0.518923 0.00429537
1686 0.772457 0.519411 0.00406818
1687 0.772457 0.511741 0.00382483
1688 0.772457 0.513952 0.00430821
1689 0.772457 0.517318 0.00399234
1690 0.772457 0.518098 0.00427134
1691 0.772457 0.519465 0.00493833
1692 0.772457 0.515038 0.00437151
1693 0.772457 0.516728 0.0037954
1694 0.772457 0.519269 0.00370616
1695 0.772457 0.525527 0.00407738
1696 0.772457 0.512103 0.00386835
1697 0.772457 0.511384 0.00351917
1698 0.772457 0.51354 0.00365187
1699 0.772457 0.512245 0.00340712
1700 0.772457 0.520177 0.00362336
1701 0.772457 0.51222 0.00369445
1702 0.772457 0.517825 0.00414824
1703 0.772457 0.510979 0.0035883
1704 0.772457 0.514392 0.00350988
1705 0.772457 0.511129 0.00367695
1706 0.772457 0.513192 0.00375629
1707 0.772457 0.517169 0.004007
1708 0.772457 0.520953 0.00469474
1709 0.772457 0.521832 0.00412956
1710 0.772457 0.51619 0.00405626
1711 0.772457 0.516366 0.00380231
1712 0.772457 0.51757 0.00405528
1713 0.772457 0.511571 0.00390541
1714 0.772457 0.507894 0.00378524
1715 0.772457 0.514555 0.00431486
1716 0.772457 0.518467 0.00480987
1717 0.772457 0.51229 0.00479428
1718 0.772457 0.519768 0.00378337
1719 0.772457 0.509707 0.00396633
1720 0.772457 0.515162 0.0039967
1721 0.772457 0.513469 0.0037248
1722 0.772457 0.514461 0.00378249
1723 0.772457 0.508931 0.00388762
1724 0.772457 0.514277 0.00410683
1725 0.772457 0.521883 0.00470868
1726 0.772457 0.519484 0.00443626
1727 0.772457 0.516544 0.00404589
1728 0.772457 0.51718 0.00378089
1729 0.772457 0.512812 0.00404808
1730 0.772457 0.513055 0.00343104
1731 0.772457 0.516524 0.00417433
1732 0.772457 0.512384 0.00363198
1733 0.772457 0.511676 0.00386815
1734 0.772457 0.517682 0.00351146
1735 0.772457 0.516515 0.00395559
1736 0.772457 0.516678 0.00415464
1737 0.772457 0.526614 0.00411828
1738 0.772457 0.511881 0.00438576
1739 0.772457 0.519668 0.00399662
1740 0.772457 0.519756 0.00399073
1741 0.772457 0.515051 0.00483541
1742 0.772457 0.513987 0.00410918
1743 0.772457 0.522653 0.00437349
1744 0.772457 0.521053 0.00421134
1745 0.772457 0.520382 0.00376556
1746 0.772457 0.507258 0.00405179
1747 0.772457 0.516709 0.00399295
1748 0.772457 0.521856 0.00463496
1749 0.772457 0.511113 0.00426272
1750 0.772457 0.518693 0.00349659
1751 0.772457 0.519479 0.0038407
1752 0.772457 0.513413 0.00389946
1753 0.772457 0.517624 0.00424584
1754 0.772457 0.512341 0.00343472
1755 0.772457 0.515096 0.00389127
1756 0.772457 0.513986 0.00363938
1757 0.772457 0.51288 0.0036552
1758 0.772457 0.512381 0.00360647
1759 0.772457 0.513595 0.00394368
1760 0.772457 0.511377 0.00393026
1761 0.772457 0.515186 0.00421907
1762 0.772457 0.514117 0.00387592
1763 0.772457 0.515341 0.00398076
1764 0.772457 0.522088 0.00362093
1765 0.772457 0.515378 0.00402213
1766 0.772457 0.51871 0.00404092
1767 0.772457 0.51452 0.00387857
1768 0.772457 0.513139 0.00365665
1769 0.772457 0.518077 0.00422025
1770 0.772457 0.518304 0.0041188
1771 0.772457 0.518224 0.00447883
1772 0.772457 0.513804 0.00398477
1773 0.772457 0.510202 0.00444242
1774 0.772457 0.515143 0.00388371
1775 0.772457 0.515671 0.00453416
1776 0.772457 0.521292 0.00445142
1777 0.772457 0.512387 0.0040485
1778 0.772457 0.508628 0.0043613
1779 0.772457 0.519021 0.00406316
1780 0.772457 0.518264 0.00410443
1781 0.772457 0.516952 0.0037676
1782 0.772457 0.513041 0.0040666
1783 0.772457 0.520657 0.00353713
1784 0.772457 0.518672 0.00407935
1785 0.772457 0.52118 0.00415557
1786 0.772457 0.518 0.00414994
1787 0.772457 0.517189 0.00381427
1788 0.772457 0.521884 0.00369487
1789 0.772457 0.523124 0.00365716
1790 0.772457 0.515766 0.00467065
1791 0.772457 0.515785 0.00395827
1792 0.772457 0.51893 0.00411777
1793 0.772457 0.521669 0.00408152
1794 0.772457 0.517132 0.00403985
1795 0.772457 0.515073 0.00380416
1796 0.772457 0.517269 0.00375708
1797 0.772457 0.517168 0.00380158
1798 0.772457 0.521494 0.00428282
1799 0.772457 0.51241 0.00370735
1800 0.772457 0.51832 0.0047257
1801 0.772457 0.517995 0.0042034
1802 0.772457 0.51657 0.00468941
1803 0.772457 0.517272 0.00416019
1804 0.772457 0.519843 0.00404506
1805 0.772457 0.509939 0.00405009
1806 0.772457 0.511353 0.00391211
1807 0.772457 0.512305 0.00416079
1808 0.772457 0.515285 0.00388582
1809 0.772457 0.518217 0.00347076
1810 0.772457 0.519952 0.00368462
1811 0.772457 0.509675 0.00420171
1812 0.772457 0.51561 0.00358885
1813 0.772457 0.512222 0.00374541
1814 0.772457 0.516587 0.00398018
1815 0.772457 0.509197 0.0041305
1816 0.772457 0.509774 0.00383284
1817 0.772457 0.5169 0.00377401
1818 0.772457 0.516888 0.00387348
1819 0.772457 0.506791 0.00363906
1820 0.772457 0.516182 0.00427761
1821 0.772457 0.514647 0.00388215
1822 0.772457 0.521321 0.0039763
1823 0.772457 0.510528 0.00390673
1824 0.772457 0.513988 0.00356387
1825 0.772457 0.516507 0.00452436
1826 0.772457 0.516607 0.00427936
1827 0.772457 0.522304 0.00446439
1828 0.772457 0.516823 0.00407467
1829 0.772457 0.512317 0.00426329
1830 0.772457 0.516868 0.00402529
1831 0.772457 0.511906 0.00353724
1832 0.772457 0.511893 0.00326096
1833 0.772457 0.511462 0.00401724
1834 0.772457 0.509335 0.00458773
1835 0.772457 0.509882 0.00445102
1836 0.772457 0.510137 0.00359144
1837 0.772457 0.511924 0.00406289
1838 0.772457 0.510807 0.00388751
1839 0.772457 0.513309 0.00419885
1840 0.772457 0.514213 0.00416367
1841 0.772457 0.514419 0.00407905
1842 0.772457 0.511127 0.00441901
1843 0.772457 0.51698 0.00420836
1844 0.772457 0.514904 0.00391771
1845 0.772457 0.515822 0.00400243
1846 0.772457 0.512393 0.00428944
1847 0.772457 0.51823 0.00425787
1848 0.772457 0.519989 0.00424197
1849 0.772457 0.513536 0.00379541
1850 0.772457 0.514756 0.00415452
1851 0.772457 0.509802 0.00433786
1852 0.772457 0.509942 0.0037586
1853 0.772457 0.51501 0.00341185
1854 0.772457 0.514458 0.00360783
1855 0.772457 0.5188 0.00382323
1856 0.772457 0.51267 0.00419428
1857 0.772457 0.515015 0.00374997
1858 0.772457 0.512284 0.00380827
1859 0.772457 0.511551 0.00434275
1860 0.772457 0.526526 0.0039785
1861 0.772457 0.51906 0.00480148
1862 0.772457 0.521935 0.00431521
1863 0.772457 0.511576 0.00458887
1864 0.772457 0.515953 0.00448209
1865 0.772457 0.515195 0.00465449
1866 0.772457 0.511468 0.00389629
1867 0.772457 0.513884 0.00476306
1868 0.772457 0.514228 0.00475882
1869 0.772457 0.515473 0.00481977
1870 0.772457 0.512335 0.00386346
1871 0.772457 0.51357 0.0038992
1872 0.772457 0.519542 0.00403474
1873 0.772457 0.50856 0.00425872
1874 0.772457 0.512383 0.00384451
1875 0.772457 0.517216 0.0040046
1876 0.772457 0.513035 0.00408292
1877 0.772457 0.524045 0.00431661
1878 0.772457 0.515221 0.00348956
1879 0.772457 0.512409 0.00395548
1880 0.772457 0.5119 0.00362669
1881 0.772457 0.509341 0.00363366
1882 0.772457 0.513957 0.00392737
1883 0.772457 0.513427 0.0036484
1884 0.772457 0.513525 0.003298
1885 0.772457 0.521254 0.00379957
1886 0.772457 0.516092 0.00344383
1887 0.772457 0.514496 0.00443357
1888 0.772457 0.512006 0.00391629
1889 0.772457 0.517854 0.00368811
1890 0.772457 0.512572 0.00379393
1891 0.772457 0.516141 0.0036839
1892 0.772457 0.513592 0.00385504
1893 0.772457 0.511916 0.00408308
1894 0.772457 0.507948 0.00339914
1895 0.772457 0.514076 0.00349487
1896 0.772457 0.510622 0.00384121
1897 0.772457 0.511956 0.00375975
1898 0.772457 0.518212 0.0037873
1899 0.772457 0.511268 0.00361007
1900 0.772457 0.518524 0.00418527
1901 0.772457 0.523256 0.0043549
1902 0.772457 0.522608 0.00410294
1903 0.772457 0.519304 0.00433455
1904 0.772457 0.523411 0.00479521
1905 0.772457 0.516778 0.00488043
1906 0.772457 0.517574 0.00409769
1907 0.772457 0.511883 0.00458581
1908 0.772457 0.513735 0.00381744
1909 0.772457 0.518982 0.00507447
1910 0.772457 0.5182 0.00420145
1911 0.772457 0.51355 0.00428924
1912 0.772457 0.512791 0.0039127
1913 0.772457 0.511823 0.00401228
1914 0.772457 0.515182 0.00395512
1915 0.772457 0.513709 0.0040546
1916 0.772457 0.51573 0.00363803
1917 0.772457 0.512107 0.00408851
1918 0.772457 0.510945 0.00393366
1919 0.772457 0.517811 0.00444481
1920 0.772457 0.521581 0.00424095
1921 0.772457 0.514969 0.00417369
1922 0.772457 0.511189 0.00382356
1923 0.772457 0.517952 0.00406382
1924 0.772457 0.511384 0.0041858
1925 0.772457 0.516282 0.00412907
1926 0.772457 0.512977 0.00423068
1927 0.772457 0.515005 0.00393782
1928 0.772457 0.517168 0.00415595
1929 0.772457 0.517362 0.00466474
1930 0.772457 0.517294 0.00408281
1931 0.772457 0.513132 0.0034879
1932 0.772457 0.516321 0.00342113
1933 0.772457 0.515503 0.00352402
1934 0.772457 0.513089 0.00350605
1935 0.772457 0.51159 0.00376339
1936 0.772457 0.519031 0.00419505
1937 0.772457 0.51724 0.00462718
1938 0.772457 0.515755 0.00429825
1939 0.772457 0.509696 0.00406167
1940 0.772457 0.516924 0.00394803
1941 0.772457 0.514483 0.00470016
1942 0.772457 0.514557 0.00410993
1943 0.772457 0.509498 0.00395981
1944 0.772457 0.513031 0.00432518
1945 0.772457 0.519598 0.00413492
1946 0.772457 0.509666 0.00418538
1947 0.772457 0.516753 0.00347142
1948 0.772457 0.523122 0.00394071
1949 0.772457 0.519509 0.00416515
1950 0.772457 0.51309 0.00439835
1951 0.772457 0.514588 0.00405587
1952 0.772457 0.518306 0.0044051
1953 0.772457 0.512098 0.00374657
1954 0.772457 0.510662 0.00369543
1955 0.772457 0.514596 0.00453525
1956 0.772457 0.506478 0.00397347
1957 0.772457 0.521493 0.00445035
1958 0.772457 0.514368 0.00396269
1959 0.772457 0.51192 0.00399769
1960 0.772457 0.512279 0.00392945
1961 0.772457 0.517757 0.00420192
1962 0.772457 0.518439 0.00448184
1963 0.772457 0.516911 0.00509415
1964 0.772457 0.519869 0.00452068
1965 0.772457 0.521606 0.00391832
1966 0.772457 0.519955 0.00518436
1967 0.772457 0.520609 0.004483
1968 0.772457 0.52075 0.0044318
1969 0.772457 0.516236 0.00441477
1970 0.772457 0.521877 0.00429893
1971 0.772457 0.521705 0.00442632
1972 0.772457 0.521535 0.00519224
1973 0.772457 0.522337 0.00442046
1974 0.772457 0.527587 0.00446932
1975 0.772457 0.514339 0.00388994
1976 0.772457 0.514328 0.00436593
1977 0.772457 0.515628 0.00482577
1978 0.772457 0.512439 0.00431515
1979 0.772457 0.515905 0.0044388
1980 0.772457 0.515279 0.0047093
1981 0.772457 0.508661 0.00453887
1982 0.772457 0.515845 0.00457676
1983 0.772457 0.515143 0.00427212
1984 0.772457 0.515389 0.00420246
1985 0.772457 0.514896 0.00401491
1986 0.772457 0.514578 0.00391641
1987 0.772457 0.511955 0.00409629
1988 0.772457 0.514879 0.00434327
1989 0.772457 0.523423 0.00429618
1990 0.772457 0.515501 0.00412408
1991 0.772457 0.521069 0.00395402
1992 0.772457 0.518607 0.00451365
1993 0.772457 0.518889 0.00391671
1994 0.772457 0.518394 0.00404997
1995 0.772457 0.511852 0.00392519
1996 0.772457 0.518972 0.00453486
1997 0.772457 0.524952 0.00467882
1998 0.772457 0.517838 0.00458576
1999 0.772457 0.509907 0.00477811
2000 0.772457 0.511969 0.00417177
