0 0.590976 0.502221 0.000211723
1 0.590976 0.501525 0.000219219
2 0.596692 0.501744 0.000425007
3 0.596692 0.500278 0.000459635
4 0.641061 0.503585 0.000543427
5 0.641061 0.504056 0.000629438
6 0.641061 0.504616 0.000526298
7 0.641061 0.501487 0.000606461
8 0.641061 0.50396 0.000573039
9 0.641061 0.501135 0.000751937
10 0.641061 0.501929 0.000672087
11 0.641061 0.505538 0.00062512
12 0.641061 0.505221 0.000757417
13 0.641061 0.504376 0.000659171
14 0.641061 0.505747 0.000837919
15 0.641061 0.503761 0.00076714
16 0.641061 0.504477 0.000855267
17 0.641061 0.507324 0.000759244
18 0.641061 0.50306 0.000841147
19 0.641061 0.505785 0.000799246
20 0.641061 0.506216 0.000875298
21 0.641061 0.506147 0.000856347
22 0.641061 0.503045 0.000878862
23 0.641061 0.502777 0.000957159
24 0.641061 0.503838 0.000927438
25 0.641061 0.507899 0.000839959
26 0.641061 0.504355 0.000932835
27 0.641061 0.506689 0.000959175
28 0.641061 0.505484 0.000891822
29 0.641061 0.507424 0.000944398
30 0.641061 0.505047 0.000893844
31 0.641061 0.508242 0.000898119
32 0.641061 0.505137 0.00101011
33 0.641061 0.508325 0.000828796
34 0.641061 0.508134 0.000977282
35 0.641061 0.504799 0.000782705
36 0.641061 0.507603 0.00101398
37 0.641061 0.507462 0.000943049
38 0.641061 0.508936 0.000902092
39 0.641061 0.510522 0.00103726
40 0.641061 0.507039 0.000897929
41 0.641061 0.505713 0.000817629
42 0.641061 0.506212 0.000848197
43 0.641061 0.505977 0.000778634
44 0.641061 0.506186 0.000850558
45 0.641061 0.507436 0.000927709
46 0.641061 0.506479 0.000988676
47 0.641061 0.509273 0.00099537
48 0.641061 0.507559 0.000815247
49 0.641061 0.504272 0.000877694
50 0.641061 0.510597 0.000981549
51 0.641061 0.509156 0.00112512
52 0.641061 0.508192 0.00120363
53 0.641061 0.508982 0.00122583
54 0.641061 0.510384 0.00110583
55 0.641061 0.510747 0.00124701
56 0.641061 0.508071 0.000944636
57 0.641061 0.509195 0.00098179
58 0.641061 0.51245 0.00125152
59 0.641061 0.508097 0.000980546
60 0.641061 0.511809 0.000976934
61 0.641061 0.510264 0.00110878
62 0.641061 0.503331 0.00131185
63 0.641061 0.507423 0.0011055
64 0.641061 0.509058 0.000891568
65 0.641061 0.509494 0.000940367
66 0.641061 0.508608 0.00122501
67 0.641061 0.511622 0.00108238
68 0.641061 0.509114 0.00125077
69 0.641061 0.503699 0.0011548
70 0.641061 0.507916 0.00119142
71 0.641061 0.506512 0.00123274
72 0.641061 0.505078 0.00103911
73 0.641061 0.505819 0.0011006
74 0.641061 0.508687 0.00137945
75 0.641061 0.50736 0.000992015
76 0.641061 0.503857 0.00133502
77 0.641061 0.510127 0.00122993
78 0.641061 0.515782 0.00120955
79 0.641061 0.509868 0.0012002
80 0.641061 0.507478 0.00104212
81 0.641061 0.511972 0.00126479
82 0.641061 0.506739 0.000929118
83 0.641061 0.510152 0.00101465
84 0.641061 0.509971 0.000958544
85 0.641061 0.508345 0.00100199
86 0.641061 0.509562 0.000921307
87 0.641061 0.510105 0.000983483
88 0.641061 0.509661 0.00107206
89 0.641061 0.511212 0.00116712
90 0.641061 0.506911 0.00118825
91 0.641061 0.507297 0.001098
92 0.641061 0.504627 0.0010212
93 0.641061 0.507481 0.000932895
94 0.641061 0.511021 0.000987534
95 0.641061 0.507156 0.00113271
96 0.641061 0.504193 0.0010646
97 0.641061 0.507904 0.00106301
98 0.641061 0.506018 0.001149
99 0.641061 0.507608 0.0010716
100 0.641061 0.507637 0.00110535
101 0.641061 0.505676 0.00120213
102 0.641061 0.508256 0.00101352
103 0.641061 0.510716 0.00106151
104 0.641061 0.50654 0.00112963
105 0.641061 0.508926 0.00104134
106 0.641061 0.50849 0.000995459
107 0.641061 0.5071 0.000922153
108 0.641061 0.505617 0.000974431
109 0.641061 0.509057 0.00116671
110 0.641061 0.508674 0.000997676
111 0.641061 0.511563 0.00123724
112 0.641061 0.506108 0.000879335
113 0.641061 0.509613 0.00111077
114 0.641061 0.509872 0.00114485
115 0.641061 0.508723 0.00113474
116 0.641061 0.508911 0.00103173
117 0.641061 0.509353 0.000926863
118 0.641061 0.510222 0.000927548
119 0.641061 0.505379 0.00101706
120 0.641061 0.506026 0.000977973
121 0.641061 0.506596 0.000976675
122 0.641061 0.506647 0.0010366
123 0.641061 0.509001 0.00108881
124 0.641061 0.512435 0.000950371
125 0.641061 0.509156 0.00119917
126 0.641061 0.511174 0.00105204
127 0.641061 0.509089 0.0011116
128 0.641061 0.507259 0.00108505
129 0.641061 0.5104 0.001182
130 0.641061 0.513411 0.00123412
131 0.641061 0.507398 0.00118093
132 0.641061 0.509402 0.00120672
133 0.641061 0.512454 0.00122496
134 0.641061 0.510642 0.00104778
135 0.641061 0.508104 0.00109108
136 0.641061 0.512015 0.00101512
137 0.641061 0.508553 0.00107725
138 0.641061 0.509465 0.00106921
139 0.641061 0.510219 0.00112146
140 0.641061 0.510097 0.00121722
141 0.641061 0.509622 0.0010963
142 0.641061 0.511588 0.00132525
143 0.641061 0.510136 0.00142031
144 0.641061 0.5067 0.00101745
145 0.641061 0.508244 0.00106284
146 0.641061 0.506528 0.000949821
147 0.641061 0.513595 0.00121264
148 0.641061 0.51305 0.00110497
149 0.641061 0.507543 0.00111521
150 0.641061 0.512249 0.00117508
151 0.641061 0.510141 0.00110504
152 0.641061 0.514442 0.00126828
153 0.641061 0.512531 0.00139929
154 0.641061 0.514413 0.00120358
155 0.641061 0.511097 0.0014716
156 0.641061 0.508574 0.00123225
157 0.641061 0.508432 0.00136503
158 0.644182 0.511029 0.00127711
159 0.644182 0.512278 0.00120044
160 0.644182 0.510983 0.00132324
161 0.644182 0.514742 0.00144027
162 0.644182 0.509211 0.00119519
163 0.644182 0.512781 0.00118045
164 0.644182 0.515175 0.00109563
165 0.644182 0.513683 0.00136961
166 0.644182 0.511946 0.00135068
167 0.644182 0.513023 0.00138738
168 0.644182 0.508578 0.00122358
169 0.644182 0.511513 0.00125005
170 0.644182 0.510136 0.00125596
171 0.644182 0.510473 0.00134036
172 0.644182 0.512003 0.00110825
173 0.644182 0.511568 0.00125848
174 0.644182 0.510202 0.00108388
175 0.644182 0.507201 0.00112895
176 0.644182 0.514736 0.00168858
177 0.644182 0.508757 0.00113409
178 0.644182 0.509481 0.00117276
179 0.644182 0.508142 0.00106683
180 0.644182 0.506271 0.00106936
181 0.644182 0.510335 0.00127012
182 0.644182 0.510098 0.00120013
183 0.644182 0.511742 0.00105456
184 0.644182 0.514784 0.00145742
185 0.644182 0.507849 0.00130376
186 0.644182 0.515062 0.00154232
187 0.644182 0.513126 0.00135466
188 0.644182 0.514615 0.00148834
189 0.644182 0.509885 0.00121039
190 0.644182 0.509252 0.00126627
191 0.644182 0.510137 0.00116676
192 0.644182 0.511803 0.00138306
193 0.644182 0.514618 0.00129006
194 0.644182 0.514473 0.0013133
195 0.644182 0.508816 0.00154581
196 0.644182 0.50892 0.00125548
197 0.644182 0.510754 0.00130109
198 0.644182 0.51071 0.00114888
199 0.644182 0.50839 0.0011643
200 0.644182 0.508444 0.001135
201 0.644182 0.511081 0.00127287
202 0.644182 0.513439 0.0011717
203 0.644182 0.510944 0.00136242
204 0.644182 0.508362 0.0016382
205 0.644182 0.511159 0.00153024
206 0.644182 0.510886 0.00139187
207 0.644182 0.514103 0.001361
208 0.644182 0.506443 0.00143456
209 0.644182 0.506922 0.00144259
210 0.644182 0.512012 0.00134325
211 0.644182 0.507976 0.00155675
212 0.644182 0.510453 0.00130863
213 0.644182 0.510542 0.0012338
214 0.644182 0.510461 0.00131385
215 0.644182 0.508164 0.00134981
216 0.644182 0.510354 0.00129189
217 0.644182 0.510369 0.00112972
218 0.644182 0.510055 0.00132002
219 0.648062 0.512278 0.00142013
220 0.648062 0.507482 0.00124775
221 0.648062 0.509826 0.00118866
222 0.648062 0.51295 0.00140434
223 0.648062 0.50887 0.0012669
224 0.648062 0.511851 0.00167633
225 0.648062 0.510734 0.00136569
226 0.648062 0.50973 0.0012919
227 0.648062 0.511847 0.00152934
228 0.648062 0.511923 0.0012412
229 0.648062 0.507404 0.00132363
230 0.648062 0.507009 0.00111408
231 0.648062 0.509829 0.00127716
232 0.648062 0.513312 0.0013013
233 0.648062 0.511967 0.0013621
234 0.648062 0.513937 0.00138176
235 0.648062 0.513828 0.00140915
236 0.648062 0.511991 0.00144205
237 0.648062 0.50987 0.00107614
238 0.648062 0.50895 0.00119275
239 0.648062 0.508539 0.00112523
240 0.648062 0.510928 0.00120485
241 0.648062 0.514137 0.00125753
242 0.648062 0.507793 0.00137058
243 0.648062 0.506409 0.0010653
244 0.648062 0.509166 0.00126735
245 0.648062 0.51034 0.00113397
246 0.648062 0.510611 0.00104582
247 0.648062 0.513224 0.00122654
248 0.648062 0.508836 0.00113167
249 0.648062 0.507844 0.00114765
250 0.648062 0.508846 0.00108271
251 0.648062 0.511151 0.00136294
252 0.648062 0.512278 0.00120288
253 0.648062 0.513681 0.00153416
254 0.648062 0.511387 0.0011141
255 0.648062 0.510934 0.00123883
256 0.648062 0.509746 0.00117213
257 0.648062 0.509788 0.00153062
258 0.648062 0.509579 0.00130894
259 0.648062 0.509178 0.00120384
260 0.648062 0.511629 0.00122428
261 0.648062 0.509559 0.00131569
262 0.648062 0.511435 0.00135283
263 0.648062 0.513014 0.0013315
264 0.648062 0.50842 0.0014635
265 0.648062 0.510353 0.00132659
266 0.648062 0.508079 0.0011855
267 0.648062 0.511916 0.00134651
268 0.648062 0.51433 0.00122944
269 0.648062 0.51115 0.0010805
270 0.648062 0.510448 0.00123706
271 0.648062 0.509152 0.00140788
272 0.648062 0.508148 0.00124918
273 0.648062 0.511448 0.00111275
274 0.648062 0.507782 0.00106871
275 0.648062 0.511427 0.0011304
276 0.648062 0.509765 0.00131887
277 0.648062 0.508803 0.00129349
278 0.648062 0.511168 0.0013537
279 0.648062 0.511937 0.00138752
280 0.648062 0.509396 0.00115941
281 0.648062 0.509647 0.00134786
282 0.648062 0.509479 0.00144926
283 0.648062 0.50664 0.00112317
284 0.648062 0.505352 0.00116711
285 0.648062 0.509375 0.00121168
286 0.648062 0.511651 0.00121089
287 0.648062 0.509206 0.00137071
288 0.648062 0.507744 0.00115061
289 0.648062 0.506666 0.00117389
290 0.648062 0.511271 0.00146162
291 0.648062 0.509414 0.00140482
292 0.648062 0.512126 0.00124196
293 0.648062 0.512021 0.00132808
294 0.648062 0.510571 0.00114736
295 0.648062 0.511092 0.00130427
296 0.648062 0.509417 0.00119971
297 0.648062 0.506724 0.00118193
298 0.648062 0.506868 0.00105825
299 0.648062 0.513379 0.0015643
300 0.648062 0.50822 0.00120633
301 0.648062 0.512797 0.00144834
302 0.648062 0.508672 0.00116363
303 0.648062 0.509835 0.00121083
304 0.648062 0.512274 0.00112578
305 0.648062 0.510077 0.00117707
306 0.648062 0.507251 0.00134748
307 0.648062 0.50621 0.00128813
308 0.648062 0.512999 0.00159119
309 0.648062 0.512872 0.00138831
310 0.648062 0.511329 0.00151594
311 0.648062 0.512141 0.00146889
312 0.648062 0.512581 0.00134135
313 0.648062 0.508227 0.00121185
314 0.648062 0.508973 0.00136971
315 0.648062 0.514719 0.00117764
316 0.648062 0.511735 0.00138337
317 0.648062 0.51348 0.00113778
318 0.648062 0.514198 0.00135717
319 0.648062 0.508084 0.00146251
320 0.648062 0.507796 0.00118003
321 0.648062 0.507075 0.00104789
322 0.648062 0.508556 0.00138235
323 0.648062 0.510905 0.00108515
324 0.648062 0.51173 0.00115183
325 0.648062 0.510564 0.00131592
326 0.648062 0.508199 0.00114347
327 0.648062 0.5094 0.00114421
328 0.648062 0.510261 0.00122875
329 0.648062 0.509199 0.00123458
330 0.648062 0.51301 0.00150008
331 0.648062 0.509164 0.00145856
332 0.648062 0.508987 0.00126404
333 0.648062 0.510668 0.00138012
334 0.648062 0.513218 0.00132635
335 0.648062 0.512748 0.001331
336 0.648062 0.508547 0.00124856
337 0.648062 0.512652 0.00147069
338 0.648062 0.509305 0.00150337
339 0.648062 0.510822 0.00134075
340 0.648062 0.510567 0.0014683
341 0.648062 0.516047 0.00151377
342 0.648062 0.511212 0.00148162
343 0.648062 0.510925 0.00140787
344 0.648062 0.509388 0.0012379
345 0.648062 0.514276 0.00150061
346 0.648062 0.509547 0.00152775
347 0.648062 0.512071 0.00150909
348 0.648062 0.509478 0.00125432
349 0.648062 0.512441 0.00151604
350 0.648062 0.515009 0.00174593
351 0.648062 0.515895 0.00145764
352 0.648062 0.515283 0.00137243
353 0.648062 0.517984 0.00150218
354 0.648062 0.512928 0.00110958
355 0.648062 0.515304 0.00162142
356 0.648062 0.511349 0.00125606
357 0.648062 0.507986 0.00114998
358 0.648062 0.508057 0.00142808
359 0.648062 0.511883 0.00155353
360 0.648062 0.511176 0.00155197
361 0.648062 0.509364 0.00128779
362 0.648062 0.512122 0.0019584
363 0.648062 0.507151 0.00160121
364 0.648062 0.51005 0.00145105
365 0.648062 0.513759 0.00143528
366 0.648062 0.512711 0.00158401
367 0.648062 0.510161 0.00121483
368 0.648062 0.51293 0.00124279
369 0.648062 0.511258 0.00139991
370 0.648062 0.505912 0.00125141
371 0.648062 0.510629 0.00131663
372 0.648062 0.511748 0.00145508
373 0.648062 0.511022 0.00132238
374 0.648062 0.510962 0.00128406
375 0.648062 0.512649 0.00145968
376 0.648062 0.508724 0.00128382
377 0.648062 0.510184 0.00130682
378 0.648062 0.511428 0.00124326
379 0.648062 0.506377 0.00126992
380 0.648062 0.509662 0.00158927
381 0.648062 0.507137 0.00139295
382 0.648062 0.510613 0.00133743
383 0.648062 0.508224 0.00129024
384 0.648062 0.506908 0.00123747
385 0.648062 0.510244 0.00142509
386 0.666423 0.511368 0.00159615
387 0.666423 0.51112 0.00119438
388 0.666423 0.508796 0.00141165
389 0.666423 0.509277 0.00134105
390 0.666423 0.507144 0.00145327
391 0.666423 0.509471 0.00136229
392 0.666423 0.512205 0.001332
393 0.666423 0.514654 0.0017658
394 0.666423 0.512073 0.00148483
395 0.666423 0.513814 0.00153058
396 0.666423 0.510135 0.00143951
397 0.666423 0.513157 0.00145421
398 0.666423 0.513526 0.00177482
399 0.666423 0.510219 0.00156219
400 0.666423 0.512265 0.00145675
401 0.666423 0.509201 0.00148023
402 0.666423 0.507935 0.00153786
403 0.666423 0.512494 0.0014107
404 0.666423 0.514506 0.00150138
405 0.666423 0.514994 0.00167244
406 0.666423 0.508994 0.00143543
407 0.666423 0.510325 0.00148248
408 0.666423 0.511989 0.00131408
409 0.666423 0.516258 0.00184762
410 0.666423 0.51237 0.00135991
411 0.666423 0.5101 0.00140717
412 0.666423 0.512163 0.00139401
413 0.666423 0.508281 0.00128245
414 0.666423 0.513083 0.00141317
415 0.666423 0.508642 0.00117035
416 0.666423 0.511796 0.00130678
417 0.666423 0.513577 0.0015608
418 0.672347 0.511647 0.00186088
419 0.672347 0.507201 0.00148416
420 0.672347 0.508317 0.0016572
421 0.672347 0.506386 0.00158255
422 0.672347 0.509405 0.00154224
423 0.672347 0.512494 0.00164875
424 0.672347 0.510488 0.00147012
425 0.672347 0.512732 0.00163504
426 0.672347 0.509915 0.00150246
427 0.672347 0.514202 0.0015108
428 0.672347 0.511254 0.00157153
429 0.672347 0.512256 0.00175354
430 0.672347 0.515518 0.00183365
431 0.672347 0.508406 0.00172832
432 0.672347 0.51633 0.00169301
433 0.672347 0.511477 0.00147895
434 0.672347 0.514297 0.00148243
435 0.672347 0.513757 0.00147867
436 0.672347 0.511346 0.00151731
437 0.672347 0.512063 0.00159774
438 0.672347 0.507802 0.00162664
439 0.672347 0.509122 0.00159774
440 0.672347 0.516193 0.00164858
441 0.672347 0.512824 0.00173409
442 0.672347 0.512136 0.00133223
443 0.672347 0.510864 0.00165764
444 0.672347 0.51469 0.00183015
445 0.672347 0.508866 0.00163204
446 0.672347 0.510794 0.00191059
447 0.676347 0.516763 0.00187125
448 0.676347 0.512936 0.00159147
449 0.676347 0.513336 0.00174219
450 0.676347 0.51347 0.00147459
451 0.676347 0.512442 0.00166716
452 0.676347 0.510644 0.0015876
453 0.676347 0.513527 0.00148958
454 0.676347 0.511115 0.00135698
455 0.676347 0.517525 0.00183613
456 0.676347 0.50959 0.00172915
457 0.676347 0.513475 0.00153155
458 0.676347 0.513488 0.00166529
459 0.676347 0.512121 0.00175948
460 0.676347 0.513986 0.00155278
461 0.676347 0.513501 0.00182266
462 0.676347 0.509086 0.00156794
463 0.676347 0.509364 0.0017125
464 0.676347 0.512836 0.00186378
465 0.676347 0.509811 0.00156157
466 0.676347 0.515191 0.00166011
467 0.676347 0.518804 0.00175651
468 0.676347 0.514531 0.00178719
469 0.676347 0.510059 0.00174841
470 0.676347 0.513149 0.00178223
471 0.676347 0.509912 0.00162824
472 0.676347 0.514425 0.00165504
473 0.676347 0.509617 0.00173686
474 0.676347 0.514302 0.00172893
475 0.676347 0.517493 0.00152519
476 0.676347 0.516483 0.00172069
477 0.676347 0.508428 0.00170356
478 0.676347 0.514711 0.00169105
479 0.676347 0.514665 0.00164003
480 0.676347 0.516161 0.00156521
481 0.676347 0.518833 0.00188837
482 0.676347 0.512645 0.00168282
483 0.676347 0.514759 0.00159472
484 0.676347 0.513913 0.00192274
485 0.676347 0.510331 0.00202561
486 0.676347 0.515878 0.0019833
487 0.676347 0.511377 0.00201831
488 0.676347 0.513016 0.00187503
489 0.676347 0.511749 0.00163024
490 0.676347 0.51309 0.00179495
491 0.676347 0.509294 0.00190064
492 0.676347 0.509479 0.00187702
493 0.676347 0.510458 0.00228457
494 0.676347 0.510643 0.00166711
495 0.676347 0.514342 0.00167119
496 0.676347 0.513923 0.00189667
497 0.676347 0.513873 0.00200363
498 0.676347 0.5128 0.00180756
499 0.676347 0.514124 0.00184985
500 0.676347 0.512828 0.00158686
501 0.676347 0.511806 0.00185938
502 0.676347 0.512165 0.00179312
503 0.676347 0.516813 0.00162324
504 0.676347 0.513167 0.00159223
505 0.676347 0.509331 0.00196575
506 0.676347 0.512265 0.00156955
507 0.676347 0.515031 0.0016505
508 0.676347 0.514928 0.00176465
509 0.676347 0.512612 0.00150615
510 0.676347 0.51336 0.00161442
511 0.676347 0.515524 0.00175142
512 0.676347 0.515482 0.00173818
513 0.676347 0.514968 0.00169286
514 0.676347 0.509865 0.00159848
515 0.676347 0.512541 0.00164589
516 0.676347 0.513272 0.00176952
517 0.676347 0.513099 0.00163262
518 0.676347 0.514796 0.00172858
519 0.676347 0.511054 0.00195569
520 0.678878 0.514008 0.00189846
521 0.678878 0.512394 0.00163224
522 0.678878 0.512848 0.00192429
523 0.678878 0.51801 0.00191927
524 0.678878 0.51114 0.00170136
525 0.678878 0.512574 0.0018167
526 0.678878 0.511508 0.00188982
527 0.678878 0.515422 0.00177067
528 0.678878 0.515358 0.00162174
529 0.678878 0.509926 0.00168108
530 0.678878 0.514555 0.00186932
531 0.678878 0.512434 0.00195593
532 0.678878 0.509289 0.00198154
533 0.678878 0.510134 0.00190826
534 0.678878 0.510855 0.00201275
535 0.678878 0.511677 0.00197327
536 0.678878 0.512163 0.00176131
537 0.678878 0.514605 0.00187475
538 0.678878 0.511338 0.00204726
539 0.678878 0.506308 0.00225668
540 0.678878 0.511188 0.00209909
541 0.678878 0.510605 0.0019292
542 0.678878 0.516142 0.00232912
543 0.678878 0.507792 0.00217721
544 0.678878 0.507566 0.00191323
545 0.678878 0.511265 0.00212461
546 0.678878 0.512263 0.00232232
547 0.678878 0.51121 0.00177225
548 0.678878 0.514658 0.00182004
549 0.678878 0.514344 0.00176135
550 0.678878 0.514522 0.00153527
551 0.678878 0.512345 0.00170402
552 0.701793 0.520144 0.00217345
553 0.701793 0.514713 0.00209885
554 0.701793 0.514626 0.00199491
555 0.701793 0.516081 0.00202774
556 0.701793 0.515022 0.00196302
557 0.701793 0.512143 0.00182149
558 0.701793 0.513473 0.00195618
559 0.701793 0.514574 0.00219884
560 0.701793 0.514365 0.00186334
561 0.701793 0.517531 0.00212562
562 0.701793 0.514985 0.00195865
563 0.701793 0.515155 0.00199518
564 0.701793 0.512087 0.00172809
565 0.701793 0.510689 0.00212927
566 0.701793 0.516259 0.00202985
567 0.701793 0.519717 0.00209298
568 0.701793 0.518241 0.00224655
569 0.701793 0.515655 0.00210264
570 0.701793 0.517999 0.00219178
571 0.701793 0.515459 0.00206472
572 0.701793 0.515083 0.00219176
573 0.701793 0.516709 0.00236271
574 0.701793 0.512203 0.00208677
575 0.701793 0.509052 0.00209479
576 0.701793 0.511694 0.00198323
577 0.701793 0.514576 0.00187751
578 0.701793 0.514678 0.00184679
579 0.701793 0.512598 0.00209944
580 0.701793 0.515546 0.00194719
581 0.701793 0.516042 0.00207069
582 0.701793 0.513956 0.00236345
583 0.701793 0.513084 0.00209567
584 0.701793 0.506205 0.0021083
585 0.701793 0.509434 0.00193223
586 0.701793 0.508413 0.00217669
587 0.701793 0.513854 0.00219092
588 0.701793 0.509356 0.00189695
589 0.701793 0.50724 0.00188614
590 0.701793 0.508132 0.00186771
591 0.701793 0.50686 0.00198511
592 0.701793 0.5116 0.0017801
593 0.701793 0.514985 0.00183152
594 0.701793 0.518113 0.00223818
595 0.701793 0.512292 0.00211712
596 0.701793 0.512266 0.00231356
597 0.701793 0.517057 0.0023984
598 0.701793 0.51168 0.00224337
599 0.701793 0.514777 0.00197247
600 0.701793 0.51333 0.00218806
601 0.701793 0.512836 0.00224685
602 0.701793 0.513627 0.00226787
603 0.701793 0.515936 0.00213926
604 0.701793 0.518468 0.00209679
605 0.701793 0.522117 0.00225128
606 0.701793 0.52172 0.00234072
607 0.701793 0.519497 0.00226114
608 0.701793 0.519739 0.00213675
609 0.701793 0.520049 0.00212623
610 0.701793 0.520467 0.00258106
611 0.701793 0.513576 0.00234932
612 0.701793 0.516045 0.00208388
613 0.701793 0.519712 0.00240235
614 0.701793 0.5148 0.00219446
615 0.701793 0.515304 0.00188784
616 0.701793 0.515353 0.00184694
617 0.701793 0.51851 0.00204778
618 0.701793 0.515358 0.0022771
619 0.701793 0.511753 0.00190204
620 0.701793 0.517871 0.00211974
621 0.701793 0.516075 0.00195366
622 0.701793 0.5167 0.00214327
623 0.701793 0.52159 0.00201443
624 0.701793 0.516358 0.00205028
625 0.701793 0.515496 0.00228975
626 0.701793 0.510282 0.0023918
627 0.701793 0.512433 0.00211481
628 0.701793 0.512801 0.00184552
629 0.701793 0.510586 0.00191387
630 0.701793 0.516656 0.002496
631 0.701793 0.507338 0.00208698
632 0.701793 0.511232 0.00236485
633 0.701793 0.511918 0.00212988
634 0.701793 0.514131 0.00191713
635 0.701793 0.514478 0.0017459
636 0.701793 0.51624 0.00235014
637 0.701793 0.512517 0.00172577
638 0.701793 0.509973 0.00181853
639 0.701793 0.510947 0.00178522
640 0.701793 0.508445 0.00187547
641 0.701793 0.513103 0.00189522
642 0.701793 0.513721 0.00172044
643 0.701793 0.511917 0.00181492
644 0.701793 0.514526 0.00187595
645 0.701793 0.510271 0.00193993
646 0.701793 0.511272 0.0019371
647 0.701793 0.515208 0.00218237
648 0.701793 0.51572 0.00209907
649 0.701793 0.514983 0.00210087
650 0.701793 0.514573 0.00164911
651 0.701793 0.513585 0.00193919
652 0.701793 0.517546 0.00193726
653 0.701793 0.516836 0.00209632
654 0.701793 0.513712 0.00194712
655 0.701793 0.514429 0.00221522
656 0.701793 0.516625 0.00238598
657 0.701793 0.518214 0.00213637
658 0.701793 0.515604 0.00214859
659 0.701793 0.511151 0.00204206
660 0.701793 0.515279 0.00234213
661 0.701793 0.517219 0.00204775
662 0.701793 0.511982 0.00183145
663 0.701793 0.512305 0.00189893
664 0.701793 0.515032 0.00215869
665 0.701793 0.512023 0.00204824
666 0.701793 0.508189 0.00181104
667 0.701793 0.510558 0.00215066
668 0.701793 0.513985 0.00171275
669 0.701793 0.512107 0.00210275
670 0.701793 0.517793 0.00221869
671 0.701793 0.513818 0.0022115
672 0.701793 0.512 0.00210369
673 0.701793 0.510695 0.00210802
674 0.701793 0.517487 0.00200519
675 0.701793 0.514589 0.00210182
676 0.701793 0.513249 0.00186124
677 0.701793 0.516648 0.00218053
678 0.701793 0.511111 0.00195815
679 0.701793 0.519016 0.00215928
680 0.701793 0.511592 0.00223904
681 0.701793 0.514532 0.00214549
682 0.701793 0.512595 0.00213467
683 0.701793 0.51367 0.00205936
684 0.701793 0.513676 0.00182699
685 0.701793 0.514548 0.00234124
686 0.701793 0.519049 0.00206856
687 0.701793 0.519878 0.00217886
688 0.701793 0.512401 0.00210947
689 0.701793 0.511145 0.00193312
690 0.701793 0.514133 0.0021381
691 0.701793 0.514644 0.00202266
692 0.701793 0.510549 0.0019696
693 0.701793 0.5177 0.00207798
694 0.701793 0.514045 0.00181967
695 0.701793 0.511665 0.00210698
696 0.701793 0.512911 0.00195472
697 0.701793 0.515696 0.00172469
698 0.701793 0.513447 0.00185594
699 0.701793 0.510986 0.00171202
700 0.701793 0.518998 0.00217935
701 0.701793 0.518778 0.0020864
702 0.701793 0.511504 0.00200563
703 0.701793 0.515532 0.00216668
704 0.701793 0.516161 0.00210316
705 0.701793 0.51528 0.00221122
706 0.701793 0.51635 0.00186744
707 0.701793 0.515761 0.00175116
708 0.701793 0.5112 0.00167726
709 0.701793 0.510106 0.00173127
710 0.701793 0.512155 0.00180467
711 0.701793 0.515522 0.00199824
712 0.701793 0.512963 0.00176143
713 0.701793 0.51572 0.00176941
714 0.701793 0.510705 0.0017615
715 0.701793 0.516029 0.00229567
716 0.701793 0.5171 0.00182937
717 0.701793 0.511506 0.00207359
718 0.701793 0.512115 0.00170322
719 0.701793 0.516999 0.00190609
720 0.701793 0.514318 0.00200057
721 0.701793 0.511421 0.00198762
722 0.701793 0.514543 0.00208109
723 0.701793 0.513644 0.00215577
724 0.701793 0.508469 0.00204662
725 0.701793 0.515101 0.00190711
726 0.701793 0.513498 0.00199377
727 0.701793 0.512719 0.00226481
728 0.701793 0.516005 0.00194151
729 0.701793 0.513521 0.00217443
730 0.701793 0.511629 0.00212454
731 0.701793 0.517672 0.0020158
732 0.701793 0.516082 0.0025005
733 0.701793 0.510605 0.00225476
734 0.701793 0.51798 0.00209199
735 0.701793 0.517613 0.00227664
736 0.701793 0.511711 0.00197081
737 0.701793 0.509569 0.00218614
738 0.701793 0.513811 0.00200611
739 0.701793 0.515124 0.00207117
740 0.701793 0.513577 0.00195384
741 0.701793 0.513683 0.00312438
742 0.701793 0.511466 0.00230777
743 0.701793 0.516398 0.00231384
744 0.701793 0.510133 0.00209216
745 0.701793 0.511853 0.00224453
746 0.701793 0.512098 0.00217463
747 0.701793 0.512039 0.00218218
748 0.701793 0.511868 0.00196452
749 0.701793 0.513632 0.00219335
750 0.701793 0.519051 0.00232065
751 0.701793 0.512139 0.00243825
752 0.701793 0.514256 0.00228801
753 0.701793 0.515368 0.00263147
754 0.701793 0.512626 0.00217878
755 0.701793 0.514053 0.00237587
756 0.701793 0.516632 0.00204892
757 0.701793 0.511581 0.00206732
758 0.701793 0.510097 0.00187336
759 0.701793 0.515001 0.00223093
760 0.701793 0.510678 0.00210462
761 0.701793 0.514099 0.00222063
762 0.701793 0.516226 0.00266107
763 0.701793 0.514459 0.00221176
764 0.701793 0.516445 0.00273659
765 0.701793 0.507864 0.00203958
766 0.701793 0.507392 0.00218598
767 0.701793 0.510151 0.0020404
768 0.701793 0.517899 0.00228041
769 0.701793 0.507193 0.00216673
770 0.701793 0.514 0.00217863
771 0.701793 0.50737 0.00200081
772 0.701793 0.513701 0.00258711
773 0.701793 0.513789 0.00226158
774 0.701793 0.514996 0.00209008
775 0.701793 0.516189 0.00216661
776 0.701793 0.519227 0.00276706
777 0.701793 0.510647 0.00217941
778 0.701793 0.511617 0.00211017
779 0.701793 0.51348 0.00242059
780 0.701793 0.51647 0.00230069
781 0.701793 0.511038 0.00219107
782 0.701793 0.516967 0.00238441
783 0.701793 0.517086 0.0027411
784 0.701793 0.515172 0.00245882
785 0.701793 0.513623 0.0026197
786 0.701793 0.512795 0.00214093
787 0.701793 0.514323 0.0023686
788 0.701793 0.516049 0.0023663
789 0.701793 0.515059 0.00244052
790 0.701793 0.517208 0.00221551
791 0.701793 0.510955 0.00220482
792 0.701793 0.51296 0.00223551
793 0.701793 0.512201 0.00223035
794 0.701793 0.516051 0.0021585
795 0.701793 0.509576 0.0023357
796 0.701793 0.51023 0.00222112
797 0.701793 0.518986 0.00236346
798 0.701793 0.516248 0.00234657
799 0.701793 0.513862 0.00243995
800 0.701793 0.512528 0.0023887
801 0.701793 0.512661 0.00229626
802 0.701793 0.51208 0.00236586
803 0.702602 0.51375 0.00257953
804 0.702602 0.511344 0.00239543
805 0.702602 0.514721 0.0025294
806 0.702602 0.510593 0.00206543
807 0.702602 0.515853 0.00208878
808 0.702602 0.514871 0.00209707
809 0.702602 0.508428 0.00234052
810 0.702602 0.514581 0.00210544
811 0.702602 0.512026 0.00205861
812 0.702602 0.51594 0.00203949
813 0.702602 0.512062 0.00219122
814 0.702602 0.508244 0.00236436
815 0.702602 0.515873 0.00198318
816 0.702602 0.512179 0.00208954
817 0.702602 0.509196 0.00201766
818 0.702602 0.511922 0.0021217
819 0.702602 0.51124 0.0024043
820 0.702602 0.510711 0.00219871
821 0.702602 0.515361 0.00230696
822 0.702602 0.510407 0.00195097
823 0.702602 0.508448 0.00231055
824 0.702602 0.512009 0.00230032
825 0.702602 0.510335 0.00185571
826 0.702602 0.509505 0.00228772
827 0.702602 0.514297 0.00230687
828 0.702602 0.517054 0.00234595
829 0.702602 0.512019 0.0021844
830 0.702602 0.512711 0.00215964
831 0.702602 0.514449 0.00251127
832 0.702602 0.511823 0.00215158
833 0.702602 0.511393 0.00225955
834 0.702602 0.510126 0.00212602
835 0.702602 0.514658 0.00223037
836 0.702602 0.512982 0.00216866
837 0.702602 0.516763 0.00255642
838 0.702602 0.513114 0.00272206
839 0.702602 0.513082 0.0024699
840 0.702602 0.513109 0.00230981
841 0.702602 0.515225 0.00223347
842 0.702602 0.51239 0.00204851
843 0.702602 0.5109 0.00188904
844 0.702602 0.515713 0.00242233
845 0.702602 0.509831 0.00220986
846 0.702602 0.51282 0.00263005
847 0.702602 0.510366 0.00297731
848 0.702602 0.512701 0.00232763
849 0.702602 0.513667 0.00229043
850 0.702602 0.516615 0.00224238
851 0.702602 0.513271 0.00230384
852 0.702602 0.50945 0.0024221
853 0.702602 0.511469 0.00209506
854 0.702602 0.51495 0.00224785
855 0.702602 0.514786 0.00252649
856 0.702602 0.517959 0.00221258
857 0.702602 0.52175 0.00276121
858 0.702602 0.515832 0.00248818
859 0.702602 0.516104 0.00259637
860 0.702602 0.519497 0.00231272
861 0.702602 0.519392 0.00224823
862 0.702602 0.51639 0.0022756
863 0.702602 0.515525 0.00235241
864 0.704332 0.522583 0.00286172
865 0.704332 0.516865 0.00262344
866 0.704332 0.51318 0.00224312
867 0.704332 0.5135 0.00283541
868 0.704332 0.515642 0.00252822
869 0.704332 0.514426 0.00240015
870 0.704332 0.512132 0.00266615
871 0.704332 0.512781 0.00223203
872 0.704332 0.51582 0.00263972
873 0.704332 0.515822 0.00231363
874 0.704332 0.516041 0.00213332
875 0.704332 0.513048 0.0023046
876 0.704332 0.515319 0.00229205
877 0.704332 0.519103 0.00259055
878 0.704332 0.518722 0.00243887
879 0.704332 0.515261 0.00240723
880 0.704332 0.518714 0.00261906
881 0.704332 0.518158 0.00259442
882 0.704332 0.518884 0.00263032
883 0.704332 0.519812 0.00246405
884 0.704332 0.519078 0.00236991
885 0.704332 0.520505 0.00237737
886 0.704332 0.519324 0.00220228
887 0.704332 0.515059 0.00244894
888 0.704332 0.516052 0.00246389
889 0.704332 0.515807 0.00239873
890 0.704332 0.516899 0.00249918
891 0.704332 0.510768 0.00247526
892 0.704332 0.509889 0.00229188
893 0.704332 0.51322 0.00222178
894 0.704332 0.509286 0.0023467
895 0.704332 0.515522 0.00252058
896 0.704332 0.514799 0.00249745
897 0.707851 0.515981 0.00283064
898 0.707851 0.516714 0.00258663
899 0.707851 0.518615 0.0027809
900 0.707851 0.518609 0.00245518
901 0.707851 0.516666 0.00292558
902 0.707851 0.516106 0.00279063
903 0.707851 0.515483 0.00227323
904 0.707851 0.518055 0.00246037
905 0.707851 0.514188 0.00230781
906 0.707851 0.517652 0.00261908
907 0.707851 0.516046 0.00237586
908 0.707851 0.51786 0.00222147
909 0.707851 0.519011 0.00231413
910 0.707851 0.515052 0.00224132
911 0.707851 0.513396 0.00237127
912 0.707851 0.509526 0.00247331
913 0.707851 0.510418 0.00228408
914 0.707851 0.515808 0.00235667
915 0.707851 0.516889 0.00239088
916 0.707851 0.520197 0.00241443
917 0.707851 0.510892 0.0021636
918 0.707851 0.512248 0.00213619
919 0.707851 0.512734 0.0022587
920 0.730539 0.508943 0.00267226
921 0.730539 0.513548 0.00205016
922 0.730539 0.511889 0.00228303
923 0.730539 0.512825 0.00215022
924 0.730539 0.514596 0.00265907
925 0.730539 0.508798 0.00216048
926 0.730539 0.5153 0.0024838
927 0.730539 0.513977 0.0022461
928 0.730539 0.515414 0.00250684
929 0.730539 0.515704 0.00244539
930 0.730539 0.517195 0.00264509
931 0.730539 0.517974 0.00272287
932 0.730539 0.51799 0.00260427
933 0.730539 0.509535 0.00254454
934 0.730539 0.513802 0.00232027
935 0.730539 0.514264 0.00270151
936 0.730539 0.51589 0.00250865
937 0.730539 0.513436 0.0024248
938 0.730539 0.511845 0.00250241
939 0.730539 0.516075 0.00232945
940 0.730539 0.517051 0.00233264
941 0.730539 0.513922 0.00222868
942 0.730539 0.511768 0.0024614
943 0.730539 0.513309 0.00222558
944 0.730539 0.514994 0.00250122
945 0.730539 0.514823 0.00253635
946 0.730539 0.513805 0.00239438
947 0.730539 0.516733 0.00255297
948 0.730539 0.517057 0.00244032
949 0.730539 0.515261 0.00263051
950 0.730539 0.512474 0.00267916
951 0.730539 0.51344 0.00246114
952 0.730539 0.510495 0.00224337
953 0.730539 0.514133 0.00234153
954 0.730539 0.514673 0.00240683
955 0.730539 0.511242 0.00270002
956 0.730539 0.516746 0.00270109
957 0.730539 0.514754 0.00265839
958 0.730539 0.515703 0.00269493
959 0.730539 0.515919 0.00256225
960 0.730539 0.515375 0.00303928
961 0.730539 0.520345 0.00275864
962 0.730539 0.513206 0.00290058
963 0.730539 0.516419 0.00273465
964 0.730539 0.516823 0.00257535
965 0.730539 0.510664 0.00222314
966 0.730539 0.513896 0.00233556
967 0.730539 0.514339 0.00243595
968 0.730539 0.517352 0.00233425
969 0.730539 0.512555 0.00288257
970 0.730539 0.512687 0.00274572
971 0.730539 0.517521 0.00244649
972 0.730539 0.516627 0.00265289
973 0.730539 0.519185 0.00236999
974 0.730539 0.517745 0.00253703
975 0.730539 0.515397 0.00266485
976 0.730539 0.508841 0.00226777
977 0.730539 0.51389 0.00256434
978 0.730539 0.51568 0.00238745
979 0.730539 0.514729 0.00223666
980 0.730539 0.515197 0.00229865
981 0.730539 0.51351 0.00229457
982 0.730539 0.514115 0.00213312
983 0.730539 0.513583 0.00225827
984 0.730539 0.519913 0.00291815
985 0.730539 0.516118 0.00246351
986 0.730539 0.518913 0.00262849
987 0.730539 0.515502 0.00239429
988 0.730539 0.516435 0.00236298
989 0.730539 0.515482 0.00257313
990 0.730539 0.512367 0.00279657
991 0.730539 0.51425 0.00225371
992 0.730539 0.511582 0.00237883
993 0.730539 0.514472 0.00255982
994 0.730539 0.515061 0.0023471
995 0.730539 0.5161 0.00238516
996 0.730539 0.510985 0.0022695
997 0.730539 0.512815 0.00264814
998 0.730539 0.51401 0.00249429
999 0.730539 0.511551 0.00238022
1000 0.730539 0.518343 0.00265861
1001 0.730539 0.513468 0.00275342
1002 0.730539 0.520772 0.00261228
1003 0.730539 0.51823 0.00272714
1004 0.730539 0.519501 0.00246913
1005 0.730539 0.521196 0.00322682
1006 0.730539 0.51088 0.00282256
1007 0.730539 0.513704 0.00282767
1008 0.730539 0.516195 0.00292216
1009 0.730539 0.513144 0.00371994
1010 0.730539 0.505273 0.00301322
1011 0.730539 0.518002 0.00300102
1012 0.730539 0.5208 0.00311278
1013 0.730539 0.515423 0.00278606
1014 0.730539 0.514592 0.00316096
1015 0.730539 0.516431 0.00280578
1016 0.730539 0.517569 0.00310832
1017 0.730539 0.513307 0.00269643
1018 0.730539 0.517288 0.00250249
1019 0.730539 0.516025 0.0024711
1020 0.730539 0.516103 0.00293062
1021 0.730539 0.513898 0.00260841
1022 0.730539 0.514937 0.00261558
1023 0.730539 0.509335 0.00290349
1024 0.730539 0.516052 0.00251332
1025 0.730539 0.511239 0.00271868
1026 0.730539 0.510004 0.00264112
1027 0.730539 0.515505 0.00269681
1028 0.730539 0.515155 0.00290441
1029 0.730539 0.508855 0.00268973
1030 0.730539 0.505658 0.00265363
1031 0.730539 0.514324 0.00269381
1032 0.730539 0.514653 0.00284922
1033 0.730539 0.516909 0.00268215
1034 0.730539 0.515029 0.00307706
1035 0.730539 0.510219 0.0027827
1036 0.730539 0.516748 0.00289912
1037 0.730539 0.516558 0.00281975
1038 0.730539 0.519028 0.00293079
1039 0.730539 0.516011 0.00281587
1040 0.730539 0.512623 0.00294565
1041 0.730539 0.518261 0.00274115
1042 0.730539 0.51835 0.00263118
1043 0.730539 0.514304 0.00341604
1044 0.730539 0.511441 0.00284924
1045 0.730539 0.519863 0.0034896
1046 0.730539 0.514033 0.00234274
1047 0.730539 0.516785 0.00281192
1048 0.730539 0.51318 0.00255691
1049 0.730539 0.516306 0.00248195
1050 0.730539 0.517606 0.00268195
1051 0.730539 0.515171 0.00289507
1052 0.730539 0.515941 0.00271061
1053 0.730539 0.516062 0.00230426
1054 0.730539 0.515499 0.00295838
1055 0.730539 0.517745 0.0029377
1056 0.730539 0.5149 0.00243828
1057 0.730539 0.519818 0.00302222
1058 0.730539 0.518002 0.00255767
1059 0.730539 0.520533 0.00232814
1060 0.730539 0.515425 0.00235076
1061 0.730539 0.516556 0.00240401
1062 0.730539 0.517969 0.00228484
1063 0.730539 0.515979 0.00263042
1064 0.730539 0.51343 0.0025885
1065 0.730539 0.516963 0.00267191
1066 0.730539 0.512711 0.0026751
1067 0.730539 0.520535 0.0024905
1068 0.730539 0.525578 0.00315904
1069 0.730539 0.520515 0.00274372
1070 0.730539 0.520778 0.00287568
1071 0.730539 0.51783 0.00333234
1072 0.730539 0.514295 0.00269375
1073 0.730539 0.518828 0.00275386
1074 0.730539 0.517072 0.0025224
1075 0.730539 0.512407 0.00276913
1076 0.730539 0.517091 0.00278022
1077 0.730539 0.515213 0.00283343
1078 0.730539 0.515641 0.00260114
1079 0.730539 0.510674 0.00262942
1080 0.730539 0.517519 0.00257281
1081 0.730539 0.519443 0.00257391
1082 0.730539 0.521145 0.00225679
1083 0.730539 0.520517 0.00244456
1084 0.730539 0.518448 0.00246387
1085 0.730539 0.515309 0.00261996
1086 0.730539 0.513218 0.00245721
1087 0.730539 0.515986 0.00246008
1088 0.730539 0.516289 0.00266452
1089 0.730539 0.522018 0.00246367
1090 0.730539 0.515656 0.00259497
1091 0.730539 0.517532 0.00265299
1092 0.730539 0.511863 0.00261118
1093 0.730539 0.517231 0.00285058
1094 0.730539 0.519895 0.00325515
1095 0.730539 0.517194 0.00249332
1096 0.730539 0.516777 0.00314081
1097 0.730539 0.519045 0.0029079
1098 0.730539 0.516233 0.00224455
1099 0.730539 0.515455 0.00253304
1100 0.730539 0.51969 0.00232348
1101 0.730539 0.513986 0.0024143
1102 0.730539 0.516954 0.00253143
1103 0.730539 0.514188 0.00235243
1104 0.730539 0.512934 0.00279684
1105 0.730539 0.509906 0.00245065
1106 0.730539 0.51453 0.00258628
1107 0.730539 0.516909 0.00261566
1108 0.730539 0.513619 0.00246451
1109 0.730539 0.514145 0.00279635
1110 0.730539 0.516182 0.00239708
1111 0.730539 0.513178 0.00268613
1112 0.730539 0.512595 0.00265517
1113 0.730539 0.513652 0.00245527
1114 0.730539 0.515127 0.00247249
1115 0.730539 0.517934 0.00254759
1116 0.730539 0.514689 0.00250952
1117 0.730539 0.5128 0.00251539
1118 0.730539 0.513827 0.00255142
1119 0.730539 0.508131 0.00258626
1120 0.730539 0.515234 0.00284838
1121 0.730539 0.515554 0.00289579
1122 0.730539 0.515743 0.00263369
1123 0.730539 0.511859 0.00255831
1124 0.730539 0.520071 0.00281996
1125 0.730539 0.518374 0.0024642
1126 0.730539 0.51521 0.00225717
1127 0.730539 0.511 0.00241698
1128 0.730539 0.513048 0.00243754
1129 0.730539 0.512883 0.00284778
1130 0.730539 0.512394 0.00252858
1131 0.730539 0.512105 0.00256409
1132 0.730539 0.512896 0.00237636
1133 0.730539 0.516019 0.00264212
1134 0.730539 0.511046 0.002425
1135 0.730539 0.516615 0.00271057
1136 0.730539 0.515865 0.00275729
1137 0.730539 0.517763 0.00280426
1138 0.730539 0.514361 0.00271799
1139 0.730539 0.510804 0.00245909
1140 0.730539 0.513702 0.00257162
1141 0.730539 0.511088 0.00245399
1142 0.730539 0.511311 0.00258195
1143 0.730539 0.510501 0.00265632
1144 0.730539 0.511414 0.00287565
1145 0.730539 0.515692 0.00342295
1146 0.730539 0.512404 0.00319386
1147 0.730539 0.511877 0.0025627
1148 0.730539 0.514889 0.00251654
1149 0.730539 0.512442 0.00272721
1150 0.730539 0.51735 0.00289005
1151 0.730539 0.517681 0.00312572
1152 0.730539 0.516175 0.00256389
1153 0.730539 0.51086 0.00259984
1154 0.730539 0.514631 0.00300683
1155 0.730539 0.51486 0.00255159
1156 0.730539 0.519119 0.00274227
1157 0.730539 0.514699 0.00238378
1158 0.730539 0.514774 0.00285516
1159 0.730539 0.51374 0.00247823
1160 0.730539 0.515866 0.00272365
1161 0.730539 0.514081 0.00247672
1162 0.730539 0.513125 0.0025544
1163 0.730539 0.515502 0.00237369
1164 0.730539 0.516194 0.00249752
1165 0.730539 0.512788 0.00279442
1166 0.730539 0.516022 0.00271697
1167 0.730539 0.517295 0.00245085
1168 0.730539 0.518508 0.00281921
1169 0.730539 0.513686 0.00265999
1170 0.730539 0.517859 0.00326386
1171 0.730539 0.517616 0.00294209
1172 0.730539 0.518008 0.00315213
1173 0.730539 0.517895 0.00300155
1174 0.730539 0.514043 0.00258453
1175 0.730539 0.515138 0.00276969
1176 0.730539 0.517084 0.00239518
1177 0.730539 0.513542 0.00254195
1178 0.730539 0.513645 0.00281408
1179 0.730539 0.509187 0.00254079
1180 0.730539 0.513081 0.00245614
1181 0.730539 0.516698 0.00279077
1182 0.730539 0.514235 0.00255528
1183 0.730539 0.510452 0.0026501
1184 0.730539 0.512426 0.00264689
1185 0.730539 0.516551 0.00300502
1186 0.730539 0.512579 0.00274657
1187 0.730539 0.51645 0.00241425
1188 0.730539 0.512744 0.00231747
1189 0.730539 0.513861 0.00237814
1190 0.730539 0.515798 0.0028595
1191 0.730539 0.51073 0.00248781
1192 0.730539 0.514142 0.00241121
1193 0.730539 0.513312 0.00271878
1194 0.730539 0.515937 0.00288887
1195 0.730539 0.514694 0.00267985
1196 0.730539 0.511951 0.0025754
1197 0.730539 0.514043 0.0029555
1198 0.730539 0.510718 0.00267095
1199 0.730539 0.515976 0.00264705
1200 0.730539 0.514129 0.00248629
1201 0.730539 0.515528 0.00291311
1202 0.730539 0.514957 0.00253985
1203 0.730539 0.513895 0.00253079
1204 0.730539 0.514582 0.00277175
1205 0.730539 0.515381 0.00250627
1206 0.730539 0.511969 0.00243767
1207 0.730539 0.516546 0.00242641
1208 0.730539 0.512417 0.00267942
1209 0.730539 0.515692 0.00267858
1210 0.730539 0.515772 0.00293336
1211 0.730539 0.520486 0.00264741
1212 0.730539 0.524128 0.00276298
1213 0.730539 0.514597 0.00253203
1214 0.730539 0.516454 0.00266205
1215 0.730539 0.520771 0.00262565
1216 0.730539 0.512418 0.00253076
1217 0.730539 0.516008 0.00268662
1218 0.730539 0.522083 0.00331899
1219 0.730539 0.518672 0.00284675
1220 0.730539 0.514494 0.00298783
1221 0.730539 0.514422 0.00291046
1222 0.730539 0.511289 0.00293684
1223 0.730539 0.512478 0.00320447
1224 0.730539 0.521494 0.0027084
1225 0.730539 0.512604 0.00302611
1226 0.730539 0.519604 0.00268592
1227 0.730539 0.509379 0.0028518
1228 0.730539 0.516412 0.00303716
1229 0.730539 0.519063 0.00314776
1230 0.730539 0.520689 0.00282448
1231 0.730539 0.514642 0.00253987
1232 0.730539 0.514689 0.00251076
1233 0.730539 0.51807 0.00291098
1234 0.730539 0.515628 0.00283758
1235 0.730539 0.512524 0.00264446
1236 0.730539 0.51622 0.00282506
1237 0.730539 0.51365 0.00258575
1238 0.730539 0.521961 0.00256057
1239 0.730539 0.519008 0.00320374
1240 0.730539 0.512117 0.00259122
1241 0.730539 0.511168 0.00272998
1242 0.730539 0.517919 0.00298344
1243 0.730539 0.515766 0.00270414
1244 0.730539 0.508853 0.00287833
1245 0.730539 0.510645 0.00267954
1246 0.730539 0.514905 0.00259531
1247 0.730539 0.513318 0.00265964
1248 0.730539 0.515256 0.0033831
1249 0.730539 0.512875 0.00286589
1250 0.730539 0.51009 0.00296699
1251 0.730539 0.51312 0.00287419
1252 0.730539 0.513873 0.00265777
1253 0.730539 0.516897 0.00334006
1254 0.730539 0.517484 0.00334664
1255 0.730539 0.516915 0.00365735
1256 0.730539 0.522505 0.00309561
1257 0.730539 0.519123 0.00342275
1258 0.730539 0.518977 0.00287323
1259 0.730539 0.511836 0.0026513
1260 0.730539 0.516797 0.00286396
1261 0.730539 0.519075 0.00300799
1262 0.730539 0.515788 0.00262748
1263 0.730539 0.515629 0.00269541
1264 0.730539 0.514172 0.00291101
1265 0.730539 0.514391 0.00361131
1266 0.730539 0.514922 0.00280526
1267 0.730539 0.511954 0.00285079
1268 0.730539 0.520088 0.00301946
1269 0.730539 0.509333 0.00280242
1270 0.730539 0.514987 0.00277789
1271 0.730539 0.516426 0.00269414
1272 0.730539 0.517238 0.00302347
1273 0.730539 0.512779 0.00286629
1274 0.730539 0.513018 0.00275411
1275 0.730539 0.515472 0.00281806
1276 0.730539 0.513292 0.00297434
1277 0.730539 0.515284 0.00307977
1278 0.730539 0.514254 0.00306254
1279 0.730539 0.510488 0.00327597
1280 0.730539 0.513958 0.0030998
1281 0.730539 0.520123 0.00306956
1282 0.730539 0.525087 0.00336827
1283 0.730539 0.514813 0.00315368
1284 0.730539 0.520556 0.00281257
1285 0.730539 0.512601 0.00282847
1286 0.730539 0.519595 0.00328442
1287 0.730539 0.514328 0.0028698
1288 0.730539 0.515501 0.0026284
1289 0.730539 0.514521 0.00299216
1290 0.730539 0.514975 0.0029933
1291 0.730539 0.518699 0.00310335
1292 0.730539 0.515268 0.00312319
1293 0.730539 0.518287 0.00335763
1294 0.730539 0.515791 0.0027822
1295 0.730539 0.520214 0.00310009
1296 0.730539 0.511399 0.00270203
1297 0.730539 0.51672 0.00283343
1298 0.730539 0.514845 0.00316312
1299 0.730539 0.517507 0.00312187
1300 0.730539 0.511148 0.00286415
1301 0.730539 0.509631 0.00279404
1302 0.730539 0.519159 0.00299253
1303 0.730539 0.518578 0.00289029
1304 0.730539 0.514847 0.00320243
1305 0.730539 0.513527 0.00322665
1306 0.730539 0.516927 0.00297369
1307 0.730539 0.514163 0.00332423
1308 0.730539 0.512295 0.00289626
1309 0.730539 0.515058 0.00290305
1310 0.730539 0.517122 0.0027169
1311 0.730539 0.515144 0.00332302
1312 0.730539 0.523052 0.00347708
1313 0.730539 0.51225 0.00264996
1314 0.730539 0.516551 0.00280213
1315 0.730539 0.512516 0.00304319
1316 0.730539 0.519129 0.00325434
1317 0.730539 0.513527 0.00316668
1318 0.730539 0.516194 0.00310964
1319 0.730539 0.512467 0.00269968
1320 0.730539 0.515865 0.00293405
1321 0.730539 0.516967 0.00259809
1322 0.730539 0.511315 0.00253568
1323 0.730539 0.515211 0.00294017
1324 0.730539 0.515095 0.00294315
1325 0.730539 0.51782 0.00253467
1326 0.730539 0.514476 0.00240958
1327 0.730539 0.511937 0.00273517
1328 0.730539 0.51091 0.00278411
1329 0.730539 0.513273 0.00281485
1330 0.730539 0.514349 0.00275689
1331 0.730539 0.516743 0.00275928
1332 0.730539 0.51355 0.00291067
1333 0.730539 0.517059 0.00268506
1334 0.730539 0.514998 0.00289098
1335 0.730539 0.517152 0.00311745
1336 0.730539 0.516667 0.00277463
1337 0.730539 0.516766 0.0026797
1338 0.730539 0.515148 0.00314323
1339 0.730539 0.512621 0.00330778
1340 0.730539 0.509224 0.00280928
1341 0.730539 0.511052 0.00249293
1342 0.730539 0.515579 0.0024773
1343 0.730539 0.51474 0.00289242
1344 0.730539 0.510788 0.00318628
1345 0.730539 0.51249 0.00318135
1346 0.730539 0.513553 0.00332925
1347 0.730539 0.513509 0.00273801
1348 0.730539 0.515153 0.00318466
1349 0.730539 0.513943 0.00290843
1350 0.730539 0.515579 0.00316022
1351 0.730539 0.515953 0.00268737
1352 0.730539 0.517766 0.0026004
1353 0.730539 0.513918 0.00294711
1354 0.732944 0.515172 0.00321259
1355 0.732944 0.519675 0.00329205
1356 0.732944 0.516768 0.00374815
1357 0.732944 0.518502 0.003005
1358 0.732944 0.517809 0.00390938
1359 0.732944 0.516769 0.0031322
1360 0.732944 0.513549 0.0029018
1361 0.732944 0.510295 0.00260217
1362 0.732944 0.512584 0.00275502
1363 0.732944 0.514642 0.0025215
1364 0.732944 0.512628 0.00283816
1365 0.732944 0.512694 0.00290696
1366 0.732944 0.519521 0.00294431
1367 0.732944 0.516204 0.00290082
1368 0.732944 0.522712 0.00289668
1369 0.732944 0.520059 0.00271233
1370 0.732944 0.517441 0.00301032
1371 0.732944 0.516947 0.00258834
1372 0.732944 0.510079 0.00273275
1373 0.732944 0.5132 0.00279432
1374 0.732944 0.512613 0.0029764
1375 0.732944 0.513607 0.00285426
1376 0.732944 0.514658 0.00293565
1377 0.732944 0.511341 0.00295708
1378 0.732944 0.516039 0.00278555
1379 0.732944 0.517188 0.00312154
1380 0.732944 0.515809 0.00282792
1381 0.732944 0.513673 0.00290234
1382 0.732944 0.509845 0.00299466
1383 0.732944 0.514046 0.00295056
1384 0.732944 0.51522 0.00282597
1385 0.732944 0.51738 0.00292249
1386 0.732944 0.51157 0.00288322
1387 0.732944 0.512485 0.0025118
1388 0.732944 0.510485 0.00288351
1389 0.732944 0.51177 0.00258104
1390 0.732944 0.522051 0.00351537
1391 0.732944 0.515834 0.00329883
1392 0.732944 0.517514 0.00300227
1393 0.736802 0.519278 0.00305059
1394 0.736802 0.514889 0.00301873
1395 0.736802 0.513678 0.00298584
1396 0.736802 0.507976 0.00308735
1397 0.736802 0.510919 0.00260377
1398 0.736802 0.516047 0.00287549
1399 0.736802 0.511928 0.00255588
1400 0.736802 0.518057 0.00304135
1401 0.736802 0.515363 0.00288727
1402 0.736802 0.516562 0.00301825
1403 0.736802 0.515187 0.00304114
1404 0.736802 0.512756 0.00278274
1405 0.736802 0.51693 0.00274156
1406 0.736802 0.51644 0.00271821
1407 0.736802 0.516878 0.00279069
1408 0.736802 0.512777 0.00280258
1409 0.736802 0.513527 0.00290297
1410 0.736802 0.5155 0.00296306
1411 0.736802 0.509882 0.00293686
1412 0.736802 0.522754 0.00315675
1413 0.736802 0.52451 0.00317225
1414 0.736802 0.521648 0.00313574
1415 0.736802 0.518114 0.00309398
1416 0.736802 0.518677 0.00352313
1417 0.736802 0.517101 0.00264667
1418 0.736802 0.514242 0.00266751
1419 0.736802 0.516739 0.00283614
1420 0.736802 0.518824 0.00277609
1421 0.736802 0.520293 0.00314915
1422 0.736802 0.512738 0.00292465
1423 0.736802 0.515372 0.00286494
1424 0.736802 0.520753 0.00308454
1425 0.736802 0.517654 0.00297466
1426 0.736802 0.515824 0.00274519
1427 0.736802 0.519325 0.00311005
1428 0.736802 0.514127 0.0031655
1429 0.736802 0.516696 0.00313989
1430 0.736802 0.514643 0.00326135
1431 0.736802 0.515452 0.00309313
1432 0.736802 0.520123 0.00295423
1433 0.736802 0.522953 0.00332785
1434 0.736802 0.518108 0.00257975
1435 0.736802 0.519177 0.00333238
1436 0.736802 0.515091 0.00302526
1437 0.736802 0.50852 0.00267205
1438 0.736802 0.512309 0.00301026
1439 0.736802 0.51732 0.002743
1440 0.736802 0.514889 0.00273309
1441 0.736802 0.521439 0.00284308
1442 0.736802 0.516923 0.0028149
1443 0.736802 0.512843 0.00314781
1444 0.736802 0.515873 0.00309234
1445 0.736802 0.51634 0.00307001
1446 0.736802 0.515198 0.00273688
1447 0.736802 0.510182 0.00277122
1448 0.736802 0.508645 0.00260302
1449 0.736802 0.52209 0.00303909
1450 0.736802 0.519248 0.00338557
1451 0.736802 0.516951 0.0029712
1452 0.736802 0.51467 0.00323927
1453 0.736802 0.514956 0.00333781
1454 0.736802 0.511019 0.00286083
1455 0.736802 0.51136 0.00307749
1456 0.736802 0.515519 0.00269866
1457 0.736802 0.510014 0.00283261
1458 0.736802 0.517521 0.00324246
1459 0.736802 0.521745 0.00286185
1460 0.736802 0.519607 0.00300733
1461 0.736802 0.521099 0.00302441
1462 0.736802 0.517177 0.00292606
1463 0.736802 0.518146 0.00306501
1464 0.736802 0.518843 0.00295335
1465 0.736802 0.517224 0.00314562
1466 0.736802 0.519468 0.00328565
1467 0.736802 0.517869 0.00313442
1468 0.736802 0.516787 0.00313588
1469 0.736802 0.5172 0.00269955
1470 0.736802 0.517912 0.00301576
1471 0.736802 0.512292 0.00259093
1472 0.736802 0.51391 0.00260715
1473 0.736802 0.515155 0.00369251
1474 0.736802 0.515194 0.00286248
1475 0.736802 0.513382 0.00285757
1476 0.736802 0.519152 0.00280569
1477 0.736802 0.519563 0.00330686
1478 0.736802 0.514588 0.00278323
1479 0.736802 0.515956 0.00299814
1480 0.736802 0.514272 0.00318321
1481 0.736802 0.513662 0.00307204
1482 0.736802 0.516578 0.00277169
1483 0.736802 0.518743 0.00276955
1484 0.736802 0.514897 0.00294607
1485 0.736802 0.518736 0.00292571
1486 0.736802 0.513297 0.00267917
1487 0.736802 0.516596 0.00270707
1488 0.736802 0.518654 0.0031076
1489 0.736802 0.513066 0.00278819
1490 0.736802 0.513681 0.00317158
1491 0.736802 0.515625 0.00279771
1492 0.736802 0.517449 0.0029901
1493 0.736802 0.517182 0.00265902
1494 0.736802 0.519567 0.00295078
1495 0.736802 0.517108 0.00301999
1496 0.736802 0.514215 0.00278309
1497 0.736802 0.516321 0.00304123
1498 0.736802 0.515352 0.00274057
1499 0.736802 0.513445 0.00261643
1500 0.736802 0.512364 0.00302324
1501 0.736802 0.514476 0.0032758
1502 0.736802 0.510427 0.00263242
1503 0.736802 0.516794 0.00291712
1504 0.736802 0.518438 0.00259103
1505 0.736802 0.516576 0.00273605
1506 0.736802 0.515957 0.00295195
1507 0.736802 0.512277 0.00278665
1508 0.736802 0.520067 0.00285968
1509 0.736802 0.513874 0.0029411
1510 0.736802 0.513299 0.00310208
1511 0.736802 0.514969 0.00315305
1512 0.736802 0.5181 0.00292574
1513 0.736802 0.51629 0.00320049
1514 0.736802 0.518201 0.00314258
1515 0.736802 0.520399 0.00351086
1516 0.736802 0.513456 0.00304422
1517 0.736802 0.517079 0.00324322
1518 0.736802 0.524561 0.00293187
1519 0.736802 0.516052 0.00303648
1520 0.736802 0.51822 0.00260859
1521 0.736802 0.518564 0.00314467
1522 0.736802 0.51904 0.0035157
1523 0.74129 0.522608 0.00331132
1524 0.74129 0.514344 0.00283371
1525 0.74129 0.519039 0.00282886
1526 0.74129 0.515667 0.00300615
1527 0.74129 0.516352 0.00309752
1528 0.74129 0.5139 0.00298995
1529 0.74129 0.514464 0.00329091
1530 0.74129 0.519542 0.00358183
1531 0.74129 0.518321 0.00289773
1532 0.74129 0.518726 0.00281177
1533 0.74129 0.522804 0.00299248
1534 0.74129 0.515433 0.00336324
1535 0.74129 0.514959 0.00287114
1536 0.74129 0.517131 0.00316127
1537 0.74129 0.517919 0.00306059
1538 0.74129 0.515431 0.0030917
1539 0.74129 0.518131 0.00268387
1540 0.74129 0.51665 0.00317266
1541 0.74129 0.512206 0.00277417
1542 0.74129 0.518195 0.00307098
1543 0.74129 0.515224 0.00284251
1544 0.74129 0.518919 0.00332571
1545 0.74129 0.513962 0.00334602
1546 0.74129 0.513908 0.00339298
1547 0.74129 0.510298 0.00258853
1548 0.74129 0.513089 0.00267281
1549 0.74129 0.516689 0.00250924
1550 0.74129 0.518665 0.00275433
1551 0.74129 0.52142 0.00337453
1552 0.74129 0.522644 0.00260762
1553 0.74129 0.52033 0.00304156
1554 0.74129 0.518218 0.00310001
1555 0.74129 0.518192 0.00311195
1556 0.74129 0.521074 0.00377143
1557 0.74129 0.51764 0.00286695
1558 0.74129 0.510875 0.00271341
1559 0.74129 0.51487 0.00317684
1560 0.74129 0.518606 0.00338784
1561 0.74129 0.519391 0.00330201
1562 0.74129 0.517873 0.00290465
1563 0.74129 0.513862 0.00282624
1564 0.74129 0.513782 0.00315427
1565 0.74129 0.512502 0.0030703
1566 0.74129 0.515641 0.00289932
1567 0.74129 0.510952 0.00309537
1568 0.74129 0.515789 0.00311952
1569 0.74129 0.520299 0.00312328
1570 0.74129 0.518917 0.00290121
1571 0.74129 0.518481 0.00294364
1572 0.74129 0.51194 0.00311096
1573 0.74129 0.516154 0.00307923
1574 0.74129 0.512685 0.00274151
1575 0.74129 0.515938 0.00291891
1576 0.74129 0.517087 0.0027021
1577 0.74129 0.514734 0.00280423
1578 0.74129 0.513365 0.00285419
1579 0.74129 0.515254 0.00307786
1580 0.74129 0.50957 0.0027283
1581 0.74129 0.517049 0.00298586
1582 0.74129 0.51825 0.00310539
1583 0.74129 0.514029 0.00279582
1584 0.74129 0.511439 0.00274933
1585 0.74129 0.514689 0.00285225
1586 0.74129 0.51391 0.00287727
1587 0.74129 0.514997 0.00284986
1588 0.74129 0.51473 0.0030087
1589 0.74129 0.516443 0.00296388
1590 0.74129 0.514276 0.00275811
1591 0.74129 0.507642 0.00291537
1592 0.74129 0.515386 0.00322878
1593 0.74129 0.514875 0.00275835
1594 0.74129 0.513681 0.00300736
1595 0.74129 0.513523 0.00291826
1596 0.74129 0.514284 0.00303802
1597 0.74129 0.513707 0.00285228
1598 0.74129 0.518433 0.00248187
1599 0.74129 0.512533 0.00295959
1600 0.74129 0.51776 0.00280321
1601 0.74129 0.509097 0.00281416
1602 0.74129 0.515556 0.00264686
1603 0.74129 0.519737 0.00314098
1604 0.74129 0.513173 0.00289614
1605 0.74129 0.517749 0.00339832
1606 0.74129 0.516891 0.00320066
1607 0.74129 0.51445 0.00299605
1608 0.74129 0.514392 0.0028414
1609 0.74129 0.512727 0.00286346
1610 0.74129 0.510677 0.0030139
1611 0.74129 0.510131 0.00290839
1612 0.74129 0.50968 0.0027865
1613 0.74129 0.517538 0.0028227
1614 0.74129 0.517402 0.00336879
1615 0.74129 0.512973 0.00359092
1616 0.74129 0.514252 0.00310331
1617 0.74129 0.513575 0.00297685
1618 0.74129 0.516894 0.00308708
1619 0.74129 0.516183 0.0028389
1620 0.74129 0.515075 0.00308503
1621 0.74129 0.515983 0.00311328
1622 0.74129 0.516395 0.00292649
1623 0.74129 0.51739 0.00327019
1624 0.74129 0.507461 0.00340414
1625 0.74129 0.516199 0.00330618
1626 0.74129 0.515252 0.00285474
1627 0.74129 0.514618 0.00299752
1628 0.74129 0.512798 0.00274237
1629 0.74129 0.517095 0.00306765
1630 0.74129 0.513043 0.00295205
1631 0.74129 0.514496 0.0029749
1632 0.74129 0.522821 0.0029762
1633 0.74129 0.518954 0.00262572
1634 0.74129 0.513548 0.0027128
1635 0.74129 0.510942 0.00275412
1636 0.74129 0.517285 0.00329506
1637 0.74129 0.517891 0.00366819
1638 0.74129 0.520141 0.00295423
1639 0.74129 0.521558 0.00328914
1640 0.74129 0.520069 0.0032641
1641 0.74129 0.520321 0.00299608
1642 0.74129 0.519137 0.00254682
1643 0.74129 0.512984 0.00315681
1644 0.74129 0.516916 0.00327655
1645 0.74129 0.511464 0.00317162
1646 0.74129 0.512794 0.00285436
1647 0.74129 0.514836 0.00307988
1648 0.74129 0.515464 0.00323225
1649 0.74129 0.51328 0.00341978
1650 0.74129 0.516706 0.00297042
1651 0.74129 0.517818 0.00248146
1652 0.74129 0.518738 0.00250942
1653 0.74129 0.515676 0.00309818
1654 0.74129 0.522228 0.00300426
1655 0.74129 0.512227 0.00281714
1656 0.74129 0.514314 0.00335969
1657 0.74129 0.515674 0.00326906
1658 0.74129 0.518138 0.00319984
1659 0.74129 0.521907 0.00306021
1660 0.74129 0.511068 0.00280985
1661 0.74129 0.517496 0.00300091
1662 0.74129 0.517942 0.00299755
1663 0.74129 0.513463 0.00304108
1664 0.74129 0.517019 0.00315672
1665 0.74129 0.52068 0.00353444
1666 0.74129 0.51288 0.00368076
1667 0.74129 0.514786 0.00296597
1668 0.74129 0.519415 0.00283644
1669 0.74129 0.515285 0.00335701
1670 0.74129 0.511671 0.00304229
1671 0.74129 0.520464 0.00351197
1672 0.74129 0.513811 0.00346161
1673 0.74129 0.513099 0.00275941
1674 0.74129 0.510566 0.00309366
1675 0.74129 0.507395 0.00305484
1676 0.74129 0.515729 0.00260815
1677 0.74129 0.514893 0.00356022
1678 0.74129 0.519649 0.00294787
1679 0.74129 0.514517 0.00288359
1680 0.74129 0.514989 0.0029096
1681 0.74129 0.517483 0.00291364
1682 0.74129 0.513415 0.00288811
1683 0.74129 0.513774 0.0027349
1684 0.74129 0.508899 0.00281901
1685 0.74129 0.512264 0.00280683
1686 0.74129 0.513432 0.00314026
1687 0.74129 0.519203 0.00305526
1688 0.74129 0.51441 0.00289083
1689 0.74129 0.513509 0.00285025
1690 0.74129 0.508473 0.00293213
1691 0.74129 0.517926 0.00335817
1692 0.74129 0.512655 0.00308226
1693 0.74129 0.514444 0.002701
1694 0.74129 0.519235 0.00279403
1695 0.74129 0.517794 0.00267255
1696 0.74129 0.51663 0.00296356
1697 0.74129 0.521575 0.00265331
1698 0.74129 0.518121 0.00278088
1699 0.74129 0.512333 0.00292912
1700 0.74129 0.519551 0.00294668
1701 0.74129 0.517367 0.00343191
1702 0.74129 0.517277 0.0029563
1703 0.74129 0.515709 0.0026731
1704 0.74129 0.515142 0.00270815
1705 0.74129 0.519435 0.00311526
1706 0.74129 0.519833 0.0029887
1707 0.74129 0.517205 0.00296518
1708 0.74129 0.515437 0.00280876
1709 0.74129 0.509458 0.00278202
1710 0.74129 0.5147 0.00312842
1711 0.74129 0.513138 0.00303464
1712 0.74129 0.518531 0.00329678
1713 0.74129 0.516769 0.00292848
1714 0.74129 0.517676 0.00271407
1715 0.74129 0.51572 0.00287267
1716 0.74129 0.516523 0.00302938
1717 0.74129 0.514903 0.0029184
1718 0.74129 0.508958 0.0030274
1719 0.74129 0.520442 0.00318955
1720 0.74129 0.511173 0.00297118
1721 0.74129 0.516927 0.00280144
1722 0.74129 0.515756 0.00287177
1723 0.74129 0.521795 0.00316148
1724 0.74129 0.519768 0.00339762
1725 0.74129 0.512473 0.00314441
1726 0.74129 0.518047 0.00354891
1727 0.74129 0.517078 0.00284452
1728 0.74129 0.518458 0.00299706
1729 0.74129 0.51839 0.00287039
1730 0.74129 0.517142 0.00344778
1731 0.74129 0.513796 0.00274874
1732 0.74129 0.516602 0.00280854
1733 0.74129 0.518006 0.00291868
1734 0.74129 0.520276 0.00298757
1735 0.74129 0.520601 0.00339337
1736 0.74129 0.519326 0.00288793
1737 0.74129 0.516847 0.00304019
1738 0.74129 0.517024 0.00293064
1739 0.74129 0.5229 0.00322753
1740 0.74129 0.516538 0.00324103
1741 0.74129 0.514229 0.00312139
1742 0.74129 0.51923 0.00311805
1743 0.74129 0.513852 0.00280904
1744 0.74129 0.514867 0.00305679
1745 0.74129 0.518057 0.00340892
1746 0.74129 0.511839 0.00271542
1747 0.74129 0.516809 0.00283237
1748 0.74129 0.51094 0.00297703
1749 0.74129 0.517076 0.00322544
1750 0.74129 0.513631 0.00261428
1751 0.74129 0.516096 0.00319453
1752 0.74129 0.513834 0.0033725
1753 0.74129 0.507746 0.00316394
1754 0.74129 0.516507 0.00360419
1755 0.74129 0.515811 0.00298021
1756 0.74129 0.515756 0.00266527
1757 0.74129 0.516379 0.00298653
1758 0.74129 0.51809 0.00293685
1759 0.74129 0.516599 0.00302279
1760 0.74129 0.517545 0.00278415
1761 0.74129 0.51572 0.00280556
1762 0.74129 0.512451 0.00298996
1763 0.74129 0.514339 0.00262009
1764 0.74129 0.51124 0.00290556
1765 0.74129 0.516166 0.00248935
1766 0.74129 0.512172 0.00303164
1767 0.74129 0.513221 0.00298405
1768 0.74129 0.514799 0.0029767
1769 0.74129 0.51715 0.00320606
1770 0.74129 0.514288 0.00316681
1771 0.74129 0.515577 0.00333151
1772 0.74129 0.510733 0.00330479
1773 0.74129 0.515125 0.00302494
1774 0.74129 0.515856 0.00264023
1775 0.74129 0.51735 0.00313722
1776 0.74129 0.51607 0.00328789
1777 0.74129 0.51239 0.00329257
1778 0.74129 0.51892 0.00297036
1779 0.74129 0.514634 0.00302314
1780 0.74129 0.514464 0.0027127
1781 0.74129 0.51518 0.00286711
1782 0.74129 0.513415 0.002873
1783 0.74129 0.518069 0.00277046
1784 0.74129 0.518404 0.00284463
1785 0.74129 0.517442 0.00251201
1786 0.74129 0.516808 0.00285591
1787 0.74129 0.519199 0.00288641
1788 0.74129 0.513705 0.00336218
1789 0.74129 0.516572 0.00299498
1790 0.74129 0.516063 0.00277805
1791 0.74129 0.522056 0.00340846
1792 0.74129 0.520238 0.00341275
1793 0.74129 0.509585 0.00293545
1794 0.74129 0.518911 0.00306882
1795 0.74129 0.514846 0.00282331
1796 0.74129 0.517659 0.00309231
1797 0.74129 0.514326 0.00279621
1798 0.74129 0.521111 0.00332919
1799 0.74129 0.520176 0.00291844
1800 0.74129 0.522317 0.00342617
1801 0.74129 0.511064 0.00297868
1802 0.74129 0.510801 0.00288
1803 0.74129 0.514356 0.00305285
1804 0.74129 0.519344 0.003081
1805 0.74129 0.519852 0.00313125
1806 0.74129 0.517537 0.00286221
1807 0.74129 0.51979 0.00291992
1808 0.74129 0.516396 0.00308353
1809 0.74129 0.52098 0.00318002
1810 0.74129 0.514269 0.0037501
1811 0.74129 0.518207 0.00326003
1812 0.74129 0.519178 0.00297287
1813 0.74129 0.52017 0.00359223
1814 0.74129 0.513066 0.00295874
1815 0.74129 0.51735 0.00386331
1816 0.74129 0.516695 0.0034052
1817 0.74129 0.519349 0.00333979
1818 0.74129 0.517992 0.00290741
1819 0.74129 0.516842 0.00314716
1820 0.74129 0.519339 0.00295258
1821 0.74129 0.518574 0.00289936
1822 0.74129 0.513547 0.00304313
1823 0.74129 0.512859 0.00362941
1824 0.74129 0.513997 0.00296187
1825 0.74129 0.513615 0.00330325
1826 0.74129 0.521443 0.00278008
1827 0.74129 0.518845 0.00283117
1828 0.74129 0.519402 0.00332626
1829 0.74129 0.517463 0.0029167
1830 0.74129 0.508139 0.00347574
1831 0.74129 0.508511 0.00311525
1832 0.74129 0.512731 0.00302617
1833 0.74129 0.510902 0.00337524
1834 0.74129 0.512127 0.00300862
1835 0.74129 0.519032 0.00330259
1836 0.74129 0.510793 0.00273901
1837 0.74129 0.512581 0.00295933
1838 0.74129 0.516647 0.00279932
1839 0.74129 0.515463 0.00320673
1840 0.74129 0.518457 0.00285135
1841 0.74129 0.51331 0.00325468
1842 0.74129 0.51345 0.00278884
1843 0.74129 0.513484 0.0028852
1844 0.74129 0.516387 0.00286081
1845 0.74129 0.513559 0.00313195
1846 0.74129 0.517988 0.0035227
1847 0.74129 0.514653 0.00341865
1848 0.74129 0.518353 0.00300463
1849 0.74129 0.516617 0.00283343
1850 0.74129 0.511351 0.00301654
1851 0.74129 0.514215 0.00277642
1852 0.74129 0.51216 0.00305079
1853 0.74129 0.51456 0.00277725
1854 0.74129 0.517952 0.00290329
1855 0.74129 0.516908 0.00347193
1856 0.74129 0.518079 0.00345959
1857 0.74129 0.519889 0.00304813
1858 0.74129 0.519021 0.00294483
1859 0.74129 0.517088 0.00310961
1860 0.74129 0.515445 0.00282213
1861 0.74129 0.513452 0.00315504
1862 0.74129 0.51637 0.00310914
1863 0.74129 0.518422 0.00268651
1864 0.74129 0.515857 0.00306725
1865 0.74129 0.512639 0.002857
1866 0.74129 0.512162 0.00307528
1867 0.74129 0.516419 0.00362992
1868 0.74129 0.512812 0.00319961
1869 0.74129 0.51571 0.00316017
1870 0.74129 0.516162 0.00311292
1871 0.74129 0.508677 0.00304025
1872 0.74129 0.52016 0.00312273
1873 0.74129 0.520949 0.00318321
1874 0.74129 0.517259 0.00277476
1875 0.74129 0.509747 0.00322036
1876 0.74129 0.514704 0.00294829
1877 0.74129 0.514308 0.00339506
1878 0.74129 0.519163 0.00281792
1879 0.74129 0.521023 0.00300122
1880 0.74129 0.518391 0.00266349
1881 0.74129 0.516746 0.00244877
1882 0.74129 0.516998 0.00261064
1883 0.74129 0.516462 0.00319605
1884 0.74129 0.518357 0.00304257
1885 0.74129 0.523681 0.00284953
1886 0.74129 0.519654 0.00320274
1887 0.74129 0.520573 0.00305434
1888 0.74129 0.52552 0.00335707
1889 0.74129 0.517966 0.00298231
1890 0.74129 0.51917 0.00271919
1891 0.74129 0.522682 0.00282312
1892 0.74129 0.524621 0.0032764
1893 0.74129 0.518143 0.00299149
1894 0.74129 0.523162 0.00327654
1895 0.74129 0.517101 0.00321996
1896 0.74129 0.51755 0.00300275
1897 0.74129 0.511762 0.00328764
1898 0.74129 0.514892 0.00312649
1899 0.74129 0.515122 0.00309195
1900 0.74129 0.522574 0.00277473
1901 0.74129 0.515545 0.00325202
1902 0.74129 0.511831 0.00315473
1903 0.74129 0.514434 0.00342284
1904 0.74129 0.513791 0.00324888
1905 0.74129 0.517576 0.00310973
1906 0.74129 0.516601 0.00342686
1907 0.74129 0.513251 0.00294491
1908 0.74129 0.512681 0.00311351
1909 0.74129 0.511657 0.00317067
1910 0.74129 0.512841 0.00365272
1911 0.74129 0.520264 0.00366227
1912 0.74129 0.517443 0.00282717
1913 0.74129 0.516199 0.0030748
1914 0.74129 0.516389 0.00293151
1915 0.74129 0.517452 0.00322672
1916 0.74129 0.515089 0.0032094
1917 0.74129 0.511478 0.00327351
1918 0.74129 0.517988 0.00339212
1919 0.74129 0.51849 0.0032036
1920 0.74129 0.516644 0.00296812
1921 0.74129 0.522162 0.00352387
1922 0.74129 0.516441 0.00340526
1923 0.74129 0.509211 0.00322814
1924 0.74129 0.519205 0.00376806
1925 0.74129 0.522427 0.00439703
1926 0.74129 0.511151 0.0030787
1927 0.74129 0.51733 0.00365307
1928 0.74129 0.51578 0.00313976
1929 0.74129 0.518373 0.00321009
1930 0.74129 0.519671 0.0034748
1931 0.74129 0.516962 0.00405178
1932 0.74129 0.513488 0.00327402
1933 0.74129 0.51477 0.00324769
1934 0.74129 0.519153 0.0035379
1935 0.74129 0.519313 0.00322441
1936 0.74129 0.518272 0.00284137
1937 0.74129 0.513546 0.00304195
1938 0.74129 0.514993 0.0036626
1939 0.74129 0.517979 0.00289119
1940 0.74129 0.51457 0.00298148
1941 0.74129 0.515377 0.00318723
1942 0.74129 0.507875 0.00280343
1943 0.74129 0.515223 0.00299821
1944 0.74129 0.514046 0.00288717
1945 0.74129 0.511592 0.00272861
1946 0.74129 0.517459 0.00278839
1947 0.74129 0.51918 0.00319782
1948 0.74129 0.513287 0.00307295
1949 0.74129 0.520539 0.00305966
1950 0.74129 0.514459 0.00317778
1951 0.74129 0.515261 0.00272368
1952 0.74129 0.519803 0.00313947
1953 0.74129 0.516437 0.00310458
1954 0.74129 0.519662 0.0026966
1955 0.74129 0.51441 0.00283246
1956 0.74129 0.516108 0.00285966
1957 0.74129 0.512904 0.00277769
1958 0.74129 0.515709 0.00311615
1959 0.74129 0.515974 0.00312618
1960 0.74129 0.516816 0.00298215
1961 0.74129 0.51538 0.00331164
1962 0.74129 0.515502 0.00284802
1963 0.74129 0.512913 0.00309561
1964 0.74129 0.516254 0.00339419
1965 0.74129 0.515243 0.00316007
1966 0.74129 0.512505 0.00284492
1967 0.74129 0.512859 0.0030179
1968 0.74129 0.521122 0.0034211
1969 0.74129 0.517364 0.00359701
1970 0.74129 0.52208 0.00342724
1971 0.74129 0.512521 0.00297575
1972 0.74129 0.520004 0.00271567
1973 0.74129 0.516867 0.00300672
1974 0.74129 0.512357 0.00337039
1975 0.74129 0.514555 0.00284409
1976 0.74129 0.514313 0.0028449
1977 0.74129 0.516154 0.00349164
1978 0.74129 0.510903 0.003227
1979 0.74129 0.507867 0.00302834
1980 0.74129 0.51487 0.00307588
1981 0.74129 0.517584 0.0029535
1982 0.74129 0.516135 0.00322957
1983 0.74129 0.515167 0.00277544
1984 0.74129 0.51588 0.0030585
1985 0.74129 0.513078 0.00286685
1986 0.74129 0.521662 0.00290173
1987 0.74129 0.51486 0.00303291
1988 0.74129 0.514887 0.00307419
1989 0.74129 0.517121 0.00327344
1990 0.74129 0.518571 0.00303582
1991 0.74129 0.515083 0.00292446
1992 0.74129 0.518223 0.00300412
1993 0.74129 0.509816 0.00302565
1994 0.74129 0.515419 0.00320452
1995 0.74129 0.513817 0.00349026
1996 0.74129 0.513673 0.00299022
1997 0.74129 0.510985 0.00303497
1998 0.74129 0.512259 0.00324781
1999 0.74129 0.517375 0.0031661
2000 0.74129 0.513321 0.00406508
2001 0.74129 0.521128 0.00304607
2002 0.74129 0.516926 0.00362412
2003 0.74129 0.520493 0.00318428
2004 0.74129 0.518748 0.00333401
2005 0.74129 0.517731 0.0030833
2006 0.74129 0.517611 0.00318581
2007 0.74129 0.511975 0.00286085
2008 0.74129 0.517524 0.0029437
2009 0.74129 0.518772 0.00322402
2010 0.74129 0.516929 0.00318016
2011 0.74129 0.520043 0.0037058
2012 0.74129 0.519999 0.00287853
2013 0.74129 0.514314 0.00288294
2014 0.74129 0.51686 0.00307646
2015 0.74129 0.514752 0.00276454
2016 0.74129 0.515886 0.0029843
2017 0.74129 0.514547 0.00302681
2018 0.74129 0.514702 0.00296225
2019 0.74129 0.518902 0.00305197
2020 0.74129 0.514919 0.00304611
2021 0.74129 0.518477 0.0033111
2022 0.74129 0.514961 0.00305547
2023 0.74129 0.518523 0.00320962
2024 0.74129 0.519207 0.00297451
2025 0.74129 0.515877 0.00313742
2026 0.74129 0.519112 0.00284588
2027 0.74129 0.51729 0.00299512
2028 0.74129 0.516674 0.00298667
2029 0.74129 0.511119 0.0030424
2030 0.74129 0.511606 0.00282565
2031 0.74129 0.519503 0.00358161
2032 0.74129 0.51913 0.00290787
2033 0.74129 0.517748 0.00313155
2034 0.74129 0.517357 0.00290707
2035 0.74129 0.513836 0.00288847
2036 0.74129 0.518238 0.00341756
2037 0.74129 0.518752 0.00335041
2038 0.74129 0.514104 0.00331101
2039 0.74129 0.517161 0.00307663
2040 0.74129 0.51541 0.00297164
2041 0.74129 0.515138 0.00307176
2042 0.74129 0.512943 0.00323167
2043 0.74129 0.516841 0.0029312
2044 0.74129 0.520364 0.00321843
2045 0.74129 0.517988 0.00301853
2046 0.74129 0.517474 0.00315934
2047 0.74129 0.513351 0.0030488
2048 0.74129 0.509933 0.00316333
2049 0.74129 0.517408 0.00372538
2050 0.74129 0.515579 0.00313116
2051 0.74129 0.512729 0.00303
2052 0.74129 0.512698 0.00313813
2053 0.74129 0.511886 0.00356694
2054 0.74129 0.51286 0.00316963
2055 0.74129 0.517641 0.00332478
2056 0.74129 0.511421 0.00330523
2057 0.74129 0.517755 0.00315118
2058 0.74129 0.516492 0.00292254
2059 0.74129 0.513741 0.00326583
2060 0.74129 0.512288 0.00357614
2061 0.74129 0.517894 0.0032674
2062 0.74129 0.515614 0.00353803
2063 0.74129 0.509498 0.00304215
2064 0.74129 0.512071 0.00316116
2065 0.74129 0.50904 0.00333205
2066 0.74129 0.513373 0.00303397
2067 0.74129 0.514675 0.00321708
2068 0.74129 0.51405 0.00344799
2069 0.74129 0.514341 0.00307523
2070 0.74129 0.511375 0.00288098
2071 0.74129 0.512023 0.00306613
2072 0.74129 0.51168 0.00303564
2073 0.74129 0.510933 0.00340134
2074 0.74129 0.517329 0.00341914
2075 0.74129 0.521861 0.00320171
2076 0.74129 0.51433 0.00351195
2077 0.74129 0.517799 0.00329439
2078 0.74129 0.517682 0.00328636
2079 0.74129 0.520506 0.00333762
2080 0.74129 0.519719 0.00314989
2081 0.74129 0.516884 0.00329156
2082 0.74129 0.514513 0.00321872
2083 0.74129 0.513066 0.00337059
2084 0.74129 0.515311 0.0027747
2085 0.74129 0.51615 0.00344906
2086 0.74129 0.510529 0.00309477
2087 0.74129 0.512255 0.00299374
2088 0.74129 0.510715 0.00319981
2089 0.74129 0.513839 0.00329976
2090 0.74129 0.51586 0.00362048
2091 0.74129 0.515603 0.00309354
2092 0.74129 0.515717 0.0034256
2093 0.74129 0.51212 0.00326402
2094 0.74129 0.512861 0.00300901
2095 0.74129 0.513325 0.00302166
2096 0.74129 0.510436 0.00299721
2097 0.74129 0.509839 0.00401522
2098 0.74129 0.512406 0.00315573
2099 0.74129 0.513855 0.00316291
2100 0.74129 0.515178 0.00369312
2101 0.74129 0.521175 0.0032231
2102 0.74129 0.518757 0.00348335
2103 0.74129 0.514685 0.00322435
2104 0.74129 0.522599 0.00322633
2105 0.74129 0.515829 0.00334832
2106 0.74129 0.517095 0.00363045
2107 0.74129 0.515285 0.00364173
2108 0.74129 0.51643 0.00315988
2109 0.74129 0.512237 0.00326993
2110 0.74129 0.517091 0.00314144
2111 0.74129 0.51998 0.00336155
2112 0.74129 0.515613 0.00306143
2113 0.74129 0.517516 0.00278325
2114 0.74129 0.513248 0.00332012
2115 0.74129 0.516459 0.00361822
2116 0.74129 0.516499 0.0035954
2117 0.74129 0.517703 0.00321634
2118 0.74129 0.522647 0.00335742
2119 0.74129 0.518754 0.00317091
2120 0.74129 0.52253 0.00375316
2121 0.74129 0.512753 0.00333489
2122 0.74129 0.520837 0.00322849
2123 0.74129 0.51836 0.00319562
2124 0.74129 0.519143 0.0032761
2125 0.74129 0.515217 0.00288381
2126 0.74129 0.520554 0.00295889
2127 0.74129 0.518651 0.0034943
2128 0.74129 0.516449 0.00332203
2129 0.74129 0.516816 0.00291335
2130 0.74129 0.513257 0.00279149
2131 0.74129 0.516395 0.00290282
2132 0.74129 0.519532 0.00271902
2133 0.74129 0.516441 0.00301487
2134 0.74129 0.516268 0.00308805
2135 0.74129 0.514251 0.00339412
2136 0.74129 0.520234 0.00321252
2137 0.74129 0.517204 0.00307155
2138 0.74129 0.518058 0.00295572
2139 0.74129 0.517432 0.00336087
2140 0.74129 0.513055 0.00316214
2141 0.74129 0.517279 0.00321861
2142 0.74129 0.519495 0.00303271
2143 0.74129 0.519282 0.00324258
2144 0.74129 0.515887 0.00297331
2145 0.74129 0.515384 0.00277752
2146 0.74129 0.513478 0.00317319
2147 0.74129 0.518054 0.00341733
2148 0.74129 0.516546 0.00354857
2149 0.74129 0.523667 0.0033905
2150 0.74129 0.520829 0.00315678
2151 0.74129 0.521353 0.00308932
2152 0.74129 0.519078 0.00346047
2153 0.74129 0.521844 0.00309765
2154 0.74129 0.520123 0.00271577
2155 0.74129 0.519384 0.00303053
2156 0.74129 0.520924 0.00288441
2157 0.74129 0.518184 0.00287317
2158 0.74129 0.515527 0.00278297
2159 0.74129 0.512935 0.0030753
2160 0.74129 0.516923 0.00309965
2161 0.74129 0.516392 0.0031589
2162 0.74129 0.517775 0.0034885
2163 0.74129 0.51652 0.00342894
2164 0.74129 0.517852 0.00385726
2165 0.74129 0.512854 0.00299518
2166 0.74129 0.519207 0.00308002
2167 0.74129 0.515864 0.00301818
2168 0.74129 0.519403 0.00286987
2169 0.74129 0.519051 0.00316405
2170 0.74129 0.518948 0.00328306
2171 0.74129 0.516622 0.00322594
2172 0.74129 0.513617 0.00306589
2173 0.74129 0.516191 0.0029126
2174 0.74129 0.509881 0.00332113
2175 0.74129 0.513586 0.00320967
2176 0.74129 0.513789 0.00334156
2177 0.74129 0.515038 0.00299258
2178 0.74129 0.50689 0.00310271
2179 0.74129 0.513753 0.00314534
2180 0.74129 0.521551 0.00361869
2181 0.74129 0.513902 0.0029247
2182 0.74129 0.519446 0.00314885
2183 0.74129 0.522152 0.0031109
2184 0.74129 0.519443 0.00303445
2185 0.74129 0.515527 0.00338682
2186 0.74129 0.51758 0.00293516
2187 0.74129 0.516391 0.00278783
2188 0.74129 0.515508 0.00301407
2189 0.74129 0.516444 0.00307021
2190 0.74129 0.517346 0.00307257
2191 0.74129 0.516851 0.00306803
2192 0.74129 0.518426 0.00329175
2193 0.74129 0.521383 0.0032572
2194 0.74129 0.52141 0.00309001
2195 0.74129 0.518253 0.00288522
2196 0.74129 0.51711 0.00305461
2197 0.74129 0.525012 0.00321263
2198 0.74129 0.519937 0.00296311
2199 0.74129 0.517305 0.0030513
2200 0.74129 0.514901 0.00319204
2201 0.74129 0.516108 0.00313345
2202 0.74129 0.519952 0.0032294
2203 0.74129 0.513835 0.00281977
2204 0.74129 0.515184 0.00307101
2205 0.74129 0.517075 0.00283464
2206 0.74129 0.514982 0.00291787
2207 0.74129 0.519661 0.00305662
2208 0.74129 0.513276 0.00318147
2209 0.74129 0.512325 0.00304471
2210 0.74129 0.509612 0.00325307
2211 0.74129 0.513026 0.00328709
2212 0.74129 0.511489 0.00324722
2213 0.74129 0.513304 0.00301817
2214 0.74129 0.511453 0.00285632
2215 0.74129 0.512974 0.00330292
2216 0.74129 0.513643 0.00289208
2217 0.74129 0.513734 0.00278492
2218 0.74129 0.512007 0.00299055
2219 0.74129 0.511037 0.00331226
2220 0.74129 0.515894 0.0031041
2221 0.74129 0.512994 0.00290868
2222 0.74129 0.515622 0.00335554
2223 0.74129 0.516319 0.00342905
2224 0.74129 0.515984 0.0031396
2225 0.74129 0.511478 0.00274851
2226 0.74129 0.517197 0.00322341
2227 0.74129 0.522144 0.00412574
2228 0.74129 0.514923 0.00299229
2229 0.74129 0.515844 0.00289725
2230 0.74129 0.51178 0.00291224
2231 0.74129 0.513302 0.00326231
2232 0.74129 0.511296 0.00288258
2233 0.74129 0.514141 0.0029245
2234 0.74129 0.517992 0.00306794
2235 0.74129 0.517211 0.00257254
2236 0.74129 0.51338 0.00292135
2237 0.74129 0.503617 0.00345801
2238 0.74129 0.508605 0.00284551
2239 0.74129 0.508853 0.00308261
2240 0.74129 0.514087 0.00348677
2241 0.74129 0.516399 0.00320307
2242 0.74129 0.520304 0.00310587
2243 0.74129 0.516689 0.00295274
2244 0.74129 0.517149 0.00277471
2245 0.74129 0.515325 0.00325662
2246 0.74129 0.511804 0.00295758
2247 0.74129 0.513987 0.00298056
2248 0.74129 0.518136 0.0031512
2249 0.74129 0.51673 0.0034657
2250 0.74129 0.516626 0.0029177
2251 0.74129 0.514897 0.00300572
2252 0.74129 0.517291 0.00385959
2253 0.74129 0.515811 0.00285315
2254 0.74129 0.517864 0.00329977
2255 0.74129 0.51597 0.00312243
2256 0.74129 0.509566 0.00276364
2257 0.74129 0.511851 0.00329842
2258 0.74129 0.515601 0.00282056
2259 0.74129 0.516702 0.00259977
2260 0.74129 0.519296 0.00282095
2261 0.74129 0.51898 0.00271561
2262 0.74129 0.515383 0.00276247
2263 0.74129 0.521121 0.00272212
2264 0.74129 0.51913 0.00328713
2265 0.74129 0.519864 0.00316102
2266 0.74129 0.516698 0.00300974
2267 0.74129 0.520577 0.00290411
2268 0.74129 0.51621 0.00299029
2269 0.74129 0.510835 0.00302289
2270 0.74129 0.512108 0.00287329
2271 0.74129 0.514274 0.00289994
2272 0.74129 0.517384 0.00318017
2273 0.74129 0.514605 0.00280536
2274 0.74129 0.516192 0.00310616
2275 0.74129 0.516067 0.0032701
2276 0.74129 0.518208 0.00302204
2277 0.74129 0.517623 0.00284098
2278 0.74129 0.51444 0.0028004
2279 0.74129 0.515046 0.00264395
2280 0.74129 0.511374 0.00300677
2281 0.74129 0.510559 0.00286558
2282 0.74129 0.513579 0.00337465
2283 0.74129 0.519216 0.00303489
2284 0.74129 0.516519 0.00303071
2285 0.74129 0.517468 0.00346924
2286 0.74129 0.517068 0.00297095
2287 0.74129 0.516044 0.00396781
2288 0.74129 0.512022 0.00302753
2289 0.74129 0.516136 0.00336535
2290 0.74129 0.515387 0.00315971
2291 0.74129 0.515187 0.00297932
2292 0.74129 0.515249 0.00317144
2293 0.74129 0.515439 0.00296855
2294 0.74129 0.515754 0.00307317
2295 0.74129 0.516523 0.0035829
2296 0.74129 0.516987 0.00296438
2297 0.74129 0.520944 0.00288534
2298 0.74129 0.51807 0.00320667
2299 0.74129 0.514832 0.00279692
2300 0.74129 0.514984 0.00290653
2301 0.74129 0.516836 0.00285179
2302 0.74129 0.516114 0.00303718
2303 0.74129 0.521772 0.00293047
2304 0.74129 0.516688 0.00320707
2305 0.74129 0.514962 0.00312493
2306 0.74129 0.517494 0.00283277
2307 0.74129 0.518582 0.00295153
2308 0.74129 0.515782 0.003084
2309 0.74129 0.517359 0.00302347
2310 0.74129 0.513241 0.00318891
2311 0.74129 0.512875 0.00303974
2312 0.74129 0.515368 0.00316803
2313 0.74129 0.51163 0.00290041
2314 0.74129 0.515311 0.00326611
2315 0.74129 0.517264 0.0029622
2316 0.74129 0.515318 0.00284579
2317 0.74129 0.52141 0.00310578
2318 0.74129 0.519844 0.0027242
2319 0.74129 0.520545 0.00297707
2320 0.74129 0.51714 0.00293478
2321 0.74129 0.516118 0.00280909
2322 0.74129 0.51438 0.00282809
2323 0.74129 0.513685 0.00322029
2324 0.74129 0.518106 0.00299402
2325 0.74129 0.518252 0.00383322
2326 0.74129 0.513863 0.00317966
2327 0.74129 0.513535 0.0028148
2328 0.74129 0.512314 0.00326054
2329 0.74129 0.516483 0.00300903
2330 0.74129 0.513375 0.00324508
2331 0.74129 0.51732 0.00310236
2332 0.74129 0.512215 0.00314725
2333 0.74129 0.513282 0.00329878
2334 0.74129 0.513375 0.00295847
2335 0.74129 0.515613 0.00301124
2336 0.74129 0.512768 0.00325153
2337 0.74129 0.510267 0.00313898
2338 0.74129 0.517547 0.00291831
2339 0.74129 0.516103 0.00281947
2340 0.74129 0.51363 0.0032545
2341 0.74129 0.513905 0.00294133
2342 0.74129 0.51631 0.00301918
2343 0.74129 0.510832 0.00295396
2344 0.74129 0.516381 0.0032806
2345 0.74129 0.51778 0.00305719
2346 0.74129 0.516737 0.00301539
2347 0.74129 0.519614 0.00329463
2348 0.74129 0.51651 0.00362149
2349 0.74129 0.514124 0.00308177
2350 0.74129 0.518552 0.003144
2351 0.74129 0.516835 0.00357033
2352 0.74129 0.517671 0.0033299
2353 0.74129 0.513849 0.0030993
2354 0.74129 0.518432 0.00280921
2355 0.74129 0.518744 0.00273784
2356 0.74129 0.515383 0.0029291
2357 0.74129 0.515185 0.00320204
2358 0.74129 0.516075 0.00359855
2359 0.74129 0.512908 0.00297233
2360 0.74129 0.518201 0.00283665
2361 0.74129 0.519361 0.00342181
2362 0.74129 0.516876 0.00352887
2363 0.74129 0.524062 0.00289852
2364 0.74129 0.521897 0.00298637
2365 0.74129 0.519568 0.00320015
2366 0.74129 0.517371 0.00289707
2367 0.74129 0.514657 0.00280243
2368 0.74129 0.515236 0.00268285
2369 0.74129 0.511448 0.00274042
2370 0.74129 0.516951 0.00279826
2371 0.74129 0.51627 0.00322246
2372 0.74129 0.517162 0.00292254
2373 0.74129 0.51216 0.00338354
2374 0.74129 0.517286 0.00284213
2375 0.74129 0.516929 0.00291612
2376 0.74129 0.518026 0.00321058
2377 0.74129 0.516162 0.00301664
2378 0.74129 0.511982 0.00311194
2379 0.74129 0.509412 0.00281239
2380 0.74129 0.515994 0.00283256
2381 0.74129 0.516731 0.00320422
2382 0.74129 0.516152 0.00321162
2383 0.74129 0.511077 0.00303291
2384 0.74129 0.508116 0.00299209
2385 0.74129 0.517127 0.00341411
2386 0.74129 0.517625 0.00339938
2387 0.74129 0.519956 0.00332888
2388 0.74129 0.512209 0.00299441
2389 0.74129 0.513697 0.00307225
2390 0.74129 0.516665 0.00288837
2391 0.74129 0.514107 0.0030014
2392 0.74129 0.518851 0.00357377
2393 0.74129 0.515902 0.00320182
2394 0.74129 0.518723 0.00276156
2395 0.74129 0.513707 0.00291612
2396 0.74129 0.513413 0.00285746
2397 0.74129 0.514803 0.00293849
2398 0.74129 0.513795 0.00337756
2399 0.74129 0.519335 0.00366438
2400 0.74129 0.518436 0.00312688
2401 0.74129 0.515395 0.00310556
2402 0.74129 0.517075 0.00288881
2403 0.74129 0.517547 0.00328048
2404 0.74129 0.517883 0.00347408
2405 0.74129 0.516729 0.00297961
2406 0.74129 0.512774 0.00304546
2407 0.74129 0.514676 0.00338843
2408 0.74129 0.517966 0.0036689
2409 0.74129 0.515947 0.0032151
2410 0.74129 0.512072 0.00324799
2411 0.74129 0.51585 0.0032753
2412 0.74129 0.512803 0.00310849
2413 0.74129 0.513718 0.00321191
2414 0.74129 0.513534 0.00298395
2415 0.74129 0.513429 0.00340353
2416 0.74129 0.516815 0.00291307
2417 0.74129 0.516188 0.00343981
2418 0.74129 0.517588 0.00295954
2419 0.74129 0.516131 0.00354081
2420 0.74129 0.511499 0.00298002
2421 0.74129 0.520628 0.00331701
2422 0.74129 0.515718 0.00317286
2423 0.74129 0.515687 0.00315023
2424 0.74129 0.515962 0.00291725
2425 0.74129 0.511731 0.00282971
2426 0.74129 0.517076 0.00285038
2427 0.74129 0.516133 0.00268835
2428 0.74129 0.513399 0.00279868
2429 0.74129 0.51633 0.00297099
2430 0.74129 0.512752 0.00295264
2431 0.74129 0.512535 0.00258838
2432 0.74129 0.516806 0.00294264
2433 0.74129 0.513847 0.00315333
2434 0.74129 0.518362 0.00291516
2435 0.74129 0.51377 0.00270371
2436 0.74129 0.512493 0.00297081
2437 0.74129 0.517893 0.0028787
2438 0.74129 0.511811 0.00281324
2439 0.74129 0.514793 0.00283933
2440 0.74129 0.513548 0.00291141
2441 0.74129 0.520244 0.00349956
2442 0.74129 0.518053 0.00332379
2443 0.74129 0.514335 0.00289155
2444 0.74129 0.520309 0.00286052
2445 0.74129 0.521747 0.00293109
2446 0.74129 0.511723 0.00325983
2447 0.74129 0.517282 0.00370195
2448 0.74129 0.514395 0.00348723
2449 0.74129 0.517413 0.00354769
2450 0.74129 0.514412 0.00351506
2451 0.74129 0.507981 0.0030616
2452 0.74129 0.512608 0.00289118
2453 0.74129 0.511793 0.00362103
2454 0.74129 0.50891 0.00329738
2455 0.74129 0.513107 0.00325622
2456 0.74129 0.516721 0.00276578
2457 0.74129 0.515989 0.00272446
2458 0.74129 0.512733 0.0028707
2459 0.74129 0.51474 0.00289815
2460 0.74129 0.512109 0.00302429
2461 0.74129 0.516101 0.00318053
2462 0.74129 0.515503 0.00375234
2463 0.74129 0.51246 0.00288104
2464 0.74129 0.511759 0.00312664
2465 0.74129 0.513019 0.00282829
2466 0.74129 0.516257 0.00321066
2467 0.74129 0.515087 0.00277185
2468 0.74129 0.518203 0.00335647
2469 0.74129 0.51185 0.00283426
2470 0.74129 0.514297 0.00297554
2471 0.74129 0.518571 0.00354752
2472 0.74129 0.513056 0.00274734
2473 0.74129 0.515342 0.00328679
2474 0.74129 0.514431 0.003016
2475 0.74129 0.509596 0.00291383
2476 0.74129 0.516125 0.0031147
2477 0.74129 0.512007 0.00284082
2478 0.74129 0.51538 0.00285292
2479 0.74129 0.51913 0.0032657
2480 0.74129 0.517355 0.00273378
2481 0.74129 0.514386 0.00333558
2482 0.74129 0.514976 0.00355648
2483 0.74129 0.517739 0.00333719
2484 0.74129 0.519568 0.00313947
2485 0.74129 0.514689 0.00318402
2486 0.74129 0.517679 0.00296218
2487 0.74129 0.516765 0.00280665
2488 0.74129 0.52015 0.00297995
2489 0.74129 0.517629 0.00303406
2490 0.74129 0.512893 0.00314309
2491 0.74129 0.51161 0.00305427
2492 0.74129 0.518284 0.00319255
2493 0.74129 0.518371 0.00348091
2494 0.74129 0.515816 0.00302466
2495 0.74129 0.515853 0.00342629
2496 0.74129 0.520611 0.00323406
2497 0.74129 0.516977 0.00313401
2498 0.74129 0.510634 0.00285995
2499 0.74129 0.512629 0.00306116
2500 0.74129 0.518019 0.00324239
2501 0.74129 0.513093 0.00283412
2502 0.74129 0.514706 0.00342245
2503 0.74129 0.513734 0.00320178
2504 0.74129 0.518002 0.00359817
2505 0.74129 0.517508 0.00337291
2506 0.74129 0.523197 0.00304315
2507 0.74129 0.51818 0.00294407
2508 0.74129 0.519282 0.00317655
2509 0.74129 0.521335 0.00272923
2510 0.74129 0.517348 0.00301906
2511 0.74129 0.517629 0.00300091
2512 0.74129 0.510768 0.00315729
2513 0.74129 0.515152 0.0029321
2514 0.74129 0.517562 0.00299682
2515 0.74129 0.519408 0.0027712
2516 0.74129 0.516075 0.00338537
2517 0.74129 0.517252 0.00378614
2518 0.74129 0.520251 0.00345395
2519 0.74129 0.523108 0.00327472
2520 0.74129 0.512346 0.0031664
2521 0.74129 0.512223 0.00323975
2522 0.74129 0.512902 0.00322949
2523 0.74129 0.511461 0.00375245
2524 0.74129 0.511526 0.00333086
2525 0.74129 0.511332 0.00307571
2526 0.74129 0.518659 0.00384751
2527 0.74129 0.523631 0.00356778
2528 0.74129 0.52068 0.00308605
2529 0.74129 0.521414 0.00308706
2530 0.74129 0.521082 0.00285052
2531 0.74129 0.516785 0.0030526
2532 0.74129 0.521178 0.00340511
2533 0.74129 0.516039 0.00335569
2534 0.74129 0.517391 0.00324337
2535 0.74129 0.517877 0.00321301
2536 0.74129 0.515754 0.00319817
2537 0.74129 0.518634 0.00295774
2538 0.74129 0.516105 0.00289363
2539 0.74129 0.515634 0.00308867
2540 0.74129 0.515332 0.00281057
2541 0.74129 0.511044 0.00307245
2542 0.74129 0.514494 0.00322644
2543 0.74129 0.510281 0.0033716
2544 0.74129 0.51348 0.00305959
2545 0.74129 0.513867 0.00294964
2546 0.74129 0.518425 0.00311169
2547 0.74129 0.511399 0.00319391
2548 0.74129 0.513399 0.00275887
2549 0.74129 0.517784 0.00314681
2550 0.74129 0.514449 0.00330709
2551 0.74129 0.517402 0.00324087
2552 0.74129 0.511636 0.00283855
2553 0.74129 0.518799 0.00351172
2554 0.74129 0.514519 0.00280503
2555 0.74129 0.519325 0.00335943
2556 0.74129 0.515711 0.00303017
2557 0.74129 0.515696 0.00296227
2558 0.74129 0.520067 0.00313552
2559 0.74129 0.519144 0.00316527
2560 0.74129 0.511262 0.00327676
2561 0.74129 0.514201 0.00332856
2562 0.74129 0.516111 0.00316707
2563 0.74129 0.513437 0.00326175
2564 0.74129 0.512504 0.00330816
2565 0.74129 0.517463 0.00325358
2566 0.74129 0.516782 0.0031936
2567 0.74129 0.513641 0.00315857
2568 0.74129 0.514786 0.00285665
2569 0.74129 0.512501 0.00314352
2570 0.74129 0.515833 0.00304757
2571 0.74129 0.513089 0.00292005
2572 0.74129 0.510806 0.00288614
2573 0.74129 0.512781 0.00336376
2574 0.74129 0.516333 0.00291357
2575 0.74129 0.518491 0.0029704
2576 0.74129 0.517057 0.00280477
2577 0.74129 0.516586 0.00286521
2578 0.74129 0.51427 0.00308099
2579 0.74129 0.513848 0.00309264
2580 0.74129 0.515009 0.00315653
2581 0.74129 0.514715 0.00292217
2582 0.74129 0.514546 0.00300498
2583 0.74129 0.515777 0.00295219
2584 0.74129 0.520478 0.00301904
2585 0.74129 0.515267 0.00300142
2586 0.74129 0.518532 0.00336331
2587 0.74129 0.517813 0.00360224
2588 0.763248 0.517388 0.00381009
2589 0.763248 0.519631 0.00363004
2590 0.763248 0.516475 0.00387905
2591 0.763248 0.514508 0.00315598
2592 0.763248 0.515854 0.00324005
2593 0.763248 0.51737 0.00316929
2594 0.763248 0.513 0.00337913
2595 0.763248 0.50702 0.00295293
2596 0.763248 0.510484 0.00315101
2597 0.763248 0.511128 0.00338031
2598 0.763248 0.515976 0.00322133
2599 0.763248 0.512986 0.0033577
2600 0.763248 0.515782 0.00318122
2601 0.763248 0.520099 0.00351245
2602 0.763248 0.514605 0.00311511
2603 0.763248 0.520858 0.00302194
2604 0.763248 0.521162 0.00315006
2605 0.763248 0.517773 0.00308391
2606 0.763248 0.522198 0.0032258
2607 0.763248 0.516164 0.00312823
2608 0.763248 0.519498 0.00308327
2609 0.763248 0.516889 0.00335142
2610 0.763248 0.512982 0.00319259
2611 0.763248 0.511594 0.00326498
2612 0.763248 0.51391 0.00312828
2613 0.763248 0.514575 0.00323629
2614 0.763248 0.517846 0.00311026
2615 0.763248 0.521525 0.00294216
2616 0.763248 0.523609 0.00346561
2617 0.763248 0.516735 0.00326327
2618 0.763248 0.515196 0.0035368
2619 0.763248 0.518048 0.00384934
2620 0.763248 0.52052 0.0031259
2621 0.763248 0.514756 0.00322998
2622 0.763248 0.515806 0.00327574
2623 0.763248 0.517171 0.00288556
2624 0.763248 0.513368 0.00309188
2625 0.763248 0.515614 0.00316695
2626 0.763248 0.521553 0.00326214
2627 0.763248 0.52102 0.00347067
2628 0.763248 0.515177 0.00349233
2629 0.763248 0.51458 0.00323402
2630 0.763248 0.517676 0.00299585
2631 0.763248 0.522897 0.00318226
2632 0.763248 0.515333 0.0030128
2633 0.763248 0.516885 0.00349552
2634 0.763248 0.511292 0.00308394
2635 0.763248 0.514338 0.00298679
2636 0.763248 0.520285 0.0028404
2637 0.763248 0.52071 0.00291883
2638 0.763248 0.518967 0.00320744
2639 0.763248 0.517366 0.00322737
2640 0.763248 0.51575 0.0031344
2641 0.763248 0.516298 0.00326476
2642 0.763248 0.516118 0.00278757
2643 0.763248 0.523666 0.00347267
2644 0.763248 0.518588 0.00291139
2645 0.763248 0.515386 0.00322254
2646 0.763248 0.514754 0.00303219
2647 0.763248 0.517575 0.002982
2648 0.763248 0.511373 0.00360487
2649 0.763248 0.514481 0.00337775
2650 0.763248 0.515341 0.00315763
2651 0.763248 0.520395 0.00310104
2652 0.763248 0.517271 0.00304211
2653 0.763248 0.509895 0.00297879
2654 0.763248 0.510571 0.00329281
2655 0.763248 0.512617 0.00320706
2656 0.763248 0.513857 0.00275252
2657 0.763248 0.516865 0.00322255
2658 0.763248 0.509105 0.00310312
2659 0.763248 0.516178 0.0028084
2660 0.763248 0.509923 0.00272583
2661 0.763248 0.513209 0.00298619
2662 0.763248 0.518553 0.0029177
2663 0.763248 0.513746 0.00280937
2664 0.763248 0.516478 0.00277154
2665 0.763248 0.517382 0.00323807
2666 0.763248 0.518156 0.0032233
2667 0.763248 0.521138 0.00334487
2668 0.763248 0.515287 0.00270673
2669 0.763248 0.51778 0.00304742
2670 0.763248 0.514489 0.0029526
2671 0.763248 0.521001 0.00275517
2672 0.763248 0.517343 0.00300057
2673 0.763248 0.520919 0.00321988
2674 0.763248 0.518487 0.00342213
2675 0.763248 0.524515 0.00372333
2676 0.763248 0.516896 0.00336765
2677 0.763248 0.517476 0.00356573
2678 0.763248 0.517526 0.00299539
2679 0.763248 0.516363 0.00317402
2680 0.763248 0.513841 0.00345196
2681 0.763248 0.516299 0.00292591
2682 0.763248 0.518814 0.00340011
2683 0.763248 0.511539 0.00306325
2684 0.763248 0.51467 0.00301628
2685 0.763248 0.514401 0.0027886
2686 0.763248 0.513607 0.0031508
2687 0.763248 0.517507 0.00307545
2688 0.763248 0.514637 0.0033231
2689 0.763248 0.513519 0.00334209
2690 0.763248 0.51827 0.00333715
2691 0.763248 0.510079 0.00304009
2692 0.763248 0.516341 0.00321013
2693 0.763248 0.51544 0.00330339
2694 0.763248 0.515522 0.00279998
2695 0.763248 0.517071 0.00295312
2696 0.763248 0.518831 0.00354662
2697 0.763248 0.514068 0.00289603
2698 0.763248 0.516269 0.00331357
2699 0.763248 0.516889 0.0031836
2700 0.763248 0.516972 0.00301343
2701 0.763248 0.514588 0.00353913
2702 0.763248 0.516271 0.0028651
2703 0.763248 0.510647 0.00296333
2704 0.763248 0.510647 0.00302227
2705 0.763248 0.511811 0.00321716
2706 0.763248 0.512629 0.00329861
2707 0.763248 0.511368 0.00281692
2708 0.763248 0.514866 0.00342662
2709 0.763248 0.516295 0.00305156
2710 0.763248 0.513571 0.00300523
2711 0.763248 0.514299 0.0029058
2712 0.763248 0.51275 0.00312647
2713 0.763248 0.51614 0.00299666
2714 0.763248 0.513916 0.00331449
2715 0.763248 0.517023 0.00292499
2716 0.763248 0.520313 0.00340744
2717 0.763248 0.524731 0.00367539
2718 0.763248 0.514961 0.00310632
2719 0.763248 0.510064 0.00320268
2720 0.763248 0.513524 0.00322519
2721 0.763248 0.513382 0.00318124
2722 0.763248 0.515816 0.0031621
2723 0.763248 0.524231 0.00342652
2724 0.763248 0.518685 0.00306011
2725 0.763248 0.512154 0.00310394
2726 0.763248 0.517722 0.00308745
2727 0.763248 0.51713 0.00318341
2728 0.763248 0.513731 0.00303235
2729 0.763248 0.512679 0.00368275
2730 0.763248 0.511057 0.00301014
2731 0.763248 0.513228 0.00296089
2732 0.763248 0.516904 0.00334566
2733 0.763248 0.516174 0.00311985
2734 0.763248 0.517667 0.00288756
2735 0.763248 0.509859 0.00320204
2736 0.763248 0.517593 0.00280363
2737 0.763248 0.515058 0.00315692
2738 0.763248 0.516319 0.00305739
2739 0.763248 0.516404 0.002862
2740 0.763248 0.519444 0.00326021
2741 0.763248 0.517401 0.0033823
2742 0.763248 0.513422 0.00298793
2743 0.763248 0.51675 0.00357818
2744 0.763248 0.516508 0.00339515
2745 0.763248 0.519391 0.00341936
2746 0.763248 0.52292 0.00307603
2747 0.763248 0.517029 0.003244
2748 0.763248 0.513591 0.00335652
2749 0.763248 0.517999 0.00342501
2750 0.763248 0.518802 0.00303969
2751 0.763248 0.521256 0.00372439
2752 0.763248 0.51439 0.00330547
2753 0.763248 0.517151 0.00371146
2754 0.763248 0.518314 0.00346059
2755 0.763248 0.515525 0.00359391
2756 0.763248 0.510649 0.00328844
2757 0.763248 0.513785 0.00348941
2758 0.763248 0.521341 0.00336091
2759 0.763248 0.519708 0.00367525
2760 0.763248 0.515576 0.00300676
2761 0.763248 0.513237 0.00308932
2762 0.763248 0.511266 0.00344899
2763 0.763248 0.51975 0.00338474
2764 0.763248 0.518328 0.00319972
2765 0.763248 0.517754 0.00332734
2766 0.763248 0.515482 0.00311498
2767 0.763248 0.521295 0.00285889
2768 0.763248 0.516086 0.00298818
2769 0.763248 0.516335 0.00353076
2770 0.763248 0.514229 0.00302689
2771 0.763248 0.51845 0.00305166
2772 0.763248 0.516899 0.00303136
2773 0.763248 0.514915 0.00339933
2774 0.763248 0.517585 0.0033065
2775 0.763248 0.515935 0.00310301
2776 0.763248 0.515125 0.00282851
2777 0.763248 0.519429 0.00305869
2778 0.763248 0.51375 0.00306929
2779 0.763248 0.510437 0.00314801
2780 0.763248 0.514948 0.00321215
2781 0.763248 0.514731 0.0028202
2782 0.763248 0.515376 0.00281901
2783 0.763248 0.514896 0.00312044
2784 0.763248 0.513883 0.00284588
2785 0.763248 0.515234 0.00303293
2786 0.763248 0.514573 0.00271257
2787 0.763248 0.515219 0.00313001
2788 0.763248 0.510439 0.00339004
2789 0.763248 0.514765 0.00345671
2790 0.763248 0.510766 0.00289592
2791 0.763248 0.515706 0.00298143
2792 0.763248 0.516261 0.00303085
2793 0.763248 0.516242 0.00314199
2794 0.763248 0.511649 0.00308536
2795 0.763248 0.512059 0.00281361
2796 0.763248 0.518785 0.00337979
2797 0.763248 0.518265 0.00330132
2798 0.763248 0.521713 0.00290299
2799 0.763248 0.516163 0.00336879
2800 0.763248 0.516846 0.00297743
2801 0.763248 0.512672 0.0030224
2802 0.763248 0.512184 0.00316247
2803 0.763248 0.516032 0.00289897
2804 0.763248 0.51634 0.00284974
2805 0.763248 0.517368 0.00319121
2806 0.763248 0.513664 0.00280004
2807 0.763248 0.511487 0.00310188
2808 0.763248 0.516497 0.00286181
2809 0.763248 0.518271 0.00312541
2810 0.763248 0.511028 0.00322765
2811 0.763248 0.516119 0.00319582
2812 0.763248 0.516589 0.00295635
2813 0.763248 0.515684 0.00285265
2814 0.763248 0.517439 0.00335547
2815 0.763248 0.515286 0.00287659
2816 0.763248 0.509068 0.00367681
2817 0.763248 0.515309 0.00295749
2818 0.763248 0.51624 0.00319238
2819 0.763248 0.51458 0.00288074
2820 0.763248 0.51366 0.00288797
2821 0.763248 0.513687 0.00313093
2822 0.763248 0.515922 0.0028986
2823 0.763248 0.519428 0.0033062
2824 0.763248 0.520208 0.00339973
2825 0.763248 0.520099 0.00300797
2826 0.763248 0.512989 0.00327397
2827 0.763248 0.516118 0.00305723
2828 0.763248 0.513558 0.00311975
2829 0.763248 0.515052 0.0030524
2830 0.763248 0.517937 0.00314571
2831 0.763248 0.514121 0.00283031
2832 0.763248 0.516215 0.00300047
2833 0.763248 0.511029 0.00341653
2834 0.763248 0.513018 0.00295173
2835 0.763248 0.51166 0.00258092
2836 0.763248 0.5134 0.0028889
2837 0.763248 0.514598 0.00325114
2838 0.763248 0.516897 0.00302723
2839 0.763248 0.513006 0.00327094
2840 0.763248 0.516932 0.00309357
2841 0.763248 0.507274 0.00267972
2842 0.763248 0.51956 0.00289926
2843 0.763248 0.514204 0.00268222
2844 0.763248 0.520807 0.00299106
2845 0.763248 0.517543 0.00284165
2846 0.763248 0.521014 0.00331516
2847 0.763248 0.516943 0.00313237
2848 0.763248 0.514699 0.00310937
2849 0.763248 0.513182 0.00296321
2850 0.763248 0.521208 0.0026926
2851 0.763248 0.516938 0.00270946
2852 0.763248 0.515969 0.0029373
2853 0.763248 0.516417 0.00313055
2854 0.763248 0.518531 0.00325762
2855 0.763248 0.518706 0.00314044
2856 0.763248 0.519043 0.00319211
2857 0.763248 0.515124 0.00303789
2858 0.763248 0.516282 0.00305545
2859 0.763248 0.513781 0.00307517
2860 0.763248 0.511763 0.00314743
2861 0.763248 0.519723 0.00300547
2862 0.763248 0.521531 0.00322753
2863 0.763248 0.518574 0.0030456
2864 0.763248 0.515244 0.00322581
2865 0.763248 0.515233 0.00308347
2866 0.763248 0.520321 0.00328749
2867 0.763248 0.519325 0.00323656
2868 0.763248 0.515761 0.00323182
2869 0.763248 0.519456 0.00361331
2870 0.763248 0.517808 0.0028934
2871 0.763248 0.51567 0.00303235
2872 0.763248 0.515784 0.00334002
2873 0.763248 0.515065 0.00304937
2874 0.763248 0.51919 0.00293251
2875 0.763248 0.516951 0.00275484
2876 0.763248 0.515044 0.00309544
2877 0.763248 0.522712 0.00360994
2878 0.763248 0.515309 0.00300254
2879 0.763248 0.513725 0.00301298
2880 0.763248 0.514889 0.00298868
2881 0.763248 0.517755 0.00315128
2882 0.763248 0.519045 0.00314649
2883 0.763248 0.520604 0.00370726
2884 0.763248 0.51478 0.00331329
2885 0.763248 0.514202 0.00306356
2886 0.763248 0.511413 0.00298359
2887 0.763248 0.510982 0.00321856
2888 0.763248 0.513194 0.00366552
2889 0.763248 0.518664 0.00379632
2890 0.763248 0.516227 0.00300969
2891 0.763248 0.520967 0.00293367
2892 0.763248 0.515608 0.00278331
2893 0.763248 0.518438 0.00343479
2894 0.763248 0.515252 0.00292546
2895 0.763248 0.516518 0.00317346
2896 0.763248 0.516785 0.0031307
2897 0.763248 0.515697 0.0028995
2898 0.763248 0.51314 0.00278868
2899 0.763248 0.515136 0.00305754
2900 0.763248 0.519137 0.00302002
2901 0.763248 0.519453 0.00345949
2902 0.763248 0.519127 0.00303075
2903 0.763248 0.516594 0.00356221
2904 0.763248 0.522483 0.00324601
2905 0.763248 0.518232 0.00396942
2906 0.763248 0.513131 0.00301774
2907 0.763248 0.512426 0.00351367
2908 0.763248 0.519338 0.00367735
2909 0.763248 0.516738 0.00296317
2910 0.763248 0.517005 0.00315684
2911 0.763248 0.519072 0.00305625
2912 0.763248 0.518224 0.00318302
2913 0.763248 0.514499 0.00278188
2914 0.763248 0.514611 0.00282124
2915 0.763248 0.516018 0.00278952
2916 0.763248 0.519108 0.00304163
2917 0.763248 0.51419 0.00328215
2918 0.763248 0.518014 0.00314842
2919 0.763248 0.518736 0.00278232
2920 0.763248 0.520239 0.00300001
2921 0.763248 0.515978 0.00270827
2922 0.763248 0.518284 0.00293291
2923 0.763248 0.519385 0.00329917
2924 0.763248 0.516158 0.00310566
2925 0.763248 0.517603 0.00299152
2926 0.763248 0.512418 0.00288604
2927 0.763248 0.515122 0.00325942
2928 0.763248 0.511846 0.00296901
2929 0.763248 0.515307 0.00315021
2930 0.763248 0.517038 0.00292042
2931 0.763248 0.511817 0.00280175
2932 0.763248 0.513143 0.00286304
2933 0.763248 0.518196 0.00337625
2934 0.763248 0.512663 0.00305238
2935 0.763248 0.511802 0.00304777
2936 0.763248 0.513307 0.00289565
2937 0.763248 0.518888 0.00356976
2938 0.763248 0.518839 0.00334096
2939 0.763248 0.516489 0.00302045
2940 0.763248 0.514585 0.00288975
2941 0.763248 0.522733 0.00320011
2942 0.763248 0.514767 0.00315776
2943 0.763248 0.520592 0.00331528
2944 0.763248 0.520724 0.00335918
2945 0.763248 0.515628 0.00287582
2946 0.763248 0.511558 0.00283254
2947 0.763248 0.518779 0.00359824
2948 0.763248 0.514611 0.00302469
2949 0.763248 0.517334 0.00298647
2950 0.763248 0.515853 0.00329284
2951 0.763248 0.518119 0.00324649
2952 0.763248 0.517265 0.00297639
2953 0.763248 0.516305 0.00320074
2954 0.763248 0.512732 0.00330555
2955 0.763248 0.514446 0.00306565
2956 0.763248 0.513647 0.00294762
2957 0.763248 0.515307 0.00324679
2958 0.763248 0.513714 0.00304684
2959 0.763248 0.51508 0.00290313
2960 0.763248 0.516221 0.00319817
2961 0.763248 0.516407 0.00343398
2962 0.763248 0.513439 0.00287552
2963 0.763248 0.515713 0.00300733
2964 0.763248 0.516086 0.00315527
2965 0.763248 0.513882 0.003089
2966 0.763248 0.513154 0.00285795
2967 0.763248 0.51121 0.00284874
2968 0.763248 0.515492 0.00298842
2969 0.763248 0.519115 0.0031085
2970 0.763248 0.519192 0.00280952
2971 0.763248 0.516296 0.00307666
2972 0.763248 0.513455 0.00336463
2973 0.763248 0.514463 0.00307343
2974 0.763248 0.515079 0.0028484
2975 0.763248 0.513856 0.00328692
2976 0.763248 0.517776 0.0036966
2977 0.763248 0.513359 0.00310312
2978 0.763248 0.516199 0.00308162
2979 0.763248 0.513632 0.00331992
2980 0.763248 0.510411 0.0029288
2981 0.763248 0.512081 0.00313064
2982 0.763248 0.511217 0.00288612
2983 0.763248 0.511767 0.00281994
2984 0.763248 0.512588 0.00279193
2985 0.763248 0.514478 0.0031882
2986 0.763248 0.51544 0.00269877
2987 0.763248 0.511941 0.00272241
2988 0.763248 0.516673 0.00280524
2989 0.763248 0.514078 0.00319068
2990 0.763248 0.515205 0.00311867
2991 0.763248 0.516359 0.00315124
2992 0.763248 0.516741 0.0034423
2993 0.763248 0.51267 0.0029104
2994 0.763248 0.516845 0.00284678
2995 0.763248 0.5133 0.00297083
2996 0.763248 0.512909 0.00368039
2997 0.763248 0.513106 0.00349874
2998 0.763248 0.515414 0.00336527
2999 0.763248 0.517222 0.00291775
3000 0.763248 0.518676 0.00297265
