4
1
-57.8011
7.1791
0
-58.1703
6.18695
0
-52.0341
7.38961
0
-53.7036
3.94423
0
0.176081
0.229766
1
1.83092
0.239481
0.289526
0.790988
0.80482
1.15233
1.27433
1.38707
1.31968
0.414943
0.641481
1.47631
0.934204
0.665079
1.90058
0.996586
1.3334
0.534554
0.0868175
1.56678
1.6115
1.72744
0.00644628
1.51181
1.50353
1.79654
1.44796
0.0605967
0.618205
1.10837
1.93227
1.6876
1.25146
0.633971
0.924539
0.186342
0.675635
1.80759
1.23727
0.368186
1.85151
0.710462
0.358543
0.580761
1.00939
1.1495
0.775185
1.63386
1.06482
0.105036
0.710128
1.10327
1.06209
0.486265
0.430242
1.40969
1.39957
1.24613
1.00891
2
1.8289
1.70791
1.78626
1.64553
0.119775
0.707743
1.99405
1.88699
1.86432
0.0857329
0.88082
0.618979
0.291057
0.757075
1.57073
