4
1
-64.9377
4.33155
0
-52.9067
5.01662
0
0.0612882
0.268113
1
-63.4823
2.20003
0
-57.3805
7.87772
0
0.965547
1.31143
1.77469
0.663184
1.25952
0.189583
0.497366
1.33754
0.944636
1.76772
0.917922
1.32796
1.16822
0.736961
1.95935
0.0904622
1.36164
0.401862
1.12017
0.634047
0.474546
0.99872
0.441376
1.49614
0.608952
0.227934
1.54325
0.660673
1.88027
0.50924
0.536705
1.68862
1.69108
0.640447
0.272092
0.443944
1.59111
0.794783
0.225148
0.921107
1.27466
1.45073
1.38378
1.26513
0.730929
1.7278
1.61472
1.95211
0.809295
0.642099
0.0813432
0.880078
0.528033
1.75718
1.64768
0.692297
0.62384
1.30205
1.65014
0.783999
0.634748
1.92994
0.427834
1.35647
0.63844
1.25504
0.126749
0.183929
0.00448767
1.96613
0.311196
