0 0.52381 0.498248 8.32642e-05
1 0.560303 0.498647 0.000122226
2 0.560303 0.499274 0.000193574
3 0.560303 0.500747 0.000198757
4 0.560303 0.502374 0.000246194
5 0.560303 0.500778 0.000240044
6 0.560303 0.501351 0.000276121
7 0.560303 0.500829 0.000309517
8 0.560303 0.500585 0.000280987
9 0.59268 0.502436 0.000305812
10 0.59268 0.49807 0.000402083
11 0.59268 0.501396 0.000316433
12 0.59268 0.501395 0.000269226
13 0.59268 0.501445 0.000501725
14 0.59268 0.502783 0.00048001
15 0.59268 0.501387 0.000555534
16 0.59268 0.501749 0.000363773
17 0.59268 0.501563 0.000411638
18 0.599894 0.501501 0.000564697
19 0.599894 0.499817 0.000580384
20 0.599894 0.505195 0.000529588
21 0.599894 0.504346 0.000536326
22 0.599894 0.498569 0.000595729
23 0.599894 0.501893 0.000584353
24 0.599894 0.504446 0.000497376
25 0.599894 0.501238 0.000588054
26 0.599894 0.502251 0.000589591
27 0.599894 0.503985 0.00062368
28 0.599894 0.504071 0.00056973
29 0.599894 0.502019 0.000580052
30 0.599894 0.504441 0.000594267
31 0.599894 0.501341 0.00057891
32 0.599894 0.501653 0.000677433
33 0.599894 0.500766 0.000610715
34 0.599894 0.50344 0.000581749
35 0.658126 0.505835 0.000722384
36 0.658126 0.503824 0.000706807
37 0.658126 0.500271 0.000690809
38 0.658126 0.50357 0.000677433
39 0.658126 0.50451 0.000665537
40 0.658126 0.503914 0.000800853
41 0.658126 0.503566 0.000658334
42 0.658126 0.506126 0.000829469
43 0.658126 0.503281 0.00102325
44 0.658126 0.504807 0.000886526
45 0.658126 0.50135 0.000799674
46 0.658126 0.502487 0.00082773
47 0.658126 0.503413 0.000792313
48 0.658126 0.500628 0.000907252
49 0.658126 0.503404 0.000813373
50 0.658126 0.502371 0.000744815
51 0.658126 0.502205 0.000842208
52 0.658126 0.504488 0.000808547
53 0.658126 0.502935 0.000995244
54 0.658126 0.503944 0.0010527
55 0.658126 0.501314 0.000956829
56 0.658126 0.503782 0.000871472
57 0.658126 0.502407 0.000727331
58 0.658126 0.503786 0.000828624
59 0.658126 0.503555 0.000783757
60 0.658126 0.505059 0.000861654
61 0.658126 0.501656 0.000842534
62 0.658126 0.506238 0.000834467
63 0.658126 0.506023 0.000773903
64 0.658126 0.504186 0.000731005
65 0.658126 0.504314 0.000789414
66 0.658126 0.504631 0.00111896
67 0.658126 0.50474 0.00091614
68 0.658126 0.502019 0.000718654
69 0.658126 0.50324 0.000980539
70 0.658126 0.504493 0.000737889
71 0.658126 0.504885 0.000794015
72 0.658126 0.503519 0.000785928
73 0.658126 0.504099 0.000895997
74 0.658126 0.504829 0.000867763
75 0.658126 0.501725 0.000955443
76 0.658126 0.50604 0.000724437
77 0.658126 0.507005 0.000884572
78 0.658126 0.503211 0.000732064
79 0.658126 0.502748 0.000774336
80 0.658126 0.506243 0.000664678
81 0.658126 0.506331 0.000770335
82 0.658126 0.503727 0.000812983
83 0.658126 0.504591 0.000769601
84 0.658126 0.506004 0.00109791
85 0.658126 0.507494 0.000874951
86 0.658126 0.503858 0.000877405
87 0.658126 0.501424 0.000787199
88 0.658126 0.505183 0.000722508
89 0.658126 0.506978 0.000737073
90 0.658126 0.506588 0.000788825
91 0.658126 0.507603 0.000869398
92 0.658126 0.506095 0.000830534
93 0.658126 0.50301 0.000952885
94 0.658126 0.504836 0.000916352
95 0.658126 0.503053 0.00088667
96 0.658126 0.506816 0.000778392
97 0.658126 0.50458 0.000821386
98 0.658126 0.503209 0.000893243
99 0.658126 0.507662 0.000919482
100 0.658126 0.505229 0.00117212
101 0.658126 0.505963 0.000947267
102 0.658126 0.507997 0.000854658
103 0.658126 0.504778 0.000819109
104 0.658126 0.50665 0.000877667
105 0.658126 0.506021 0.000769626
106 0.658126 0.507206 0.00096289
107 0.658126 0.508829 0.000877205
108 0.658126 0.505326 0.000856792
109 0.658126 0.506735 0.000726335
110 0.658126 0.507324 0.00082382
111 0.658126 0.508126 0.000920818
112 0.658126 0.504365 0.000887509
113 0.658126 0.504005 0.000944301
114 0.658126 0.503456 0.00104182
115 0.658126 0.505073 0.000922641
116 0.658126 0.505304 0.00110317
117 0.658126 0.505064 0.000916637
118 0.658126 0.508658 0.000910992
119 0.658126 0.504337 0.000956502
120 0.658126 0.506666 0.000919011
121 0.658126 0.504576 0.000859719
122 0.658126 0.506061 0.00116445
123 0.658126 0.503643 0.000851509
124 0.658126 0.507295 0.000993567
125 0.658126 0.504363 0.00111058
126 0.658126 0.505367 0.00116278
127 0.658126 0.50392 0.000981534
128 0.658126 0.506672 0.00124706
129 0.658126 0.504884 0.00090696
130 0.658126 0.504574 0.00107531
131 0.658126 0.504431 0.00105263
132 0.658126 0.506838 0.00095294
133 0.658126 0.508512 0.00105507
134 0.658126 0.504394 0.00101638
135 0.658126 0.505608 0.000985199
136 0.658126 0.506751 0.0008525
137 0.658126 0.508064 0.00104902
138 0.658126 0.508598 0.000903567
139 0.658126 0.505138 0.00106183
140 0.658126 0.510297 0.00101803
141 0.658126 0.505888 0.000807508
142 0.658126 0.502692 0.000879728
143 0.658126 0.506404 0.000839113
144 0.658126 0.508922 0.00104026
145 0.658126 0.506897 0.000993398
146 0.658126 0.505499 0.00104558
147 0.658126 0.508167 0.00104738
148 0.658126 0.505284 0.00104034
149 0.658126 0.504931 0.000962658
150 0.658126 0.50531 0.00118289
151 0.658126 0.504822 0.00112489
152 0.658126 0.5051 0.00111804
153 0.658126 0.505684 0.000881073
154 0.658126 0.506873 0.00115924
155 0.658126 0.506182 0.00106967
156 0.658126 0.506185 0.00124005
157 0.658126 0.506225 0.00120713
158 0.658126 0.505411 0.00105768
159 0.658126 0.506258 0.00103921
160 0.658126 0.510242 0.00103144
161 0.658126 0.509481 0.00101196
162 0.658126 0.505509 0.000981024
163 0.658126 0.507395 0.00114136
164 0.658126 0.505876 0.00111856
165 0.658126 0.508226 0.000962875
166 0.658126 0.508173 0.000885418
167 0.658126 0.505403 0.00099224
168 0.658126 0.500662 0.00118436
169 0.658126 0.504567 0.00114505
170 0.658126 0.504337 0.00124867
171 0.658126 0.511198 0.00130651
172 0.658126 0.505418 0.00116249
173 0.658126 0.508362 0.000992791
174 0.658126 0.501733 0.0011778
175 0.658126 0.503298 0.00120884
176 0.658126 0.506293 0.00102042
177 0.658126 0.506476 0.00121118
178 0.658126 0.504872 0.00117284
179 0.658126 0.505346 0.00104315
180 0.658126 0.504969 0.00121323
181 0.658126 0.505853 0.00119432
182 0.658126 0.50637 0.00121937
183 0.658126 0.504646 0.00093003
184 0.658126 0.504537 0.00108463
185 0.658126 0.506152 0.0011041
186 0.658126 0.512211 0.00117788
187 0.658126 0.510095 0.00146366
188 0.658126 0.512672 0.00103795
189 0.658126 0.504735 0.00108197
190 0.658126 0.509276 0.00112264
191 0.658126 0.509449 0.00120758
192 0.658126 0.506657 0.00114231
193 0.658126 0.506805 0.00121073
194 0.658126 0.505289 0.00112991
195 0.658126 0.507737 0.000991897
196 0.658126 0.50358 0.0010803
197 0.658126 0.507818 0.00118986
198 0.658126 0.507723 0.00124562
199 0.658126 0.505946 0.00118925
200 0.658126 0.505938 0.00141675
201 0.658126 0.504907 0.00113941
202 0.658126 0.505046 0.00101954
203 0.658126 0.505303 0.00125901
204 0.658126 0.505225 0.00107443
205 0.658126 0.50786 0.0011301
206 0.658126 0.505258 0.000943559
207 0.658126 0.504859 0.00107521
208 0.658126 0.507952 0.00122209
209 0.658126 0.504307 0.0011291
210 0.658126 0.505144 0.00117124
211 0.658126 0.507005 0.00113714
212 0.658126 0.502326 0.00123723
213 0.658126 0.503359 0.00113239
214 0.658126 0.503657 0.00130719
215 0.658126 0.507056 0.0011125
216 0.658126 0.509596 0.00116926
217 0.658126 0.509025 0.00126837
218 0.658126 0.505618 0.00118242
219 0.658126 0.505336 0.00136256
220 0.658126 0.504452 0.00130288
221 0.658126 0.504679 0.001355
222 0.658126 0.502765 0.001517
223 0.658126 0.504465 0.00118397
224 0.658126 0.507025 0.00140556
225 0.658126 0.506594 0.00123353
226 0.658126 0.508316 0.00139493
227 0.658126 0.502477 0.00117207
228 0.658126 0.509301 0.00139402
229 0.658126 0.504433 0.00163536
230 0.658126 0.510224 0.00140872
231 0.658126 0.50654 0.00113727
232 0.658126 0.505775 0.00123005
233 0.658126 0.504465 0.00143182
234 0.658126 0.504919 0.00126464
235 0.658126 0.504491 0.00116709
236 0.658126 0.510728 0.00148863
237 0.658126 0.508202 0.00114784
238 0.658126 0.50971 0.00137523
239 0.658126 0.504481 0.00122042
240 0.658126 0.505634 0.00121597
241 0.658126 0.506055 0.00112292
242 0.674734 0.508248 0.00151366
243 0.674734 0.506533 0.00157094
244 0.674734 0.507725 0.00128145
245 0.674734 0.505422 0.00113814
246 0.674734 0.509011 0.00121369
247 0.674734 0.506233 0.001292
248 0.674734 0.504669 0.00133822
249 0.674734 0.503838 0.00160666
250 0.674734 0.506414 0.0013426
251 0.674734 0.510378 0.00110486
252 0.674734 0.504052 0.00132561
253 0.674734 0.507639 0.00130373
254 0.674734 0.508731 0.00123706
255 0.674734 0.505235 0.00143513
256 0.674734 0.506068 0.00134134
257 0.674734 0.509004 0.00142692
258 0.674734 0.504938 0.00155233
259 0.674734 0.506526 0.00153547
260 0.674734 0.504108 0.00146293
261 0.674734 0.503766 0.00166507
262 0.674734 0.508483 0.0013014
263 0.674734 0.506681 0.0013958
264 0.674734 0.506585 0.0013751
265 0.674734 0.50942 0.00161692
266 0.674734 0.508664 0.00168298
267 0.674734 0.507591 0.00163486
268 0.674734 0.504518 0.00149293
269 0.674734 0.505377 0.00171453
270 0.674734 0.504533 0.0013806
271 0.674734 0.511811 0.00141693
272 0.674734 0.507706 0.00135253
273 0.674734 0.509726 0.00142949
274 0.674734 0.509791 0.00148819
275 0.674734 0.50248 0.00151422
276 0.674734 0.509578 0.00164255
277 0.674734 0.508104 0.00158954
278 0.674734 0.503975 0.00151391
279 0.674734 0.502472 0.00164644
280 0.674734 0.509642 0.00136436
281 0.674734 0.507432 0.00137724
282 0.674734 0.505563 0.00133704
283 0.674734 0.50788 0.00130857
284 0.674734 0.506369 0.00134328
285 0.674734 0.504736 0.00142363
286 0.674734 0.504683 0.00156439
287 0.674734 0.505678 0.00165587
288 0.674734 0.507789 0.00141384
289 0.674734 0.506206 0.00161066
290 0.674734 0.508691 0.0014659
291 0.674734 0.505748 0.00131995
292 0.674734 0.507846 0.00192717
293 0.674734 0.507025 0.00146477
294 0.674734 0.505368 0.00141141
295 0.674734 0.502207 0.00164171
296 0.674734 0.501218 0.00161598
297 0.674734 0.502659 0.00170386
298 0.674734 0.506875 0.00149892
299 0.674734 0.506904 0.00151449
300 0.674734 0.507111 0.00149428
301 0.674734 0.506855 0.00158929
302 0.674734 0.503765 0.00159046
303 0.674734 0.50316 0.00146008
304 0.674734 0.503999 0.00141511
305 0.674734 0.508063 0.00142431
306 0.674734 0.505328 0.00144104
307 0.674734 0.504299 0.001668
308 0.674734 0.504995 0.00160944
309 0.674734 0.507085 0.00154958
310 0.674734 0.504636 0.0014071
311 0.674734 0.506587 0.00137952
312 0.674734 0.507884 0.00163627
313 0.674734 0.500842 0.00155417
314 0.674734 0.50544 0.00161897
315 0.674734 0.508253 0.00164078
316 0.674734 0.503658 0.00161191
317 0.674734 0.50721 0.00145973
318 0.674734 0.505201 0.00157918
319 0.674734 0.511815 0.00144825
320 0.674734 0.500232 0.00165682
321 0.674734 0.506077 0.00166099
322 0.674734 0.505098 0.0016165
323 0.674734 0.504595 0.00137424
324 0.674734 0.506277 0.00132227
325 0.674734 0.503748 0.00151406
326 0.674734 0.504908 0.00148028
327 0.674734 0.507523 0.0014565
328 0.674734 0.50923 0.00174471
329 0.674734 0.502794 0.00160471
330 0.674734 0.506077 0.00157621
331 0.674734 0.507494 0.00143197
332 0.674734 0.509369 0.00136053
333 0.674734 0.503533 0.00172985
334 0.674734 0.504941 0.00194871
335 0.674734 0.508534 0.00158022
336 0.674734 0.505707 0.00134589
337 0.674734 0.505517 0.00162739
338 0.674734 0.505134 0.00145157
339 0.674734 0.509369 0.00121443
340 0.674734 0.504646 0.00188106
341 0.674734 0.508759 0.00147075
342 0.674734 0.505134 0.00147791
343 0.674734 0.506683 0.00147109
344 0.674734 0.5056 0.00159563
345 0.674734 0.508369 0.00155557
346 0.674734 0.507562 0.00135302
347 0.674734 0.506087 0.00147857
348 0.674734 0.51003 0.00151913
349 0.674734 0.503717 0.00159995
350 0.674734 0.50292 0.00168901
351 0.674734 0.503872 0.00147979
352 0.674734 0.505995 0.00154232
353 0.674734 0.507351 0.00164882
354 0.674734 0.505984 0.00164764
355 0.674734 0.505516 0.00156207
356 0.674734 0.503801 0.00139618
357 0.674734 0.508852 0.00139764
358 0.674734 0.503099 0.00200287
359 0.674734 0.50542 0.00143278
360 0.674734 0.502719 0.00178126
361 0.674734 0.508701 0.00171918
362 0.674734 0.504799 0.00143821
363 0.674734 0.509017 0.00146695
364 0.674734 0.506641 0.00164033
365 0.674734 0.508474 0.00156418
366 0.674734 0.509721 0.00159101
367 0.674734 0.505395 0.0014473
368 0.674734 0.502879 0.00137805
369 0.674734 0.50687 0.00174595
370 0.674734 0.503973 0.00157174
371 0.674734 0.505086 0.0013961
372 0.674734 0.506552 0.00160828
373 0.674734 0.505248 0.00158097
374 0.674734 0.510814 0.00143485
375 0.674734 0.507624 0.00153145
376 0.674734 0.505559 0.00143367
377 0.674734 0.50769 0.00151862
378 0.674734 0.507272 0.00137369
379 0.674734 0.507183 0.00150036
380 0.674734 0.508851 0.0016741
381 0.674734 0.501322 0.00159651
382 0.674734 0.506573 0.00199015
383 0.674734 0.51149 0.00146091
384 0.674734 0.505024 0.00159647
385 0.674734 0.507186 0.00159964
386 0.674734 0.508179 0.00162107
387 0.674734 0.509851 0.00166668
388 0.674734 0.504737 0.00197287
389 0.674734 0.506749 0.00149285
390 0.674734 0.502085 0.0015908
391 0.674734 0.502278 0.00159214
392 0.674734 0.508247 0.00143686
393 0.674734 0.507415 0.00149651
394 0.674734 0.50855 0.00151245
395 0.674734 0.507018 0.00148202
396 0.674734 0.502906 0.00157608
397 0.674734 0.504631 0.00175988
398 0.674734 0.507176 0.00157146
399 0.674734 0.50532 0.00220434
400 0.674734 0.507304 0.00191979
401 0.674734 0.505781 0.00160461
402 0.674734 0.503192 0.00167408
403 0.674734 0.507016 0.00184088
404 0.674734 0.508423 0.0014686
405 0.674734 0.507705 0.00158005
406 0.674734 0.50555 0.00144053
407 0.674734 0.507864 0.00150227
408 0.674734 0.506995 0.00156551
409 0.674734 0.50885 0.00167685
410 0.674734 0.507113 0.00138772
411 0.674734 0.507407 0.00158881
412 0.674734 0.504627 0.00174844
413 0.674734 0.508465 0.00163175
414 0.674734 0.504042 0.00157524
415 0.674734 0.507387 0.00125506
416 0.674734 0.509412 0.00139708
417 0.674734 0.507385 0.00127401
418 0.674734 0.506084 0.0015766
419 0.674734 0.507593 0.00137811
420 0.674734 0.504202 0.00150953
421 0.674734 0.503067 0.0013602
422 0.674734 0.509002 0.00152504
423 0.674734 0.507632 0.00153482
424 0.674734 0.508026 0.00139115
425 0.674734 0.503855 0.00162737
426 0.674734 0.504535 0.00156224
427 0.674734 0.507629 0.00158162
428 0.674734 0.507161 0.00133347
429 0.674734 0.505344 0.0015027
430 0.674734 0.505528 0.00159282
431 0.674734 0.502219 0.00188268
432 0.674734 0.506575 0.00171713
433 0.674734 0.503794 0.00186049
434 0.674734 0.507719 0.00160145
435 0.674734 0.509379 0.00193226
436 0.674734 0.5037 0.00131418
437 0.674734 0.504591 0.00136999
438 0.674734 0.501959 0.00137613
439 0.674734 0.506237 0.00160225
440 0.674734 0.507536 0.00155425
441 0.674734 0.507285 0.00175166
442 0.674734 0.508131 0.0014503
443 0.674734 0.506123 0.00141341
444 0.674734 0.505269 0.00132708
445 0.674734 0.507027 0.00189041
446 0.674734 0.504342 0.00156774
447 0.674734 0.505549 0.00143949
448 0.674734 0.507539 0.00137262
449 0.674734 0.507062 0.00201937
450 0.674734 0.507374 0.00127776
451 0.674734 0.502515 0.00138172
452 0.674734 0.508515 0.00168692
453 0.674734 0.507505 0.00148921
454 0.674734 0.507564 0.00129386
455 0.674734 0.505089 0.00149124
456 0.674734 0.503074 0.00173812
457 0.674734 0.50741 0.00150853
458 0.674734 0.505932 0.00166854
459 0.674734 0.505588 0.00134995
460 0.674734 0.506745 0.00152922
461 0.674734 0.507592 0.0016697
462 0.674734 0.504016 0.00132448
463 0.674734 0.504416 0.0013663
464 0.674734 0.503004 0.0015146
465 0.674734 0.506532 0.00142616
466 0.674734 0.50457 0.00130312
467 0.674734 0.502297 0.00158185
468 0.674734 0.507812 0.00151504
469 0.674734 0.50381 0.00148048
470 0.674734 0.503592 0.00186126
471 0.674734 0.507096 0.00179948
472 0.674734 0.501924 0.00187491
473 0.674734 0.506303 0.00134602
474 0.674734 0.50476 0.00169435
475 0.674734 0.508432 0.00151139
476 0.674734 0.504942 0.00168559
477 0.674734 0.510032 0.00149987
478 0.674734 0.504763 0.00179397
479 0.674734 0.504517 0.00173225
480 0.674734 0.505984 0.00162237
481 0.674734 0.504435 0.00196567
482 0.674734 0.506691 0.0017694
483 0.674734 0.505945 0.00146396
484 0.674734 0.505715 0.00142758
485 0.674734 0.506811 0.0015356
486 0.674734 0.507795 0.00163017
487 0.674734 0.50631 0.00140367
488 0.674734 0.503774 0.00166818
489 0.674734 0.504785 0.00139771
490 0.674734 0.50748 0.00131512
491 0.674734 0.504146 0.00174481
492 0.674734 0.508006 0.00168297
493 0.674734 0.508579 0.00138775
494 0.674734 0.507264 0.00159165
495 0.674734 0.509445 0.00158465
496 0.674734 0.506275 0.00154902
497 0.674734 0.504943 0.00149282
498 0.674734 0.501325 0.00175335
499 0.674734 0.504935 0.0015072
500 0.674734 0.506857 0.00159386
501 0.674734 0.509685 0.00149696
502 0.674734 0.511179 0.00143514
503 0.674734 0.503263 0.00151661
504 0.674734 0.505161 0.00148443
505 0.674734 0.506095 0.00158408
506 0.674734 0.508971 0.00168503
507 0.674734 0.507818 0.00152441
508 0.674734 0.50739 0.00140681
509 0.674734 0.509464 0.00165228
510 0.674734 0.507379 0.00177225
511 0.674734 0.508752 0.00156567
512 0.674734 0.506047 0.00169559
513 0.674734 0.507613 0.00144578
514 0.674734 0.514901 0.00145501
515 0.674734 0.503825 0.00146126
516 0.674734 0.503993 0.00153484
517 0.674734 0.509258 0.00180094
518 0.674734 0.503017 0.00153438
519 0.674734 0.507139 0.00159668
520 0.674734 0.504844 0.00158065
521 0.674734 0.503953 0.00136216
522 0.674734 0.504399 0.00160359
523 0.674734 0.506344 0.00154755
524 0.674734 0.503749 0.00155832
525 0.674734 0.50695 0.00153365
526 0.674734 0.500429 0.00167494
527 0.674734 0.505605 0.00141514
528 0.674734 0.50417 0.00157921
529 0.674734 0.504443 0.00160676
530 0.674734 0.503336 0.00147634
531 0.674734 0.504838 0.00159818
532 0.674734 0.508151 0.00152434
533 0.674734 0.505378 0.00156933
534 0.674734 0.509897 0.00158983
535 0.674734 0.506579 0.0015969
536 0.674734 0.505489 0.00138194
537 0.674734 0.506859 0.00146154
538 0.674734 0.506031 0.001495
539 0.674734 0.507589 0.0015904
540 0.674734 0.506712 0.00142038
541 0.674734 0.505987 0.0021202
542 0.674734 0.504245 0.00172191
543 0.674734 0.505741 0.00156127
544 0.674734 0.505388 0.00165507
545 0.674734 0.507285 0.00159178
546 0.674734 0.50844 0.00176852
547 0.674734 0.506086 0.00171493
548 0.674734 0.501374 0.00162639
549 0.674734 0.503576 0.00136503
550 0.674734 0.503786 0.00140731
551 0.674734 0.506784 0.00154906
552 0.674734 0.507268 0.00163855
553 0.674734 0.509606 0.00161387
554 0.674734 0.505478 0.00176517
555 0.674734 0.502323 0.00153223
556 0.674734 0.504049 0.0016159
557 0.674734 0.507867 0.0014527
558 0.674734 0.505165 0.00156764
559 0.674734 0.50963 0.00165077
560 0.674734 0.510016 0.00163597
561 0.674734 0.514698 0.00183354
562 0.674734 0.503391 0.00145295
563 0.674734 0.510444 0.00161803
564 0.674734 0.502298 0.00156112
565 0.674734 0.509804 0.00178353
566 0.674734 0.508808 0.00167322
567 0.674734 0.510353 0.00172895
568 0.674734 0.50683 0.00180686
569 0.674734 0.509526 0.0015427
570 0.674734 0.50234 0.00170532
571 0.674734 0.506127 0.00139215
572 0.674734 0.507773 0.00142618
573 0.674734 0.504631 0.00164993
574 0.674734 0.505926 0.00148028
575 0.674734 0.506738 0.00135625
576 0.674734 0.50817 0.00125921
577 0.674734 0.50473 0.00142762
578 0.674734 0.503482 0.00150549
579 0.674734 0.510752 0.00143826
580 0.674734 0.505296 0.00145743
581 0.674734 0.504911 0.00216607
582 0.674734 0.502632 0.00166737
583 0.674734 0.505848 0.00146091
584 0.674734 0.50521 0.00146005
585 0.674734 0.511593 0.00169282
586 0.674734 0.504645 0.0018537
587 0.674734 0.504832 0.0016671
588 0.674734 0.508966 0.00168025
589 0.674734 0.507995 0.0015871
590 0.674734 0.505854 0.00171014
591 0.674734 0.50725 0.00178194
592 0.674734 0.506491 0.00167825
593 0.674734 0.507255 0.0016457
594 0.674734 0.503419 0.00150889
595 0.674734 0.505079 0.00165983
596 0.674734 0.508566 0.00151757
597 0.674734 0.512005 0.00143138
598 0.674734 0.50644 0.00129657
599 0.674734 0.50742 0.00157733
600 0.674734 0.505312 0.00165106
601 0.674734 0.504228 0.001621
602 0.674734 0.504453 0.00167824
603 0.674734 0.508127 0.00179071
604 0.674734 0.503562 0.00160092
605 0.674734 0.506057 0.00162162
606 0.674734 0.506783 0.00179008
607 0.674734 0.503577 0.00167485
608 0.674734 0.506472 0.00178649
609 0.674734 0.506101 0.0020973
610 0.674734 0.510578 0.00170339
611 0.674734 0.510257 0.00140908
612 0.674734 0.506097 0.0016239
613 0.674734 0.505654 0.0017295
614 0.674734 0.508234 0.00164715
615 0.674734 0.507917 0.00145477
616 0.674734 0.50441 0.00162793
617 0.674734 0.507428 0.00171585
618 0.674734 0.507151 0.00200229
619 0.674734 0.502183 0.00219013
620 0.674734 0.510082 0.0016559
621 0.674734 0.510288 0.00167599
622 0.674734 0.504513 0.00178405
623 0.674734 0.503865 0.00201586
624 0.674734 0.505535 0.00196851
625 0.674734 0.50292 0.00168236
626 0.674734 0.50756 0.00159603
627 0.674734 0.507422 0.001518
628 0.674734 0.506718 0.00140195
629 0.674734 0.506719 0.00146936
630 0.674734 0.504862 0.00141256
631 0.674734 0.503669 0.00165089
632 0.674734 0.504094 0.00136071
633 0.674734 0.509326 0.00157076
634 0.674734 0.503425 0.00173596
635 0.674734 0.506843 0.00178329
636 0.674734 0.505103 0.00158455
637 0.674734 0.505876 0.00171774
638 0.674734 0.505278 0.00172619
639 0.674734 0.508886 0.00130124
640 0.674734 0.508717 0.0013794
641 0.674734 0.511096 0.00143817
642 0.674734 0.50493 0.0016274
643 0.674734 0.504733 0.00137916
644 0.674734 0.505621 0.00158714
645 0.674734 0.509717 0.00141105
646 0.674734 0.512676 0.0015755
647 0.674734 0.505589 0.00168652
648 0.674734 0.506621 0.00160278
649 0.674734 0.507369 0.00158478
650 0.674734 0.504513 0.00160937
651 0.674734 0.509466 0.00178804
652 0.674734 0.506147 0.00172461
653 0.674734 0.508576 0.00160216
654 0.674734 0.503692 0.0015713
655 0.674734 0.506176 0.00157132
656 0.674734 0.502483 0.00168632
657 0.674734 0.503295 0.00166874
658 0.674734 0.510362 0.0015343
659 0.674734 0.50406 0.00158111
660 0.674734 0.506204 0.00172206
661 0.674734 0.507977 0.00174605
662 0.674734 0.503131 0.00192835
663 0.674734 0.503953 0.00171133
664 0.674734 0.508737 0.00175046
665 0.674734 0.502703 0.00160198
666 0.674734 0.503442 0.0020339
667 0.674734 0.506966 0.00173228
668 0.674734 0.50848 0.00191097
669 0.674734 0.506298 0.00178101
670 0.674734 0.500102 0.00173882
671 0.674734 0.500387 0.00179106
672 0.674734 0.502724 0.00199077
673 0.674734 0.502734 0.00179212
674 0.674734 0.504778 0.00157003
675 0.674734 0.503109 0.00141336
676 0.674734 0.503091 0.00166512
677 0.674734 0.503902 0.00158052
678 0.674734 0.504503 0.00148919
679 0.674734 0.504309 0.00159809
680 0.674734 0.501532 0.00179958
681 0.674734 0.509668 0.00145184
682 0.674734 0.503865 0.00172685
683 0.674734 0.508969 0.00161689
684 0.674734 0.50759 0.00171177
685 0.674734 0.511947 0.00178873
686 0.674734 0.505313 0.00166818
687 0.674734 0.504121 0.00176057
688 0.674734 0.511061 0.00161151
689 0.674734 0.505424 0.00185454
690 0.674734 0.502811 0.00164771
691 0.674734 0.502248 0.00170228
692 0.674734 0.506135 0.00132578
693 0.674734 0.506765 0.00152681
694 0.674734 0.504682 0.00146828
695 0.674734 0.507397 0.00142421
696 0.674734 0.506522 0.00170997
697 0.674734 0.505009 0.00167505
698 0.674734 0.505353 0.00135258
699 0.674734 0.509172 0.00124077
700 0.674734 0.50696 0.00135707
701 0.674734 0.506812 0.00127567
702 0.674734 0.508737 0.00145274
703 0.674734 0.508842 0.0016339
704 0.674734 0.507207 0.00173014
705 0.674734 0.507815 0.00161261
706 0.674734 0.50465 0.00158379
707 0.674734 0.50767 0.00158354
708 0.674734 0.50552 0.00173516
709 0.674734 0.505029 0.00168281
710 0.674734 0.504641 0.00165187
711 0.674734 0.50506 0.00167367
712 0.674734 0.502311 0.00156766
713 0.674734 0.505586 0.00140693
714 0.674734 0.503595 0.00150273
715 0.674734 0.50772 0.00143509
716 0.674734 0.505848 0.00177918
717 0.674734 0.50436 0.00139573
718 0.674734 0.509092 0.00148977
719 0.674734 0.50773 0.00137208
720 0.674734 0.50808 0.00147314
721 0.674734 0.50572 0.00172152
722 0.674734 0.506245 0.0014781
723 0.674734 0.503235 0.00165607
724 0.674734 0.507323 0.00154446
725 0.674734 0.508001 0.00171153
726 0.674734 0.503926 0.00171457
727 0.674734 0.509759 0.00149936
728 0.674734 0.50638 0.00176365
729 0.674734 0.51004 0.00176561
730 0.674734 0.507869 0.001543
731 0.674734 0.505281 0.00152046
732 0.674734 0.505843 0.00156958
733 0.674734 0.505574 0.00163246
734 0.674734 0.508008 0.00164516
735 0.674734 0.510104 0.0016309
736 0.674734 0.505682 0.0015684
737 0.674734 0.507737 0.00160529
738 0.674734 0.505077 0.00152421
739 0.674734 0.506617 0.00165067
740 0.674734 0.506071 0.00156532
741 0.674734 0.508269 0.0016433
742 0.674734 0.506569 0.00154941
743 0.674734 0.508468 0.00191576
744 0.674734 0.509781 0.00145264
745 0.674734 0.506341 0.00136349
746 0.674734 0.508801 0.00135906
747 0.674734 0.506031 0.00148565
748 0.674734 0.501656 0.00164818
749 0.674734 0.502567 0.0014949
750 0.674734 0.505738 0.0014914
751 0.674734 0.504134 0.00156539
752 0.674734 0.506178 0.00147452
753 0.674734 0.506458 0.00153214
754 0.674734 0.505717 0.00154876
755 0.674734 0.505947 0.00157032
756 0.674734 0.505849 0.00167833
757 0.674734 0.507603 0.0014693
758 0.674734 0.500267 0.00170767
759 0.674734 0.507554 0.00144793
760 0.674734 0.505652 0.00166734
761 0.674734 0.508781 0.00176396
762 0.674734 0.503708 0.00142118
763 0.674734 0.503486 0.00134773
764 0.674734 0.500989 0.00135826
765 0.674734 0.503049 0.00156241
766 0.674734 0.503545 0.00164518
767 0.674734 0.507637 0.00147355
768 0.674734 0.506871 0.00146636
769 0.674734 0.50533 0.0015176
770 0.674734 0.506195 0.00167725
771 0.674734 0.507402 0.0015625
772 0.674734 0.509004 0.00164334
773 0.674734 0.509543 0.00151443
774 0.674734 0.50528 0.00155694
775 0.674734 0.505022 0.00146137
776 0.674734 0.505297 0.00147245
777 0.674734 0.504512 0.00150254
778 0.674734 0.505709 0.00165048
779 0.674734 0.507008 0.00132136
780 0.674734 0.508236 0.00171479
781 0.674734 0.506416 0.00138475
782 0.674734 0.508455 0.00161786
783 0.674734 0.507724 0.00118542
784 0.674734 0.506524 0.00125708
785 0.674734 0.505221 0.00132891
786 0.674734 0.504408 0.00132771
787 0.674734 0.505821 0.00134025
788 0.674734 0.505396 0.00125199
789 0.674734 0.507946 0.00135729
790 0.674734 0.503003 0.00148524
791 0.674734 0.504716 0.00125985
792 0.674734 0.504579 0.00140822
793 0.674734 0.506616 0.00137736
794 0.674734 0.506724 0.00143582
795 0.674734 0.508591 0.00141111
796 0.674734 0.509948 0.00142898
797 0.674734 0.501833 0.00163646
798 0.674734 0.506894 0.00164438
799 0.674734 0.507158 0.00132346
800 0.674734 0.506632 0.00161823
801 0.674734 0.506735 0.00133949
802 0.674734 0.506961 0.00155031
803 0.674734 0.503536 0.00136441
804 0.674734 0.503933 0.00144105
805 0.674734 0.506216 0.0013125
806 0.674734 0.507649 0.00155733
807 0.674734 0.508899 0.00132198
808 0.674734 0.511393 0.00169435
809 0.674734 0.5015 0.00156576
810 0.674734 0.506932 0.0015741
811 0.674734 0.511322 0.00162784
812 0.674734 0.503199 0.00163979
813 0.674734 0.507953 0.00133441
814 0.674734 0.507498 0.00167234
815 0.674734 0.507568 0.00153005
816 0.674734 0.509822 0.0016691
817 0.674734 0.509051 0.00148513
818 0.694208 0.510372 0.00191615
819 0.694208 0.504865 0.00229879
820 0.694208 0.504682 0.00172321
821 0.694208 0.50847 0.00166241
822 0.694208 0.506109 0.00185175
823 0.694208 0.509968 0.00166136
824 0.694208 0.50867 0.00188543
825 0.694208 0.508908 0.00162323
826 0.694208 0.50741 0.00159222
827 0.694208 0.507653 0.00176668
828 0.694208 0.509236 0.00159481
829 0.694208 0.507876 0.00169826
830 0.694208 0.504692 0.0014608
831 0.694208 0.505482 0.00161666
832 0.694208 0.507022 0.00159757
833 0.694208 0.510634 0.00156548
834 0.694208 0.507557 0.00152796
835 0.694208 0.504714 0.00181274
836 0.694208 0.507475 0.00172549
837 0.694208 0.50692 0.00166619
838 0.694208 0.508084 0.00146992
839 0.694208 0.505159 0.00165378
840 0.694208 0.508014 0.00188384
841 0.694208 0.504341 0.00176517
842 0.694208 0.507243 0.00175211
843 0.694208 0.50629 0.00176256
844 0.694208 0.506422 0.00162048
845 0.694208 0.504241 0.0018231
846 0.694208 0.507395 0.001973
847 0.694208 0.508907 0.00186817
848 0.694208 0.504933 0.00145615
849 0.694208 0.5062 0.00185936
850 0.694208 0.50509 0.00164239
851 0.694208 0.507209 0.00173887
852 0.694208 0.507287 0.0014868
853 0.694208 0.505197 0.00156143
854 0.694208 0.504614 0.00146137
855 0.694208 0.503341 0.00174341
856 0.694208 0.508773 0.00188427
857 0.694208 0.50903 0.00162746
858 0.694208 0.505862 0.00181226
859 0.694208 0.508728 0.00151543
860 0.694208 0.50453 0.00160981
861 0.694208 0.508273 0.00172519
862 0.694208 0.506094 0.00143288
863 0.694208 0.507542 0.00193079
864 0.694208 0.501268 0.00185451
865 0.694208 0.504117 0.00183001
866 0.694208 0.502759 0.0016794
867 0.694208 0.505697 0.0014663
868 0.694208 0.505344 0.00180706
869 0.694208 0.510468 0.00166745
870 0.694208 0.504309 0.00191307
871 0.694208 0.508063 0.00180297
872 0.694208 0.503975 0.00196513
873 0.694208 0.505947 0.00150312
874 0.694208 0.510706 0.00180426
875 0.694208 0.506492 0.00173018
876 0.694208 0.505467 0.00142558
877 0.694208 0.507711 0.00166876
878 0.694208 0.508413 0.0016436
879 0.694208 0.505421 0.00165949
880 0.694208 0.509457 0.00168377
881 0.694208 0.509751 0.00193911
882 0.694208 0.505452 0.00175734
883 0.694208 0.507412 0.0020619
884 0.694208 0.506771 0.0019289
885 0.694208 0.504855 0.00186821
886 0.694208 0.505169 0.00172955
887 0.694208 0.505487 0.001792
888 0.694208 0.511326 0.00181614
889 0.694208 0.505321 0.00190325
890 0.694208 0.504787 0.0018686
891 0.694208 0.511481 0.00181903
892 0.694208 0.508491 0.00167005
893 0.694208 0.499964 0.00188783
894 0.694208 0.507167 0.00150179
895 0.694208 0.508352 0.00155909
896 0.694208 0.503066 0.00171566
897 0.694208 0.501639 0.00223095
898 0.694208 0.506441 0.00167312
899 0.694208 0.504174 0.00186481
900 0.694208 0.512921 0.00206038
901 0.694208 0.508803 0.00195451
902 0.694208 0.509099 0.0016506
903 0.694208 0.510378 0.00176065
904 0.694208 0.510187 0.00164512
905 0.694208 0.506838 0.00157877
906 0.694208 0.506855 0.00163171
907 0.694208 0.504605 0.00172389
908 0.694208 0.508491 0.00157195
909 0.694208 0.508984 0.00163985
910 0.694208 0.512616 0.00167367
911 0.694208 0.505842 0.00150021
912 0.694208 0.508241 0.00176554
913 0.694208 0.504883 0.00192857
914 0.694208 0.505143 0.00186726
915 0.694208 0.502653 0.00203417
916 0.694208 0.508273 0.00191557
917 0.694208 0.508581 0.00170332
918 0.694208 0.504387 0.00172564
919 0.694208 0.50382 0.00195878
920 0.694208 0.511082 0.00181717
921 0.694208 0.504334 0.00173328
922 0.694208 0.504071 0.00178206
923 0.694208 0.507569 0.00173924
924 0.694208 0.509625 0.00174948
925 0.694208 0.50554 0.00166419
926 0.694208 0.505739 0.00166034
927 0.694208 0.509062 0.00165538
928 0.694208 0.510472 0.00144466
929 0.694208 0.512275 0.00204692
930 0.694208 0.504529 0.0020253
931 0.694208 0.50684 0.00183123
932 0.694208 0.510567 0.00175173
933 0.694208 0.505613 0.00173022
934 0.694208 0.504841 0.00161072
935 0.694208 0.503293 0.0016067
936 0.694208 0.5083 0.00197922
937 0.694208 0.508239 0.00188765
938 0.694208 0.503765 0.00164739
939 0.694208 0.503105 0.00193598
940 0.694208 0.508213 0.0018762
941 0.694208 0.504554 0.00209377
942 0.694208 0.505912 0.00171193
943 0.694208 0.511339 0.00179784
944 0.694208 0.507315 0.00191899
945 0.694208 0.504714 0.00196328
946 0.694208 0.508724 0.0017873
947 0.694208 0.508616 0.00164847
948 0.694208 0.508593 0.00190418
949 0.694208 0.507624 0.00170873
950 0.694208 0.509787 0.00184342
951 0.694208 0.507496 0.0017034
952 0.694208 0.51018 0.00185736
953 0.694208 0.509867 0.00167639
954 0.694208 0.507839 0.00167543
955 0.694208 0.504083 0.00185771
956 0.694208 0.502851 0.00169632
957 0.694208 0.507264 0.00151611
958 0.694208 0.503332 0.00183908
959 0.694208 0.507528 0.00151957
960 0.694208 0.506551 0.00190496
961 0.694208 0.506612 0.00161823
962 0.694208 0.508392 0.00179841
963 0.694208 0.511774 0.00179667
964 0.694208 0.501258 0.00170559
965 0.694208 0.503618 0.00171156
966 0.694208 0.505663 0.0016372
967 0.694208 0.508062 0.00175759
968 0.694208 0.508479 0.00211952
969 0.694208 0.507164 0.00175631
970 0.694208 0.505355 0.00188118
971 0.694208 0.507772 0.00194886
972 0.694208 0.505338 0.00174341
973 0.694208 0.50995 0.00168866
974 0.694208 0.504683 0.00170628
975 0.694208 0.505384 0.00169426
976 0.694208 0.504607 0.00200806
977 0.694208 0.503106 0.00203463
978 0.694208 0.500435 0.00180876
979 0.694208 0.507202 0.00174203
980 0.694208 0.507413 0.00174541
981 0.694208 0.502415 0.00196705
982 0.694208 0.505647 0.00171496
983 0.694208 0.504221 0.00189766
984 0.694208 0.5085 0.00166399
985 0.694208 0.509005 0.00175144
986 0.694208 0.504981 0.00195951
987 0.694208 0.507194 0.00183979
988 0.694208 0.506534 0.00184762
989 0.694208 0.508602 0.00208601
990 0.694208 0.510253 0.00213689
991 0.694208 0.509604 0.00181801
992 0.694208 0.502966 0.00207491
993 0.694208 0.507467 0.00173696
994 0.694208 0.509392 0.00200984
995 0.694208 0.507669 0.0019149
996 0.694208 0.508734 0.00220871
997 0.694208 0.50296 0.00206146
998 0.694208 0.508016 0.0018588
999 0.694208 0.503513 0.00167617
1000 0.694208 0.506743 0.00161614
1001 0.694208 0.505363 0.00193945
1002 0.694208 0.505495 0.00160361
1003 0.694208 0.505463 0.00173453
1004 0.694208 0.508033 0.00195273
1005 0.694208 0.508421 0.00193029
1006 0.694208 0.502677 0.00205727
1007 0.694208 0.503773 0.00192826
1008 0.694208 0.508913 0.0018198
1009 0.694208 0.507065 0.00186111
1010 0.694208 0.507623 0.00189992
1011 0.694208 0.507678 0.00182544
1012 0.694208 0.505003 0.0018464
1013 0.694208 0.501862 0.00178117
1014 0.694208 0.503617 0.00180435
1015 0.694208 0.505695 0.00165303
1016 0.694208 0.504292 0.00164555
1017 0.694208 0.503922 0.00174045
1018 0.694208 0.50525 0.00160982
1019 0.694208 0.502649 0.00188209
1020 0.694208 0.506395 0.00179324
1021 0.694208 0.507398 0.00191819
1022 0.694208 0.507257 0.00165046
1023 0.694208 0.508258 0.00173019
1024 0.694208 0.505912 0.00157661
1025 0.694208 0.504397 0.00189218
1026 0.694208 0.504773 0.00168945
1027 0.694208 0.505934 0.00173202
1028 0.694208 0.503988 0.00185547
1029 0.694208 0.508004 0.00191416
1030 0.694208 0.5111 0.001633
1031 0.694208 0.505346 0.00171048
1032 0.694208 0.505696 0.0016296
1033 0.694208 0.506332 0.00166657
1034 0.694208 0.503055 0.00199438
1035 0.694208 0.503342 0.00202463
1036 0.694208 0.506983 0.00147903
1037 0.694208 0.507334 0.00165314
1038 0.694208 0.50349 0.00191544
1039 0.694208 0.502548 0.00171383
1040 0.694208 0.507664 0.00171079
1041 0.694208 0.5038 0.00182891
1042 0.694208 0.503989 0.00184327
1043 0.694208 0.50437 0.00176657
1044 0.694208 0.50495 0.00160661
1045 0.694208 0.507634 0.00168763
1046 0.694208 0.509754 0.00156878
1047 0.694208 0.511375 0.00190173
1048 0.694208 0.509826 0.00170877
1049 0.694208 0.505771 0.00184009
1050 0.694208 0.502578 0.00170204
1051 0.694208 0.505771 0.0020577
1052 0.694208 0.513238 0.00181757
1053 0.694208 0.510966 0.00203361
1054 0.694208 0.507951 0.00185608
1055 0.694208 0.510332 0.00186589
1056 0.694208 0.509252 0.00178692
1057 0.694208 0.506409 0.00177897
1058 0.694208 0.506152 0.00208572
1059 0.694208 0.509917 0.00199332
1060 0.694208 0.507771 0.00158917
1061 0.694208 0.505449 0.00183692
1062 0.694208 0.507242 0.00182078
1063 0.694208 0.509177 0.00200632
1064 0.694208 0.501813 0.00189244
1065 0.694208 0.503024 0.00197931
1066 0.694208 0.507461 0.00211377
1067 0.694208 0.506291 0.00172091
1068 0.694208 0.506383 0.00161716
1069 0.694208 0.50444 0.00208649
1070 0.694208 0.511474 0.0017566
1071 0.694208 0.506786 0.00173724
1072 0.694208 0.506067 0.0020966
1073 0.694208 0.506129 0.0016635
1074 0.694208 0.502559 0.00212003
1075 0.694208 0.506801 0.00215006
1076 0.694208 0.512652 0.00201157
1077 0.694208 0.503561 0.00190594
1078 0.694208 0.506509 0.00230688
1079 0.694208 0.5038 0.0020294
1080 0.694208 0.507069 0.00194191
1081 0.694208 0.505397 0.00231751
1082 0.694208 0.507079 0.00173826
1083 0.694208 0.502601 0.00179645
1084 0.694208 0.503921 0.00164508
1085 0.694208 0.505804 0.00171035
1086 0.694208 0.50588 0.00189205
1087 0.694208 0.507609 0.00163363
1088 0.694208 0.507851 0.00174738
1089 0.694208 0.507102 0.00186309
1090 0.694208 0.50888 0.00197906
1091 0.694208 0.506854 0.0021549
1092 0.694208 0.507568 0.00177532
1093 0.694208 0.501225 0.00190065
1094 0.694208 0.508097 0.00217597
1095 0.694208 0.506635 0.00190724
1096 0.694208 0.50711 0.00193668
1097 0.694208 0.507597 0.00170174
1098 0.694208 0.505497 0.00179566
1099 0.694208 0.510035 0.00176712
1100 0.694208 0.503975 0.00174325
1101 0.694208 0.506764 0.0018401
1102 0.694208 0.504568 0.00197032
1103 0.694208 0.507383 0.00200104
1104 0.694208 0.5074 0.00158449
1105 0.694208 0.508766 0.00176283
1106 0.694208 0.506146 0.0020777
1107 0.694208 0.505638 0.00187102
1108 0.694208 0.504198 0.00194563
1109 0.694208 0.507311 0.00188387
1110 0.694208 0.507233 0.00189097
1111 0.694208 0.506051 0.0018881
1112 0.694208 0.503402 0.00198029
1113 0.694208 0.507419 0.00177319
1114 0.694208 0.503545 0.00177994
1115 0.694208 0.503842 0.00186444
1116 0.694208 0.504068 0.00213349
1117 0.694208 0.507024 0.0017668
1118 0.694208 0.509145 0.00187035
1119 0.694208 0.511746 0.00190371
1120 0.694208 0.509254 0.00187482
1121 0.694208 0.509831 0.00162774
1122 0.694208 0.506315 0.00176973
1123 0.694208 0.509488 0.001916
1124 0.694208 0.503555 0.00205614
1125 0.694208 0.508268 0.00189552
1126 0.694208 0.506854 0.00192568
1127 0.694208 0.508597 0.00166457
1128 0.694208 0.506215 0.00172436
1129 0.694208 0.505648 0.00187965
1130 0.694208 0.505295 0.00189405
1131 0.694208 0.50474 0.00212237
1132 0.694208 0.50651 0.00165039
1133 0.694208 0.510095 0.00176929
1134 0.694208 0.504102 0.00178093
1135 0.694208 0.503181 0.00190429
1136 0.694208 0.507242 0.0018948
1137 0.694208 0.505125 0.00196564
1138 0.694208 0.501974 0.00213166
1139 0.694208 0.509674 0.00184971
1140 0.694208 0.507397 0.00216027
1141 0.694208 0.503411 0.00198547
1142 0.694208 0.506736 0.00202056
1143 0.694208 0.508671 0.00161468
1144 0.694208 0.506038 0.00174219
1145 0.694208 0.506314 0.00202195
1146 0.694208 0.505948 0.00180347
1147 0.694208 0.507216 0.00212296
1148 0.694208 0.509205 0.00190554
1149 0.694208 0.507249 0.00168634
1150 0.694208 0.50431 0.00182478
1151 0.694208 0.509411 0.00167192
1152 0.694208 0.50493 0.00192179
1153 0.694208 0.507308 0.001579
1154 0.694208 0.50394 0.00168379
1155 0.694208 0.507945 0.00174844
1156 0.694208 0.506744 0.00179304
1157 0.694208 0.506 0.00186703
1158 0.694208 0.506397 0.00238468
1159 0.694208 0.508701 0.00236803
1160 0.694208 0.505734 0.00196169
1161 0.694208 0.506244 0.00209325
1162 0.694208 0.506514 0.00226417
1163 0.694208 0.509423 0.00194973
1164 0.694208 0.502464 0.00196186
1165 0.694208 0.505506 0.0017129
1166 0.694208 0.505249 0.00201141
1167 0.694208 0.504951 0.00212936
1168 0.694208 0.506489 0.0019222
1169 0.694208 0.506212 0.00188545
1170 0.694208 0.507062 0.00187773
1171 0.694208 0.506521 0.00233138
1172 0.694208 0.506684 0.00200022
1173 0.694208 0.509924 0.00195743
1174 0.694208 0.509531 0.00191093
1175 0.694208 0.504553 0.00248487
1176 0.694208 0.504569 0.00174838
1177 0.694208 0.504238 0.0021647
1178 0.694208 0.508745 0.00175237
1179 0.694208 0.506138 0.00191245
1180 0.694208 0.510726 0.00178927
1181 0.694208 0.513156 0.00164157
1182 0.694208 0.50612 0.00183671
1183 0.694208 0.503115 0.00214647
1184 0.694208 0.505793 0.0019661
1185 0.694208 0.505395 0.00190011
1186 0.694208 0.505878 0.00186591
1187 0.694208 0.508563 0.00183579
1188 0.694208 0.51165 0.00184857
1189 0.694208 0.508223 0.00195374
1190 0.694208 0.505824 0.00174385
1191 0.694208 0.501764 0.00193443
1192 0.694208 0.506898 0.00196416
1193 0.694208 0.50626 0.00229737
1194 0.694208 0.503462 0.00207287
1195 0.694208 0.504125 0.00216711
1196 0.694208 0.501791 0.00198386
1197 0.694208 0.506876 0.00186793
1198 0.694208 0.50328 0.00174608
1199 0.694208 0.510687 0.00183671
1200 0.694208 0.503696 0.00197121
1201 0.694208 0.504782 0.00191708
1202 0.694208 0.509681 0.0021308
1203 0.694208 0.508671 0.00189772
1204 0.694208 0.504109 0.00197786
1205 0.694208 0.504608 0.00181861
1206 0.694208 0.508829 0.00159776
1207 0.694208 0.511381 0.00183371
1208 0.694208 0.511279 0.00209402
1209 0.694208 0.509393 0.00157373
1210 0.694208 0.507593 0.00200754
1211 0.694208 0.509218 0.00181287
1212 0.694208 0.504187 0.00181803
1213 0.694208 0.505388 0.00161888
1214 0.694208 0.506457 0.00194302
1215 0.694208 0.50582 0.0022533
1216 0.694208 0.503963 0.00191941
1217 0.694208 0.50537 0.0018895
1218 0.694208 0.505338 0.00212243
1219 0.694208 0.507591 0.0017827
1220 0.694208 0.506891 0.00199877
1221 0.694208 0.506191 0.00198384
1222 0.694208 0.508627 0.00191852
1223 0.694208 0.506765 0.0018195
1224 0.694208 0.503497 0.00181069
1225 0.694208 0.505886 0.00182074
1226 0.694208 0.507137 0.00166813
1227 0.694208 0.507064 0.00152566
1228 0.694208 0.502121 0.00178851
1229 0.694208 0.51176 0.00186839
1230 0.694208 0.505772 0.00179441
1231 0.694208 0.500966 0.00209704
1232 0.694208 0.50769 0.00162784
1233 0.694208 0.510719 0.00157496
1234 0.694208 0.506731 0.0015955
1235 0.694208 0.505218 0.00162691
1236 0.694208 0.508549 0.0018539
1237 0.694208 0.505387 0.00168565
1238 0.694208 0.507773 0.00188523
1239 0.694208 0.505742 0.00159376
1240 0.694208 0.509012 0.00169152
1241 0.694208 0.505714 0.00169211
1242 0.694208 0.507002 0.00184308
1243 0.694208 0.504354 0.00188487
1244 0.694208 0.508276 0.0020712
1245 0.694208 0.507811 0.00174455
1246 0.694208 0.507679 0.00183364
1247 0.694208 0.509123 0.00174964
1248 0.694208 0.502829 0.00180655
1249 0.694208 0.503435 0.00183548
1250 0.694208 0.509153 0.00173245
1251 0.694208 0.509364 0.00190056
1252 0.694208 0.504488 0.00177725
1253 0.694208 0.506981 0.00182754
1254 0.694208 0.509253 0.0017171
1255 0.694208 0.507516 0.00160212
1256 0.694208 0.50636 0.001707
1257 0.694208 0.509941 0.00184739
1258 0.694208 0.509224 0.001936
1259 0.694208 0.508313 0.00188346
1260 0.694208 0.508447 0.00163374
1261 0.694208 0.506565 0.00182332
1262 0.694208 0.507593 0.00174441
1263 0.694208 0.506024 0.00174427
1264 0.694208 0.50717 0.00178683
1265 0.694208 0.508765 0.00185606
1266 0.694208 0.505569 0.00190589
1267 0.694208 0.50387 0.00208073
1268 0.694208 0.505162 0.00231376
1269 0.694208 0.507232 0.00206189
1270 0.694208 0.509736 0.00216461
1271 0.694208 0.505139 0.00175085
1272 0.694208 0.508996 0.00193874
1273 0.694208 0.507983 0.00182826
1274 0.694208 0.507001 0.00198318
1275 0.694208 0.511417 0.00164833
1276 0.694208 0.506514 0.00183031
1277 0.694208 0.506494 0.0016844
1278 0.694208 0.505343 0.00238365
1279 0.694208 0.510004 0.00167043
1280 0.694208 0.507147 0.00189827
1281 0.694208 0.505438 0.00175353
1282 0.694208 0.50821 0.00197769
1283 0.694208 0.511871 0.00200096
1284 0.694208 0.505198 0.00192285
1285 0.694208 0.510463 0.00216907
1286 0.694208 0.503985 0.00214302
1287 0.694208 0.50721 0.00166676
1288 0.694208 0.507095 0.00192559
1289 0.694208 0.508707 0.00197915
1290 0.694208 0.505002 0.00181226
1291 0.694208 0.504498 0.00190914
1292 0.694208 0.506936 0.00168368
1293 0.694208 0.511746 0.00173946
1294 0.694208 0.506707 0.00165643
1295 0.694208 0.509378 0.00195496
1296 0.694208 0.505752 0.00175356
1297 0.694208 0.506044 0.00187569
1298 0.694208 0.506341 0.00217386
1299 0.694208 0.505359 0.00204378
1300 0.694208 0.509344 0.00197634
1301 0.694208 0.503666 0.00174357
1302 0.694208 0.508098 0.00214334
1303 0.694208 0.508096 0.0018341
1304 0.694208 0.506817 0.00200387
1305 0.694208 0.506354 0.00202806
1306 0.694208 0.512574 0.00165201
1307 0.694208 0.506488 0.00156341
1308 0.694208 0.507909 0.00187408
1309 0.694208 0.51001 0.00171933
1310 0.694208 0.507118 0.00225408
1311 0.694208 0.506198 0.00203461
1312 0.694208 0.511872 0.00184978
1313 0.694208 0.510114 0.00189362
1314 0.694208 0.504252 0.00169858
1315 0.694208 0.50692 0.00195835
1316 0.694208 0.505965 0.00168531
1317 0.694208 0.510196 0.00156856
1318 0.694208 0.50494 0.00215607
1319 0.694208 0.507011 0.00216115
1320 0.694208 0.502059 0.002282
1321 0.694208 0.506792 0.00164199
1322 0.694208 0.508097 0.00187784
1323 0.694208 0.504754 0.0017538
1324 0.694208 0.510064 0.00179484
1325 0.694208 0.511401 0.00172135
1326 0.694208 0.509348 0.00170804
1327 0.694208 0.506682 0.00168398
1328 0.694208 0.506933 0.00198025
1329 0.694208 0.504882 0.00181814
1330 0.694208 0.506349 0.00187406
1331 0.694208 0.507886 0.00187254
1332 0.694208 0.510704 0.00171651
1333 0.694208 0.505549 0.00186063
1334 0.694208 0.504884 0.00192161
1335 0.694208 0.507382 0.0018548
1336 0.694208 0.504824 0.00182721
1337 0.694208 0.506382 0.00202329
1338 0.694208 0.506213 0.00175444
1339 0.694208 0.506789 0.00225159
1340 0.694208 0.508842 0.00173496
1341 0.694208 0.506869 0.00207967
1342 0.694208 0.50913 0.00187229
1343 0.694208 0.507753 0.00177655
1344 0.694208 0.509256 0.00177267
1345 0.694208 0.505588 0.00237784
1346 0.694208 0.506639 0.00219333
1347 0.694208 0.504583 0.00218804
1348 0.694208 0.509976 0.00185364
1349 0.694208 0.508001 0.00180488
1350 0.694208 0.510214 0.00184892
1351 0.694208 0.508061 0.00214374
1352 0.694208 0.510707 0.00184882
1353 0.694208 0.50438 0.00235578
1354 0.694208 0.504028 0.00200334
1355 0.694208 0.511575 0.00229491
1356 0.694208 0.51036 0.00169413
1357 0.694208 0.508232 0.00168884
1358 0.694208 0.506892 0.00184124
1359 0.694208 0.505278 0.00205909
1360 0.694208 0.506975 0.00215253
1361 0.694208 0.505336 0.00219734
1362 0.694208 0.512252 0.00193052
1363 0.694208 0.506698 0.00195631
1364 0.694208 0.50625 0.00210585
1365 0.694208 0.507484 0.00217601
1366 0.694208 0.503826 0.00199009
1367 0.694208 0.507114 0.00194052
1368 0.694208 0.51052 0.00198099
1369 0.694208 0.507708 0.0020887
1370 0.694208 0.508222 0.00208218
1371 0.694208 0.510387 0.0020368
1372 0.694208 0.509261 0.00211195
1373 0.694208 0.507254 0.00179091
1374 0.694208 0.509047 0.00185853
1375 0.694208 0.506212 0.00200393
1376 0.694208 0.509286 0.00176672
1377 0.694208 0.506166 0.00192064
1378 0.694208 0.506826 0.00173399
1379 0.694208 0.506995 0.00176785
1380 0.694208 0.507546 0.0019803
1381 0.694208 0.509997 0.00173305
1382 0.694208 0.509488 0.0019518
1383 0.694208 0.510277 0.00176134
1384 0.694208 0.5071 0.00187008
1385 0.694208 0.507287 0.00172743
1386 0.694208 0.506233 0.0019652
1387 0.694208 0.514646 0.00178283
1388 0.694208 0.50839 0.0017891
1389 0.694208 0.507509 0.00196359
1390 0.694208 0.509392 0.00210986
1391 0.694208 0.510754 0.00188431
1392 0.694208 0.50575 0.00181903
1393 0.694208 0.508425 0.00209755
1394 0.694208 0.50595 0.00185888
1395 0.694208 0.50764 0.0017489
1396 0.694208 0.50865 0.00175217
1397 0.694208 0.507027 0.00199122
1398 0.694208 0.507541 0.00178391
1399 0.694208 0.507127 0.00160319
1400 0.694208 0.507485 0.00165834
1401 0.694208 0.505916 0.00162928
1402 0.694208 0.507505 0.00185989
1403 0.694208 0.508629 0.00168292
1404 0.694208 0.504413 0.00173369
1405 0.694208 0.507869 0.0016865
1406 0.694208 0.507171 0.00170363
1407 0.694208 0.506012 0.0021795
1408 0.694208 0.507373 0.00166394
1409 0.694208 0.505359 0.00175681
1410 0.694208 0.502834 0.0019376
1411 0.694208 0.507358 0.00162877
1412 0.694208 0.503811 0.00191221
1413 0.694208 0.50741 0.00188867
1414 0.694208 0.507825 0.00157793
1415 0.694208 0.507002 0.00178707
1416 0.694208 0.507648 0.00169573
1417 0.694208 0.506482 0.0016876
1418 0.694208 0.504884 0.00212461
1419 0.694208 0.504108 0.0017469
1420 0.694208 0.507224 0.00160386
1421 0.694208 0.508081 0.0016803
1422 0.694208 0.504192 0.00187455
1423 0.694208 0.506945 0.0017526
1424 0.694208 0.505884 0.00169388
1425 0.694208 0.50597 0.00180166
1426 0.70943 0.510689 0.00211366
1427 0.70943 0.508895 0.00210972
1428 0.70943 0.505501 0.00187134
1429 0.70943 0.508597 0.00191597
1430 0.70943 0.506941 0.00240136
1431 0.70943 0.507373 0.00221657
1432 0.70943 0.505098 0.00188653
1433 0.70943 0.507235 0.0019729
1434 0.70943 0.503943 0.00188078
1435 0.70943 0.507727 0.00187101
1436 0.70943 0.509443 0.00210928
1437 0.70943 0.508748 0.00184981
1438 0.70943 0.50223 0.00255425
1439 0.70943 0.50478 0.00212429
1440 0.70943 0.506966 0.00188113
1441 0.70943 0.509509 0.00205542
1442 0.70943 0.508333 0.00220231
1443 0.70943 0.506499 0.00213346
1444 0.70943 0.509187 0.001743
1445 0.70943 0.504485 0.00218403
1446 0.70943 0.509937 0.00204149
1447 0.70943 0.506076 0.00200314
1448 0.70943 0.50758 0.00187585
1449 0.70943 0.506704 0.00183505
1450 0.70943 0.50422 0.00203222
1451 0.70943 0.503175 0.00200459
1452 0.70943 0.507474 0.00206938
1453 0.70943 0.505658 0.00199931
1454 0.70943 0.509999 0.00191727
1455 0.70943 0.505583 0.00198033
1456 0.70943 0.508601 0.0022203
1457 0.70943 0.508494 0.0022164
1458 0.70943 0.50781 0.00212385
1459 0.70943 0.508948 0.00219148
1460 0.70943 0.509794 0.0019726
1461 0.70943 0.505048 0.00217871
1462 0.70943 0.510165 0.00230485
1463 0.70943 0.505436 0.00202396
1464 0.70943 0.508775 0.00188159
1465 0.70943 0.510205 0.00178164
1466 0.70943 0.503931 0.00201488
1467 0.70943 0.510593 0.00189413
1468 0.70943 0.511808 0.00185327
1469 0.70943 0.507531 0.00186686
1470 0.70943 0.507713 0.00208266
1471 0.70943 0.511173 0.00224222
1472 0.70943 0.512931 0.00230313
1473 0.70943 0.504964 0.00210209
1474 0.70943 0.509024 0.00196963
1475 0.70943 0.507367 0.00191912
1476 0.70943 0.505956 0.00218828
1477 0.70943 0.507182 0.00215535
1478 0.70943 0.51281 0.00204419
1479 0.70943 0.505868 0.00222841
1480 0.70943 0.509225 0.00190611
1481 0.70943 0.507187 0.00187101
1482 0.70943 0.509399 0.00198893
1483 0.70943 0.508101 0.00239754
1484 0.70943 0.507164 0.00201998
1485 0.70943 0.510862 0.00188281
1486 0.70943 0.502076 0.00201248
1487 0.70943 0.507039 0.00185744
1488 0.70943 0.505592 0.00175485
1489 0.70943 0.508153 0.00189993
1490 0.70943 0.509543 0.00204654
1491 0.70943 0.507085 0.00182215
1492 0.70943 0.509178 0.00211177
1493 0.70943 0.505705 0.00187034
1494 0.70943 0.508545 0.00187653
1495 0.70943 0.505775 0.0020598
1496 0.70943 0.509433 0.00188501
1497 0.70943 0.509906 0.00214962
1498 0.70943 0.508719 0.00198038
1499 0.70943 0.504984 0.00195198
1500 0.70943 0.505012 0.002029
1501 0.70943 0.506745 0.00190822
1502 0.70943 0.50621 0.00195944
1503 0.70943 0.509525 0.00181236
1504 0.70943 0.508993 0.00183009
1505 0.70943 0.508409 0.00199538
1506 0.70943 0.509008 0.0021438
1507 0.70943 0.505762 0.00231942
1508 0.70943 0.509268 0.00227684
1509 0.70943 0.506318 0.00213839
1510 0.70943 0.507421 0.00208876
1511 0.70943 0.512673 0.00206294
1512 0.70943 0.507957 0.0022088
1513 0.70943 0.511563 0.00209233
1514 0.70943 0.508175 0.00194327
1515 0.70943 0.507732 0.00197041
1516 0.70943 0.506859 0.00202123
1517 0.70943 0.509687 0.00219363
1518 0.70943 0.503474 0.00210749
1519 0.70943 0.507491 0.00204628
1520 0.70943 0.508238 0.00201728
1521 0.70943 0.508915 0.00184948
1522 0.70943 0.505967 0.00182682
1523 0.70943 0.509086 0.00208155
1524 0.70943 0.510837 0.00223287
1525 0.70943 0.511572 0.00221087
1526 0.70943 0.508795 0.00262007
1527 0.70943 0.508008 0.00222954
1528 0.70943 0.512262 0.0020978
1529 0.70943 0.50637 0.00198478
1530 0.70943 0.50706 0.00224358
1531 0.70943 0.510893 0.00248605
1532 0.70943 0.50423 0.00259661
1533 0.70943 0.506187 0.00203329
1534 0.70943 0.510162 0.00186856
1535 0.70943 0.50858 0.00243744
1536 0.70943 0.51174 0.00216544
1537 0.70943 0.507904 0.00213247
1538 0.70943 0.505319 0.00216932
1539 0.70943 0.508111 0.00226083
1540 0.70943 0.506525 0.00217024
1541 0.70943 0.50923 0.00240169
1542 0.70943 0.513268 0.00202602
1543 0.70943 0.5018 0.00211617
1544 0.70943 0.511992 0.00236867
1545 0.70943 0.509776 0.00229416
1546 0.70943 0.508144 0.00208994
1547 0.70943 0.5045 0.00205859
1548 0.70943 0.507809 0.00203205
1549 0.70943 0.506759 0.00223954
1550 0.70943 0.506654 0.00210525
1551 0.70943 0.508861 0.00208239
1552 0.70943 0.506745 0.00221447
1553 0.70943 0.511479 0.00198972
1554 0.70943 0.506002 0.00186868
1555 0.70943 0.511693 0.00226859
1556 0.70943 0.504862 0.00205993
1557 0.70943 0.506607 0.00211069
1558 0.70943 0.508213 0.00211806
1559 0.70943 0.503822 0.0022046
1560 0.70943 0.504585 0.00198616
1561 0.70943 0.5085 0.00205213
1562 0.70943 0.50891 0.00217968
1563 0.70943 0.505206 0.00202836
1564 0.70943 0.511737 0.00197487
1565 0.70943 0.506957 0.00188653
1566 0.70943 0.508903 0.00219224
1567 0.70943 0.507943 0.00216904
1568 0.70943 0.503449 0.00217031
1569 0.70943 0.505168 0.00272709
1570 0.70943 0.508273 0.00206162
1571 0.70943 0.508075 0.0022681
1572 0.70943 0.507822 0.00226796
1573 0.70943 0.503668 0.00264037
1574 0.70943 0.51191 0.00209727
1575 0.70943 0.507282 0.00243045
1576 0.70943 0.508256 0.00201834
1577 0.70943 0.508464 0.00217304
1578 0.70943 0.502076 0.00211342
1579 0.70943 0.511589 0.00224473
1580 0.70943 0.509746 0.00218722
1581 0.70943 0.505852 0.00238149
1582 0.70943 0.509732 0.00208967
1583 0.70943 0.509595 0.00207091
1584 0.70943 0.507641 0.00213848
1585 0.70943 0.50683 0.0021161
1586 0.70943 0.50791 0.00192355
1587 0.70943 0.515145 0.00217775
1588 0.70943 0.506314 0.00219366
1589 0.70943 0.505623 0.00195383
1590 0.70943 0.506839 0.00216947
1591 0.70943 0.510563 0.00224177
1592 0.70943 0.512155 0.00212899
1593 0.70943 0.507266 0.00234101
1594 0.70943 0.509498 0.00191512
1595 0.70943 0.508348 0.00214552
1596 0.70943 0.509445 0.001949
1597 0.70943 0.510784 0.00184232
1598 0.70943 0.510896 0.00199079
1599 0.70943 0.507118 0.00178239
1600 0.70943 0.506069 0.00189044
1601 0.70943 0.504188 0.00198829
1602 0.70943 0.511366 0.00217638
1603 0.70943 0.507644 0.0023392
1604 0.70943 0.507393 0.00243084
1605 0.70943 0.506617 0.00258381
1606 0.70943 0.508309 0.00200212
1607 0.70943 0.509152 0.00218434
1608 0.70943 0.507462 0.00218394
1609 0.70943 0.507866 0.00219133
1610 0.70943 0.510454 0.00214237
1611 0.70943 0.508662 0.00209369
1612 0.70943 0.506077 0.00264124
1613 0.70943 0.509579 0.00229774
1614 0.70943 0.506041 0.0021403
1615 0.70943 0.50816 0.00200181
1616 0.70943 0.507327 0.00190439
1617 0.70943 0.50875 0.00225143
1618 0.70943 0.50698 0.0021702
1619 0.70943 0.50702 0.00204097
1620 0.70943 0.502678 0.00200261
1621 0.70943 0.509009 0.00203919
1622 0.70943 0.506048 0.00214794
1623 0.70943 0.505912 0.00217291
1624 0.70943 0.508879 0.0022907
1625 0.70943 0.504879 0.0022042
1626 0.70943 0.502404 0.0020905
1627 0.70943 0.511309 0.00212074
1628 0.70943 0.508415 0.00221353
1629 0.70943 0.511812 0.00232042
1630 0.70943 0.510774 0.00222493
1631 0.70943 0.509861 0.0025858
1632 0.70943 0.50982 0.00208408
1633 0.70943 0.507501 0.00213348
1634 0.70943 0.506261 0.00208435
1635 0.70943 0.510695 0.00230079
1636 0.70943 0.509405 0.00218424
1637 0.70943 0.508844 0.00199315
1638 0.70943 0.514251 0.00212478
1639 0.70943 0.503437 0.00231082
1640 0.70943 0.507736 0.00228058
1641 0.70943 0.508609 0.00227598
1642 0.70943 0.502412 0.00211063
1643 0.70943 0.506756 0.00211946
1644 0.70943 0.507752 0.00186127
1645 0.70943 0.503491 0.00220191
1646 0.70943 0.501548 0.00217958
1647 0.70943 0.501551 0.00194748
1648 0.70943 0.504368 0.0020479
1649 0.70943 0.504089 0.00200902
1650 0.70943 0.504818 0.00214821
1651 0.70943 0.50486 0.00232684
1652 0.70943 0.500267 0.00222122
1653 0.70943 0.501627 0.00221612
1654 0.70943 0.508531 0.00191271
1655 0.70943 0.512147 0.00195355
1656 0.70943 0.504056 0.00207215
1657 0.70943 0.504953 0.00218014
1658 0.70943 0.509751 0.00245779
1659 0.70943 0.505259 0.00205093
1660 0.70943 0.503852 0.00217342
1661 0.70943 0.503083 0.00273642
1662 0.70943 0.507256 0.00212095
1663 0.70943 0.503986 0.00199099
1664 0.70943 0.506539 0.00218048
1665 0.70943 0.50937 0.00205267
1666 0.70943 0.505202 0.00216015
1667 0.70943 0.509421 0.00206727
1668 0.70943 0.504261 0.00238355
1669 0.70943 0.51056 0.00204553
1670 0.70943 0.506265 0.00209871
1671 0.70943 0.510376 0.00209952
1672 0.70943 0.508404 0.00229147
1673 0.70943 0.506374 0.00211523
1674 0.70943 0.508939 0.00201279
1675 0.70943 0.505664 0.00249449
1676 0.70943 0.51043 0.00222751
1677 0.70943 0.505984 0.00217362
1678 0.70943 0.507245 0.00222503
1679 0.70943 0.505823 0.00221765
1680 0.70943 0.505106 0.00221567
1681 0.70943 0.508184 0.00223154
1682 0.70943 0.502329 0.00226461
1683 0.70943 0.507114 0.00193309
1684 0.70943 0.509592 0.00213533
1685 0.70943 0.506167 0.00229862
1686 0.70943 0.509397 0.00217114
1687 0.70943 0.507165 0.00216744
1688 0.70943 0.503795 0.00227381
1689 0.70943 0.504169 0.00272361
1690 0.70943 0.507581 0.00233987
1691 0.70943 0.511726 0.00224754
1692 0.70943 0.506331 0.00208147
1693 0.70943 0.503398 0.00233567
1694 0.70943 0.511721 0.0024437
1695 0.70943 0.511221 0.00223144
1696 0.70943 0.507669 0.00241258
1697 0.70943 0.505899 0.00230148
1698 0.70943 0.507458 0.00189214
1699 0.70943 0.508668 0.00206062
1700 0.70943 0.508719 0.00230608
1701 0.70943 0.505313 0.00214229
1702 0.70943 0.50683 0.00208479
1703 0.70943 0.504389 0.00205308
1704 0.70943 0.509412 0.00196679
1705 0.70943 0.507809 0.00192204
1706 0.70943 0.507316 0.00186284
1707 0.70943 0.506612 0.00221986
1708 0.70943 0.507215 0.00202636
1709 0.70943 0.50637 0.00181348
1710 0.70943 0.510189 0.00209007
1711 0.70943 0.50907 0.00209982
1712 0.70943 0.507527 0.001854
1713 0.70943 0.504457 0.00185509
1714 0.70943 0.5107 0.00212366
1715 0.70943 0.511394 0.00191299
1716 0.70943 0.509255 0.00205285
1717 0.70943 0.50832 0.0022769
1718 0.70943 0.508576 0.00202444
1719 0.70943 0.508435 0.00194994
1720 0.70943 0.507938 0.00202897
1721 0.70943 0.505583 0.0018156
1722 0.70943 0.505006 0.00192006
1723 0.70943 0.504878 0.0021543
1724 0.70943 0.508056 0.00208962
1725 0.70943 0.503152 0.00198661
1726 0.70943 0.506169 0.00204845
1727 0.70943 0.505808 0.00197555
1728 0.70943 0.510642 0.00198695
1729 0.70943 0.508955 0.00181284
1730 0.70943 0.505561 0.00206363
1731 0.70943 0.509494 0.00244378
1732 0.70943 0.506584 0.00201703
1733 0.70943 0.507716 0.00204811
1734 0.70943 0.514122 0.00237543
1735 0.70943 0.504397 0.00214692
1736 0.70943 0.511741 0.00177962
1737 0.70943 0.507025 0.00192599
1738 0.70943 0.503937 0.00239198
1739 0.70943 0.507568 0.00210233
1740 0.70943 0.510039 0.00207915
1741 0.70943 0.508019 0.00177846
1742 0.70943 0.510291 0.00176572
1743 0.70943 0.510379 0.00185529
1744 0.70943 0.506789 0.00179008
1745 0.70943 0.506144 0.00192907
1746 0.70943 0.51116 0.00174092
1747 0.70943 0.509889 0.0022911
1748 0.70943 0.508719 0.00194072
1749 0.70943 0.510518 0.00219894
1750 0.70943 0.510228 0.00206983
1751 0.70943 0.504082 0.00231605
1752 0.70943 0.505032 0.00192828
1753 0.70943 0.508932 0.00189788
1754 0.70943 0.50924 0.0020997
1755 0.70943 0.507814 0.00220859
1756 0.70943 0.507906 0.00204318
1757 0.70943 0.510163 0.00199255
1758 0.70943 0.506456 0.00205487
1759 0.70943 0.509101 0.00191656
1760 0.70943 0.507917 0.00248057
1761 0.70943 0.504437 0.00209136
1762 0.70943 0.507698 0.0021412
1763 0.70943 0.509491 0.00219674
1764 0.70943 0.509465 0.00225746
1765 0.70943 0.505702 0.00201559
1766 0.70943 0.510183 0.00217075
1767 0.70943 0.508561 0.00251696
1768 0.70943 0.507346 0.00227149
1769 0.70943 0.507731 0.00212088
1770 0.70943 0.508779 0.00182752
1771 0.70943 0.507964 0.00215032
1772 0.70943 0.505731 0.00221843
1773 0.70943 0.505488 0.00242139
1774 0.70943 0.5086 0.00190425
1775 0.70943 0.505248 0.00209857
1776 0.70943 0.508283 0.00175311
1777 0.70943 0.506263 0.00213509
1778 0.70943 0.506386 0.00198149
1779 0.70943 0.508125 0.00197024
1780 0.70943 0.504017 0.0023622
1781 0.70943 0.507333 0.00214656
1782 0.70943 0.507363 0.00227896
1783 0.70943 0.507016 0.00198122
1784 0.70943 0.508643 0.00216354
1785 0.70943 0.501131 0.00228459
1786 0.70943 0.510229 0.00205242
1787 0.70943 0.507324 0.00196442
1788 0.70943 0.506268 0.00196174
1789 0.70943 0.510784 0.00197166
1790 0.70943 0.50562 0.00198595
1791 0.70943 0.507351 0.00230921
1792 0.70943 0.506316 0.00188667
1793 0.70943 0.505301 0.00204765
1794 0.70943 0.506313 0.00209228
1795 0.70943 0.50949 0.00216309
1796 0.70943 0.50559 0.00229854
1797 0.70943 0.506828 0.00206926
1798 0.70943 0.505033 0.00220843
1799 0.70943 0.508192 0.0020585
1800 0.70943 0.507571 0.00191523
1801 0.70943 0.505906 0.00202916
1802 0.70943 0.509411 0.00215925
1803 0.70943 0.510063 0.00212532
1804 0.70943 0.504661 0.00210074
1805 0.70943 0.50722 0.00197638
1806 0.70943 0.509349 0.00213898
1807 0.70943 0.511341 0.00185037
1808 0.70943 0.511422 0.00196669
1809 0.70943 0.506348 0.00223623
1810 0.70943 0.511311 0.00236478
1811 0.70943 0.50485 0.00233249
1812 0.70943 0.508611 0.00207077
1813 0.70943 0.508776 0.00187137
1814 0.70943 0.506746 0.00213817
1815 0.70943 0.502542 0.00248209
1816 0.70943 0.507973 0.00203805
1817 0.70943 0.5085 0.00220182
1818 0.70943 0.503717 0.00211135
1819 0.70943 0.504849 0.0022596
1820 0.70943 0.509837 0.00213773
1821 0.70943 0.512908 0.00188221
1822 0.70943 0.512854 0.00214001
1823 0.70943 0.505872 0.00206613
1824 0.70943 0.509913 0.00212481
1825 0.70943 0.511622 0.00229722
1826 0.70943 0.512927 0.00210279
1827 0.70943 0.507691 0.00246664
1828 0.70943 0.509599 0.00198427
1829 0.70943 0.50968 0.00210678
1830 0.70943 0.507074 0.00231083
1831 0.70943 0.511467 0.00223229
1832 0.70943 0.505776 0.00220693
1833 0.70943 0.505304 0.0023321
1834 0.70943 0.507381 0.002087
1835 0.70943 0.505856 0.00210815
1836 0.70943 0.507518 0.00202037
1837 0.70943 0.510674 0.00213427
1838 0.70943 0.509488 0.00257118
1839 0.70943 0.513027 0.00190135
1840 0.70943 0.511133 0.00204939
1841 0.70943 0.5065 0.00196022
1842 0.70943 0.506006 0.00225809
1843 0.70943 0.505355 0.00204642
1844 0.70943 0.506374 0.00251633
1845 0.70943 0.512095 0.00271249
1846 0.70943 0.508656 0.00218331
1847 0.70943 0.505564 0.00194928
1848 0.70943 0.511482 0.00239572
1849 0.70943 0.512737 0.00219025
1850 0.70943 0.509624 0.00229518
1851 0.70943 0.508563 0.00228786
1852 0.70943 0.50631 0.00197002
1853 0.70943 0.507886 0.00234747
1854 0.70943 0.509197 0.00205639
1855 0.70943 0.50968 0.00211847
1856 0.70943 0.509188 0.00182695
1857 0.70943 0.510733 0.00193787
1858 0.70943 0.506396 0.00189779
1859 0.70943 0.5066 0.00211158
1860 0.70943 0.510777 0.00210708
1861 0.70943 0.504309 0.00254151
1862 0.70943 0.513056 0.00228787
1863 0.70943 0.508423 0.0021534
1864 0.70943 0.509386 0.00194646
1865 0.70943 0.512779 0.00205317
1866 0.70943 0.505003 0.00210574
1867 0.70943 0.509258 0.00204758
1868 0.70943 0.507379 0.00225628
1869 0.70943 0.509104 0.00221783
1870 0.70943 0.50762 0.00206569
1871 0.70943 0.507784 0.00192931
1872 0.70943 0.508191 0.00222177
1873 0.70943 0.506926 0.0021863
1874 0.70943 0.50913 0.00195205
1875 0.70943 0.505456 0.00221429
1876 0.70943 0.50526 0.00226108
1877 0.70943 0.508316 0.00217786
1878 0.70943 0.508149 0.00199443
1879 0.70943 0.511921 0.00231038
1880 0.70943 0.50879 0.00214733
1881 0.70943 0.509572 0.00209407
1882 0.70943 0.506492 0.00210586
1883 0.70943 0.510942 0.00282704
1884 0.70943 0.508289 0.00224638
1885 0.70943 0.508819 0.00230934
1886 0.70943 0.506803 0.00211722
1887 0.70943 0.505325 0.00212144
1888 0.70943 0.507649 0.00197473
1889 0.70943 0.503571 0.0022327
1890 0.70943 0.509858 0.00225713
1891 0.70943 0.509935 0.00200131
1892 0.70943 0.510697 0.00234206
1893 0.70943 0.51176 0.00207171
1894 0.70943 0.508465 0.00188989
1895 0.70943 0.506973 0.00254062
1896 0.70943 0.509453 0.0020809
1897 0.70943 0.506434 0.00184811
1898 0.70943 0.504923 0.0022456
1899 0.70943 0.507322 0.00206879
1900 0.70943 0.505662 0.00204445
1901 0.70943 0.505219 0.00206214
1902 0.70943 0.507504 0.00203711
1903 0.70943 0.507334 0.0023952
1904 0.70943 0.512186 0.00252459
1905 0.70943 0.509885 0.00214418
1906 0.70943 0.506984 0.00242223
1907 0.70943 0.505594 0.00232299
1908 0.70943 0.509088 0.00228748
1909 0.70943 0.509204 0.0021661
1910 0.70943 0.508923 0.00206634
1911 0.70943 0.508579 0.00228009
1912 0.70943 0.509808 0.00218021
1913 0.70943 0.509648 0.00196917
1914 0.70943 0.512406 0.00203152
1915 0.70943 0.506761 0.00232158
1916 0.70943 0.510221 0.00218695
1917 0.70943 0.510754 0.0021529
1918 0.70943 0.510734 0.00230602
1919 0.70943 0.508797 0.00188278
1920 0.70943 0.504842 0.00236236
1921 0.70943 0.50657 0.00222306
1922 0.70943 0.505213 0.00235818
1923 0.70943 0.511204 0.00196562
1924 0.70943 0.509395 0.00202984
1925 0.70943 0.506931 0.00219998
1926 0.70943 0.504145 0.0022144
1927 0.70943 0.504496 0.00211588
1928 0.70943 0.505363 0.00210399
1929 0.70943 0.50607 0.00224001
1930 0.70943 0.506169 0.00220645
1931 0.70943 0.502138 0.00243811
1932 0.70943 0.512173 0.00230582
1933 0.70943 0.507532 0.00251575
1934 0.70943 0.504469 0.0023082
1935 0.70943 0.506163 0.00244575
1936 0.70943 0.506822 0.0021924
1937 0.70943 0.506374 0.00225551
1938 0.70943 0.510159 0.00225639
1939 0.70943 0.50918 0.00219754
1940 0.70943 0.510261 0.00194111
1941 0.70943 0.509145 0.00206219
1942 0.70943 0.503266 0.00248857
1943 0.70943 0.511307 0.00246081
1944 0.70943 0.50872 0.00231079
1945 0.70943 0.503702 0.0020106
1946 0.70943 0.507444 0.00211056
1947 0.70943 0.50609 0.00196357
1948 0.70943 0.508527 0.0020243
1949 0.70943 0.506448 0.00228659
1950 0.70943 0.507713 0.00197037
1951 0.70943 0.509313 0.00199061
1952 0.70943 0.507259 0.00228006
1953 0.70943 0.508155 0.00219707
1954 0.70943 0.505473 0.00233007
1955 0.70943 0.505206 0.00201862
1956 0.70943 0.511939 0.00203693
1957 0.70943 0.50715 0.00216543
1958 0.70943 0.508088 0.00221069
1959 0.70943 0.509104 0.00212021
1960 0.70943 0.50993 0.00244583
1961 0.70943 0.507668 0.00220227
1962 0.70943 0.507443 0.00216799
1963 0.70943 0.507379 0.00188874
1964 0.70943 0.509518 0.00236103
1965 0.70943 0.509567 0.00200507
1966 0.70943 0.512225 0.00225582
1967 0.70943 0.508822 0.00198451
1968 0.70943 0.510114 0.00216669
1969 0.70943 0.512269 0.00189674
1970 0.70943 0.509235 0.00221674
1971 0.70943 0.509058 0.0021172
1972 0.70943 0.508894 0.001866
1973 0.70943 0.506463 0.00237564
1974 0.70943 0.513167 0.00213697
1975 0.70943 0.508436 0.00197071
1976 0.70943 0.509077 0.0023306
1977 0.70943 0.508452 0.00187464
1978 0.70943 0.505533 0.00199859
1979 0.70943 0.504923 0.00256392
1980 0.70943 0.506623 0.00192699
1981 0.70943 0.509421 0.00184795
1982 0.70943 0.506453 0.00209388
1983 0.70943 0.503456 0.00198423
1984 0.70943 0.5087 0.00209803
1985 0.70943 0.509393 0.00208073
1986 0.70943 0.503451 0.00217229
1987 0.70943 0.509584 0.00222759
1988 0.70943 0.504058 0.00251579
1989 0.70943 0.51308 0.00245092
1990 0.70943 0.508338 0.00262755
1991 0.70943 0.508195 0.00241567
1992 0.70943 0.510739 0.00199926
1993 0.70943 0.505594 0.00219878
1994 0.70943 0.507612 0.00213606
1995 0.70943 0.509911 0.00219567
1996 0.70943 0.503985 0.00247747
1997 0.70943 0.505137 0.00222798
1998 0.70943 0.508162 0.00244219
1999 0.70943 0.503696 0.00195111
2000 0.70943 0.511407 0.00277296
