3
2
0.102587
0.265871
1
-64.7621
2.92484
0
-62.1236
6.22552
0
-52.0348
7.00168
0
0.049157
0.295717
1
1.05885
0.577218
0.87095
1.99532
1.07925
1.67707
1.83583
0.334684
0.0613993
1.10298
1.46864
1.7083
0.541681
0.9896
0.925731
0.649336
1.19823
0.577996
1.9855
1.91623
0.993779
1.50733
1.93798
1.02335
0.590767
1.28728
1.18207
1.03238
0.920065
1.20418
1.58968
1.11812
1.22028
0.107261
0.270805
1.57481
1.88562
0.423362
1.49288
0.288314
1.45302
0.0502445
1.9497
1.6443
0.36341
1.99901
1.07293
0.852302
0.185103
0.733555
0.211766
1.06886
0.178783
1.65844
1.83152
0.368894
1.7597
1.21718
1.84203
1.21287
0.34346
1.97768
0.871314
0.848332
1.05678
1.47323
0.00185254
1.57842
1.44902
1.51662
0.628321
