0 0.535653 0.498255 8.63041e-05
1 0.546595 0.501396 0.000118993
2 0.546595 0.499183 0.00018353
3 0.549212 0.499882 0.000203926
4 0.5882 0.502274 0.000270691
5 0.5882 0.499416 0.000356437
6 0.5882 0.501483 0.000318485
7 0.5882 0.502 0.000278609
8 0.5882 0.500402 0.000273279
9 0.5882 0.502287 0.000270603
10 0.5882 0.502263 0.000415429
11 0.646084 0.500649 0.000613085
12 0.646084 0.502106 0.000486858
13 0.646084 0.502615 0.000580452
14 0.646084 0.501857 0.000668471
15 0.646084 0.499866 0.000695066
16 0.646084 0.505029 0.000990479
17 0.646084 0.504811 0.000899011
18 0.646084 0.503026 0.000659417
19 0.646084 0.506822 0.000849143
20 0.646084 0.5046 0.000784235
21 0.646084 0.503805 0.000882218
22 0.646084 0.506417 0.000871714
23 0.646084 0.503637 0.000961411
24 0.646084 0.505 0.000983323
25 0.646084 0.502292 0.000886843
26 0.646084 0.502481 0.000889163
27 0.646084 0.507514 0.000964923
28 0.646084 0.504445 0.00088537
29 0.646084 0.504573 0.000859124
30 0.646084 0.503762 0.00104044
31 0.646084 0.502807 0.00090956
32 0.646084 0.502945 0.00098734
33 0.646084 0.505859 0.000875358
34 0.646084 0.504674 0.000965759
35 0.646084 0.503136 0.000798751
36 0.646084 0.504794 0.000806875
37 0.646084 0.505702 0.0010086
38 0.646084 0.505449 0.000876969
39 0.646084 0.50528 0.000946785
40 0.646084 0.503101 0.000917767
41 0.646084 0.503476 0.000968506
42 0.646084 0.505242 0.000928714
43 0.646084 0.503165 0.000785178
44 0.646084 0.502237 0.000819909
45 0.646084 0.505392 0.000836513
46 0.646084 0.503701 0.000861519
47 0.646084 0.50055 0.000915097
48 0.646084 0.505165 0.000935391
49 0.646084 0.502281 0.000830585
50 0.64893 0.506931 0.00109295
51 0.64893 0.506439 0.000998292
52 0.64893 0.507236 0.00106137
53 0.64893 0.505932 0.000987679
54 0.64893 0.505457 0.000871496
55 0.64893 0.504609 0.00100567
56 0.64893 0.502474 0.00112802
57 0.64893 0.505217 0.000891127
58 0.64893 0.509855 0.0011404
59 0.64893 0.505252 0.00104734
60 0.64893 0.50112 0.00128928
61 0.64893 0.503625 0.00104059
62 0.64893 0.504759 0.00111608
63 0.64893 0.50427 0.000986629
64 0.64893 0.505433 0.00114262
65 0.64893 0.504516 0.000950759
66 0.64893 0.504839 0.000898041
67 0.64893 0.503322 0.000935393
68 0.64893 0.502819 0.000929387
69 0.64893 0.506165 0.0009467
70 0.64893 0.505924 0.00112669
71 0.64893 0.504704 0.00103643
72 0.64893 0.506363 0.00122799
73 0.64893 0.508867 0.00116906
74 0.64893 0.506586 0.00119915
75 0.64893 0.506081 0.00115665
76 0.64893 0.508175 0.00118118
77 0.64893 0.504806 0.0011139
78 0.64893 0.506692 0.00100627
79 0.64893 0.50381 0.000928515
80 0.64893 0.509319 0.00144992
81 0.64893 0.505111 0.00101953
82 0.64893 0.506921 0.00101311
83 0.64893 0.505381 0.00099332
84 0.64893 0.507967 0.0010682
85 0.64893 0.507617 0.00105886
86 0.64893 0.505364 0.000952837
87 0.64893 0.502667 0.0011802
88 0.64893 0.503991 0.00101657
89 0.64893 0.508686 0.00116327
90 0.64893 0.504237 0.000943688
91 0.64893 0.506029 0.00105825
92 0.64893 0.505859 0.00120565
93 0.64893 0.505996 0.00122005
94 0.64893 0.506014 0.000870715
95 0.64893 0.50799 0.00115664
96 0.64893 0.507448 0.00133976
97 0.64893 0.503254 0.00122385
98 0.64893 0.503579 0.00114647
99 0.64893 0.502169 0.00105361
100 0.64893 0.503985 0.000996556
101 0.64893 0.504362 0.00123658
102 0.64893 0.505198 0.00129325
103 0.64893 0.504896 0.0011209
104 0.64893 0.507008 0.000964184
105 0.64893 0.505649 0.00115849
106 0.64893 0.503549 0.00100629
107 0.64893 0.507002 0.00135182
108 0.64893 0.504138 0.000997507
109 0.64893 0.504227 0.00105989
110 0.64893 0.503888 0.000984273
111 0.64893 0.505546 0.00133093
112 0.657222 0.507121 0.00137156
113 0.657222 0.504787 0.000976579
114 0.657222 0.505047 0.00114754
115 0.657222 0.509039 0.00120388
116 0.657222 0.503741 0.00108612
117 0.657222 0.503877 0.000968336
118 0.657222 0.506297 0.0010703
119 0.657222 0.506928 0.00111898
120 0.657222 0.505341 0.00121837
121 0.657222 0.505138 0.00102048
122 0.657222 0.504975 0.0010644
123 0.657222 0.503074 0.00112103
124 0.657222 0.50707 0.00117349
125 0.657222 0.508726 0.00140507
126 0.657222 0.502841 0.00114083
127 0.657222 0.50651 0.00114665
128 0.657222 0.506364 0.00113107
129 0.657222 0.504101 0.00114
130 0.657222 0.506159 0.00139762
131 0.657222 0.508553 0.00143477
132 0.657222 0.50779 0.00114129
133 0.657222 0.506514 0.00123197
134 0.657222 0.503022 0.00108674
135 0.657222 0.504841 0.00108337
136 0.657222 0.506618 0.00111552
137 0.657222 0.505104 0.00119161
138 0.657411 0.50848 0.00149033
139 0.657411 0.506976 0.00163669
140 0.657411 0.505816 0.00177811
141 0.657411 0.504216 0.00142629
142 0.657411 0.509849 0.0014175
143 0.657411 0.507175 0.00130561
144 0.657411 0.509243 0.00144041
145 0.657411 0.501122 0.00158591
146 0.657411 0.504902 0.00126894
147 0.657411 0.504247 0.00135964
148 0.657411 0.505892 0.00143421
149 0.670593 0.505746 0.00159875
150 0.670593 0.506781 0.00153919
151 0.670593 0.507308 0.00143579
152 0.670593 0.507055 0.00154147
153 0.670593 0.504088 0.0015045
154 0.670593 0.504607 0.00145769
155 0.670593 0.508206 0.00194286
156 0.670593 0.506322 0.00123409
157 0.670593 0.505704 0.00153407
158 0.670593 0.501559 0.00157505
159 0.670593 0.50549 0.00154039
160 0.670593 0.51025 0.00167229
161 0.670593 0.504935 0.0019103
162 0.670593 0.509498 0.00172828
163 0.670593 0.502477 0.00156099
164 0.670593 0.500721 0.00188509
165 0.670593 0.505574 0.00195013
166 0.670593 0.507854 0.00171227
167 0.670593 0.507543 0.00155169
168 0.670593 0.505472 0.00179586
169 0.670593 0.504685 0.00216224
170 0.670593 0.504273 0.0018266
171 0.670593 0.509532 0.00173334
172 0.670593 0.506667 0.00161879
173 0.670593 0.505362 0.00180382
174 0.670593 0.506997 0.00236577
175 0.670593 0.504864 0.00230769
176 0.670593 0.508773 0.0020787
177 0.670593 0.505231 0.00183728
178 0.670593 0.504394 0.00214089
179 0.670593 0.503876 0.00220802
180 0.670593 0.505337 0.00253647
181 0.670593 0.507183 0.00238271
182 0.670593 0.506628 0.00186704
183 0.670593 0.50298 0.00210129
184 0.670593 0.506072 0.0023027
185 0.670593 0.500959 0.00223437
186 0.670593 0.506759 0.00175687
187 0.670593 0.501652 0.00230673
188 0.670593 0.504919 0.00191218
189 0.670593 0.502714 0.00235578
190 0.670593 0.502272 0.00212662
191 0.670593 0.503163 0.00244998
192 0.670593 0.506899 0.00240555
193 0.677315 0.506088 0.00288181
194 0.677315 0.504116 0.00232458
195 0.677315 0.502866 0.00192659
196 0.677315 0.503642 0.00216035
197 0.677315 0.500771 0.00183701
198 0.677315 0.51265 0.00188159
199 0.677315 0.512335 0.00196178
200 0.677315 0.502913 0.00227321
201 0.677315 0.503476 0.00243781
202 0.677315 0.507118 0.00296769
203 0.677315 0.503603 0.00289929
204 0.677315 0.507797 0.00245687
205 0.677315 0.510448 0.00228355
206 0.677315 0.504836 0.00213833
207 0.677315 0.502796 0.00286415
208 0.677315 0.497369 0.00305256
209 0.712772 0.509842 0.00312071
210 0.712772 0.50364 0.00250887
211 0.712772 0.509829 0.00224035
212 0.712772 0.505795 0.00297915
213 0.712772 0.50708 0.00275475
214 0.712772 0.511609 0.00231459
215 0.712772 0.50773 0.0024606
216 0.712772 0.505804 0.00248709
217 0.712772 0.510392 0.00265992
218 0.712772 0.509324 0.00259011
219 0.712772 0.505542 0.0028691
220 0.712772 0.50605 0.00247084
221 0.712772 0.507358 0.0028223
222 0.712772 0.509403 0.00283085
223 0.712772 0.508376 0.0025525
224 0.712772 0.511167 0.00262241
225 0.712772 0.507427 0.0028855
226 0.712772 0.505485 0.00227585
227 0.712772 0.513022 0.00235333
228 0.712772 0.509905 0.00354775
229 0.712772 0.507717 0.0028311
230 0.712772 0.499479 0.00299186
231 0.712772 0.504096 0.00318256
232 0.712772 0.50593 0.00283992
233 0.712772 0.511866 0.0028986
234 0.712772 0.506698 0.00248913
235 0.712772 0.504653 0.0032513
236 0.712772 0.507018 0.00257329
237 0.712772 0.508526 0.00272137
238 0.712772 0.510465 0.00284838
239 0.712772 0.507477 0.0034675
240 0.712772 0.509548 0.00311244
241 0.712772 0.501001 0.00320842
242 0.712772 0.51217 0.00275357
243 0.712772 0.50267 0.00323376
244 0.712772 0.510649 0.00265994
245 0.712772 0.50464 0.0026219
246 0.712772 0.504489 0.00252116
247 0.712772 0.505592 0.00268903
248 0.712772 0.506534 0.0027739
249 0.712772 0.507396 0.00242045
250 0.712772 0.502362 0.00312723
251 0.712772 0.499271 0.00301126
252 0.712772 0.508919 0.00315405
253 0.712772 0.505228 0.00318693
254 0.712772 0.500748 0.0028451
255 0.712772 0.498712 0.00343165
256 0.712772 0.505194 0.00260103
257 0.712772 0.50337 0.00250139
258 0.712772 0.510475 0.00268694
259 0.712772 0.504344 0.00271275
260 0.712772 0.503041 0.00264611
261 0.712772 0.508471 0.00243726
262 0.712772 0.510155 0.0027598
263 0.712772 0.510725 0.00276162
264 0.712772 0.515891 0.00283469
265 0.712772 0.511879 0.00252475
266 0.712772 0.503875 0.00308846
267 0.712772 0.505062 0.00240832
268 0.712772 0.509962 0.00268208
269 0.712772 0.509071 0.00335552
270 0.712772 0.506728 0.00236157
271 0.712772 0.50974 0.00237495
272 0.712772 0.508465 0.00261925
273 0.712772 0.503591 0.00290545
274 0.712772 0.504795 0.00269515
275 0.712772 0.508485 0.00299429
276 0.712772 0.511027 0.00288159
277 0.712772 0.515938 0.00312271
278 0.712772 0.509015 0.00308234
279 0.712772 0.510048 0.00231585
280 0.712772 0.504085 0.00231966
281 0.712772 0.506223 0.00284416
282 0.712772 0.507601 0.0027735
283 0.712772 0.51243 0.00277611
284 0.712772 0.507686 0.00293972
285 0.712772 0.508385 0.0026481
286 0.712772 0.508045 0.00295016
287 0.712772 0.504468 0.00264072
288 0.712772 0.509423 0.00231702
289 0.712772 0.513948 0.00307608
290 0.712772 0.518374 0.00258038
291 0.712772 0.515158 0.00259105
292 0.712772 0.508364 0.0030034
293 0.712772 0.50784 0.00314177
294 0.712772 0.504117 0.00256293
295 0.712772 0.512541 0.0030679
296 0.712772 0.506595 0.00249165
297 0.712772 0.510194 0.00237174
298 0.712772 0.509848 0.00234601
299 0.712772 0.508813 0.00251148
300 0.712772 0.506367 0.0029781
301 0.712772 0.508438 0.00289099
302 0.712772 0.504785 0.00296904
303 0.712772 0.50227 0.00307583
304 0.712772 0.51174 0.00301302
305 0.712772 0.504357 0.00275938
306 0.712772 0.512069 0.00254038
307 0.712772 0.509899 0.00272969
308 0.712772 0.50921 0.00314489
309 0.712772 0.505189 0.0029386
310 0.712772 0.501687 0.00312803
311 0.712772 0.506318 0.00294656
312 0.712772 0.503337 0.00259046
313 0.712772 0.507242 0.00240846
314 0.712772 0.503441 0.00276213
315 0.712772 0.51011 0.00242947
316 0.712772 0.508468 0.0023135
317 0.712772 0.504357 0.00261213
318 0.712772 0.505628 0.00230432
319 0.712772 0.507064 0.00212265
320 0.712772 0.503595 0.00309035
321 0.712772 0.502143 0.0028674
322 0.712772 0.501039 0.00325264
323 0.712772 0.499699 0.00261657
324 0.712772 0.505899 0.00286425
325 0.712772 0.505016 0.00257465
326 0.712772 0.510543 0.00233986
327 0.712772 0.514256 0.00266616
328 0.712772 0.506744 0.00330301
329 0.712772 0.504869 0.00239871
330 0.712772 0.509242 0.00238115
331 0.712772 0.50857 0.00264177
332 0.712772 0.508264 0.00231714
333 0.712772 0.516133 0.00261327
334 0.712772 0.50749 0.00275992
335 0.712772 0.501181 0.00263691
336 0.712772 0.508256 0.00250236
337 0.712772 0.507766 0.00261945
338 0.712772 0.509292 0.00244228
339 0.712772 0.506424 0.00227698
340 0.712772 0.50842 0.00237285
341 0.712772 0.507436 0.00289461
342 0.712772 0.510053 0.00305216
343 0.712772 0.502556 0.00264439
344 0.712772 0.500556 0.00287878
345 0.712772 0.498345 0.00259894
346 0.712772 0.508561 0.00239918
347 0.712772 0.508984 0.00259852
348 0.712772 0.508935 0.00267638
349 0.712772 0.511542 0.00241258
350 0.712772 0.510205 0.00239637
351 0.712772 0.50891 0.00219656
352 0.712772 0.505178 0.00217998
353 0.712772 0.506256 0.00251794
354 0.712772 0.509071 0.0024062
355 0.712772 0.507309 0.0028814
356 0.712772 0.506654 0.00292038
357 0.712772 0.506067 0.00297026
358 0.712772 0.502806 0.00337525
359 0.712772 0.498102 0.0029544
360 0.712772 0.504114 0.0032826
361 0.712772 0.511727 0.00308332
362 0.712772 0.505714 0.00279842
363 0.712772 0.507249 0.00239677
364 0.712772 0.506083 0.00245562
365 0.712772 0.510559 0.00220198
366 0.712772 0.509445 0.00227578
367 0.712772 0.509283 0.00242731
368 0.712772 0.508279 0.00297483
369 0.712772 0.510723 0.00248916
370 0.712772 0.507649 0.00266446
371 0.712772 0.51178 0.00264585
372 0.712772 0.507355 0.00286094
373 0.712772 0.502422 0.00270715
374 0.712772 0.510625 0.00262541
375 0.712772 0.510628 0.00306334
376 0.712772 0.50865 0.00274001
377 0.712772 0.50948 0.00240156
378 0.712772 0.509667 0.00256168
379 0.712772 0.503762 0.00292654
380 0.712772 0.508727 0.00308526
381 0.712772 0.506914 0.00256597
382 0.712772 0.511686 0.00302496
383 0.712772 0.506491 0.00309935
384 0.712772 0.501813 0.00315284
385 0.712772 0.499408 0.00343496
386 0.712772 0.503278 0.002909
387 0.712772 0.515986 0.00291998
388 0.712772 0.514243 0.00274906
389 0.712772 0.510431 0.00288033
390 0.712772 0.508578 0.00269229
391 0.712772 0.511795 0.00247695
392 0.712772 0.510029 0.00296848
393 0.712772 0.504758 0.00263269
394 0.712772 0.50486 0.00303321
395 0.712772 0.514 0.00286462
396 0.712772 0.512563 0.00271181
397 0.712772 0.510871 0.00343418
398 0.712772 0.508721 0.00309663
399 0.712772 0.508662 0.00317823
400 0.712772 0.505666 0.00314592
401 0.712772 0.511439 0.00305287
402 0.712772 0.506704 0.0028586
403 0.712772 0.505991 0.00310204
404 0.712772 0.511118 0.0030331
405 0.712772 0.507788 0.00268911
406 0.712772 0.509989 0.00281336
407 0.712772 0.508472 0.00274261
408 0.712772 0.509314 0.00245324
409 0.712772 0.504923 0.00256576
410 0.712772 0.50723 0.00253683
411 0.712772 0.508571 0.00271764
412 0.712772 0.511176 0.00277376
413 0.712772 0.51116 0.00281263
414 0.712772 0.511874 0.0022871
415 0.712772 0.507965 0.00252521
416 0.712772 0.508265 0.00269794
417 0.712772 0.508012 0.00259087
418 0.712772 0.513343 0.00287631
419 0.712772 0.51361 0.00281683
420 0.712772 0.512454 0.00272052
421 0.712772 0.509712 0.00391174
422 0.712772 0.509879 0.00326384
423 0.712772 0.510486 0.00248489
424 0.712772 0.511746 0.00329034
425 0.712772 0.506086 0.00329847
426 0.712772 0.511305 0.0029354
427 0.712772 0.507119 0.00282831
428 0.712772 0.512494 0.00272772
429 0.712772 0.518108 0.00258188
430 0.712772 0.50983 0.00320216
431 0.712772 0.513026 0.00315217
432 0.712772 0.510112 0.00305221
433 0.712772 0.506817 0.00291448
434 0.712772 0.509947 0.00282582
435 0.712772 0.513827 0.00251021
436 0.712772 0.508958 0.0028042
437 0.712772 0.507895 0.00277
438 0.712772 0.51385 0.00259267
439 0.712772 0.509197 0.00314399
440 0.712772 0.513618 0.00309213
441 0.712772 0.506627 0.00371772
442 0.712772 0.502764 0.00311487
443 0.712772 0.503584 0.00346581
444 0.712772 0.511583 0.00299687
445 0.712772 0.512687 0.00322613
446 0.712772 0.510902 0.00245616
447 0.712772 0.508963 0.00307615
448 0.712772 0.516987 0.0032585
449 0.712772 0.513017 0.00264438
450 0.712772 0.507409 0.0026987
451 0.712772 0.509239 0.00269438
452 0.712772 0.507899 0.00301659
453 0.712772 0.509256 0.00272212
454 0.712772 0.509143 0.00280923
455 0.712772 0.507366 0.00261155
456 0.712772 0.508352 0.00241094
457 0.712772 0.504803 0.00312602
458 0.712772 0.511241 0.00274207
459 0.712772 0.506995 0.00279262
460 0.712772 0.513341 0.00259516
461 0.712772 0.511204 0.00282541
462 0.712772 0.514583 0.00319142
463 0.712772 0.509996 0.00352248
464 0.712772 0.5128 0.00284388
465 0.712772 0.505385 0.00281613
466 0.712772 0.509388 0.00320751
467 0.712772 0.503981 0.00367977
468 0.712772 0.513265 0.00321087
469 0.712772 0.507842 0.0029578
470 0.712772 0.508431 0.00337235
471 0.712772 0.507314 0.00311411
472 0.712772 0.507022 0.00360485
473 0.712772 0.508176 0.00338625
474 0.712772 0.51415 0.00276271
475 0.712772 0.510208 0.00350472
476 0.712772 0.506035 0.00354415
477 0.712772 0.506881 0.0034527
478 0.712772 0.512699 0.00311811
479 0.712772 0.508079 0.00307408
480 0.712772 0.511536 0.00299576
481 0.712772 0.50274 0.00358204
482 0.712772 0.499653 0.00302771
483 0.712772 0.503815 0.00330376
484 0.712772 0.504347 0.00313052
485 0.712772 0.506721 0.00305586
486 0.712772 0.514768 0.00322234
487 0.712772 0.510071 0.00366752
488 0.712772 0.504092 0.00322217
489 0.712772 0.505192 0.00333544
490 0.712772 0.503662 0.00324418
491 0.712772 0.504419 0.00335313
492 0.712772 0.508061 0.00373534
493 0.712772 0.510381 0.00273733
494 0.712772 0.510434 0.00247446
495 0.712772 0.506989 0.00309382
496 0.712772 0.506372 0.00308239
497 0.712772 0.50445 0.00307239
498 0.712772 0.512415 0.00286932
499 0.712772 0.510004 0.00276029
500 0.712772 0.510288 0.00327214
501 0.712772 0.507066 0.00271231
502 0.712772 0.508028 0.00312783
503 0.712772 0.506388 0.00251737
504 0.712772 0.503057 0.00336883
505 0.712772 0.510386 0.00266769
506 0.712772 0.507473 0.00269913
507 0.712772 0.509553 0.0030377
508 0.712772 0.499158 0.00372166
509 0.712772 0.506997 0.00282149
510 0.712772 0.512404 0.00288808
511 0.712772 0.507973 0.00287132
512 0.712772 0.507338 0.00274351
513 0.712772 0.516772 0.00334967
514 0.712772 0.512233 0.00354333
515 0.712772 0.512971 0.00298482
516 0.712772 0.507462 0.00302142
517 0.712772 0.508328 0.002821
518 0.712772 0.509053 0.00305421
519 0.712772 0.509919 0.00274933
520 0.712772 0.514802 0.00270859
521 0.712772 0.514548 0.00256998
522 0.712772 0.511095 0.00297405
523 0.712772 0.505375 0.00295264
524 0.712772 0.506218 0.00298442
525 0.712772 0.503482 0.00274418
526 0.712772 0.506693 0.00303445
527 0.712772 0.506206 0.00315908
528 0.712772 0.505647 0.00324545
529 0.712772 0.506688 0.00255706
530 0.712772 0.50654 0.00288936
531 0.712772 0.508519 0.00294725
532 0.712772 0.505055 0.0030569
533 0.712772 0.508247 0.0036074
534 0.712772 0.507705 0.00256967
535 0.712772 0.504495 0.00271734
536 0.712772 0.503789 0.00278775
537 0.712772 0.501122 0.00298226
538 0.712772 0.512141 0.00320491
539 0.712772 0.508098 0.0028741
540 0.712772 0.512689 0.00305634
541 0.712772 0.513826 0.00309251
542 0.712772 0.514766 0.00286296
543 0.712772 0.51274 0.00323013
544 0.712772 0.510396 0.00279476
545 0.715914 0.512052 0.00340007
546 0.715914 0.508234 0.00288086
547 0.715914 0.503797 0.00297393
548 0.715914 0.509046 0.00301541
549 0.715914 0.509452 0.00324316
550 0.715914 0.504445 0.0031816
551 0.715914 0.507622 0.00356713
552 0.715914 0.504023 0.0032037
553 0.715914 0.501818 0.00350664
554 0.715914 0.510458 0.00277964
555 0.715914 0.510236 0.00321175
556 0.715914 0.506167 0.00332849
557 0.715914 0.514809 0.00289888
558 0.715914 0.513045 0.00267775
559 0.715914 0.51158 0.00337919
560 0.715914 0.512212 0.00290181
561 0.715914 0.515399 0.00225373
562 0.715914 0.514764 0.00307492
563 0.715914 0.513906 0.00288106
564 0.715914 0.51485 0.0027872
565 0.715914 0.519796 0.00309366
566 0.715914 0.50806 0.00300419
567 0.715914 0.512889 0.00284399
568 0.715914 0.510841 0.00260897
569 0.715914 0.510968 0.00304336
570 0.715914 0.514993 0.00267971
571 0.715914 0.514194 0.0031119
572 0.715914 0.512989 0.0026423
573 0.715914 0.50879 0.00284922
574 0.715914 0.50557 0.0028758
575 0.715914 0.510737 0.00305624
576 0.715914 0.512078 0.00380271
577 0.715914 0.515323 0.00332613
578 0.715914 0.509739 0.0028035
579 0.715914 0.514151 0.00312082
580 0.715914 0.512564 0.00285354
581 0.715914 0.508809 0.00313825
582 0.715914 0.511982 0.00278003
583 0.715914 0.509821 0.00320268
584 0.715914 0.509091 0.00356807
585 0.715914 0.518588 0.00291426
586 0.715914 0.513703 0.00318575
587 0.715914 0.510188 0.00352435
588 0.715914 0.511681 0.00291722
589 0.715914 0.506812 0.0029798
590 0.715914 0.515553 0.00342145
591 0.715914 0.511805 0.00313337
592 0.715914 0.508206 0.00272096
593 0.715914 0.517381 0.0030268
594 0.715914 0.509196 0.00289963
595 0.715914 0.507282 0.00280157
596 0.715914 0.511577 0.00268168
597 0.715914 0.513168 0.00245709
598 0.715914 0.509132 0.00278013
599 0.715914 0.510489 0.00254339
600 0.715914 0.50867 0.00266034
601 0.715914 0.511633 0.00288717
602 0.715914 0.509842 0.0030967
603 0.715914 0.51408 0.0027982
604 0.715914 0.51016 0.0028186
605 0.715914 0.512325 0.00269833
606 0.715914 0.510971 0.00298906
607 0.715914 0.513444 0.00308286
608 0.715914 0.513725 0.00249178
609 0.715914 0.506749 0.00293345
610 0.715914 0.519729 0.00286626
611 0.715914 0.508913 0.0030011
612 0.715914 0.517096 0.00304826
613 0.715914 0.507855 0.00262493
614 0.715914 0.506882 0.00309798
615 0.715914 0.513454 0.00280739
616 0.715914 0.520793 0.00294705
617 0.715914 0.51619 0.00329238
618 0.715914 0.512099 0.00349787
619 0.715914 0.510103 0.00288913
620 0.715914 0.510642 0.00283862
621 0.715914 0.502565 0.00320901
622 0.715914 0.510673 0.00294352
623 0.715914 0.512203 0.00274271
624 0.715914 0.503539 0.00286367
625 0.715914 0.507871 0.00357579
626 0.715914 0.510984 0.00253772
627 0.715914 0.5086 0.00311356
628 0.715914 0.504082 0.00286606
629 0.715914 0.505646 0.00348209
630 0.715914 0.511403 0.00259673
631 0.715914 0.506091 0.00295174
632 0.715914 0.508502 0.00344574
633 0.715914 0.513324 0.00275307
634 0.715914 0.513936 0.0035417
635 0.715914 0.503164 0.00311111
636 0.715914 0.504576 0.00275278
637 0.715914 0.512021 0.00232918
638 0.715914 0.509349 0.00263517
639 0.715914 0.515833 0.00261524
640 0.715914 0.512666 0.00279994
641 0.715914 0.507286 0.00269109
642 0.715914 0.511011 0.00255961
643 0.715914 0.514081 0.00270957
644 0.715914 0.505958 0.00309309
645 0.715914 0.510079 0.00264818
646 0.715914 0.507442 0.0029615
647 0.715914 0.508527 0.00286007
648 0.715914 0.503034 0.00328941
649 0.715914 0.504847 0.00251428
650 0.715914 0.509921 0.00284851
651 0.715914 0.512423 0.00261615
652 0.715914 0.510193 0.00326743
653 0.715914 0.510377 0.00266586
654 0.715914 0.50749 0.00281572
655 0.715914 0.509893 0.00265769
656 0.715914 0.50876 0.00300611
657 0.715914 0.503842 0.00316681
658 0.715914 0.508145 0.00323679
659 0.715914 0.510789 0.00273075
660 0.715914 0.501532 0.00326398
661 0.715914 0.51417 0.00305026
662 0.715914 0.511733 0.00300386
663 0.715914 0.511469 0.00305719
664 0.715914 0.515196 0.00266767
665 0.715914 0.51406 0.00269011
666 0.715914 0.517588 0.00278611
667 0.715914 0.511404 0.00275654
668 0.715914 0.507655 0.0029058
669 0.715914 0.512748 0.00285217
670 0.715914 0.510603 0.00264563
671 0.715914 0.516945 0.00290538
672 0.715914 0.506904 0.00294536
673 0.715914 0.502504 0.00300752
674 0.715914 0.506253 0.00266185
675 0.715914 0.50813 0.00270215
676 0.715914 0.502967 0.00305969
677 0.715914 0.510771 0.00302159
678 0.715914 0.511402 0.00311119
679 0.715914 0.499385 0.00312972
680 0.715914 0.507701 0.00409019
681 0.715914 0.511542 0.00337491
682 0.715914 0.506506 0.00324749
683 0.715914 0.507578 0.00312986
684 0.715914 0.509227 0.0025737
685 0.715914 0.510318 0.00298321
686 0.715914 0.509815 0.00330022
687 0.715914 0.506438 0.00282852
688 0.715914 0.506113 0.0025822
689 0.715914 0.51184 0.00240139
690 0.715914 0.514317 0.00268543
691 0.715914 0.50758 0.00278179
692 0.715914 0.506793 0.00265571
693 0.715914 0.511427 0.00243605
694 0.715914 0.512406 0.00260597
695 0.715914 0.510876 0.0028754
696 0.715914 0.507457 0.00309903
697 0.715914 0.506886 0.0029641
698 0.715914 0.505835 0.00300818
699 0.715914 0.515144 0.00317281
700 0.715914 0.515704 0.00293398
701 0.715914 0.513917 0.00300054
702 0.715914 0.51034 0.0028862
703 0.715914 0.510045 0.00330069
704 0.715914 0.512196 0.0029971
705 0.715914 0.516078 0.00290115
706 0.715914 0.51261 0.00281756
707 0.715914 0.512604 0.00262607
708 0.715914 0.510548 0.0030661
709 0.715914 0.511095 0.00330691
710 0.715914 0.505051 0.00277271
711 0.715914 0.510529 0.00318324
712 0.715914 0.508158 0.00294145
713 0.715914 0.510146 0.00273416
714 0.715914 0.508722 0.00351404
715 0.715914 0.516018 0.00296108
716 0.715914 0.515033 0.00298501
717 0.715914 0.512557 0.00342497
718 0.715914 0.510372 0.00293557
719 0.715914 0.511878 0.00331972
720 0.715914 0.511491 0.00274166
721 0.715914 0.503083 0.00372618
722 0.715914 0.509017 0.00315846
723 0.715914 0.504054 0.00343899
724 0.715914 0.507738 0.00315175
725 0.715914 0.506036 0.0028421
726 0.715914 0.503751 0.00263988
727 0.715914 0.509363 0.0031495
728 0.715914 0.505543 0.00272908
729 0.715914 0.508936 0.00285603
730 0.715914 0.50754 0.00304439
731 0.715914 0.515365 0.0032183
732 0.715914 0.515453 0.00273036
733 0.715914 0.511393 0.00298691
734 0.715914 0.509396 0.00296972
735 0.715914 0.51046 0.00276472
736 0.715914 0.508407 0.00331374
737 0.715914 0.507143 0.0034674
738 0.715914 0.511911 0.00336038
739 0.715914 0.50357 0.0036052
740 0.715914 0.504403 0.00366011
741 0.715914 0.505564 0.00342992
742 0.715914 0.511465 0.00334079
743 0.715914 0.508164 0.00344591
744 0.715914 0.509636 0.0031616
745 0.715914 0.510042 0.00371535
746 0.715914 0.514355 0.00286579
747 0.715914 0.511412 0.00317726
748 0.715914 0.508284 0.00305657
749 0.715914 0.51119 0.00259169
750 0.715914 0.504657 0.00331837
751 0.715914 0.509034 0.0027351
752 0.715914 0.511099 0.00276237
753 0.715914 0.507465 0.00255392
754 0.715914 0.505009 0.0029106
755 0.715914 0.506422 0.00323176
756 0.715914 0.50447 0.00308143
757 0.715914 0.51555 0.00315768
758 0.715914 0.510168 0.00276675
759 0.715914 0.51398 0.00295083
760 0.715914 0.511673 0.00314196
761 0.715914 0.508881 0.00288562
762 0.715914 0.511518 0.00275453
763 0.715914 0.512604 0.00316044
764 0.715914 0.512226 0.00245138
765 0.715914 0.508226 0.00279109
766 0.715914 0.508875 0.0028655
767 0.715914 0.510832 0.00303677
768 0.715914 0.51122 0.00380507
769 0.715914 0.510124 0.00405159
770 0.715914 0.510207 0.00291204
771 0.715914 0.509045 0.00323829
772 0.715914 0.507108 0.00284073
773 0.715914 0.508388 0.00303432
774 0.715914 0.510229 0.00292436
775 0.715914 0.513714 0.00283057
776 0.716984 0.508979 0.00344905
777 0.716984 0.50996 0.00309711
778 0.716984 0.507677 0.00326365
779 0.716984 0.506659 0.00312008
780 0.716984 0.504032 0.0032284
781 0.716984 0.502539 0.00345305
782 0.716984 0.515474 0.00308012
783 0.716984 0.508802 0.00293457
784 0.716984 0.513393 0.00334398
785 0.716984 0.511053 0.00272651
786 0.716984 0.510427 0.00292907
787 0.716984 0.507576 0.00263789
788 0.716984 0.50262 0.00270997
789 0.716984 0.508881 0.00309259
790 0.716984 0.510161 0.00241377
791 0.716984 0.509149 0.00285175
792 0.716984 0.50872 0.0027257
793 0.716984 0.507368 0.00304862
794 0.716984 0.511257 0.00279873
795 0.716984 0.507933 0.00304528
796 0.716984 0.510723 0.00283282
797 0.716984 0.514573 0.00320297
798 0.716984 0.512383 0.00305488
799 0.716984 0.510081 0.00286852
800 0.716984 0.512361 0.00292378
801 0.716984 0.512159 0.00251626
802 0.716984 0.50904 0.0029329
803 0.716984 0.500703 0.00306996
804 0.716984 0.502047 0.00387739
805 0.716984 0.504866 0.00366193
806 0.716984 0.512212 0.00267528
807 0.716984 0.508933 0.00333789
808 0.716984 0.510193 0.00340715
809 0.716984 0.508203 0.00310643
810 0.716984 0.512239 0.00310864
811 0.716984 0.516484 0.00295125
812 0.716984 0.510925 0.0032016
813 0.716984 0.508609 0.00298267
814 0.716984 0.508247 0.0027501
815 0.716984 0.509099 0.00308907
816 0.716984 0.513668 0.00336914
817 0.716984 0.509665 0.00301968
818 0.716984 0.503471 0.00315558
819 0.716984 0.510712 0.00324523
820 0.716984 0.513742 0.00355247
821 0.716984 0.507378 0.0029551
822 0.716984 0.509471 0.00319407
823 0.716984 0.513677 0.00271529
824 0.716984 0.510914 0.00304734
825 0.716984 0.506701 0.00269075
826 0.716984 0.502601 0.00335979
827 0.716984 0.509724 0.00289005
828 0.716984 0.513254 0.00344562
829 0.716984 0.50696 0.00352764
830 0.716984 0.512231 0.00307594
831 0.716984 0.509646 0.00325726
832 0.716984 0.514916 0.00351842
833 0.716984 0.510188 0.00322917
834 0.716984 0.508249 0.0030506
835 0.716984 0.514779 0.00289525
836 0.716984 0.515693 0.00296425
837 0.716984 0.508996 0.00269141
838 0.716984 0.508382 0.00274209
839 0.716984 0.512293 0.00332078
840 0.716984 0.510073 0.00282655
841 0.716984 0.511563 0.00280161
842 0.716984 0.511786 0.00350414
843 0.716984 0.50596 0.00371816
844 0.716984 0.518208 0.00285481
845 0.716984 0.505731 0.00342291
846 0.716984 0.502615 0.00316941
847 0.716984 0.514913 0.00295442
848 0.716984 0.512544 0.00325826
849 0.716984 0.505655 0.00369719
850 0.716984 0.49999 0.00419343
851 0.716984 0.504722 0.0029556
852 0.716984 0.513033 0.00364775
853 0.716984 0.507424 0.00319809
854 0.716984 0.507939 0.00306949
855 0.716984 0.511163 0.0033384
856 0.716984 0.514348 0.00335364
857 0.716984 0.50445 0.00316691
858 0.716984 0.511502 0.00322593
859 0.716984 0.509657 0.00289894
860 0.716984 0.512731 0.00303568
861 0.716984 0.513449 0.00284317
862 0.716984 0.509267 0.00355596
863 0.716984 0.514152 0.00276811
864 0.716984 0.506846 0.00350018
865 0.716984 0.509608 0.00358702
866 0.716984 0.516224 0.00299513
867 0.716984 0.506296 0.00285975
868 0.716984 0.510545 0.00284365
869 0.716984 0.51029 0.00359915
870 0.716984 0.50803 0.003079
871 0.716984 0.50405 0.00331803
872 0.716984 0.51045 0.00385773
873 0.716984 0.503365 0.00275627
874 0.716984 0.509942 0.0025425
875 0.716984 0.51273 0.00287823
876 0.716984 0.508953 0.00318179
877 0.716984 0.509869 0.00312717
878 0.716984 0.507284 0.00317208
879 0.716984 0.49793 0.00312085
880 0.716984 0.512593 0.00285893
881 0.716984 0.508603 0.00292862
882 0.716984 0.506146 0.00311013
883 0.716984 0.509215 0.00364912
884 0.716984 0.509847 0.00356504
885 0.716984 0.516336 0.00344087
886 0.716984 0.512034 0.00341322
887 0.716984 0.505445 0.00384842
888 0.716984 0.508231 0.00352515
889 0.716984 0.512572 0.00269191
890 0.716984 0.511003 0.00316901
891 0.716984 0.50534 0.00339834
892 0.716984 0.51014 0.00304477
893 0.716984 0.508665 0.0034528
894 0.716984 0.514402 0.00336713
895 0.716984 0.517219 0.00292848
896 0.716984 0.508813 0.00339101
897 0.716984 0.505935 0.00304538
898 0.716984 0.511987 0.00281887
899 0.716984 0.508928 0.00359461
900 0.716984 0.51395 0.00304546
901 0.716984 0.505466 0.00321701
902 0.716984 0.508996 0.00301871
903 0.716984 0.5061 0.00322858
904 0.716984 0.515254 0.00287594
905 0.716984 0.510373 0.00279392
906 0.716984 0.511004 0.00323445
907 0.716984 0.502776 0.0029462
908 0.716984 0.507666 0.00249367
909 0.716984 0.504686 0.0030559
910 0.716984 0.504636 0.00245052
911 0.716984 0.508686 0.00278699
912 0.716984 0.515385 0.00285372
913 0.716984 0.51377 0.00353764
914 0.716984 0.513985 0.0030601
915 0.716984 0.515584 0.00315122
916 0.716984 0.512457 0.00278704
917 0.716984 0.512246 0.00271746
918 0.716984 0.496852 0.00351016
919 0.716984 0.511946 0.00329557
920 0.716984 0.510948 0.00313286
921 0.716984 0.514977 0.00335522
922 0.716984 0.511364 0.00324537
923 0.716984 0.514128 0.00315348
924 0.716984 0.511005 0.00337804
925 0.716984 0.511065 0.00331195
926 0.716984 0.508843 0.00303769
927 0.716984 0.510373 0.00318072
928 0.716984 0.511152 0.00295228
929 0.716984 0.513365 0.00340638
930 0.716984 0.507086 0.00375728
931 0.716984 0.505345 0.0032691
932 0.716984 0.513113 0.00292009
933 0.716984 0.509381 0.00334878
934 0.716984 0.501965 0.00295269
935 0.716984 0.512115 0.00348363
936 0.716984 0.509329 0.00384408
937 0.716984 0.514038 0.00319707
938 0.716984 0.505432 0.00345966
939 0.716984 0.510646 0.00309826
940 0.716984 0.509914 0.00288306
941 0.716984 0.515281 0.00277354
942 0.716984 0.514453 0.00311921
943 0.716984 0.511044 0.0030391
944 0.716984 0.516765 0.00318378
945 0.716984 0.512069 0.00306736
946 0.716984 0.519523 0.00329369
947 0.716984 0.510277 0.0029887
948 0.716984 0.510549 0.00299604
949 0.716984 0.509098 0.00341301
950 0.716984 0.509588 0.00262879
951 0.716984 0.513296 0.00331673
952 0.716984 0.511362 0.002607
953 0.716984 0.514291 0.00294343
954 0.716984 0.510683 0.00266158
955 0.716984 0.512869 0.00364
956 0.716984 0.502082 0.00308444
957 0.716984 0.51445 0.00304404
958 0.716984 0.518859 0.00315239
959 0.716984 0.512073 0.00358327
960 0.716984 0.509126 0.00327654
961 0.716984 0.505909 0.00280541
962 0.716984 0.513261 0.00338722
963 0.716984 0.513222 0.0032406
964 0.716984 0.511026 0.00321037
965 0.716984 0.508817 0.00335556
966 0.716984 0.513951 0.00396598
967 0.716984 0.514724 0.00277977
968 0.716984 0.515706 0.00314074
969 0.716984 0.512787 0.00287073
970 0.716984 0.511259 0.00272084
971 0.716984 0.513664 0.00318866
972 0.716984 0.510877 0.00269343
973 0.716984 0.504564 0.0037466
974 0.716984 0.514387 0.00283558
975 0.716984 0.514266 0.00378912
976 0.716984 0.510629 0.00250255
977 0.716984 0.508051 0.00262746
978 0.716984 0.510038 0.00335207
979 0.716984 0.509409 0.0031123
980 0.716984 0.511712 0.0030926
981 0.716984 0.513004 0.00287826
982 0.716984 0.517558 0.00335102
983 0.716984 0.514159 0.00297794
984 0.716984 0.50664 0.00293439
985 0.716984 0.508376 0.00388195
986 0.716984 0.509851 0.00287518
987 0.716984 0.510772 0.00269589
988 0.716984 0.508784 0.00280218
989 0.716984 0.513549 0.00349278
990 0.716984 0.514321 0.00285171
991 0.716984 0.516154 0.00334335
992 0.716984 0.511312 0.00323728
993 0.716984 0.506157 0.0040198
994 0.716984 0.505789 0.00308767
995 0.716984 0.505771 0.00344761
996 0.716984 0.502875 0.00352403
997 0.716984 0.508978 0.00286003
998 0.716984 0.51004 0.00325292
999 0.716984 0.517202 0.00360607
1000 0.716984 0.510061 0.00333531
1001 0.716984 0.508593 0.00326835
1002 0.716984 0.511401 0.00295323
1003 0.716984 0.513056 0.00276401
1004 0.716984 0.513767 0.0031961
1005 0.716984 0.506169 0.00264126
1006 0.716984 0.507177 0.00278706
1007 0.716984 0.508702 0.00261394
1008 0.716984 0.507663 0.0029478
1009 0.716984 0.506119 0.00272828
1010 0.716984 0.506257 0.00296896
1011 0.716984 0.511701 0.00256576
1012 0.716984 0.511614 0.00354987
1013 0.716984 0.508877 0.00311475
1014 0.716984 0.509466 0.00316506
1015 0.716984 0.505508 0.00300461
1016 0.716984 0.507419 0.00291109
1017 0.716984 0.512863 0.00252204
1018 0.716984 0.50959 0.00275451
1019 0.716984 0.507498 0.00349568
1020 0.716984 0.510505 0.00333523
1021 0.716984 0.501806 0.00287309
1022 0.716984 0.512676 0.00294782
1023 0.716984 0.504843 0.00276766
1024 0.716984 0.502565 0.00335161
1025 0.716984 0.506254 0.00267728
1026 0.716984 0.505157 0.00287279
1027 0.716984 0.509144 0.00271194
1028 0.716984 0.511435 0.00290302
1029 0.716984 0.514104 0.0032646
1030 0.716984 0.509448 0.00275097
1031 0.716984 0.509693 0.00324733
1032 0.716984 0.507354 0.00240744
1033 0.716984 0.511468 0.00276529
1034 0.716984 0.504063 0.00280626
1035 0.716984 0.509605 0.00287007
1036 0.716984 0.50986 0.00263378
1037 0.716984 0.508682 0.00246735
1038 0.716984 0.50594 0.00292532
1039 0.716984 0.506713 0.00284774
1040 0.716984 0.50773 0.00313565
1041 0.716984 0.504149 0.00266234
1042 0.716984 0.50854 0.00279854
1043 0.716984 0.509509 0.00290122
1044 0.716984 0.509444 0.00273384
1045 0.716984 0.51082 0.00290473
1046 0.716984 0.50575 0.00257596
1047 0.716984 0.506912 0.00282265
1048 0.716984 0.512424 0.00315627
1049 0.716984 0.507386 0.00257313
1050 0.716984 0.508966 0.0030309
1051 0.716984 0.515406 0.0027308
1052 0.716984 0.513288 0.0030423
1053 0.716984 0.502678 0.00300673
1054 0.716984 0.503981 0.00288803
1055 0.716984 0.505427 0.00284288
1056 0.716984 0.508818 0.00258243
1057 0.716984 0.511676 0.00258
1058 0.716984 0.517398 0.00279543
1059 0.716984 0.510976 0.00316278
1060 0.716984 0.506926 0.00274924
1061 0.716984 0.509508 0.00279936
1062 0.716984 0.506973 0.00244678
1063 0.716984 0.510372 0.00267683
1064 0.716984 0.514757 0.00268538
1065 0.716984 0.514856 0.00265977
1066 0.716984 0.514356 0.00282935
1067 0.716984 0.512114 0.00264683
1068 0.716984 0.516703 0.00306914
1069 0.716984 0.510664 0.00294516
1070 0.716984 0.504869 0.00318822
1071 0.716984 0.511533 0.00342687
1072 0.716984 0.512429 0.00352792
1073 0.716984 0.505288 0.00330164
1074 0.716984 0.509399 0.00345543
1075 0.716984 0.513413 0.00299696
1076 0.716984 0.509161 0.0025871
1077 0.716984 0.508242 0.00309816
1078 0.716984 0.514706 0.00323333
1079 0.716984 0.509409 0.00296644
1080 0.716984 0.510821 0.00270125
1081 0.716984 0.510113 0.0030768
1082 0.716984 0.508519 0.00298582
1083 0.716984 0.508949 0.00270308
1084 0.716984 0.512954 0.00299341
1085 0.716984 0.50883 0.00277117
1086 0.716984 0.508168 0.00250395
1087 0.716984 0.51413 0.00293838
1088 0.716984 0.511468 0.00263805
1089 0.716984 0.510084 0.00278626
1090 0.716984 0.510479 0.00280692
1091 0.716984 0.507582 0.00275454
1092 0.716984 0.50914 0.00296281
1093 0.716984 0.512288 0.00313241
1094 0.716984 0.511955 0.00261452
1095 0.716984 0.512515 0.0027893
1096 0.716984 0.5084 0.00327127
1097 0.716984 0.509392 0.00266407
1098 0.716984 0.513522 0.00292196
1099 0.716984 0.510061 0.00319846
1100 0.716984 0.513876 0.00340237
1101 0.716984 0.513051 0.00319307
1102 0.716984 0.511685 0.00319997
1103 0.716984 0.509312 0.00278749
1104 0.716984 0.512787 0.00286681
1105 0.716984 0.508965 0.00276034
1106 0.716984 0.501662 0.00267602
1107 0.716984 0.506581 0.00275938
1108 0.716984 0.512108 0.00261554
1109 0.716984 0.5129 0.00284856
1110 0.716984 0.506968 0.00348275
1111 0.716984 0.509634 0.00302773
1112 0.716984 0.502471 0.00298517
1113 0.716984 0.502332 0.00374651
1114 0.716984 0.512459 0.00311169
1115 0.716984 0.520617 0.00320543
1116 0.716984 0.508883 0.00302454
1117 0.716984 0.503263 0.00282432
1118 0.716984 0.508656 0.00321759
1119 0.716984 0.514533 0.0030649
1120 0.716984 0.510202 0.00279913
1121 0.716984 0.507489 0.00296628
1122 0.716984 0.507062 0.00278362
1123 0.716984 0.510628 0.00295577
1124 0.716984 0.506816 0.00294303
1125 0.716984 0.511538 0.00275163
1126 0.716984 0.507252 0.00283701
1127 0.716984 0.505807 0.00283037
1128 0.716984 0.506766 0.00296419
1129 0.716984 0.507582 0.00292487
1130 0.716984 0.513708 0.00269216
1131 0.716984 0.509625 0.00306712
1132 0.716984 0.510937 0.00292114
1133 0.716984 0.512046 0.00248222
1134 0.716984 0.510951 0.00305183
1135 0.716984 0.511239 0.00304245
1136 0.716984 0.508888 0.00271803
1137 0.716984 0.51297 0.00366367
1138 0.716984 0.507916 0.00348425
1139 0.716984 0.508798 0.00337191
1140 0.716984 0.513695 0.00308372
1141 0.716984 0.5044 0.00320209
1142 0.716984 0.511888 0.0030655
1143 0.716984 0.512166 0.00288709
1144 0.716984 0.509394 0.00278522
1145 0.716984 0.499138 0.00314427
1146 0.716984 0.501356 0.00315329
1147 0.716984 0.509541 0.00248925
1148 0.716984 0.504854 0.00326196
1149 0.716984 0.510453 0.00264434
1150 0.716984 0.507929 0.00304952
1151 0.716984 0.508321 0.00311003
1152 0.716984 0.512653 0.00270878
1153 0.716984 0.513305 0.00285643
1154 0.716984 0.508087 0.00312673
1155 0.716984 0.512259 0.00312689
1156 0.716984 0.514024 0.00295283
1157 0.716984 0.514817 0.00305281
1158 0.716984 0.504691 0.00307775
1159 0.716984 0.512829 0.00276897
1160 0.716984 0.517343 0.0031514
1161 0.716984 0.51475 0.00273489
1162 0.716984 0.511138 0.00267488
1163 0.716984 0.512279 0.00291316
1164 0.716984 0.518632 0.00350286
1165 0.716984 0.509422 0.00308133
1166 0.716984 0.507487 0.00354726
1167 0.716984 0.514509 0.00314346
1168 0.716984 0.509215 0.00328123
1169 0.716984 0.506213 0.00291998
1170 0.716984 0.510127 0.0025791
1171 0.716984 0.508481 0.00326858
1172 0.716984 0.516266 0.0032166
1173 0.716984 0.507874 0.00304513
1174 0.716984 0.517695 0.00341103
1175 0.716984 0.508734 0.0029364
1176 0.716984 0.51308 0.00295529
1177 0.716984 0.510256 0.00274818
1178 0.716984 0.514037 0.0033376
1179 0.716984 0.508228 0.00331145
1180 0.716984 0.505323 0.00244552
1181 0.716984 0.510856 0.00294175
1182 0.716984 0.505927 0.00278979
1183 0.716984 0.508994 0.00267756
1184 0.716984 0.502354 0.00303169
1185 0.716984 0.510955 0.00261589
1186 0.716984 0.514326 0.00299352
1187 0.716984 0.507333 0.00260936
1188 0.716984 0.511629 0.00245308
1189 0.716984 0.506684 0.00276082
1190 0.716984 0.504537 0.00273641
1191 0.716984 0.515373 0.00286483
1192 0.716984 0.509344 0.00264779
1193 0.716984 0.504252 0.00276015
1194 0.716984 0.509147 0.00346311
1195 0.716984 0.518668 0.00300171
1196 0.716984 0.503825 0.00272883
1197 0.716984 0.507535 0.00283803
1198 0.716984 0.506902 0.00267977
1199 0.716984 0.515357 0.00278833
1200 0.716984 0.508218 0.00269998
1201 0.716984 0.510254 0.00238717
1202 0.716984 0.503857 0.00272914
1203 0.716984 0.507773 0.00296996
1204 0.716984 0.513083 0.00292431
1205 0.716984 0.511418 0.0023692
1206 0.716984 0.507334 0.00287422
1207 0.716984 0.512774 0.00253316
1208 0.716984 0.50862 0.00267456
1209 0.716984 0.509963 0.00232886
1210 0.716984 0.507894 0.0025802
1211 0.716984 0.510874 0.00293324
1212 0.716984 0.515361 0.00282764
1213 0.716984 0.516182 0.00277644
1214 0.716984 0.509735 0.00294418
1215 0.716984 0.511731 0.0026263
1216 0.716984 0.508771 0.00280295
1217 0.716984 0.511555 0.00265448
1218 0.716984 0.504385 0.00255659
1219 0.716984 0.508792 0.00262566
1220 0.716984 0.510151 0.00268831
1221 0.716984 0.505459 0.00241499
1222 0.716984 0.506788 0.00249491
1223 0.716984 0.50816 0.00238069
1224 0.716984 0.506723 0.00284906
1225 0.716984 0.511377 0.00285793
1226 0.716984 0.509024 0.00330675
1227 0.716984 0.512626 0.00284669
1228 0.716984 0.512301 0.00333604
1229 0.716984 0.509896 0.00278867
1230 0.716984 0.51415 0.00295639
1231 0.716984 0.513914 0.00290629
1232 0.716984 0.513336 0.00268422
1233 0.716984 0.508082 0.00292129
1234 0.716984 0.511356 0.00288617
1235 0.716984 0.504365 0.00316578
1236 0.716984 0.511611 0.00285408
1237 0.716984 0.509072 0.00285362
1238 0.716984 0.511607 0.00371527
1239 0.716984 0.508087 0.00288846
1240 0.716984 0.513959 0.00266115
1241 0.716984 0.507594 0.0028881
1242 0.716984 0.512206 0.00275831
1243 0.716984 0.511017 0.00254832
1244 0.716984 0.515033 0.00282957
1245 0.716984 0.510454 0.00276467
1246 0.716984 0.510199 0.00239908
1247 0.716984 0.509718 0.00273973
1248 0.716984 0.510499 0.00294528
1249 0.716984 0.511142 0.00315226
1250 0.716984 0.510571 0.00318065
1251 0.716984 0.512203 0.00281156
1252 0.716984 0.513191 0.00265337
1253 0.716984 0.511032 0.00314696
1254 0.716984 0.51036 0.00336803
1255 0.716984 0.510489 0.00314655
1256 0.716984 0.509884 0.00322286
1257 0.716984 0.510125 0.00271737
1258 0.716984 0.515312 0.00308038
1259 0.716984 0.514656 0.00309905
1260 0.716984 0.507848 0.00285021
1261 0.716984 0.509951 0.00255499
1262 0.716984 0.507703 0.00298577
1263 0.716984 0.508478 0.00289573
1264 0.716984 0.504822 0.00246778
1265 0.716984 0.503337 0.00263658
1266 0.716984 0.508773 0.00334938
1267 0.716984 0.507869 0.00281805
1268 0.716984 0.508983 0.00302506
1269 0.716984 0.513631 0.00302884
1270 0.716984 0.509594 0.00276353
1271 0.716984 0.503413 0.00324644
1272 0.716984 0.50649 0.00267702
1273 0.716984 0.507752 0.00321777
1274 0.716984 0.509117 0.00307886
1275 0.716984 0.511811 0.00333518
1276 0.716984 0.50516 0.00293739
1277 0.716984 0.509202 0.00290496
1278 0.716984 0.508527 0.00293542
1279 0.716984 0.515165 0.00249181
1280 0.716984 0.504091 0.00274116
1281 0.716984 0.507773 0.00291784
1282 0.716984 0.501655 0.0034936
1283 0.716984 0.51109 0.00267327
1284 0.716984 0.51291 0.0030444
1285 0.716984 0.506432 0.0029916
1286 0.716984 0.508015 0.00273871
1287 0.716984 0.507497 0.00322424
1288 0.716984 0.511862 0.00308699
1289 0.716984 0.514099 0.00300016
1290 0.716984 0.51239 0.00286432
1291 0.716984 0.506624 0.0031039
1292 0.716984 0.507889 0.00262485
1293 0.716984 0.512362 0.00251704
1294 0.716984 0.510214 0.00234681
1295 0.716984 0.513079 0.00233094
1296 0.716984 0.508511 0.00269249
1297 0.716984 0.514929 0.0029447
1298 0.716984 0.505179 0.00277618
1299 0.716984 0.511952 0.00341542
1300 0.716984 0.507037 0.00308248
1301 0.716984 0.512782 0.00302441
1302 0.716984 0.509453 0.00287676
1303 0.716984 0.518223 0.00280059
1304 0.716984 0.516134 0.00305576
1305 0.716984 0.508557 0.00303323
1306 0.716984 0.507346 0.00291916
1307 0.719306 0.503557 0.00355015
1308 0.719306 0.504853 0.00281929
1309 0.719306 0.508085 0.00300891
1310 0.719306 0.508541 0.00323853
1311 0.719306 0.516561 0.00320822
1312 0.719306 0.507277 0.00272265
1313 0.719306 0.505853 0.00285415
1314 0.719306 0.503299 0.0031741
1315 0.719306 0.504355 0.00308307
1316 0.719306 0.505728 0.00337737
1317 0.719306 0.513253 0.00291305
1318 0.719306 0.511759 0.00295994
1319 0.719306 0.510777 0.0031375
1320 0.719306 0.513015 0.00286609
1321 0.719306 0.511197 0.00278623
1322 0.719306 0.51172 0.00277404
1323 0.719306 0.513305 0.00337106
1324 0.719306 0.512047 0.00263917
1325 0.719306 0.505831 0.00345055
1326 0.719306 0.510293 0.00273437
1327 0.719306 0.513331 0.00310368
1328 0.719306 0.510363 0.00356916
1329 0.719306 0.508959 0.00306371
1330 0.719306 0.513179 0.0028527
1331 0.719306 0.509161 0.0026825
1332 0.719306 0.515845 0.00308386
1333 0.719306 0.511433 0.00306037
1334 0.719306 0.511747 0.00264946
1335 0.719306 0.507107 0.00347762
1336 0.719306 0.517534 0.00271291
1337 0.719306 0.509095 0.00285119
1338 0.719306 0.511138 0.00328594
1339 0.719306 0.513312 0.00332687
1340 0.719306 0.514764 0.00291999
1341 0.719306 0.508231 0.00291828
1342 0.719306 0.51727 0.00284156
1343 0.719306 0.513241 0.00300021
1344 0.719306 0.515181 0.00285191
1345 0.719306 0.513192 0.0027116
1346 0.719306 0.510648 0.00252198
1347 0.719306 0.513725 0.00284438
1348 0.719306 0.512263 0.00279426
1349 0.719306 0.511703 0.0029035
1350 0.719306 0.514299 0.00322035
1351 0.719306 0.514004 0.00366638
1352 0.719306 0.517216 0.00337847
1353 0.719306 0.507865 0.00327566
1354 0.719306 0.514391 0.00285815
1355 0.719306 0.516962 0.00327863
1356 0.719306 0.508494 0.00299907
1357 0.719306 0.509794 0.00313301
1358 0.719306 0.510002 0.00296768
1359 0.734442 0.523057 0.00359314
1360 0.734442 0.513903 0.00280427
1361 0.734442 0.509188 0.00329099
1362 0.734442 0.505399 0.00389952
1363 0.734442 0.513229 0.00289953
1364 0.734442 0.509311 0.00330395
1365 0.734442 0.516033 0.00352472
1366 0.734442 0.518828 0.00351963
1367 0.734442 0.5177 0.0029917
1368 0.734442 0.508548 0.00325686
1369 0.734442 0.513845 0.00292528
1370 0.734442 0.519991 0.00354466
1371 0.734442 0.512152 0.0027538
1372 0.734442 0.511519 0.00302439
1373 0.734442 0.50992 0.00319057
1374 0.734442 0.509171 0.00346155
1375 0.734442 0.513894 0.00274655
1376 0.734442 0.507309 0.00312669
1377 0.734442 0.508415 0.00384607
1378 0.734442 0.516805 0.00396673
1379 0.734442 0.50612 0.00346233
1380 0.734442 0.513501 0.00317164
1381 0.734442 0.50957 0.00302863
1382 0.734442 0.512577 0.00277722
1383 0.734442 0.51444 0.00308681
1384 0.734442 0.513729 0.00387455
1385 0.734442 0.511547 0.00299886
1386 0.734442 0.509928 0.00290358
1387 0.734442 0.508604 0.00312631
1388 0.734442 0.515302 0.00296691
1389 0.734442 0.511922 0.00300531
1390 0.744882 0.514586 0.00336846
1391 0.744882 0.510635 0.00335013
1392 0.744882 0.509045 0.0029396
1393 0.744882 0.512954 0.00352202
1394 0.744882 0.509048 0.00289131
1395 0.744882 0.51626 0.00288581
1396 0.744882 0.510166 0.00348322
1397 0.744882 0.516354 0.00332038
1398 0.744882 0.513644 0.00292346
1399 0.744882 0.518918 0.00343972
1400 0.744882 0.502589 0.00270017
1401 0.744882 0.513261 0.00329685
1402 0.744882 0.511599 0.00310673
1403 0.744882 0.510543 0.00379305
1404 0.744882 0.511223 0.00308182
1405 0.744882 0.510519 0.00298643
1406 0.744882 0.517132 0.00292367
1407 0.744882 0.518763 0.00298562
1408 0.744882 0.513406 0.00267337
1409 0.744882 0.507755 0.00309972
1410 0.744882 0.509348 0.00300461
1411 0.744882 0.514674 0.00316482
1412 0.744882 0.510273 0.00309984
1413 0.744882 0.513434 0.00366417
1414 0.744882 0.508314 0.00285117
1415 0.744882 0.508108 0.00298131
1416 0.744882 0.511169 0.00298139
1417 0.744882 0.50841 0.00329381
1418 0.744882 0.510143 0.00373556
1419 0.744882 0.509695 0.00305747
1420 0.744882 0.516651 0.00372822
1421 0.744882 0.514671 0.00418604
1422 0.744882 0.511569 0.00336778
1423 0.744882 0.51235 0.00327486
1424 0.744882 0.516664 0.00355541
1425 0.744882 0.508399 0.00369156
1426 0.744882 0.506035 0.00390997
1427 0.744882 0.509992 0.00310774
1428 0.744882 0.508958 0.0034982
1429 0.744882 0.511346 0.00355019
1430 0.744882 0.523123 0.00366089
1431 0.744882 0.509637 0.00352185
1432 0.744882 0.517121 0.00356545
1433 0.744882 0.512621 0.00301819
1434 0.744882 0.516924 0.00337599
1435 0.744882 0.514319 0.0033495
1436 0.744882 0.516845 0.00319911
1437 0.744882 0.508853 0.00324274
1438 0.744882 0.514106 0.00304737
1439 0.744882 0.50947 0.00325953
1440 0.744882 0.515177 0.00312771
1441 0.744882 0.518185 0.00365286
1442 0.744882 0.510363 0.00448782
1443 0.744882 0.511511 0.0036387
1444 0.744882 0.508163 0.0037724
1445 0.744882 0.50275 0.00319806
1446 0.744882 0.510925 0.00300098
1447 0.744882 0.512233 0.00301832
1448 0.744882 0.511317 0.00320007
1449 0.744882 0.508469 0.00332229
1450 0.744882 0.510803 0.00330765
1451 0.744882 0.512634 0.00302512
1452 0.744882 0.51151 0.00347085
1453 0.744882 0.511841 0.00350855
1454 0.744882 0.50727 0.00343284
1455 0.744882 0.510973 0.00366893
1456 0.744882 0.508184 0.00307539
1457 0.744882 0.501885 0.00387625
1458 0.744882 0.515114 0.00376058
1459 0.744882 0.509095 0.00373593
1460 0.744882 0.514599 0.00347789
1461 0.744882 0.512902 0.00309294
1462 0.744882 0.516269 0.00357492
1463 0.744882 0.509815 0.00323229
1464 0.744882 0.511581 0.00355263
1465 0.744882 0.51373 0.00419499
1466 0.744882 0.511912 0.00345701
1467 0.744882 0.50621 0.00324959
1468 0.744882 0.509724 0.00355081
1469 0.744882 0.508334 0.00357142
1470 0.744882 0.504365 0.00305417
1471 0.744882 0.509326 0.00338524
1472 0.744882 0.515474 0.00343091
1473 0.744882 0.515771 0.00357829
1474 0.744882 0.513122 0.00320252
1475 0.744882 0.508953 0.00288305
1476 0.744882 0.511979 0.0028993
1477 0.744882 0.511384 0.00367016
1478 0.744882 0.505109 0.00320395
1479 0.744882 0.510546 0.00313069
1480 0.744882 0.507636 0.00330112
1481 0.744882 0.514925 0.00295121
1482 0.744882 0.521225 0.00318057
1483 0.744882 0.515122 0.00390676
1484 0.744882 0.508817 0.00341414
1485 0.744882 0.510512 0.00282161
1486 0.744882 0.511625 0.00377124
1487 0.744882 0.517102 0.00333313
1488 0.744882 0.513046 0.00301703
1489 0.744882 0.518883 0.00312065
1490 0.744882 0.517135 0.00352129
1491 0.744882 0.50839 0.00376966
1492 0.744882 0.51522 0.00333352
1493 0.744882 0.505792 0.00361416
1494 0.744882 0.507809 0.00289832
1495 0.744882 0.507019 0.00421409
1496 0.744882 0.510561 0.00296009
1497 0.744882 0.50834 0.00325339
1498 0.744882 0.509546 0.00317204
1499 0.744882 0.512863 0.00363622
1500 0.744882 0.513202 0.00371333
1501 0.744882 0.517508 0.00321313
1502 0.744882 0.516566 0.00374151
1503 0.744882 0.515997 0.00360481
1504 0.744882 0.507698 0.00378001
1505 0.744882 0.508477 0.00311518
1506 0.744882 0.511893 0.00338806
1507 0.744882 0.512361 0.00359018
1508 0.744882 0.508263 0.00381749
1509 0.744882 0.510201 0.00361477
1510 0.744882 0.514879 0.00359445
1511 0.744882 0.515891 0.00318148
1512 0.744882 0.509832 0.00357209
1513 0.744882 0.506141 0.00364803
1514 0.744882 0.511034 0.00394173
1515 0.744882 0.505808 0.00311494
1516 0.744882 0.513867 0.0032862
1517 0.744882 0.508396 0.00341141
1518 0.744882 0.515123 0.00356647
1519 0.744882 0.509615 0.00323838
1520 0.744882 0.511154 0.0031799
1521 0.744882 0.511134 0.00372503
1522 0.744882 0.507543 0.0034805
1523 0.744882 0.513461 0.00303922
1524 0.744882 0.515654 0.00366173
1525 0.744882 0.514823 0.00375695
1526 0.744882 0.509913 0.00304978
1527 0.744882 0.512232 0.0038878
1528 0.744882 0.514935 0.00345365
1529 0.744882 0.513284 0.0031062
1530 0.744882 0.511066 0.00302781
1531 0.744882 0.511618 0.00345411
1532 0.744882 0.513097 0.00311891
1533 0.744882 0.509138 0.00342118
1534 0.744882 0.51623 0.0035844
1535 0.744882 0.514184 0.00358961
1536 0.744882 0.512347 0.0031224
1537 0.744882 0.507132 0.00302759
1538 0.744882 0.506824 0.00320147
1539 0.744882 0.516552 0.00373503
1540 0.744882 0.516868 0.00368771
1541 0.744882 0.512183 0.00337739
1542 0.744882 0.512116 0.00357058
1543 0.744882 0.508375 0.00332941
1544 0.744882 0.508575 0.00297788
1545 0.744882 0.509833 0.0032407
1546 0.744882 0.51775 0.00360505
1547 0.744882 0.511829 0.00350647
1548 0.744882 0.5108 0.00400111
1549 0.744882 0.509142 0.00305233
1550 0.744882 0.510461 0.00367024
1551 0.744882 0.513693 0.00353069
1552 0.744882 0.510987 0.00290146
1553 0.744882 0.509355 0.00335729
1554 0.744882 0.51214 0.00367955
1555 0.744882 0.514963 0.00312595
1556 0.744882 0.511734 0.00318043
1557 0.744882 0.514248 0.00325738
1558 0.744882 0.516506 0.00295629
1559 0.744882 0.508424 0.0032002
1560 0.744882 0.508627 0.00377296
1561 0.744882 0.513514 0.00364516
1562 0.744882 0.510524 0.00358391
1563 0.744882 0.513511 0.00384992
1564 0.744882 0.513328 0.00339148
1565 0.744882 0.507429 0.00336047
1566 0.744882 0.515046 0.0031596
1567 0.744882 0.506793 0.00324984
1568 0.744882 0.509931 0.00305717
1569 0.744882 0.511733 0.00296205
1570 0.744882 0.504945 0.00356316
1571 0.744882 0.520847 0.00342851
1572 0.744882 0.50765 0.00316432
1573 0.744882 0.509828 0.00353466
1574 0.744882 0.510774 0.00264429
1575 0.744882 0.509061 0.00296383
1576 0.744882 0.509863 0.00305639
1577 0.744882 0.512508 0.00336027
1578 0.744882 0.514881 0.00332248
1579 0.744882 0.514248 0.00353817
1580 0.744882 0.509806 0.00317061
1581 0.744882 0.511656 0.0032517
1582 0.744882 0.512935 0.00315605
1583 0.744882 0.50568 0.00300023
1584 0.744882 0.516749 0.0029433
1585 0.744882 0.518028 0.00325219
1586 0.744882 0.50669 0.00310247
1587 0.744882 0.515037 0.00325083
1588 0.744882 0.512859 0.00310646
1589 0.744882 0.50984 0.00293117
1590 0.744882 0.511508 0.00302406
1591 0.744882 0.511595 0.0029219
1592 0.744882 0.517272 0.00268954
1593 0.744882 0.512519 0.00293854
1594 0.744882 0.509594 0.00311252
1595 0.744882 0.515006 0.00342495
1596 0.744882 0.506322 0.00358402
1597 0.744882 0.513329 0.00318982
1598 0.744882 0.514966 0.00292963
1599 0.744882 0.512214 0.00363883
1600 0.744882 0.510433 0.00300781
1601 0.744882 0.513288 0.00326784
1602 0.744882 0.51009 0.00299721
1603 0.744882 0.514046 0.00359672
1604 0.750078 0.520408 0.00439303
1605 0.750078 0.510204 0.00346352
1606 0.750078 0.508832 0.00329114
1607 0.750078 0.515391 0.00318752
1608 0.750078 0.510398 0.00339051
1609 0.750078 0.51229 0.00322147
1610 0.750078 0.515396 0.00292677
1611 0.750078 0.519533 0.00341649
1612 0.750078 0.512801 0.0030688
1613 0.750078 0.506616 0.00296521
1614 0.750078 0.503587 0.00294824
1615 0.750078 0.51428 0.00312065
1616 0.750078 0.511943 0.00314074
1617 0.750078 0.509175 0.0030827
1618 0.750078 0.516952 0.0037311
1619 0.750078 0.514074 0.00300356
1620 0.750078 0.513918 0.00351993
1621 0.750078 0.511704 0.00347348
1622 0.750078 0.513488 0.00352545
1623 0.750078 0.510659 0.00327533
1624 0.750078 0.511651 0.00335337
1625 0.750078 0.512616 0.00338729
1626 0.750078 0.513279 0.00324393
1627 0.750078 0.515476 0.00321267
1628 0.750078 0.514699 0.00338627
1629 0.750078 0.520044 0.00320897
1630 0.750078 0.51246 0.00324607
1631 0.750078 0.514851 0.00307805
1632 0.750078 0.514033 0.0032212
1633 0.750078 0.514583 0.00335572
1634 0.750078 0.51445 0.00352434
1635 0.750078 0.512714 0.00283418
1636 0.750078 0.508415 0.0034929
1637 0.750078 0.511207 0.00334193
1638 0.750078 0.510273 0.00299406
1639 0.750078 0.516233 0.00308404
1640 0.750078 0.517188 0.00334748
1641 0.750078 0.509914 0.00277685
1642 0.750078 0.510103 0.00294561
1643 0.750078 0.510729 0.00297172
1644 0.750078 0.516533 0.00326711
1645 0.750078 0.519408 0.00325083
1646 0.750078 0.509055 0.0032491
1647 0.750078 0.508579 0.00304782
1648 0.750078 0.511863 0.00319277
1649 0.750078 0.509519 0.00335877
1650 0.750078 0.51533 0.00365078
1651 0.750078 0.508078 0.00297344
1652 0.750078 0.512483 0.00291005
1653 0.750078 0.516827 0.00365211
1654 0.750078 0.517551 0.00281174
1655 0.750078 0.514374 0.00329518
1656 0.750078 0.51531 0.00350221
1657 0.750078 0.517489 0.00353358
1658 0.751687 0.512123 0.00388893
1659 0.751687 0.510457 0.00320143
1660 0.751687 0.509529 0.00293186
1661 0.751687 0.510988 0.00352987
1662 0.751687 0.510038 0.00289385
1663 0.751687 0.510758 0.00316379
1664 0.751687 0.514625 0.00320552
1665 0.751687 0.511934 0.00309201
1666 0.751687 0.507004 0.00293662
1667 0.751687 0.507385 0.00381139
1668 0.751687 0.517267 0.00414115
1669 0.751687 0.509709 0.00334356
1670 0.751687 0.515424 0.00340035
1671 0.751687 0.508873 0.00311749
1672 0.751687 0.511393 0.00294118
1673 0.751687 0.510505 0.00357797
1674 0.751687 0.511788 0.00342178
1675 0.751687 0.518592 0.00337549
1676 0.751687 0.514957 0.00303735
1677 0.751687 0.508448 0.00281397
1678 0.751687 0.510308 0.00332758
1679 0.751687 0.50877 0.00343935
1680 0.751687 0.509605 0.00293555
1681 0.751687 0.512851 0.00332923
1682 0.751687 0.511849 0.00382576
1683 0.751687 0.520809 0.00393313
1684 0.751687 0.511328 0.00305532
1685 0.751687 0.511231 0.00348383
1686 0.751687 0.516661 0.00399371
1687 0.751687 0.516061 0.00296421
1688 0.751687 0.512535 0.00341439
1689 0.751687 0.513965 0.00314727
1690 0.751687 0.513211 0.00318726
1691 0.751687 0.51094 0.00306828
1692 0.751687 0.512759 0.00322423
1693 0.751687 0.510093 0.0034022
1694 0.751687 0.506708 0.00352331
1695 0.751687 0.515174 0.00372846
1696 0.751687 0.511284 0.00314845
1697 0.751687 0.513303 0.00338948
1698 0.751687 0.51166 0.00368424
1699 0.751687 0.51427 0.00327845
1700 0.751687 0.50966 0.00377432
1701 0.751687 0.509328 0.00366287
1702 0.751687 0.514081 0.00398633
1703 0.751687 0.513778 0.00364067
1704 0.751687 0.512059 0.0035941
1705 0.751687 0.515078 0.00351289
1706 0.751687 0.507744 0.00337859
1707 0.751687 0.508627 0.00308246
1708 0.751687 0.51152 0.00288796
1709 0.751687 0.508884 0.00344452
1710 0.751687 0.513306 0.00364302
1711 0.751687 0.515877 0.00319549
1712 0.751687 0.508673 0.00313079
1713 0.751687 0.513182 0.00302749
1714 0.751687 0.5101 0.00292142
1715 0.751687 0.510873 0.00311203
1716 0.751687 0.510677 0.00358103
1717 0.751687 0.515652 0.0031651
1718 0.751687 0.513307 0.00332282
1719 0.751687 0.510439 0.00349125
1720 0.751687 0.513748 0.00331924
1721 0.751687 0.511747 0.00315548
1722 0.751687 0.506859 0.00321196
1723 0.751687 0.513375 0.00298433
1724 0.751687 0.510714 0.00346649
1725 0.751687 0.511028 0.00380244
1726 0.751687 0.512447 0.00332711
1727 0.751687 0.515069 0.00414706
1728 0.751687 0.515959 0.00336707
1729 0.751687 0.512065 0.00332167
1730 0.751687 0.519654 0.00351271
1731 0.751687 0.514251 0.00313084
1732 0.751687 0.508239 0.00339938
1733 0.751687 0.513954 0.00355237
1734 0.751687 0.516248 0.00395252
1735 0.751687 0.513156 0.00344145
1736 0.751687 0.512593 0.00392585
1737 0.751687 0.511627 0.00338226
1738 0.751687 0.5145 0.0040308
1739 0.751687 0.507601 0.00352461
1740 0.751687 0.515317 0.0038715
1741 0.751687 0.512002 0.0031939
1742 0.751687 0.513637 0.00360045
1743 0.751687 0.515743 0.00365969
1744 0.751687 0.51637 0.00385964
1745 0.751687 0.510615 0.00323624
1746 0.751687 0.520011 0.00427057
1747 0.751687 0.513399 0.00360609
1748 0.751687 0.510307 0.00345119
1749 0.751687 0.511914 0.00327808
1750 0.751687 0.512634 0.00354223
1751 0.751687 0.509769 0.0037171
1752 0.751687 0.513084 0.0040723
1753 0.751687 0.517095 0.00328295
1754 0.751687 0.515675 0.00303403
1755 0.751687 0.508861 0.00345323
1756 0.751687 0.518381 0.00357119
1757 0.751687 0.514654 0.00365103
1758 0.751687 0.511678 0.00285151
1759 0.751687 0.516073 0.00351825
1760 0.751687 0.51266 0.00335928
1761 0.751687 0.506215 0.00359404
1762 0.751687 0.507996 0.00345916
1763 0.751687 0.508038 0.00352583
1764 0.751687 0.510871 0.00343331
1765 0.751687 0.51058 0.00357279
1766 0.751687 0.508746 0.00357705
1767 0.751687 0.510262 0.00331798
1768 0.751687 0.515752 0.00311125
1769 0.751687 0.509275 0.00349045
1770 0.751687 0.512013 0.00359759
1771 0.751687 0.510377 0.00346844
1772 0.751687 0.511666 0.00299478
1773 0.751687 0.518509 0.00337643
1774 0.751687 0.521137 0.00361127
1775 0.751687 0.511651 0.00340252
1776 0.751687 0.516705 0.00415545
1777 0.751687 0.513842 0.00344693
1778 0.751687 0.513659 0.00327687
1779 0.751687 0.508595 0.00315591
1780 0.751687 0.513403 0.00390336
1781 0.751687 0.510009 0.00322518
1782 0.751687 0.508068 0.00300784
1783 0.751687 0.507547 0.00294654
1784 0.751687 0.509559 0.0033274
1785 0.751687 0.507824 0.00338802
1786 0.751687 0.509922 0.00282953
1787 0.751687 0.51028 0.00306653
1788 0.751687 0.512221 0.0026563
1789 0.751687 0.507512 0.0032895
1790 0.751687 0.509868 0.00317661
1791 0.751687 0.510815 0.00303262
1792 0.751687 0.511033 0.00278748
1793 0.751687 0.512815 0.00343185
1794 0.751687 0.511978 0.00299384
1795 0.751687 0.510446 0.00345237
1796 0.751687 0.514878 0.00305
1797 0.751687 0.503853 0.00303362
1798 0.751687 0.509992 0.00324396
1799 0.751687 0.511763 0.00343646
1800 0.751687 0.512483 0.00347875
1801 0.751687 0.514374 0.00313181
1802 0.751687 0.512772 0.00306072
1803 0.751687 0.511759 0.00374284
1804 0.751687 0.512428 0.00345323
1805 0.751687 0.514518 0.00318084
1806 0.751687 0.510536 0.00318379
1807 0.751687 0.513549 0.00332412
1808 0.751687 0.513996 0.00328641
1809 0.751687 0.512498 0.00340779
1810 0.751687 0.50896 0.0033642
1811 0.751687 0.513437 0.00307524
1812 0.751687 0.514851 0.0029998
1813 0.751687 0.51015 0.00304828
1814 0.751687 0.511724 0.00368389
1815 0.751687 0.510669 0.0029738
1816 0.751687 0.513346 0.00323068
1817 0.751687 0.507251 0.00312711
1818 0.751687 0.502492 0.00326257
1819 0.751687 0.51658 0.00382292
1820 0.751687 0.514738 0.00330332
1821 0.751687 0.510716 0.00348948
1822 0.751687 0.521342 0.00379438
1823 0.751687 0.514294 0.00386771
1824 0.751687 0.511076 0.00386107
1825 0.751687 0.522133 0.00357323
1826 0.751687 0.514146 0.00349039
1827 0.751687 0.510956 0.00340258
1828 0.751687 0.520517 0.00423597
1829 0.751687 0.514893 0.00369363
1830 0.751687 0.508977 0.00357549
1831 0.751687 0.518893 0.00371141
1832 0.751687 0.506125 0.00296293
1833 0.751687 0.510729 0.00369906
1834 0.751687 0.509815 0.00286017
1835 0.751687 0.514004 0.00336896
1836 0.751687 0.5155 0.0032314
1837 0.751687 0.511173 0.0031083
1838 0.751687 0.514712 0.00306573
1839 0.751687 0.512239 0.00340601
1840 0.751687 0.511082 0.00323675
1841 0.751687 0.50793 0.00344248
1842 0.751687 0.512708 0.00335423
1843 0.751687 0.515646 0.00321861
1844 0.751687 0.510753 0.00337455
1845 0.751687 0.509575 0.00331897
1846 0.751687 0.508276 0.00342091
1847 0.751687 0.515887 0.00388633
1848 0.751687 0.51626 0.0039182
1849 0.751687 0.514852 0.00427422
1850 0.751687 0.513614 0.003043
1851 0.751687 0.503315 0.00373017
1852 0.751687 0.509814 0.00324299
1853 0.751687 0.514639 0.00318365
1854 0.751687 0.511912 0.00371107
1855 0.751687 0.507289 0.00271525
1856 0.751687 0.510229 0.00289804
1857 0.751687 0.512351 0.00335624
1858 0.751687 0.514412 0.00391319
1859 0.751687 0.514795 0.00371932
1860 0.751687 0.509506 0.0034427
1861 0.751687 0.511759 0.00285584
1862 0.751687 0.510456 0.00310653
1863 0.751687 0.512736 0.00307368
1864 0.751687 0.511667 0.00354389
1865 0.751687 0.51281 0.00329702
1866 0.751687 0.509875 0.00341489
1867 0.751687 0.508487 0.00335503
1868 0.751687 0.510551 0.0030911
1869 0.751687 0.515759 0.00350431
1870 0.751687 0.512868 0.00370137
1871 0.751687 0.512872 0.00347533
1872 0.751687 0.510625 0.00366856
1873 0.751687 0.510161 0.00332832
1874 0.751687 0.509971 0.00349479
1875 0.751687 0.51333 0.00371317
1876 0.751687 0.5124 0.00309423
1877 0.751687 0.510704 0.0030922
1878 0.751687 0.513635 0.00297271
1879 0.751687 0.516369 0.00321396
1880 0.751687 0.518338 0.00307323
1881 0.751687 0.5102 0.00335156
1882 0.751687 0.512782 0.00383383
1883 0.751687 0.515843 0.00331998
1884 0.751687 0.517139 0.00323127
1885 0.751687 0.516401 0.00315943
1886 0.751687 0.512124 0.00321418
1887 0.751687 0.509677 0.00350117
1888 0.751687 0.508333 0.00317755
1889 0.751687 0.509687 0.00272777
1890 0.751687 0.50807 0.00325746
1891 0.751687 0.509142 0.00316319
1892 0.751687 0.508978 0.00330907
1893 0.751687 0.510547 0.00305615
1894 0.751687 0.514487 0.00353715
1895 0.751687 0.508241 0.00337049
1896 0.751687 0.514645 0.00314604
1897 0.751687 0.513986 0.00297009
1898 0.751687 0.509708 0.00309605
1899 0.751687 0.511125 0.00297152
1900 0.751687 0.512634 0.00277835
1901 0.751687 0.508884 0.00329632
1902 0.751687 0.513018 0.00294203
1903 0.751687 0.508115 0.00314672
1904 0.751687 0.507179 0.00344641
1905 0.751687 0.51544 0.00302571
1906 0.751687 0.509673 0.00327448
1907 0.751687 0.514157 0.00397432
1908 0.751687 0.508348 0.00322455
1909 0.751687 0.508194 0.00294323
1910 0.751687 0.505156 0.00291074
1911 0.751687 0.509637 0.00303871
1912 0.751687 0.517683 0.0036849
1913 0.751687 0.51478 0.00338673
1914 0.751687 0.512958 0.00311876
1915 0.751687 0.514816 0.00277315
1916 0.751687 0.508873 0.00320043
1917 0.751687 0.511692 0.00311882
1918 0.751687 0.51491 0.00305441
1919 0.751687 0.51173 0.00366863
1920 0.751687 0.514152 0.00305652
1921 0.751687 0.506386 0.00282904
1922 0.751687 0.50625 0.00293859
1923 0.751687 0.51623 0.00287618
1924 0.751687 0.510647 0.00286633
1925 0.751687 0.513354 0.00336316
1926 0.751687 0.510892 0.00311066
1927 0.751687 0.519676 0.00363661
1928 0.751687 0.518946 0.00365363
1929 0.751687 0.514745 0.00305246
1930 0.751687 0.511868 0.00304399
1931 0.751687 0.509142 0.00359058
1932 0.751687 0.511739 0.00361032
1933 0.751687 0.508492 0.00297127
1934 0.751687 0.512587 0.00331542
1935 0.751687 0.516004 0.00342549
1936 0.751687 0.51098 0.0030812
1937 0.751687 0.513265 0.00331855
1938 0.751687 0.516224 0.00370797
1939 0.751687 0.519237 0.00401528
1940 0.751687 0.513169 0.00298922
1941 0.751687 0.507939 0.00340528
1942 0.751687 0.514019 0.00335804
1943 0.751687 0.513804 0.00363339
1944 0.751687 0.514001 0.0035047
1945 0.751687 0.511245 0.00331862
1946 0.751687 0.508093 0.00290487
1947 0.751687 0.511653 0.00336374
1948 0.751687 0.512625 0.00309195
1949 0.751687 0.518471 0.00408287
1950 0.751687 0.516 0.00377052
1951 0.751687 0.520077 0.00341299
1952 0.751687 0.515749 0.00338096
1953 0.751687 0.518903 0.00372209
1954 0.751687 0.517281 0.00349654
1955 0.751687 0.510345 0.00319336
1956 0.751687 0.509073 0.00382113
1957 0.751687 0.512362 0.00421927
1958 0.751687 0.51833 0.00337409
1959 0.751687 0.514149 0.00384973
1960 0.751687 0.515063 0.00340982
1961 0.751687 0.515525 0.00375542
1962 0.751687 0.512465 0.00342959
1963 0.751687 0.511493 0.00319392
1964 0.751687 0.511488 0.00300288
1965 0.751687 0.511992 0.00341237
1966 0.751687 0.511726 0.00333101
1967 0.751687 0.514751 0.00309372
1968 0.751687 0.511704 0.00304028
1969 0.751687 0.513333 0.00360407
1970 0.751687 0.514905 0.00363435
1971 0.751687 0.511561 0.00303351
1972 0.751687 0.50755 0.00331312
1973 0.751687 0.513865 0.00350614
1974 0.751687 0.510743 0.00377544
1975 0.751687 0.5089 0.00301762
1976 0.751687 0.509137 0.00318421
1977 0.751687 0.51235 0.00316244
1978 0.751687 0.513707 0.00319988
1979 0.751687 0.512296 0.00284381
1980 0.751687 0.509874 0.00327102
1981 0.751687 0.511951 0.0029199
1982 0.751687 0.513589 0.00357667
1983 0.751687 0.51347 0.00340678
1984 0.751687 0.510116 0.00344249
1985 0.751687 0.511639 0.00311401
1986 0.751687 0.509482 0.00313924
1987 0.751687 0.513427 0.00289757
1988 0.751687 0.51541 0.00329042
1989 0.751687 0.518028 0.00340575
1990 0.751687 0.51109 0.0030857
1991 0.751687 0.51189 0.00299463
1992 0.751687 0.514009 0.00285754
1993 0.751687 0.510198 0.00348396
1994 0.751687 0.511098 0.00337169
1995 0.751687 0.508196 0.00274495
1996 0.751687 0.51714 0.0034922
1997 0.751687 0.510468 0.00351807
1998 0.751687 0.511993 0.00323795
1999 0.751687 0.508862 0.00282276
2000 0.751687 0.509157 0.00357328
