5
0
-50.7885
6.90446
0
-50.3593
4.99558
0
-52.2862
4.1011
0
-63.1582
4.3527
0
-51.0499
4.07267
0
0.250609
0.036232
1.82231
0.426705
1.65662
0.427488
0.552924
0.189093
1.28831
0.459734
1.58201
1.9381
0.89806
1.02893
1.02519
1.64171
1.88306
1.25086
1.81348
1.48921
1.17038
1.40866
1.29344
1.76354
1.7137
1.69442
0.339947
1.68486
1.98485
0.226816
1.03327
0.238606
1.28741
0.382246
1.36498
0.29597
1.84926
0.307544
0.548582
0.318332
0.467814
0.840855
1.79523
0.3896
2.66643e-05
0.650776
1.68854
1.57083
1.09789
0.564285
0.380404
1.8478
1.71195
0.732405
1.52621
1.51265
0.0672842
1.52114
0.97846
0.126338
1.80439
0.46651
1.18484
0.403074
1.54891
0.175895
0.663681
0.473885
1.26562
2
0.93563
