0 0.572809 0.501094 0.00045428
1 0.575169 0.499151 0.000585019
2 0.575169 0.503706 0.000723674
3 0.629044 0.505617 0.00111768
4 0.629044 0.504556 0.000881098
5 0.629044 0.500966 0.00118493
6 0.629044 0.501866 0.00117083
7 0.629044 0.499352 0.00109248
8 0.629044 0.501113 0.00103685
9 0.629044 0.504472 0.00137607
10 0.629044 0.50355 0.00132647
11 0.629044 0.504701 0.00176926
12 0.629044 0.503645 0.00161857
13 0.634611 0.507976 0.00143369
14 0.634611 0.507301 0.00129773
15 0.634611 0.499235 0.00169324
16 0.634611 0.504596 0.00119648
17 0.634611 0.504194 0.00120878
18 0.634611 0.508808 0.00172321
19 0.634611 0.506358 0.0015884
20 0.634611 0.500303 0.00163665
21 0.634611 0.502298 0.00143162
22 0.634611 0.50497 0.00170078
23 0.634611 0.508305 0.00191969
24 0.634611 0.50497 0.00143838
25 0.634611 0.506924 0.00147483
26 0.634611 0.502225 0.00142121
27 0.634611 0.501962 0.00148639
28 0.634611 0.501836 0.0014662
29 0.634611 0.500137 0.00167569
30 0.634611 0.511201 0.00174551
31 0.634611 0.502416 0.00189902
32 0.634611 0.500748 0.00170983
33 0.634611 0.504157 0.00159382
34 0.634611 0.501455 0.00134459
35 0.634611 0.502524 0.0016913
36 0.634611 0.507608 0.00170778
37 0.634611 0.500496 0.00132347
38 0.636459 0.505057 0.00181044
39 0.636459 0.507551 0.00132677
40 0.636459 0.504562 0.0014319
41 0.636459 0.501461 0.0015485
42 0.636459 0.506153 0.00137045
43 0.636459 0.512764 0.00134126
44 0.636459 0.508589 0.0020269
45 0.636459 0.507211 0.00164328
46 0.63775 0.514083 0.00271296
47 0.63775 0.509988 0.00201976
48 0.63775 0.510421 0.00186275
49 0.63775 0.501911 0.00186255
50 0.63775 0.504891 0.0014329
51 0.63775 0.505931 0.00175267
52 0.63775 0.505497 0.00166707
53 0.63775 0.507571 0.00135957
54 0.63775 0.508704 0.00157528
55 0.63775 0.50409 0.0018554
56 0.63775 0.501957 0.00175033
57 0.63775 0.50316 0.00192619
58 0.63775 0.506065 0.00169587
59 0.63775 0.505516 0.00173717
60 0.63775 0.507295 0.00199617
61 0.63775 0.50625 0.00166978
62 0.663208 0.505393 0.0021573
63 0.663208 0.504995 0.0020961
64 0.663208 0.516223 0.00211447
65 0.663208 0.51495 0.00232381
66 0.663208 0.510954 0.00223311
67 0.663208 0.506464 0.00192685
68 0.663208 0.509944 0.00263523
69 0.663208 0.510226 0.0028188
70 0.663208 0.509685 0.00266891
71 0.663208 0.502731 0.00239439
72 0.663208 0.509771 0.00242123
73 0.663208 0.509567 0.00269078
74 0.663208 0.500248 0.00293494
75 0.663208 0.516304 0.00288537
76 0.663208 0.502277 0.00263961
77 0.663208 0.5089 0.00216668
78 0.663208 0.508205 0.00256274
79 0.663208 0.509069 0.00257517
80 0.663208 0.515838 0.00265647
81 0.663208 0.51483 0.00241465
82 0.663208 0.516467 0.00325137
83 0.674373 0.514006 0.00253417
84 0.674373 0.507748 0.002604
85 0.674373 0.504389 0.00295833
86 0.674373 0.513666 0.00337094
87 0.674373 0.507712 0.002794
88 0.685047 0.513641 0.0025722
89 0.685047 0.502012 0.00343099
90 0.685047 0.509412 0.00328125
91 0.685047 0.512874 0.0026089
92 0.685047 0.505861 0.00294517
93 0.685047 0.506667 0.00267713
94 0.685047 0.5152 0.00282626
95 0.685047 0.514507 0.0028634
96 0.685047 0.511592 0.00282593
97 0.685047 0.51331 0.00314586
98 0.685047 0.518563 0.00273112
99 0.685047 0.517688 0.00292953
100 0.685047 0.515387 0.00271948
101 0.688663 0.517053 0.00298916
102 0.688663 0.521062 0.00306471
103 0.688663 0.521977 0.00248388
104 0.688663 0.515275 0.00263508
105 0.688663 0.51007 0.00276326
106 0.688663 0.518088 0.00295854
107 0.688663 0.512932 0.00260156
108 0.688663 0.517008 0.00280951
109 0.688663 0.517939 0.00307341
110 0.688663 0.517279 0.00345606
111 0.688663 0.511943 0.00295759
112 0.688663 0.509223 0.00342245
113 0.688663 0.515607 0.00410083
114 0.688663 0.513244 0.00379006
115 0.688663 0.51288 0.00342999
116 0.688663 0.520971 0.00271863
117 0.688663 0.521155 0.00372959
118 0.688663 0.511656 0.00343473
119 0.688663 0.519679 0.00334446
120 0.688663 0.510887 0.00347647
121 0.688663 0.510734 0.0032912
122 0.688663 0.509551 0.0034833
123 0.688663 0.511769 0.00348438
124 0.688663 0.50629 0.00321294
125 0.688663 0.513383 0.00342984
126 0.688663 0.520776 0.00290422
127 0.688663 0.514164 0.00323769
128 0.688663 0.509157 0.003265
129 0.688663 0.505048 0.00408218
130 0.688663 0.510102 0.00336911
131 0.688663 0.512741 0.00310994
132 0.688663 0.504543 0.0035591
133 0.688663 0.510434 0.0034395
134 0.688663 0.512975 0.00320251
135 0.72777 0.51283 0.00404062
136 0.72777 0.514688 0.00351403
137 0.72777 0.516175 0.00383428
138 0.72777 0.51343 0.00373949
139 0.72777 0.512948 0.00396686
140 0.72777 0.511385 0.00352324
141 0.72777 0.501321 0.0049527
142 0.72777 0.512638 0.00451195
143 0.72777 0.502598 0.00391861
144 0.72777 0.509391 0.00386441
145 0.72777 0.499062 0.00384182
146 0.72777 0.522027 0.00413909
147 0.72777 0.506019 0.00463503
148 0.72777 0.515075 0.00421494
149 0.72777 0.505252 0.00409797
150 0.72777 0.509359 0.00406972
151 0.72777 0.518423 0.00337683
152 0.72777 0.515387 0.00367543
153 0.72777 0.518564 0.00368695
154 0.72777 0.504426 0.00459456
155 0.72777 0.510264 0.00495665
156 0.72777 0.519402 0.00401587
157 0.72777 0.517034 0.00398607
158 0.72777 0.509708 0.00492262
159 0.72777 0.523255 0.00433364
160 0.72777 0.517624 0.00438854
161 0.72777 0.518662 0.00349594
162 0.72777 0.512362 0.00479079
163 0.72777 0.510174 0.00435995
164 0.72777 0.509324 0.00438647
165 0.72777 0.50713 0.00388226
166 0.72777 0.504547 0.00420313
167 0.72777 0.50474 0.00519733
168 0.72777 0.506399 0.00363966
169 0.72777 0.51083 0.00378678
170 0.72777 0.522462 0.00341924
171 0.72777 0.515829 0.00448473
172 0.72777 0.513089 0.00427029
173 0.72777 0.513244 0.00439101
174 0.72777 0.512527 0.00444834
175 0.72777 0.516974 0.00455098
176 0.72777 0.510845 0.00378945
177 0.72777 0.512253 0.00364132
178 0.72777 0.512373 0.00439267
179 0.72777 0.50886 0.00429059
180 0.72777 0.506325 0.00353497
181 0.72777 0.509163 0.00384133
182 0.72777 0.50559 0.00360348
183 0.72777 0.512476 0.00394304
184 0.72777 0.511501 0.00402969
185 0.72777 0.511772 0.00432606
186 0.72777 0.511081 0.00471488
187 0.72777 0.512283 0.00466292
188 0.72777 0.517385 0.00456946
189 0.72777 0.508469 0.00428543
190 0.72777 0.507041 0.00439992
191 0.72777 0.503226 0.00569589
192 0.72777 0.504782 0.00403423
193 0.72777 0.514707 0.00460307
194 0.72777 0.513082 0.00466784
195 0.72777 0.50079 0.00448961
196 0.72777 0.507698 0.00444313
197 0.72777 0.50872 0.00455071
198 0.72777 0.498991 0.0050771
199 0.72777 0.510276 0.00435171
200 0.72777 0.514705 0.00441317
201 0.72777 0.519111 0.00459894
202 0.72777 0.515102 0.00450149
203 0.72777 0.509174 0.0050432
204 0.72777 0.505774 0.00474109
205 0.72777 0.517774 0.00450933
206 0.72777 0.505727 0.00489978
207 0.72777 0.502959 0.00424171
208 0.72777 0.502812 0.00433623
209 0.72777 0.508159 0.00487879
210 0.72777 0.500785 0.00468734
211 0.72777 0.508638 0.00481263
212 0.72777 0.508292 0.00496407
213 0.72777 0.505224 0.0043541
214 0.72777 0.507228 0.00483046
215 0.72777 0.505932 0.00435662
216 0.72777 0.504431 0.00526991
217 0.72777 0.510846 0.00388872
218 0.72777 0.512752 0.004507
219 0.72777 0.517275 0.00373445
220 0.72777 0.513175 0.00416605
221 0.72777 0.515095 0.00450505
222 0.72777 0.512766 0.00470565
223 0.72777 0.512133 0.00455589
224 0.72777 0.514158 0.00402841
225 0.72777 0.517099 0.00461541
226 0.72777 0.513595 0.00419193
227 0.72777 0.504561 0.00443384
228 0.72777 0.51775 0.00345028
229 0.72777 0.51089 0.00369099
230 0.72777 0.511346 0.00441175
231 0.72777 0.496686 0.00455399
232 0.72777 0.498213 0.0042805
233 0.72777 0.49615 0.00387908
234 0.72777 0.50167 0.00483885
235 0.72777 0.512239 0.00481724
236 0.72777 0.512211 0.00412281
237 0.72777 0.512283 0.00375843
238 0.72777 0.505433 0.00410071
239 0.72777 0.516275 0.00373129
240 0.72777 0.509242 0.00439666
241 0.72777 0.520884 0.00441722
242 0.72777 0.512108 0.0044425
243 0.72777 0.508647 0.00467087
244 0.72777 0.511392 0.00380074
245 0.72777 0.510007 0.00462797
246 0.740474 0.519301 0.00491151
247 0.740474 0.510573 0.00399487
248 0.740474 0.514149 0.0038992
249 0.740474 0.511393 0.00462854
250 0.740474 0.504074 0.00366932
251 0.740474 0.518385 0.00424672
252 0.740474 0.518988 0.00461914
253 0.740474 0.517014 0.00503527
254 0.740474 0.516047 0.00464804
255 0.740474 0.514535 0.00423361
256 0.740474 0.50848 0.00477508
257 0.740474 0.510734 0.00447428
258 0.740474 0.510528 0.00418573
259 0.740474 0.512148 0.00483958
260 0.740474 0.51472 0.00486813
261 0.740474 0.508319 0.00455562
262 0.740474 0.508731 0.00405852
263 0.740474 0.508256 0.00483084
264 0.740474 0.511525 0.00411212
265 0.740474 0.50872 0.00459362
266 0.740474 0.515303 0.0048438
267 0.740474 0.513949 0.00469277
268 0.740474 0.517658 0.00436655
269 0.740474 0.516163 0.00425687
270 0.740474 0.510238 0.00484125
271 0.740474 0.515219 0.00479672
272 0.740474 0.510401 0.00574381
273 0.740474 0.507738 0.00440231
274 0.740474 0.513128 0.00409624
275 0.740474 0.519198 0.00451091
276 0.740474 0.514146 0.00466058
277 0.740474 0.522706 0.00463431
278 0.740474 0.512739 0.00424071
279 0.740474 0.514312 0.0050741
280 0.740474 0.511454 0.00453587
281 0.740474 0.505652 0.00464151
282 0.740474 0.514556 0.00455663
283 0.750731 0.529333 0.00480459
284 0.750731 0.515322 0.00583923
285 0.750731 0.505398 0.00517587
286 0.750731 0.512195 0.00467797
287 0.750731 0.511994 0.00464048
288 0.750731 0.508533 0.00479055
289 0.750731 0.510574 0.00466728
290 0.750731 0.518808 0.00469354
291 0.750731 0.510241 0.00535795
292 0.750731 0.509588 0.00462717
293 0.750731 0.510591 0.00451048
294 0.750731 0.515696 0.00550375
295 0.750731 0.512701 0.00467345
296 0.750731 0.517353 0.00475139
297 0.750731 0.513954 0.0046459
298 0.750731 0.51032 0.00445199
299 0.750731 0.505292 0.00538294
300 0.750731 0.504203 0.00459691
301 0.750731 0.513408 0.00449661
302 0.750731 0.50754 0.00411781
303 0.750731 0.506735 0.00480397
304 0.750731 0.503355 0.00501691
305 0.750731 0.510409 0.00514387
306 0.750731 0.510721 0.00523998
307 0.750731 0.512177 0.00488987
308 0.750731 0.512616 0.00483415
309 0.750731 0.510333 0.00440045
310 0.750731 0.514594 0.00424687
311 0.750731 0.516389 0.00479191
312 0.750731 0.517658 0.00390101
313 0.750731 0.506701 0.0042169
314 0.750731 0.505614 0.00508372
315 0.750731 0.515494 0.00481528
316 0.750731 0.509783 0.0049322
317 0.750731 0.517459 0.0050551
318 0.750731 0.512453 0.00491235
319 0.750731 0.511619 0.00477352
320 0.750731 0.509207 0.00482649
321 0.750731 0.520601 0.00432767
322 0.750731 0.508121 0.00440116
323 0.750731 0.51745 0.00479982
324 0.750731 0.517925 0.00580088
325 0.750731 0.508578 0.00466084
326 0.75291 0.511699 0.00449194
327 0.75291 0.511623 0.00462652
328 0.75291 0.508143 0.00429167
329 0.75291 0.514148 0.00443038
330 0.75291 0.516331 0.00526185
331 0.75291 0.510476 0.00440332
332 0.75291 0.511028 0.00443871
333 0.75291 0.519643 0.00511266
334 0.75291 0.514037 0.00550018
335 0.75291 0.511584 0.00448055
336 0.75291 0.511422 0.00511832
337 0.75291 0.506106 0.00510977
338 0.75291 0.508344 0.00403621
339 0.75291 0.514126 0.00418164
340 0.75291 0.502374 0.00475345
341 0.75291 0.515087 0.0044475
342 0.75291 0.510519 0.00523948
343 0.75291 0.511645 0.00448703
344 0.75291 0.514729 0.00496847
345 0.75291 0.507062 0.00482974
346 0.75291 0.506808 0.00496318
347 0.75291 0.506927 0.00488839
348 0.75291 0.50949 0.00562173
349 0.75291 0.512331 0.0054922
350 0.75291 0.509557 0.00472047
351 0.75291 0.511848 0.00431544
352 0.75291 0.505586 0.00491804
353 0.75291 0.505471 0.00526599
354 0.75291 0.504024 0.00508793
355 0.75291 0.502375 0.00510911
356 0.75291 0.509826 0.00506403
357 0.75291 0.514171 0.00491322
358 0.75291 0.518914 0.00446979
359 0.75291 0.513158 0.00508234
360 0.75291 0.511581 0.00449462
361 0.75291 0.511168 0.00489224
362 0.75291 0.518809 0.00518953
363 0.75291 0.514198 0.00527847
364 0.75291 0.510962 0.00535267
365 0.75291 0.506185 0.00447722
366 0.75291 0.513902 0.00501513
367 0.75291 0.515285 0.00511655
368 0.75291 0.505931 0.00546332
369 0.75291 0.512202 0.00529665
370 0.75291 0.504612 0.00479081
371 0.75291 0.506114 0.00506556
372 0.75291 0.508878 0.00484216
373 0.75291 0.511805 0.00442334
374 0.75291 0.505579 0.0050783
375 0.75291 0.511748 0.00465078
376 0.75291 0.512372 0.00439203
377 0.75291 0.512834 0.00360916
378 0.75291 0.51704 0.00515084
379 0.75291 0.528905 0.00521271
380 0.75291 0.514593 0.00534024
381 0.75291 0.513957 0.00436201
382 0.75291 0.505676 0.00494944
383 0.75291 0.505842 0.00494054
384 0.75291 0.507918 0.00525642
385 0.75291 0.509134 0.00448302
386 0.75291 0.519412 0.00467879
387 0.75291 0.513617 0.00510006
388 0.75291 0.524665 0.00493942
389 0.75291 0.526498 0.00489583
390 0.75291 0.511218 0.00571014
391 0.75291 0.506366 0.00506922
392 0.75291 0.513169 0.00440067
393 0.75291 0.51072 0.00498939
394 0.75291 0.504375 0.00538001
395 0.75291 0.505857 0.00590971
396 0.75291 0.510717 0.00472468
397 0.75291 0.513456 0.00469336
398 0.75291 0.51591 0.00454452
399 0.75291 0.501767 0.00470929
400 0.75291 0.512641 0.00482457
401 0.75291 0.511279 0.00532895
402 0.75291 0.513175 0.00468814
403 0.75291 0.516484 0.00479351
404 0.75291 0.516092 0.00518124
405 0.75291 0.508979 0.00438418
406 0.75291 0.50305 0.00567153
407 0.75291 0.504805 0.00556941
408 0.75291 0.504177 0.0049253
409 0.75291 0.506006 0.00475713
410 0.75291 0.508939 0.00554801
411 0.75291 0.513727 0.0060394
412 0.75291 0.518777 0.00562755
413 0.75291 0.511864 0.00610872
414 0.75291 0.506987 0.00542053
415 0.75291 0.509164 0.00490459
416 0.75291 0.505187 0.00606187
417 0.75291 0.506454 0.00592119
418 0.75291 0.509473 0.00463526
419 0.75291 0.516398 0.00570784
420 0.75291 0.505713 0.00559744
421 0.75291 0.502705 0.00601301
422 0.75291 0.511713 0.00512551
423 0.75291 0.509604 0.00467788
424 0.75291 0.506116 0.0052602
425 0.75291 0.517199 0.00456967
426 0.75291 0.509193 0.00548405
427 0.75291 0.515709 0.00452647
428 0.75291 0.514997 0.00575082
429 0.75291 0.510306 0.00518095
430 0.75291 0.51703 0.00564435
431 0.75291 0.508936 0.0051179
432 0.75291 0.510663 0.00434851
433 0.75291 0.513875 0.00549001
434 0.75291 0.509514 0.00489646
435 0.75291 0.507989 0.00514719
436 0.75291 0.511538 0.00521376
437 0.75291 0.508152 0.00533263
438 0.75291 0.512804 0.00572323
439 0.75291 0.509561 0.0052018
440 0.75291 0.509715 0.00481945
441 0.75291 0.50537 0.00570275
442 0.75291 0.511372 0.00454678
443 0.75291 0.511549 0.00506306
444 0.75291 0.509801 0.0041958
445 0.75291 0.513677 0.00499651
446 0.75291 0.503544 0.00445239
447 0.75291 0.511345 0.00532141
448 0.75291 0.505092 0.00514919
449 0.75291 0.507499 0.00527313
450 0.75291 0.512646 0.004996
451 0.75291 0.517495 0.0051588
452 0.75291 0.511465 0.00553493
453 0.75291 0.500999 0.005619
454 0.75291 0.506508 0.00475946
455 0.75291 0.513236 0.00538811
456 0.75291 0.504484 0.0049697
457 0.75291 0.513267 0.00503831
458 0.75291 0.504075 0.00536274
459 0.75291 0.500311 0.00460681
460 0.75291 0.505647 0.00538489
461 0.75291 0.511352 0.00545238
462 0.75291 0.508217 0.00547007
463 0.75291 0.519606 0.00563099
464 0.75291 0.51672 0.00581159
465 0.75291 0.515593 0.00517656
466 0.75291 0.51105 0.00525419
467 0.75291 0.511928 0.0048083
468 0.75291 0.510425 0.00481471
469 0.75291 0.517908 0.00502902
470 0.75291 0.507906 0.00588446
471 0.75291 0.501237 0.00536771
472 0.75291 0.509299 0.00573101
473 0.75291 0.508518 0.00525653
474 0.75291 0.514982 0.00505355
475 0.75291 0.521841 0.00500979
476 0.75291 0.514794 0.00452867
477 0.75291 0.517659 0.00513856
478 0.75291 0.518366 0.00476835
479 0.75291 0.512561 0.00547127
480 0.75291 0.511502 0.00599465
481 0.75291 0.515223 0.00511448
482 0.75291 0.511591 0.00558726
483 0.75291 0.514195 0.00498922
484 0.75291 0.513939 0.00506266
485 0.75291 0.520145 0.00463592
486 0.75291 0.518781 0.00488078
487 0.75291 0.513826 0.00644622
488 0.75291 0.519571 0.004661
489 0.75291 0.507987 0.00561576
490 0.75291 0.522499 0.00502288
491 0.75291 0.522427 0.00590421
492 0.75291 0.52094 0.00576786
493 0.75291 0.509189 0.0051814
494 0.75291 0.51259 0.0051313
495 0.75291 0.516872 0.00469881
496 0.75291 0.514544 0.00545004
497 0.75291 0.509686 0.00429462
498 0.75291 0.509108 0.00514818
499 0.75291 0.51035 0.00599138
500 0.75291 0.512978 0.00459122
501 0.75291 0.522212 0.00419904
502 0.75291 0.521368 0.00449322
503 0.75291 0.506155 0.00554061
504 0.75291 0.510751 0.00508862
505 0.75291 0.50763 0.00534781
506 0.75291 0.517072 0.00494414
507 0.75291 0.514986 0.0055733
508 0.75291 0.517728 0.00463475
509 0.75291 0.519652 0.0046264
510 0.75291 0.515278 0.00526125
511 0.75291 0.522373 0.00486467
512 0.75291 0.510768 0.00536785
513 0.75291 0.516853 0.00439255
514 0.75291 0.51035 0.00445722
515 0.75291 0.5068 0.00488778
516 0.75291 0.516646 0.00456887
517 0.75291 0.518601 0.00445847
518 0.75291 0.516021 0.00459784
519 0.75291 0.5147 0.00471669
520 0.75291 0.511742 0.00600115
521 0.75291 0.5155 0.00542311
522 0.75291 0.501542 0.00540148
523 0.75291 0.51364 0.00568938
524 0.75291 0.511384 0.00517184
525 0.75291 0.510403 0.00534096
526 0.75291 0.50145 0.00475986
527 0.75291 0.511709 0.00512975
528 0.75291 0.512355 0.00492173
529 0.75291 0.512473 0.00475663
530 0.75291 0.522624 0.00474544
531 0.75291 0.514454 0.00449339
532 0.75291 0.524013 0.00453944
533 0.75291 0.520303 0.0049226
534 0.75291 0.526175 0.00440216
535 0.75291 0.514508 0.00466413
536 0.75291 0.514809 0.00452128
537 0.75291 0.503338 0.00503803
538 0.75291 0.504725 0.00572077
539 0.75291 0.517393 0.00467788
540 0.75291 0.516654 0.00512403
541 0.75291 0.506919 0.00474692
542 0.75291 0.510006 0.00518367
543 0.75291 0.503849 0.00552221
544 0.75291 0.512004 0.00461551
545 0.75291 0.514903 0.00462526
546 0.75291 0.50915 0.00549217
547 0.75291 0.505427 0.00507265
548 0.75291 0.509395 0.00480546
549 0.75291 0.507781 0.00490589
550 0.75291 0.508621 0.00492199
551 0.75291 0.5059 0.00534975
552 0.75291 0.511811 0.00541187
553 0.75291 0.515359 0.00514697
554 0.75291 0.515209 0.00475538
555 0.75291 0.508799 0.00554893
556 0.75291 0.510053 0.00493444
557 0.75291 0.516328 0.00475477
558 0.75291 0.517801 0.00568234
559 0.75291 0.512691 0.00445914
560 0.75291 0.512347 0.00497151
561 0.75291 0.515167 0.0055821
562 0.75291 0.514477 0.00433365
563 0.75291 0.512949 0.0054228
564 0.75291 0.514514 0.00500964
565 0.75291 0.513301 0.00525167
566 0.75291 0.516812 0.00504285
567 0.75291 0.516655 0.00517225
568 0.75291 0.515073 0.00507692
569 0.75291 0.511334 0.00524434
570 0.75291 0.5041 0.00528769
571 0.75291 0.514792 0.00543399
572 0.75291 0.510999 0.00534654
573 0.75291 0.510711 0.00493606
574 0.75291 0.514786 0.00532169
575 0.75291 0.516751 0.00426257
576 0.75291 0.520039 0.00496207
577 0.75291 0.516608 0.0056467
578 0.75291 0.518211 0.0050133
579 0.75291 0.520638 0.00539876
580 0.75291 0.518774 0.00542576
581 0.75291 0.517402 0.00521382
582 0.75291 0.517135 0.00489017
583 0.75291 0.523023 0.00518588
584 0.75291 0.517086 0.00494725
585 0.75291 0.508828 0.00526676
586 0.75291 0.515156 0.00526472
587 0.75291 0.516697 0.00488219
588 0.75291 0.515247 0.00549155
589 0.75291 0.503342 0.00483011
590 0.75291 0.514376 0.00473468
591 0.75291 0.516802 0.00589606
592 0.75291 0.511873 0.0055426
593 0.75291 0.517692 0.00528137
594 0.75291 0.521793 0.00444766
595 0.75291 0.515851 0.00550716
596 0.75291 0.508982 0.00470885
597 0.75291 0.505588 0.00601541
598 0.75291 0.510068 0.00552158
599 0.75291 0.516149 0.00458588
600 0.75291 0.513447 0.00494929
601 0.75291 0.507443 0.00568617
602 0.75291 0.518841 0.0050603
603 0.75291 0.519625 0.00456428
604 0.75291 0.511373 0.00569921
605 0.75291 0.510174 0.00621881
606 0.75291 0.50503 0.00562372
607 0.75291 0.515934 0.00531261
608 0.75291 0.50217 0.00575935
609 0.75291 0.509628 0.0053643
610 0.75291 0.511081 0.00521755
611 0.75291 0.505288 0.00486546
612 0.75291 0.513954 0.00496222
613 0.75291 0.511412 0.00532354
614 0.75291 0.514276 0.00490086
615 0.75291 0.522499 0.00532205
616 0.75291 0.511875 0.00588417
617 0.75291 0.51281 0.00527802
618 0.75291 0.512496 0.00511791
619 0.75291 0.514474 0.004895
620 0.75291 0.516496 0.00522115
621 0.75291 0.519736 0.00536428
622 0.75291 0.509654 0.00564749
623 0.75291 0.509649 0.00532225
624 0.75291 0.507142 0.00528133
625 0.75291 0.520992 0.00536665
626 0.75291 0.512272 0.00476973
627 0.75291 0.511739 0.00549018
628 0.75291 0.51461 0.0050854
629 0.75291 0.512492 0.00527754
630 0.75291 0.522441 0.00471031
631 0.75291 0.519349 0.00454558
632 0.75291 0.52013 0.00493153
633 0.75291 0.510736 0.00541491
634 0.75291 0.514564 0.00465746
635 0.75291 0.515579 0.00431179
636 0.75291 0.519402 0.0040505
637 0.75291 0.513303 0.0044527
638 0.75291 0.511817 0.00550265
639 0.75291 0.506907 0.00448978
640 0.75291 0.509033 0.00535476
641 0.75291 0.518746 0.00471997
642 0.75291 0.518373 0.00505917
643 0.75291 0.520286 0.00530204
644 0.75291 0.519317 0.00468996
645 0.75291 0.516373 0.00551858
646 0.75291 0.512873 0.00556847
647 0.75291 0.511884 0.00475702
648 0.75291 0.511015 0.0055219
649 0.75291 0.518404 0.00517275
650 0.75291 0.511075 0.00562359
651 0.75291 0.515802 0.00599092
652 0.75291 0.508296 0.00532465
653 0.75291 0.514676 0.00554506
654 0.75291 0.509721 0.00467063
655 0.75291 0.504317 0.00567435
656 0.75291 0.503104 0.00538119
657 0.75291 0.506154 0.00499286
658 0.75291 0.508803 0.00515974
659 0.75291 0.507223 0.00513172
660 0.75291 0.506973 0.00472201
661 0.75291 0.511142 0.00524387
662 0.75291 0.514884 0.00436478
663 0.75291 0.508204 0.00598049
664 0.75291 0.511059 0.00565937
665 0.75291 0.506304 0.00504644
666 0.75291 0.51135 0.00482199
667 0.75291 0.517194 0.00470401
668 0.75291 0.508866 0.00501532
669 0.75291 0.519209 0.00483406
670 0.75291 0.511172 0.00421588
671 0.75291 0.511067 0.005081
672 0.75291 0.512598 0.00468064
673 0.75291 0.505588 0.00509405
674 0.75291 0.51049 0.00619756
675 0.75291 0.508692 0.00537537
676 0.75291 0.512317 0.00496245
677 0.75291 0.513919 0.0048224
678 0.75291 0.51093 0.00546925
679 0.75291 0.520365 0.00510245
680 0.75291 0.519987 0.0047111
681 0.75291 0.513548 0.00474452
682 0.75291 0.509582 0.0051922
683 0.75291 0.503745 0.00570768
684 0.75291 0.512903 0.00505875
685 0.75291 0.51125 0.00503945
686 0.75291 0.521296 0.00537162
687 0.75291 0.512323 0.00508954
688 0.75291 0.510393 0.00537686
689 0.75291 0.516284 0.00537825
690 0.754211 0.520897 0.00610415
691 0.754211 0.520599 0.00446607
692 0.754211 0.523039 0.00442283
693 0.754211 0.518418 0.00457168
694 0.754211 0.510495 0.00585325
695 0.754211 0.510319 0.00437212
696 0.754211 0.509967 0.00484783
697 0.754211 0.504625 0.0048057
698 0.754211 0.508518 0.00515718
699 0.754211 0.511498 0.00582567
700 0.754211 0.523532 0.00491825
701 0.754211 0.523099 0.00541771
702 0.754211 0.516263 0.00508493
703 0.754211 0.515627 0.00476004
704 0.754211 0.513682 0.00500571
705 0.754211 0.505375 0.00554753
706 0.754211 0.51107 0.00481583
707 0.754211 0.512097 0.00508462
708 0.754211 0.515611 0.00573268
709 0.754211 0.515416 0.00624113
710 0.754211 0.516711 0.00545194
711 0.754211 0.515878 0.00444144
712 0.754211 0.518895 0.00516441
713 0.754211 0.515175 0.00484633
714 0.754211 0.508683 0.00573431
715 0.754211 0.509571 0.00544486
716 0.754211 0.504416 0.00561953
717 0.754211 0.521593 0.00550518
718 0.754211 0.50705 0.00549628
719 0.754211 0.519326 0.00589746
720 0.754211 0.520003 0.0046426
721 0.754211 0.517353 0.00435978
722 0.754211 0.515604 0.00513634
723 0.754211 0.509734 0.00531139
724 0.754211 0.513738 0.00532002
725 0.754211 0.526242 0.00574737
726 0.754211 0.505185 0.00579128
727 0.754211 0.52046 0.00563816
728 0.754211 0.509247 0.00486033
729 0.754211 0.508703 0.0050703
730 0.754211 0.513655 0.00530109
731 0.754211 0.507781 0.00558188
732 0.754211 0.515316 0.00576862
733 0.754211 0.521506 0.00564788
734 0.754211 0.517086 0.00472139
735 0.754211 0.51727 0.00548189
736 0.754211 0.506559 0.00552324
737 0.754211 0.514892 0.00538031
738 0.754211 0.519472 0.00553566
739 0.754211 0.520493 0.00584565
740 0.754211 0.516617 0.00470897
741 0.754211 0.511572 0.00492124
742 0.754211 0.503885 0.00559211
743 0.754211 0.507072 0.00550721
744 0.754211 0.521486 0.00454624
745 0.754211 0.511026 0.00485629
746 0.754211 0.520237 0.00546986
747 0.754211 0.512724 0.00487113
748 0.754211 0.506848 0.00448301
749 0.754211 0.513003 0.0051169
750 0.754211 0.516759 0.00518939
751 0.754211 0.522774 0.00540065
752 0.754211 0.52344 0.00536498
753 0.754211 0.514522 0.00552264
754 0.754211 0.510146 0.00558425
755 0.754211 0.518767 0.00445181
756 0.754211 0.519474 0.00469777
757 0.754211 0.514417 0.00506403
758 0.754211 0.517278 0.00478061
759 0.754211 0.516282 0.00523841
760 0.754211 0.507371 0.004676
761 0.754211 0.5253 0.00548899
762 0.754211 0.517673 0.00446561
763 0.754211 0.508642 0.00538577
764 0.754211 0.507948 0.00579677
765 0.754211 0.509697 0.00576846
766 0.754211 0.513403 0.0057126
767 0.754211 0.515554 0.00508464
768 0.754211 0.507465 0.00533348
769 0.754211 0.509879 0.00499825
770 0.754211 0.513522 0.00514921
771 0.754211 0.506217 0.00477023
772 0.754211 0.500353 0.00510075
773 0.754211 0.514693 0.00522078
774 0.754211 0.50701 0.00590719
775 0.754211 0.515424 0.00441444
776 0.754211 0.512096 0.00593321
777 0.754211 0.507836 0.00508363
778 0.754211 0.518361 0.00598168
779 0.754211 0.523186 0.00446497
780 0.754211 0.517879 0.00527843
781 0.754211 0.518758 0.00530597
782 0.754211 0.519062 0.00631886
783 0.754211 0.515919 0.00440861
784 0.754211 0.513143 0.00550186
785 0.754211 0.518514 0.00486682
786 0.754211 0.504274 0.0052586
787 0.754211 0.506822 0.00497823
788 0.754211 0.519191 0.00517475
789 0.754211 0.513107 0.00489731
790 0.754211 0.515445 0.00429485
791 0.754211 0.513281 0.0041929
792 0.754211 0.507501 0.00507134
793 0.754211 0.512028 0.00494515
794 0.754211 0.508622 0.0053868
795 0.754211 0.514825 0.0050244
796 0.754211 0.514539 0.00532498
797 0.754211 0.515263 0.00525386
798 0.754211 0.516874 0.00518349
799 0.754211 0.507814 0.00568748
800 0.754211 0.511486 0.00600699
801 0.754211 0.513863 0.00495369
802 0.754211 0.517629 0.00486027
803 0.754211 0.520998 0.00405441
804 0.754211 0.51304 0.00582909
805 0.754211 0.512978 0.00491618
806 0.754211 0.509696 0.00477574
807 0.754211 0.506887 0.00514344
808 0.754211 0.511694 0.0056735
809 0.754211 0.511399 0.0052673
810 0.754211 0.516799 0.00496519
811 0.754211 0.502825 0.00477425
812 0.754211 0.514497 0.00570095
813 0.754211 0.510684 0.00533044
814 0.754211 0.51905 0.00487587
815 0.754211 0.509308 0.00525979
816 0.754211 0.508224 0.00522367
817 0.754211 0.509231 0.00521238
818 0.754211 0.504857 0.00498985
819 0.754211 0.51638 0.00510849
820 0.754211 0.517078 0.0055701
821 0.754211 0.513753 0.00578055
822 0.754211 0.517998 0.00538018
823 0.754211 0.519843 0.00577342
824 0.754211 0.517365 0.00525844
825 0.754211 0.512669 0.00485682
826 0.754211 0.513418 0.00534246
827 0.754211 0.51588 0.00507534
828 0.754211 0.51412 0.00522954
829 0.754211 0.511779 0.004636
830 0.754211 0.508562 0.00600502
831 0.754211 0.514547 0.00514229
832 0.754211 0.513727 0.004488
833 0.754211 0.51775 0.00475706
834 0.754211 0.512329 0.00624663
835 0.754211 0.51065 0.00560205
836 0.754211 0.505593 0.00487575
837 0.754211 0.505971 0.00620906
838 0.754211 0.515752 0.00482474
839 0.754211 0.511994 0.00484259
840 0.754211 0.508014 0.00425503
841 0.754211 0.506351 0.00535268
842 0.754211 0.510756 0.00502571
843 0.754211 0.508668 0.00528454
844 0.754211 0.516043 0.00469201
845 0.754211 0.511796 0.00480059
846 0.754211 0.498923 0.00546767
847 0.754211 0.518262 0.0052994
848 0.754211 0.51196 0.00567189
849 0.754211 0.508877 0.00511109
850 0.754211 0.512666 0.00584196
851 0.754211 0.517272 0.00662579
852 0.754211 0.511146 0.004943
853 0.754211 0.505335 0.00490926
854 0.754211 0.517594 0.00586686
855 0.754211 0.511146 0.00649873
856 0.754211 0.509043 0.00519418
857 0.754211 0.507479 0.00523004
858 0.754211 0.515023 0.00490016
859 0.754211 0.517841 0.00516533
860 0.754211 0.517011 0.00460188
861 0.754211 0.498556 0.00528931
862 0.754211 0.519011 0.00482049
863 0.754211 0.518997 0.00613946
864 0.754211 0.51609 0.00507276
865 0.754211 0.516639 0.00518087
866 0.754211 0.509893 0.00568551
867 0.754211 0.510876 0.0053373
868 0.754211 0.51621 0.00698952
869 0.754211 0.508589 0.00545728
870 0.754211 0.522287 0.00518433
871 0.754211 0.514004 0.00506728
872 0.754211 0.50909 0.00573445
873 0.754211 0.507751 0.00431953
874 0.754211 0.509602 0.00554526
875 0.754211 0.507692 0.00521726
876 0.754211 0.511454 0.0062939
877 0.754211 0.515746 0.00494515
878 0.754211 0.515898 0.00581351
879 0.754211 0.518552 0.00446282
880 0.754211 0.525532 0.00555081
881 0.760646 0.518518 0.00556499
882 0.760646 0.506793 0.0054786
883 0.760646 0.508893 0.00536775
884 0.760646 0.512159 0.0056552
885 0.760646 0.521526 0.00419694
886 0.760646 0.511281 0.00483812
887 0.760646 0.515211 0.00575967
888 0.760646 0.514706 0.00535913
889 0.760646 0.508808 0.00506276
890 0.760646 0.503965 0.00473429
891 0.760646 0.515891 0.00476194
892 0.760646 0.512824 0.00471577
893 0.760646 0.514453 0.00477977
894 0.760646 0.518656 0.00516859
895 0.760646 0.508172 0.00543858
896 0.760646 0.512722 0.00528248
897 0.760646 0.51335 0.00471659
898 0.760646 0.509599 0.00469973
899 0.760646 0.516723 0.00534227
900 0.760646 0.522435 0.00516816
901 0.760646 0.520367 0.00440985
902 0.760646 0.514156 0.00480099
903 0.760646 0.516162 0.00423155
904 0.760646 0.519977 0.00494444
905 0.760646 0.52417 0.0049008
906 0.760646 0.51432 0.00524083
907 0.760646 0.505125 0.00504766
908 0.760646 0.515327 0.00465092
909 0.760646 0.50955 0.00474452
910 0.760646 0.504419 0.00488907
911 0.760646 0.513738 0.00574768
912 0.760646 0.510643 0.00568625
913 0.760646 0.522639 0.00506021
914 0.760646 0.51122 0.00509173
915 0.760646 0.517719 0.00498593
916 0.760646 0.51477 0.00523985
917 0.760646 0.530838 0.00502236
918 0.760646 0.519438 0.00530733
919 0.760646 0.518936 0.00449846
920 0.760646 0.515525 0.00499058
921 0.760646 0.507574 0.00483718
922 0.760646 0.512304 0.00552488
923 0.760646 0.514195 0.00507139
924 0.760646 0.517626 0.00504284
925 0.760646 0.510871 0.00487885
926 0.760646 0.510412 0.0052761
927 0.760646 0.518094 0.0051553
928 0.760646 0.508328 0.0059884
929 0.760646 0.509416 0.0050707
930 0.760646 0.518353 0.00480862
931 0.760646 0.505749 0.00542819
932 0.760646 0.512625 0.00490915
933 0.760646 0.508659 0.00564212
934 0.760646 0.512379 0.00470153
935 0.760646 0.515861 0.00541322
936 0.760646 0.513169 0.00561708
937 0.760646 0.516161 0.00557059
938 0.760646 0.522341 0.00515484
939 0.760646 0.511226 0.006206
940 0.760646 0.52449 0.0060654
941 0.760646 0.517761 0.0055141
942 0.760646 0.516963 0.00603514
943 0.760646 0.516155 0.00485647
944 0.760646 0.511503 0.00560763
945 0.760646 0.519789 0.00511891
946 0.760646 0.508615 0.00588868
947 0.760646 0.510952 0.00506509
948 0.760646 0.512141 0.00571106
949 0.760646 0.518075 0.00565674
950 0.760646 0.503665 0.00596896
951 0.760646 0.513045 0.00516999
952 0.760646 0.506108 0.00528555
953 0.760646 0.513455 0.00465872
954 0.760646 0.508813 0.00560043
955 0.760646 0.511884 0.00545755
956 0.760646 0.520526 0.00529127
957 0.760646 0.508764 0.0048288
958 0.760646 0.503371 0.00520546
959 0.760646 0.509731 0.00550027
960 0.760646 0.50885 0.00470533
961 0.760646 0.506922 0.00550066
962 0.760646 0.515622 0.00459977
963 0.760646 0.514172 0.00621537
964 0.760646 0.518348 0.00484066
965 0.760646 0.513677 0.00500504
966 0.760646 0.519101 0.00531208
967 0.760646 0.511966 0.0052901
968 0.760646 0.51627 0.00502224
969 0.760646 0.511271 0.00565542
970 0.760646 0.516067 0.00443409
971 0.760646 0.511396 0.00455572
972 0.760646 0.50852 0.00519354
973 0.760646 0.51876 0.00480112
974 0.761959 0.516248 0.00580763
975 0.761959 0.507679 0.00692645
976 0.761959 0.51562 0.00533963
977 0.761959 0.51142 0.00504825
978 0.761959 0.514943 0.0053258
979 0.761959 0.519374 0.00460261
980 0.761959 0.513636 0.00519196
981 0.761959 0.51744 0.00461635
982 0.761959 0.512342 0.00515623
983 0.761959 0.507845 0.00544344
984 0.761959 0.516122 0.00502392
985 0.761959 0.511586 0.00477167
986 0.761959 0.508961 0.00536402
987 0.761959 0.517312 0.0053548
988 0.761959 0.521258 0.00530302
989 0.761959 0.515501 0.00488705
990 0.761959 0.512333 0.00536478
991 0.761959 0.516042 0.0046717
992 0.761959 0.516367 0.00573977
993 0.761959 0.520076 0.00496368
994 0.761959 0.518583 0.00531358
995 0.761959 0.511911 0.00531636
996 0.761959 0.513497 0.00594743
997 0.761959 0.511515 0.00535671
998 0.761959 0.516122 0.00531863
999 0.761959 0.521229 0.00586841
1000 0.761959 0.516504 0.00510172
1001 0.761959 0.510251 0.00489504
1002 0.761959 0.50905 0.00555913
1003 0.761959 0.516418 0.00513257
1004 0.761959 0.512509 0.00561
1005 0.761959 0.515427 0.00553918
1006 0.761959 0.509217 0.00584059
1007 0.761959 0.513051 0.00467053
1008 0.761959 0.505716 0.0057179
1009 0.761959 0.515969 0.00481936
1010 0.761959 0.509071 0.0054716
1011 0.761959 0.517022 0.00568197
1012 0.761959 0.514556 0.00512186
1013 0.761959 0.516993 0.00574594
1014 0.761959 0.521941 0.005728
1015 0.761959 0.515392 0.00582105
1016 0.761959 0.511511 0.00469666
1017 0.761959 0.507804 0.00526111
1018 0.761959 0.509255 0.00563806
1019 0.761959 0.519786 0.00506878
1020 0.761959 0.500303 0.00503614
1021 0.761959 0.505291 0.00537267
1022 0.761959 0.512135 0.00503569
1023 0.761959 0.515748 0.00579467
1024 0.761959 0.517857 0.00531766
1025 0.761959 0.50717 0.00660017
1026 0.761959 0.509317 0.00542512
1027 0.761959 0.515945 0.00507281
1028 0.761959 0.520253 0.0048351
1029 0.761959 0.516338 0.00562132
1030 0.761959 0.515282 0.00541652
1031 0.761959 0.516018 0.00571607
1032 0.761959 0.51848 0.00519674
1033 0.761959 0.513918 0.00503044
1034 0.761959 0.514941 0.00514736
1035 0.761959 0.510474 0.00605338
1036 0.761959 0.511961 0.00483337
1037 0.761959 0.511247 0.0057153
1038 0.761959 0.509649 0.00488496
1039 0.761959 0.506359 0.00574247
1040 0.761959 0.510076 0.00535192
1041 0.761959 0.511832 0.00505199
1042 0.761959 0.51011 0.00534996
1043 0.761959 0.509516 0.00524104
1044 0.761959 0.511029 0.00579201
1045 0.761959 0.511843 0.0065372
1046 0.761959 0.509031 0.00581459
1047 0.761959 0.51407 0.00479995
1048 0.761959 0.514919 0.00499456
1049 0.761959 0.510117 0.00568132
1050 0.761959 0.512541 0.00474991
1051 0.761959 0.514758 0.00494111
1052 0.761959 0.512276 0.00511442
1053 0.761959 0.522811 0.00492044
1054 0.761959 0.507983 0.00562562
1055 0.761959 0.514479 0.00488557
1056 0.761959 0.514065 0.0050839
1057 0.761959 0.510521 0.00508448
1058 0.761959 0.514815 0.00650611
1059 0.761959 0.50809 0.00516996
1060 0.761959 0.510226 0.00523787
1061 0.761959 0.502549 0.00467874
1062 0.761959 0.504574 0.0054038
1063 0.761959 0.510511 0.00522218
1064 0.761959 0.505734 0.00531913
1065 0.761959 0.506881 0.00506402
1066 0.761959 0.518175 0.00485149
1067 0.761959 0.504848 0.00502059
1068 0.761959 0.518428 0.00496104
1069 0.761959 0.514583 0.00551369
1070 0.761959 0.516647 0.00451949
1071 0.761959 0.508084 0.00480419
1072 0.761959 0.511372 0.0048519
1073 0.761959 0.513416 0.00556223
1074 0.761959 0.514899 0.00554983
1075 0.761959 0.508929 0.00505515
1076 0.761959 0.51988 0.00449011
1077 0.761959 0.509131 0.00526511
1078 0.761959 0.507893 0.0053896
1079 0.761959 0.515712 0.00538441
1080 0.761959 0.516874 0.00560419
1081 0.761959 0.517549 0.00519893
1082 0.761959 0.511182 0.0051445
1083 0.761959 0.506227 0.00538665
1084 0.761959 0.500896 0.00596146
1085 0.761959 0.501009 0.00510606
1086 0.761959 0.511879 0.00518047
1087 0.761959 0.515106 0.00552123
1088 0.761959 0.509267 0.00530815
1089 0.761959 0.512391 0.00567037
1090 0.761959 0.512001 0.00522969
1091 0.761959 0.497684 0.00614235
1092 0.761959 0.511794 0.00485278
1093 0.761959 0.514568 0.00528946
1094 0.761959 0.505613 0.00511874
1095 0.761959 0.505583 0.00562157
1096 0.761959 0.507715 0.00505616
1097 0.761959 0.513643 0.00487128
1098 0.761959 0.51605 0.00550915
1099 0.761959 0.519115 0.00504104
1100 0.761959 0.518094 0.00547658
1101 0.761959 0.517242 0.00561642
1102 0.761968 0.513556 0.00561164
1103 0.761968 0.515205 0.00492876
1104 0.761968 0.513122 0.00526981
1105 0.761968 0.51529 0.00522242
1106 0.761968 0.51308 0.00588996
1107 0.761968 0.514587 0.00535844
1108 0.761968 0.516784 0.00520807
1109 0.761968 0.515335 0.00530772
1110 0.761968 0.517783 0.00508069
1111 0.761968 0.503363 0.00513805
1112 0.761968 0.517059 0.00454658
1113 0.761968 0.51366 0.00521411
1114 0.761968 0.516324 0.00539068
1115 0.761968 0.516733 0.00555743
1116 0.761968 0.518887 0.00506748
1117 0.761968 0.511679 0.00567712
1118 0.761968 0.505266 0.00536027
1119 0.761968 0.515709 0.0049675
1120 0.761968 0.5182 0.0045369
1121 0.761968 0.516276 0.00504066
1122 0.761968 0.51049 0.00626367
1123 0.761968 0.510298 0.0056054
1124 0.761968 0.513133 0.00509855
1125 0.761968 0.518418 0.00500914
1126 0.761968 0.511037 0.00554714
1127 0.761968 0.510541 0.00663537
1128 0.761968 0.511969 0.00496995
1129 0.761968 0.510865 0.00520783
1130 0.761968 0.513056 0.00435637
1131 0.761968 0.509441 0.00511764
1132 0.761968 0.509918 0.00472647
1133 0.761968 0.508918 0.00564034
1134 0.761968 0.515642 0.0053033
1135 0.761968 0.521761 0.00543199
1136 0.761968 0.511979 0.00486215
1137 0.761968 0.517282 0.005098
1138 0.761968 0.510592 0.00555414
1139 0.761968 0.503319 0.00564273
1140 0.761968 0.50693 0.00539863
1141 0.761968 0.509627 0.00553185
1142 0.761968 0.508453 0.0054874
1143 0.761968 0.518844 0.0060807
1144 0.761968 0.517691 0.00461554
1145 0.761968 0.513002 0.00472599
1146 0.761968 0.511771 0.00666512
1147 0.761968 0.513727 0.00603139
1148 0.761968 0.507229 0.00525921
1149 0.761968 0.520915 0.00559158
1150 0.761968 0.513088 0.00545049
1151 0.761968 0.510914 0.00489251
1152 0.761968 0.522609 0.0047094
1153 0.761968 0.511877 0.00492189
1154 0.761968 0.510846 0.00489984
1155 0.761968 0.508726 0.00492043
1156 0.761968 0.50896 0.00497776
1157 0.761968 0.512963 0.00509956
1158 0.761968 0.511527 0.00633334
1159 0.761968 0.506427 0.00542654
1160 0.761968 0.503929 0.00590415
1161 0.761968 0.519928 0.00454628
1162 0.761968 0.508527 0.00535405
1163 0.761968 0.512891 0.00486318
1164 0.761968 0.506629 0.0048845
1165 0.761968 0.511222 0.00566562
1166 0.761968 0.523833 0.00519191
1167 0.761968 0.517159 0.00517523
1168 0.761968 0.508426 0.00514514
1169 0.761968 0.50868 0.00484872
1170 0.761968 0.515404 0.00525494
1171 0.761968 0.512044 0.00519395
1172 0.761968 0.50786 0.00509702
1173 0.761968 0.507109 0.00507976
1174 0.761968 0.514613 0.00615544
1175 0.761968 0.516336 0.00520499
1176 0.761968 0.514449 0.00480843
1177 0.761968 0.521319 0.00504829
1178 0.761968 0.511383 0.00557917
1179 0.761968 0.511097 0.00514287
1180 0.761968 0.507027 0.00565983
1181 0.761968 0.50947 0.00570674
1182 0.761968 0.508932 0.00490577
1183 0.761968 0.512121 0.00507376
1184 0.761968 0.514381 0.00537933
1185 0.761968 0.506732 0.00520021
1186 0.761968 0.509183 0.00440715
1187 0.761968 0.508131 0.00506288
1188 0.761968 0.512153 0.00511206
1189 0.761968 0.517566 0.00472993
1190 0.761968 0.516883 0.00530488
1191 0.761968 0.514801 0.00523875
1192 0.761968 0.508491 0.00540131
1193 0.761968 0.515637 0.0049148
1194 0.761968 0.516488 0.00495798
1195 0.761968 0.510948 0.00550302
1196 0.761968 0.513788 0.00498585
1197 0.761968 0.516961 0.00492152
1198 0.761968 0.511091 0.00537489
1199 0.761968 0.510526 0.00527631
1200 0.761968 0.516847 0.00509991
1201 0.761968 0.510549 0.00592046
1202 0.761968 0.510798 0.00579458
1203 0.761968 0.505768 0.00523933
1204 0.761968 0.518598 0.00474478
1205 0.761968 0.514004 0.00555283
1206 0.761968 0.517545 0.00625436
1207 0.761968 0.507404 0.00521528
1208 0.761968 0.522863 0.00497838
1209 0.761968 0.510527 0.00523195
1210 0.761968 0.525138 0.00485715
1211 0.761968 0.521191 0.00466456
1212 0.761968 0.521235 0.0050868
1213 0.761968 0.516363 0.00622337
1214 0.761968 0.517208 0.00526864
1215 0.761968 0.518502 0.00559316
1216 0.761968 0.5234 0.00527707
1217 0.761968 0.502896 0.00581007
1218 0.761968 0.509421 0.00583693
1219 0.761968 0.511755 0.0055796
1220 0.761968 0.50329 0.00578799
1221 0.761968 0.502558 0.00547773
1222 0.761968 0.517275 0.00528953
1223 0.761968 0.51295 0.00614879
1224 0.761968 0.522574 0.00474968
1225 0.761968 0.513535 0.00521883
1226 0.761968 0.508107 0.00547423
1227 0.761968 0.511072 0.00532123
1228 0.761968 0.503897 0.00514705
1229 0.761968 0.51172 0.00565136
1230 0.761968 0.508638 0.00621744
1231 0.761968 0.506855 0.00523118
1232 0.761968 0.508348 0.00517965
1233 0.761968 0.511493 0.00543379
1234 0.761968 0.509241 0.00594363
1235 0.761968 0.510915 0.00472532
1236 0.761968 0.50318 0.00574901
1237 0.761968 0.510369 0.00580896
1238 0.761968 0.504639 0.00575937
1239 0.761968 0.505359 0.00482408
1240 0.761968 0.51395 0.00534039
1241 0.761968 0.517193 0.0046159
1242 0.761968 0.518466 0.0058905
1243 0.761968 0.510596 0.00497303
1244 0.761968 0.520725 0.00478729
1245 0.761968 0.521289 0.00527355
1246 0.761969 0.523197 0.00638348
1247 0.761969 0.518173 0.00418599
1248 0.761969 0.511493 0.00459921
1249 0.761969 0.515568 0.0060631
1250 0.761969 0.512226 0.0053846
1251 0.761969 0.509575 0.00534216
1252 0.761969 0.510384 0.00504087
1253 0.761969 0.504606 0.00590683
1254 0.761969 0.513728 0.00555281
1255 0.761969 0.509315 0.0057874
1256 0.761969 0.50047 0.00531219
1257 0.761969 0.516308 0.00486234
1258 0.761969 0.51674 0.0060087
1259 0.761969 0.512702 0.00515538
1260 0.761969 0.519592 0.00501437
1261 0.761969 0.513429 0.0046829
1262 0.761969 0.512828 0.00520155
1263 0.761969 0.51576 0.00553456
1264 0.761969 0.520582 0.00529331
1265 0.761969 0.505589 0.0055645
1266 0.761969 0.521908 0.00527192
1267 0.761969 0.513869 0.00528297
1268 0.761969 0.507788 0.00538215
1269 0.761969 0.516584 0.0058084
1270 0.761969 0.515113 0.00622975
1271 0.761969 0.511317 0.00545943
1272 0.761969 0.517824 0.00617579
1273 0.761969 0.515276 0.00520751
1274 0.761969 0.513875 0.00536488
1275 0.761969 0.513281 0.00528804
1276 0.761969 0.515439 0.00604196
1277 0.761969 0.511713 0.00501542
1278 0.761969 0.525825 0.00455411
1279 0.761969 0.503707 0.00502521
1280 0.761969 0.515839 0.00508622
1281 0.761969 0.527392 0.00516037
1282 0.761969 0.521246 0.00617932
1283 0.761969 0.523777 0.00554948
1284 0.761969 0.520917 0.00502755
1285 0.761969 0.516418 0.00486843
1286 0.761969 0.512629 0.0054956
1287 0.761969 0.511804 0.00483151
1288 0.761969 0.520515 0.00521831
1289 0.761969 0.516507 0.00588842
1290 0.761969 0.517305 0.00560021
1291 0.761969 0.516841 0.00525026
1292 0.761969 0.521232 0.00492151
1293 0.761969 0.505915 0.00555571
1294 0.761969 0.516104 0.00596549
1295 0.761969 0.51595 0.0046709
1296 0.761969 0.512702 0.00603179
1297 0.761969 0.52173 0.00690683
1298 0.761969 0.510505 0.00613653
1299 0.761969 0.507664 0.00622022
1300 0.761969 0.522825 0.00520557
1301 0.761969 0.509874 0.00519722
1302 0.761969 0.517029 0.00502897
1303 0.761969 0.507129 0.00510373
1304 0.761969 0.519557 0.00464669
1305 0.761969 0.509226 0.00544523
1306 0.761969 0.513878 0.00551092
1307 0.761969 0.51695 0.00484794
1308 0.761969 0.514993 0.0054921
1309 0.761969 0.51531 0.00518998
1310 0.761969 0.515461 0.00545226
1311 0.761969 0.522167 0.00489799
1312 0.761969 0.509406 0.00523521
1313 0.761969 0.521075 0.00501528
1314 0.761969 0.519239 0.0047888
1315 0.761969 0.513893 0.00563741
1316 0.761969 0.523437 0.00509173
1317 0.761969 0.512643 0.00579923
1318 0.761969 0.523728 0.00501054
1319 0.761969 0.512386 0.00548327
1320 0.761969 0.522216 0.00579685
1321 0.761969 0.525945 0.0058264
1322 0.761969 0.517866 0.00557869
1323 0.761969 0.511051 0.00569231
1324 0.761969 0.517621 0.00577505
1325 0.761969 0.515176 0.00518234
1326 0.761969 0.51936 0.00533303
1327 0.761969 0.518233 0.00559441
1328 0.761969 0.512615 0.00479571
1329 0.761969 0.514878 0.00536632
1330 0.761969 0.515494 0.00527541
1331 0.761969 0.511602 0.00545778
1332 0.761969 0.514227 0.00541952
1333 0.761969 0.519626 0.00478921
1334 0.761969 0.514763 0.00549498
1335 0.761969 0.514854 0.00584692
1336 0.761969 0.520184 0.00598221
1337 0.761969 0.513186 0.00637068
1338 0.761969 0.51717 0.00514317
1339 0.761969 0.507949 0.00571888
1340 0.761969 0.513646 0.00495781
1341 0.761969 0.510734 0.00610807
1342 0.761969 0.504802 0.0059153
1343 0.761969 0.504528 0.00537797
1344 0.761969 0.50961 0.00473724
1345 0.761969 0.515914 0.00506464
1346 0.761969 0.516844 0.00532627
1347 0.761969 0.515765 0.0054131
1348 0.761969 0.512682 0.00560787
1349 0.761969 0.511341 0.00530809
1350 0.761969 0.510642 0.00559959
1351 0.761969 0.514497 0.0060528
1352 0.761969 0.521035 0.00492661
1353 0.761969 0.50769 0.00530834
1354 0.761969 0.517698 0.00567114
1355 0.761969 0.515169 0.00505351
1356 0.761969 0.514965 0.00458284
1357 0.761969 0.51116 0.00530939
1358 0.761969 0.508867 0.00509661
1359 0.761969 0.512999 0.00572715
1360 0.761969 0.516268 0.00444792
1361 0.761969 0.50241 0.00551777
1362 0.761969 0.517186 0.00477986
1363 0.761969 0.51268 0.00523965
1364 0.761969 0.514398 0.00489679
1365 0.761969 0.507245 0.00478928
1366 0.761969 0.511768 0.00535498
1367 0.761969 0.517319 0.00477875
1368 0.761969 0.516779 0.00513885
1369 0.761969 0.510539 0.00567869
1370 0.761969 0.514445 0.00482772
1371 0.761969 0.514593 0.00435307
1372 0.761969 0.509622 0.00515339
1373 0.761969 0.506616 0.00491271
1374 0.761969 0.50889 0.00542687
1375 0.761969 0.507769 0.00602532
1376 0.761969 0.509623 0.00488659
1377 0.761969 0.509933 0.00566527
1378 0.761969 0.513308 0.00517465
1379 0.761969 0.506589 0.00521801
1380 0.761969 0.513113 0.00526719
1381 0.761969 0.509723 0.00474641
1382 0.761969 0.519333 0.00463919
1383 0.761969 0.515944 0.00509575
1384 0.761969 0.514727 0.00525005
1385 0.761969 0.519389 0.00498426
1386 0.761969 0.510345 0.00494673
1387 0.761969 0.521191 0.0051691
1388 0.761969 0.514486 0.00508228
1389 0.761969 0.517857 0.00462162
1390 0.761969 0.519514 0.00490925
1391 0.761969 0.514603 0.00417343
1392 0.761969 0.508206 0.00544476
1393 0.761969 0.511351 0.00551521
1394 0.761969 0.511491 0.00501656
1395 0.761969 0.513734 0.00462174
1396 0.761969 0.524163 0.00509205
1397 0.761969 0.507813 0.00508298
1398 0.761969 0.50954 0.00547393
1399 0.761969 0.51099 0.00470316
1400 0.761969 0.51268 0.00505223
1401 0.761969 0.514782 0.00507897
1402 0.761969 0.511257 0.00507404
1403 0.761969 0.507135 0.00503263
1404 0.761969 0.509978 0.00540165
1405 0.761969 0.512774 0.00538542
1406 0.761969 0.508122 0.00519161
1407 0.761969 0.50556 0.00572168
1408 0.761969 0.511977 0.00538744
1409 0.761969 0.517852 0.0049285
1410 0.761969 0.515759 0.00482031
1411 0.761969 0.514161 0.00426266
1412 0.761969 0.509261 0.00553416
1413 0.761969 0.509395 0.00525925
1414 0.761969 0.515693 0.00570513
1415 0.761969 0.513271 0.00476431
1416 0.761969 0.509179 0.00549407
1417 0.761969 0.509753 0.00496508
1418 0.761969 0.506514 0.00534269
1419 0.761969 0.509774 0.00526207
1420 0.761969 0.515322 0.00499719
1421 0.761969 0.514832 0.00518624
1422 0.761969 0.506068 0.00649626
1423 0.761969 0.519188 0.00585641
1424 0.761969 0.505964 0.00529322
1425 0.761969 0.506392 0.00530301
1426 0.761969 0.51931 0.00426611
1427 0.761969 0.510645 0.00517486
1428 0.761969 0.517831 0.00547993
1429 0.761969 0.512592 0.00489959
1430 0.761969 0.510339 0.00564441
1431 0.761969 0.508822 0.00568581
1432 0.761969 0.520433 0.00511933
1433 0.761969 0.516625 0.00547933
1434 0.761969 0.506955 0.00536267
1435 0.761969 0.509412 0.00533757
1436 0.761969 0.510283 0.00558154
1437 0.761969 0.510503 0.00575629
1438 0.761969 0.516858 0.0044792
1439 0.761969 0.522307 0.00600523
1440 0.761969 0.511308 0.00462661
1441 0.761969 0.516057 0.00580362
1442 0.761969 0.51136 0.00523627
1443 0.761969 0.509081 0.00636628
1444 0.761969 0.512174 0.00552378
1445 0.761969 0.510722 0.00538002
1446 0.761969 0.509751 0.00565849
1447 0.761969 0.509146 0.00581144
1448 0.761969 0.511516 0.00560837
1449 0.761969 0.51531 0.00503247
1450 0.761969 0.515766 0.00522553
1451 0.761969 0.508113 0.00691721
1452 0.761969 0.517204 0.00534659
1453 0.761969 0.51639 0.00592071
1454 0.761969 0.518144 0.00507905
1455 0.761969 0.50787 0.00608077
1456 0.761969 0.509216 0.00483104
1457 0.761969 0.513952 0.00465619
1458 0.761969 0.516656 0.00581872
1459 0.761969 0.527193 0.00553308
1460 0.761969 0.51243 0.00504748
1461 0.761969 0.513731 0.00534838
1462 0.761969 0.50895 0.00661042
1463 0.761969 0.515834 0.00461023
1464 0.761969 0.507839 0.00570667
1465 0.761969 0.504259 0.00587521
1466 0.761969 0.512889 0.00632739
1467 0.761969 0.507056 0.00604965
1468 0.761969 0.506437 0.00523993
1469 0.761969 0.505591 0.00555306
1470 0.761969 0.515319 0.0045844
1471 0.761969 0.504617 0.00568386
1472 0.761969 0.507195 0.00511868
1473 0.761969 0.515565 0.00461261
1474 0.761969 0.500509 0.00553281
1475 0.761969 0.515057 0.00550519
1476 0.761969 0.518478 0.00530945
1477 0.761969 0.507423 0.00503365
1478 0.761969 0.510309 0.00568121
1479 0.761969 0.507324 0.00544893
1480 0.761969 0.514648 0.00510316
1481 0.761969 0.515901 0.00455877
1482 0.761969 0.510069 0.00474398
1483 0.761969 0.508065 0.00501413
1484 0.761969 0.509529 0.00561863
1485 0.761969 0.513894 0.00517133
1486 0.761969 0.52458 0.00581595
1487 0.761969 0.522063 0.00559392
1488 0.761969 0.514593 0.00551065
1489 0.761969 0.509988 0.00653676
1490 0.761969 0.50844 0.00520736
1491 0.761969 0.508545 0.00470726
1492 0.761969 0.509913 0.0056173
1493 0.761969 0.514017 0.00514691
1494 0.761969 0.509143 0.00589111
1495 0.761969 0.506918 0.00538563
1496 0.761969 0.501905 0.00594037
1497 0.761969 0.501951 0.00608586
1498 0.761969 0.510458 0.00489374
1499 0.761969 0.505933 0.00588127
1500 0.761969 0.515528 0.00557207
1501 0.761969 0.506314 0.00542828
1502 0.761969 0.511882 0.00574078
1503 0.761969 0.519355 0.00561281
1504 0.761969 0.511541 0.00573594
1505 0.761969 0.515761 0.00619898
1506 0.761969 0.52465 0.00638698
1507 0.761969 0.515028 0.00545975
1508 0.761969 0.510742 0.00571089
1509 0.761969 0.503828 0.00550862
1510 0.761969 0.506819 0.00602826
1511 0.761969 0.518959 0.00554599
1512 0.761969 0.513163 0.00464789
1513 0.761969 0.509831 0.00554512
1514 0.761969 0.518712 0.00590897
1515 0.761969 0.52083 0.00617119
1516 0.761969 0.515914 0.0055686
1517 0.761969 0.513379 0.00525321
1518 0.761969 0.505418 0.00523408
1519 0.761969 0.506623 0.00583129
1520 0.761969 0.510862 0.00497926
1521 0.761969 0.512555 0.00540549
1522 0.761969 0.503504 0.00547473
1523 0.761969 0.515524 0.00569405
1524 0.761969 0.516918 0.0046955
1525 0.761969 0.508387 0.00478508
1526 0.761969 0.508911 0.00582147
1527 0.761969 0.5154 0.0053121
1528 0.761969 0.519817 0.00592483
1529 0.761969 0.518043 0.00516513
1530 0.761969 0.515275 0.00569702
1531 0.761969 0.516024 0.00548699
1532 0.761969 0.520514 0.0050731
1533 0.761969 0.524411 0.00501567
1534 0.761969 0.520783 0.00511411
1535 0.761969 0.508567 0.00588187
1536 0.761969 0.511825 0.00644041
1537 0.761969 0.51055 0.00562042
1538 0.761969 0.523692 0.00481378
1539 0.761969 0.521339 0.00551177
1540 0.761969 0.522963 0.00545676
1541 0.761969 0.52032 0.00481915
1542 0.761969 0.517503 0.00512563
1543 0.761969 0.520006 0.00536581
1544 0.761969 0.51318 0.00525767
1545 0.761969 0.519625 0.00505778
1546 0.761969 0.508348 0.00568849
1547 0.761969 0.519581 0.00454413
1548 0.761969 0.522076 0.00504929
1549 0.761969 0.509811 0.00591441
1550 0.761969 0.512696 0.00577805
1551 0.761969 0.515078 0.00480832
1552 0.761969 0.515517 0.00510953
1553 0.761969 0.510899 0.00589165
1554 0.761969 0.524257 0.00477788
1555 0.761969 0.509253 0.00527553
1556 0.761969 0.5248 0.00426093
1557 0.761969 0.522359 0.00541086
1558 0.761969 0.510676 0.00478536
1559 0.761969 0.508995 0.00487014
1560 0.761969 0.517994 0.00491797
1561 0.761969 0.518155 0.00557143
1562 0.761969 0.522517 0.00486789
1563 0.761969 0.513093 0.00491721
1564 0.761969 0.508959 0.00538245
1565 0.761969 0.52284 0.00533576
1566 0.761969 0.513619 0.00446952
1567 0.761969 0.511502 0.00524646
1568 0.761969 0.518346 0.00493641
1569 0.761969 0.514023 0.00567733
1570 0.761969 0.514902 0.00504454
1571 0.761969 0.520941 0.00420001
1572 0.761969 0.508934 0.00593225
1573 0.761969 0.517873 0.00531067
1574 0.761969 0.514062 0.00611482
1575 0.761969 0.503784 0.00480764
1576 0.761969 0.508463 0.00497057
1577 0.761969 0.514202 0.00523758
1578 0.761969 0.515266 0.00494098
1579 0.761969 0.507579 0.00458324
1580 0.761969 0.506583 0.00540114
1581 0.761969 0.519675 0.00418892
1582 0.761969 0.517276 0.0046262
1583 0.761969 0.512708 0.00526308
1584 0.761969 0.51597 0.00535834
1585 0.761969 0.514618 0.00531729
1586 0.761969 0.513415 0.0050544
1587 0.761969 0.511537 0.00530056
1588 0.761969 0.515495 0.00513752
1589 0.761969 0.518709 0.00503777
1590 0.761969 0.502524 0.00590644
1591 0.761969 0.512475 0.00484526
1592 0.761969 0.513958 0.00478315
1593 0.761969 0.513015 0.00531822
1594 0.761969 0.511048 0.00465889
1595 0.761969 0.514866 0.00460677
1596 0.761969 0.512392 0.00633872
1597 0.761969 0.512074 0.00520168
1598 0.761969 0.509785 0.00543494
1599 0.761969 0.507449 0.00524517
1600 0.761969 0.510431 0.00575048
1601 0.761969 0.499232 0.00598556
1602 0.761969 0.498444 0.00673253
1603 0.761969 0.506062 0.00576462
1604 0.761969 0.510756 0.00590497
1605 0.761969 0.503033 0.00521164
1606 0.761969 0.512415 0.00495576
1607 0.761969 0.514192 0.00591852
1608 0.761969 0.504979 0.00589892
1609 0.761969 0.50908 0.00598306
1610 0.761969 0.512952 0.00538746
1611 0.761969 0.515004 0.00531864
1612 0.761969 0.512239 0.00537658
1613 0.761969 0.514997 0.00566714
1614 0.761969 0.522337 0.00486949
1615 0.761969 0.520692 0.00534582
1616 0.761969 0.514091 0.00477208
1617 0.761969 0.503735 0.00509672
1618 0.761969 0.506558 0.00521744
1619 0.761969 0.511865 0.00522854
1620 0.761969 0.515013 0.00474943
1621 0.761969 0.509586 0.00543431
1622 0.761969 0.514822 0.00491524
1623 0.761969 0.511175 0.00429517
1624 0.761969 0.507971 0.00519855
1625 0.761969 0.515115 0.00499229
1626 0.761969 0.505337 0.0045653
1627 0.761969 0.507814 0.00512773
1628 0.761969 0.521449 0.0051407
1629 0.761969 0.518041 0.00591733
1630 0.761969 0.512833 0.00565879
1631 0.761969 0.519049 0.00510632
1632 0.761969 0.511332 0.00465425
1633 0.761969 0.516098 0.00539776
1634 0.761969 0.514206 0.00533586
1635 0.761969 0.5179 0.00591328
1636 0.761969 0.512101 0.00544487
1637 0.761969 0.512446 0.00575431
1638 0.761969 0.510829 0.00525302
1639 0.761969 0.51747 0.00499811
1640 0.761969 0.513832 0.00549786
1641 0.761969 0.511709 0.00499492
1642 0.761969 0.513212 0.00573561
1643 0.761969 0.520684 0.00506818
1644 0.761969 0.509902 0.00529777
1645 0.761969 0.50938 0.0058891
1646 0.761969 0.503531 0.00552511
1647 0.761969 0.509855 0.00535843
1648 0.761969 0.500841 0.00613779
1649 0.761969 0.507016 0.00576997
1650 0.761969 0.507918 0.00591194
1651 0.761969 0.517677 0.00554952
1652 0.761969 0.506304 0.00544325
1653 0.761969 0.520637 0.00467272
1654 0.761969 0.506771 0.00500362
1655 0.761969 0.51419 0.00607032
1656 0.761969 0.504751 0.00557481
1657 0.761969 0.509764 0.00549691
1658 0.761969 0.509135 0.0054475
1659 0.761969 0.507706 0.00596491
1660 0.761969 0.516509 0.00604358
1661 0.761969 0.511586 0.00597337
1662 0.761969 0.511445 0.00515553
1663 0.761969 0.500541 0.006173
1664 0.761969 0.518333 0.0059013
1665 0.761969 0.507231 0.00569587
1666 0.761969 0.515398 0.00479656
1667 0.761969 0.506239 0.00560729
1668 0.761969 0.51547 0.00486739
1669 0.761969 0.511375 0.00553614
1670 0.761969 0.506811 0.00549841
1671 0.761969 0.508625 0.00543311
1672 0.761969 0.505792 0.00557566
1673 0.761969 0.503136 0.00622552
1674 0.761969 0.518637 0.0051268
1675 0.761969 0.513977 0.00547814
1676 0.761969 0.510645 0.00489312
1677 0.761969 0.508054 0.00566008
1678 0.761969 0.51566 0.00602416
1679 0.761969 0.50889 0.00587725
1680 0.761969 0.503293 0.00551061
1681 0.761969 0.504853 0.006241
1682 0.761969 0.515937 0.00522746
1683 0.761969 0.512074 0.00571191
1684 0.761969 0.512074 0.00494528
1685 0.761969 0.514592 0.00632898
1686 0.761969 0.514964 0.00571586
1687 0.761969 0.507232 0.00612973
1688 0.761969 0.519617 0.00530575
1689 0.761969 0.527749 0.00611708
1690 0.761969 0.516829 0.00584607
1691 0.761969 0.507989 0.00497838
1692 0.761969 0.508629 0.00517748
1693 0.761969 0.510049 0.00613673
1694 0.761969 0.506513 0.00550039
1695 0.761969 0.500746 0.00541127
1696 0.761969 0.520647 0.0049
1697 0.761969 0.516253 0.00585415
1698 0.761969 0.511004 0.00600785
1699 0.761969 0.513095 0.00577155
1700 0.761969 0.506918 0.00589543
1701 0.761969 0.510949 0.00570278
1702 0.761969 0.50609 0.00555927
1703 0.761969 0.522986 0.00582982
1704 0.761969 0.515038 0.00572223
1705 0.761969 0.514942 0.0058354
1706 0.761969 0.516346 0.0055018
1707 0.761969 0.509367 0.00546214
1708 0.761969 0.520888 0.00570444
1709 0.761969 0.513573 0.00647747
1710 0.761969 0.517946 0.00515437
1711 0.761969 0.519275 0.00519099
1712 0.761969 0.501873 0.00557834
1713 0.761969 0.518243 0.00502311
1714 0.761969 0.51965 0.00552716
1715 0.761969 0.509704 0.00523292
1716 0.761969 0.509815 0.00587518
1717 0.761969 0.520886 0.00553653
1718 0.761969 0.518348 0.00500343
1719 0.761969 0.517424 0.00481975
1720 0.761969 0.525138 0.00572642
1721 0.761969 0.51437 0.00568596
1722 0.761969 0.511028 0.00557374
1723 0.761969 0.512949 0.00560798
1724 0.761969 0.505804 0.00527415
1725 0.761969 0.515948 0.00474758
1726 0.761969 0.512683 0.00511266
1727 0.761969 0.510914 0.00576846
1728 0.761969 0.509802 0.00500445
1729 0.761969 0.518478 0.0059068
1730 0.761969 0.516494 0.00525494
1731 0.761969 0.508566 0.00485348
1732 0.761969 0.519632 0.00512267
1733 0.761969 0.512438 0.00619789
1734 0.761969 0.507517 0.00535684
1735 0.761969 0.504274 0.00559137
1736 0.761969 0.502548 0.00578787
1737 0.761969 0.504591 0.00526386
1738 0.761969 0.513279 0.00578995
1739 0.761969 0.507032 0.00526561
1740 0.761969 0.5071 0.00561326
1741 0.761969 0.51277 0.0049722
1742 0.761969 0.511948 0.00546992
1743 0.761969 0.515477 0.0048463
1744 0.761969 0.514633 0.00522492
1745 0.761969 0.508159 0.00566679
1746 0.761969 0.508661 0.00499718
1747 0.761969 0.519107 0.0053983
1748 0.761969 0.512216 0.0062977
1749 0.761969 0.506413 0.00502569
1750 0.761969 0.513741 0.00517008
1751 0.761969 0.51082 0.00488448
1752 0.761969 0.506109 0.00455603
1753 0.761969 0.513268 0.00499963
1754 0.761969 0.508342 0.00532749
1755 0.761969 0.512486 0.00499067
1756 0.761969 0.518959 0.00510209
1757 0.761969 0.511442 0.00472751
1758 0.761969 0.505137 0.00555913
1759 0.761969 0.511404 0.00542378
1760 0.761969 0.511252 0.00543273
1761 0.761969 0.515867 0.00488521
1762 0.761969 0.512622 0.00459616
1763 0.761969 0.501306 0.00600254
1764 0.761969 0.508707 0.00509486
1765 0.761969 0.510796 0.00561676
1766 0.761969 0.517815 0.00581814
1767 0.761969 0.516208 0.00547116
1768 0.761969 0.516459 0.00563962
1769 0.761969 0.515972 0.00550674
1770 0.761969 0.514204 0.00523267
1771 0.761969 0.506544 0.00524549
1772 0.761969 0.510852 0.00565194
1773 0.761969 0.522207 0.00506366
1774 0.761969 0.51241 0.00522716
1775 0.761969 0.507615 0.00545824
1776 0.761969 0.516182 0.00600974
1777 0.761969 0.511634 0.00518479
1778 0.761969 0.512185 0.00552631
1779 0.761969 0.51178 0.00474153
1780 0.761969 0.510912 0.00564191
1781 0.761969 0.511535 0.00539222
1782 0.761969 0.515024 0.00554984
1783 0.761969 0.509367 0.00496257
1784 0.761969 0.517577 0.00600347
1785 0.761969 0.513315 0.00498433
1786 0.761969 0.517133 0.00502245
1787 0.761969 0.513769 0.00483357
1788 0.761969 0.511198 0.00541667
1789 0.761969 0.512631 0.00516608
1790 0.761969 0.512463 0.00525644
1791 0.761969 0.51946 0.00516474
1792 0.761969 0.507652 0.00553968
1793 0.761969 0.520387 0.00565491
1794 0.761969 0.517977 0.00519458
1795 0.761969 0.515731 0.0060699
1796 0.761969 0.518557 0.0050565
1797 0.761969 0.517314 0.00516898
1798 0.761969 0.517705 0.00489863
1799 0.761969 0.514728 0.00503823
1800 0.761969 0.518171 0.00537615
1801 0.761969 0.516711 0.00471062
1802 0.761969 0.51646 0.00461604
1803 0.761969 0.515191 0.00584947
1804 0.761969 0.512411 0.00508574
1805 0.761969 0.520255 0.00506747
1806 0.761969 0.511574 0.00475152
1807 0.761969 0.508934 0.00578585
1808 0.761969 0.515579 0.00565053
1809 0.761969 0.515159 0.00501941
1810 0.761969 0.511466 0.00504461
1811 0.761969 0.51071 0.00600068
1812 0.761969 0.514067 0.0054081
1813 0.761969 0.517886 0.00476521
1814 0.761969 0.516321 0.00480044
1815 0.761969 0.520241 0.00432171
1816 0.761969 0.510675 0.00529141
1817 0.761969 0.4997 0.00520304
1818 0.761969 0.509752 0.00574725
1819 0.761969 0.514891 0.00496356
1820 0.761969 0.506369 0.00590419
1821 0.761969 0.507906 0.00499158
1822 0.761969 0.505367 0.005062
1823 0.761969 0.516083 0.00578749
1824 0.761969 0.51892 0.00495816
1825 0.761969 0.509674 0.0055148
1826 0.761969 0.513508 0.00530918
1827 0.761969 0.509401 0.0050497
1828 0.761969 0.513324 0.00512439
1829 0.761969 0.520101 0.00537446
1830 0.761969 0.526133 0.0051804
1831 0.761969 0.510255 0.00574758
1832 0.761969 0.512349 0.00484919
1833 0.761969 0.514254 0.00503443
1834 0.761969 0.512203 0.00492567
1835 0.761969 0.51407 0.00546995
1836 0.761969 0.511908 0.00514952
1837 0.761969 0.512923 0.00541237
1838 0.761969 0.507263 0.00557698
1839 0.761969 0.511474 0.00464703
1840 0.761969 0.514336 0.0050458
1841 0.761969 0.506154 0.00552278
1842 0.761969 0.513608 0.00521846
1843 0.761969 0.510845 0.00498704
1844 0.761969 0.506288 0.00562593
1845 0.761969 0.501328 0.00613781
1846 0.761969 0.516129 0.00518755
1847 0.761969 0.514847 0.00559478
1848 0.761969 0.502177 0.00596626
1849 0.761969 0.511243 0.00514174
1850 0.761969 0.511057 0.00575385
1851 0.761969 0.504654 0.00495524
1852 0.761969 0.50921 0.00654262
1853 0.761969 0.515994 0.00528297
1854 0.761969 0.514286 0.00607796
1855 0.761969 0.521008 0.00542467
1856 0.761969 0.503176 0.00509851
1857 0.761969 0.510071 0.00529163
1858 0.761969 0.519126 0.00517801
1859 0.761969 0.516027 0.00537556
1860 0.761969 0.517413 0.00506186
1861 0.761969 0.517203 0.00539472
1862 0.761969 0.513501 0.00521449
1863 0.761969 0.511877 0.00460633
1864 0.761969 0.512789 0.00500041
1865 0.761969 0.510296 0.00557952
1866 0.761969 0.510456 0.00464858
1867 0.761969 0.509323 0.00491413
1868 0.761969 0.515799 0.00496277
1869 0.761969 0.510902 0.00564587
1870 0.761969 0.513665 0.00480312
1871 0.761969 0.506621 0.00505797
1872 0.761969 0.513478 0.0054153
1873 0.761969 0.503739 0.00562815
1874 0.761969 0.505569 0.00510863
1875 0.761969 0.512242 0.00500938
1876 0.761969 0.512594 0.00504849
1877 0.761969 0.508712 0.00576803
1878 0.761969 0.508645 0.00607862
1879 0.761969 0.513878 0.00511293
1880 0.761969 0.508107 0.00516888
1881 0.761969 0.517775 0.00519545
1882 0.761969 0.510267 0.00521425
1883 0.761969 0.508749 0.00547201
1884 0.761969 0.509737 0.00581319
1885 0.761969 0.510881 0.00529952
1886 0.761969 0.513167 0.00514468
1887 0.761969 0.520017 0.00481292
1888 0.761969 0.509612 0.00606923
1889 0.761969 0.514173 0.00495116
1890 0.761969 0.509059 0.00558328
1891 0.761969 0.518258 0.00512602
1892 0.761969 0.511599 0.00578564
1893 0.761969 0.512199 0.00515614
1894 0.761969 0.509959 0.00509314
1895 0.761969 0.513222 0.00550787
1896 0.761969 0.509603 0.0058448
1897 0.761969 0.510267 0.00504398
1898 0.761969 0.505206 0.00600619
1899 0.761969 0.519636 0.00515813
1900 0.761969 0.509776 0.00525954
1901 0.761969 0.50816 0.00619923
1902 0.761969 0.510125 0.00543417
1903 0.761969 0.511425 0.00547379
1904 0.761969 0.511713 0.005751
1905 0.761969 0.511191 0.0055184
1906 0.761969 0.51068 0.00593252
1907 0.761969 0.506667 0.00597167
1908 0.761969 0.512741 0.00577801
1909 0.761969 0.509957 0.00608995
1910 0.761969 0.508174 0.00639083
1911 0.761969 0.511516 0.0058655
1912 0.761969 0.523088 0.00551849
1913 0.761969 0.511945 0.00498685
1914 0.761969 0.511827 0.00480801
1915 0.761969 0.508638 0.00561661
1916 0.761969 0.518126 0.00547352
1917 0.761969 0.514377 0.00495105
1918 0.761969 0.511746 0.00547043
1919 0.761969 0.51339 0.00543053
1920 0.761969 0.512062 0.00474291
1921 0.761969 0.514328 0.00532433
1922 0.761969 0.516093 0.00553634
1923 0.761969 0.519866 0.00498759
1924 0.761969 0.49715 0.00623516
1925 0.761969 0.505428 0.00500191
1926 0.761969 0.508477 0.00530056
1927 0.761969 0.512862 0.00526319
1928 0.761969 0.508948 0.0048847
1929 0.761969 0.519771 0.00554572
1930 0.761969 0.514299 0.00517363
1931 0.761969 0.522336 0.00582392
1932 0.761969 0.51361 0.0048135
1933 0.761969 0.513924 0.00444086
1934 0.761969 0.518405 0.00504215
1935 0.761969 0.511343 0.00516907
1936 0.761969 0.518132 0.00511311
1937 0.761969 0.513489 0.00517991
1938 0.761969 0.509872 0.00527846
1939 0.761969 0.518285 0.00483537
1940 0.761969 0.513936 0.00505222
1941 0.761969 0.513595 0.00508214
1942 0.761969 0.523089 0.00493147
1943 0.761969 0.519382 0.0054641
1944 0.761969 0.516604 0.00575239
1945 0.761969 0.512076 0.00529685
1946 0.761969 0.51973 0.00493176
1947 0.761969 0.520154 0.00560541
1948 0.761969 0.514525 0.00544877
1949 0.761969 0.512437 0.00540985
1950 0.761969 0.516337 0.00570872
1951 0.761969 0.509793 0.00590139
1952 0.761969 0.512179 0.00583124
1953 0.761969 0.518251 0.00540974
1954 0.761969 0.521142 0.00494348
1955 0.761969 0.515717 0.00494562
1956 0.761969 0.516356 0.00572125
1957 0.761969 0.518153 0.00592985
1958 0.761969 0.51181 0.00460158
1959 0.761969 0.505245 0.00579338
1960 0.761969 0.517738 0.00561162
1961 0.761969 0.508829 0.004543
1962 0.761969 0.51092 0.00582191
1963 0.761969 0.512804 0.00490416
1964 0.761969 0.501511 0.00565814
1965 0.761969 0.518833 0.00519022
1966 0.761969 0.514386 0.00544471
1967 0.761969 0.509547 0.00575149
1968 0.761969 0.51206 0.00426767
1969 0.761969 0.520596 0.0046452
1970 0.761969 0.503931 0.00518812
1971 0.761969 0.506387 0.00558255
1972 0.761969 0.507061 0.00550122
1973 0.761969 0.512449 0.00469163
1974 0.761969 0.518983 0.00480643
1975 0.761969 0.51585 0.00524367
1976 0.761969 0.510699 0.00580435
1977 0.761969 0.514052 0.00537565
1978 0.761969 0.508485 0.00574112
1979 0.761969 0.521497 0.00510831
1980 0.761969 0.51529 0.00505709
1981 0.761969 0.507435 0.00556234
1982 0.761969 0.519798 0.0051309
1983 0.761969 0.52009 0.00499566
1984 0.761969 0.507639 0.0058256
1985 0.761969 0.518175 0.00595696
1986 0.761969 0.518463 0.00594838
1987 0.761969 0.51131 0.00493012
1988 0.761969 0.502455 0.00516268
1989 0.761969 0.509546 0.0043117
1990 0.761969 0.512198 0.00422152
1991 0.761969 0.515995 0.00495875
1992 0.761969 0.511159 0.00553354
1993 0.761969 0.506913 0.00471426
1994 0.761969 0.511183 0.00508011
1995 0.761969 0.511992 0.00579569
1996 0.761969 0.513049 0.00526038
1997 0.761969 0.509567 0.0051502
1998 0.761969 0.510486 0.0048955
1999 0.761969 0.50962 0.00456224
2000 0.761969 0.515983 0.00569559
2001 0.761969 0.518244 0.00409766
2002 0.761969 0.523922 0.00450527
2003 0.761969 0.508572 0.00503985
2004 0.761969 0.511322 0.00526263
2005 0.761969 0.514333 0.00454915
2006 0.761969 0.51526 0.0044722
2007 0.761969 0.513501 0.00504464
2008 0.761969 0.517986 0.00528612
2009 0.761969 0.507876 0.00532895
2010 0.761969 0.515394 0.00471122
2011 0.761969 0.510481 0.00502039
2012 0.761969 0.509428 0.00477882
2013 0.761969 0.512145 0.0044686
2014 0.761969 0.520414 0.00445784
2015 0.761969 0.508972 0.00503402
2016 0.761969 0.51022 0.00492393
2017 0.761969 0.503257 0.00535552
2018 0.761969 0.513596 0.0051928
2019 0.761969 0.520253 0.00572877
2020 0.761969 0.516722 0.00532871
2021 0.761969 0.518226 0.00481866
2022 0.761969 0.521826 0.00505563
2023 0.761969 0.516142 0.00560509
2024 0.761969 0.519604 0.00487705
2025 0.761969 0.518323 0.0050509
2026 0.761969 0.517122 0.00466683
2027 0.761969 0.509537 0.00593921
2028 0.761969 0.508145 0.00593381
2029 0.761969 0.513274 0.0061225
2030 0.761969 0.514098 0.00529097
2031 0.761969 0.518025 0.00545865
2032 0.761969 0.512188 0.00520886
2033 0.761969 0.505579 0.00467916
2034 0.761969 0.508441 0.00465729
2035 0.761969 0.509114 0.00435256
2036 0.761969 0.514105 0.00531381
2037 0.761969 0.515063 0.00478371
2038 0.761969 0.512303 0.00501706
2039 0.761969 0.523666 0.0052415
2040 0.761969 0.515465 0.00458227
2041 0.761969 0.515795 0.00449758
2042 0.761969 0.512567 0.00519239
2043 0.761969 0.508595 0.00510256
2044 0.761969 0.514817 0.00496821
2045 0.761969 0.514715 0.00440565
2046 0.761969 0.504668 0.00481653
2047 0.761969 0.515453 0.00488606
2048 0.761969 0.512781 0.00470903
2049 0.761969 0.516297 0.00513258
2050 0.761969 0.508805 0.00541382
2051 0.761969 0.510622 0.00581922
2052 0.761969 0.503724 0.00550946
2053 0.761969 0.50438 0.00512903
2054 0.761969 0.509381 0.00531601
2055 0.761969 0.515528 0.00552172
2056 0.761969 0.509281 0.00459791
2057 0.761969 0.523779 0.00611151
2058 0.761969 0.511404 0.00521768
2059 0.761969 0.517704 0.00514551
2060 0.761969 0.512227 0.00568133
2061 0.761969 0.516974 0.00598037
2062 0.761969 0.515806 0.00556954
2063 0.761969 0.510626 0.00495611
2064 0.761969 0.505003 0.00527736
2065 0.761969 0.514908 0.00567964
2066 0.761969 0.509817 0.00616436
2067 0.761969 0.509848 0.00548876
2068 0.761969 0.517116 0.00514967
2069 0.761969 0.511415 0.00538312
2070 0.761969 0.507647 0.00495298
2071 0.761969 0.514033 0.00543111
2072 0.761969 0.509551 0.00566498
2073 0.761969 0.501438 0.00544902
2074 0.761969 0.511328 0.00601835
2075 0.761969 0.515162 0.0054661
2076 0.761969 0.518851 0.00509169
2077 0.761969 0.520354 0.00453591
2078 0.761969 0.511833 0.0044764
2079 0.761969 0.515705 0.00610297
2080 0.761969 0.50887 0.00615228
2081 0.761969 0.511523 0.00503186
2082 0.761969 0.519806 0.00506297
2083 0.761969 0.509946 0.00583662
2084 0.761969 0.511637 0.00498533
2085 0.761969 0.519277 0.00490008
2086 0.761969 0.511909 0.00496548
2087 0.761969 0.507651 0.00555081
2088 0.761969 0.516209 0.00537013
2089 0.761969 0.510505 0.00469785
2090 0.761969 0.505784 0.00536659
2091 0.761969 0.513818 0.00554074
2092 0.761969 0.512241 0.00491378
2093 0.761969 0.508816 0.00545149
2094 0.761969 0.514229 0.00504385
2095 0.761969 0.51108 0.00522963
2096 0.761969 0.515919 0.00499149
2097 0.761969 0.518295 0.00492307
2098 0.761969 0.506214 0.00470055
2099 0.761969 0.51095 0.00596629
2100 0.761969 0.517423 0.00607733
2101 0.761969 0.517416 0.00567249
2102 0.761969 0.51839 0.0050371
2103 0.761969 0.516593 0.00532869
2104 0.761969 0.517054 0.00493786
2105 0.761969 0.510459 0.00535519
2106 0.761969 0.50628 0.00582723
2107 0.761969 0.512468 0.00575939
2108 0.761969 0.514629 0.00511266
2109 0.761969 0.517975 0.00559652
2110 0.761969 0.519934 0.00534162
2111 0.761969 0.517336 0.00546594
2112 0.761969 0.514647 0.00546608
2113 0.761969 0.524651 0.00483816
2114 0.761969 0.516747 0.00552766
2115 0.761969 0.510371 0.00490195
2116 0.761969 0.50991 0.00511197
2117 0.761969 0.513124 0.00516653
2118 0.761969 0.516681 0.00525595
2119 0.761969 0.51532 0.00546107
2120 0.761969 0.516891 0.00530909
2121 0.761969 0.515392 0.00531176
2122 0.761969 0.524514 0.00511787
2123 0.761969 0.506407 0.00575605
2124 0.761969 0.5145 0.00538447
2125 0.761969 0.51832 0.00538143
2126 0.761969 0.510685 0.0052373
2127 0.761969 0.511523 0.00557579
2128 0.761969 0.505675 0.00567431
2129 0.761969 0.510478 0.00599251
2130 0.761969 0.518519 0.00569924
2131 0.761969 0.510714 0.00515721
2132 0.761969 0.515527 0.00495502
2133 0.761969 0.511316 0.00575382
2134 0.761969 0.513252 0.00563553
2135 0.761969 0.512047 0.00558962
2136 0.761969 0.519221 0.00511357
2137 0.761969 0.510392 0.00481251
2138 0.761969 0.510792 0.00465938
2139 0.761969 0.515434 0.00529616
2140 0.761969 0.515821 0.00603816
2141 0.761969 0.507855 0.00536652
2142 0.761969 0.509627 0.0052137
2143 0.761969 0.504948 0.00517838
2144 0.761969 0.505657 0.00569273
2145 0.761969 0.516423 0.00483244
2146 0.761969 0.512901 0.00603972
2147 0.761969 0.515471 0.00563048
2148 0.761969 0.511338 0.00571526
2149 0.761969 0.508692 0.0058069
2150 0.761969 0.514322 0.00569544
2151 0.761969 0.519637 0.00568489
2152 0.761969 0.506552 0.00544381
2153 0.761969 0.503246 0.00517606
2154 0.761969 0.509944 0.00592229
2155 0.761969 0.520879 0.00434128
2156 0.761969 0.515136 0.00595488
2157 0.761969 0.518102 0.00521243
2158 0.761969 0.507332 0.00577897
2159 0.761969 0.505384 0.00585592
2160 0.761969 0.519829 0.00518272
2161 0.761969 0.5285 0.00535454
2162 0.761969 0.519318 0.00530974
2163 0.761969 0.52507 0.00528982
2164 0.761969 0.509123 0.00602919
2165 0.761969 0.522625 0.00536148
2166 0.761969 0.515138 0.005377
2167 0.761969 0.514108 0.00500671
2168 0.761969 0.519275 0.00563659
2169 0.761969 0.513951 0.00559352
2170 0.761969 0.5131 0.00557594
2171 0.761969 0.514782 0.00627667
2172 0.761969 0.514149 0.00492522
2173 0.761969 0.51762 0.00507643
2174 0.761969 0.514703 0.00524615
2175 0.761969 0.51616 0.00528548
2176 0.761969 0.517989 0.00519063
2177 0.761969 0.505691 0.00483575
2178 0.761969 0.517573 0.00584106
2179 0.761969 0.503056 0.00579586
2180 0.761969 0.51894 0.004261
2181 0.761969 0.510685 0.00531749
2182 0.761969 0.507009 0.00532641
2183 0.761969 0.510803 0.0051275
2184 0.761969 0.51269 0.0059747
2185 0.761969 0.518028 0.00520559
2186 0.761969 0.512392 0.00523349
2187 0.761969 0.509428 0.00504767
2188 0.761969 0.516703 0.00569318
2189 0.761969 0.512733 0.0054914
2190 0.761969 0.509922 0.00581761
2191 0.761969 0.525247 0.00515648
2192 0.761969 0.509005 0.00457966
2193 0.761969 0.509351 0.00542923
2194 0.761969 0.50812 0.00533378
2195 0.761969 0.521049 0.00510626
2196 0.761969 0.514256 0.00492472
2197 0.761969 0.507745 0.00487834
2198 0.761969 0.504066 0.00522189
2199 0.761969 0.506703 0.0052839
2200 0.761969 0.511602 0.00552877
2201 0.761969 0.516995 0.00595018
2202 0.761969 0.503499 0.00609895
2203 0.761969 0.516378 0.00558875
2204 0.761969 0.508088 0.00525863
2205 0.761969 0.512776 0.00599608
2206 0.761969 0.509204 0.00552046
2207 0.761969 0.501094 0.00576515
2208 0.761969 0.515557 0.00535962
2209 0.761969 0.511824 0.00594819
2210 0.761969 0.510364 0.00538273
2211 0.761969 0.504648 0.00556995
2212 0.761969 0.516925 0.005631
2213 0.761969 0.517757 0.00564597
2214 0.761969 0.503695 0.00495069
2215 0.761969 0.515809 0.0055356
2216 0.761969 0.510917 0.00558094
2217 0.761969 0.51948 0.00544459
2218 0.761969 0.522263 0.00520659
2219 0.761969 0.518909 0.0053618
2220 0.761969 0.512773 0.00562668
2221 0.761969 0.510748 0.00491708
2222 0.761969 0.50933 0.00523473
2223 0.761969 0.521641 0.00486905
2224 0.761969 0.512855 0.00493507
2225 0.761969 0.529359 0.00486206
2226 0.761969 0.522622 0.00489362
2227 0.761969 0.512918 0.00494657
2228 0.761969 0.52091 0.00491547
2229 0.761969 0.526318 0.00490128
2230 0.761969 0.522849 0.00510448
2231 0.761969 0.512013 0.00546779
2232 0.761969 0.516762 0.00538791
2233 0.761969 0.519025 0.00586723
2234 0.761969 0.517646 0.00539714
2235 0.761969 0.509419 0.00576767
2236 0.761969 0.503874 0.00588527
2237 0.761969 0.510282 0.00571692
2238 0.761969 0.515887 0.00507718
2239 0.761969 0.510308 0.00551187
2240 0.761969 0.516681 0.00475737
2241 0.761969 0.511871 0.00531469
2242 0.761969 0.511003 0.0052208
2243 0.761969 0.520511 0.00604089
2244 0.761969 0.507976 0.00542063
2245 0.761969 0.514831 0.00504093
2246 0.761969 0.519099 0.00519462
2247 0.761969 0.514639 0.00558818
2248 0.761969 0.520271 0.00511247
2249 0.761969 0.514538 0.00518387
2250 0.761969 0.516294 0.00508445
2251 0.761969 0.504115 0.00574016
2252 0.761969 0.51149 0.00552208
2253 0.761969 0.51245 0.00491384
2254 0.761969 0.50591 0.00463911
2255 0.761969 0.504701 0.00581358
2256 0.761969 0.510269 0.00502398
2257 0.761969 0.514795 0.00476913
2258 0.761969 0.515963 0.0047616
2259 0.761969 0.513051 0.00493239
2260 0.761969 0.512809 0.00561405
2261 0.761969 0.519925 0.00556452
2262 0.761969 0.51873 0.00597484
2263 0.761969 0.518128 0.00553927
2264 0.761969 0.507383 0.00554436
2265 0.761969 0.508771 0.00585105
2266 0.761969 0.509159 0.00469999
2267 0.761969 0.50858 0.00473534
2268 0.761969 0.512082 0.00448293
2269 0.761969 0.506679 0.00451805
2270 0.761969 0.507265 0.00515822
2271 0.761969 0.514416 0.00454656
2272 0.761969 0.509115 0.0041482
2273 0.761969 0.516187 0.00476922
2274 0.761969 0.506918 0.00543694
2275 0.761969 0.511257 0.00553367
2276 0.761969 0.507928 0.00508454
2277 0.761969 0.51181 0.00535358
2278 0.761969 0.515364 0.00551762
2279 0.761969 0.501084 0.00527106
2280 0.761969 0.502305 0.00571314
2281 0.761969 0.510922 0.00540644
2282 0.761969 0.506348 0.00535379
2283 0.761969 0.506556 0.00588394
2284 0.761969 0.51075 0.00614621
2285 0.761969 0.506432 0.00465535
2286 0.761969 0.507983 0.00482174
2287 0.761969 0.511817 0.00537435
2288 0.761969 0.51388 0.00563836
2289 0.761969 0.520144 0.00481179
2290 0.761969 0.513749 0.00527526
2291 0.761969 0.505428 0.00563464
2292 0.761969 0.515616 0.00577668
2293 0.761969 0.505418 0.0052862
2294 0.761969 0.508164 0.00520743
2295 0.761969 0.508916 0.00470668
2296 0.761969 0.512067 0.00491655
2297 0.761969 0.511485 0.0052053
2298 0.761969 0.509109 0.00533848
2299 0.761969 0.505535 0.00528742
2300 0.761969 0.522623 0.00565347
2301 0.761969 0.519371 0.00537809
2302 0.761969 0.515496 0.00512771
2303 0.761969 0.520339 0.00506
2304 0.761969 0.51337 0.00638848
2305 0.761969 0.513166 0.00464458
2306 0.761969 0.509287 0.00445434
2307 0.761969 0.519792 0.00501422
2308 0.761969 0.510272 0.00459288
2309 0.761969 0.517958 0.00448175
2310 0.761969 0.514714 0.00489267
2311 0.761969 0.509795 0.00561853
2312 0.761969 0.518884 0.00449834
2313 0.761969 0.519491 0.00577796
2314 0.761969 0.516305 0.00448662
2315 0.761969 0.511525 0.00535578
2316 0.761969 0.506426 0.00499287
2317 0.761969 0.505085 0.00561265
2318 0.761969 0.508676 0.0052952
2319 0.761969 0.511755 0.00516114
2320 0.761969 0.514311 0.00502763
2321 0.761969 0.513073 0.00464758
2322 0.761969 0.509086 0.00489536
2323 0.761969 0.508003 0.00503122
2324 0.761969 0.506932 0.00529125
2325 0.761969 0.504046 0.00505344
2326 0.761969 0.516432 0.00571714
2327 0.761969 0.51124 0.00494672
2328 0.761969 0.515524 0.0052422
2329 0.761969 0.51482 0.0044219
2330 0.761969 0.515719 0.00448446
2331 0.761969 0.51739 0.00462407
2332 0.761969 0.506425 0.00519258
2333 0.761969 0.508536 0.00492463
2334 0.761969 0.508309 0.00549429
2335 0.761969 0.509315 0.00522221
2336 0.761969 0.521234 0.00494439
2337 0.761969 0.518963 0.00504308
2338 0.761969 0.519328 0.00523627
2339 0.761969 0.50938 0.00559475
2340 0.761969 0.514601 0.00482579
2341 0.761969 0.513421 0.00511517
2342 0.761969 0.514851 0.00454653
2343 0.761969 0.514985 0.004695
2344 0.761969 0.505782 0.00432879
2345 0.761969 0.505056 0.00510664
2346 0.761969 0.505722 0.00591986
2347 0.761969 0.505928 0.00536571
2348 0.761969 0.519865 0.00566045
2349 0.761969 0.510071 0.00462858
2350 0.761969 0.516931 0.00484549
2351 0.761969 0.510534 0.00471726
2352 0.761969 0.518376 0.0046055
2353 0.761969 0.513184 0.00569161
2354 0.761969 0.511066 0.00488977
2355 0.761969 0.515151 0.00584271
2356 0.761969 0.505828 0.00539961
2357 0.761969 0.513907 0.00466341
2358 0.761969 0.505711 0.00561826
2359 0.761969 0.517721 0.0056267
2360 0.761969 0.516975 0.00489905
2361 0.761969 0.516811 0.0065901
2362 0.761969 0.516452 0.00554416
2363 0.761969 0.512001 0.00565087
2364 0.761969 0.51269 0.0056484
2365 0.761969 0.511878 0.0045399
2366 0.761969 0.513078 0.0052521
2367 0.761969 0.510765 0.00566376
2368 0.761969 0.509104 0.00617399
2369 0.761969 0.514055 0.00502472
2370 0.761969 0.512156 0.00568015
2371 0.761969 0.520816 0.00535121
2372 0.761969 0.513732 0.00541709
2373 0.761969 0.510313 0.0061225
2374 0.761969 0.510894 0.00604279
2375 0.761969 0.508647 0.00553158
2376 0.761969 0.516041 0.00560866
2377 0.761969 0.508222 0.00520535
2378 0.761969 0.504602 0.00550644
2379 0.761969 0.505652 0.00565802
2380 0.761969 0.520365 0.00494023
2381 0.761969 0.51044 0.00562823
2382 0.761969 0.522913 0.00591765
2383 0.761969 0.511753 0.00560081
2384 0.761969 0.515388 0.00559275
2385 0.761969 0.511427 0.00464457
2386 0.761969 0.510868 0.00570854
2387 0.761969 0.512174 0.00553648
2388 0.761969 0.507892 0.00549644
2389 0.761969 0.515426 0.00607527
2390 0.761969 0.50887 0.00550232
2391 0.761969 0.501146 0.00659846
2392 0.761969 0.51392 0.00492442
2393 0.761969 0.513271 0.00681119
2394 0.761969 0.510288 0.00561042
2395 0.761969 0.516612 0.00627512
2396 0.761969 0.50685 0.00502842
2397 0.761969 0.520964 0.00536771
2398 0.761969 0.521851 0.00503559
2399 0.761969 0.510133 0.00531845
2400 0.761969 0.519621 0.00515154
2401 0.761969 0.510634 0.0043186
2402 0.761969 0.506484 0.00595803
2403 0.761969 0.515212 0.00591974
2404 0.761969 0.516813 0.0059718
2405 0.761969 0.51142 0.00638258
2406 0.761969 0.514888 0.00535103
2407 0.761969 0.5163 0.00543848
2408 0.761969 0.518098 0.00479301
2409 0.761969 0.51498 0.00528588
2410 0.761969 0.508343 0.00469638
2411 0.761969 0.520256 0.00430103
2412 0.761969 0.514574 0.00538
2413 0.761969 0.514557 0.00593621
2414 0.761969 0.516002 0.00487483
2415 0.761969 0.516871 0.00476515
2416 0.761969 0.514624 0.00604884
2417 0.761969 0.514918 0.0059928
2418 0.761969 0.519057 0.00439964
2419 0.761969 0.506796 0.00516668
2420 0.761969 0.514814 0.00541763
2421 0.761969 0.520159 0.00521509
2422 0.761969 0.521847 0.00512773
2423 0.761969 0.502559 0.0057274
2424 0.761969 0.504856 0.00546425
2425 0.761969 0.503431 0.00594814
2426 0.761969 0.514315 0.00628567
2427 0.761969 0.519262 0.00544482
2428 0.761969 0.510458 0.005915
2429 0.761969 0.514253 0.00570755
2430 0.761969 0.507192 0.00516487
2431 0.761969 0.508473 0.00639138
2432 0.761969 0.509257 0.00561879
2433 0.761969 0.509314 0.00512729
2434 0.761969 0.505619 0.0058822
2435 0.761969 0.521941 0.00646387
2436 0.761969 0.507855 0.00635412
2437 0.761969 0.516282 0.00540594
2438 0.761969 0.5113 0.00517195
2439 0.761969 0.520555 0.00531979
2440 0.761969 0.515733 0.00523602
2441 0.761969 0.510191 0.00530482
2442 0.761969 0.511087 0.00516877
2443 0.761969 0.507965 0.00513207
2444 0.761969 0.508317 0.00554201
2445 0.761969 0.508337 0.00556736
2446 0.761969 0.5094 0.00499867
2447 0.761969 0.515441 0.00504961
2448 0.761969 0.515251 0.00500083
2449 0.761969 0.511155 0.00555227
2450 0.761969 0.522137 0.00658092
2451 0.761969 0.521988 0.00535417
2452 0.761969 0.511111 0.00664331
2453 0.761969 0.514081 0.00480497
2454 0.761969 0.508893 0.00505832
2455 0.761969 0.515792 0.00548718
2456 0.761969 0.50994 0.0045669
2457 0.761969 0.516431 0.00526111
2458 0.761969 0.506192 0.00538801
2459 0.761969 0.515656 0.00536209
2460 0.761969 0.510879 0.00549301
2461 0.761969 0.511522 0.00490172
2462 0.761969 0.507121 0.00596756
2463 0.761969 0.515453 0.00555011
2464 0.761969 0.511462 0.00506924
2465 0.761969 0.52014 0.00447461
2466 0.761969 0.51172 0.00515788
2467 0.761969 0.510772 0.00535021
2468 0.761969 0.515676 0.0049577
2469 0.761969 0.515454 0.00530991
2470 0.761969 0.52301 0.00497363
2471 0.761969 0.504698 0.00538296
2472 0.761969 0.50855 0.00568369
2473 0.761969 0.515983 0.00444674
2474 0.761969 0.511101 0.00558048
2475 0.761969 0.514218 0.0053215
2476 0.761969 0.51076 0.00508697
2477 0.761969 0.5158 0.00569012
2478 0.761969 0.518191 0.00527273
2479 0.761969 0.510556 0.00485208
2480 0.761969 0.522807 0.00451424
2481 0.761969 0.52084 0.00554353
2482 0.761969 0.519894 0.0047077
2483 0.761969 0.511483 0.00513887
2484 0.761969 0.510047 0.00546117
2485 0.761969 0.512375 0.00533051
2486 0.761969 0.509316 0.00559726
2487 0.761969 0.505359 0.00486671
2488 0.761969 0.514441 0.00612979
2489 0.761969 0.515807 0.00489618
2490 0.761969 0.510936 0.00560868
2491 0.761969 0.516893 0.00526084
2492 0.761969 0.516363 0.00557763
2493 0.761969 0.517619 0.00543785
2494 0.761969 0.510599 0.0052236
2495 0.761969 0.512158 0.00486048
2496 0.761969 0.512871 0.00519027
2497 0.761969 0.52671 0.00545317
2498 0.761969 0.50768 0.00554018
2499 0.761969 0.518547 0.00566765
2500 0.761969 0.514372 0.00652216
2501 0.761969 0.524257 0.0054801
2502 0.761969 0.517611 0.00474646
2503 0.761969 0.518299 0.00515544
2504 0.761969 0.511846 0.00544349
2505 0.761969 0.512644 0.00440902
2506 0.761969 0.517881 0.00460941
2507 0.761969 0.516635 0.00514298
2508 0.761969 0.52029 0.00576593
2509 0.761969 0.524698 0.00522143
2510 0.761969 0.513515 0.00572832
2511 0.761969 0.514358 0.00554874
2512 0.761969 0.508581 0.00656914
2513 0.761969 0.515014 0.00613039
2514 0.761969 0.513232 0.00527706
2515 0.761969 0.50923 0.00578944
2516 0.761969 0.516094 0.00536239
2517 0.761969 0.523111 0.00545791
2518 0.761969 0.523511 0.00540211
2519 0.761969 0.518697 0.00526789
2520 0.761969 0.516577 0.00518073
2521 0.761969 0.513804 0.00538028
2522 0.761969 0.513844 0.00534415
2523 0.761969 0.50827 0.00582265
2524 0.761969 0.503761 0.00557611
2525 0.761969 0.509571 0.0051302
2526 0.761969 0.51357 0.00494493
2527 0.761969 0.511826 0.00527062
2528 0.761969 0.51934 0.00560601
2529 0.761969 0.517542 0.00640774
2530 0.761969 0.518965 0.00588808
2531 0.761969 0.518246 0.00626497
2532 0.761969 0.516981 0.00614593
2533 0.761969 0.519984 0.0051018
2534 0.761969 0.519447 0.0054033
2535 0.761969 0.514123 0.00500052
2536 0.761969 0.514922 0.00495946
2537 0.761969 0.515351 0.00515487
2538 0.761969 0.522065 0.00517818
2539 0.761969 0.515932 0.00537493
2540 0.761969 0.509172 0.0047255
2541 0.761969 0.518352 0.00518522
2542 0.761969 0.514315 0.00593015
2543 0.761969 0.5054 0.00557794
2544 0.761969 0.508531 0.0057046
2545 0.761969 0.509835 0.00569114
2546 0.761969 0.513458 0.00500793
2547 0.761969 0.509619 0.00514036
2548 0.761969 0.523215 0.00496682
2549 0.761969 0.51813 0.00557774
2550 0.761969 0.51552 0.00491763
2551 0.761969 0.513882 0.00493141
2552 0.761969 0.524322 0.00508955
2553 0.761969 0.519337 0.00497074
2554 0.761969 0.515637 0.00490362
2555 0.761969 0.520424 0.00533974
2556 0.761969 0.513048 0.00498725
2557 0.761969 0.502948 0.00542541
2558 0.761969 0.511184 0.00531002
2559 0.761969 0.510721 0.00489873
2560 0.761969 0.506119 0.0051818
2561 0.761969 0.514212 0.00491044
2562 0.761969 0.514758 0.00555054
2563 0.761969 0.501332 0.00532977
2564 0.761969 0.504671 0.00528937
2565 0.761969 0.513528 0.00525757
2566 0.761969 0.513259 0.00495867
2567 0.761969 0.517373 0.00508673
2568 0.761969 0.508561 0.00481416
2569 0.761969 0.518079 0.00523682
2570 0.761969 0.514537 0.00456363
2571 0.761969 0.524131 0.00547409
2572 0.761969 0.511776 0.0055173
2573 0.761969 0.5182 0.00508419
2574 0.761969 0.510928 0.00571806
2575 0.761969 0.516351 0.0051027
2576 0.761969 0.520171 0.0050179
2577 0.761969 0.514068 0.00542577
2578 0.761969 0.510054 0.00545619
2579 0.761969 0.511082 0.00519811
2580 0.761969 0.50962 0.0059252
2581 0.761969 0.510063 0.00534934
2582 0.761969 0.514512 0.0055543
2583 0.761969 0.514377 0.00498261
2584 0.761969 0.524354 0.00528696
2585 0.761969 0.515392 0.00532966
2586 0.761969 0.508307 0.00516703
2587 0.761969 0.519569 0.00433847
2588 0.761969 0.520965 0.00543531
2589 0.761969 0.52343 0.00517119
2590 0.761969 0.514009 0.00521256
2591 0.761969 0.519182 0.00566
2592 0.761969 0.51726 0.00541357
2593 0.761969 0.512565 0.0053682
2594 0.761969 0.509343 0.0057159
2595 0.761969 0.510371 0.00580828
2596 0.761969 0.523917 0.00567096
2597 0.761969 0.510813 0.00595415
2598 0.761969 0.513722 0.00483811
2599 0.761969 0.51349 0.00585827
2600 0.761969 0.510396 0.00591144
2601 0.761969 0.516118 0.00586648
2602 0.761969 0.516103 0.00522106
2603 0.761969 0.505434 0.00521742
2604 0.761969 0.511601 0.0054349
2605 0.761969 0.525086 0.0057504
2606 0.761969 0.516898 0.00583828
2607 0.761969 0.516164 0.00611637
2608 0.761969 0.520345 0.00515209
2609 0.761969 0.517306 0.00559464
2610 0.761969 0.528636 0.00502347
2611 0.761969 0.509676 0.00505273
2612 0.761969 0.519468 0.00457864
2613 0.761969 0.512942 0.00583597
2614 0.761969 0.507585 0.0047854
2615 0.761969 0.517668 0.0047784
2616 0.761969 0.51342 0.00530925
2617 0.761969 0.523826 0.00588604
2618 0.761969 0.516728 0.00493719
2619 0.761969 0.520417 0.00497321
2620 0.761969 0.515556 0.00533478
2621 0.761969 0.511881 0.00576076
2622 0.761969 0.512844 0.00621554
2623 0.761969 0.522902 0.00552909
2624 0.761969 0.511029 0.00582793
2625 0.761969 0.513154 0.00579002
2626 0.761969 0.505512 0.005453
2627 0.761969 0.511281 0.00574038
2628 0.761969 0.510281 0.00558736
2629 0.761969 0.50946 0.00663385
2630 0.761969 0.511684 0.00573482
2631 0.761969 0.511712 0.00625385
2632 0.761969 0.517353 0.00452229
2633 0.761969 0.513519 0.00588888
2634 0.761969 0.510173 0.00522025
2635 0.761969 0.518049 0.00441125
2636 0.761969 0.515138 0.00588982
2637 0.761969 0.510864 0.00578864
2638 0.761969 0.507492 0.00513599
2639 0.761969 0.509877 0.00551632
2640 0.761969 0.514296 0.00496167
2641 0.761969 0.507814 0.00528305
2642 0.761969 0.508932 0.00527501
2643 0.761969 0.512353 0.0049419
2644 0.761969 0.514321 0.00487544
2645 0.761969 0.522586 0.00503618
2646 0.761969 0.508853 0.00555455
2647 0.761969 0.510472 0.0048561
2648 0.761969 0.499013 0.00510668
2649 0.761969 0.515697 0.00508927
2650 0.761969 0.511828 0.00497925
2651 0.761969 0.506815 0.00476167
2652 0.761969 0.520694 0.00523362
2653 0.761969 0.512267 0.00581196
2654 0.761969 0.507351 0.00468477
2655 0.761969 0.513828 0.00456205
2656 0.761969 0.515231 0.00524354
2657 0.761969 0.511105 0.00471115
2658 0.761969 0.512294 0.0052488
2659 0.761969 0.513057 0.00476519
2660 0.761969 0.512186 0.00547206
2661 0.761969 0.510472 0.0050871
2662 0.761969 0.504963 0.00526026
2663 0.761969 0.509578 0.0052173
2664 0.761969 0.51618 0.00478748
2665 0.761969 0.516573 0.00534067
2666 0.761969 0.515984 0.00444516
2667 0.761969 0.514145 0.00428695
2668 0.761969 0.51418 0.00455084
2669 0.761969 0.508624 0.00524977
2670 0.761969 0.50848 0.00514277
2671 0.761969 0.509293 0.00543524
2672 0.761969 0.513823 0.00516294
2673 0.761969 0.508209 0.00516976
2674 0.761969 0.504354 0.00580161
2675 0.761969 0.513403 0.00544726
2676 0.761969 0.505594 0.00518921
2677 0.761969 0.517173 0.00479439
2678 0.761969 0.506638 0.00559504
2679 0.761969 0.529709 0.00596301
2680 0.761969 0.511036 0.00576529
2681 0.761969 0.52062 0.00604923
2682 0.761969 0.515502 0.00542979
2683 0.761969 0.508681 0.00555447
2684 0.761969 0.508769 0.00645187
2685 0.761969 0.513665 0.00566686
2686 0.761969 0.511038 0.00552278
2687 0.761969 0.514021 0.00469646
2688 0.761969 0.518935 0.00541832
2689 0.761969 0.512015 0.00460773
2690 0.761969 0.511402 0.00501229
2691 0.761969 0.512131 0.00522298
2692 0.761969 0.515733 0.0062047
2693 0.761969 0.515532 0.00494174
2694 0.761969 0.513081 0.00541858
2695 0.761969 0.514728 0.00572358
2696 0.761969 0.518764 0.00528585
2697 0.761969 0.519176 0.00553242
2698 0.761969 0.506569 0.00585715
2699 0.761969 0.512414 0.00487804
2700 0.761969 0.516009 0.00484672
2701 0.761969 0.514161 0.0059205
2702 0.761969 0.515919 0.00483123
2703 0.761969 0.508841 0.00458317
2704 0.761969 0.514001 0.00477746
2705 0.761969 0.512547 0.00501024
2706 0.761969 0.516136 0.00487885
2707 0.761969 0.521813 0.00467897
2708 0.761969 0.522183 0.00498068
2709 0.761969 0.512755 0.00477413
2710 0.761969 0.512745 0.00595328
2711 0.761969 0.519264 0.00492362
2712 0.761969 0.506283 0.00477115
2713 0.761969 0.505671 0.0052146
2714 0.761969 0.504609 0.00582144
2715 0.761969 0.513988 0.00558528
2716 0.761969 0.512908 0.004888
2717 0.761969 0.520909 0.00538941
2718 0.761969 0.505458 0.00537466
2719 0.761969 0.506447 0.00544244
2720 0.761969 0.513588 0.00601224
2721 0.761969 0.518462 0.00542889
2722 0.761969 0.507846 0.00576626
2723 0.761969 0.520663 0.00481531
2724 0.761969 0.515297 0.00554281
2725 0.761969 0.514303 0.00530831
2726 0.761969 0.499683 0.00550347
2727 0.761969 0.509342 0.00528756
2728 0.761969 0.518121 0.00569787
2729 0.761969 0.507096 0.00546339
2730 0.761969 0.510051 0.00622381
2731 0.761969 0.504962 0.00621665
2732 0.761969 0.50225 0.00573594
2733 0.761969 0.511923 0.00517621
2734 0.761969 0.515885 0.00510858
2735 0.761969 0.517362 0.00569896
2736 0.761969 0.514156 0.00615074
2737 0.761969 0.510098 0.00566748
2738 0.761969 0.50924 0.00624035
2739 0.761969 0.510559 0.00633624
2740 0.761969 0.51011 0.00527223
2741 0.761969 0.516266 0.00480634
2742 0.761969 0.515012 0.00537883
2743 0.761969 0.507527 0.00529532
2744 0.761969 0.512524 0.00555146
2745 0.761969 0.511908 0.0048111
2746 0.761969 0.510812 0.00484614
2747 0.761969 0.515544 0.00613105
2748 0.761969 0.508321 0.00518367
2749 0.761969 0.515749 0.00472538
2750 0.761969 0.521012 0.00482639
2751 0.761969 0.517365 0.00496238
2752 0.761969 0.509874 0.00561678
2753 0.761969 0.51598 0.00521529
2754 0.761969 0.510247 0.00588544
2755 0.761969 0.505353 0.00617634
2756 0.761969 0.513549 0.00517657
2757 0.761969 0.508133 0.00544088
2758 0.761969 0.506533 0.00515536
2759 0.761969 0.518698 0.00521017
2760 0.761969 0.510693 0.0060378
2761 0.761969 0.505938 0.00689713
2762 0.761969 0.512023 0.00567354
2763 0.761969 0.508034 0.00514321
2764 0.761969 0.515061 0.0055494
2765 0.761969 0.512758 0.00516304
2766 0.761969 0.512571 0.00555409
2767 0.761969 0.510563 0.00558981
2768 0.761969 0.518304 0.00473731
2769 0.761969 0.51028 0.00572984
2770 0.761969 0.513523 0.0044904
2771 0.761969 0.511744 0.00494373
2772 0.761969 0.518892 0.00474943
2773 0.761969 0.517717 0.0051892
2774 0.761969 0.521361 0.00433911
2775 0.761969 0.513052 0.00539193
2776 0.761969 0.512528 0.00508726
2777 0.761969 0.51076 0.00558129
2778 0.761969 0.506954 0.00448966
2779 0.761969 0.516291 0.00473131
2780 0.761969 0.505392 0.00558394
2781 0.761969 0.512137 0.00559959
2782 0.761969 0.509475 0.00504483
2783 0.761969 0.505849 0.00545812
2784 0.761969 0.511601 0.00495144
2785 0.761969 0.512811 0.00482327
2786 0.761969 0.513738 0.0050461
2787 0.761969 0.506708 0.0053654
2788 0.761969 0.51317 0.00499904
2789 0.761969 0.512693 0.00486036
2790 0.761969 0.517913 0.00549039
2791 0.761969 0.512707 0.00572137
2792 0.761969 0.514552 0.00604196
2793 0.761969 0.511417 0.00567161
2794 0.761969 0.515386 0.0057217
2795 0.761969 0.516535 0.00506059
2796 0.761969 0.523679 0.0052505
2797 0.761969 0.510954 0.0059713
2798 0.761969 0.517 0.00524043
2799 0.761969 0.514197 0.00448445
2800 0.761969 0.519254 0.00520559
2801 0.761969 0.51678 0.00539181
2802 0.761969 0.513691 0.0064145
2803 0.761969 0.51859 0.00515835
2804 0.761969 0.514165 0.00556107
2805 0.761969 0.519439 0.00507554
2806 0.761969 0.502563 0.00550106
2807 0.761969 0.525429 0.00397861
2808 0.761969 0.522568 0.00472372
2809 0.761969 0.510007 0.00547914
2810 0.761969 0.522386 0.00432256
2811 0.761969 0.517401 0.00515937
2812 0.761969 0.519581 0.00507441
2813 0.761969 0.524486 0.00527341
2814 0.761969 0.51118 0.00504636
2815 0.761969 0.504761 0.00535282
2816 0.761969 0.5144 0.00480826
2817 0.761969 0.517489 0.00595947
2818 0.761969 0.516256 0.00549721
2819 0.761969 0.516463 0.00445114
2820 0.761969 0.510899 0.00447685
2821 0.761969 0.5177 0.00473469
2822 0.761969 0.520536 0.00478626
2823 0.761969 0.506757 0.00497117
2824 0.761969 0.514852 0.00486198
2825 0.761969 0.514649 0.00409016
2826 0.761969 0.515109 0.00543162
2827 0.761969 0.50395 0.00532377
2828 0.761969 0.513501 0.00468728
2829 0.761969 0.507483 0.0055623
2830 0.761969 0.514837 0.00535396
2831 0.761969 0.515087 0.00629087
2832 0.761969 0.519624 0.00496901
2833 0.761969 0.500637 0.00577322
2834 0.761969 0.507478 0.00464984
2835 0.761969 0.514486 0.00576208
2836 0.761969 0.49673 0.00577801
2837 0.761969 0.50587 0.00486223
2838 0.761969 0.515752 0.00542382
2839 0.761969 0.521654 0.00446231
2840 0.761969 0.519088 0.00505586
2841 0.761969 0.515049 0.0052344
2842 0.761969 0.515068 0.0058471
2843 0.761969 0.525054 0.00476051
2844 0.761969 0.519465 0.00525067
2845 0.761969 0.51953 0.00527104
2846 0.761969 0.517504 0.00566357
2847 0.761969 0.51249 0.00497772
2848 0.761969 0.510869 0.0050599
2849 0.761969 0.517111 0.00519866
2850 0.761969 0.515053 0.00553123
2851 0.761969 0.518025 0.00566216
2852 0.761969 0.515112 0.00538358
2853 0.761969 0.517285 0.00488251
2854 0.761969 0.519208 0.00499887
2855 0.761969 0.50389 0.00511985
2856 0.761969 0.51467 0.00555426
2857 0.761969 0.511493 0.00545053
2858 0.761969 0.515098 0.00554763
2859 0.761969 0.515239 0.00450024
2860 0.761969 0.515324 0.00449472
2861 0.761969 0.512154 0.00495674
2862 0.761969 0.513003 0.00591874
2863 0.761969 0.509733 0.00454067
2864 0.761969 0.510965 0.00526847
2865 0.761969 0.525924 0.00501697
2866 0.761969 0.524155 0.00566756
2867 0.761969 0.517235 0.00511024
2868 0.761969 0.515274 0.00548143
2869 0.761969 0.50915 0.00562323
2870 0.761969 0.518732 0.00584412
2871 0.761969 0.521483 0.00539614
2872 0.761969 0.511916 0.00622166
2873 0.761969 0.515681 0.00516907
2874 0.761969 0.512808 0.00503617
2875 0.761969 0.510322 0.00500479
2876 0.761969 0.507584 0.00600027
2877 0.761969 0.516523 0.00591241
2878 0.761969 0.519979 0.00558803
2879 0.761969 0.522375 0.00522977
2880 0.761969 0.508394 0.00529792
2881 0.761969 0.513689 0.00612251
2882 0.761969 0.515829 0.00472399
2883 0.761969 0.522225 0.00493564
2884 0.761969 0.516913 0.00538874
2885 0.761969 0.515655 0.0057907
2886 0.761969 0.518525 0.00481427
2887 0.761969 0.520241 0.00583399
2888 0.761969 0.516101 0.0057611
2889 0.761969 0.500852 0.00569277
2890 0.761969 0.506971 0.00562865
2891 0.761969 0.516884 0.00524857
2892 0.761969 0.511092 0.00601328
2893 0.761969 0.521737 0.00528217
2894 0.761969 0.515817 0.00469596
2895 0.761969 0.515496 0.00590173
2896 0.761969 0.507641 0.00442324
2897 0.761969 0.514642 0.00519646
2898 0.761969 0.514933 0.00502219
2899 0.761969 0.512825 0.00505784
2900 0.761969 0.513778 0.00502157
2901 0.761969 0.506468 0.00587916
2902 0.761969 0.518937 0.00520695
2903 0.761969 0.512017 0.00519113
2904 0.761969 0.51325 0.00490542
2905 0.761969 0.506132 0.00505062
2906 0.761969 0.508889 0.00542472
2907 0.761969 0.517813 0.00499826
2908 0.761969 0.507097 0.00534964
2909 0.761969 0.512795 0.00477819
2910 0.761969 0.512957 0.00469867
2911 0.761969 0.51996 0.00523673
2912 0.761969 0.514819 0.00510126
2913 0.761969 0.515369 0.00563895
2914 0.761969 0.517035 0.00541818
2915 0.761969 0.508396 0.00499252
2916 0.761969 0.518742 0.00507001
2917 0.761969 0.506955 0.00500293
2918 0.761969 0.51779 0.00483194
2919 0.761969 0.513613 0.00473398
2920 0.761969 0.515684 0.00505218
2921 0.761969 0.517771 0.00488126
2922 0.761969 0.507337 0.00548972
2923 0.761969 0.516769 0.00478883
2924 0.761969 0.512342 0.00576949
2925 0.761969 0.512591 0.00514317
2926 0.761969 0.521519 0.00565652
2927 0.761969 0.513566 0.00555357
2928 0.761969 0.515145 0.00516699
2929 0.761969 0.524895 0.00587572
2930 0.761969 0.514379 0.00526625
2931 0.761969 0.510197 0.00533544
2932 0.761969 0.515918 0.0056265
2933 0.761969 0.525022 0.00410117
2934 0.761969 0.527769 0.00522494
2935 0.761969 0.52164 0.00520019
2936 0.761969 0.516405 0.00465266
2937 0.761969 0.509102 0.00492386
2938 0.761969 0.498677 0.00535931
2939 0.761969 0.520623 0.00530603
2940 0.761969 0.515255 0.00561962
2941 0.761969 0.50824 0.00546111
2942 0.761969 0.512679 0.00524166
2943 0.761969 0.515231 0.00496346
2944 0.761969 0.515959 0.00525218
2945 0.761969 0.510589 0.00576291
2946 0.761969 0.516145 0.00504493
2947 0.761969 0.513978 0.00554549
2948 0.761969 0.515795 0.0051412
2949 0.761969 0.523094 0.00452119
2950 0.761969 0.511419 0.00507766
2951 0.761969 0.513074 0.00568184
2952 0.761969 0.502212 0.00519975
2953 0.761969 0.513499 0.00590358
2954 0.761969 0.526005 0.00454746
2955 0.761969 0.514237 0.00626563
2956 0.761969 0.511302 0.00560858
2957 0.761969 0.51242 0.00486721
2958 0.761969 0.513301 0.00572839
2959 0.761969 0.505512 0.00545229
2960 0.761969 0.506689 0.00532953
2961 0.761969 0.522787 0.00511299
2962 0.761969 0.508339 0.00601845
2963 0.761969 0.51327 0.00507201
2964 0.761969 0.500551 0.00680249
2965 0.761969 0.509466 0.00517569
2966 0.761969 0.515353 0.00596342
2967 0.761969 0.505735 0.00557581
2968 0.761969 0.512746 0.00513664
2969 0.761969 0.518383 0.0061088
2970 0.761969 0.515784 0.00515876
2971 0.761969 0.511551 0.005621
2972 0.761969 0.513607 0.00501862
2973 0.761969 0.515389 0.00529429
2974 0.761969 0.511423 0.00540956
2975 0.761969 0.510215 0.00576821
2976 0.761969 0.503668 0.00577806
2977 0.761969 0.501706 0.00567685
2978 0.761969 0.513211 0.00545506
2979 0.761969 0.522509 0.00649535
2980 0.761969 0.516518 0.00515114
2981 0.761969 0.512562 0.00473158
2982 0.761969 0.519446 0.00583517
2983 0.761969 0.51642 0.00596736
2984 0.761969 0.505098 0.00558176
2985 0.761969 0.501086 0.00539102
2986 0.761969 0.514548 0.00533485
2987 0.761969 0.518073 0.00436076
2988 0.761969 0.514134 0.00512088
2989 0.761969 0.50778 0.00543226
2990 0.761969 0.506315 0.00560683
2991 0.761969 0.508712 0.00512879
2992 0.761969 0.51448 0.00554288
2993 0.761969 0.519623 0.00642898
2994 0.761969 0.519839 0.00630909
2995 0.761969 0.521117 0.00519103
2996 0.761969 0.515859 0.00514989
2997 0.761969 0.519624 0.0063845
2998 0.761969 0.514512 0.00563468
2999 0.761969 0.521099 0.00533847
3000 0.761969 0.517196 0.00578386
