4
1
-50.6358
3.81329
0
-50.6077
2.34779
0
0.167947
0.239959
1
-51.8683
3.72496
0
-52.6837
4.40592
0
1.19912
0.183556
0.433935
0.949334
0.238777
0.655892
0.351292
0.168152
1.26973
0.428711
0.78414
1.84622
1.01198
0.31286
1.35629
1.20997
0.0107803
0.507461
0.623174
0.262826
1.59544
1.50309
1.69952
0.659972
1.48411
0.960169
1.99872
0.976149
0.213111
1.1611
0.0280379
1.06209
1.873
0.804483
0.368269
1.98114
1.20725
0.946657
0.918263
1.48777
0.681033
0.795512
0.931899
1.85571
1.90239
1.86791
0.000406055
1.99975
0.597103
0.903837
0.762255
0.97454
1.14748
1.30182
1.93402
1.74219
0.699325
0.910399
0.343861
0.211278
0.0677076
0.317112
1.50325
1.30044
0.873649
1.02459
1.7906
1.77862
1.39846
0.879434
0.360534
1.67452
0.727658
0.0550992
0.354018
-0.99918
