0 0.562646 0.499398 0.000257545
1 0.602101 0.501118 0.000293593
2 0.602101 0.500183 0.000273266
3 0.602101 0.501041 0.000352216
4 0.602101 0.502603 0.000311582
5 0.602101 0.501348 0.000305455
6 0.602101 0.500389 0.000327565
7 0.602101 0.503266 0.000317356
8 0.602101 0.501201 0.000365136
9 0.602101 0.502812 0.000319582
10 0.602101 0.501707 0.000361051
11 0.602101 0.503542 0.000344692
12 0.602101 0.501641 0.000334679
13 0.602101 0.500003 0.000365751
14 0.602101 0.501373 0.00040829
15 0.602101 0.503108 0.000284079
16 0.602101 0.500848 0.000351927
17 0.602101 0.503241 0.00036761
18 0.602101 0.502799 0.000367368
19 0.602101 0.501432 0.000361292
20 0.602101 0.501659 0.000321926
21 0.602101 0.501813 0.000292912
22 0.602101 0.503347 0.000348072
23 0.602101 0.501829 0.000440235
24 0.602101 0.503548 0.000428137
25 0.602101 0.502538 0.000499958
26 0.602101 0.503797 0.000439333
27 0.602101 0.504729 0.000502373
28 0.688758 0.506333 0.00074665
29 0.688758 0.504276 0.000732785
30 0.688758 0.5045 0.000728782
31 0.688758 0.504333 0.000718521
32 0.688758 0.505042 0.000750557
33 0.688758 0.504537 0.000848528
34 0.688758 0.507287 0.000928815
35 0.688758 0.504692 0.00107976
36 0.688758 0.507507 0.00110082
37 0.688758 0.509042 0.00128012
38 0.688758 0.505595 0.0013529
39 0.688758 0.506497 0.00149976
40 0.688758 0.509146 0.00186461
41 0.688758 0.507212 0.00137079
42 0.688758 0.507138 0.00146032
43 0.688758 0.506242 0.00140825
44 0.688758 0.509345 0.00143757
45 0.688758 0.507819 0.00165146
46 0.688758 0.512107 0.00171956
47 0.688758 0.51216 0.00178878
48 0.688758 0.510113 0.00143186
49 0.688758 0.511032 0.00165525
50 0.688758 0.508441 0.00138388
51 0.688758 0.50873 0.00133415
52 0.688758 0.505319 0.0015948
53 0.688758 0.50809 0.00143649
54 0.688758 0.506677 0.00159684
55 0.688758 0.508112 0.00163655
56 0.688758 0.510098 0.00171318
57 0.688758 0.513333 0.00152293
58 0.688758 0.508476 0.0014964
59 0.688758 0.509863 0.00161804
60 0.688758 0.508697 0.00174599
61 0.688758 0.50524 0.00195204
62 0.688758 0.509287 0.00156867
63 0.688758 0.510493 0.00168076
64 0.688758 0.507302 0.0016933
65 0.688758 0.511196 0.0016898
66 0.688758 0.510064 0.00235755
67 0.688758 0.509446 0.00193605
68 0.688758 0.51024 0.00198548
69 0.688758 0.509624 0.00189554
70 0.688758 0.510501 0.00201018
71 0.688758 0.508583 0.0021771
72 0.688758 0.508592 0.0019878
73 0.688758 0.511875 0.00208329
74 0.688758 0.508559 0.00220221
75 0.689403 0.514161 0.00214706
76 0.689403 0.514356 0.00213053
77 0.689403 0.513917 0.00202278
78 0.689403 0.514904 0.00195857
79 0.689403 0.514298 0.00207017
80 0.689403 0.513291 0.00226228
81 0.689403 0.511041 0.00241296
82 0.689403 0.514479 0.00196517
83 0.689403 0.512669 0.00240073
84 0.689403 0.512638 0.00214009
85 0.689403 0.511369 0.00197923
86 0.689403 0.51145 0.00193066
87 0.689403 0.516075 0.00233838
88 0.689403 0.506188 0.00225175
89 0.695354 0.513791 0.00232571
90 0.695354 0.511917 0.00209774
91 0.695354 0.511071 0.0026072
92 0.695354 0.509602 0.00230613
93 0.695354 0.511371 0.00207707
94 0.695354 0.510593 0.0020634
95 0.695354 0.514961 0.00203144
96 0.695354 0.5132 0.00190683
97 0.695354 0.510141 0.00218849
98 0.695354 0.513359 0.00199081
99 0.695354 0.518174 0.00231491
100 0.695354 0.510872 0.00259177
101 0.695354 0.509986 0.00180721
102 0.695354 0.509888 0.00207473
103 0.695354 0.51169 0.00232818
104 0.695354 0.509668 0.00228045
105 0.695354 0.508306 0.0019684
106 0.695354 0.511667 0.00214936
107 0.695354 0.508433 0.00224168
108 0.695354 0.509738 0.00296707
109 0.695354 0.509622 0.0025625
110 0.695354 0.511961 0.00249619
111 0.695354 0.513458 0.00224209
112 0.695354 0.51031 0.00195772
113 0.695354 0.510489 0.00229687
114 0.695354 0.511148 0.0022852
115 0.695354 0.512502 0.00215886
116 0.695354 0.510445 0.00229224
117 0.695354 0.515322 0.00225095
118 0.695354 0.518495 0.00247406
119 0.695354 0.522097 0.00254593
120 0.695354 0.516662 0.00201964
121 0.695354 0.514096 0.00210209
122 0.695354 0.522873 0.00222705
123 0.695354 0.514789 0.00200185
124 0.695354 0.521 0.00236804
125 0.695354 0.515733 0.00218281
126 0.695354 0.51695 0.0020079
127 0.695354 0.511811 0.0020293
128 0.695354 0.516261 0.00229881
129 0.695354 0.515237 0.00263917
130 0.695354 0.517688 0.0022328
131 0.695354 0.516986 0.00217367
132 0.695354 0.515371 0.0026465
133 0.695354 0.520838 0.00215133
134 0.695354 0.513228 0.002035
135 0.695354 0.519347 0.00239714
136 0.695354 0.514119 0.00190044
137 0.695354 0.515444 0.00266739
138 0.695354 0.513413 0.00227527
139 0.695354 0.523427 0.00194575
140 0.695354 0.517679 0.00232436
141 0.695354 0.516106 0.00216343
142 0.695354 0.518652 0.002283
143 0.695354 0.512001 0.00185072
144 0.695354 0.518338 0.00216096
145 0.695354 0.519333 0.00264093
146 0.695354 0.518194 0.0023276
147 0.695354 0.515113 0.00241128
148 0.695354 0.517491 0.00217943
149 0.695354 0.51886 0.00272089
150 0.695354 0.51324 0.00220032
151 0.695354 0.508935 0.00195802
152 0.695354 0.513856 0.00212458
153 0.695354 0.511831 0.00222346
154 0.695354 0.510668 0.00198345
155 0.695354 0.508736 0.00206394
156 0.695354 0.513141 0.0027202
157 0.695354 0.509019 0.00215328
158 0.695354 0.511706 0.00222086
159 0.695354 0.516428 0.0021522
160 0.695354 0.515449 0.00200008
161 0.695354 0.509931 0.00188858
162 0.695354 0.507345 0.00200983
163 0.695354 0.514312 0.00216271
164 0.695354 0.508762 0.00233417
165 0.695354 0.513092 0.00232649
166 0.695354 0.514531 0.00226469
167 0.695354 0.507299 0.00212164
168 0.695354 0.513561 0.00189648
169 0.695354 0.514646 0.00187202
170 0.695354 0.507128 0.00190402
171 0.695354 0.506732 0.00216087
172 0.719525 0.509703 0.00272855
173 0.719525 0.512131 0.00211018
174 0.719525 0.507512 0.00223565
175 0.719525 0.510531 0.00208092
176 0.719525 0.50454 0.00241717
177 0.719525 0.508617 0.00223034
178 0.719525 0.51467 0.00250001
179 0.719525 0.508834 0.00251017
180 0.719525 0.515353 0.00211479
181 0.719525 0.514499 0.00234297
182 0.719525 0.517339 0.00287254
183 0.719525 0.515763 0.00220958
184 0.719525 0.507826 0.00239237
185 0.719525 0.513666 0.00274836
186 0.719525 0.512208 0.00224
187 0.719525 0.517254 0.00231838
188 0.719525 0.51513 0.00238506
189 0.719525 0.512451 0.00245695
190 0.719525 0.516111 0.00226626
191 0.719525 0.513145 0.00251023
192 0.719525 0.511875 0.00241129
193 0.719525 0.514028 0.00264903
194 0.719525 0.517066 0.00271795
195 0.719525 0.516238 0.00264364
196 0.719525 0.515339 0.00265384
197 0.719525 0.517232 0.00220769
198 0.719525 0.521075 0.00238269
199 0.719525 0.510425 0.00240544
200 0.719525 0.511721 0.0021818
201 0.719525 0.513946 0.002391
202 0.719525 0.516284 0.00231114
203 0.719525 0.517554 0.00257652
204 0.719525 0.511334 0.00217363
205 0.719525 0.518853 0.00264771
206 0.719525 0.516794 0.00280929
207 0.719525 0.5199 0.0021291
208 0.719525 0.504481 0.0027285
209 0.719525 0.510046 0.00242068
210 0.719525 0.519654 0.0026158
211 0.719525 0.517654 0.00237699
212 0.719525 0.51329 0.00262248
213 0.719525 0.510071 0.00222971
214 0.719525 0.509673 0.00256238
215 0.719525 0.508918 0.00267374
216 0.719525 0.519751 0.0021796
217 0.719525 0.509678 0.00260434
218 0.719525 0.512041 0.00235886
219 0.719525 0.507637 0.00233074
220 0.719525 0.51072 0.00280347
221 0.719525 0.514592 0.00294313
222 0.719525 0.511175 0.00300119
223 0.719525 0.511075 0.00312176
224 0.719525 0.518103 0.00313334
225 0.719525 0.51554 0.00256186
226 0.719525 0.511756 0.00267523
227 0.719525 0.515491 0.00287895
228 0.719525 0.51487 0.00266101
229 0.719525 0.516361 0.00268664
230 0.719525 0.515956 0.00321047
231 0.719525 0.51638 0.00231704
232 0.719525 0.516556 0.00288046
233 0.719525 0.514991 0.00281927
234 0.719525 0.512734 0.00271462
235 0.719525 0.508831 0.00257142
236 0.719525 0.513273 0.00235988
237 0.719525 0.52065 0.00273293
238 0.719525 0.520781 0.00318259
239 0.719525 0.509311 0.00284928
240 0.719525 0.518855 0.00311492
241 0.719525 0.522187 0.00288428
242 0.719525 0.521752 0.00278188
243 0.719525 0.517654 0.00260316
244 0.719525 0.516192 0.00228453
245 0.719525 0.517108 0.0031476
246 0.719525 0.510119 0.0024758
247 0.719525 0.514171 0.00246703
248 0.719525 0.513142 0.00226368
249 0.719525 0.512965 0.00227319
250 0.719525 0.512944 0.00221695
251 0.719525 0.513862 0.00235104
252 0.719525 0.510534 0.00259341
253 0.719525 0.51787 0.00259097
254 0.719525 0.514472 0.00274326
255 0.719525 0.513718 0.00275218
256 0.719525 0.512246 0.00253096
257 0.719525 0.506821 0.00243953
258 0.719525 0.510112 0.00221039
259 0.719525 0.511839 0.00273642
260 0.719525 0.51093 0.00241968
261 0.719525 0.514944 0.00231572
262 0.719525 0.514453 0.00248908
263 0.719525 0.51136 0.00294406
264 0.719525 0.516678 0.00258469
265 0.719525 0.514797 0.00301425
266 0.719525 0.517136 0.00263055
267 0.719525 0.513527 0.00263927
268 0.719525 0.512682 0.00270179
269 0.719525 0.51364 0.00292264
270 0.719525 0.516896 0.00249165
271 0.719525 0.51147 0.00284207
272 0.719525 0.515383 0.00283462
273 0.719525 0.51186 0.00283227
274 0.719525 0.51425 0.00274906
275 0.719525 0.518266 0.00300298
276 0.719525 0.514707 0.00309968
277 0.719525 0.516768 0.00327111
278 0.719525 0.515694 0.00297679
279 0.719525 0.51525 0.00257518
280 0.719525 0.516388 0.00299338
281 0.719525 0.511743 0.00246496
282 0.719525 0.514876 0.00328695
283 0.719525 0.513966 0.00309853
284 0.719525 0.515196 0.00289673
285 0.719525 0.517599 0.00277399
286 0.719525 0.516309 0.00296613
287 0.719525 0.515514 0.0026137
288 0.719525 0.518929 0.00274313
289 0.719525 0.512927 0.00270664
290 0.719525 0.517925 0.00256459
291 0.719525 0.513563 0.00250257
292 0.719525 0.511682 0.00269611
293 0.719525 0.513485 0.00232393
294 0.719525 0.511348 0.0028462
295 0.719525 0.511237 0.00285148
296 0.719525 0.512773 0.00250679
297 0.719525 0.513332 0.00319117
298 0.719525 0.515981 0.00297573
299 0.719525 0.512945 0.00272801
300 0.719525 0.518966 0.00279042
301 0.719525 0.514032 0.00259158
302 0.719525 0.512859 0.00266008
303 0.719525 0.512604 0.00280705
304 0.719525 0.514461 0.00284779
305 0.719525 0.514898 0.00278149
306 0.719525 0.515926 0.00288553
307 0.719525 0.511321 0.00341174
308 0.719525 0.516883 0.00318743
309 0.719525 0.512318 0.00285028
310 0.719525 0.508245 0.00327928
311 0.719525 0.50685 0.00278397
312 0.719525 0.514341 0.00307686
313 0.719525 0.50958 0.00245253
314 0.719525 0.514128 0.00309098
315 0.719525 0.515853 0.00246671
316 0.719525 0.515129 0.00294507
317 0.719525 0.514352 0.00243607
318 0.719525 0.524476 0.00259885
319 0.719525 0.518603 0.002489
320 0.719525 0.51311 0.00266484
321 0.719525 0.512946 0.0026993
322 0.719525 0.510461 0.00311509
323 0.719525 0.513195 0.00305859
324 0.719525 0.517329 0.00329572
325 0.719525 0.519341 0.0027368
326 0.719525 0.513516 0.00257644
327 0.719525 0.5134 0.00263149
328 0.719525 0.510867 0.00292787
329 0.719525 0.509425 0.00268137
330 0.719525 0.509009 0.00250971
331 0.719525 0.507183 0.00245232
332 0.719525 0.512655 0.00238706
333 0.719525 0.509886 0.00268001
334 0.719525 0.512593 0.00262197
335 0.719525 0.510238 0.00263202
336 0.719525 0.517721 0.00255393
337 0.719525 0.513202 0.00318481
338 0.719525 0.520265 0.0034776
339 0.719525 0.513272 0.00307578
340 0.719525 0.514766 0.00284807
341 0.719525 0.514591 0.00275408
342 0.719525 0.514769 0.0023688
343 0.719525 0.51494 0.00259272
344 0.719525 0.511721 0.00291996
345 0.719525 0.512899 0.00292871
346 0.719525 0.513579 0.00291909
347 0.719525 0.518256 0.00337895
348 0.719525 0.51631 0.00300851
349 0.719525 0.512649 0.0024736
350 0.719525 0.515012 0.00279153
351 0.719525 0.51572 0.00352979
352 0.719525 0.515298 0.0025747
353 0.719525 0.510871 0.00246336
354 0.719525 0.518514 0.00269289
355 0.719525 0.51048 0.00310228
356 0.719525 0.513699 0.00272991
357 0.719525 0.515466 0.00296302
358 0.719525 0.522691 0.00249088
359 0.719525 0.511318 0.00260262
360 0.719525 0.516639 0.00264149
361 0.719525 0.512619 0.00253318
362 0.719525 0.519665 0.00286784
363 0.719525 0.515684 0.00253097
364 0.719525 0.517115 0.00242394
365 0.719525 0.51562 0.00227116
366 0.719525 0.519728 0.00241211
367 0.719525 0.514885 0.00285784
368 0.719525 0.516158 0.00319886
369 0.719525 0.512009 0.00312263
370 0.719525 0.51315 0.00262591
371 0.719525 0.513991 0.002811
372 0.719525 0.510641 0.00262432
373 0.719525 0.512724 0.00253155
374 0.719525 0.516063 0.00279155
375 0.719525 0.51539 0.0031052
376 0.719525 0.513104 0.00320552
377 0.719525 0.516339 0.00315479
378 0.719525 0.515531 0.00366589
379 0.719525 0.508412 0.00296375
380 0.719525 0.518 0.00366187
381 0.719525 0.516923 0.00308972
382 0.719525 0.512772 0.00281655
383 0.719525 0.514293 0.00352172
384 0.719525 0.506358 0.00281365
385 0.719525 0.510844 0.00261356
386 0.719525 0.510748 0.0026773
387 0.719525 0.513384 0.00256773
388 0.719525 0.508763 0.00260726
389 0.719525 0.514208 0.00300283
390 0.719525 0.515376 0.00265947
391 0.719525 0.513738 0.00303667
392 0.719525 0.51291 0.00281331
393 0.719525 0.509581 0.00277839
394 0.719525 0.509137 0.00256673
395 0.719525 0.508147 0.00260974
396 0.719525 0.513061 0.00280681
397 0.719525 0.511114 0.00293625
398 0.719525 0.510481 0.00295076
399 0.719525 0.517045 0.00309361
400 0.719525 0.51517 0.002712
401 0.719525 0.518154 0.0026813
402 0.719525 0.516946 0.00286537
403 0.719525 0.513069 0.00263201
404 0.719525 0.51191 0.00257134
405 0.719525 0.511856 0.00278924
406 0.719525 0.515812 0.00262105
407 0.719525 0.518671 0.00261879
408 0.719525 0.510973 0.00299505
409 0.719525 0.517106 0.00271
410 0.719525 0.512207 0.0024872
411 0.719525 0.516993 0.00263504
412 0.719525 0.517077 0.00260472
413 0.719525 0.508685 0.0025295
414 0.719525 0.514504 0.00294282
415 0.719525 0.515223 0.00279208
416 0.719525 0.512466 0.00229678
417 0.719525 0.50959 0.00242075
418 0.719525 0.513907 0.00228273
419 0.719525 0.513899 0.00276088
420 0.719525 0.510623 0.00264133
421 0.719525 0.5116 0.00235501
422 0.719525 0.516198 0.00285936
423 0.719525 0.514556 0.00262624
424 0.719525 0.51451 0.00274047
425 0.719525 0.514747 0.00235892
426 0.719525 0.517762 0.00300593
427 0.719525 0.512208 0.00319201
428 0.719525 0.516127 0.0029575
429 0.719525 0.516162 0.00285997
430 0.719525 0.518595 0.00292516
431 0.719525 0.515009 0.00295938
432 0.719525 0.514942 0.00292208
433 0.719525 0.519832 0.00315443
434 0.719525 0.514986 0.00287929
435 0.719525 0.50868 0.00289851
436 0.719525 0.509375 0.00294829
437 0.719525 0.511837 0.00268108
438 0.719525 0.510766 0.00259705
439 0.719525 0.51154 0.00278988
440 0.719525 0.516686 0.00252346
441 0.719525 0.516643 0.00276497
442 0.719525 0.515912 0.00299435
443 0.719525 0.514792 0.00245305
444 0.719525 0.517084 0.00276669
445 0.719525 0.515432 0.00255477
446 0.719525 0.514901 0.0024376
447 0.719525 0.516256 0.00249421
448 0.719525 0.517288 0.00306235
449 0.719525 0.514768 0.00304581
450 0.719525 0.515186 0.00252293
451 0.719525 0.513042 0.00271936
452 0.719525 0.520252 0.00263837
453 0.719525 0.516809 0.00270516
454 0.719525 0.514884 0.00252744
455 0.719525 0.513521 0.00258274
456 0.719525 0.512652 0.0029855
457 0.719525 0.513602 0.00270707
458 0.719525 0.512194 0.00279416
459 0.719525 0.513507 0.00246721
460 0.719525 0.514585 0.00319373
461 0.719525 0.520492 0.00251497
462 0.719525 0.517041 0.00327774
463 0.719525 0.516321 0.00247353
464 0.719525 0.51041 0.00283246
465 0.719525 0.514011 0.00246564
466 0.719525 0.516709 0.00248619
467 0.719525 0.518204 0.00269817
468 0.719525 0.514492 0.00291858
469 0.719525 0.50807 0.0027265
470 0.719525 0.512729 0.00263805
471 0.719525 0.514122 0.00273497
472 0.719525 0.516676 0.00282582
473 0.719525 0.515286 0.00229343
474 0.719525 0.517668 0.00254985
475 0.719525 0.515485 0.00296089
476 0.719525 0.517617 0.00302548
477 0.719525 0.511539 0.00272519
478 0.719525 0.513711 0.00305635
479 0.719525 0.513501 0.00265627
480 0.719525 0.516248 0.00233445
481 0.719525 0.511697 0.00268634
482 0.719525 0.511193 0.00256702
483 0.719525 0.51294 0.00274655
484 0.719525 0.512521 0.00269119
485 0.719525 0.507223 0.00284162
486 0.719525 0.512841 0.00278858
487 0.719525 0.515537 0.00265813
488 0.719525 0.512576 0.00288142
489 0.719525 0.510752 0.00272006
490 0.719525 0.509604 0.00277635
491 0.719525 0.516085 0.00241421
492 0.719525 0.514758 0.00257023
493 0.719525 0.511625 0.00270753
494 0.719525 0.51227 0.00276092
495 0.719525 0.511538 0.00269447
496 0.719525 0.506617 0.00271475
497 0.719525 0.51708 0.00283239
498 0.719525 0.513958 0.00256245
499 0.719525 0.511211 0.0023938
500 0.719525 0.513375 0.00225071
501 0.719525 0.515904 0.00303628
502 0.719525 0.51254 0.00294399
503 0.719525 0.512451 0.00306892
504 0.719525 0.512464 0.00268461
505 0.719525 0.510797 0.0026362
506 0.719525 0.50694 0.00257454
507 0.719525 0.515432 0.00261256
508 0.719525 0.513124 0.00268234
509 0.719525 0.511964 0.00271602
510 0.719525 0.517235 0.00300291
511 0.719525 0.516054 0.00304967
512 0.719525 0.513834 0.00350084
513 0.719525 0.512781 0.00324125
514 0.719704 0.518914 0.00311498
515 0.719704 0.515023 0.00286651
516 0.719704 0.512249 0.00320503
517 0.719704 0.516838 0.00308187
518 0.719704 0.516717 0.00280766
519 0.719704 0.518114 0.00248823
520 0.719704 0.513082 0.0027086
521 0.719704 0.511769 0.00264628
522 0.719704 0.510779 0.00276902
523 0.719704 0.511415 0.00242737
524 0.719704 0.508791 0.00250373
525 0.719704 0.514654 0.00280391
526 0.719704 0.512531 0.00297196
527 0.719704 0.513808 0.00267464
528 0.719704 0.515803 0.00300441
529 0.719704 0.514629 0.0031062
530 0.719704 0.516324 0.00328491
531 0.719704 0.522062 0.00286442
532 0.719704 0.515976 0.0032531
533 0.719704 0.516453 0.00282459
534 0.719704 0.519385 0.00284876
535 0.719704 0.515418 0.00274825
536 0.719704 0.516798 0.00286989
537 0.719704 0.512096 0.00292187
538 0.719704 0.518453 0.00287232
539 0.719704 0.514798 0.00268221
540 0.719704 0.516598 0.00302146
541 0.719704 0.51656 0.00307596
542 0.719704 0.518272 0.00299939
543 0.719704 0.516287 0.00293507
544 0.719704 0.507831 0.00304075
545 0.719704 0.517113 0.00333585
546 0.719704 0.509433 0.003167
547 0.719704 0.51819 0.0026741
548 0.719704 0.515127 0.00289757
549 0.719704 0.511742 0.00285614
550 0.719704 0.51337 0.00265593
551 0.719704 0.514824 0.00320832
552 0.719704 0.509859 0.00254369
553 0.719704 0.51354 0.00285327
554 0.719704 0.507979 0.00271416
555 0.719704 0.512471 0.0024242
556 0.719704 0.514303 0.0031064
557 0.719704 0.513911 0.00281035
558 0.719704 0.518148 0.00269282
559 0.719704 0.519399 0.00327697
560 0.719704 0.514547 0.00307837
561 0.719704 0.511544 0.0028289
562 0.719704 0.510422 0.00313619
563 0.719704 0.514916 0.00309073
564 0.719704 0.516812 0.00284423
565 0.719704 0.515455 0.0027095
566 0.719704 0.513714 0.00252802
567 0.719704 0.517561 0.00288208
568 0.719704 0.51768 0.00281685
569 0.719704 0.51772 0.00293321
570 0.719704 0.514344 0.00301003
571 0.719704 0.516815 0.00294541
572 0.719704 0.514954 0.00281025
573 0.719704 0.514988 0.0025019
574 0.719704 0.514797 0.00263987
575 0.719704 0.517771 0.00283082
576 0.719704 0.516474 0.00333325
577 0.719704 0.516288 0.00316242
578 0.719704 0.515097 0.00293477
579 0.719704 0.519983 0.00300333
580 0.719704 0.513733 0.00277467
581 0.719704 0.514883 0.00267214
582 0.719704 0.517307 0.00288506
583 0.719704 0.518897 0.00303567
584 0.719704 0.515846 0.00259877
585 0.719704 0.516935 0.00280143
586 0.719704 0.514054 0.00284627
587 0.719704 0.515945 0.00268093
588 0.719704 0.512448 0.00302214
589 0.719704 0.51428 0.00237943
590 0.719704 0.512522 0.00266559
591 0.719704 0.515651 0.00243536
592 0.719704 0.514245 0.00285295
593 0.719704 0.513999 0.00266804
594 0.719704 0.516133 0.00243102
595 0.719704 0.513897 0.00243892
596 0.719704 0.516041 0.00275812
597 0.719704 0.517065 0.00276181
598 0.719704 0.513744 0.00279932
599 0.719704 0.516488 0.00294252
600 0.719704 0.510657 0.00281307
601 0.719704 0.518181 0.00269839
602 0.719704 0.516882 0.00314092
603 0.719704 0.519645 0.00326237
604 0.719704 0.512138 0.00253486
605 0.719704 0.515311 0.00276329
606 0.719704 0.509993 0.00288099
607 0.719704 0.513467 0.00244071
608 0.719704 0.511697 0.00252857
609 0.720947 0.514221 0.00340013
610 0.720947 0.51427 0.00316085
611 0.720947 0.514091 0.00271627
612 0.720947 0.514609 0.00300342
613 0.720947 0.515069 0.00270346
614 0.720947 0.513122 0.00265743
615 0.720947 0.511302 0.00255575
616 0.720947 0.515151 0.00287083
617 0.720947 0.518085 0.00324149
618 0.720947 0.517686 0.00256619
619 0.720947 0.512213 0.00250651
620 0.720947 0.517164 0.00222045
621 0.720947 0.515066 0.00237881
622 0.720947 0.514605 0.00237732
623 0.720947 0.519249 0.00272475
624 0.720947 0.5142 0.00266591
625 0.720947 0.512316 0.00278046
626 0.720947 0.515447 0.0028122
627 0.720947 0.518732 0.0024294
628 0.720947 0.518129 0.00263364
629 0.720947 0.514078 0.00229378
630 0.720947 0.514673 0.00221723
631 0.720947 0.513529 0.00251249
632 0.720947 0.511395 0.00258667
633 0.720947 0.513947 0.0024445
634 0.720947 0.51323 0.00216575
635 0.720947 0.519182 0.00273066
636 0.720947 0.517033 0.00234357
637 0.720947 0.51193 0.00260843
638 0.720947 0.516931 0.00240125
639 0.720947 0.516658 0.00289409
640 0.721248 0.514715 0.00319371
641 0.721248 0.515703 0.0027149
642 0.721248 0.517683 0.00279342
643 0.721248 0.512666 0.00277011
644 0.721248 0.516516 0.00260772
645 0.721248 0.514913 0.00251781
646 0.721248 0.513603 0.00323906
647 0.721248 0.515707 0.00252955
648 0.721248 0.516298 0.00271398
649 0.721248 0.51318 0.00260745
650 0.721248 0.519722 0.00266579
651 0.721248 0.517475 0.00278721
652 0.721248 0.516686 0.00304781
653 0.721248 0.516729 0.00275171
654 0.721248 0.516711 0.0032756
655 0.721248 0.513846 0.00313901
656 0.721248 0.514671 0.00337764
657 0.721248 0.518273 0.00299078
658 0.721248 0.51354 0.00282785
659 0.721248 0.518624 0.00270146
660 0.721248 0.519845 0.00272136
661 0.721248 0.513654 0.0031227
662 0.721248 0.519049 0.00324318
663 0.721248 0.516062 0.00274716
664 0.721248 0.519502 0.00321762
665 0.721248 0.514284 0.00285005
666 0.721248 0.51518 0.00310606
667 0.721248 0.516898 0.00293301
668 0.721248 0.515734 0.00310714
669 0.721248 0.516427 0.00284458
670 0.721248 0.514276 0.00277427
671 0.721248 0.519321 0.00276816
672 0.721248 0.518677 0.0027941
673 0.721248 0.519357 0.00297586
674 0.721248 0.520654 0.00320388
675 0.721248 0.511769 0.00275041
676 0.721248 0.519531 0.00285993
677 0.721248 0.519022 0.00251655
678 0.721248 0.519967 0.00304916
679 0.721248 0.512948 0.0026335
680 0.721248 0.519482 0.003352
681 0.721248 0.519487 0.00324665
682 0.721248 0.523791 0.00292219
683 0.721248 0.521891 0.00351106
684 0.721248 0.519998 0.00357378
685 0.721248 0.516367 0.00270346
686 0.721248 0.516444 0.00308637
687 0.721248 0.519766 0.00298185
688 0.721248 0.513361 0.00285749
689 0.721248 0.519922 0.0029932
690 0.721248 0.51634 0.00243213
691 0.721248 0.521906 0.00261647
692 0.721248 0.517327 0.00289969
693 0.721248 0.512785 0.00255813
694 0.721248 0.516871 0.00262095
695 0.721248 0.513787 0.00254612
696 0.721248 0.511389 0.00304039
697 0.721248 0.515146 0.00260566
698 0.721248 0.518921 0.00277834
699 0.721248 0.518851 0.00347568
700 0.721248 0.519565 0.00260758
701 0.721248 0.509705 0.00251123
702 0.721248 0.515531 0.0024579
703 0.721248 0.515472 0.0024514
704 0.721248 0.51143 0.00272038
705 0.721248 0.516011 0.00303867
706 0.721248 0.5177 0.00239874
707 0.721248 0.508914 0.00267389
708 0.721248 0.510418 0.00314091
709 0.721248 0.519316 0.00287979
710 0.721248 0.517815 0.00323577
711 0.721248 0.506057 0.00284512
712 0.721248 0.51032 0.00303602
713 0.721248 0.510464 0.00330202
714 0.721248 0.512004 0.00306777
715 0.721248 0.508457 0.00285507
716 0.721248 0.512598 0.00263288
717 0.721248 0.514667 0.00262293
718 0.721248 0.51346 0.00325728
719 0.721248 0.510081 0.00309984
720 0.721248 0.514373 0.00279028
721 0.721248 0.513319 0.00255908
722 0.721248 0.510209 0.00282571
723 0.721248 0.51623 0.00276898
724 0.721248 0.515739 0.00292243
725 0.721248 0.510219 0.00294535
726 0.721248 0.515314 0.00309097
727 0.721248 0.511762 0.0026478
728 0.721248 0.517397 0.00337046
729 0.721248 0.513748 0.00299201
730 0.721248 0.514387 0.00272796
731 0.721248 0.516796 0.00274607
732 0.721248 0.511624 0.00250849
733 0.721248 0.518183 0.00334067
734 0.721248 0.514663 0.00287069
735 0.721248 0.513315 0.00263852
736 0.721248 0.515562 0.00284135
737 0.721248 0.518169 0.00233823
738 0.721248 0.519822 0.00256477
739 0.721248 0.516 0.00243194
740 0.721248 0.511946 0.00270842
741 0.721248 0.50875 0.00254633
742 0.721248 0.516059 0.0028871
743 0.721248 0.516669 0.00276952
744 0.721248 0.514572 0.0028757
745 0.73048 0.519307 0.00332667
746 0.73048 0.524114 0.00262466
747 0.73048 0.519042 0.00270453
748 0.73048 0.518287 0.00289121
749 0.73048 0.515152 0.00295471
750 0.73048 0.516323 0.00319161
751 0.73048 0.521611 0.00284203
752 0.73048 0.514347 0.00270256
753 0.73048 0.511243 0.00270998
754 0.73048 0.517876 0.00288405
755 0.73048 0.512283 0.00254744
756 0.73048 0.511502 0.0027115
757 0.73048 0.509813 0.00249264
758 0.73048 0.510948 0.00251564
759 0.73048 0.514743 0.00226458
760 0.73048 0.510455 0.00245463
761 0.73048 0.514396 0.00280685
762 0.73048 0.515074 0.00291988
763 0.73048 0.514053 0.0028673
764 0.73048 0.518494 0.00287251
765 0.73048 0.517956 0.00288475
766 0.73048 0.521854 0.00281165
767 0.73048 0.512241 0.00303032
768 0.73048 0.515986 0.00347498
769 0.73048 0.515598 0.00303816
770 0.73048 0.516053 0.00265893
771 0.73048 0.516132 0.00287324
772 0.73048 0.515077 0.00263364
773 0.73048 0.512218 0.00261103
774 0.73048 0.512467 0.00329202
775 0.73048 0.511144 0.0025558
776 0.73048 0.520839 0.00270025
777 0.73048 0.517088 0.00272919
778 0.73048 0.515424 0.00259451
779 0.73048 0.510346 0.00260781
780 0.73048 0.511776 0.00242489
781 0.73048 0.513012 0.00320122
782 0.73048 0.511498 0.00317052
783 0.73048 0.512498 0.00285629
784 0.73048 0.515937 0.00289534
785 0.73048 0.511258 0.00273635
786 0.73048 0.51923 0.00343187
787 0.73048 0.513056 0.00260914
788 0.73048 0.515643 0.0031462
789 0.73048 0.518796 0.00286012
790 0.73048 0.509914 0.00271128
791 0.73048 0.512595 0.00254308
792 0.73048 0.514603 0.00253878
793 0.73048 0.51053 0.00261445
794 0.73048 0.511002 0.00247679
795 0.73048 0.51499 0.00267301
796 0.73048 0.514337 0.00248432
797 0.73048 0.51261 0.00263088
798 0.73048 0.512663 0.00256371
799 0.73048 0.516326 0.00311913
800 0.73048 0.514084 0.00265682
801 0.73048 0.509825 0.00292268
802 0.73048 0.512451 0.00252632
803 0.73048 0.51676 0.00248443
804 0.73048 0.516549 0.00269012
805 0.73048 0.515622 0.00262876
806 0.73048 0.513448 0.00269176
807 0.73048 0.515459 0.00287065
808 0.73048 0.515584 0.00263582
809 0.73048 0.511674 0.00261507
810 0.73048 0.513377 0.00316888
811 0.73048 0.512447 0.00260337
812 0.73048 0.515475 0.00266499
813 0.73048 0.512701 0.00283852
814 0.73048 0.509702 0.00262147
815 0.73048 0.515453 0.00279916
816 0.73048 0.514454 0.0027857
817 0.73048 0.512348 0.00276347
818 0.73048 0.511079 0.00281113
819 0.73048 0.516828 0.00315191
820 0.73048 0.509375 0.00288621
821 0.73048 0.511823 0.00294765
822 0.73048 0.514506 0.00272738
823 0.73048 0.510579 0.00280553
824 0.73048 0.512139 0.0030232
825 0.73048 0.517699 0.00328949
826 0.73048 0.513028 0.00288517
827 0.73048 0.515565 0.00292531
828 0.73048 0.510638 0.00363513
829 0.73048 0.522554 0.00328498
830 0.73048 0.514858 0.00295627
831 0.73048 0.518328 0.00294336
832 0.73048 0.513401 0.00308798
833 0.73048 0.517011 0.0026771
834 0.73048 0.517003 0.00300463
835 0.73048 0.511774 0.00304539
836 0.73048 0.509093 0.00269396
837 0.73048 0.514339 0.00288525
838 0.73048 0.515152 0.00304491
839 0.73048 0.510705 0.00291836
840 0.73048 0.514349 0.00302332
841 0.73048 0.518456 0.00302331
842 0.73048 0.513684 0.00281265
843 0.73048 0.512597 0.00253305
844 0.73048 0.514116 0.00297021
845 0.73048 0.517848 0.00266774
846 0.73048 0.512461 0.00298754
847 0.73048 0.515868 0.0033244
848 0.734043 0.516753 0.00323657
849 0.734043 0.512369 0.00286098
850 0.734043 0.513895 0.0026675
851 0.734043 0.514658 0.00324091
852 0.734043 0.516112 0.00263925
853 0.734043 0.517158 0.00278441
854 0.734043 0.517079 0.00281557
855 0.734043 0.518833 0.00265802
856 0.734043 0.515954 0.00322504
857 0.734043 0.51815 0.00335013
858 0.734043 0.517196 0.00276451
859 0.734043 0.517729 0.00264598
860 0.734043 0.516484 0.00302822
861 0.734043 0.511139 0.00285642
862 0.734043 0.517842 0.00276585
863 0.734043 0.511534 0.00250254
864 0.734043 0.519071 0.00323383
865 0.734043 0.513407 0.00286924
866 0.734043 0.514236 0.00314386
867 0.734043 0.51254 0.00292609
868 0.734043 0.515089 0.00283966
869 0.734043 0.511821 0.00300712
870 0.734043 0.515656 0.00280286
871 0.734043 0.514258 0.00290751
872 0.734043 0.515872 0.00261917
873 0.734043 0.512952 0.00263405
874 0.734043 0.514127 0.0026294
875 0.734043 0.518282 0.00273968
876 0.734043 0.516569 0.00249541
877 0.734043 0.514452 0.0025009
878 0.734043 0.51884 0.0027646
879 0.734043 0.513494 0.00327977
880 0.734043 0.52048 0.00294762
881 0.734043 0.517362 0.00287451
882 0.734043 0.518675 0.00263639
883 0.734043 0.516424 0.00302754
884 0.734043 0.51796 0.00271046
885 0.734043 0.514733 0.00286586
886 0.734043 0.514586 0.00291659
887 0.734043 0.513961 0.002827
888 0.734043 0.522033 0.00306785
889 0.734043 0.513481 0.00279699
890 0.734043 0.511207 0.00347408
891 0.734043 0.514263 0.00300631
892 0.734043 0.511307 0.00287547
893 0.734043 0.51466 0.00258284
894 0.734043 0.516168 0.00277655
895 0.734043 0.514094 0.00315633
896 0.734043 0.516238 0.00322858
897 0.734043 0.517831 0.00282483
898 0.734043 0.517105 0.00290399
899 0.734043 0.520233 0.00317546
900 0.734043 0.510059 0.00278205
901 0.734043 0.510934 0.00267464
902 0.734043 0.509034 0.00277094
903 0.734043 0.51412 0.00268142
904 0.734043 0.51551 0.00266491
905 0.734043 0.517544 0.00324904
906 0.734043 0.51271 0.00302323
907 0.734043 0.519627 0.00295642
908 0.734043 0.515242 0.00313044
909 0.734043 0.51142 0.00332721
910 0.734043 0.514623 0.0031254
911 0.734043 0.515935 0.00284532
912 0.734043 0.516575 0.00310373
913 0.734043 0.515545 0.00307879
914 0.734043 0.51652 0.00368619
915 0.734043 0.512276 0.0031732
916 0.734043 0.513912 0.00312467
917 0.734043 0.512055 0.00378493
918 0.734043 0.516962 0.00383125
919 0.734043 0.518817 0.00318356
920 0.734043 0.51883 0.00360688
921 0.734043 0.520622 0.00280141
922 0.734043 0.516939 0.00296536
923 0.734043 0.512602 0.00303973
924 0.734043 0.511747 0.00294542
925 0.734043 0.50979 0.00344638
926 0.734043 0.512041 0.0032219
927 0.734043 0.517866 0.00294281
928 0.734043 0.516425 0.00297832
929 0.734043 0.516937 0.00329105
930 0.734043 0.518889 0.00314455
931 0.734043 0.516322 0.00288532
932 0.734043 0.514454 0.00267716
933 0.734043 0.515771 0.00292679
934 0.734043 0.519494 0.00329277
935 0.734043 0.51011 0.00280537
936 0.734043 0.517877 0.00271677
937 0.734043 0.514711 0.00294648
938 0.734043 0.51621 0.00332632
939 0.734043 0.521663 0.00321088
940 0.734043 0.51593 0.00294989
941 0.734043 0.511897 0.00271399
942 0.734043 0.515254 0.00276642
943 0.734043 0.509296 0.00294497
944 0.734043 0.515734 0.00299763
945 0.734043 0.514646 0.00315681
946 0.734043 0.512601 0.0029096
947 0.734043 0.512757 0.00269275
948 0.734043 0.509686 0.00284846
949 0.734043 0.511365 0.00277619
950 0.734043 0.517302 0.00256983
951 0.734043 0.515992 0.00280105
952 0.734043 0.514246 0.00301112
953 0.734043 0.515727 0.00302339
954 0.734043 0.513711 0.00261569
955 0.734043 0.51634 0.00345746
956 0.734043 0.513295 0.00327439
957 0.734043 0.515641 0.00268173
958 0.734043 0.516618 0.00293981
959 0.734043 0.514931 0.00280053
960 0.734043 0.512547 0.00294594
961 0.734043 0.512874 0.00254015
962 0.734043 0.516752 0.00320269
963 0.734043 0.512951 0.00275424
964 0.734043 0.514012 0.00259872
965 0.734043 0.51594 0.00327414
966 0.742032 0.516554 0.00352883
967 0.742032 0.511347 0.00299747
968 0.742032 0.518064 0.0034015
969 0.742032 0.515786 0.00321334
970 0.742032 0.515043 0.00306019
971 0.742032 0.525154 0.00287006
972 0.742032 0.521448 0.00316529
973 0.742032 0.520664 0.00273296
974 0.742032 0.523187 0.00298101
975 0.742032 0.518761 0.00302012
976 0.742032 0.518632 0.00313295
977 0.742032 0.520675 0.00337744
978 0.742032 0.520768 0.00334909
979 0.742032 0.5186 0.00309463
980 0.742032 0.515441 0.00278832
981 0.742032 0.515617 0.00280492
982 0.742032 0.512842 0.00283631
983 0.742032 0.517472 0.00268962
984 0.742032 0.513015 0.0032682
985 0.742032 0.517045 0.00325125
986 0.742032 0.522859 0.00375287
987 0.742032 0.515923 0.0029357
988 0.742032 0.512035 0.00298492
989 0.742032 0.522763 0.00354263
990 0.742032 0.517351 0.00283415
991 0.742032 0.521134 0.00320159
992 0.742032 0.512688 0.00292108
993 0.742032 0.518634 0.00298565
994 0.742032 0.510094 0.00291259
995 0.742032 0.516358 0.00292943
996 0.742032 0.518063 0.00281707
997 0.742032 0.516499 0.00261217
998 0.742032 0.520366 0.00330424
999 0.742032 0.513708 0.00294708
1000 0.742032 0.516759 0.00301874
1001 0.742032 0.514396 0.0028274
1002 0.742032 0.519648 0.00261451
1003 0.742032 0.518308 0.00268946
1004 0.742032 0.514913 0.00280466
1005 0.742032 0.516759 0.0028804
1006 0.742032 0.51577 0.00335105
1007 0.742032 0.520056 0.00357154
1008 0.742032 0.516051 0.0027904
1009 0.742032 0.515519 0.0028684
1010 0.742032 0.512827 0.00359238
1011 0.742032 0.516584 0.002855
1012 0.742032 0.517158 0.00271615
1013 0.742032 0.519921 0.00313985
1014 0.742032 0.513097 0.00351793
1015 0.742032 0.521603 0.00329176
1016 0.742032 0.52884 0.00360265
1017 0.742032 0.5184 0.00301141
1018 0.742032 0.520599 0.00286068
1019 0.742032 0.515492 0.00344799
1020 0.742032 0.516339 0.0029415
1021 0.742032 0.514485 0.00315594
1022 0.742032 0.522086 0.0036576
1023 0.742032 0.515325 0.00360682
1024 0.742032 0.512853 0.00308784
1025 0.742032 0.51203 0.0030499
1026 0.742032 0.515101 0.00347082
1027 0.742032 0.515449 0.00288119
1028 0.742032 0.518675 0.00340995
1029 0.742032 0.517541 0.00309606
1030 0.742032 0.516569 0.00301486
1031 0.742032 0.514376 0.00307176
1032 0.742032 0.514238 0.00314283
1033 0.742032 0.517276 0.00303421
1034 0.742032 0.521013 0.0037863
1035 0.742032 0.51383 0.00315553
1036 0.742032 0.517245 0.00314799
1037 0.742032 0.52226 0.00300725
1038 0.742032 0.518659 0.00311631
1039 0.742032 0.514665 0.00332691
1040 0.742032 0.512422 0.00329253
1041 0.742032 0.51269 0.00293311
1042 0.742032 0.507556 0.0030471
1043 0.742032 0.508056 0.00317903
1044 0.742032 0.513646 0.00356789
1045 0.742032 0.514807 0.00302804
1046 0.742032 0.515641 0.00326341
1047 0.742032 0.513672 0.00328461
1048 0.742032 0.51568 0.00308068
1049 0.742032 0.514737 0.0030147
1050 0.742032 0.517813 0.00325844
1051 0.742032 0.513319 0.0028936
1052 0.742032 0.518367 0.00277587
1053 0.742032 0.516591 0.00330979
1054 0.742032 0.51718 0.00326084
1055 0.742032 0.512354 0.00329272
1056 0.742032 0.5139 0.00320079
1057 0.742032 0.513226 0.00283174
1058 0.742032 0.518883 0.00367759
1059 0.742032 0.516154 0.00339029
1060 0.742032 0.518938 0.00308596
1061 0.742032 0.520169 0.0032562
1062 0.742032 0.521357 0.00379234
1063 0.742032 0.518643 0.00358311
1064 0.742032 0.51284 0.00321329
1065 0.742032 0.516851 0.00290052
1066 0.742032 0.517318 0.00298438
1067 0.742032 0.515592 0.00307202
1068 0.742032 0.513311 0.00286077
1069 0.742032 0.512871 0.00388071
1070 0.742032 0.516274 0.0030963
1071 0.742032 0.51032 0.00335806
1072 0.742032 0.509814 0.00306644
1073 0.742032 0.518425 0.00356305
1074 0.742032 0.514214 0.00317102
1075 0.742032 0.515997 0.00359514
1076 0.742032 0.516657 0.00296186
1077 0.742032 0.512471 0.00306872
1078 0.742032 0.513755 0.00304839
1079 0.742032 0.51746 0.00291172
1080 0.742032 0.517847 0.0033591
1081 0.742032 0.517293 0.00344433
1082 0.742032 0.511605 0.00321441
1083 0.742032 0.514359 0.00311807
1084 0.742032 0.523451 0.00302284
1085 0.742032 0.520858 0.00302409
1086 0.742032 0.521546 0.00284359
1087 0.742032 0.519039 0.00290308
1088 0.742032 0.511149 0.00311623
1089 0.742032 0.513535 0.00308115
1090 0.742032 0.516341 0.00317733
1091 0.742032 0.512301 0.00306559
1092 0.742032 0.517947 0.00322021
1093 0.742032 0.521111 0.00370163
1094 0.742032 0.517272 0.00288322
1095 0.742032 0.517931 0.00299516
1096 0.742032 0.518095 0.00334239
1097 0.742032 0.518306 0.00312925
1098 0.742032 0.517132 0.00346599
1099 0.742032 0.518711 0.00299217
1100 0.742032 0.520031 0.00281407
1101 0.742032 0.516107 0.00374007
1102 0.742032 0.520942 0.00295897
1103 0.742032 0.516817 0.00295082
1104 0.742032 0.512354 0.00305878
1105 0.742032 0.51657 0.00283851
1106 0.742032 0.513856 0.00276715
1107 0.742032 0.51656 0.00304257
1108 0.742032 0.510984 0.00290982
1109 0.742032 0.515244 0.00322819
1110 0.742032 0.51369 0.0028744
1111 0.742032 0.51605 0.0029002
1112 0.742032 0.519178 0.00279908
1113 0.742032 0.523194 0.00273366
1114 0.742032 0.51699 0.00307469
1115 0.742032 0.518244 0.00296329
1116 0.742032 0.516762 0.00324206
1117 0.742032 0.513771 0.00279966
1118 0.742032 0.519787 0.00286518
1119 0.742032 0.516671 0.00348951
1120 0.742032 0.511601 0.00318929
1121 0.742032 0.517569 0.0031768
1122 0.742032 0.520385 0.00321049
1123 0.742032 0.518609 0.0027186
1124 0.742032 0.516946 0.00302569
1125 0.742032 0.517243 0.00360801
1126 0.742032 0.520491 0.00291844
1127 0.742032 0.518223 0.0029779
1128 0.742032 0.520097 0.00303628
1129 0.742032 0.514308 0.00285745
1130 0.742032 0.514813 0.00298007
1131 0.742032 0.517077 0.00347223
1132 0.742032 0.51685 0.00313361
1133 0.742032 0.51498 0.00304814
1134 0.742032 0.516014 0.00314629
1135 0.742032 0.524002 0.00339092
1136 0.742032 0.516022 0.00273524
1137 0.742032 0.516094 0.00266464
1138 0.742032 0.521205 0.00342378
1139 0.742032 0.517736 0.00357806
1140 0.742032 0.520458 0.00323169
1141 0.742032 0.517433 0.00330917
1142 0.742032 0.523736 0.0036172
1143 0.742032 0.51767 0.00407247
1144 0.742032 0.518446 0.00354274
1145 0.742032 0.518954 0.0033918
1146 0.742032 0.524178 0.0033518
1147 0.742032 0.516592 0.00292937
1148 0.742032 0.514794 0.0031949
1149 0.742032 0.517737 0.00277105
1150 0.742032 0.51525 0.00302262
1151 0.742032 0.513437 0.00320066
1152 0.742032 0.515795 0.00310373
1153 0.742032 0.516856 0.00312987
1154 0.742032 0.516489 0.0032942
1155 0.742032 0.514211 0.00298205
1156 0.742032 0.517637 0.00364816
1157 0.742032 0.514311 0.00283991
1158 0.742032 0.518969 0.00295753
1159 0.742032 0.516991 0.00297905
1160 0.742032 0.513178 0.0029142
1161 0.742032 0.514226 0.00282237
1162 0.742032 0.518327 0.00352636
1163 0.742032 0.518871 0.00329728
1164 0.742032 0.518954 0.0031687
1165 0.742032 0.512094 0.00292675
1166 0.742032 0.508504 0.00284729
1167 0.742032 0.512005 0.00323166
1168 0.742032 0.518262 0.00360833
1169 0.742032 0.513467 0.00293429
1170 0.742032 0.512669 0.00333142
1171 0.742032 0.508251 0.00325517
1172 0.742032 0.511242 0.00322582
1173 0.742032 0.509968 0.00331242
1174 0.742032 0.515156 0.00284266
1175 0.742032 0.51157 0.00327984
1176 0.742032 0.515941 0.0031386
1177 0.742032 0.512528 0.00266074
1178 0.742032 0.515325 0.00315894
1179 0.742032 0.513315 0.00300225
1180 0.742032 0.51721 0.00317105
1181 0.742032 0.515877 0.00348986
1182 0.742032 0.517334 0.00301372
1183 0.742032 0.512119 0.00324455
1184 0.742032 0.515287 0.00308152
1185 0.742032 0.516505 0.00403511
1186 0.742032 0.513186 0.00327288
1187 0.742032 0.515213 0.00307074
1188 0.742032 0.520211 0.00324717
1189 0.742032 0.514339 0.00328735
1190 0.742032 0.510175 0.00344883
1191 0.742032 0.517121 0.00383176
1192 0.742032 0.506279 0.00330739
1193 0.742032 0.518448 0.00291402
1194 0.742032 0.516684 0.00336071
1195 0.742032 0.514846 0.00344424
1196 0.742032 0.516049 0.0033489
1197 0.742032 0.518348 0.00318868
1198 0.742032 0.511987 0.00305164
1199 0.742032 0.513729 0.00378441
1200 0.742032 0.511613 0.00290174
1201 0.742032 0.513383 0.00315103
1202 0.742032 0.516277 0.00293231
1203 0.742032 0.515767 0.00298019
1204 0.742032 0.51719 0.00295663
1205 0.742032 0.512236 0.00310071
1206 0.742032 0.51032 0.0030594
1207 0.742032 0.508025 0.00336219
1208 0.742032 0.517558 0.00380135
1209 0.742032 0.514918 0.00354553
1210 0.742032 0.513102 0.00323496
1211 0.742032 0.517061 0.00351003
1212 0.742032 0.514135 0.00287488
1213 0.742032 0.510797 0.00305798
1214 0.742032 0.512892 0.00326349
1215 0.742032 0.514139 0.00313895
1216 0.742032 0.511241 0.00316979
1217 0.742032 0.512324 0.00284259
1218 0.742032 0.511853 0.00274277
1219 0.742032 0.510984 0.0029575
1220 0.742032 0.513598 0.00285253
1221 0.742032 0.51506 0.00314163
1222 0.742032 0.510437 0.00288156
1223 0.742032 0.516637 0.00289823
1224 0.742032 0.512736 0.00310436
1225 0.742032 0.514565 0.00332002
1226 0.742032 0.517311 0.00310186
1227 0.742032 0.511437 0.00332684
1228 0.742032 0.515258 0.003415
1229 0.742032 0.516041 0.00350199
1230 0.742032 0.51659 0.00347775
1231 0.742032 0.521825 0.00394227
1232 0.742032 0.516486 0.00339226
1233 0.742032 0.521896 0.00306441
1234 0.742032 0.520781 0.00311108
1235 0.742032 0.51771 0.0030921
1236 0.742032 0.516537 0.00282899
1237 0.742032 0.514633 0.00304574
1238 0.742032 0.51654 0.00299764
1239 0.742032 0.51564 0.00300461
1240 0.742032 0.513845 0.00301354
1241 0.742032 0.514662 0.00275629
1242 0.742032 0.512547 0.00282304
1243 0.742032 0.518098 0.00289042
1244 0.742032 0.513181 0.00292697
1245 0.742032 0.51547 0.00270152
1246 0.742032 0.514676 0.00273793
1247 0.742032 0.516005 0.0027736
1248 0.742032 0.514002 0.00297909
1249 0.742032 0.516299 0.00302286
1250 0.742032 0.510147 0.0030557
1251 0.742032 0.511716 0.0032637
1252 0.742032 0.5146 0.00366622
1253 0.742032 0.517774 0.00280159
1254 0.742032 0.514504 0.00290932
1255 0.742032 0.517794 0.00343637
1256 0.742032 0.513898 0.00354213
1257 0.742032 0.511634 0.00325556
1258 0.742032 0.512146 0.00335386
1259 0.742032 0.513283 0.00268467
1260 0.742032 0.511566 0.0032336
1261 0.742032 0.511362 0.00333116
1262 0.742032 0.510714 0.00308465
1263 0.742032 0.51694 0.0030674
1264 0.742032 0.518277 0.00310093
1265 0.742032 0.517822 0.0029565
1266 0.742032 0.516992 0.0031587
1267 0.742032 0.521717 0.00370857
1268 0.742032 0.514449 0.00301995
1269 0.742032 0.515038 0.00307015
1270 0.742032 0.511331 0.00314316
1271 0.742032 0.51323 0.00296104
1272 0.742032 0.515006 0.00269967
1273 0.742032 0.514703 0.00320058
1274 0.742032 0.513087 0.00320098
1275 0.742032 0.515915 0.0030072
1276 0.742032 0.514425 0.0026458
1277 0.742032 0.517398 0.00317477
1278 0.742032 0.513231 0.00290117
1279 0.742032 0.513532 0.00349999
1280 0.742032 0.511385 0.00336799
1281 0.742032 0.512864 0.00283999
1282 0.742032 0.51197 0.00291105
1283 0.742032 0.512883 0.00334431
1284 0.742032 0.516644 0.00303551
1285 0.742032 0.517777 0.00267827
1286 0.742032 0.513986 0.00274659
1287 0.742032 0.51465 0.00295401
1288 0.742032 0.515974 0.00315809
1289 0.742032 0.515902 0.00274853
1290 0.742032 0.51467 0.00269557
1291 0.742032 0.522717 0.00271042
1292 0.742032 0.518138 0.00291256
1293 0.742032 0.52346 0.00331269
1294 0.742032 0.518022 0.00282372
1295 0.742032 0.516424 0.00294157
1296 0.742032 0.516317 0.00283232
1297 0.742032 0.512685 0.0028495
1298 0.742032 0.513526 0.00305837
1299 0.742032 0.513531 0.00309627
1300 0.742032 0.517608 0.00273216
1301 0.742032 0.518556 0.00332822
1302 0.742032 0.511836 0.00300671
1303 0.742032 0.51603 0.00322136
1304 0.742032 0.51469 0.00315229
1305 0.742032 0.513904 0.00302173
1306 0.742032 0.515716 0.00283776
1307 0.742032 0.517733 0.00308104
1308 0.742032 0.516109 0.00281206
1309 0.742032 0.520642 0.00384644
1310 0.742032 0.518954 0.00339992
1311 0.742032 0.516872 0.00290296
1312 0.742032 0.52254 0.00303804
1313 0.742032 0.514816 0.00289441
1314 0.742032 0.518412 0.0032547
1315 0.742032 0.52391 0.00395716
1316 0.742032 0.517804 0.00344166
1317 0.742032 0.522047 0.00387686
1318 0.742032 0.513092 0.00306445
1319 0.742032 0.512636 0.00307899
1320 0.742032 0.514377 0.0029706
1321 0.742032 0.509575 0.00314301
1322 0.742032 0.514459 0.00337302
1323 0.742032 0.517876 0.00270376
1324 0.742032 0.515628 0.00282537
1325 0.742032 0.512049 0.00321306
1326 0.742032 0.512466 0.0032149
1327 0.742032 0.513019 0.00293084
1328 0.742032 0.518614 0.00351845
1329 0.742032 0.518719 0.00301674
1330 0.742032 0.520603 0.0027719
1331 0.742032 0.519296 0.00293429
1332 0.742032 0.517836 0.00308394
1333 0.742032 0.519537 0.00331616
1334 0.742032 0.513114 0.00329916
1335 0.742032 0.515398 0.00296957
1336 0.742032 0.51747 0.0034196
1337 0.742032 0.518146 0.00314483
1338 0.742032 0.516618 0.00375924
1339 0.742032 0.510458 0.00347195
1340 0.742032 0.514052 0.00344768
1341 0.742032 0.515024 0.00318023
1342 0.742032 0.516649 0.0033256
1343 0.742032 0.518308 0.00348181
1344 0.742032 0.510645 0.00325945
1345 0.742032 0.524675 0.00327947
1346 0.742032 0.521367 0.0034745
1347 0.742032 0.514202 0.00386696
1348 0.745659 0.515376 0.00364824
1349 0.745659 0.514227 0.00323642
1350 0.745659 0.510797 0.00308046
1351 0.745659 0.513276 0.00348446
1352 0.745659 0.51452 0.00367065
1353 0.745659 0.519817 0.00304085
1354 0.745659 0.515498 0.00300585
1355 0.745659 0.519119 0.00319255
1356 0.745659 0.521792 0.00293873
1357 0.745659 0.515045 0.00324729
1358 0.745659 0.514292 0.00351447
1359 0.745659 0.516534 0.00341865
1360 0.745659 0.517787 0.00330225
1361 0.745659 0.515616 0.00303265
1362 0.745659 0.51099 0.00295165
1363 0.745659 0.513642 0.00337547
1364 0.745659 0.513976 0.00365982
1365 0.745659 0.513348 0.00343474
1366 0.745659 0.514391 0.0035711
1367 0.745659 0.512054 0.00296597
1368 0.745659 0.51939 0.00366528
1369 0.745659 0.513449 0.00304013
1370 0.745659 0.50821 0.00344098
1371 0.745659 0.512834 0.00315997
1372 0.745659 0.510499 0.00319962
1373 0.745659 0.512694 0.00303984
1374 0.745659 0.51061 0.00318855
1375 0.745659 0.513658 0.00348331
1376 0.745659 0.518041 0.00303664
1377 0.745659 0.51305 0.00334633
1378 0.745659 0.513988 0.0033195
1379 0.745659 0.513643 0.00346071
1380 0.745659 0.514989 0.00307785
1381 0.745659 0.515471 0.00333463
1382 0.745659 0.511132 0.00334224
1383 0.745659 0.51397 0.00365365
1384 0.745659 0.517271 0.00339028
1385 0.745659 0.515652 0.00304997
1386 0.745659 0.520255 0.00340987
1387 0.745659 0.52005 0.00339173
1388 0.745659 0.518492 0.00290501
1389 0.745659 0.518775 0.00352454
1390 0.745659 0.519539 0.00322879
1391 0.745659 0.511914 0.00316387
1392 0.745659 0.517473 0.00306117
1393 0.745659 0.515291 0.00365793
1394 0.745659 0.513501 0.00369632
1395 0.745659 0.513241 0.00327153
1396 0.745659 0.510423 0.00300404
1397 0.745659 0.510683 0.00296458
1398 0.745659 0.509973 0.00319152
1399 0.745659 0.508736 0.00294085
1400 0.745659 0.508002 0.00324184
1401 0.745659 0.516581 0.00356546
1402 0.745659 0.514072 0.00310016
1403 0.745659 0.51198 0.00331205
1404 0.745659 0.511788 0.00301204
1405 0.745659 0.515731 0.00314304
1406 0.745659 0.518802 0.00284154
1407 0.745659 0.507623 0.00294164
1408 0.745659 0.51158 0.00306512
1409 0.745659 0.515752 0.00299892
1410 0.745659 0.51671 0.00303262
1411 0.745659 0.516874 0.00307624
1412 0.745659 0.514984 0.00352309
1413 0.745659 0.517047 0.00322728
1414 0.745659 0.513602 0.00345282
1415 0.745659 0.511021 0.00366568
1416 0.745659 0.51736 0.00337153
1417 0.745659 0.513284 0.00287068
1418 0.745659 0.517285 0.00338158
1419 0.745659 0.515383 0.00288813
1420 0.745659 0.51791 0.00290718
1421 0.745659 0.515662 0.00278864
1422 0.745659 0.515558 0.00294141
1423 0.745659 0.517116 0.00279704
1424 0.745659 0.51665 0.00285546
1425 0.745659 0.515853 0.00325581
1426 0.745659 0.517029 0.00330174
1427 0.745659 0.517202 0.00289818
1428 0.745659 0.521091 0.00329785
1429 0.745659 0.518169 0.00311881
1430 0.745659 0.516479 0.00327706
1431 0.745659 0.516469 0.00275938
1432 0.745659 0.517922 0.00364059
1433 0.745659 0.526542 0.00360006
1434 0.745659 0.523989 0.00323635
1435 0.745659 0.51361 0.00362123
1436 0.745659 0.518855 0.00371623
1437 0.745659 0.515667 0.00344587
1438 0.745659 0.516932 0.00367028
1439 0.745659 0.517473 0.00349056
1440 0.745659 0.514272 0.00331376
1441 0.745659 0.522612 0.00319143
1442 0.745659 0.52833 0.00366796
1443 0.745659 0.51954 0.00336959
1444 0.745659 0.517248 0.00314383
1445 0.745659 0.521548 0.00327146
1446 0.745659 0.515411 0.0031277
1447 0.745659 0.51427 0.00357004
1448 0.745659 0.512682 0.00326645
1449 0.745659 0.515418 0.00351234
1450 0.745659 0.513993 0.0031663
1451 0.745659 0.5165 0.00348421
1452 0.745659 0.516459 0.00352795
1453 0.745659 0.523187 0.00383046
1454 0.745659 0.515521 0.0032702
1455 0.745659 0.515562 0.00353031
1456 0.745659 0.51283 0.00310557
1457 0.745659 0.515612 0.00304871
1458 0.745659 0.514516 0.00361755
1459 0.745659 0.5176 0.00319445
1460 0.745659 0.517715 0.00273396
1461 0.745659 0.517246 0.00321231
1462 0.74566 0.517318 0.00342926
1463 0.74566 0.516827 0.00328551
1464 0.74566 0.521902 0.00331315
1465 0.74566 0.518586 0.00348331
1466 0.74566 0.515247 0.00312732
1467 0.74566 0.518262 0.00320655
1468 0.74566 0.519003 0.00311418
1469 0.74566 0.516077 0.00315842
1470 0.74566 0.51443 0.00286015
1471 0.74566 0.517685 0.00331069
1472 0.74566 0.517782 0.00288229
1473 0.74566 0.521254 0.00297505
1474 0.74566 0.518229 0.00279792
1475 0.74566 0.515649 0.00327938
1476 0.74566 0.515926 0.00352244
1477 0.74566 0.51979 0.00308265
1478 0.74566 0.509703 0.00306581
1479 0.74566 0.514762 0.00295172
1480 0.74566 0.516184 0.00297971
1481 0.74566 0.515608 0.00275877
1482 0.74566 0.51476 0.00319936
1483 0.74566 0.512933 0.00325571
1484 0.74566 0.517163 0.00350655
1485 0.74566 0.517588 0.00327914
1486 0.74566 0.516869 0.00305102
1487 0.74566 0.517762 0.00354846
1488 0.74566 0.513716 0.00315276
1489 0.74566 0.518626 0.00333805
1490 0.74566 0.518104 0.00323481
1491 0.74566 0.520628 0.00346875
1492 0.74566 0.519602 0.00385605
1493 0.74566 0.515956 0.00304581
1494 0.74566 0.518705 0.00328647
1495 0.74566 0.515594 0.00319497
1496 0.74566 0.519627 0.00321931
1497 0.74566 0.516278 0.00306465
1498 0.74566 0.51401 0.00321367
1499 0.74566 0.516118 0.00294962
1500 0.74566 0.513057 0.00340653
1501 0.74566 0.51607 0.00364836
1502 0.74566 0.517592 0.00287488
1503 0.74566 0.509147 0.00344378
1504 0.74566 0.515402 0.00354413
1505 0.74566 0.516869 0.0027894
1506 0.74566 0.519043 0.00303532
1507 0.74566 0.518229 0.00309779
1508 0.74566 0.513136 0.00299386
1509 0.74566 0.514747 0.00278003
1510 0.74566 0.513306 0.00276651
1511 0.74566 0.514905 0.00291985
1512 0.74566 0.512905 0.00282157
1513 0.74566 0.51285 0.00286756
1514 0.74566 0.51493 0.00271336
1515 0.74566 0.512072 0.00257375
1516 0.74566 0.514875 0.00291964
1517 0.74566 0.513998 0.00299163
1518 0.74566 0.513392 0.00276877
1519 0.74566 0.51336 0.0027531
1520 0.74566 0.514731 0.00303557
1521 0.74566 0.515713 0.00341859
1522 0.74566 0.510266 0.00300514
1523 0.74566 0.511718 0.00300102
1524 0.74566 0.515688 0.00316768
1525 0.74566 0.520718 0.00308683
1526 0.74566 0.517152 0.00283633
1527 0.74566 0.515816 0.00318194
1528 0.74566 0.516194 0.00286631
1529 0.74566 0.51336 0.00305297
1530 0.74566 0.512889 0.00325784
1531 0.74566 0.518852 0.0033623
1532 0.74566 0.517282 0.00288345
1533 0.74566 0.518655 0.0035781
1534 0.74566 0.512586 0.00322722
1535 0.74566 0.510803 0.00304236
1536 0.74566 0.516917 0.0030118
1537 0.74566 0.51509 0.00308192
1538 0.74566 0.510729 0.00330435
1539 0.74566 0.513781 0.00302312
1540 0.74566 0.515939 0.00290425
1541 0.74566 0.514838 0.00311122
1542 0.74566 0.513738 0.00319133
1543 0.74566 0.513772 0.0031147
1544 0.74566 0.511026 0.00297781
1545 0.74566 0.511584 0.00310074
1546 0.74566 0.511101 0.00295295
1547 0.74566 0.512897 0.00301482
1548 0.74566 0.521918 0.00396023
1549 0.74566 0.512452 0.00326765
1550 0.74566 0.516716 0.00285593
1551 0.74566 0.514233 0.00327848
1552 0.74566 0.519288 0.00280986
1553 0.74566 0.509698 0.00292142
1554 0.74566 0.511858 0.00309527
1555 0.74566 0.516506 0.00304674
1556 0.74566 0.515247 0.00383736
1557 0.74566 0.513115 0.00310425
1558 0.74566 0.510066 0.00321879
1559 0.74566 0.511077 0.00302026
1560 0.74566 0.516753 0.00299558
1561 0.74566 0.510002 0.00330432
1562 0.74566 0.519938 0.00282078
1563 0.74566 0.516291 0.00318397
1564 0.74566 0.510709 0.00388981
1565 0.74566 0.515465 0.00333691
1566 0.74566 0.519278 0.00334841
1567 0.74566 0.513957 0.00307814
1568 0.74566 0.507456 0.00366474
1569 0.74566 0.511965 0.00367156
1570 0.74566 0.516352 0.00361664
1571 0.74566 0.520011 0.0031287
1572 0.74566 0.520124 0.0034813
1573 0.74566 0.516414 0.00327578
1574 0.74566 0.51217 0.00356129
1575 0.74566 0.512097 0.00386616
1576 0.74566 0.522713 0.0038941
1577 0.74566 0.519951 0.00368744
1578 0.74566 0.514942 0.00360503
1579 0.74566 0.510098 0.00359543
1580 0.74566 0.512295 0.00397184
1581 0.74566 0.516345 0.00339866
1582 0.74566 0.512586 0.00338728
1583 0.74566 0.516852 0.00323193
1584 0.74566 0.514251 0.00324917
1585 0.74566 0.52063 0.00414185
1586 0.74566 0.516066 0.00333251
1587 0.74566 0.512184 0.00317848
1588 0.74566 0.521162 0.00320277
1589 0.74566 0.519222 0.00319863
1590 0.74566 0.514589 0.00302907
1591 0.74566 0.51587 0.00378095
1592 0.74566 0.5216 0.00342902
1593 0.74566 0.522716 0.00295331
1594 0.74566 0.520067 0.00298257
1595 0.74566 0.521148 0.0031101
1596 0.74566 0.523809 0.00309076
1597 0.74566 0.51955 0.00332481
1598 0.74566 0.519339 0.00381276
1599 0.74566 0.518281 0.00367
1600 0.74566 0.522714 0.00339058
1601 0.74566 0.522054 0.00324133
1602 0.74566 0.517358 0.00338588
1603 0.74566 0.521346 0.00316363
1604 0.74566 0.519516 0.00346082
1605 0.74566 0.516009 0.00297878
1606 0.74566 0.522389 0.00304091
1607 0.74566 0.512857 0.0034169
1608 0.74566 0.519712 0.00331741
1609 0.74566 0.515055 0.00290993
1610 0.74566 0.512167 0.00306054
1611 0.74566 0.51605 0.0033369
1612 0.74566 0.521808 0.0030131
1613 0.74566 0.517462 0.00321627
1614 0.74566 0.510365 0.00355176
1615 0.74566 0.519534 0.0034546
1616 0.74566 0.516383 0.00300358
1617 0.74566 0.517525 0.00314133
1618 0.74566 0.513532 0.003153
1619 0.74566 0.512221 0.00373191
1620 0.74566 0.512228 0.00288147
1621 0.74566 0.511993 0.00303024
1622 0.74566 0.512561 0.00316604
1623 0.74566 0.5139 0.00320411
1624 0.74566 0.515568 0.00356186
1625 0.74566 0.515071 0.00331452
1626 0.74566 0.509623 0.00318671
1627 0.74566 0.516158 0.00336323
1628 0.74566 0.516063 0.00344292
1629 0.74566 0.516888 0.00327666
1630 0.74566 0.516453 0.00353769
1631 0.74566 0.513434 0.00332116
1632 0.74566 0.514372 0.00339691
1633 0.74566 0.51383 0.00343436
1634 0.74566 0.516128 0.00346984
1635 0.74566 0.513095 0.00336346
1636 0.74566 0.514432 0.00323926
1637 0.74566 0.514819 0.00292582
1638 0.74566 0.517935 0.00314784
1639 0.74566 0.516548 0.00324572
1640 0.74566 0.515152 0.00334411
1641 0.74566 0.508204 0.003311
1642 0.74566 0.516609 0.00314898
1643 0.74566 0.513863 0.00393049
1644 0.74566 0.520755 0.00310147
1645 0.74566 0.519685 0.00325536
1646 0.74566 0.516371 0.00342404
1647 0.74566 0.51851 0.00373052
1648 0.74566 0.513444 0.00326893
1649 0.74566 0.516097 0.00350755
1650 0.74566 0.517079 0.00330411
1651 0.74566 0.515802 0.0033353
1652 0.74566 0.515118 0.00369948
1653 0.74566 0.510998 0.00296073
1654 0.74566 0.514745 0.00313162
1655 0.74566 0.514088 0.0029737
1656 0.74566 0.520497 0.00363184
1657 0.74566 0.514682 0.00337259
1658 0.74566 0.511726 0.00314086
1659 0.74566 0.511599 0.00325574
1660 0.74566 0.514547 0.00311754
1661 0.74566 0.51598 0.00348738
1662 0.74566 0.518235 0.00277849
1663 0.74566 0.513774 0.00319316
1664 0.74566 0.515638 0.003284
1665 0.74566 0.513866 0.00320686
1666 0.74566 0.513884 0.00333611
1667 0.74566 0.51318 0.00322434
1668 0.74566 0.510985 0.00319734
1669 0.74566 0.514014 0.00301219
1670 0.74566 0.511739 0.00324434
1671 0.74566 0.509683 0.00355672
1672 0.74566 0.513144 0.00317705
1673 0.74566 0.514658 0.00318133
1674 0.74566 0.51511 0.00308241
1675 0.74566 0.511956 0.0034482
1676 0.74566 0.511844 0.00290209
1677 0.74566 0.509968 0.00306193
1678 0.74566 0.50957 0.00323137
1679 0.74566 0.513491 0.00354045
1680 0.74566 0.512251 0.00299186
1681 0.74566 0.512721 0.00324622
1682 0.74566 0.514773 0.00342757
1683 0.74566 0.513195 0.00303622
1684 0.74566 0.510847 0.00314983
1685 0.74566 0.511835 0.00333816
1686 0.74566 0.512773 0.00306875
1687 0.74566 0.511147 0.0033798
1688 0.74566 0.513199 0.00318759
1689 0.74566 0.51076 0.00335696
1690 0.74566 0.512381 0.00334375
1691 0.74566 0.512272 0.00340545
1692 0.74566 0.515504 0.00323894
1693 0.74566 0.517823 0.00333207
1694 0.74566 0.514727 0.0028462
1695 0.74566 0.513179 0.00316732
1696 0.74566 0.51601 0.0030719
1697 0.74566 0.511103 0.00303273
1698 0.74566 0.514583 0.00339306
1699 0.74566 0.511206 0.00356298
1700 0.74566 0.515481 0.00347845
1701 0.74566 0.515928 0.00335288
1702 0.74566 0.516764 0.00335641
1703 0.74566 0.5181 0.00330097
1704 0.74566 0.510871 0.00370421
1705 0.74566 0.519391 0.00407145
1706 0.74566 0.517141 0.00359081
1707 0.74566 0.518305 0.00300779
1708 0.74566 0.519515 0.00296341
1709 0.74566 0.513941 0.00339893
1710 0.74566 0.514715 0.00329125
1711 0.74566 0.509514 0.00305933
1712 0.74566 0.514271 0.00347103
1713 0.74566 0.511458 0.00308343
1714 0.74566 0.52316 0.00393511
1715 0.74566 0.519055 0.00366357
1716 0.74566 0.509212 0.00315518
1717 0.74566 0.517697 0.0036272
1718 0.74566 0.514198 0.00350903
1719 0.74566 0.513602 0.00326192
1720 0.74566 0.516081 0.00332244
1721 0.74566 0.516197 0.00330076
1722 0.74566 0.514121 0.00326752
1723 0.74566 0.518895 0.00324265
1724 0.74566 0.5153 0.00333599
1725 0.74566 0.515194 0.00314372
1726 0.74566 0.519362 0.00317512
1727 0.74566 0.520273 0.0037095
1728 0.74566 0.517467 0.00345198
1729 0.74566 0.511778 0.00362022
1730 0.74566 0.515066 0.00408807
1731 0.74566 0.516722 0.00369408
1732 0.74566 0.511439 0.00337931
1733 0.74566 0.513638 0.00367878
1734 0.74566 0.509716 0.00329256
1735 0.74566 0.524716 0.00351831
1736 0.74566 0.523912 0.00372565
1737 0.74566 0.51868 0.00342006
1738 0.74566 0.520131 0.003642
1739 0.74566 0.52007 0.00364648
1740 0.74566 0.518926 0.00342262
1741 0.74566 0.515506 0.00321129
1742 0.74566 0.517166 0.00311715
1743 0.74566 0.521501 0.00347294
1744 0.74566 0.51774 0.0034534
1745 0.74566 0.516139 0.00312302
1746 0.74566 0.514265 0.00399535
1747 0.74566 0.518117 0.00340125
1748 0.74566 0.515328 0.00358692
1749 0.74566 0.515737 0.00369723
1750 0.74566 0.517538 0.00352429
1751 0.74566 0.519417 0.00354479
1752 0.74566 0.514745 0.00305907
1753 0.74566 0.508353 0.0031125
1754 0.74566 0.516379 0.00338712
1755 0.74566 0.517418 0.00328315
1756 0.74566 0.510209 0.00387816
1757 0.74566 0.51074 0.0033701
1758 0.74566 0.515519 0.00339425
1759 0.74566 0.511937 0.00375674
1760 0.74566 0.509242 0.00307346
1761 0.74566 0.512965 0.00343972
1762 0.74566 0.513983 0.00337627
1763 0.74566 0.516719 0.00353116
1764 0.74566 0.513957 0.00308891
1765 0.74566 0.513898 0.00301298
1766 0.74566 0.516043 0.00323345
1767 0.74566 0.517674 0.0031824
1768 0.74566 0.514683 0.00341988
1769 0.74566 0.515708 0.00281088
1770 0.74566 0.515158 0.00306812
1771 0.74566 0.513059 0.00326365
1772 0.74566 0.517092 0.00299103
1773 0.74566 0.514666 0.00328456
1774 0.74566 0.510399 0.00297137
1775 0.74566 0.509426 0.00322421
1776 0.74566 0.513576 0.00292243
1777 0.74566 0.513348 0.002872
1778 0.74566 0.512676 0.00307427
1779 0.74566 0.514808 0.00279129
1780 0.74566 0.518064 0.00303469
1781 0.74566 0.513164 0.00324335
1782 0.74566 0.514541 0.00308145
1783 0.74566 0.514223 0.0035109
1784 0.74566 0.512814 0.00359393
1785 0.74566 0.517999 0.00341524
1786 0.74566 0.516123 0.003144
1787 0.74566 0.518734 0.003084
1788 0.74566 0.51411 0.00313847
1789 0.74566 0.513332 0.0028579
1790 0.74566 0.514068 0.00268682
1791 0.74566 0.517173 0.00312677
1792 0.74566 0.51116 0.00304296
1793 0.74566 0.516019 0.00298281
1794 0.74566 0.515098 0.0034137
1795 0.74566 0.510444 0.00287652
1796 0.74566 0.512121 0.00294352
1797 0.74566 0.514217 0.00285932
1798 0.74566 0.519308 0.00313666
1799 0.74566 0.517933 0.00389544
1800 0.74566 0.513241 0.003236
1801 0.74566 0.510821 0.00351339
1802 0.74566 0.512129 0.00298112
1803 0.74566 0.519258 0.00352354
1804 0.74566 0.515259 0.00334851
1805 0.74566 0.509851 0.00301273
1806 0.74566 0.513922 0.00289437
1807 0.74566 0.516036 0.00342402
1808 0.74566 0.517565 0.00315248
1809 0.74566 0.519928 0.00306343
1810 0.74566 0.517922 0.00298012
1811 0.74566 0.515732 0.00297889
1812 0.74566 0.512142 0.00337247
1813 0.74566 0.507361 0.0033032
1814 0.74566 0.514842 0.00313516
1815 0.74566 0.51329 0.00309982
1816 0.74566 0.510838 0.0029929
1817 0.74566 0.510367 0.00295207
1818 0.74566 0.51726 0.00293554
1819 0.74566 0.520452 0.00266582
1820 0.74566 0.51762 0.00309409
1821 0.74566 0.515105 0.00323872
1822 0.74566 0.518269 0.00299223
1823 0.74566 0.520312 0.0030104
1824 0.74566 0.51298 0.00316526
1825 0.74566 0.515989 0.00315313
1826 0.74566 0.51563 0.00371463
1827 0.74566 0.514952 0.00304901
1828 0.74566 0.511044 0.00299588
1829 0.74566 0.51528 0.00364866
1830 0.74566 0.515991 0.00326914
1831 0.74566 0.517415 0.00343518
1832 0.74566 0.516685 0.00352547
1833 0.74566 0.514813 0.00294172
1834 0.74566 0.515194 0.00347225
1835 0.74566 0.517031 0.00334976
1836 0.74566 0.517887 0.00290135
1837 0.74566 0.515333 0.00302555
1838 0.74566 0.517625 0.00283135
1839 0.74566 0.514536 0.00291791
1840 0.74566 0.516417 0.0027857
1841 0.74566 0.513858 0.00273925
1842 0.74566 0.518089 0.00331433
1843 0.74566 0.519372 0.00330385
1844 0.74566 0.515164 0.00300201
1845 0.74566 0.512111 0.00305714
1846 0.74566 0.516902 0.00343933
1847 0.74566 0.508564 0.00319417
1848 0.74566 0.511003 0.00285266
1849 0.74566 0.516152 0.00297686
1850 0.74566 0.518577 0.00307638
1851 0.74566 0.5183 0.00309247
1852 0.74566 0.516816 0.00373357
1853 0.74566 0.514108 0.00336702
1854 0.74566 0.515724 0.00298306
1855 0.74566 0.513666 0.00306385
1856 0.74566 0.516501 0.00337524
1857 0.74566 0.514366 0.00285636
1858 0.74566 0.515863 0.00313086
1859 0.74566 0.515462 0.00288313
1860 0.74566 0.513519 0.00328113
1861 0.74566 0.514094 0.00295785
1862 0.74566 0.510171 0.00282156
1863 0.74566 0.517043 0.00282771
1864 0.74566 0.511161 0.00285594
1865 0.74566 0.514229 0.00292917
1866 0.74566 0.51089 0.00351588
1867 0.74566 0.517678 0.00318716
1868 0.74566 0.511607 0.00312369
1869 0.74566 0.514006 0.00318281
1870 0.74566 0.508025 0.00313439
1871 0.74566 0.511527 0.00317827
1872 0.74566 0.51728 0.00296434
1873 0.74566 0.521072 0.00337545
1874 0.74566 0.513073 0.00292906
1875 0.74566 0.519714 0.00346966
1876 0.74566 0.517581 0.00317021
1877 0.74566 0.515353 0.00320184
1878 0.74566 0.513524 0.00316777
1879 0.74566 0.515239 0.00317665
1880 0.74566 0.512804 0.00326384
1881 0.74566 0.513684 0.00360305
1882 0.74566 0.514123 0.0032634
1883 0.74566 0.51445 0.00326716
1884 0.74566 0.515128 0.00323227
1885 0.74566 0.516759 0.00377292
1886 0.74566 0.513519 0.0030905
1887 0.74566 0.515879 0.00345362
1888 0.74566 0.51552 0.00317054
1889 0.74566 0.522944 0.00371829
1890 0.74566 0.516807 0.00333383
1891 0.74566 0.519218 0.00357899
1892 0.74566 0.519752 0.00380603
1893 0.74566 0.521278 0.00363771
1894 0.74566 0.518715 0.00338983
1895 0.74566 0.511994 0.00308106
1896 0.74566 0.511383 0.00349936
1897 0.74566 0.507449 0.00366165
1898 0.74566 0.517878 0.00325478
1899 0.74566 0.519319 0.00296009
1900 0.74566 0.518875 0.00316917
1901 0.74566 0.520039 0.00389054
1902 0.74566 0.515957 0.00301574
1903 0.74566 0.516082 0.00329385
1904 0.74566 0.509736 0.00307075
1905 0.74566 0.517932 0.00314323
1906 0.74566 0.515279 0.0034623
1907 0.74566 0.514643 0.00324781
1908 0.74566 0.514771 0.00321649
1909 0.74566 0.518194 0.00350625
1910 0.74566 0.514305 0.00334746
1911 0.74566 0.517757 0.00318565
1912 0.74566 0.511712 0.00330929
1913 0.74566 0.513639 0.00318949
1914 0.74566 0.51349 0.00319192
1915 0.74566 0.5112 0.00307048
1916 0.74566 0.508757 0.00317541
1917 0.74566 0.512834 0.00307397
1918 0.74566 0.515147 0.00323221
1919 0.74566 0.513095 0.00324515
1920 0.74566 0.512702 0.00325631
1921 0.74566 0.517845 0.00317232
1922 0.74566 0.518337 0.00409732
1923 0.74566 0.512835 0.00291529
1924 0.74566 0.512793 0.00344641
1925 0.74566 0.510542 0.00333252
1926 0.74566 0.516336 0.00294443
1927 0.74566 0.517033 0.00308279
1928 0.74566 0.518268 0.00335539
1929 0.74566 0.516972 0.00329564
1930 0.74566 0.514871 0.00348107
1931 0.74566 0.519932 0.00343154
1932 0.74566 0.51268 0.00322008
1933 0.74566 0.516491 0.00311382
1934 0.74566 0.515514 0.00329621
1935 0.74566 0.51157 0.00306512
1936 0.74566 0.516932 0.00345681
1937 0.74566 0.516746 0.00332035
1938 0.74566 0.519126 0.00313595
1939 0.74566 0.508514 0.00306861
1940 0.74566 0.51717 0.00274816
1941 0.74566 0.520259 0.003058
1942 0.74566 0.51366 0.00291591
1943 0.74566 0.514034 0.00323041
1944 0.74566 0.523131 0.0033493
1945 0.74566 0.519195 0.00323463
1946 0.74566 0.517247 0.00309312
1947 0.74566 0.515011 0.00341941
1948 0.74566 0.518535 0.00351494
1949 0.74566 0.519084 0.00356001
1950 0.74566 0.510778 0.00324956
1951 0.74566 0.516874 0.0029388
1952 0.74566 0.512559 0.00317548
1953 0.74566 0.513277 0.0033374
1954 0.74566 0.512235 0.00307704
1955 0.74566 0.517453 0.00309384
1956 0.74566 0.513207 0.00314236
1957 0.74566 0.517486 0.00340148
1958 0.74566 0.522819 0.00305616
1959 0.74566 0.517693 0.00358134
1960 0.74566 0.518451 0.0029358
1961 0.74566 0.518335 0.00356444
1962 0.74566 0.520021 0.00351886
1963 0.74566 0.512801 0.00383883
1964 0.74566 0.515037 0.00371795
1965 0.74566 0.512921 0.0033419
1966 0.74566 0.524185 0.00329772
1967 0.74566 0.514528 0.00303211
1968 0.74566 0.518246 0.00303553
1969 0.74566 0.517445 0.00303783
1970 0.74566 0.520322 0.00317568
1971 0.74566 0.515563 0.00293632
1972 0.74566 0.527837 0.00391361
1973 0.74566 0.523746 0.00300862
1974 0.74566 0.520585 0.00368353
1975 0.74566 0.515863 0.00332702
1976 0.74566 0.512751 0.00323555
1977 0.74566 0.512987 0.00308867
1978 0.74566 0.516874 0.00311764
1979 0.74566 0.517728 0.00330949
1980 0.74566 0.516593 0.00296961
1981 0.74566 0.516127 0.00328149
1982 0.74566 0.521313 0.00351492
1983 0.74566 0.517964 0.00312565
1984 0.74566 0.514938 0.00364583
1985 0.74566 0.515898 0.00352894
1986 0.74566 0.516664 0.00308234
1987 0.74566 0.509948 0.00298131
1988 0.74566 0.511784 0.00311684
1989 0.74566 0.514144 0.00308433
1990 0.74566 0.516722 0.00317714
1991 0.74566 0.514419 0.00369585
1992 0.74566 0.513642 0.00371384
1993 0.74566 0.512318 0.00376515
1994 0.74566 0.51772 0.00315127
1995 0.74566 0.51696 0.00339839
1996 0.74566 0.516064 0.00312183
1997 0.74566 0.516447 0.00298896
1998 0.74566 0.516129 0.00299443
1999 0.74566 0.516491 0.00322418
2000 0.74566 0.518094 0.00334741
