4
1
-54.4771
7.56425
0
-56.3795
2.35811
0
-55.9347
5.89708
0
-60.066
5.4159
0
0.0592603
0.237035
1
1.14864
0.533063
0.270777
0.253961
1.78498
1.08562
0.103503
0.275121
0.456346
1.55519
0.854226
1.88895
1.18603
1.68041
1.40836
1.96715
0.0956969
0.338776
1.91794
1.01601
1.46416
0.516486
1.06084
1.51323
1.86455
0.514683
0.892469
0.335623
1.69244
1.50913
1.46931
0.705596
1.67726
0.216574
1.43789
0.447942
0.374974
0.103326
1.7819
0.15339
0.906215
1.90291
0
0.506534
1.77465
0.0609296
1.63295
0.974304
1.99759
0.116664
1.33364
1.45097
0.539564
1.82609
0.100325
1.83631
1.63583
1.40355
0.9617
0.928058
1.01856
0.959107
1.22627
1.67321
1.99632
1.60981
0.685614
1.68764
1.90148
0.115635
1.68101
0.1938
0.225704
0.165252
1.68051
