4
1
-58.5514
6.95667
0
-60.6285
5.39444
0
0.108937
0.235336
1
-51.6277
5.94957
0
-50.7726
3.36858
0
0.0635595
0.270512
0.496691
1.4758
0.269393
0.650823
1.31501
1.57495
0.639692
1.67396
1.03484
0
1.43574
1.3678
1.60754
1.38519
1.44793
0.683143
1.19411
0.262427
1.03872
0.612275
1.6355
1.12192
0.95023
0.711651
0.50195
0.317159
0.546446
0.193308
1.60176
0.161777
1.20266
0.50929
1.5211
1.31373
1.62079
1.06738
0.664825
0.72969
0.696804
1.62714
1.94405
1.00068
1.44856
1.63514
1.08154
1.37953
1.72676
1.33633
0.208471
0.479288
1.84541
1.82519
1.15611
1.06601
0.811788
1.11618
1.22039
0.805072
1.54658
1.96789
1.35467
0.972649
1.95875
1.17101
0.974223
0.786218
1.00677
0.89521
0.207971
0.508086
0.114292
1.24898
0.358964
1.84924
0.707459
1124.62
220
